ELO:685
CE_PASSEDPAWNS:0.3963874811890857
CE_PAWNWEAKNESSES:0.5618390204544758
CE_PIECEACTIVITY:0.4765693577478447
CE_KINGPAWNSHIELD:0.6379723792271819
CE_PIECECOORDINATION:0.3822172526031637
CE_MATERIAL:0.4249107128424248
CE_KINGSAFETY:0.5054332211314144
C_PIECESQUARETABLES:0.5131153468449504
C_MOBILITY:0.5915235223997877
C_KINGSAFETY:0.5510717163209299
C_PAWNSTRUCTURE:0.5762382517449124
C_PIECECOORDINATION:0.5148713907962289
C_ROOKANDPAWNMOVEMENT:0.5148713907962289
C_CENTERCONTROL:0.49730800920134166
C_DEVELOPPIECES:0.4765762993004713
C_MATERIAL:0.5225381722842701
C_MOVECOUNT:0.4804448125056439
