ELO:947
CE_PASSEDPAWNS:0.4847794942610173
CE_PAWNWEAKNESSES:0.48161187165269115
CE_PIECEACTIVITY:0.4746964242977219
CE_KINGPAWNSHIELD:0.5564104923638213
CE_PIECECOORDINATION:0.42735681442551027
CE_MATERIAL:0.5298740470500534
CE_KINGSAFETY:0.43805118077306865
C_PIECESQUARETABLES:0.47013898269937765
C_MOBILITY:0.5027990755968389
C_KINGSAFETY:0.4590721942319389
C_PAWNSTRUCTURE:0.4955001640286015
C_PIECECOORDINATION:0.5211752565308387
C_ROOKANDPAWNMOVEMENT:0.5211752565308387
C_CENTERCONTROL:0.5826461718758439
C_DEVELOPPIECES:0.5836289938075512
C_MATERIAL:0.4714388949242282
