ELO:904
CE_PASSEDPAWNS:0.3277712066607129
CE_PAWNWEAKNESSES:0.5179586199037945
CE_PIECEACTIVITY:0.5061154951921286
CE_KINGPAWNSHIELD:0.49478419898870174
CE_PIECECOORDINATION:0.45907222466046327
CE_MATERIAL:0.4258815777613012
CE_KINGSAFETY:0.4797728202038667
C_PIECESQUARETABLES:0.49047762772673204
C_MOBILITY:0.32020203958763543
C_KINGSAFETY:0.5617299975230068
C_PAWNSTRUCTURE:0.5155694518568134
C_PIECECOORDINATION:0.5506688027654068
C_ROOKANDPAWNMOVEMENT:0.5506688027654068
C_CENTERCONTROL:0.556517670359193
C_DEVELOPPIECES:0.44609530334285075
C_MATERIAL:0.502451094520649
