ELO:1009
CE_PASSEDPAWNS:0.46742027810508396
CE_PAWNWEAKNESSES:0.5158390618462312
CE_PIECEACTIVITY:0.4317336431118053
CE_KINGPAWNSHIELD:0.4888563385977738
CE_PIECECOORDINATION:0.47931771617977503
CE_MATERIAL:0.4608358615882409
CE_KINGSAFETY:0.49457678478149547
C_PIECESQUARETABLES:0.5015133942701768
C_MOBILITY:0.5651920970035451
C_KINGSAFETY:0.5674916435967385
C_PAWNSTRUCTURE:0.5116441811153288
C_PIECECOORDINATION:0.582228076298966
C_ROOKANDPAWNMOVEMENT:0.582228076298966
C_CENTERCONTROL:0.510641545781173
C_DEVELOPPIECES:0.43030565155485356
C_MATERIAL:0.45686719630119643
