ELO:951
CE_PASSEDPAWNS:0.3928196604140137
CE_PAWNWEAKNESSES:0.5760566756074984
CE_PIECEACTIVITY:0.5242130371714487
CE_KINGPAWNSHIELD:0.5044715708832901
CE_PIECECOORDINATION:0.5757357546513084
CE_MATERIAL:0.47462912755102915
CE_KINGSAFETY:0.5229118396981404
C_PIECESQUARETABLES:0.45346245046809425
C_MOBILITY:0.5174443943793475
C_KINGSAFETY:0.48761062156174695
C_PAWNSTRUCTURE:0.525466492438734
C_PIECECOORDINATION:0.482575227988701
C_ROOKANDPAWNMOVEMENT:0.482575227988701
C_CENTERCONTROL:0.5313068526543894
C_DEVELOPPIECES:0.44772042702629716
C_MATERIAL:0.49082263338425886
