ELO:918
CE_PASSEDPAWNS:0.501807953361341
CE_PAWNWEAKNESSES:0.502725740129746
CE_PIECEACTIVITY:0.4795383070697563
CE_KINGPAWNSHIELD:0.5244439153731583
CE_PIECECOORDINATION:0.3928758846482097
CE_MATERIAL:0.5271899450392145
CE_KINGSAFETY:0.48470768258443653
C_PIECESQUARETABLES:0.48293064050091294
C_MOBILITY:0.49596356072911957
C_KINGSAFETY:0.48660997007815215
C_PAWNSTRUCTURE:0.4579756970892038
C_PIECECOORDINATION:0.4597611958230708
C_ROOKANDPAWNMOVEMENT:0.4597611958230708
C_CENTERCONTROL:0.5290941032785179
C_DEVELOPPIECES:0.5717589555328119
C_MATERIAL:0.48623276925501324
