ELO:1000
CE_PASSEDPAWNS:0.5472321440112395
CE_PAWNWEAKNESSES:0.48072119486887854
CE_PIECEACTIVITY:0.45808268792043166
CE_KINGPAWNSHIELD:0.4806190746045936
CE_PIECECOORDINATION:0.4681461078879551
CE_MATERIAL:0.5186698016414655
CE_KINGSAFETY:0.5696339006714408
C_PIECESQUARETABLES:0.5133391005083258
C_MOBILITY:0.4969949091011557
C_KINGSAFETY:0.4301090994406741
C_PAWNSTRUCTURE:0.5008614961304441
C_PIECECOORDINATION:0.49585115390348866
C_ROOKANDPAWNMOVEMENT:0.49585115390348866
C_CENTERCONTROL:0.5011635191998405
C_DEVELOPPIECES:0.5257933440363064
C_MATERIAL:0.4575243344952784
