ELO:998
CE_PASSEDPAWNS:0.6241596395949536
CE_PAWNWEAKNESSES:0.4997940207925087
CE_PIECEACTIVITY:0.49077845749682775
CE_KINGPAWNSHIELD:0.4898425889219611
CE_PIECECOORDINATION:0.4634541590836223
CE_MATERIAL:0.4813707192392775
CE_KINGSAFETY:0.4864470975849298
C_PIECESQUARETABLES:0.4742212364072743
C_MOBILITY:0.43655180310599895
C_KINGSAFETY:0.49673161182870207
C_PAWNSTRUCTURE:0.3843569758650259
C_PIECECOORDINATION:0.47766474245965995
C_ROOKANDPAWNMOVEMENT:0.47766474245965995
C_CENTERCONTROL:0.5171314631686521
C_DEVELOPPIECES:0.6076164529640743
C_MATERIAL:0.430344594846348
