ELO:1006
CE_PASSEDPAWNS:0.494462859308347
CE_PAWNWEAKNESSES:0.48783886298056217
CE_PIECEACTIVITY:0.5006703902958213
CE_KINGPAWNSHIELD:0.5
CE_PIECECOORDINATION:0.5
CE_MATERIAL:0.5010533192718089
CE_KINGSAFETY:0.5051259561292168
C_PIECESQUARETABLES:0.5073811545262265
C_MOBILITY:0.5059981115936417
C_KINGSAFETY:0.5
C_PAWNSTRUCTURE:0.4958419960203341
C_PIECECOORDINATION:0.49247757552831745
C_ROOKANDPAWNMOVEMENT:0.49247757552831745
C_CENTERCONTROL:0.5
C_DEVELOPPIECES:0.48891034201532596
C_MATERIAL:0.5
