ELO:988
CE_PASSEDPAWNS:0.5099538824484109
CE_PAWNWEAKNESSES:0.5012364772562314
CE_PIECEACTIVITY:0.4856238290748543
CE_KINGPAWNSHIELD:0.5034414936162734
CE_PIECECOORDINATION:0.5
CE_MATERIAL:0.5
CE_KINGSAFETY:0.5
C_PIECESQUARETABLES:0.5
C_MOBILITY:0.4964521848701982
C_KINGSAFETY:0.49752836746642
C_PAWNSTRUCTURE:0.5050425961592351
C_PIECECOORDINATION:0.48703714573738904
C_ROOKANDPAWNMOVEMENT:0.48703714573738904
C_CENTERCONTROL:0.5140763619337607
C_DEVELOPPIECES:0.5
C_MATERIAL:0.5122700782911815
C_MOVECOUNT:0.5013725050161331
