ELO:975
CE_PASSEDPAWNS:0.5712884647375076
CE_PAWNWEAKNESSES:0.48778245298129014
CE_PIECEACTIVITY:0.44057440916630153
CE_KINGPAWNSHIELD:0.494173431632708
CE_PIECECOORDINATION:0.4820242620064926
CE_MATERIAL:0.5137257393322293
CE_KINGSAFETY:0.5053864463862724
C_PIECESQUARETABLES:0.4798990537615976
C_MOBILITY:0.4842401293606971
C_KINGSAFETY:0.4413903414317635
C_PAWNSTRUCTURE:0.49816683681808327
C_PIECECOORDINATION:0.4927025491160772
C_ROOKANDPAWNMOVEMENT:0.4927025491160772
C_CENTERCONTROL:0.4993218586209256
C_DEVELOPPIECES:0.5523723693251381
C_MATERIAL:0.4727656762461617
