ELO:936
CE_PASSEDPAWNS:0.4950878984902429
CE_PAWNWEAKNESSES:0.49076809306918195
CE_PIECEACTIVITY:0.47413625312331875
CE_KINGPAWNSHIELD:0.5124750989643496
CE_PIECECOORDINATION:0.41047301308847906
CE_MATERIAL:0.527620645556427
CE_KINGSAFETY:0.48678836388452096
C_PIECESQUARETABLES:0.5180337813636132
C_MOBILITY:0.5005875951269133
C_KINGSAFETY:0.4674178994066432
C_PAWNSTRUCTURE:0.480337691239613
C_PIECECOORDINATION:0.4891797151351859
C_ROOKANDPAWNMOVEMENT:0.4891797151351859
C_CENTERCONTROL:0.5706433010532739
C_DEVELOPPIECES:0.5581795320430467
C_MATERIAL:0.45661205748452954
