ELO:860
CE_PASSEDPAWNS:0.5350170025813146
CE_PAWNWEAKNESSES:0.5847508150343653
CE_PIECEACTIVITY:0.5780556095672216
CE_KINGPAWNSHIELD:0.4821857687800675
CE_PIECECOORDINATION:0.5584359884465372
CE_MATERIAL:0.37962260985253016
CE_KINGSAFETY:0.4813310765156106
C_PIECESQUARETABLES:0.5
C_MOBILITY:0.4306364176453507
C_KINGSAFETY:0.5683759443430323
C_PAWNSTRUCTURE:0.5905118596433249
C_PIECECOORDINATION:0.38904675277549
C_ROOKANDPAWNMOVEMENT:0.38904675277549
C_CENTERCONTROL:0.516605478786996
C_DEVELOPPIECES:0.5782800290174832
C_MATERIAL:0.5464592057019484
