ELO:844
CE_PASSEDPAWNS:0.48375315608688657
CE_PAWNWEAKNESSES:0.4571070050375915
CE_PIECEACTIVITY:0.5049176994548682
CE_KINGPAWNSHIELD:0.5126215629253835
CE_PIECECOORDINATION:0.46717070821592377
CE_MATERIAL:0.5284157320268607
CE_KINGSAFETY:0.38553271460707306
C_PIECESQUARETABLES:0.43539533886781273
C_MOBILITY:0.5456295376620841
C_KINGSAFETY:0.4656877254981375
C_PAWNSTRUCTURE:0.5414278442096879
C_PIECECOORDINATION:0.5599502646891278
C_ROOKANDPAWNMOVEMENT:0.5599502646891278
C_CENTERCONTROL:0.5220362393204875
C_DEVELOPPIECES:0.561249579028966
C_MATERIAL:0.4805674822398463
C_MOVECOUNT:0.5
