ELO:1025
CE_PASSEDPAWNS:0.5
CE_PAWNWEAKNESSES:0.5
CE_PIECEACTIVITY:0.47805892541928385
CE_KINGPAWNSHIELD:0.5
CE_PIECECOORDINATION:0.5
CE_MATERIAL:0.490887180708454
CE_KINGSAFETY:0.5
C_PIECESQUARETABLES:0.5
C_MOBILITY:0.509644346095683
C_KINGSAFETY:0.5011969068567659
C_PAWNSTRUCTURE:0.5061951641169354
C_PIECECOORDINATION:0.5
C_ROOKANDPAWNMOVEMENT:0.5
C_CENTERCONTROL:0.49678175527319596
C_DEVELOPPIECES:0.5
C_MATERIAL:0.4940965028679426
C_MOVECOUNT:0.5013725050161331
