ELO:970
CE_PASSEDPAWNS:0.42902940515735305
CE_PAWNWEAKNESSES:0.48196144828276477
CE_PIECEACTIVITY:0.5137660724210562
CE_KINGPAWNSHIELD:0.47821457424926306
CE_PIECECOORDINATION:0.46171680547102756
CE_MATERIAL:0.46801520301434385
CE_KINGSAFETY:0.4939779996113201
C_PIECESQUARETABLES:0.48844885980054603
C_MOBILITY:0.45720898232781443
C_KINGSAFETY:0.5296069651884935
C_PAWNSTRUCTURE:0.46110219752598675
C_PIECECOORDINATION:0.49424778848146406
C_ROOK:0.4678028319404812
CE_ROOK:0.47870706027472354
C_CENTERCONTROL:0.5025345339311305
C_DEVELOPPIECES:0.5080918249317253
C_MATERIAL:0.5304666076845737
C_MOVECOUNT:0.49681245244119915
C_PAWNMOVEMENT:0.49346494870990115
