ELO:753
CE_PASSEDPAWNS:0.4773652075051447
CE_PAWNWEAKNESSES:0.46634356421683415
CE_PIECEACTIVITY:0.551255714505036
CE_KINGPAWNSHIELD:0.541399705914162
CE_PIECECOORDINATION:0.4732674036509535
CE_MATERIAL:0.5041131036207945
CE_KINGSAFETY:0.38397661886426365
C_PIECESQUARETABLES:0.3936472208081526
C_MOBILITY:0.546803821874673
C_KINGSAFETY:0.48479102967560717
C_PAWNSTRUCTURE:0.5902299689738573
C_PIECECOORDINATION:0.5420945605708581
C_ROOKANDPAWNMOVEMENT:0.5420945605708581
C_CENTERCONTROL:0.465392018159194
C_DEVELOPPIECES:0.5417562913650882
C_MATERIAL:0.5094013861412013
C_MOVECOUNT:0.5
