ELO:1000
CE_PASSEDPAWNS:0.5050360072632665
CE_PAWNWEAKNESSES:0.5
CE_PIECEACTIVITY:0.4930683011514955
CE_KINGPAWNSHIELD:0.5005193600915715
CE_PIECECOORDINATION:0.49821887189061564
CE_MATERIAL:0.5
CE_KINGSAFETY:0.4947104512054032
C_PIECESQUARETABLES:0.5
C_MOBILITY:0.5
C_KINGSAFETY:0.5
C_PAWNSTRUCTURE:0.4975153856765357
C_PIECECOORDINATION:0.49530913642701707
C_ROOKANDPAWNMOVEMENT:0.49530913642701707
C_CENTERCONTROL:0.5
C_DEVELOPPIECES:0.5
C_MATERIAL:0.5
C_MOVECOUNT:0.5
