ELO:988
CE_PASSEDPAWNS:0.5172883444117684
CE_PAWNWEAKNESSES:0.49912879321827586
CE_PIECEACTIVITY:0.5158871604191864
CE_KINGPAWNSHIELD:0.38622021727115197
CE_PIECECOORDINATION:0.454366312231891
CE_MATERIAL:0.5626062803599847
CE_KINGSAFETY:0.5114655262972649
C_PIECESQUARETABLES:0.4975197865650912
C_MOBILITY:0.5135438194609532
C_KINGSAFETY:0.5067668209108859
C_PAWNSTRUCTURE:0.5006281247243053
C_PIECECOORDINATION:0.5366900996698735
C_ROOKANDPAWNMOVEMENT:0.5366900996698735
C_CENTERCONTROL:0.3979498209678628
C_DEVELOPPIECES:0.5067495606305472
C_MATERIAL:0.5859692747107864
