ELO:915
CE_PASSEDPAWNS:0.504585178032771
CE_PAWNWEAKNESSES:0.49467922767354855
CE_PIECEACTIVITY:0.4626446558308208
CE_KINGPAWNSHIELD:0.5233288024561826
CE_PIECECOORDINATION:0.4062343385547313
CE_MATERIAL:0.5303539147183247
CE_KINGSAFETY:0.4482847284186533
C_PIECESQUARETABLES:0.48683955670993523
C_MOBILITY:0.5019808436231484
C_KINGSAFETY:0.4904298779974205
C_PAWNSTRUCTURE:0.46560892902581275
C_PIECECOORDINATION:0.4623154002372339
C_ROOKANDPAWNMOVEMENT:0.4623154002372339
C_CENTERCONTROL:0.5267086721528031
C_DEVELOPPIECES:0.5843964111159163
C_MATERIAL:0.4738888930322998
