ELO:980
CE_PASSEDPAWNS:0.4723295418536756
CE_PAWNWEAKNESSES:0.534132252537963
CE_PIECEACTIVITY:0.4677118676434719
CE_KINGPAWNSHIELD:0.4891326951230839
CE_PIECECOORDINATION:0.46902115249204307
CE_MATERIAL:0.45817375197654375
CE_KINGSAFETY:0.5159196687276917
C_PIECESQUARETABLES:0.4797841903629697
C_MOBILITY:0.5549648055018191
C_KINGSAFETY:0.5691455217560579
C_PAWNSTRUCTURE:0.5284401223103045
C_PIECECOORDINATION:0.555419040491338
C_ROOKANDPAWNMOVEMENT:0.555419040491338
C_CENTERCONTROL:0.4933542878728125
C_DEVELOPPIECES:0.44855782140727624
C_MATERIAL:0.4154455452336683
