ELO:799
CE_PASSEDPAWNS:0.5190956546484653
CE_PAWNWEAKNESSES:0.601714816164009
CE_PIECEACTIVITY:0.5639761734877133
CE_KINGPAWNSHIELD:0.4804332014147423
CE_PIECECOORDINATION:0.562412139958322
CE_MATERIAL:0.36073561506597135
CE_KINGSAFETY:0.46051615469615376
C_PIECESQUARETABLES:0.5011745781336635
C_MOBILITY:0.44732715984615923
C_KINGSAFETY:0.5867393463132087
C_PAWNSTRUCTURE:0.557115352410725
C_PIECECOORDINATION:0.41207108011068877
C_ROOKANDPAWNMOVEMENT:0.41207108011068877
C_CENTERCONTROL:0.5333202981531007
C_DEVELOPPIECES:0.5915974609956276
C_MATERIAL:0.5391704204602613
