ELO:910
CE_PASSEDPAWNS:0.5503947092968047
CE_PAWNWEAKNESSES:0.5121417285314134
CE_PIECEACTIVITY:0.45095159763187714
CE_KINGPAWNSHIELD:0.5222711267830251
CE_PIECECOORDINATION:0.4087992780327393
CE_MATERIAL:0.5395538309002509
CE_KINGSAFETY:0.45931790541134326
C_PIECESQUARETABLES:0.49254058674437345
C_MOBILITY:0.5179892909276596
C_KINGSAFETY:0.4879956983377641
C_PAWNSTRUCTURE:0.4543921163286166
C_PIECECOORDINATION:0.462580088880827
C_ROOKANDPAWNMOVEMENT:0.462580088880827
C_CENTERCONTROL:0.5165431604590405
C_DEVELOPPIECES:0.5744763243628067
C_MATERIAL:0.46654077334611554
