ELO:970
CE_PASSEDPAWNS:0.5188040065931193
CE_PAWNWEAKNESSES:0.48680372253893184
CE_PIECEACTIVITY:0.5084524354021058
CE_KINGPAWNSHIELD:0.5
CE_PIECECOORDINATION:0.49816869423909904
CE_MATERIAL:0.4799596876806436
CE_KINGSAFETY:0.46876697013510005
C_PIECESQUARETABLES:0.5466889471066937
C_MOBILITY:0.4896643454832021
C_KINGSAFETY:0.46916444321512873
C_PAWNSTRUCTURE:0.48617821390771454
C_PIECECOORDINATION:0.5095012823811921
C_ROOK:0.5003355119421503
CE_ROOK:0.47478091526340144
C_CENTERCONTROL:0.4873522586196408
C_DEVELOPPIECES:0.5322694661986077
C_MATERIAL:0.4995250942276633
C_MOVECOUNT:0.48665978291204604
C_PAWNMOVEMENT:0.508350629345249
