ELO:683
CE_PASSEDPAWNS:0.39626958572716225
CE_PAWNWEAKNESSES:0.5700314367635394
CE_PIECEACTIVITY:0.5081589603768364
CE_KINGPAWNSHIELD:0.6330732016241134
CE_PIECECOORDINATION:0.41435272176895116
CE_MATERIAL:0.4003271417738307
CE_KINGSAFETY:0.5080153389130997
C_PIECESQUARETABLES:0.5388009732796335
C_MOBILITY:0.6188293926455422
C_KINGSAFETY:0.5534540272433635
C_PAWNSTRUCTURE:0.5982917086780799
C_PIECECOORDINATION:0.49991725135816034
C_ROOKANDPAWNMOVEMENT:0.49991725135816034
C_CENTERCONTROL:0.510779588974903
C_DEVELOPPIECES:0.4668813367906342
C_MATERIAL:0.5260866374548852
C_MOVECOUNT:0.46635856918381063
