ELO:1000
CE_PASSEDPAWNS:0.4780171852924712
CE_PAWNWEAKNESSES:0.4801928681161377
CE_PIECEACTIVITY:0.45771144346380344
CE_KINGPAWNSHIELD:0.47009244453573384
CE_PIECECOORDINATION:0.49857754585484104
CE_MATERIAL:0.5345873107350213
CE_KINGSAFETY:0.5481380851649177
C_PIECESQUARETABLES:0.48920717771848854
C_MOBILITY:0.48677862386822324
C_KINGSAFETY:0.44872492007764847
C_PAWNSTRUCTURE:0.49138887806439097
C_PIECECOORDINATION:0.4867983165703504
C_ROOKANDPAWNMOVEMENT:0.4867983165703504
C_CENTERCONTROL:0.48514832014834186
C_DEVELOPPIECES:0.5276193677480471
C_MATERIAL:0.5020944855016093
