ELO:916
CE_PASSEDPAWNS:0.501807953361341
CE_PAWNWEAKNESSES:0.49255092854778304
CE_PIECEACTIVITY:0.4800644171582557
CE_KINGPAWNSHIELD:0.522357358287456
CE_PIECECOORDINATION:0.3928758846482097
CE_MATERIAL:0.5154110387907742
CE_KINGSAFETY:0.4657723841413106
C_PIECESQUARETABLES:0.48293064050091294
C_MOBILITY:0.5017937634324305
C_KINGSAFETY:0.48660997007815215
C_PAWNSTRUCTURE:0.469781400665388
C_PIECECOORDINATION:0.4597611958230708
C_ROOKANDPAWNMOVEMENT:0.4597611958230708
C_CENTERCONTROL:0.5375809463654548
C_DEVELOPPIECES:0.5763348044610548
C_MATERIAL:0.48173894144137935
