ELO:922
CE_PASSEDPAWNS:0.4416939808953028
CE_PAWNWEAKNESSES:0.4749931947616332
CE_PIECEACTIVITY:0.4780880451596784
CE_KINGPAWNSHIELD:0.4456194596226002
CE_PIECECOORDINATION:0.4735717271510184
CE_MATERIAL:0.46359938496144354
CE_KINGSAFETY:0.47360936464214665
C_PIECESQUARETABLES:0.4913835178984289
C_MOBILITY:0.47923373510398093
C_KINGSAFETY:0.4684472534386626
C_PAWNSTRUCTURE:0.47770010834644816
C_PIECECOORDINATION:0.48468481681485337
C_ROOKANDPAWNMOVEMENT:0.48468481681485337
C_CENTERCONTROL:0.4850844566227874
C_DEVELOPPIECES:0.559588088703484
C_MATERIAL:0.5108364158558224
