ELO:977
CE_PASSEDPAWNS:0.5616233073125556
CE_PAWNWEAKNESSES:0.48539327063906046
CE_PIECEACTIVITY:0.4392922023172096
CE_KINGPAWNSHIELD:0.4980358538236984
CE_PIECECOORDINATION:0.4784545192412185
CE_MATERIAL:0.558618980122795
CE_KINGSAFETY:0.5
C_PIECESQUARETABLES:0.5
C_MOBILITY:0.4941742928919618
C_KINGSAFETY:0.44275903029713387
C_PAWNSTRUCTURE:0.5286163722191729
C_PIECECOORDINATION:0.4998502997868889
C_ROOKANDPAWNMOVEMENT:0.4998502997868889
C_CENTERCONTROL:0.4878085782608783
C_DEVELOPPIECES:0.5458282731430365
C_MATERIAL:0.4618674324079203
