ELO:871
CE_PASSEDPAWNS:0.45115738278871304
CE_PAWNWEAKNESSES:0.5122580603088948
CE_PIECEACTIVITY:0.4846487549924701
CE_KINGPAWNSHIELD:0.5510674246597739
CE_PIECECOORDINATION:0.4719590309171976
CE_MATERIAL:0.49903391708307404
CE_KINGSAFETY:0.4992526904280349
C_PIECESQUARETABLES:0.48917081920310035
C_MOBILITY:0.5334560109953494
C_KINGSAFETY:0.5189417822456537
C_PAWNSTRUCTURE:0.5188042689335935
C_PIECECOORDINATION:0.5338821117357596
C_ROOKANDPAWNMOVEMENT:0.5338821117357596
C_CENTERCONTROL:0.5188077266752888
C_DEVELOPPIECES:0.5661348592275256
C_MATERIAL:0.5029759477717539
C_MOVECOUNT:0.482949871232639
