ELO:962
CE_PASSEDPAWNS:0.4915993435750616
CE_PAWNWEAKNESSES:0.49770238407964923
CE_PIECEACTIVITY:0.5096998784546525
CE_KINGPAWNSHIELD:0.49279646131689325
CE_PIECECOORDINATION:0.5075923990961351
CE_MATERIAL:0.4950484996467258
CE_KINGSAFETY:0.5070015932125197
C_PIECESQUARETABLES:0.5
C_MOBILITY:0.5149424042334764
C_KINGSAFETY:0.507246529649147
C_PAWNSTRUCTURE:0.5
C_PIECECOORDINATION:0.515966979668445
C_ROOK:0.48843401203776166
CE_ROOK:0.5131650213461743
C_CENTERCONTROL:0.48382177197846016
C_DEVELOPPIECES:0.5040312605486253
C_MATERIAL:0.5122592833151459
C_MOVECOUNT:0.4934904357175678
C_PAWNMOVEMENT:0.5
