ELO:983
CE_PASSEDPAWNS:0.46505843886893766
CE_PAWNWEAKNESSES:0.5346046914828863
CE_PIECEACTIVITY:0.4711915442832768
CE_KINGPAWNSHIELD:0.4796725989206823
CE_PIECECOORDINATION:0.46902115249204307
CE_MATERIAL:0.43696855906107174
CE_KINGSAFETY:0.5276769390555599
C_PIECESQUARETABLES:0.4861747970805008
C_MOBILITY:0.5511985575369392
C_KINGSAFETY:0.5740971189705302
C_PAWNSTRUCTURE:0.49530580253900697
C_PIECECOORDINATION:0.5647530146233343
C_ROOKANDPAWNMOVEMENT:0.5647530146233343
C_CENTERCONTROL:0.5058527930563758
C_DEVELOPPIECES:0.4375014975983743
C_MATERIAL:0.4174777235699339
