ELO:988
CE_PASSEDPAWNS:0.5061199849617637
CE_PAWNWEAKNESSES:0.5214541251967971
CE_PIECEACTIVITY:0.5065846510475029
CE_KINGPAWNSHIELD:0.4076561608377238
CE_PIECECOORDINATION:0.44538019471221774
CE_MATERIAL:0.5373851581222605
CE_KINGSAFETY:0.5114655262972649
C_PIECESQUARETABLES:0.4975197865650912
C_MOBILITY:0.49816549280442246
C_KINGSAFETY:0.5194266240024474
C_PAWNSTRUCTURE:0.48943358670961223
C_PIECECOORDINATION:0.5366900996698735
C_ROOKANDPAWNMOVEMENT:0.5366900996698735
C_CENTERCONTROL:0.39770292404516705
C_DEVELOPPIECES:0.5059964327563741
C_MATERIAL:0.5862193813898915
