ELO:1000
CE_PASSEDPAWNS:0.5074105694804201
CE_PAWNWEAKNESSES:0.5046871055456733
CE_PIECEACTIVITY:0.499099084684074
CE_KINGPAWNSHIELD:0.5062337187276983
CE_PIECECOORDINATION:0.5094823069074419
CE_MATERIAL:0.5
CE_KINGSAFETY:0.5
C_PIECESQUARETABLES:0.49839697394030036
C_MOBILITY:0.5
C_KINGSAFETY:0.5168264625145264
C_PAWNSTRUCTURE:0.5107914253070273
C_PIECECOORDINATION:0.48834503156986325
C_ROOK:0.5
CE_ROOK:0.5099479462945512
C_CENTERCONTROL:0.5
C_DEVELOPPIECES:0.5
C_MATERIAL:0.5
C_MOVECOUNT:0.4955556635097387
C_PAWNMOVEMENT:0.5
