ELO:1000
CE_PASSEDPAWNS:0.5074105694804201
CE_PAWNWEAKNESSES:0.5130839267390792
CE_PIECEACTIVITY:0.499099084684074
CE_KINGPAWNSHIELD:0.5062337187276983
CE_PIECECOORDINATION:0.5094823069074419
CE_MATERIAL:0.5
CE_KINGSAFETY:0.49404865801932196
C_PIECESQUARETABLES:0.49839697394030036
C_MOBILITY:0.5086928331420184
C_KINGSAFETY:0.5224674481528175
C_PAWNSTRUCTURE:0.5016107480625756
C_PIECECOORDINATION:0.48834503156986325
C_ROOK:0.5
CE_ROOK:0.5047773758618406
C_CENTERCONTROL:0.5
C_DEVELOPPIECES:0.48856045264715425
C_MATERIAL:0.5
C_MOVECOUNT:0.4955556635097387
C_PAWNMOVEMENT:0.5
