ELO:985
CE_PASSEDPAWNS:0.5082163226207571
CE_PAWNWEAKNESSES:0.4919270874519294
CE_PIECEACTIVITY:0.5165327801685564
CE_KINGPAWNSHIELD:0.5045598846599936
CE_PIECECOORDINATION:0.5058314556304943
CE_MATERIAL:0.5
CE_KINGSAFETY:0.5001529180318944
C_PIECESQUARETABLES:0.5
C_MOBILITY:0.4925885070966939
C_KINGSAFETY:0.4984892974259415
C_PAWNSTRUCTURE:0.4987717851773114
C_PIECECOORDINATION:0.5023648694298086
C_ROOKANDPAWNMOVEMENT:0.5023648694298086
C_CENTERCONTROL:0.5
C_DEVELOPPIECES:0.5034083016385269
C_MATERIAL:0.5061124819044035
C_MOVECOUNT:0.5
