ELO:647
CE_PASSEDPAWNS:0.5308076201277362
CE_PAWNWEAKNESSES:0.5881099211996336
CE_PIECEACTIVITY:0.3123808496865518
CE_KINGPAWNSHIELD:0.4827077713256638
CE_PIECECOORDINATION:0.5701679144064854
CE_MATERIAL:0.5649126029978785
CE_KINGSAFETY:0.4820951761143467
C_PIECESQUARETABLES:0.5415317300645363
C_MOBILITY:0.5038702623669372
C_KINGSAFETY:0.5067936702115555
C_PAWNSTRUCTURE:0.5161051237069393
C_PIECECOORDINATION:0.5116411534872625
C_ROOKANDPAWNMOVEMENT:0.5116411534872625
C_CENTERCONTROL:0.49537800071072935
C_DEVELOPPIECES:0.5327637691508893
C_MATERIAL:0.5047958618902051
C_MOVECOUNT:0.45102491556680097
