ELO:909
CE_PASSEDPAWNS:0.5787917662439466
CE_PAWNWEAKNESSES:0.4617849571574768
CE_PIECEACTIVITY:0.518316067705938
CE_KINGPAWNSHIELD:0.5195770068934317
CE_PIECECOORDINATION:0.5142041422254204
CE_MATERIAL:0.5595554869581608
CE_KINGSAFETY:0.47207010514801845
C_PIECESQUARETABLES:0.5145569274455974
C_MOBILITY:0.510132924669626
C_KINGSAFETY:0.4631099471724049
C_PAWNSTRUCTURE:0.5921569342737307
C_PIECECOORDINATION:0.4866256090383713
C_ROOKANDPAWNMOVEMENT:0.4866256090383713
C_CENTERCONTROL:0.5003391243907334
C_DEVELOPPIECES:0.5268667196503339
C_MATERIAL:0.4487564332683377
