ELO:919
CE_PASSEDPAWNS:0.4845666154824603
CE_PAWNWEAKNESSES:0.4508758210075897
CE_PIECEACTIVITY:0.5185165357532406
CE_KINGPAWNSHIELD:0.49372371234178897
CE_PIECECOORDINATION:0.5244275745414533
CE_MATERIAL:0.5077628988987236
CE_KINGSAFETY:0.5067392065198735
C_PIECESQUARETABLES:0.5035677013152547
C_MOBILITY:0.5168605219400471
C_KINGSAFETY:0.5083039733711799
C_PAWNSTRUCTURE:0.5141858520606752
C_PIECECOORDINATION:0.5032142754193296
C_ROOK:0.4949668626513781
CE_ROOK:0.469000455534908
C_CENTERCONTROL:0.47590940981583024
C_DEVELOPPIECES:0.5160146061627372
C_MATERIAL:0.47514297037485337
C_MOVECOUNT:0.5145838079432739
C_PAWNMOVEMENT:0.51070670377141
