ELO:972
CE_PASSEDPAWNS:0.5250217960841667
CE_PAWNWEAKNESSES:0.47925847982068726
CE_PIECEACTIVITY:0.5073892445515817
CE_KINGPAWNSHIELD:0.5068891465436257
CE_PIECECOORDINATION:0.5062510928162757
CE_MATERIAL:0.42709266040851923
CE_KINGSAFETY:0.5052454556534526
C_PIECESQUARETABLES:0.5120619276633243
C_MOBILITY:0.5064178594661385
C_KINGSAFETY:0.5162364136520887
C_PAWNSTRUCTURE:0.5
C_PIECECOORDINATION:0.5012325472548624
C_ROOKANDPAWNMOVEMENT:0.5012325472548624
C_CENTERCONTROL:0.5142275056587172
C_DEVELOPPIECES:0.4836769982941048
C_MATERIAL:0.4849546364378152
C_MOVECOUNT:0.5
