ELO:980
CE_PASSEDPAWNS:0.5002540255098478
CE_PAWNWEAKNESSES:0.5000573248506136
CE_PIECEACTIVITY:0.49142397310993513
CE_KINGPAWNSHIELD:0.45310262661015704
CE_PIECECOORDINATION:0.4900274433312397
CE_MATERIAL:0.4940782022923302
CE_KINGSAFETY:0.5155042720051004
C_PIECESQUARETABLES:0.49967627698497574
C_MOBILITY:0.5
C_KINGSAFETY:0.49094026371597643
C_PAWNSTRUCTURE:0.44251892151350475
C_PIECECOORDINATION:0.4985007216412221
C_ROOK:0.47172745861381427
CE_ROOK:0.4887350099799638
C_CENTERCONTROL:0.4973143684196862
C_DEVELOPPIECES:0.5001496799043148
C_MATERIAL:0.4821900513172191
C_MOVECOUNT:0.5077347146997417
C_PAWNMOVEMENT:0.5131608591298618
