ELO:979
CE_PASSEDPAWNS:0.525801391705512
CE_PAWNWEAKNESSES:0.47809731568468256
CE_PIECEACTIVITY:0.5049608942592171
CE_KINGPAWNSHIELD:0.5154589478113318
CE_PIECECOORDINATION:0.49313950158479386
CE_MATERIAL:0.49651146843570326
CE_KINGSAFETY:0.5048506984791465
C_PIECESQUARETABLES:0.48987933859632654
C_MOBILITY:0.5265936331311022
C_KINGSAFETY:0.4897674589112645
C_PAWNSTRUCTURE:0.49592600036384166
C_PIECECOORDINATION:0.4988558332702215
C_ROOK:0.4998983777449424
CE_ROOK:0.4894700653083484
C_CENTERCONTROL:0.5132951215668679
C_DEVELOPPIECES:0.5321180192365893
C_MATERIAL:0.48784603053165854
C_MOVECOUNT:0.5073871978285539
C_PAWNMOVEMENT:0.498245505259361
