ELO:995
CE_PASSEDPAWNS:0.5457345729423272
CE_PAWNWEAKNESSES:0.44542974891888637
CE_PIECEACTIVITY:0.5033901889579644
CE_KINGPAWNSHIELD:0.5599465954910741
CE_PIECECOORDINATION:0.4436652419903965
CE_MATERIAL:0.5030403841932721
CE_KINGSAFETY:0.48774036648375985
C_PIECESQUARETABLES:0.5
C_MOBILITY:0.4960182387614804
C_KINGSAFETY:0.5154326288530884
C_PAWNSTRUCTURE:0.49923527898734754
C_PIECECOORDINATION:0.5562674503149065
C_ROOKANDPAWNMOVEMENT:0.5562674503149065
C_CENTERCONTROL:0.39387056830838313
C_DEVELOPPIECES:0.5933423053266473
C_MATERIAL:0.5741646982737315
