ELO:898
CE_PASSEDPAWNS:0.6043655649305179
CE_PAWNWEAKNESSES:0.44895556439344947
CE_PIECEACTIVITY:0.5278628815648433
CE_KINGPAWNSHIELD:0.5402858228903177
CE_PIECECOORDINATION:0.5119661513745984
CE_MATERIAL:0.5800630323597971
CE_KINGSAFETY:0.48241251213852193
C_PIECESQUARETABLES:0.5436772509841761
C_MOBILITY:0.515118785265422
C_KINGSAFETY:0.4958558672614678
C_PAWNSTRUCTURE:0.6028209794493051
C_PIECECOORDINATION:0.4885428061647643
C_ROOKANDPAWNMOVEMENT:0.4885428061647643
C_CENTERCONTROL:0.49076446907202126
C_DEVELOPPIECES:0.5169016125630931
C_MATERIAL:0.46605395062749944
