ELO:923
CE_PASSEDPAWNS:0.565930619977086
CE_PAWNWEAKNESSES:0.4641194454398672
CE_PIECEACTIVITY:0.5077434454901952
CE_KINGPAWNSHIELD:0.5156560527706789
CE_PIECECOORDINATION:0.5247592455084903
CE_MATERIAL:0.5642935362749205
CE_KINGSAFETY:0.46560403135438844
C_PIECESQUARETABLES:0.48465022935967556
C_MOBILITY:0.5255559774843431
C_KINGSAFETY:0.48252896458069977
C_PAWNSTRUCTURE:0.5691008361030877
C_PIECECOORDINATION:0.4900806143418738
C_ROOKANDPAWNMOVEMENT:0.4900806143418738
C_CENTERCONTROL:0.5179480306532508
C_DEVELOPPIECES:0.499291357655384
C_MATERIAL:0.4865883931796153
