ELO:983
CE_PASSEDPAWNS:0.5913560367077206
CE_PAWNWEAKNESSES:0.4491595377152038
CE_PIECEACTIVITY:0.5583902103698434
CE_KINGPAWNSHIELD:0.6054050913838178
CE_PIECECOORDINATION:0.49412409033779625
CE_MATERIAL:0.5069061645639817
CE_KINGSAFETY:0.4738578795328166
C_PIECESQUARETABLES:0.5020311024590877
C_MOBILITY:0.5143914424272608
C_KINGSAFETY:0.5625577105624391
C_PAWNSTRUCTURE:0.5189308012788545
C_PIECECOORDINATION:0.4984670637154415
C_ROOKANDPAWNMOVEMENT:0.4984670637154415
C_CENTERCONTROL:0.5166076766176878
C_DEVELOPPIECES:0.4849255291210105
C_MATERIAL:0.45074696276237725
