ELO:922
CE_PASSEDPAWNS:0.5392562247282343
CE_PAWNWEAKNESSES:0.5219350989926019
CE_PIECEACTIVITY:0.4208015233023362
CE_KINGPAWNSHIELD:0.4249639327751923
CE_PIECECOORDINATION:0.5015261622400186
CE_MATERIAL:0.35228994826020793
CE_KINGSAFETY:0.5
C_PIECESQUARETABLES:0.5
C_MOBILITY:0.5627333959246262
C_KINGSAFETY:0.520878189293876
C_PAWNSTRUCTURE:0.5641740439833884
C_PIECECOORDINATION:0.3466509062621709
C_ROOKANDPAWNMOVEMENT:0.3466509062621709
C_CENTERCONTROL:0.5904158575577093
C_DEVELOPPIECES:0.45285830031271446
C_MATERIAL:0.36930064939078494
