ELO:965
CE_PASSEDPAWNS:0.46903530374753977
CE_PAWNWEAKNESSES:0.5073092437660369
CE_PIECEACTIVITY:0.5037855714524608
CE_KINGPAWNSHIELD:0.4905748598831768
CE_PIECECOORDINATION:0.5333116223639248
CE_MATERIAL:0.5326994010331579
CE_KINGSAFETY:0.5
C_PIECESQUARETABLES:0.48509967853192903
C_MOBILITY:0.4989655000946049
C_KINGSAFETY:0.5025270951033267
C_PAWNSTRUCTURE:0.505438535140769
C_PIECECOORDINATION:0.486108543993864
C_ROOK:0.4820950856647504
CE_ROOK:0.4586244542090597
C_CENTERCONTROL:0.4964243594224415
C_DEVELOPPIECES:0.46559293210813407
C_MATERIAL:0.4619233460331704
C_MOVECOUNT:0.510437736993665
C_PAWNMOVEMENT:0.49280362080679946
