ELO:948
CE_PASSEDPAWNS:0.49710394249091844
CE_PAWNWEAKNESSES:0.4760718537832319
CE_PIECEACTIVITY:0.5044814891034122
CE_KINGPAWNSHIELD:0.4800432830141437
CE_PIECECOORDINATION:0.4946165750143788
CE_MATERIAL:0.5433405205629533
CE_KINGSAFETY:0.5176720678785428
C_PIECESQUARETABLES:0.5384557213771305
C_MOBILITY:0.5142388128176484
C_KINGSAFETY:0.4668884941786812
C_PAWNSTRUCTURE:0.4546655301803368
C_PIECECOORDINATION:0.489691970106853
C_ROOKANDPAWNMOVEMENT:0.489691970106853
C_CENTERCONTROL:0.5353193835457827
C_DEVELOPPIECES:0.48504315455470937
C_MATERIAL:0.5145644443651041
C_MOVECOUNT:0.5180542889055573
