ELO:949
CE_PASSEDPAWNS:0.5203312226412791
CE_PAWNWEAKNESSES:0.48760205213477326
CE_PIECEACTIVITY:0.529065177751801
CE_KINGPAWNSHIELD:0.518356942827454
CE_PIECECOORDINATION:0.4804979957595039
CE_MATERIAL:0.568491592831955
CE_KINGSAFETY:0.4832528828758203
C_PIECESQUARETABLES:0.5371764389158749
C_MOBILITY:0.5258430229914846
C_KINGSAFETY:0.5131289735614686
C_PAWNSTRUCTURE:0.5389589667152446
C_PIECECOORDINATION:0.48770580480293485
C_ROOKANDPAWNMOVEMENT:0.48770580480293485
C_CENTERCONTROL:0.5271748109410713
C_DEVELOPPIECES:0.47474013362772227
C_MATERIAL:0.4854995422205511
