ELO:1000
CE_PASSEDPAWNS:0.531426501032633
CE_PAWNWEAKNESSES:0.4900807002506824
CE_PIECEACTIVITY:0.5082962309284441
CE_KINGPAWNSHIELD:0.5518597591158722
CE_PIECECOORDINATION:0.5024366957887904
CE_MATERIAL:0.5229943013557522
CE_KINGSAFETY:0.5240236756744359
C_PIECESQUARETABLES:0.5022282684819822
C_MOBILITY:0.5512839678993907
C_KINGSAFETY:0.5273129581908621
C_PAWNSTRUCTURE:0.4828532374314613
C_PIECECOORDINATION:0.47821444376093847
C_ROOKANDPAWNMOVEMENT:0.47821444376093847
C_CENTERCONTROL:0.562736126913359
C_DEVELOPPIECES:0.4898429400293926
C_MATERIAL:0.5053441412345782
