ELO:1010
CE_PASSEDPAWNS:0.5219882693018028
CE_PAWNWEAKNESSES:0.441011124219595
CE_PIECEACTIVITY:0.5305234586819814
CE_KINGPAWNSHIELD:0.5256221565231596
CE_PIECECOORDINATION:0.49755752393743086
CE_MATERIAL:0.5470901024711449
CE_KINGSAFETY:0.5
C_PIECESQUARETABLES:0.5
C_MOBILITY:0.5057745642532829
C_KINGSAFETY:0.4833241851068363
C_PAWNSTRUCTURE:0.4894187503603023
C_PIECECOORDINATION:0.5
C_ROOK:0.4977768649305644
CE_ROOK:0.48678378453295096
C_CENTERCONTROL:0.46805458764724367
C_DEVELOPPIECES:0.5507996504531627
C_MATERIAL:0.49745362351644534
C_MOVECOUNT:0.4750865664062517
C_PAWNMOVEMENT:0.48965076279003683
