ELO:942
CE_PASSEDPAWNS:0.5087208234961424
CE_PAWNWEAKNESSES:0.47809731568468256
CE_PIECEACTIVITY:0.5140290816324687
CE_KINGPAWNSHIELD:0.5036366001979072
CE_PIECECOORDINATION:0.5106520806001287
CE_MATERIAL:0.5138807680739291
CE_KINGSAFETY:0.5
C_PIECESQUARETABLES:0.499975911884817
C_MOBILITY:0.5255358879931825
C_KINGSAFETY:0.49283941047959595
C_PAWNSTRUCTURE:0.4895044010147814
C_PIECECOORDINATION:0.4917398938194993
C_ROOK:0.49621653258073795
CE_ROOK:0.4787798406890737
C_CENTERCONTROL:0.4812495476877529
C_DEVELOPPIECES:0.525122299418101
C_MATERIAL:0.4904947407415977
C_MOVECOUNT:0.49772046422074573
C_PAWNMOVEMENT:0.498245505259361
