ELO:591
CE_PASSEDPAWNS:0.5116267885961412
CE_PAWNWEAKNESSES:0.5843420440521162
CE_PIECEACTIVITY:0.29034446890654964
CE_KINGPAWNSHIELD:0.4921340202757775
CE_PIECECOORDINATION:0.5741598200219842
CE_MATERIAL:0.5681851325152951
CE_KINGSAFETY:0.4962875463501929
C_PIECESQUARETABLES:0.5228432781866924
C_MOBILITY:0.4900379589296157
C_KINGSAFETY:0.5039919700105326
C_PAWNSTRUCTURE:0.4759524150817367
C_PIECECOORDINATION:0.5180957796435842
C_ROOKANDPAWNMOVEMENT:0.5180957796435842
C_CENTERCONTROL:0.48700498990946695
C_DEVELOPPIECES:0.5390423424521142
C_MATERIAL:0.527329223517088
C_MOVECOUNT:0.43957235083857377
