ELO:993
CE_PASSEDPAWNS:0.49572381406809213
CE_PAWNWEAKNESSES:0.4940884806946454
CE_PIECEACTIVITY:0.5171824961536087
CE_KINGPAWNSHIELD:0.5259258987864298
CE_PIECECOORDINATION:0.4818759596760415
CE_MATERIAL:0.5569333950838155
CE_KINGSAFETY:0.5036058953336692
C_PIECESQUARETABLES:0.5
C_MOBILITY:0.5051319271137297
C_KINGSAFETY:0.4962283118295396
C_PAWNSTRUCTURE:0.5502059533240253
C_PIECECOORDINATION:0.4605384060711828
C_ROOKANDPAWNMOVEMENT:0.4605384060711828
C_CENTERCONTROL:0.5108390262920256
C_DEVELOPPIECES:0.479284130930813
C_MATERIAL:0.4623893403629809
