ELO:970
CE_PASSEDPAWNS:0.48471041513052615
CE_PAWNWEAKNESSES:0.5057028131660161
CE_PIECEACTIVITY:0.4998478712623316
CE_KINGPAWNSHIELD:0.4550127632343153
CE_PIECECOORDINATION:0.5032772495703688
CE_MATERIAL:0.4754397733398762
CE_KINGSAFETY:0.49617275375251724
C_PIECESQUARETABLES:0.48281347361886956
C_MOBILITY:0.5
C_KINGSAFETY:0.5266219372205012
C_PAWNSTRUCTURE:0.5075360951641975
C_PIECECOORDINATION:0.5
C_ROOKANDPAWNMOVEMENT:0.5
C_CENTERCONTROL:0.508825790884665
C_DEVELOPPIECES:0.5
C_MATERIAL:0.47360692454833375
C_MOVECOUNT:0.5
