ELO:1000
CE_PASSEDPAWNS:0.47955748565122386
CE_PAWNWEAKNESSES:0.484832873759051
CE_PIECEACTIVITY:0.5255105628407171
CE_KINGPAWNSHIELD:0.5315993430556721
CE_PIECECOORDINATION:0.48537240615450233
CE_MATERIAL:0.5490309281124047
CE_KINGSAFETY:0.5106489120964828
C_PIECESQUARETABLES:0.5450304675505363
C_MOBILITY:0.4874892471640572
C_KINGSAFETY:0.49881387068395144
C_PAWNSTRUCTURE:0.5436928385743968
C_PIECECOORDINATION:0.4806763201803093
C_ROOKANDPAWNMOVEMENT:0.4806763201803093
C_CENTERCONTROL:0.49937635003454234
C_DEVELOPPIECES:0.4998377514825462
C_MATERIAL:0.45583877324303035
