ELO:953
CE_PASSEDPAWNS:0.5087208234961424
CE_PAWNWEAKNESSES:0.47809731568468256
CE_PIECEACTIVITY:0.5140290816324687
CE_KINGPAWNSHIELD:0.5036366001979072
CE_PIECECOORDINATION:0.5004105696480536
CE_MATERIAL:0.5020046009406535
CE_KINGSAFETY:0.5164950495367155
C_PIECESQUARETABLES:0.47170074497910985
C_MOBILITY:0.5255358879931825
C_KINGSAFETY:0.49283941047959595
C_PAWNSTRUCTURE:0.4895044010147814
C_PIECECOORDINATION:0.4988558332702215
C_ROOK:0.49423714317175177
CE_ROOK:0.4836480372944102
C_CENTERCONTROL:0.490434084562593
C_DEVELOPPIECES:0.5318294857659998
C_MATERIAL:0.4807714055494518
C_MOVECOUNT:0.49772046422074573
C_PAWNMOVEMENT:0.498245505259361
