ELO:991
CE_PASSEDPAWNS:0.5060179067937439
CE_PAWNWEAKNESSES:0.5232897644700201
CE_PIECEACTIVITY:0.5
CE_KINGPAWNSHIELD:0.5019352757697886
CE_PIECECOORDINATION:0.5
CE_MATERIAL:0.4907562820726126
CE_KINGSAFETY:0.5014353137323808
C_PIECESQUARETABLES:0.5
C_MOBILITY:0.5119384053760151
C_KINGSAFETY:0.5
C_PAWNSTRUCTURE:0.5024904881971654
C_PIECECOORDINATION:0.501239818232287
C_ROOKANDPAWNMOVEMENT:0.501239818232287
C_CENTERCONTROL:0.518247512626419
C_DEVELOPPIECES:0.5139440525485657
C_MATERIAL:0.4905830799213715
C_MOVECOUNT:0.5142284304597049
