ELO:905
CE_PASSEDPAWNS:0.48535832433756404
CE_PAWNWEAKNESSES:0.4710656831978176
CE_PIECEACTIVITY:0.4960714603180935
CE_KINGPAWNSHIELD:0.4939532978705752
CE_PIECECOORDINATION:0.4859206117942104
CE_MATERIAL:0.5070572948263075
CE_KINGSAFETY:0.5
C_PIECESQUARETABLES:0.5
C_MOBILITY:0.5016733610759176
C_KINGSAFETY:0.512445101358138
C_PAWNSTRUCTURE:0.4798918983816943
C_PIECECOORDINATION:0.5020381701850614
C_ROOKANDPAWNMOVEMENT:0.5020381701850614
C_CENTERCONTROL:0.5409400739458685
C_DEVELOPPIECES:0.4973144457689106
C_MATERIAL:0.5167547979302296
C_MOVECOUNT:0.5078047379684032
