ELO:941
CE_PASSEDPAWNS:0.53746099201264
CE_PAWNWEAKNESSES:0.39153883021867586
CE_PIECEACTIVITY:0.5846221917531328
CE_KINGPAWNSHIELD:0.6328207137927367
CE_PIECECOORDINATION:0.5655002206055189
CE_MATERIAL:0.5037890806796878
CE_KINGSAFETY:0.4834413820226324
C_PIECESQUARETABLES:0.5013914789383086
C_MOBILITY:0.558102328985669
C_KINGSAFETY:0.5477422724493252
C_PAWNSTRUCTURE:0.5238675035715032
C_PIECECOORDINATION:0.5254772518951204
C_ROOKANDPAWNMOVEMENT:0.5254772518951204
C_CENTERCONTROL:0.5135081051957886
C_DEVELOPPIECES:0.4835393600678314
C_MATERIAL:0.4664686378420104
