ELO:801
CE_PASSEDPAWNS:0.4877340037690522
CE_PAWNWEAKNESSES:0.6094557798170551
CE_PIECEACTIVITY:0.37256033108931247
CE_KINGPAWNSHIELD:0.41979561742438465
CE_PIECECOORDINATION:0.5634166408891642
CE_MATERIAL:0.536760727107865
CE_KINGSAFETY:0.45791529588315116
C_PIECESQUARETABLES:0.4787896864085406
C_MOBILITY:0.47199535566349826
C_KINGSAFETY:0.485484420833577
C_PAWNSTRUCTURE:0.5119182074989219
C_PIECECOORDINATION:0.49298325600053505
C_ROOKANDPAWNMOVEMENT:0.49298325600053505
C_CENTERCONTROL:0.5022651875908851
C_DEVELOPPIECES:0.5175687027841366
C_MATERIAL:0.5009021430063703
C_MOVECOUNT:0.5
