ELO:944
CE_PASSEDPAWNS:0.5188210200646646
CE_PAWNWEAKNESSES:0.3370839142648467
CE_PIECEACTIVITY:0.5771220326384452
CE_KINGPAWNSHIELD:0.608842756619863
CE_PIECECOORDINATION:0.5802710619112825
CE_MATERIAL:0.4764947599562124
CE_KINGSAFETY:0.45351927773500655
C_PIECESQUARETABLES:0.5404981233533503
C_MOBILITY:0.5673052135192178
C_KINGSAFETY:0.5542455892589718
C_PAWNSTRUCTURE:0.5225621648407884
C_PIECECOORDINATION:0.5268041415033532
C_ROOKANDPAWNMOVEMENT:0.5268041415033532
C_CENTERCONTROL:0.5281316969853747
C_DEVELOPPIECES:0.48134409925307814
C_MATERIAL:0.4871503905492981
