ELO:986
CE_PASSEDPAWNS:0.4850510879638824
CE_PAWNWEAKNESSES:0.48723059009005787
CE_PIECEACTIVITY:0.5126084948902075
CE_KINGPAWNSHIELD:0.5241371704551933
CE_PIECECOORDINATION:0.4676902281461789
CE_MATERIAL:0.5557449617337118
CE_KINGSAFETY:0.4759596982287729
C_PIECESQUARETABLES:0.48129363753224313
C_MOBILITY:0.5177742390221579
C_KINGSAFETY:0.49628041797738287
C_PAWNSTRUCTURE:0.5634530306402513
C_PIECECOORDINATION:0.47968768575710036
C_ROOKANDPAWNMOVEMENT:0.47968768575710036
C_CENTERCONTROL:0.49507750117825855
C_DEVELOPPIECES:0.4960619848535864
C_MATERIAL:0.4750577551344855
