ELO:950
CE_PASSEDPAWNS:0.5137718829562359
CE_PAWNWEAKNESSES:0.4391483354155107
CE_PIECEACTIVITY:0.5125279226261237
CE_KINGPAWNSHIELD:0.4141876996552105
CE_PIECECOORDINATION:0.5153000011294302
CE_MATERIAL:0.5248033120913583
CE_KINGSAFETY:0.46240760437353473
C_PIECESQUARETABLES:0.5230711832054271
C_MOBILITY:0.5536451948000349
C_KINGSAFETY:0.5340574190127672
C_PAWNSTRUCTURE:0.5499105473496562
C_PIECECOORDINATION:0.6109028244868667
C_ROOKANDPAWNMOVEMENT:0.6109028244868667
C_CENTERCONTROL:0.3588359050639404
C_DEVELOPPIECES:0.35262453077601924
C_MATERIAL:0.6102874128824629
