ELO:917
CE_PASSEDPAWNS:0.4886412474646346
CE_PAWNWEAKNESSES:0.49072892244314775
CE_PIECEACTIVITY:0.48829579910136917
CE_KINGPAWNSHIELD:0.4969462963068127
CE_PIECECOORDINATION:0.49134337721023347
CE_MATERIAL:0.515554872228166
CE_KINGSAFETY:0.49437686121817936
C_PIECESQUARETABLES:0.5029549019240063
C_MOBILITY:0.48838280613809054
C_KINGSAFETY:0.512445101358138
C_PAWNSTRUCTURE:0.48609314404034126
C_PIECECOORDINATION:0.49078219089563013
C_ROOKANDPAWNMOVEMENT:0.49078219089563013
C_CENTERCONTROL:0.5301288996202053
C_DEVELOPPIECES:0.5085616750524766
C_MATERIAL:0.5167547979302296
C_MOVECOUNT:0.5153592255122438
