ELO:935
CE_PASSEDPAWNS:0.49074920217550766
CE_PAWNWEAKNESSES:0.45667604097241415
CE_PIECEACTIVITY:0.5161921602476063
CE_KINGPAWNSHIELD:0.4921060293086933
CE_PIECECOORDINATION:0.5128749003416591
CE_MATERIAL:0.5139540906779848
CE_KINGSAFETY:0.48826382514537614
C_PIECESQUARETABLES:0.5
C_MOBILITY:0.5080843314648275
C_KINGSAFETY:0.49615798484363693
C_PAWNSTRUCTURE:0.5136238040524922
C_PIECECOORDINATION:0.5032142754193296
C_ROOK:0.5034831129534514
CE_ROOK:0.4783126664555179
C_CENTERCONTROL:0.47233333690683865
C_DEVELOPPIECES:0.5289876119443164
C_MATERIAL:0.4789566128213923
C_MOVECOUNT:0.5096790043306827
C_PAWNMOVEMENT:0.5115486844892788
