ELO:684
CE_PASSEDPAWNS:0.5060981182864458
CE_PAWNWEAKNESSES:0.5780695813196652
CE_PIECEACTIVITY:0.34392365425886184
CE_KINGPAWNSHIELD:0.45785366154540513
CE_PIECECOORDINATION:0.5705596673358828
CE_MATERIAL:0.5664905278179422
CE_KINGSAFETY:0.4905493637181851
C_PIECESQUARETABLES:0.5215673512988737
C_MOBILITY:0.45798467612359167
C_KINGSAFETY:0.4958004568737274
C_PAWNSTRUCTURE:0.507812303482131
C_PIECECOORDINATION:0.47887111056610676
C_ROOKANDPAWNMOVEMENT:0.47887111056610676
C_CENTERCONTROL:0.4943567393312015
C_DEVELOPPIECES:0.5483523596857002
C_MATERIAL:0.479170742534312
C_MOVECOUNT:0.4677257830353212
