ELO:1002
CE_PASSEDPAWNS:0.49287573807331914
CE_PAWNWEAKNESSES:0.4946621509430282
CE_PIECEACTIVITY:0.500756062963878
CE_KINGPAWNSHIELD:0.49517709934370946
CE_PIECECOORDINATION:0.48582194817609814
CE_MATERIAL:0.5038341019849145
CE_KINGSAFETY:0.513019398560013
C_PIECESQUARETABLES:0.5127013596028034
C_MOBILITY:0.49749466983580803
C_KINGSAFETY:0.4806108935062413
C_PAWNSTRUCTURE:0.5100005884540573
C_PIECECOORDINATION:0.5026525007071537
C_ROOKANDPAWNMOVEMENT:0.5026525007071537
C_CENTERCONTROL:0.5135549627281393
C_DEVELOPPIECES:0.49168041211751107
C_MATERIAL:0.4997367606680972
