ELO:1089
CE_PASSEDPAWNS:0.6291695535572074
CE_PAWNWEAKNESSES:0.4990340022808224
CE_PIECEACTIVITY:0.4749362909216822
CE_KINGPAWNSHIELD:0.4888774821619666
CE_PIECECOORDINATION:0.46884921536345825
CE_MATERIAL:0.46107668379951744
CE_KINGSAFETY:0.49543508062812164
C_PIECESQUARETABLES:0.5
C_MOBILITY:0.42105203460517804
C_KINGSAFETY:0.5127927928662901
C_PAWNSTRUCTURE:0.4171042418017116
C_PIECECOORDINATION:0.4800436697937261
C_ROOKANDPAWNMOVEMENT:0.4800436697937261
C_CENTERCONTROL:0.5241516181776379
C_DEVELOPPIECES:0.5757913049809192
C_MATERIAL:0.42037145141469806
