ELO:923
CE_PASSEDPAWNS:0.5234755776546658
CE_PAWNWEAKNESSES:0.48287042101535316
CE_PIECEACTIVITY:0.4964302948016089
CE_KINGPAWNSHIELD:0.4861560973440738
CE_PIECECOORDINATION:0.4630812719390683
CE_MATERIAL:0.4463412697565317
CE_KINGSAFETY:0.4765863085531089
C_PIECESQUARETABLES:0.5078337004206891
C_MOBILITY:0.51830055786125
C_KINGSAFETY:0.46873453931466813
C_PAWNSTRUCTURE:0.46948997641584855
C_PIECECOORDINATION:0.5040131107308632
C_ROOKANDPAWNMOVEMENT:0.5040131107308632
C_CENTERCONTROL:0.5077947420145349
C_DEVELOPPIECES:0.4425657793279672
C_MATERIAL:0.517131582827554
C_MOVECOUNT:0.5413643946489923
