ELO:960
CE_PASSEDPAWNS:0.5564801063214788
CE_PAWNWEAKNESSES:0.46484853572461204
CE_PIECEACTIVITY:0.5915728573968964
CE_KINGPAWNSHIELD:0.6016674646554381
CE_PIECECOORDINATION:0.5109658339698974
CE_MATERIAL:0.48621466882763753
CE_KINGSAFETY:0.49970992227903877
C_PIECESQUARETABLES:0.5041484038153113
C_MOBILITY:0.5270432702577168
C_KINGSAFETY:0.5655729934499971
C_PAWNSTRUCTURE:0.519307673491239
C_PIECECOORDINATION:0.4951075703545745
C_ROOKANDPAWNMOVEMENT:0.4951075703545745
C_CENTERCONTROL:0.5538515531506835
C_DEVELOPPIECES:0.4720941216931132
C_MATERIAL:0.43904585036097693
