ELO:741
CE_PASSEDPAWNS:0.49749845518678737
CE_PAWNWEAKNESSES:0.6081698498585401
CE_PIECEACTIVITY:0.37610136998101723
CE_KINGPAWNSHIELD:0.4422379372202292
CE_PIECECOORDINATION:0.572957121535991
CE_MATERIAL:0.544397382186288
CE_KINGSAFETY:0.4487720598222198
C_PIECESQUARETABLES:0.48630467698310076
C_MOBILITY:0.45064504082988055
C_KINGSAFETY:0.4961001838021101
C_PAWNSTRUCTURE:0.49317875771038927
C_PIECECOORDINATION:0.4967373176379608
C_ROOKANDPAWNMOVEMENT:0.4967373176379608
C_CENTERCONTROL:0.47799555156539664
C_DEVELOPPIECES:0.5007506686925726
C_MATERIAL:0.4993645320124179
C_MOVECOUNT:0.5
