ELO:725
CE_PASSEDPAWNS:0.4880513889878243
CE_PAWNWEAKNESSES:0.5830202286489533
CE_PIECEACTIVITY:0.4292383060381297
CE_KINGPAWNSHIELD:0.4334107462155916
CE_PIECECOORDINATION:0.546029924890132
CE_MATERIAL:0.5355403549443133
CE_KINGSAFETY:0.4983099510446318
C_PIECESQUARETABLES:0.5030065303665493
C_MOBILITY:0.44320304679042394
C_KINGSAFETY:0.5312898768229163
C_PAWNSTRUCTURE:0.5182209742268938
C_PIECECOORDINATION:0.46902123530216683
C_ROOKANDPAWNMOVEMENT:0.46902123530216683
C_CENTERCONTROL:0.4993299520776124
C_DEVELOPPIECES:0.5265901325625698
C_MATERIAL:0.4816288082313035
C_MOVECOUNT:0.5031012054724288
