ELO:982
CE_PASSEDPAWNS:0.5
CE_PAWNWEAKNESSES:0.4894972537680214
CE_PIECEACTIVITY:0.5032352278279575
CE_KINGPAWNSHIELD:0.48474236677778654
CE_PIECECOORDINATION:0.48521224245478534
CE_MATERIAL:0.5206780074694688
CE_KINGSAFETY:0.5028142024155388
C_PIECESQUARETABLES:0.4935649057250694
C_MOBILITY:0.4927051245408702
C_KINGSAFETY:0.5040187831898877
C_PAWNSTRUCTURE:0.5068273336623698
C_PIECECOORDINATION:0.4768792437364177
C_ROOKANDPAWNMOVEMENT:0.4768792437364177
C_CENTERCONTROL:0.4983270493060477
C_DEVELOPPIECES:0.5019608144227911
C_MATERIAL:0.5081608516932822
C_MOVECOUNT:0.49751822876360197
