ELO:919
CE_PASSEDPAWNS:0.4789829216934563
CE_PAWNWEAKNESSES:0.4458135843645819
CE_PIECEACTIVITY:0.5102959071900757
CE_KINGPAWNSHIELD:0.49365415168620624
CE_PIECECOORDINATION:0.5244275745414533
CE_MATERIAL:0.5137794177387134
CE_KINGSAFETY:0.5
C_PIECESQUARETABLES:0.5
C_MOBILITY:0.5168605219400471
C_KINGSAFETY:0.5083039733711799
C_PAWNSTRUCTURE:0.5027347633515874
C_PIECECOORDINATION:0.5094492718539448
C_ROOK:0.48313188945859264
CE_ROOK:0.4586244542090597
C_CENTERCONTROL:0.48722635368859096
C_DEVELOPPIECES:0.5160146061627372
C_MATERIAL:0.47514297037485337
C_MOVECOUNT:0.5145838079432739
C_PAWNMOVEMENT:0.4987176837747886
