ELO:988
CE_PASSEDPAWNS:0.5819111259546971
CE_PAWNWEAKNESSES:0.49024378912610567
CE_PIECEACTIVITY:0.5388530951426125
CE_KINGPAWNSHIELD:0.5888648785581653
CE_PIECECOORDINATION:0.5364650434752309
CE_MATERIAL:0.5241454419398845
CE_KINGSAFETY:0.4704283582235341
C_PIECESQUARETABLES:0.5251290491762195
C_MOBILITY:0.5359289267066106
C_KINGSAFETY:0.5583013546066322
C_PAWNSTRUCTURE:0.5088908325609925
C_PIECECOORDINATION:0.5089399376720437
C_ROOKANDPAWNMOVEMENT:0.5089399376720437
C_CENTERCONTROL:0.5209685635008316
C_DEVELOPPIECES:0.48462270310772293
C_MATERIAL:0.4668817409579603
