ELO:1008
CE_PASSEDPAWNS:0.4910143942389351
CE_PAWNWEAKNESSES:0.5
CE_PIECEACTIVITY:0.4802006084217515
CE_KINGPAWNSHIELD:0.5146388970921927
CE_PIECECOORDINATION:0.49573836188906056
CE_MATERIAL:0.5271283587864374
CE_KINGSAFETY:0.5
C_PIECESQUARETABLES:0.5139486556613786
C_MOBILITY:0.5145147143787797
C_KINGSAFETY:0.4852507799785718
C_PAWNSTRUCTURE:0.5017535863606073
C_PIECECOORDINATION:0.5253562505750051
C_ROOKANDPAWNMOVEMENT:0.5253562505750051
C_CENTERCONTROL:0.5
C_DEVELOPPIECES:0.5197428865425787
C_MATERIAL:0.5
