ELO:963
CE_PASSEDPAWNS:0.49193480123545125
CE_PAWNWEAKNESSES:0.5103130461530538
CE_PIECEACTIVITY:0.5124099440707713
CE_KINGPAWNSHIELD:0.5132535811951585
CE_PIECECOORDINATION:0.5075210101460471
CE_MATERIAL:0.4590732322115236
CE_KINGSAFETY:0.4948857345739682
C_PIECESQUARETABLES:0.49572654726955945
C_MOBILITY:0.49052199902795424
C_KINGSAFETY:0.4975648031187291
C_PAWNSTRUCTURE:0.4914988980104006
C_PIECECOORDINATION:0.49726101658677985
C_ROOKANDPAWNMOVEMENT:0.49726101658677985
C_CENTERCONTROL:0.532383209889353
C_DEVELOPPIECES:0.5169172508519713
C_MATERIAL:0.4973975490018848
C_MOVECOUNT:0.5
