ELO:1001
CE_PASSEDPAWNS:0.5
CE_PAWNWEAKNESSES:0.5077281221691645
CE_PIECEACTIVITY:0.48066842053400866
CE_KINGPAWNSHIELD:0.531590869847063
CE_PIECECOORDINATION:0.510326754828699
CE_MATERIAL:0.4923222849763502
CE_KINGSAFETY:0.47073676076649396
C_PIECESQUARETABLES:0.4946319685980929
C_MOBILITY:0.5045066503617069
C_KINGSAFETY:0.4833491539074064
C_PAWNSTRUCTURE:0.5102455240699711
C_PIECECOORDINATION:0.5214105066563245
C_ROOKANDPAWNMOVEMENT:0.5214105066563245
C_CENTERCONTROL:0.5022272325558379
C_DEVELOPPIECES:0.4932721190180447
C_MATERIAL:0.5
C_MOVECOUNT:0.5
