ELO:995
CE_PASSEDPAWNS:0.5457345729423272
CE_PAWNWEAKNESSES:0.5128889835512717
CE_PIECEACTIVITY:0.5260046997747587
CE_KINGPAWNSHIELD:0.47296228941213614
CE_PIECECOORDINATION:0.4454668928573011
CE_MATERIAL:0.5030403841932721
CE_KINGSAFETY:0.5
C_PIECESQUARETABLES:0.5
C_MOBILITY:0.49816549280442246
C_KINGSAFETY:0.5093237382249457
C_PAWNSTRUCTURE:0.3974960377332616
C_PIECECOORDINATION:0.5196512763528479
C_ROOKANDPAWNMOVEMENT:0.5196512763528479
C_CENTERCONTROL:0.39387056830838313
C_DEVELOPPIECES:0.5933423053266473
C_MATERIAL:0.5859692747107864
