ELO:988
CE_PASSEDPAWNS:0.5763128572190087
CE_PAWNWEAKNESSES:0.49663467052029775
CE_PIECEACTIVITY:0.5386819638389984
CE_KINGPAWNSHIELD:0.5967442241326092
CE_PIECECOORDINATION:0.5177151515761039
CE_MATERIAL:0.5354381497002351
CE_KINGSAFETY:0.47301694788755605
C_PIECESQUARETABLES:0.5251290491762195
C_MOBILITY:0.518526371810582
C_KINGSAFETY:0.5448900279312868
C_PAWNSTRUCTURE:0.49265463391748404
C_PIECECOORDINATION:0.5130768733408968
C_ROOKANDPAWNMOVEMENT:0.5130768733408968
C_CENTERCONTROL:0.5534676864888043
C_DEVELOPPIECES:0.5027940429326037
C_MATERIAL:0.4551094126850883
