ELO:1010
CE_PASSEDPAWNS:0.4917319820909019
CE_PAWNWEAKNESSES:0.5113139576876315
CE_PIECEACTIVITY:0.5154657964899048
CE_KINGPAWNSHIELD:0.5
CE_PIECECOORDINATION:0.5002661435472902
CE_MATERIAL:0.4981983006607924
CE_KINGSAFETY:0.5039131641419218
C_PIECESQUARETABLES:0.48990512081729876
C_MOBILITY:0.484783107285594
C_KINGSAFETY:0.5
C_PAWNSTRUCTURE:0.513955152743043
C_PIECECOORDINATION:0.510496854847549
C_ROOKANDPAWNMOVEMENT:0.510496854847549
C_CENTERCONTROL:0.5165719208004657
C_DEVELOPPIECES:0.495469197150543
C_MATERIAL:0.4936787474449329
C_MOVECOUNT:0.478038188261665
