ELO:1009
CE_PASSEDPAWNS:0.5
CE_PAWNWEAKNESSES:0.5010157717666065
CE_PIECEACTIVITY:0.5075092752493181
CE_KINGPAWNSHIELD:0.5111933454583657
CE_PIECECOORDINATION:0.4875623156123702
CE_MATERIAL:0.5072607162444306
CE_KINGSAFETY:0.5
C_PIECESQUARETABLES:0.5
C_MOBILITY:0.5020085049946837
C_KINGSAFETY:0.5
C_PAWNSTRUCTURE:0.5
C_PIECECOORDINATION:0.48766183832276283
C_ROOKANDPAWNMOVEMENT:0.48766183832276283
C_CENTERCONTROL:0.48684802454462045
C_DEVELOPPIECES:0.506323130891152
C_MATERIAL:0.5
C_MOVECOUNT:0.5
