ELO:705
CE_PASSEDPAWNS:0.4946423987243441
CE_PAWNWEAKNESSES:0.575364271424265
CE_PIECEACTIVITY:0.3666706214931127
CE_KINGPAWNSHIELD:0.44676037755936476
CE_PIECECOORDINATION:0.5507879273835219
CE_MATERIAL:0.5341099570457473
CE_KINGSAFETY:0.5007445902392982
C_PIECESQUARETABLES:0.5158146219599747
C_MOBILITY:0.4518900870562613
C_KINGSAFETY:0.5273901750150957
C_PAWNSTRUCTURE:0.5218910709623324
C_PIECECOORDINATION:0.4774941349190978
C_ROOKANDPAWNMOVEMENT:0.4774941349190978
C_CENTERCONTROL:0.4893838330127367
C_DEVELOPPIECES:0.5209060215529103
C_MATERIAL:0.4754171216873064
C_MOVECOUNT:0.5146314592009749
