ELO:995
CE_PASSEDPAWNS:0.5457345729423272
CE_PAWNWEAKNESSES:0.5271224385505124
CE_PIECEACTIVITY:0.5033714149895528
CE_KINGPAWNSHIELD:0.3988130596815317
CE_PIECECOORDINATION:0.4436652419903965
CE_MATERIAL:0.5092910556090313
CE_KINGSAFETY:0.5
C_PIECESQUARETABLES:0.5
C_MOBILITY:0.49816549280442246
C_KINGSAFETY:0.5001911309202866
C_PAWNSTRUCTURE:0.3974960377332616
C_PIECECOORDINATION:0.5463579037430836
C_ROOKANDPAWNMOVEMENT:0.5463579037430836
C_CENTERCONTROL:0.4062750565716289
C_DEVELOPPIECES:0.5162695844746699
C_MATERIAL:0.6785998631931784
