ELO:1026
CE_PASSEDPAWNS:0.4979981994237782
CE_PAWNWEAKNESSES:0.5
CE_PIECEACTIVITY:0.5084185992058496
CE_KINGPAWNSHIELD:0.5
CE_PIECECOORDINATION:0.5
CE_MATERIAL:0.5034195383257487
CE_KINGSAFETY:0.49638356021392255
C_PIECESQUARETABLES:0.5
C_MOBILITY:0.5
C_KINGSAFETY:0.4924923731448463
C_PAWNSTRUCTURE:0.5079833331295335
C_PIECECOORDINATION:0.5054514722512938
C_ROOKANDPAWNMOVEMENT:0.5054514722512938
C_CENTERCONTROL:0.5
C_DEVELOPPIECES:0.5
C_MATERIAL:0.5095283435538355
