ELO:993
CE_PASSEDPAWNS:0.54950276544465
CE_PAWNWEAKNESSES:0.5067574346196122
CE_PIECEACTIVITY:0.5375451140207167
CE_KINGPAWNSHIELD:0.5711369990473045
CE_PIECECOORDINATION:0.49457269945637616
CE_MATERIAL:0.529087725472311
CE_KINGSAFETY:0.5112434342381282
C_PIECESQUARETABLES:0.5023394372070537
C_MOBILITY:0.5371805195325171
C_KINGSAFETY:0.5365683402406176
C_PAWNSTRUCTURE:0.4944383297226032
C_PIECECOORDINATION:0.5025963862088084
C_ROOKANDPAWNMOVEMENT:0.5025963862088084
C_CENTERCONTROL:0.562736126913359
C_DEVELOPPIECES:0.5083768802512426
C_MATERIAL:0.49143605536744134
