ELO:966
CE_PASSEDPAWNS:0.56287235275308
CE_PAWNWEAKNESSES:0.437903120049362
CE_PIECEACTIVITY:0.5777597652000485
CE_KINGPAWNSHIELD:0.5945733921850656
CE_PIECECOORDINATION:0.5249303096451994
CE_MATERIAL:0.4853815524379683
CE_KINGSAFETY:0.5146920671561315
C_PIECESQUARETABLES:0.4963310446871627
C_MOBILITY:0.5293488670762685
C_KINGSAFETY:0.5597094220304869
C_PAWNSTRUCTURE:0.5037037778068425
C_PIECECOORDINATION:0.527017370869923
C_ROOKANDPAWNMOVEMENT:0.527017370869923
C_CENTERCONTROL:0.5547930165863587
C_DEVELOPPIECES:0.4793571238249687
C_MATERIAL:0.45027133833065125
