ELO:880
CE_PASSEDPAWNS:0.5250282470231165
CE_PAWNWEAKNESSES:0.4853633967719626
CE_PIECEACTIVITY:0.4821054503137165
CE_KINGPAWNSHIELD:0.5031965684855022
CE_PIECECOORDINATION:0.4136918912530713
CE_MATERIAL:0.42907714946708125
CE_KINGSAFETY:0.47731973618618123
C_PIECESQUARETABLES:0.5088719603396934
C_MOBILITY:0.5260744924413875
C_KINGSAFETY:0.48359331779883497
C_PAWNSTRUCTURE:0.4505722611879102
C_PIECECOORDINATION:0.5266168199485233
C_ROOKANDPAWNMOVEMENT:0.5266168199485233
C_CENTERCONTROL:0.5102950449800103
C_DEVELOPPIECES:0.4393107555926344
C_MATERIAL:0.5390414542973736
C_MOVECOUNT:0.5349048735805876
