ELO:1000
CE_PASSEDPAWNS:0.5197827266350105
CE_PAWNWEAKNESSES:0.5632936797657203
CE_PIECEACTIVITY:0.4546983689395309
CE_KINGPAWNSHIELD:0.5386199897994538
CE_PIECECOORDINATION:0.49399617879180824
CE_MATERIAL:0.5367367596450995
CE_KINGSAFETY:0.4804513443358972
C_PIECESQUARETABLES:0.4443705382333677
C_MOBILITY:0.4981647141528926
C_KINGSAFETY:0.4655281939668821
C_PAWNSTRUCTURE:0.4828525456042673
C_PIECECOORDINATION:0.5049101231803786
C_ROOKANDPAWNMOVEMENT:0.5049101231803786
C_CENTERCONTROL:0.49301954192677333
C_DEVELOPPIECES:0.5714843981979323
C_MATERIAL:0.476670607317236
