ELO:1008
CE_PASSEDPAWNS:0.4877433027824759
CE_PAWNWEAKNESSES:0.48783886298056217
CE_PIECEACTIVITY:0.5
CE_KINGPAWNSHIELD:0.5
CE_PIECECOORDINATION:0.49247350606310375
CE_MATERIAL:0.5
CE_KINGSAFETY:0.4936227394206299
C_PIECESQUARETABLES:0.5057998613815862
C_MOBILITY:0.5
C_KINGSAFETY:0.5
C_PAWNSTRUCTURE:0.48886525411808723
C_PIECECOORDINATION:0.5046759292101731
C_ROOKANDPAWNMOVEMENT:0.5046759292101731
C_CENTERCONTROL:0.5114467141370863
C_DEVELOPPIECES:0.505090930300514
C_MATERIAL:0.5
