ELO:974
CE_PASSEDPAWNS:0.5111149673532346
CE_PAWNWEAKNESSES:0.4954728159053592
CE_PIECEACTIVITY:0.5020022936422528
CE_KINGPAWNSHIELD:0.4728408608719225
CE_PIECECOORDINATION:0.5002465030205382
CE_MATERIAL:0.5
CE_KINGSAFETY:0.5
C_PIECESQUARETABLES:0.5
C_MOBILITY:0.5256949213716655
C_KINGSAFETY:0.5089293958929604
C_PAWNSTRUCTURE:0.4672220714395548
C_PIECECOORDINATION:0.4765832087227855
C_ROOK:0.5415126425962393
CE_ROOK:0.5272435770840196
C_CENTERCONTROL:0.5185125323210099
C_DEVELOPPIECES:0.5516164841804398
C_MATERIAL:0.5367029516076394
C_MOVECOUNT:0.5214743265417351
C_PAWNMOVEMENT:0.531879294195713
