ELO:1010
CE_PASSEDPAWNS:0.5167651280950437
CE_PAWNWEAKNESSES:0.4984220570338381
CE_PIECEACTIVITY:0.47609359916723526
CE_KINGPAWNSHIELD:0.47955726751734007
CE_PIECECOORDINATION:0.5218464997246817
CE_MATERIAL:0.5008690520461914
CE_KINGSAFETY:0.5
C_PIECESQUARETABLES:0.5
C_MOBILITY:0.514494679997682
C_KINGSAFETY:0.5105880199927462
C_PAWNSTRUCTURE:0.4862013539995279
C_PIECECOORDINATION:0.5211399142819917
C_ROOK:0.47069536692990466
CE_ROOK:0.5080424662482982
C_CENTERCONTROL:0.5141947526625747
C_DEVELOPPIECES:0.4946344932875009
C_MATERIAL:0.5008975528487973
C_MOVECOUNT:0.483026818405526
C_PAWNMOVEMENT:0.5268356513294729
