ELO:1000
CE_PASSEDPAWNS:0.5254662395268556
CE_PAWNWEAKNESSES:0.5
CE_PIECEACTIVITY:0.5052257432923839
CE_KINGPAWNSHIELD:0.49539174016958354
CE_PIECECOORDINATION:0.5156413792775153
CE_MATERIAL:0.4829327523564308
CE_KINGSAFETY:0.50055587882799
C_PIECESQUARETABLES:0.5310881124046241
C_MOBILITY:0.5195898967487078
C_KINGSAFETY:0.4981729705650653
C_PAWNSTRUCTURE:0.49549708153353217
C_PIECECOORDINATION:0.5062862477357869
C_ROOKANDPAWNMOVEMENT:0.5062862477357869
C_CENTERCONTROL:0.5002190324663993
C_DEVELOPPIECES:0.521158737625307
C_MATERIAL:0.502309441308083
