ELO:979
CE_PASSEDPAWNS:0.5007654020461682
CE_PAWNWEAKNESSES:0.5450409642067436
CE_PIECEACTIVITY:0.4685286538579853
CE_KINGPAWNSHIELD:0.5511553105375556
CE_PIECECOORDINATION:0.47462742978819694
CE_MATERIAL:0.5223385945617866
CE_KINGSAFETY:0.4889881701971768
C_PIECESQUARETABLES:0.5125356370426755
C_MOBILITY:0.47395650216398905
C_KINGSAFETY:0.49061152568509153
C_PAWNSTRUCTURE:0.4712622919828125
C_PIECECOORDINATION:0.49679951490292995
C_ROOKANDPAWNMOVEMENT:0.49679951490292995
C_CENTERCONTROL:0.43009549058687774
C_DEVELOPPIECES:0.5557225282322839
C_MATERIAL:0.5013131106878445
