ELO:1030
CE_PASSEDPAWNS:0.5
CE_PAWNWEAKNESSES:0.5087153643971183
CE_PIECEACTIVITY:0.5
CE_KINGPAWNSHIELD:0.5013443914561478
CE_PIECECOORDINATION:0.5
CE_MATERIAL:0.5
CE_KINGSAFETY:0.5072679903600855
C_PIECESQUARETABLES:0.499784859410524
C_MOBILITY:0.5
C_KINGSAFETY:0.5050741593052691
C_PAWNSTRUCTURE:0.4876294285761479
C_PIECECOORDINATION:0.475558219239173
C_ROOKANDPAWNMOVEMENT:0.475558219239173
C_CENTERCONTROL:0.48870570336664043
C_DEVELOPPIECES:0.5
C_MATERIAL:0.4770025414488955
