ELO:994
CE_PASSEDPAWNS:0.5004019133765094
CE_PAWNWEAKNESSES:0.47042647778630153
CE_PIECEACTIVITY:0.44093640437854514
CE_KINGPAWNSHIELD:0.4942099565315767
CE_PIECECOORDINATION:0.5143621151532964
CE_MATERIAL:0.5132067850166201
CE_KINGSAFETY:0.5
C_PIECESQUARETABLES:0.5
C_MOBILITY:0.5157046756095156
C_KINGSAFETY:0.47719324272971314
C_PAWNSTRUCTURE:0.5113697767813156
C_PIECECOORDINATION:0.5408224394220434
C_ROOK:0.5130814578685717
CE_ROOK:0.4825625937589016
C_CENTERCONTROL:0.5301531798962803
C_DEVELOPPIECES:0.5028874463203526
C_MATERIAL:0.5159957380937871
C_MOVECOUNT:0.4748754198000521
C_PAWNMOVEMENT:0.4619519055099006
