ELO:1000
CE_PASSEDPAWNS:0.5146199685244791
CE_PAWNWEAKNESSES:0.4859701925511306
CE_PIECEACTIVITY:0.5404977295464907
CE_KINGPAWNSHIELD:0.47518136107165543
CE_PIECECOORDINATION:0.5449816495896276
CE_MATERIAL:0.5078786252236771
CE_KINGSAFETY:0.5128195379322426
C_PIECESQUARETABLES:0.5006380478890662
C_MOBILITY:0.47886650997014496
C_KINGSAFETY:0.5688264642447742
C_PAWNSTRUCTURE:0.4388478360873317
C_PIECECOORDINATION:0.5040230827643337
C_ROOKANDPAWNMOVEMENT:0.5040230827643337
C_CENTERCONTROL:0.5034078283734886
C_DEVELOPPIECES:0.4927057405389644
C_MATERIAL:0.5039977906748795
