ELO:909
CE_PASSEDPAWNS:0.5311909160657411
CE_PAWNWEAKNESSES:0.4735050520247997
CE_PIECEACTIVITY:0.5075847255478557
CE_KINGPAWNSHIELD:0.5400910737992389
CE_PIECECOORDINATION:0.5562301591822791
CE_MATERIAL:0.5730829818430156
CE_KINGSAFETY:0.5278647262766947
C_PIECESQUARETABLES:0.47145036171710847
C_MOBILITY:0.45687954897155125
C_KINGSAFETY:0.5319620888985505
C_PAWNSTRUCTURE:0.4240795730950913
C_PIECECOORDINATION:0.5342128678917546
C_ROOKANDPAWNMOVEMENT:0.5342128678917546
C_CENTERCONTROL:0.4261408809143203
C_DEVELOPPIECES:0.5763999194130129
C_MATERIAL:0.47743060280961636
