ELO:961
CE_PASSEDPAWNS:0.48444793614413934
CE_PAWNWEAKNESSES:0.4956664337677384
CE_PIECEACTIVITY:0.5976149759106862
CE_KINGPAWNSHIELD:0.4352784749022393
CE_PIECECOORDINATION:0.47658112975005357
CE_MATERIAL:0.47711300162780623
CE_KINGSAFETY:0.5130184646241642
C_PIECESQUARETABLES:0.4991967629054345
C_MOBILITY:0.440366773631062
C_KINGSAFETY:0.5445388211150354
C_PAWNSTRUCTURE:0.4619482522711052
C_PIECECOORDINATION:0.5043078845843262
C_ROOKANDPAWNMOVEMENT:0.5043078845843262
C_CENTERCONTROL:0.5389473809445974
C_DEVELOPPIECES:0.4200141932656693
C_MATERIAL:0.49205697191364145
