ELO:1025
CE_PASSEDPAWNS:0.5347416359393783
CE_PAWNWEAKNESSES:0.5086094244915422
CE_PIECEACTIVITY:0.49702535401778575
CE_KINGPAWNSHIELD:0.48910981540645687
CE_PIECECOORDINATION:0.545778122978973
CE_MATERIAL:0.5138007272022727
CE_KINGSAFETY:0.5
C_PIECESQUARETABLES:0.5
C_MOBILITY:0.49511995947111004
C_KINGSAFETY:0.4539777553967082
C_PAWNSTRUCTURE:0.5
C_PIECECOORDINATION:0.5123368261828549
C_ROOK:0.49446766178594015
CE_ROOK:0.5
C_CENTERCONTROL:0.47972147466404774
C_DEVELOPPIECES:0.47318066990773905
C_MATERIAL:0.4788564344845853
C_MOVECOUNT:0.4173840928817699
C_PAWNMOVEMENT:0.5166132914539359
