ELO:767
CE_PASSEDPAWNS:0.5396348372394386
CE_PAWNWEAKNESSES:0.5196969984766829
CE_PIECEACTIVITY:0.48710001343576464
CE_KINGPAWNSHIELD:0.5797181316453952
CE_PIECECOORDINATION:0.5088065112551499
CE_MATERIAL:0.49362203914137515
CE_KINGSAFETY:0.5056630614766531
C_PIECESQUARETABLES:0.4592184662239585
C_MOBILITY:0.44191354903686975
C_KINGSAFETY:0.5072781399872462
C_PAWNSTRUCTURE:0.4538361945767438
C_PIECECOORDINATION:0.5358787809064404
C_ROOKANDPAWNMOVEMENT:0.5358787809064404
C_CENTERCONTROL:0.5324689125207979
C_DEVELOPPIECES:0.6166386995329368
C_MATERIAL:0.5061293542793827
C_MOVECOUNT:0.5
