ELO:982
CE_PASSEDPAWNS:0.5012891149791388
CE_PAWNWEAKNESSES:0.465007261531103
CE_PIECEACTIVITY:0.5281816178775043
CE_KINGPAWNSHIELD:0.5
CE_PIECECOORDINATION:0.4996416392786762
CE_MATERIAL:0.5111982591432729
CE_KINGSAFETY:0.524913904701611
C_PIECESQUARETABLES:0.5109667708256022
C_MOBILITY:0.49839973207624944
C_KINGSAFETY:0.4891825766020803
C_PAWNSTRUCTURE:0.5
C_PIECECOORDINATION:0.47900439434931097
C_ROOKANDPAWNMOVEMENT:0.47900439434931097
C_CENTERCONTROL:0.49924360538488377
C_DEVELOPPIECES:0.48256232256316556
C_MATERIAL:0.4952708260278718
C_MOVECOUNT:0.5013983182154124
