ELO:976
CE_PASSEDPAWNS:0.5192446817389743
CE_PAWNWEAKNESSES:0.541458136180673
CE_PIECEACTIVITY:0.5510050637743745
CE_KINGPAWNSHIELD:0.43660082872208905
CE_PIECECOORDINATION:0.4613113025985452
CE_MATERIAL:0.4731263120859833
CE_KINGSAFETY:0.5318755918910433
C_PIECESQUARETABLES:0.5010028276906779
C_MOBILITY:0.42704336693549994
C_KINGSAFETY:0.5554743361801839
C_PAWNSTRUCTURE:0.4474089778826904
C_PIECECOORDINATION:0.5734163398315555
C_ROOKANDPAWNMOVEMENT:0.5734163398315555
C_CENTERCONTROL:0.5123705454088583
C_DEVELOPPIECES:0.4282615907486756
C_MATERIAL:0.47479977357968994
