ELO:1000
CE_PASSEDPAWNS:0.5102474379231929
CE_PAWNWEAKNESSES:0.5114722277859425
CE_PIECEACTIVITY:0.5
CE_KINGPAWNSHIELD:0.4953097084309988
CE_PIECECOORDINATION:0.5
CE_MATERIAL:0.5047107847677659
CE_KINGSAFETY:0.5
C_PIECESQUARETABLES:0.5
C_MOBILITY:0.5
C_KINGSAFETY:0.5025689822842281
C_PAWNSTRUCTURE:0.5011680538195776
C_PIECECOORDINATION:0.5059281764401105
C_ROOK:0.4895645555235127
CE_ROOK:0.48455216951254176
C_CENTERCONTROL:0.5
C_DEVELOPPIECES:0.49032303329700333
C_MATERIAL:0.5087386390911228
C_MOVECOUNT:0.5
C_PAWNMOVEMENT:0.5278498692625867
