ELO:1000
CE_PASSEDPAWNS:0.5105798755191653
CE_PAWNWEAKNESSES:0.4954624793693928
CE_PIECEACTIVITY:0.5164794310066182
CE_KINGPAWNSHIELD:0.48339860974256615
CE_PIECECOORDINATION:0.5091097484199573
CE_MATERIAL:0.48734646327813186
CE_KINGSAFETY:0.4953373360595239
C_PIECESQUARETABLES:0.5503870956927722
C_MOBILITY:0.5201335302336761
C_KINGSAFETY:0.52942610274657
C_PAWNSTRUCTURE:0.4410201027824498
C_PIECECOORDINATION:0.5141810943314199
C_ROOKANDPAWNMOVEMENT:0.5141810943314199
C_CENTERCONTROL:0.5144031797274147
C_DEVELOPPIECES:0.5220044125524292
C_MATERIAL:0.5116277336823968
