ELO:1000
CE_PASSEDPAWNS:0.4966534895521633
CE_PAWNWEAKNESSES:0.5276716516277854
CE_PIECEACTIVITY:0.46032759623542713
CE_KINGPAWNSHIELD:0.517334054518924
CE_PIECECOORDINATION:0.5141359351159127
CE_MATERIAL:0.5068674019588987
CE_KINGSAFETY:0.505248186848302
C_PIECESQUARETABLES:0.47643768906415174
C_MOBILITY:0.5193734652550359
C_KINGSAFETY:0.49523667572195884
C_PAWNSTRUCTURE:0.5046172128152582
C_PIECECOORDINATION:0.4891376112232632
C_ROOKANDPAWNMOVEMENT:0.4891376112232632
C_CENTERCONTROL:0.46669205886026904
C_DEVELOPPIECES:0.523562548098136
C_MATERIAL:0.5205682092696031
