ELO:794
CE_PASSEDPAWNS:0.4501605587983336
CE_PAWNWEAKNESSES:0.5674210314554413
CE_PIECEACTIVITY:0.4261967220669181
CE_KINGPAWNSHIELD:0.5123771721483271
CE_PIECECOORDINATION:0.3932362089280974
CE_MATERIAL:0.6396401897873178
CE_KINGSAFETY:0.5355507339918456
C_PIECESQUARETABLES:0.518881169719482
C_MOBILITY:0.5906678154075579
C_KINGSAFETY:0.4827548603006365
C_PAWNSTRUCTURE:0.413539933789494
C_PIECECOORDINATION:0.43116058435516114
C_ROOKANDPAWNMOVEMENT:0.43116058435516114
C_CENTERCONTROL:0.5373680149408837
C_DEVELOPPIECES:0.499293516114759
C_MATERIAL:0.5174012336951421
