ELO:953
CE_PASSEDPAWNS:0.47623370936772635
CE_PAWNWEAKNESSES:0.41391257762005856
CE_PIECEACTIVITY:0.5
CE_KINGPAWNSHIELD:0.5575578390731659
CE_PIECECOORDINATION:0.5277564099244295
CE_MATERIAL:0.44558141449112604
CE_KINGSAFETY:0.49339426261426766
C_PIECESQUARETABLES:0.5384838472911613
C_MOBILITY:0.5051626154467438
C_KINGSAFETY:0.45447348143056754
C_PAWNSTRUCTURE:0.5402073091528705
C_PIECECOORDINATION:0.5110617784141092
C_ROOKANDPAWNMOVEMENT:0.5110617784141092
C_CENTERCONTROL:0.4699163531728493
C_DEVELOPPIECES:0.46493961269508927
C_MATERIAL:0.46982459527815784
C_MOVECOUNT:0.522527119159671
