ELO:990
CE_PASSEDPAWNS:0.5055989024870705
CE_PAWNWEAKNESSES:0.5460223630514317
CE_PIECEACTIVITY:0.4562371867499504
CE_KINGPAWNSHIELD:0.5564441134994388
CE_PIECECOORDINATION:0.4983951030712317
CE_MATERIAL:0.5334562780485606
CE_KINGSAFETY:0.5022832730340737
C_PIECESQUARETABLES:0.5076164184109677
C_MOBILITY:0.4908384513790952
C_KINGSAFETY:0.486513183707455
C_PAWNSTRUCTURE:0.46412921355216874
C_PIECECOORDINATION:0.5150778065689365
C_ROOKANDPAWNMOVEMENT:0.5150778065689365
C_CENTERCONTROL:0.45974249496558833
C_DEVELOPPIECES:0.5532532421836722
C_MATERIAL:0.5109817694591168
