ELO:1016
CE_PASSEDPAWNS:0.5072948868350334
CE_PAWNWEAKNESSES:0.5057704567929557
CE_PIECEACTIVITY:0.49161878511758483
CE_KINGPAWNSHIELD:0.4672993635636586
CE_PIECECOORDINATION:0.5347975249174851
CE_MATERIAL:0.4855466208374563
CE_KINGSAFETY:0.4909161248280088
C_PIECESQUARETABLES:0.5014053995422535
C_MOBILITY:0.501289763415015
C_KINGSAFETY:0.5067321104029844
C_PAWNSTRUCTURE:0.49194382569480843
C_PIECECOORDINATION:0.5341483769871488
C_ROOK:0.4797932840832071
CE_ROOK:0.4935121825709985
C_CENTERCONTROL:0.5534623204558115
C_DEVELOPPIECES:0.4946344932875009
C_MATERIAL:0.50195356868972
C_MOVECOUNT:0.48412116275873324
C_PAWNMOVEMENT:0.495089760890589
