ELO:1000
CE_PASSEDPAWNS:0.5013348598068862
CE_PAWNWEAKNESSES:0.49805184166847194
CE_PIECEACTIVITY:0.554807534192062
CE_KINGPAWNSHIELD:0.48814022338658414
CE_PIECECOORDINATION:0.52221592405656
CE_MATERIAL:0.5024473057165884
CE_KINGSAFETY:0.4997754841982988
C_PIECESQUARETABLES:0.5015511537639976
C_MOBILITY:0.4886733772627992
C_KINGSAFETY:0.553982611573906
C_PAWNSTRUCTURE:0.43846363634922775
C_PIECECOORDINATION:0.48295570358870177
C_ROOKANDPAWNMOVEMENT:0.48295570358870177
C_CENTERCONTROL:0.4988105553985392
C_DEVELOPPIECES:0.5066137287476402
C_MATERIAL:0.5275248222040437
