ELO:1037
CE_PASSEDPAWNS:0.4899828545807147
CE_PAWNWEAKNESSES:0.501277077137846
CE_PIECEACTIVITY:0.5315058178235721
CE_KINGPAWNSHIELD:0.49656702813303477
CE_PIECECOORDINATION:0.5
CE_MATERIAL:0.5109465707758587
CE_KINGSAFETY:0.5006444464510263
C_PIECESQUARETABLES:0.4949912599063003
C_MOBILITY:0.4958715711078809
C_KINGSAFETY:0.48005911312502075
C_PAWNSTRUCTURE:0.4738956192934968
C_PIECECOORDINATION:0.5017391026283284
C_ROOKANDPAWNMOVEMENT:0.5017391026283284
C_CENTERCONTROL:0.48664417475943206
C_DEVELOPPIECES:0.5100923306150991
C_MATERIAL:0.4846101792762186
