ELO:912
CE_PASSEDPAWNS:0.49500929363725243
CE_PAWNWEAKNESSES:0.47400450404060185
CE_PIECEACTIVITY:0.48637762264125334
CE_KINGPAWNSHIELD:0.5391464481858621
CE_PIECECOORDINATION:0.48744591739967563
CE_MATERIAL:0.47534006319516375
CE_KINGSAFETY:0.47111886027666344
C_PIECESQUARETABLES:0.4798225332194917
C_MOBILITY:0.48723701876336095
C_KINGSAFETY:0.5207967157825597
C_PAWNSTRUCTURE:0.47717098979985384
C_PIECECOORDINATION:0.5181249660490972
C_ROOKANDPAWNMOVEMENT:0.5181249660490972
C_CENTERCONTROL:0.48421852908307456
C_DEVELOPPIECES:0.5114030316816226
C_MATERIAL:0.4767280940727619
C_MOVECOUNT:0.5
