ELO:990
CE_PASSEDPAWNS:0.4758671450548942
CE_PAWNWEAKNESSES:0.49761747746460566
CE_PIECEACTIVITY:0.494525364227478
CE_KINGPAWNSHIELD:0.5
CE_PIECECOORDINATION:0.5028172490620074
CE_MATERIAL:0.5076406468309166
CE_KINGSAFETY:0.5
C_PIECESQUARETABLES:0.5
C_MOBILITY:0.5063540020811045
C_KINGSAFETY:0.4888335213442487
C_PAWNSTRUCTURE:0.5106808787005696
C_PIECECOORDINATION:0.5026593815350192
C_ROOKANDPAWNMOVEMENT:0.5026593815350192
C_CENTERCONTROL:0.4933064298855985
C_DEVELOPPIECES:0.5098269092652232
C_MATERIAL:0.4814486274757435
C_MOVECOUNT:0.4988290186960487
