ELO:1000
CE_PASSEDPAWNS:0.5016319607040775
CE_PAWNWEAKNESSES:0.5005021500470102
CE_PIECEACTIVITY:0.49967416655224245
CE_KINGPAWNSHIELD:0.5143181810769002
CE_PIECECOORDINATION:0.4915458201558154
CE_MATERIAL:0.5
CE_KINGSAFETY:0.4939545750429887
C_PIECESQUARETABLES:0.50440808849436
C_MOBILITY:0.49438458630972926
C_KINGSAFETY:0.49128509216945626
C_PAWNSTRUCTURE:0.4986808823329742
C_PIECECOORDINATION:0.5159411291533198
C_ROOKANDPAWNMOVEMENT:0.5159411291533198
C_CENTERCONTROL:0.49330113177368123
C_DEVELOPPIECES:0.5220739275315163
C_MATERIAL:0.5298838541970169
