ELO:1000
CE_PASSEDPAWNS:0.5057134743768363
CE_PAWNWEAKNESSES:0.4859701925511306
CE_PIECEACTIVITY:0.5404977295464907
CE_KINGPAWNSHIELD:0.47518136107165543
CE_PIECECOORDINATION:0.5345325466140799
CE_MATERIAL:0.5041382508418827
CE_KINGSAFETY:0.5128195379322426
C_PIECESQUARETABLES:0.5006380478890662
C_MOBILITY:0.47886650997014496
C_KINGSAFETY:0.5618759789178884
C_PAWNSTRUCTURE:0.4388478360873317
C_PIECECOORDINATION:0.5040230827643337
C_ROOKANDPAWNMOVEMENT:0.5040230827643337
C_CENTERCONTROL:0.5082391316754601
C_DEVELOPPIECES:0.500977530413188
C_MATERIAL:0.5103949639919159
