ELO:1004
CE_PASSEDPAWNS:0.48574486229112485
CE_PAWNWEAKNESSES:0.5048955438261592
CE_PIECEACTIVITY:0.48661846218344973
CE_KINGPAWNSHIELD:0.541125425319214
CE_PIECECOORDINATION:0.5171406272205582
CE_MATERIAL:0.5036905929148366
CE_KINGSAFETY:0.5
C_PIECESQUARETABLES:0.5
C_MOBILITY:0.4330686462875857
C_KINGSAFETY:0.4906094692738365
C_PAWNSTRUCTURE:0.504798321983119
C_PIECECOORDINATION:0.5088175621277743
C_ROOK:0.5369059538193658
CE_ROOK:0.479067990043031
C_CENTERCONTROL:0.48158387471991765
C_DEVELOPPIECES:0.47944667082985915
C_MATERIAL:0.4960886216407111
C_MOVECOUNT:0.4985606941527816
C_PAWNMOVEMENT:0.5072186104954414
