ELO:980
CE_PASSEDPAWNS:0.4930592634604511
CE_PAWNWEAKNESSES:0.46514745859790213
CE_PIECEACTIVITY:0.5622051047487314
CE_KINGPAWNSHIELD:0.46618537908204
CE_PIECECOORDINATION:0.505319428101325
CE_MATERIAL:0.4876136004602374
CE_KINGSAFETY:0.5237327320625981
C_PIECESQUARETABLES:0.5054964273148655
C_MOBILITY:0.4631812617941219
C_KINGSAFETY:0.5471102359061331
C_PAWNSTRUCTURE:0.45621253449010607
C_PIECECOORDINATION:0.4781078507047777
C_ROOKANDPAWNMOVEMENT:0.4781078507047777
C_CENTERCONTROL:0.5204684050209465
C_DEVELOPPIECES:0.41267800794677956
C_MATERIAL:0.5219810426209684
