ELO:919
CE_PASSEDPAWNS:0.5332000114039267
CE_PAWNWEAKNESSES:0.4734810874552713
CE_PIECEACTIVITY:0.5047943762963609
CE_KINGPAWNSHIELD:0.5385391360542955
CE_PIECECOORDINATION:0.5503035323163793
CE_MATERIAL:0.5794769548843608
CE_KINGSAFETY:0.5121777313142896
C_PIECESQUARETABLES:0.4799038685364045
C_MOBILITY:0.44985556683279077
C_KINGSAFETY:0.5379153562813703
C_PAWNSTRUCTURE:0.4190781903041578
C_PIECECOORDINATION:0.5301422423508361
C_ROOKANDPAWNMOVEMENT:0.5301422423508361
C_CENTERCONTROL:0.44235068372126535
C_DEVELOPPIECES:0.5729645239161651
C_MATERIAL:0.4765976393887964
