ELO:1000
CE_PASSEDPAWNS:0.478475794634912
CE_PAWNWEAKNESSES:0.49234308242858066
CE_PIECEACTIVITY:0.5399474073823507
CE_KINGPAWNSHIELD:0.4582417903885776
CE_PIECECOORDINATION:0.5272005783687248
CE_MATERIAL:0.5087776650342289
CE_KINGSAFETY:0.5
C_PIECESQUARETABLES:0.5
C_MOBILITY:0.45809017242617234
C_KINGSAFETY:0.5710814756163416
C_PAWNSTRUCTURE:0.41704819579042873
C_PIECECOORDINATION:0.4810474524317026
C_ROOKANDPAWNMOVEMENT:0.4810474524317026
C_CENTERCONTROL:0.5369983553852217
C_DEVELOPPIECES:0.49786857195332446
C_MATERIAL:0.5020062852034858
