ELO:1092
CE_PASSEDPAWNS:0.6236835391992855
CE_PAWNWEAKNESSES:0.5175499396310063
CE_PIECEACTIVITY:0.46446962177325035
CE_KINGPAWNSHIELD:0.4758548338602733
CE_PIECECOORDINATION:0.48658621267748275
CE_MATERIAL:0.46785258405047786
CE_KINGSAFETY:0.49114051082505017
C_PIECESQUARETABLES:0.4778901711940849
C_MOBILITY:0.41517289253283657
C_KINGSAFETY:0.4997999099421317
C_PAWNSTRUCTURE:0.40354531254173687
C_PIECECOORDINATION:0.44895902949526106
C_ROOKANDPAWNMOVEMENT:0.44895902949526106
C_CENTERCONTROL:0.5467258093320491
C_DEVELOPPIECES:0.5458935069053079
C_MATERIAL:0.4195941510841858
