ELO:1009
CE_PASSEDPAWNS:0.5026713052980661
CE_PAWNWEAKNESSES:0.5048955438261592
CE_PIECEACTIVITY:0.49702535401778575
CE_KINGPAWNSHIELD:0.4606638534680644
CE_PIECECOORDINATION:0.4930723245334506
CE_MATERIAL:0.5138007272022727
CE_KINGSAFETY:0.5
C_PIECESQUARETABLES:0.5
C_MOBILITY:0.5026332375267567
C_KINGSAFETY:0.49418693488300064
C_PAWNSTRUCTURE:0.5
C_PIECECOORDINATION:0.5124269745948176
C_ROOK:0.5369059538193658
CE_ROOK:0.479067990043031
C_CENTERCONTROL:0.48158387471991765
C_DEVELOPPIECES:0.5
C_MATERIAL:0.5005844375595324
C_MOVECOUNT:0.525297700067282
C_PAWNMOVEMENT:0.5078320073951574
