ELO:1006
CE_PASSEDPAWNS:0.5051760535855757
CE_PAWNWEAKNESSES:0.505445807839932
CE_PIECEACTIVITY:0.5025160134641506
CE_KINGPAWNSHIELD:0.5002967083334299
CE_PIECECOORDINATION:0.5106848275226574
CE_MATERIAL:0.5
CE_KINGSAFETY:0.5
C_PIECESQUARETABLES:0.49604712285518604
C_MOBILITY:0.5035109638964883
C_KINGSAFETY:0.4917427139231224
C_PAWNSTRUCTURE:0.4897430319778283
C_PIECECOORDINATION:0.5007055541511868
C_ROOKANDPAWNMOVEMENT:0.5007055541511868
C_CENTERCONTROL:0.5106691227333533
C_DEVELOPPIECES:0.5
C_MATERIAL:0.4933225510300558
C_MOVECOUNT:0.496075931400985
