ELO:919
CE_PASSEDPAWNS:0.5155709420056978
CE_PAWNWEAKNESSES:0.5318784101610288
CE_PIECEACTIVITY:0.47649913675955385
CE_KINGPAWNSHIELD:0.5082562058254286
CE_PIECECOORDINATION:0.4843850996752901
CE_MATERIAL:0.4826735610613727
CE_KINGSAFETY:0.5062334495187066
C_PIECESQUARETABLES:0.5629229371305594
C_MOBILITY:0.49717630895409926
C_KINGSAFETY:0.5276421315456928
C_PAWNSTRUCTURE:0.5678313427001302
C_PIECECOORDINATION:0.4736615811894702
C_ROOK:0.4867146402578645
CE_ROOK:0.49101720541295246
C_CENTERCONTROL:0.5141206805679832
C_DEVELOPPIECES:0.48227882854265
C_MATERIAL:0.4857230136431059
C_MOVECOUNT:0.5004975282863341
C_PAWNMOVEMENT:0.49663955355598627
