ELO:988
CE_PASSEDPAWNS:0.5177044776043175
CE_PAWNWEAKNESSES:0.5121142953421814
CE_PIECEACTIVITY:0.5160255395595341
CE_KINGPAWNSHIELD:0.40914804759847173
CE_PIECECOORDINATION:0.4540022943211297
CE_MATERIAL:0.561768244176347
CE_KINGSAFETY:0.48763922746699895
C_PIECESQUARETABLES:0.5
C_MOBILITY:0.505949335591349
C_KINGSAFETY:0.5018409209626307
C_PAWNSTRUCTURE:0.49900031479328655
C_PIECECOORDINATION:0.5350567576815112
C_ROOKANDPAWNMOVEMENT:0.5350567576815112
C_CENTERCONTROL:0.3897178573783936
C_DEVELOPPIECES:0.5053823400575818
C_MATERIAL:0.5891075141073809
