ELO:988
CE_PASSEDPAWNS:0.5019379061059126
CE_PAWNWEAKNESSES:0.49127071991486265
CE_PIECEACTIVITY:0.44093640437854514
CE_KINGPAWNSHIELD:0.5385650572408696
CE_PIECECOORDINATION:0.48287711891478974
CE_MATERIAL:0.49975022664768143
CE_KINGSAFETY:0.5
C_PIECESQUARETABLES:0.5
C_MOBILITY:0.4983252899220533
C_KINGSAFETY:0.48962993206593186
C_PAWNSTRUCTURE:0.5113697767813156
C_PIECECOORDINATION:0.5304542664900367
C_ROOK:0.49374555651293894
CE_ROOK:0.5366552892179991
C_CENTERCONTROL:0.4867984985115353
C_DEVELOPPIECES:0.48897099722680787
C_MATERIAL:0.5282066117499004
C_MOVECOUNT:0.45645335474774623
C_PAWNMOVEMENT:0.496777167632788
