ELO:992
CE_PASSEDPAWNS:0.50231778930634
CE_PAWNWEAKNESSES:0.48856667111584606
CE_PIECEACTIVITY:0.5608584058600949
CE_KINGPAWNSHIELD:0.46556531671275114
CE_PIECECOORDINATION:0.49228678276239146
CE_MATERIAL:0.4790257683566688
CE_KINGSAFETY:0.40286357956229724
C_PIECESQUARETABLES:0.46115891784139357
C_MOBILITY:0.4641886730526876
C_KINGSAFETY:0.5564189536334123
C_PAWNSTRUCTURE:0.472512247674057
C_PIECECOORDINATION:0.4864794167867818
C_ROOKANDPAWNMOVEMENT:0.4864794167867818
C_CENTERCONTROL:0.4942749789856532
C_DEVELOPPIECES:0.4359919639241403
C_MATERIAL:0.5248089258434538
