ELO:991
CE_PASSEDPAWNS:0.5004019133765094
CE_PAWNWEAKNESSES:0.46859820693713217
CE_PIECEACTIVITY:0.4438867196111857
CE_KINGPAWNSHIELD:0.4942099565315767
CE_PIECECOORDINATION:0.5143621151532964
CE_MATERIAL:0.5305126008560768
CE_KINGSAFETY:0.5
C_PIECESQUARETABLES:0.5
C_MOBILITY:0.4983252899220533
C_KINGSAFETY:0.4539777553967082
C_PAWNSTRUCTURE:0.5113697767813156
C_PIECECOORDINATION:0.5205508551636676
C_ROOK:0.49446766178594015
CE_ROOK:0.4825625937589016
C_CENTERCONTROL:0.48748816855455884
C_DEVELOPPIECES:0.5028874463203526
C_MATERIAL:0.5159957380937871
C_MOVECOUNT:0.4748754198000521
C_PAWNMOVEMENT:0.4619519055099006
