ELO:995
CE_PASSEDPAWNS:0.5052892365993727
CE_PAWNWEAKNESSES:0.4795209796067758
CE_PIECEACTIVITY:0.4765764733103967
CE_KINGPAWNSHIELD:0.4805823021636995
CE_PIECECOORDINATION:0.5434570833912383
CE_MATERIAL:0.4929927631482744
CE_KINGSAFETY:0.5
C_PIECESQUARETABLES:0.5
C_MOBILITY:0.5006659927400722
C_KINGSAFETY:0.49440745002008646
C_PAWNSTRUCTURE:0.4925027337814812
C_PIECECOORDINATION:0.5304542664900367
C_ROOK:0.48193751984178057
CE_ROOK:0.5437560133778188
C_CENTERCONTROL:0.49553407216279843
C_DEVELOPPIECES:0.48897099722680787
C_MATERIAL:0.48197906261409296
C_MOVECOUNT:0.5141809455062772
C_PAWNMOVEMENT:0.502896661065934
