ELO:797
CE_PASSEDPAWNS:0.44284146452275336
CE_PAWNWEAKNESSES:0.5511763077744337
CE_PIECEACTIVITY:0.4161920491617849
CE_KINGPAWNSHIELD:0.5123493881340916
CE_PIECECOORDINATION:0.409391459348959
CE_MATERIAL:0.6400356015519753
CE_KINGSAFETY:0.5285393548685273
C_PIECESQUARETABLES:0.5101576389343396
C_MOBILITY:0.5847981095524284
C_KINGSAFETY:0.5169262522036865
C_PAWNSTRUCTURE:0.42767217236003263
C_PIECECOORDINATION:0.42638913667151546
C_ROOKANDPAWNMOVEMENT:0.42638913667151546
C_CENTERCONTROL:0.5200740189772713
C_DEVELOPPIECES:0.48969148040740623
C_MATERIAL:0.5068349629965468
