ELO:974
CE_PASSEDPAWNS:0.5273791353549496
CE_PAWNWEAKNESSES:0.5461259530753612
CE_PIECEACTIVITY:0.4670866686205254
CE_KINGPAWNSHIELD:0.550122962818576
CE_PIECECOORDINATION:0.4981223395065729
CE_MATERIAL:0.5223385945617866
CE_KINGSAFETY:0.4758102681796248
C_PIECESQUARETABLES:0.5241851968312237
C_MOBILITY:0.4666169230761457
C_KINGSAFETY:0.5038165333387911
C_PAWNSTRUCTURE:0.46694321476717043
C_PIECECOORDINATION:0.5171112811879123
C_ROOKANDPAWNMOVEMENT:0.5171112811879123
C_CENTERCONTROL:0.44851201068602875
C_DEVELOPPIECES:0.569945957851816
C_MATERIAL:0.49283127892669903
