ELO:988
CE_PASSEDPAWNS:0.5149106357503652
CE_PAWNWEAKNESSES:0.49912879321827586
CE_PIECEACTIVITY:0.5115517959390631
CE_KINGPAWNSHIELD:0.41366004260652983
CE_PIECECOORDINATION:0.44538019471221774
CE_MATERIAL:0.5532326370772521
CE_KINGSAFETY:0.48841090757047767
C_PIECESQUARETABLES:0.499304226721777
C_MOBILITY:0.49816549280442246
C_KINGSAFETY:0.5117042990159812
C_PAWNSTRUCTURE:0.5006281247243053
C_PIECECOORDINATION:0.5350567576815112
C_ROOKANDPAWNMOVEMENT:0.5350567576815112
C_CENTERCONTROL:0.3976101602692124
C_DEVELOPPIECES:0.5067495606305472
C_MATERIAL:0.5942984355279426
