ELO:1043
CE_PASSEDPAWNS:0.5
CE_PAWNWEAKNESSES:0.492736221047086
CE_PIECEACTIVITY:0.5008548777290616
CE_KINGPAWNSHIELD:0.49987776165307496
CE_PIECECOORDINATION:0.5106827953178035
CE_MATERIAL:0.5077234299923814
CE_KINGSAFETY:0.5
C_PIECESQUARETABLES:0.499784859410524
C_MOBILITY:0.5
C_KINGSAFETY:0.5
C_PAWNSTRUCTURE:0.5
C_PIECECOORDINATION:0.5
C_ROOKANDPAWNMOVEMENT:0.5
C_CENTERCONTROL:0.503303649882317
C_DEVELOPPIECES:0.5
C_MATERIAL:0.5
