ELO:905
CE_PASSEDPAWNS:0.4911501357860916
CE_PAWNWEAKNESSES:0.5161862498438812
CE_PIECEACTIVITY:0.5325940460653409
CE_KINGPAWNSHIELD:0.5122391954019109
CE_PIECECOORDINATION:0.4996037919456436
CE_MATERIAL:0.43763200623447784
CE_KINGSAFETY:0.5
C_PIECESQUARETABLES:0.5
C_MOBILITY:0.5214648957387107
C_KINGSAFETY:0.5162197934686868
C_PAWNSTRUCTURE:0.4991484865277956
C_PIECECOORDINATION:0.552082505958606
C_ROOKANDPAWNMOVEMENT:0.552082505958606
C_CENTERCONTROL:0.49581897292790644
C_DEVELOPPIECES:0.539589615086395
C_MATERIAL:0.5119396098615184
C_MOVECOUNT:0.5
