ELO:1005
CE_PASSEDPAWNS:0.5094595835636113
CE_PAWNWEAKNESSES:0.5
CE_PIECEACTIVITY:0.48999976766244696
CE_KINGPAWNSHIELD:0.5
CE_PIECECOORDINATION:0.4921806987214138
CE_MATERIAL:0.5
CE_KINGSAFETY:0.5
C_PIECESQUARETABLES:0.5
C_MOBILITY:0.5032531709036056
C_KINGSAFETY:0.5
C_PAWNSTRUCTURE:0.5
C_PIECECOORDINATION:0.5052269750668488
C_ROOKANDPAWNMOVEMENT:0.5052269750668488
C_CENTERCONTROL:0.5023575677760177
C_DEVELOPPIECES:0.5087795876758233
C_MATERIAL:0.5
C_MOVECOUNT:0.5
