ELO:1005
CE_PASSEDPAWNS:0.50768008603403
CE_PAWNWEAKNESSES:0.47629056760028843
CE_PIECEACTIVITY:0.5430248333995666
CE_KINGPAWNSHIELD:0.48441323650695167
CE_PIECECOORDINATION:0.49486033565070664
CE_MATERIAL:0.5031413412348756
CE_KINGSAFETY:0.5
C_PIECESQUARETABLES:0.4919867327710603
C_MOBILITY:0.4952352527065514
C_KINGSAFETY:0.5122272534514335
C_PAWNSTRUCTURE:0.5036637334883535
C_PIECECOORDINATION:0.4869405894438509
C_ROOKANDPAWNMOVEMENT:0.4869405894438509
C_CENTERCONTROL:0.46563888912951384
C_DEVELOPPIECES:0.4476396959057294
C_MATERIAL:0.49343922729650663
C_MOVECOUNT:0.5
