ELO:993
CE_PASSEDPAWNS:0.5051169406574354
CE_PAWNWEAKNESSES:0.49926818234878617
CE_PIECEACTIVITY:0.5254271717489706
CE_KINGPAWNSHIELD:0.520360023159767
CE_PIECECOORDINATION:0.48107152293986133
CE_MATERIAL:0.4929409016952274
CE_KINGSAFETY:0.4899271618496477
C_PIECESQUARETABLES:0.5058560270802321
C_MOBILITY:0.4883434351314509
C_KINGSAFETY:0.4923753125301518
C_PAWNSTRUCTURE:0.509907517542331
C_PIECECOORDINATION:0.4962402753352057
C_ROOKANDPAWNMOVEMENT:0.4962402753352057
C_CENTERCONTROL:0.4879857798298983
C_DEVELOPPIECES:0.48972710851622886
C_MATERIAL:0.5235762405028606
C_MOVECOUNT:0.5247064153072685
