ELO:966
CE_PASSEDPAWNS:0.509901935841027
CE_PAWNWEAKNESSES:0.5002882480805878
CE_PIECEACTIVITY:0.494525364227478
CE_KINGPAWNSHIELD:0.4923756505599464
CE_PIECECOORDINATION:0.5320934907795066
CE_MATERIAL:0.49788573748215537
CE_KINGSAFETY:0.4945144873425687
C_PIECESQUARETABLES:0.4971253703936803
C_MOBILITY:0.5045348993765122
C_KINGSAFETY:0.4915968805345714
C_PAWNSTRUCTURE:0.5231525627270004
C_PIECECOORDINATION:0.4942202236701558
C_ROOKANDPAWNMOVEMENT:0.4942202236701558
C_CENTERCONTROL:0.48849067939457
C_DEVELOPPIECES:0.5209574096381253
C_MATERIAL:0.47455372224439535
C_MOVECOUNT:0.4988290186960487
