ELO:713
CE_PASSEDPAWNS:0.6419206806583776
CE_PAWNWEAKNESSES:0.4909382187005487
CE_PIECEACTIVITY:0.46214251541075335
CE_KINGPAWNSHIELD:0.5697235907452887
CE_PIECECOORDINATION:0.5208161784557287
CE_MATERIAL:0.5283490833684105
CE_KINGSAFETY:0.47072224310489735
C_PIECESQUARETABLES:0.5095381658220022
C_MOBILITY:0.3926430422004103
C_KINGSAFETY:0.5677901363252036
C_PAWNSTRUCTURE:0.5481251711249143
C_PIECECOORDINATION:0.4428934052020648
C_ROOKANDPAWNMOVEMENT:0.4428934052020648
C_CENTERCONTROL:0.5130689669558283
C_DEVELOPPIECES:0.47444904361969004
C_MATERIAL:0.47557728162214924
C_MOVECOUNT:0.49811951006526034
