ELO:1000
CE_PASSEDPAWNS:0.5032688285833887
CE_PAWNWEAKNESSES:0.4954624793693928
CE_PIECEACTIVITY:0.5257424618468638
CE_KINGPAWNSHIELD:0.48339860974256615
CE_PIECECOORDINATION:0.5097696766803501
CE_MATERIAL:0.48734646327813186
CE_KINGSAFETY:0.4953373360595239
C_PIECESQUARETABLES:0.5387499925711049
C_MOBILITY:0.5078571183609986
C_KINGSAFETY:0.5291436465945325
C_PAWNSTRUCTURE:0.440458159346751
C_PIECECOORDINATION:0.49235520124939275
C_ROOKANDPAWNMOVEMENT:0.49235520124939275
C_CENTERCONTROL:0.5095679410057352
C_DEVELOPPIECES:0.5220044125524292
C_MATERIAL:0.5116277336823968
