ELO:769
CE_PASSEDPAWNS:0.5332720405158101
CE_PAWNWEAKNESSES:0.5402999360733666
CE_PIECEACTIVITY:0.5089714396407811
CE_KINGPAWNSHIELD:0.5382521392065347
CE_PIECECOORDINATION:0.5093273772384522
CE_MATERIAL:0.4828887104807458
CE_KINGSAFETY:0.4965557409737418
C_PIECESQUARETABLES:0.4744360708801827
C_MOBILITY:0.44348182533354874
C_KINGSAFETY:0.5391363706014585
C_PAWNSTRUCTURE:0.4287754153289323
C_PIECECOORDINATION:0.5323614451329808
C_ROOKANDPAWNMOVEMENT:0.5323614451329808
C_CENTERCONTROL:0.5325906492966554
C_DEVELOPPIECES:0.5796401108294433
C_MATERIAL:0.47680477891107115
C_MOVECOUNT:0.5
