ELO:1010
CE_PASSEDPAWNS:0.5156006279098287
CE_PAWNWEAKNESSES:0.4846267390213783
CE_PIECEACTIVITY:0.4904561379037755
CE_KINGPAWNSHIELD:0.5039237798685455
CE_PIECECOORDINATION:0.5273503149869337
CE_MATERIAL:0.5000466357657618
CE_KINGSAFETY:0.5092556846221855
C_PIECESQUARETABLES:0.5
C_MOBILITY:0.4941184934948356
C_KINGSAFETY:0.5
C_PAWNSTRUCTURE:0.5
C_PIECECOORDINATION:0.5069238934225515
C_ROOK:0.4869485698655712
CE_ROOK:0.472125729823364
C_CENTERCONTROL:0.5080224797314908
C_DEVELOPPIECES:0.5043331145656252
C_MATERIAL:0.49797995460073996
C_MOVECOUNT:0.49276930828757476
C_PAWNMOVEMENT:0.48888663680470384
