ELO:988
CE_PASSEDPAWNS:0.5156839845540195
CE_PAWNWEAKNESSES:0.49912879321827586
CE_PIECEACTIVITY:0.5223912615477108
CE_KINGPAWNSHIELD:0.4137914030057311
CE_PIECECOORDINATION:0.4428490592497136
CE_MATERIAL:0.5373851581222605
CE_KINGSAFETY:0.5
C_PIECESQUARETABLES:0.510733866995726
C_MOBILITY:0.4964390839356585
C_KINGSAFETY:0.49327227231014414
C_PAWNSTRUCTURE:0.48943358670961223
C_PIECECOORDINATION:0.5464354095285783
C_ROOKANDPAWNMOVEMENT:0.5464354095285783
C_CENTERCONTROL:0.4062750565716289
C_DEVELOPPIECES:0.5053823400575818
C_MATERIAL:0.5789395712866476
