ELO:1019
CE_PASSEDPAWNS:0.5063941680519236
CE_PAWNWEAKNESSES:0.5046852023709752
CE_PIECEACTIVITY:0.517388315537129
CE_KINGPAWNSHIELD:0.511583631151498
CE_PIECECOORDINATION:0.5125035609083783
CE_MATERIAL:0.5160523937091994
CE_KINGSAFETY:0.5
C_PIECESQUARETABLES:0.5
C_MOBILITY:0.4879524060363921
C_KINGSAFETY:0.49646121310738495
C_PAWNSTRUCTURE:0.5020962607104891
C_PIECECOORDINATION:0.4939065445797985
C_ROOK:0.4967964930311033
CE_ROOK:0.5132819044396046
C_CENTERCONTROL:0.5099348967727102
C_DEVELOPPIECES:0.48303028124757863
C_MATERIAL:0.49849828796241874
C_MOVECOUNT:0.482048177781621
C_PAWNMOVEMENT:0.5033128708409863
