ELO:1000
CE_PASSEDPAWNS:0.49819858475054873
CE_PAWNWEAKNESSES:0.5246832923442258
CE_PIECEACTIVITY:0.5125822803041452
CE_KINGPAWNSHIELD:0.5015447729030434
CE_PIECECOORDINATION:0.4468287617247628
CE_MATERIAL:0.5217065764958491
CE_KINGSAFETY:0.4843398177514215
C_PIECESQUARETABLES:0.4864161044528065
C_MOBILITY:0.5013170108026117
C_KINGSAFETY:0.528631503683618
C_PAWNSTRUCTURE:0.5393298159560718
C_PIECECOORDINATION:0.5020030818911503
C_ROOKANDPAWNMOVEMENT:0.5020030818911503
C_CENTERCONTROL:0.46198367998894074
C_DEVELOPPIECES:0.49785059341672894
C_MATERIAL:0.45835251145364236
