ELO:1009
CE_PASSEDPAWNS:0.519491804661038
CE_PAWNWEAKNESSES:0.5097620760946445
CE_PIECEACTIVITY:0.5522530691119719
CE_KINGPAWNSHIELD:0.48575985743480365
CE_PIECECOORDINATION:0.5133293050089468
CE_MATERIAL:0.5553762284867769
CE_KINGSAFETY:0.5
C_PIECESQUARETABLES:0.5
C_MOBILITY:0.5210801441566181
C_KINGSAFETY:0.5224757601071585
C_PAWNSTRUCTURE:0.47827616349887403
C_PIECECOORDINATION:0.5280390495162699
C_ROOK:0.5040269060899341
CE_ROOK:0.5378478851911003
C_CENTERCONTROL:0.4824923619859727
C_DEVELOPPIECES:0.4964410949605239
C_MATERIAL:0.4939853939632152
C_MOVECOUNT:0.45841487647812945
C_PAWNMOVEMENT:0.5
