ELO:987
CE_PASSEDPAWNS:0.5329960150504647
CE_PAWNWEAKNESSES:0.4889024305035117
CE_PIECEACTIVITY:0.500987210099119
CE_KINGPAWNSHIELD:0.5156576963496411
CE_PIECECOORDINATION:0.49620876590310375
CE_MATERIAL:0.5156022750306024
CE_KINGSAFETY:0.5035083867261273
C_PIECESQUARETABLES:0.5162785333628465
C_MOBILITY:0.48445083488625595
C_KINGSAFETY:0.5
C_PAWNSTRUCTURE:0.487011235458674
C_PIECECOORDINATION:0.49241590478135727
C_ROOKANDPAWNMOVEMENT:0.49241590478135727
C_CENTERCONTROL:0.5395713855477366
C_DEVELOPPIECES:0.507749444586101
C_MATERIAL:0.4741148686151107
C_MOVECOUNT:0.5
