ELO:929
CE_PASSEDPAWNS:0.5020294145466515
CE_PAWNWEAKNESSES:0.495069217039794
CE_PIECEACTIVITY:0.48952210733422674
CE_KINGPAWNSHIELD:0.5076187677692476
CE_PIECECOORDINATION:0.4929093462868644
CE_MATERIAL:0.49528622458251503
CE_KINGSAFETY:0.5
C_PIECESQUARETABLES:0.5065636091199172
C_MOBILITY:0.49083261693174873
C_KINGSAFETY:0.5046202906714709
C_PAWNSTRUCTURE:0.5173485058847905
C_PIECECOORDINATION:0.4871275302619904
C_ROOKANDPAWNMOVEMENT:0.4871275302619904
C_CENTERCONTROL:0.5242686511278216
C_DEVELOPPIECES:0.5262261285017251
C_MATERIAL:0.49612654814595236
C_MOVECOUNT:0.49412725479991304
