ELO:957
CE_PASSEDPAWNS:0.5048055357992735
CE_PAWNWEAKNESSES:0.5106273318478286
CE_PIECEACTIVITY:0.5
CE_KINGPAWNSHIELD:0.49226994827912596
CE_PIECECOORDINATION:0.5042036913534486
CE_MATERIAL:0.4917891760969278
CE_KINGSAFETY:0.4878729689583869
C_PIECESQUARETABLES:0.5122208608394268
C_MOBILITY:0.5023797507560678
C_KINGSAFETY:0.5154480137633954
C_PAWNSTRUCTURE:0.4772294283295901
C_PIECECOORDINATION:0.5036169029209847
C_ROOKANDPAWNMOVEMENT:0.5036169029209847
C_CENTERCONTROL:0.5
C_DEVELOPPIECES:0.5
C_MATERIAL:0.4857623643077165
C_MOVECOUNT:0.5
