ELO:1009
CE_PASSEDPAWNS:0.5065593231786861
CE_PAWNWEAKNESSES:0.5200196128523064
CE_PIECEACTIVITY:0.5305234586819814
CE_KINGPAWNSHIELD:0.5046887473723781
CE_PIECECOORDINATION:0.49755752393743086
CE_MATERIAL:0.5218302596636045
CE_KINGSAFETY:0.5
C_PIECESQUARETABLES:0.5
C_MOBILITY:0.4841970299263169
C_KINGSAFETY:0.49527636712596834
C_PAWNSTRUCTURE:0.5
C_PIECECOORDINATION:0.5279459695365608
C_ROOK:0.4947986000930932
CE_ROOK:0.5012328256061186
C_CENTERCONTROL:0.5365423263588198
C_DEVELOPPIECES:0.5167549349874657
C_MATERIAL:0.4919401372919477
C_MOVECOUNT:0.47838146683500443
C_PAWNMOVEMENT:0.5180565328160587
