ELO:993
CE_PASSEDPAWNS:0.5457345729423272
CE_PAWNWEAKNESSES:0.5055486096789189
CE_PIECEACTIVITY:0.5115517959390631
CE_KINGPAWNSHIELD:0.4151116027499946
CE_PIECECOORDINATION:0.4682567518215738
CE_MATERIAL:0.5591178123754207
CE_KINGSAFETY:0.507732654646966
C_PIECESQUARETABLES:0.5008958597815287
C_MOBILITY:0.580479941274235
C_KINGSAFETY:0.5555396845641076
C_PAWNSTRUCTURE:0.3974960377332616
C_PIECECOORDINATION:0.5293505383468318
C_ROOKANDPAWNMOVEMENT:0.5293505383468318
C_CENTERCONTROL:0.35488331713916
C_DEVELOPPIECES:0.5933423053266473
C_MATERIAL:0.58788801558635
