ELO:953
CE_PASSEDPAWNS:0.5388455905693968
CE_PAWNWEAKNESSES:0.5447652047305498
CE_PIECEACTIVITY:0.4759330973400214
CE_KINGPAWNSHIELD:0.4834092785758731
CE_PIECECOORDINATION:0.4553777359100002
CE_MATERIAL:0.5539036978739053
CE_KINGSAFETY:0.5337047294881276
C_PIECESQUARETABLES:0.4957376771435105
C_MOBILITY:0.4612294206469843
C_KINGSAFETY:0.48942655349251746
C_PAWNSTRUCTURE:0.49799714674983053
C_PIECECOORDINATION:0.4558992837095138
C_ROOKANDPAWNMOVEMENT:0.4558992837095138
C_CENTERCONTROL:0.48869158561101617
C_DEVELOPPIECES:0.5489962430604288
C_MATERIAL:0.49669233957207676
