ELO:1019
CE_PASSEDPAWNS:0.5063941680519236
CE_PAWNWEAKNESSES:0.5199226229815731
CE_PIECEACTIVITY:0.5074955193910428
CE_KINGPAWNSHIELD:0.4919456870708667
CE_PIECECOORDINATION:0.5
CE_MATERIAL:0.5445469493693262
CE_KINGSAFETY:0.5
C_PIECESQUARETABLES:0.5
C_MOBILITY:0.5001131143533629
C_KINGSAFETY:0.49006913785506184
C_PAWNSTRUCTURE:0.49277735736716133
C_PIECECOORDINATION:0.4939065445797985
C_ROOK:0.4967964930311033
CE_ROOK:0.4721512202863491
C_CENTERCONTROL:0.49872734645623507
C_DEVELOPPIECES:0.5414890211561713
C_MATERIAL:0.5022003173459787
C_MOVECOUNT:0.5068550705463991
C_PAWNMOVEMENT:0.5284061972254167
