ELO:918
CE_PASSEDPAWNS:0.48708619387810487
CE_PAWNWEAKNESSES:0.5783269916512139
CE_PIECEACTIVITY:0.48532779029524054
CE_KINGPAWNSHIELD:0.4381734354300426
CE_PIECECOORDINATION:0.40128227526234117
CE_MATERIAL:0.5096037775182476
CE_KINGSAFETY:0.4399052975573556
C_PIECESQUARETABLES:0.466069983717283
C_MOBILITY:0.4012110166092402
C_KINGSAFETY:0.5174307062609094
C_PAWNSTRUCTURE:0.46265382000623023
C_PIECECOORDINATION:0.41571740957975784
C_ROOKANDPAWNMOVEMENT:0.41571740957975784
C_CENTERCONTROL:0.562491494187657
C_DEVELOPPIECES:0.4767024389147666
C_MATERIAL:0.5262854450612225
