ELO:990
CE_PASSEDPAWNS:0.5135199289493193
CE_PAWNWEAKNESSES:0.4914488542076499
CE_PIECEACTIVITY:0.48890180894731056
CE_KINGPAWNSHIELD:0.4824540553918218
CE_PIECECOORDINATION:0.4883632588749889
CE_MATERIAL:0.4874396017388884
CE_KINGSAFETY:0.5102221806366227
C_PIECESQUARETABLES:0.4946507314884307
C_MOBILITY:0.49127567807104605
C_KINGSAFETY:0.5170795383050212
C_PAWNSTRUCTURE:0.48148700610566414
C_PIECECOORDINATION:0.5167051942007509
C_ROOKANDPAWNMOVEMENT:0.5167051942007509
C_CENTERCONTROL:0.49511150959172046
C_DEVELOPPIECES:0.5046179382656476
C_MATERIAL:0.5121822440857207
