ELO:1000
CE_PASSEDPAWNS:0.4990348146878685
CE_PAWNWEAKNESSES:0.5056577752543518
CE_PIECEACTIVITY:0.5
CE_KINGPAWNSHIELD:0.5038165800856386
CE_PIECECOORDINATION:0.5058804906109049
CE_MATERIAL:0.4993642012008686
CE_KINGSAFETY:0.49349734058170763
C_PIECESQUARETABLES:0.5
C_MOBILITY:0.49666421293316865
C_KINGSAFETY:0.5
C_PAWNSTRUCTURE:0.49085449813294657
C_PIECECOORDINATION:0.4909313001869944
C_ROOKANDPAWNMOVEMENT:0.4909313001869944
C_CENTERCONTROL:0.5018574387971129
C_DEVELOPPIECES:0.504425782718373
C_MATERIAL:0.5044416829338404
