ELO:1000
CE_PASSEDPAWNS:0.492626364810337
CE_PAWNWEAKNESSES:0.498743302764928
CE_PIECEACTIVITY:0.5046398664031918
CE_KINGPAWNSHIELD:0.49599633560661605
CE_PIECECOORDINATION:0.49315337011263505
CE_MATERIAL:0.5181213508557296
CE_KINGSAFETY:0.5038019253423734
C_PIECESQUARETABLES:0.5154210588417462
C_MOBILITY:0.5043051655760313
C_KINGSAFETY:0.49100048775750543
C_PAWNSTRUCTURE:0.5087531112730405
C_PIECECOORDINATION:0.4920166106417746
C_ROOKANDPAWNMOVEMENT:0.4920166106417746
C_CENTERCONTROL:0.5230875642537117
C_DEVELOPPIECES:0.48401384658655955
C_MATERIAL:0.47544176634908375
