ELO:993
CE_PASSEDPAWNS:0.5241734794717129
CE_PAWNWEAKNESSES:0.44542974891888637
CE_PIECEACTIVITY:0.5975814565428466
CE_KINGPAWNSHIELD:0.4076561608377238
CE_PIECECOORDINATION:0.46787027397905584
CE_MATERIAL:0.5030403841932721
CE_KINGSAFETY:0.5
C_PIECESQUARETABLES:0.4939141386372841
C_MOBILITY:0.580479941274235
C_KINGSAFETY:0.5109083274493715
C_PAWNSTRUCTURE:0.5006281247243053
C_PIECECOORDINATION:0.5227632908628433
C_ROOKANDPAWNMOVEMENT:0.5227632908628433
C_CENTERCONTROL:0.398637119605053
C_DEVELOPPIECES:0.5159235874385378
C_MATERIAL:0.5859692747107864
