ELO:985
CE_PASSEDPAWNS:0.5137961106438272
CE_PAWNWEAKNESSES:0.5296395053134815
CE_PIECEACTIVITY:0.5594978002495871
CE_KINGPAWNSHIELD:0.4076561608377238
CE_PIECECOORDINATION:0.44538019471221774
CE_MATERIAL:0.564247740342519
CE_KINGSAFETY:0.49966465172565255
C_PIECESQUARETABLES:0.5008958597815287
C_MOBILITY:0.5036360145019151
C_KINGSAFETY:0.5117042990159812
C_PAWNSTRUCTURE:0.5082462318553483
C_PIECECOORDINATION:0.5312927829817956
C_ROOKANDPAWNMOVEMENT:0.5312927829817956
C_CENTERCONTROL:0.35488331713916
C_DEVELOPPIECES:0.5005459879194015
C_MATERIAL:0.5789395712866476
