ELO:988
CE_PASSEDPAWNS:0.5097934577262192
CE_PAWNWEAKNESSES:0.5123360978344847
CE_PIECEACTIVITY:0.46273210437624196
CE_KINGPAWNSHIELD:0.5106544383241589
CE_PIECECOORDINATION:0.4669166204759055
CE_MATERIAL:0.4936738598260831
CE_KINGSAFETY:0.5246145487563095
C_PIECESQUARETABLES:0.5008764882702487
C_MOBILITY:0.48234899296725736
C_KINGSAFETY:0.5259337359721069
C_PAWNSTRUCTURE:0.5384331004206436
C_PIECECOORDINATION:0.5057438142732726
C_ROOKANDPAWNMOVEMENT:0.5057438142732726
C_CENTERCONTROL:0.47308131757871413
C_DEVELOPPIECES:0.4902036376219904
C_MATERIAL:0.4798371006105673
