ELO:1021
CE_PASSEDPAWNS:0.4925151874281655
CE_PAWNWEAKNESSES:0.4846267390213783
CE_PIECEACTIVITY:0.4904561379037755
CE_KINGPAWNSHIELD:0.5039237798685455
CE_PIECECOORDINATION:0.5273503149869337
CE_MATERIAL:0.5000466357657618
CE_KINGSAFETY:0.5
C_PIECESQUARETABLES:0.5
C_MOBILITY:0.4941184934948356
C_KINGSAFETY:0.5076948921057516
C_PAWNSTRUCTURE:0.5
C_PIECECOORDINATION:0.5182525005146978
C_ROOK:0.496266584649756
CE_ROOK:0.472125729823364
C_CENTERCONTROL:0.5080224797314908
C_DEVELOPPIECES:0.5028217986566211
C_MATERIAL:0.5122169258603871
C_MOVECOUNT:0.4815517185170302
C_PAWNMOVEMENT:0.482223251964964
