ELO:1021
CE_PASSEDPAWNS:0.48432574673130596
CE_PAWNWEAKNESSES:0.4924254503572776
CE_PIECEACTIVITY:0.4759904896604223
CE_KINGPAWNSHIELD:0.5223091071042263
CE_PIECECOORDINATION:0.4967959461992944
CE_MATERIAL:0.499865950127651
CE_KINGSAFETY:0.5
C_PIECESQUARETABLES:0.5
C_MOBILITY:0.48183786080962987
C_KINGSAFETY:0.5090824192887126
C_PAWNSTRUCTURE:0.5
C_PIECECOORDINATION:0.47291230576532917
C_ROOK:0.4981709711823545
CE_ROOK:0.5074594735804256
C_CENTERCONTROL:0.46737685781135413
C_DEVELOPPIECES:0.528437156584265
C_MATERIAL:0.5108719326789923
C_MOVECOUNT:0.502624187763173
C_PAWNMOVEMENT:0.5180565328160587
