ELO:853
CE_PASSEDPAWNS:0.503439810617739
CE_PAWNWEAKNESSES:0.5836280767505392
CE_PIECEACTIVITY:0.5101808022707498
CE_KINGPAWNSHIELD:0.5076566945261566
CE_PIECECOORDINATION:0.4952789023956629
CE_MATERIAL:0.45820436938395687
CE_KINGSAFETY:0.4936893575990606
C_PIECESQUARETABLES:0.506291877503299
C_MOBILITY:0.4952352527065514
C_KINGSAFETY:0.5364380749763106
C_PAWNSTRUCTURE:0.45224421291182715
C_PIECECOORDINATION:0.47840674772238684
C_ROOKANDPAWNMOVEMENT:0.47840674772238684
C_CENTERCONTROL:0.5489128410437579
C_DEVELOPPIECES:0.5293238225938482
C_MATERIAL:0.553727171579127
C_MOVECOUNT:0.5
