ELO:964
CE_PASSEDPAWNS:0.4977974471959992
CE_PAWNWEAKNESSES:0.5021101014035082
CE_PIECEACTIVITY:0.49935670754026473
CE_KINGPAWNSHIELD:0.5098131176094303
CE_PIECECOORDINATION:0.5075679854890969
CE_MATERIAL:0.4909294478691698
CE_KINGSAFETY:0.48345304174875003
C_PIECESQUARETABLES:0.5071692293968338
C_MOBILITY:0.4952567060200862
C_KINGSAFETY:0.5
C_PAWNSTRUCTURE:0.5080677642293246
C_PIECECOORDINATION:0.512110852155417
C_ROOKANDPAWNMOVEMENT:0.512110852155417
C_CENTERCONTROL:0.5443941878645888
C_DEVELOPPIECES:0.5
C_MATERIAL:0.5335885772091243
C_MOVECOUNT:0.5067811629662807
