ELO:1012
CE_PASSEDPAWNS:0.48648259105472186
CE_PAWNWEAKNESSES:0.5199226229815731
CE_PIECEACTIVITY:0.5043163409532182
CE_KINGPAWNSHIELD:0.4989888076295552
CE_PIECECOORDINATION:0.49100496749295786
CE_MATERIAL:0.4975902733901933
CE_KINGSAFETY:0.5
C_PIECESQUARETABLES:0.5
C_MOBILITY:0.5057745642532829
C_KINGSAFETY:0.4894772781712036
C_PAWNSTRUCTURE:0.4634524577861632
C_PIECECOORDINATION:0.4602228078974826
C_ROOK:0.49537800300980583
CE_ROOK:0.5108056098386401
C_CENTERCONTROL:0.48604540223644294
C_DEVELOPPIECES:0.49550618521369744
C_MATERIAL:0.49849828796241874
C_MOVECOUNT:0.4569634482442573
C_PAWNMOVEMENT:0.5130604514977438
