ELO:905
CE_PASSEDPAWNS:0.4718749290251733
CE_PAWNWEAKNESSES:0.5098061138588742
CE_PIECEACTIVITY:0.4322267229045345
CE_KINGPAWNSHIELD:0.4908148434269804
CE_PIECECOORDINATION:0.4687467123128441
CE_MATERIAL:0.5163429673275404
CE_KINGSAFETY:0.5075630126244576
C_PIECESQUARETABLES:0.5299829415708726
C_MOBILITY:0.38499989034095267
C_KINGSAFETY:0.5288266788830028
C_PAWNSTRUCTURE:0.46910748178925776
C_PIECECOORDINATION:0.43827428565721177
C_ROOKANDPAWNMOVEMENT:0.43827428565721177
C_CENTERCONTROL:0.5668615711690781
C_DEVELOPPIECES:0.4565010040257881
C_MATERIAL:0.5244041483337848
