ELO:983
CE_PASSEDPAWNS:0.5592085167519327
CE_PAWNWEAKNESSES:0.5218258486775846
CE_PIECEACTIVITY:0.4430282242024761
CE_KINGPAWNSHIELD:0.5091419452689112
CE_PIECECOORDINATION:0.4540969153637403
CE_MATERIAL:0.523438744572735
CE_KINGSAFETY:0.5489419704668804
C_PIECESQUARETABLES:0.5224820089902468
C_MOBILITY:0.46371137678537
C_KINGSAFETY:0.47923993454652747
C_PAWNSTRUCTURE:0.5598290297776641
C_PIECECOORDINATION:0.49926836451417367
C_ROOKANDPAWNMOVEMENT:0.49926836451417367
C_CENTERCONTROL:0.4695013993067099
C_DEVELOPPIECES:0.49666356428535013
C_MATERIAL:0.4938640600586936
