ELO:820
CE_PASSEDPAWNS:0.4968671554501138
CE_PAWNWEAKNESSES:0.5751175119665801
CE_PIECEACTIVITY:0.5221769512932345
CE_KINGPAWNSHIELD:0.5389697969240456
CE_PIECECOORDINATION:0.5007080595945372
CE_MATERIAL:0.5305119127988575
CE_KINGSAFETY:0.5097396466883956
C_PIECESQUARETABLES:0.5
C_MOBILITY:0.48785048824791716
C_KINGSAFETY:0.46779858598442825
C_PAWNSTRUCTURE:0.526382977545897
C_PIECECOORDINATION:0.4000316415854228
C_ROOKANDPAWNMOVEMENT:0.4000316415854228
C_CENTERCONTROL:0.5694217265599807
C_DEVELOPPIECES:0.4927708882691828
C_MATERIAL:0.47959051449331386
C_MOVECOUNT:0.5
