ELO:1021
CE_PASSEDPAWNS:0.5065593231786861
CE_PAWNWEAKNESSES:0.5200196128523064
CE_PIECEACTIVITY:0.4898918661035154
CE_KINGPAWNSHIELD:0.48575985743480365
CE_PIECECOORDINATION:0.5129900651816361
CE_MATERIAL:0.5553762284867769
CE_KINGSAFETY:0.5
C_PIECESQUARETABLES:0.5
C_MOBILITY:0.5028209787007483
C_KINGSAFETY:0.5038692944332201
C_PAWNSTRUCTURE:0.5028808292882461
C_PIECECOORDINATION:0.49996606131901206
C_ROOK:0.4822587510033072
CE_ROOK:0.5378478851911003
C_CENTERCONTROL:0.49591674456893553
C_DEVELOPPIECES:0.5018244956320536
C_MATERIAL:0.4939853939632152
C_MOVECOUNT:0.50531080806715
C_PAWNMOVEMENT:0.5162947389573952
