ELO:1000
CE_PASSEDPAWNS:0.49057611320057387
CE_PAWNWEAKNESSES:0.5154018666552501
CE_PIECEACTIVITY:0.5046398664031918
CE_KINGPAWNSHIELD:0.49940403198831895
CE_PIECECOORDINATION:0.4951958554590083
CE_MATERIAL:0.5135431162651481
CE_KINGSAFETY:0.5117839055156611
C_PIECESQUARETABLES:0.5135291901319512
C_MOBILITY:0.5025900324401166
C_KINGSAFETY:0.5069187940571072
C_PAWNSTRUCTURE:0.4868078947762789
C_PIECECOORDINATION:0.47127676096118565
C_ROOKANDPAWNMOVEMENT:0.47127676096118565
C_CENTERCONTROL:0.5354399645684139
C_DEVELOPPIECES:0.46102607359247544
C_MATERIAL:0.46949529883488966
