ELO:992
CE_PASSEDPAWNS:0.5297619370291381
CE_PAWNWEAKNESSES:0.53401143933588
CE_PIECEACTIVITY:0.49983497069618116
CE_KINGPAWNSHIELD:0.525639110494437
CE_PIECECOORDINATION:0.45270562681988413
CE_MATERIAL:0.5106670823729611
CE_KINGSAFETY:0.47904689918597626
C_PIECESQUARETABLES:0.47281543309986823
C_MOBILITY:0.5032477436602338
C_KINGSAFETY:0.5351073652022535
C_PAWNSTRUCTURE:0.5305319816746966
C_PIECECOORDINATION:0.49202866274120527
C_ROOKANDPAWNMOVEMENT:0.49202866274120527
C_CENTERCONTROL:0.46974654389016074
C_DEVELOPPIECES:0.4919093630969566
C_MATERIAL:0.5005924198864392
