ELO:809
CE_PASSEDPAWNS:0.49915760383427893
CE_PAWNWEAKNESSES:0.5476672052966398
CE_PIECEACTIVITY:0.5691269744488995
CE_KINGPAWNSHIELD:0.5433768926221928
CE_PIECECOORDINATION:0.5227257360243523
CE_MATERIAL:0.5850609692096934
CE_KINGSAFETY:0.5127050849535727
C_PIECESQUARETABLES:0.5280286028912404
C_MOBILITY:0.4698174391174301
C_KINGSAFETY:0.47179355101552234
C_PAWNSTRUCTURE:0.4886861416672385
C_PIECECOORDINATION:0.4839979979083463
C_ROOKANDPAWNMOVEMENT:0.4839979979083463
C_CENTERCONTROL:0.5871652757431557
C_DEVELOPPIECES:0.5549743856823992
C_MATERIAL:0.53246503205275
C_MOVECOUNT:0.5
