ELO:897
CE_PASSEDPAWNS:0.5116680407131514
CE_PAWNWEAKNESSES:0.5395574612164273
CE_PIECEACTIVITY:0.5420740307072216
CE_KINGPAWNSHIELD:0.5663679843460774
CE_PIECECOORDINATION:0.5677613177912109
CE_MATERIAL:0.45972770598591783
CE_KINGSAFETY:0.48774955107701057
C_PIECESQUARETABLES:0.4920701502288903
C_MOBILITY:0.4612432860840645
C_KINGSAFETY:0.37757244692795267
C_PAWNSTRUCTURE:0.4997076303315916
C_PIECECOORDINATION:0.4655908593062261
C_ROOKANDPAWNMOVEMENT:0.4655908593062261
C_CENTERCONTROL:0.5714560235290805
C_DEVELOPPIECES:0.4631929906666955
C_MATERIAL:0.4984309113072461
