ELO:968
CE_PASSEDPAWNS:0.46618130552422443
CE_PAWNWEAKNESSES:0.4893204998468523
CE_PIECEACTIVITY:0.5
CE_KINGPAWNSHIELD:0.47761402029040523
CE_PIECECOORDINATION:0.4826548258034497
CE_MATERIAL:0.5489609094691379
CE_KINGSAFETY:0.5000300338733928
C_PIECESQUARETABLES:0.5053680835936475
C_MOBILITY:0.5039918414608536
C_KINGSAFETY:0.5320207245657574
C_PAWNSTRUCTURE:0.47278046250681516
C_PIECECOORDINATION:0.4792675996252323
C_ROOKANDPAWNMOVEMENT:0.4792675996252323
C_CENTERCONTROL:0.47698776771735474
C_DEVELOPPIECES:0.49542821588711905
C_MATERIAL:0.5151530821562053
