ELO:884
CE_PASSEDPAWNS:0.5487742722228628
CE_PAWNWEAKNESSES:0.5851833154373491
CE_PIECEACTIVITY:0.538642596271076
CE_KINGPAWNSHIELD:0.58071033878216
CE_PIECECOORDINATION:0.5587704083413567
CE_MATERIAL:0.49422243236352553
CE_KINGSAFETY:0.47747729402472355
C_PIECESQUARETABLES:0.5081518969412538
C_MOBILITY:0.43169463702530203
C_KINGSAFETY:0.38302817751026336
C_PAWNSTRUCTURE:0.4317965611343646
C_PIECECOORDINATION:0.4907791683849124
C_ROOKANDPAWNMOVEMENT:0.4907791683849124
C_CENTERCONTROL:0.5675737526323911
C_DEVELOPPIECES:0.4453190999494291
C_MATERIAL:0.5236159546973871
