ELO:921
CE_PASSEDPAWNS:0.5588668315359622
CE_PAWNWEAKNESSES:0.5870504097645646
CE_PIECEACTIVITY:0.4701727740597037
CE_KINGPAWNSHIELD:0.4746036006741947
CE_PIECECOORDINATION:0.43582467661423724
CE_MATERIAL:0.5462283464274047
CE_KINGSAFETY:0.4949501454427402
C_PIECESQUARETABLES:0.4935595854608531
C_MOBILITY:0.4095230017686954
C_KINGSAFETY:0.5017014329347212
C_PAWNSTRUCTURE:0.4864836159764133
C_PIECECOORDINATION:0.4397142390040316
C_ROOKANDPAWNMOVEMENT:0.4397142390040316
C_CENTERCONTROL:0.5523855763303921
C_DEVELOPPIECES:0.4879121140917164
C_MATERIAL:0.4875191701507439
