ELO:735
CE_PASSEDPAWNS:0.48801150851088415
CE_PAWNWEAKNESSES:0.5611305543823913
CE_PIECEACTIVITY:0.5446099227668746
CE_KINGPAWNSHIELD:0.5307305758994059
CE_PIECECOORDINATION:0.4922642826925388
CE_MATERIAL:0.5251272032838676
CE_KINGSAFETY:0.5012701057995439
C_PIECESQUARETABLES:0.524200131310943
C_MOBILITY:0.44454374047588674
C_KINGSAFETY:0.4734641944440526
C_PAWNSTRUCTURE:0.48615980544794163
C_PIECECOORDINATION:0.45912004749169855
C_ROOKANDPAWNMOVEMENT:0.45912004749169855
C_CENTERCONTROL:0.5900518492318914
C_DEVELOPPIECES:0.5249023647706038
C_MATERIAL:0.4896856492548581
C_MOVECOUNT:0.5
