ELO:930
CE_PASSEDPAWNS:0.5315903506405069
CE_PAWNWEAKNESSES:0.5735870832563731
CE_PIECEACTIVITY:0.4816584404303166
CE_KINGPAWNSHIELD:0.44861329016177787
CE_PIECECOORDINATION:0.3981942345489203
CE_MATERIAL:0.5316479147802938
CE_KINGSAFETY:0.4560318584504609
C_PIECESQUARETABLES:0.4558584195162445
C_MOBILITY:0.4118291139349132
C_KINGSAFETY:0.5046957088708658
C_PAWNSTRUCTURE:0.5035495521030047
C_PIECECOORDINATION:0.41190996983321454
C_ROOKANDPAWNMOVEMENT:0.41190996983321454
C_CENTERCONTROL:0.5657235477200638
C_DEVELOPPIECES:0.47056046062645623
C_MATERIAL:0.5241408596263838
