ELO:841
CE_PASSEDPAWNS:0.5428465503725841
CE_PAWNWEAKNESSES:0.46373628105395936
CE_PIECEACTIVITY:0.5124034281010579
CE_KINGPAWNSHIELD:0.44970857824892324
CE_PIECECOORDINATION:0.531866109505561
CE_MATERIAL:0.48337732750499424
CE_KINGSAFETY:0.4866253818935031
C_PIECESQUARETABLES:0.5653346854432286
C_MOBILITY:0.5332507987922548
C_KINGSAFETY:0.5262617228067347
C_PAWNSTRUCTURE:0.4382541014059349
C_PIECECOORDINATION:0.5512046735429723
C_ROOKANDPAWNMOVEMENT:0.5512046735429723
C_CENTERCONTROL:0.5471207162417854
C_DEVELOPPIECES:0.5305932700165994
C_MATERIAL:0.565984884210781
C_MOVECOUNT:0.5
