ELO:891
CE_PASSEDPAWNS:0.46179015091900905
CE_PAWNWEAKNESSES:0.5075555587866819
CE_PIECEACTIVITY:0.44572040359779835
CE_KINGPAWNSHIELD:0.49886666854249795
CE_PIECECOORDINATION:0.4716791542269516
CE_MATERIAL:0.512081427084091
CE_KINGSAFETY:0.5157600859347009
C_PIECESQUARETABLES:0.5342542989017866
C_MOBILITY:0.36638250046490595
C_KINGSAFETY:0.49677128844299967
C_PAWNSTRUCTURE:0.46910748178925776
C_PIECECOORDINATION:0.42470380057984386
C_ROOKANDPAWNMOVEMENT:0.42470380057984386
C_CENTERCONTROL:0.564649451837209
C_DEVELOPPIECES:0.4470389534558419
C_MATERIAL:0.5174402418714501
