ELO:1025
CE_PASSEDPAWNS:0.4684913603763756
CE_PAWNWEAKNESSES:0.47651511996611146
CE_PIECEACTIVITY:0.5056361680319404
CE_KINGPAWNSHIELD:0.4871830643737057
CE_PIECECOORDINATION:0.4689689925942516
CE_MATERIAL:0.4643124731572244
CE_KINGSAFETY:0.48322990769936564
C_PIECESQUARETABLES:0.4828536785408665
C_MOBILITY:0.42192484438800854
C_KINGSAFETY:0.48457390366908587
C_PAWNSTRUCTURE:0.4353406913985544
C_PIECECOORDINATION:0.5426999208017128
C_ROOKANDPAWNMOVEMENT:0.5426999208017128
C_CENTERCONTROL:0.5714093303006056
C_DEVELOPPIECES:0.5506793190012453
C_MATERIAL:0.4121354655232025
