ELO:1002
CE_PASSEDPAWNS:0.5138731349787817
CE_PAWNWEAKNESSES:0.5199226229815731
CE_PIECEACTIVITY:0.5272660641145863
CE_KINGPAWNSHIELD:0.48181535535839637
CE_PIECECOORDINATION:0.48290020915197623
CE_MATERIAL:0.4975902733901933
CE_KINGSAFETY:0.5
C_PIECESQUARETABLES:0.5
C_MOBILITY:0.5003187329585503
C_KINGSAFETY:0.4894772781712036
C_PAWNSTRUCTURE:0.5257721983851996
C_PIECECOORDINATION:0.48149893100913777
C_ROOK:0.49537800300980583
CE_ROOK:0.5134895539361527
C_CENTERCONTROL:0.48604540223644294
C_DEVELOPPIECES:0.4827476482380969
C_MATERIAL:0.5069732067700272
C_MOVECOUNT:0.514116766603907
C_PAWNMOVEMENT:0.48906501505248945
