ELO:975
CE_PASSEDPAWNS:0.5130786078515361
CE_PAWNWEAKNESSES:0.5187943815883153
CE_PIECEACTIVITY:0.5084690389691576
CE_KINGPAWNSHIELD:0.5000018783651157
CE_PIECECOORDINATION:0.49350452816004003
CE_MATERIAL:0.4531867415713571
CE_KINGSAFETY:0.5
C_PIECESQUARETABLES:0.5
C_MOBILITY:0.5132740101254757
C_KINGSAFETY:0.5022125762728864
C_PAWNSTRUCTURE:0.5109428705582615
C_PIECECOORDINATION:0.4514957288011276
C_ROOKANDPAWNMOVEMENT:0.4514957288011276
C_CENTERCONTROL:0.5
C_DEVELOPPIECES:0.5
C_MATERIAL:0.49900589963181236
C_MOVECOUNT:0.5013536673902028
