ELO:964
CE_PASSEDPAWNS:0.48486749861971706
CE_PAWNWEAKNESSES:0.5310307979241516
CE_PIECEACTIVITY:0.5054033233822667
CE_KINGPAWNSHIELD:0.4712959842522304
CE_PIECECOORDINATION:0.5057395287098012
CE_MATERIAL:0.519528926512362
CE_KINGSAFETY:0.5
C_PIECESQUARETABLES:0.4729160884883677
C_MOBILITY:0.49119678930417643
C_KINGSAFETY:0.49443530996371865
C_PAWNSTRUCTURE:0.4949003204299071
C_PIECECOORDINATION:0.4960543118080494
C_ROOKANDPAWNMOVEMENT:0.4960543118080494
C_CENTERCONTROL:0.4918878052260845
C_DEVELOPPIECES:0.4983299413163915
C_MATERIAL:0.459778588707006
C_MOVECOUNT:0.5500202394165297
