ELO:1033
CE_PASSEDPAWNS:0.5
CE_PAWNWEAKNESSES:0.5
CE_PIECEACTIVITY:0.49978264229982444
CE_KINGPAWNSHIELD:0.5039237798685455
CE_PIECECOORDINATION:0.5
CE_MATERIAL:0.507661575572455
CE_KINGSAFETY:0.5
C_PIECESQUARETABLES:0.5
C_MOBILITY:0.4883315461146327
C_KINGSAFETY:0.4795235616541757
C_PAWNSTRUCTURE:0.5128039229412943
C_PIECECOORDINATION:0.5010565797952407
C_ROOK:0.5099060923727498
CE_ROOK:0.4721512202863491
C_CENTERCONTROL:0.5002605612675087
C_DEVELOPPIECES:0.5036944895326616
C_MATERIAL:0.5
C_MOVECOUNT:0.5038832775438904
C_PAWNMOVEMENT:0.48888663680470384
