ELO:954
CE_PASSEDPAWNS:0.5065579740151963
CE_PAWNWEAKNESSES:0.5373845638811182
CE_PIECEACTIVITY:0.5683638471032479
CE_KINGPAWNSHIELD:0.5760618232982792
CE_PIECECOORDINATION:0.5766638606679213
CE_MATERIAL:0.4957422272962433
CE_KINGSAFETY:0.49886950212916736
C_PIECESQUARETABLES:0.5236134294883514
C_MOBILITY:0.5024972609084082
C_KINGSAFETY:0.4583584052555851
C_PAWNSTRUCTURE:0.5293133522890598
C_PIECECOORDINATION:0.42743185376063486
C_ROOKANDPAWNMOVEMENT:0.42743185376063486
C_CENTERCONTROL:0.5400220937012575
C_DEVELOPPIECES:0.49126343585488713
C_MATERIAL:0.4795717171900246
