ELO:1000
CE_PASSEDPAWNS:0.5032110013501335
CE_PAWNWEAKNESSES:0.5072541161178213
CE_PIECEACTIVITY:0.5184209122819958
CE_KINGPAWNSHIELD:0.5127547975638408
CE_PIECECOORDINATION:0.45907816786918193
CE_MATERIAL:0.5145837302116423
CE_KINGSAFETY:0.483365378220132
C_PIECESQUARETABLES:0.4739656734048319
C_MOBILITY:0.48540122669513946
C_KINGSAFETY:0.5201773989291328
C_PAWNSTRUCTURE:0.5453992618400754
C_PIECECOORDINATION:0.4943302669163831
C_ROOKANDPAWNMOVEMENT:0.4943302669163831
C_CENTERCONTROL:0.4617817515245073
C_DEVELOPPIECES:0.5063621578931463
C_MATERIAL:0.4736905285613417
