ELO:999
CE_PASSEDPAWNS:0.5122004486141226
CE_PAWNWEAKNESSES:0.4936148889743869
CE_PIECEACTIVITY:0.4904561379037755
CE_KINGPAWNSHIELD:0.5039237798685455
CE_PIECECOORDINATION:0.5273503149869337
CE_MATERIAL:0.5000466357657618
CE_KINGSAFETY:0.5063796420187163
C_PIECESQUARETABLES:0.4924228762588763
C_MOBILITY:0.5
C_KINGSAFETY:0.5
C_PAWNSTRUCTURE:0.5
C_PIECECOORDINATION:0.5069238934225515
C_ROOK:0.4949024908021375
CE_ROOK:0.4834070613887177
C_CENTERCONTROL:0.5
C_DEVELOPPIECES:0.5043331145656252
C_MATERIAL:0.49797995460073996
C_MOVECOUNT:0.49276930828757476
C_PAWNMOVEMENT:0.49733017711550914
