ELO:1022
CE_PASSEDPAWNS:0.4920896759916136
CE_PAWNWEAKNESSES:0.49557499316652925
CE_PIECEACTIVITY:0.49851584317541303
CE_KINGPAWNSHIELD:0.49750810452308986
CE_PIECECOORDINATION:0.4990128937947933
CE_MATERIAL:0.493550948517145
CE_KINGSAFETY:0.5
C_PIECESQUARETABLES:0.5105879530661989
C_MOBILITY:0.5050819751964495
C_KINGSAFETY:0.49552767218887184
C_PAWNSTRUCTURE:0.5082307205988198
C_PIECECOORDINATION:0.5024062923218431
C_ROOK:0.4952948093751176
CE_ROOK:0.489396336366713
C_CENTERCONTROL:0.505673478175524
C_DEVELOPPIECES:0.499497494093487
C_MATERIAL:0.49849828796241874
C_MOVECOUNT:0.4832928511850058
C_PAWNMOVEMENT:0.49021402578322554
