ELO:1033
CE_PASSEDPAWNS:0.5
CE_PAWNWEAKNESSES:0.5163043396134022
CE_PIECEACTIVITY:0.4832769337496457
CE_KINGPAWNSHIELD:0.4768608371591364
CE_PIECECOORDINATION:0.5165284933189488
CE_MATERIAL:0.4990389899205434
CE_KINGSAFETY:0.5
C_PIECESQUARETABLES:0.5
C_MOBILITY:0.5001131143533629
C_KINGSAFETY:0.49552767218887184
C_PAWNSTRUCTURE:0.4931546804004084
C_PIECECOORDINATION:0.5363186862243169
C_ROOK:0.4890913295813163
CE_ROOK:0.4721512202863491
C_CENTERCONTROL:0.5126750748668045
C_DEVELOPPIECES:0.499497494093487
C_MATERIAL:0.5025734843635191
C_MOVECOUNT:0.47689845474745257
C_PAWNMOVEMENT:0.5104097384420568
