ELO:839
CE_PASSEDPAWNS:0.5793405248490763
CE_PAWNWEAKNESSES:0.5636892893572293
CE_PIECEACTIVITY:0.4651570405208217
CE_KINGPAWNSHIELD:0.539820071422993
CE_PIECECOORDINATION:0.3977593355570951
CE_MATERIAL:0.5965379912844039
CE_KINGSAFETY:0.5090640200266107
C_PIECESQUARETABLES:0.5005158857629713
C_MOBILITY:0.45139179032636084
C_KINGSAFETY:0.5018044353200344
C_PAWNSTRUCTURE:0.35061097135593133
C_PIECECOORDINATION:0.4391504236566794
C_ROOKANDPAWNMOVEMENT:0.4391504236566794
C_CENTERCONTROL:0.5509806475021661
C_DEVELOPPIECES:0.5512341424225838
C_MATERIAL:0.4508826304561743
