ELO:875
CE_PASSEDPAWNS:0.5125950208203421
CE_PAWNWEAKNESSES:0.4782773215022205
CE_PIECEACTIVITY:0.4715737887684246
CE_KINGPAWNSHIELD:0.5298007543746183
CE_PIECECOORDINATION:0.5764910505443344
CE_MATERIAL:0.4816533917704933
CE_KINGSAFETY:0.47765984411726553
C_PIECESQUARETABLES:0.544753534386476
C_MOBILITY:0.4976048418192857
C_KINGSAFETY:0.5207100475332322
C_PAWNSTRUCTURE:0.5083881076818398
C_PIECECOORDINATION:0.500878656033249
C_ROOKANDPAWNMOVEMENT:0.500878656033249
C_CENTERCONTROL:0.4958293070408332
C_DEVELOPPIECES:0.4784764762054696
C_MATERIAL:0.46259978906723986
C_MOVECOUNT:0.5030930394719606
