ELO:952
CE_PASSEDPAWNS:0.5
CE_PAWNWEAKNESSES:0.5032885098540125
CE_PIECEACTIVITY:0.4946932342239461
CE_KINGPAWNSHIELD:0.5
CE_PIECECOORDINATION:0.4876219028350354
CE_MATERIAL:0.5042582605212795
CE_KINGSAFETY:0.5115541425455551
C_PIECESQUARETABLES:0.5062754085130421
C_MOBILITY:0.5039911801192887
C_KINGSAFETY:0.5200593377148143
C_PAWNSTRUCTURE:0.4854161588454634
C_PIECECOORDINATION:0.4766081296382619
C_ROOKANDPAWNMOVEMENT:0.4766081296382619
C_CENTERCONTROL:0.4911136080661899
C_DEVELOPPIECES:0.5041922006670819
C_MATERIAL:0.48860239092038293
C_MOVECOUNT:0.5
