ELO:992
CE_PASSEDPAWNS:0.5993639961690164
CE_PAWNWEAKNESSES:0.5147429124457231
CE_PIECEACTIVITY:0.5017008111466456
CE_KINGPAWNSHIELD:0.5660562122430539
CE_PIECECOORDINATION:0.5485223432623122
CE_MATERIAL:0.4730904601892563
CE_KINGSAFETY:0.5
C_PIECESQUARETABLES:0.5095938693950874
C_MOBILITY:0.4543327448321521
C_KINGSAFETY:0.4552158738338687
C_PAWNSTRUCTURE:0.48951849762096117
C_PIECECOORDINATION:0.5127641063800003
C_ROOKANDPAWNMOVEMENT:0.5127641063800003
C_CENTERCONTROL:0.4990643393874625
C_DEVELOPPIECES:0.4820164964723311
C_MATERIAL:0.38988318554793305
