ELO:918
CE_PASSEDPAWNS:0.4484461423716819
CE_PAWNWEAKNESSES:0.5186514465343023
CE_PIECEACTIVITY:0.4563949567600776
CE_KINGPAWNSHIELD:0.5049603170272782
CE_PIECECOORDINATION:0.5064751156456099
CE_MATERIAL:0.4959327680573982
CE_KINGSAFETY:0.49091623435051013
C_PIECESQUARETABLES:0.5057274767512567
C_MOBILITY:0.522649571730597
C_KINGSAFETY:0.48140671515863437
C_PAWNSTRUCTURE:0.48121756651757364
C_PIECECOORDINATION:0.4449046075651343
C_ROOKANDPAWNMOVEMENT:0.4449046075651343
C_CENTERCONTROL:0.4523560064899744
C_DEVELOPPIECES:0.45232113835587673
C_MATERIAL:0.5290034763508421
