ELO:1067
CE_PASSEDPAWNS:0.503341552644952
CE_PAWNWEAKNESSES:0.4887158613248356
CE_PIECEACTIVITY:0.49999247118596896
CE_KINGPAWNSHIELD:0.5142600735133351
CE_PIECECOORDINATION:0.49283239456934247
CE_MATERIAL:0.5061466910117326
CE_KINGSAFETY:0.5
C_PIECESQUARETABLES:0.5
C_MOBILITY:0.497576774702515
C_KINGSAFETY:0.5026687552661012
C_PAWNSTRUCTURE:0.5159198244203845
C_PIECECOORDINATION:0.493935076261745
C_ROOK:0.4863793706532083
CE_ROOK:0.48499253174775464
C_CENTERCONTROL:0.49450810470261913
C_DEVELOPPIECES:0.4922570811986294
C_MATERIAL:0.5
C_MOVECOUNT:0.49891662155735195
C_PAWNMOVEMENT:0.49552211294162307
