ELO:830
CE_PASSEDPAWNS:0.5087014770238398
CE_PAWNWEAKNESSES:0.5024577145791136
CE_PIECEACTIVITY:0.46822117805567276
CE_KINGPAWNSHIELD:0.4935168373899231
CE_PIECECOORDINATION:0.4852297427882246
CE_MATERIAL:0.42141148479022233
CE_KINGSAFETY:0.4751412837824579
C_PIECESQUARETABLES:0.5160210468859313
C_MOBILITY:0.537634343270814
C_KINGSAFETY:0.4987693742993746
C_PAWNSTRUCTURE:0.5091085003402609
C_PIECECOORDINATION:0.49046683438633804
C_ROOKANDPAWNMOVEMENT:0.49046683438633804
C_CENTERCONTROL:0.499034371436354
C_DEVELOPPIECES:0.46345749236916917
C_MATERIAL:0.517739667455566
C_MOVECOUNT:0.5
