ELO:1012
CE_PASSEDPAWNS:0.516051925645719
CE_PAWNWEAKNESSES:0.4936405360911698
CE_PIECEACTIVITY:0.4996862646968822
CE_KINGPAWNSHIELD:0.5026252492603137
CE_PIECECOORDINATION:0.5085636232798526
CE_MATERIAL:0.5038341019849145
CE_KINGSAFETY:0.48623643611205486
C_PIECESQUARETABLES:0.5
C_MOBILITY:0.5
C_KINGSAFETY:0.49257718916709414
C_PAWNSTRUCTURE:0.5009752897869987
C_PIECECOORDINATION:0.5
C_ROOKANDPAWNMOVEMENT:0.5
C_CENTERCONTROL:0.5190408243704481
C_DEVELOPPIECES:0.5
C_MATERIAL:0.4922503797558699
