ELO:1006
CE_PASSEDPAWNS:0.5590457129377442
CE_PAWNWEAKNESSES:0.5431181539084997
CE_PIECEACTIVITY:0.5232674658975013
CE_KINGPAWNSHIELD:0.5691598242889999
CE_PIECECOORDINATION:0.57142601709208
CE_MATERIAL:0.4907091575667953
CE_KINGSAFETY:0.510118113773517
C_PIECESQUARETABLES:0.5230771206359356
C_MOBILITY:0.4665911762064961
C_KINGSAFETY:0.450089806066731
C_PAWNSTRUCTURE:0.48744943760422343
C_PIECECOORDINATION:0.5069148118667643
C_ROOKANDPAWNMOVEMENT:0.5069148118667643
C_CENTERCONTROL:0.48670975615067263
C_DEVELOPPIECES:0.49297453229914306
C_MATERIAL:0.38178319834341035
