ELO:893
CE_PASSEDPAWNS:0.5149711029635845
CE_PAWNWEAKNESSES:0.5151018856904395
CE_PIECEACTIVITY:0.4689131123208646
CE_KINGPAWNSHIELD:0.5117128679199511
CE_PIECECOORDINATION:0.4767872521103255
CE_MATERIAL:0.49443363725666695
CE_KINGSAFETY:0.5018376008702177
C_PIECESQUARETABLES:0.49024491064314774
C_MOBILITY:0.5019051152067003
C_KINGSAFETY:0.5128069090380775
C_PAWNSTRUCTURE:0.49852494030875477
C_PIECECOORDINATION:0.4872633330746135
C_ROOKANDPAWNMOVEMENT:0.4872633330746135
C_CENTERCONTROL:0.4934405509227669
C_DEVELOPPIECES:0.49305057806056074
C_MATERIAL:0.49842556807053817
C_MOVECOUNT:0.490063463995845
