ELO:931
CE_PASSEDPAWNS:0.5431676527019902
CE_PAWNWEAKNESSES:0.4662773054242077
CE_PIECEACTIVITY:0.4964062104023507
CE_KINGPAWNSHIELD:0.43301965493803896
CE_PIECECOORDINATION:0.5033112089246126
CE_MATERIAL:0.45389358480118397
CE_KINGSAFETY:0.5
C_PIECESQUARETABLES:0.5
C_MOBILITY:0.5144826108680759
C_KINGSAFETY:0.49914380618003557
C_PAWNSTRUCTURE:0.5
C_PIECECOORDINATION:0.5072787510027456
C_ROOKANDPAWNMOVEMENT:0.5072787510027456
C_CENTERCONTROL:0.5223758640593116
C_DEVELOPPIECES:0.501907556939772
C_MATERIAL:0.5594771588021392
C_MOVECOUNT:0.5
