ELO:976
CE_PASSEDPAWNS:0.5608187204534443
CE_PAWNWEAKNESSES:0.5719479627133378
CE_PIECEACTIVITY:0.5051584902252149
CE_KINGPAWNSHIELD:0.5408161031243441
CE_PIECECOORDINATION:0.4059227623783418
CE_MATERIAL:0.544664263739721
CE_KINGSAFETY:0.5
C_PIECESQUARETABLES:0.511441264776314
C_MOBILITY:0.4833676754630388
C_KINGSAFETY:0.5079462845383058
C_PAWNSTRUCTURE:0.3751926881209005
C_PIECECOORDINATION:0.43463208828786354
C_ROOKANDPAWNMOVEMENT:0.43463208828786354
C_CENTERCONTROL:0.5243329612620509
C_DEVELOPPIECES:0.48163523679652487
C_MATERIAL:0.43986301675373574
