ELO:1012
CE_PASSEDPAWNS:0.492111257134047
CE_PAWNWEAKNESSES:0.4983900433036978
CE_PIECEACTIVITY:0.5051143571212406
CE_KINGPAWNSHIELD:0.5041347251336071
CE_PIECECOORDINATION:0.49259611950629456
CE_MATERIAL:0.4981983006607924
CE_KINGSAFETY:0.49468533629691797
C_PIECESQUARETABLES:0.5
C_MOBILITY:0.4877373389429647
C_KINGSAFETY:0.4925760429717912
C_PAWNSTRUCTURE:0.5
C_PIECECOORDINATION:0.5176228739006229
C_ROOKANDPAWNMOVEMENT:0.5176228739006229
C_CENTERCONTROL:0.46989801120341174
C_DEVELOPPIECES:0.49936048735098454
C_MATERIAL:0.48755005193927153
C_MOVECOUNT:0.5500202394165297
