ELO:996
CE_PASSEDPAWNS:0.5369126832924612
CE_PAWNWEAKNESSES:0.4639742516722866
CE_PIECEACTIVITY:0.4790054444062248
CE_KINGPAWNSHIELD:0.5259229092371125
CE_PIECECOORDINATION:0.42126771387635803
CE_MATERIAL:0.5291842229785558
CE_KINGSAFETY:0.5055235128669355
C_PIECESQUARETABLES:0.48061151501956967
C_MOBILITY:0.4362150131174175
C_KINGSAFETY:0.5124888930746475
C_PAWNSTRUCTURE:0.40265590019068137
C_PIECECOORDINATION:0.48191713458274077
C_ROOKANDPAWNMOVEMENT:0.48191713458274077
C_CENTERCONTROL:0.5245673367392981
C_DEVELOPPIECES:0.4757917712893773
C_MATERIAL:0.4965800434978423
