ELO:1058
CE_PASSEDPAWNS:0.4360193417273047
CE_PAWNWEAKNESSES:0.5061116340792322
CE_PIECEACTIVITY:0.47481142193342735
CE_KINGPAWNSHIELD:0.41258971534844563
CE_PIECECOORDINATION:0.459545102887676
CE_MATERIAL:0.43771136654869053
CE_KINGSAFETY:0.5032384439508615
C_PIECESQUARETABLES:0.5019882084310818
C_MOBILITY:0.41712064021927525
C_KINGSAFETY:0.6154761165684453
C_PAWNSTRUCTURE:0.3936907946932237
C_PIECECOORDINATION:0.4665691770109216
C_ROOKANDPAWNMOVEMENT:0.4665691770109216
C_CENTERCONTROL:0.5289574079274044
C_DEVELOPPIECES:0.5530931542284636
C_MATERIAL:0.43163697162796394
