ELO:812
CE_PASSEDPAWNS:0.5124226381496665
CE_PAWNWEAKNESSES:0.55160752856306
CE_PIECEACTIVITY:0.3954837774633243
CE_KINGPAWNSHIELD:0.5700564057300878
CE_PIECECOORDINATION:0.5402710859273969
CE_MATERIAL:0.46666599645046636
CE_KINGSAFETY:0.5364012262352497
C_PIECESQUARETABLES:0.4832746218113837
C_MOBILITY:0.3861491208402401
C_KINGSAFETY:0.4786621294301757
C_PAWNSTRUCTURE:0.4254609521062544
C_PIECECOORDINATION:0.5377202633138708
C_ROOKANDPAWNMOVEMENT:0.5377202633138708
C_CENTERCONTROL:0.4552744713348609
C_DEVELOPPIECES:0.45147187371879954
C_MATERIAL:0.4717004104348977
C_MOVECOUNT:0.5
