ELO:905
CE_PASSEDPAWNS:0.5139337655818087
CE_PAWNWEAKNESSES:0.5151018856904395
CE_PIECEACTIVITY:0.4666242147742734
CE_KINGPAWNSHIELD:0.5150797952846695
CE_PIECECOORDINATION:0.5051359981915141
CE_MATERIAL:0.5018516085939444
CE_KINGSAFETY:0.5005200291280798
C_PIECESQUARETABLES:0.5173403275458409
C_MOBILITY:0.48973991815789075
C_KINGSAFETY:0.5115478613506355
C_PAWNSTRUCTURE:0.5024131302322743
C_PIECECOORDINATION:0.5009816260752809
C_ROOKANDPAWNMOVEMENT:0.5009816260752809
C_CENTERCONTROL:0.4992462382712982
C_DEVELOPPIECES:0.49570155006140476
C_MATERIAL:0.5076689544308132
C_MOVECOUNT:0.4872928865890998
