ELO:1056
CE_PASSEDPAWNS:0.49244450137678064
CE_PAWNWEAKNESSES:0.5101342833997289
CE_PIECEACTIVITY:0.5062070219440435
CE_KINGPAWNSHIELD:0.48494180170640855
CE_PIECECOORDINATION:0.5197609347530578
CE_MATERIAL:0.5000466357657618
CE_KINGSAFETY:0.5
C_PIECESQUARETABLES:0.5
C_MOBILITY:0.5167331414723906
C_KINGSAFETY:0.48597921413543727
C_PAWNSTRUCTURE:0.5
C_PIECECOORDINATION:0.5400649505094918
C_ROOK:0.500771044552258
CE_ROOK:0.5046425883952697
C_CENTERCONTROL:0.4918506465569542
C_DEVELOPPIECES:0.47926425733837474
C_MATERIAL:0.5030436899418252
C_MOVECOUNT:0.49891662155735195
C_PAWNMOVEMENT:0.5037547385522029
