ELO:1053
CE_PASSEDPAWNS:0.49318009983413225
CE_PAWNWEAKNESSES:0.4842631040916708
CE_PIECEACTIVITY:0.5062070219440435
CE_KINGPAWNSHIELD:0.4973009104810251
CE_PIECECOORDINATION:0.5
CE_MATERIAL:0.4974477316404982
CE_KINGSAFETY:0.5
C_PIECESQUARETABLES:0.5
C_MOBILITY:0.4883315461146327
C_KINGSAFETY:0.4795235616541757
C_PAWNSTRUCTURE:0.4810397474137898
C_PIECECOORDINATION:0.5117530500500119
C_ROOK:0.49956361153595036
CE_ROOK:0.48766999446357734
C_CENTERCONTROL:0.5
C_DEVELOPPIECES:0.494324250607125
C_MATERIAL:0.45230360181182927
C_MOVECOUNT:0.49117731403886083
C_PAWNMOVEMENT:0.5105671416101011
