ELO:955
CE_PASSEDPAWNS:0.45881114110180293
CE_PAWNWEAKNESSES:0.4753329667430569
CE_PIECEACTIVITY:0.509169063363867
CE_KINGPAWNSHIELD:0.5002038055755585
CE_PIECECOORDINATION:0.5410728583089291
CE_MATERIAL:0.5408265009332698
CE_KINGSAFETY:0.5072802157855971
C_PIECESQUARETABLES:0.5011097952796927
C_MOBILITY:0.44609642294100854
C_KINGSAFETY:0.4867620472738067
C_PAWNSTRUCTURE:0.5035099573615706
C_PIECECOORDINATION:0.5209968825108586
C_ROOKANDPAWNMOVEMENT:0.5209968825108586
C_CENTERCONTROL:0.4835930630528315
C_DEVELOPPIECES:0.5099295923578951
C_MATERIAL:0.4443046695931072
C_MOVECOUNT:0.5
