ELO:1056
CE_PASSEDPAWNS:0.5066270449685104
CE_PAWNWEAKNESSES:0.4842631040916708
CE_PIECEACTIVITY:0.5062070219440435
CE_KINGPAWNSHIELD:0.49573638947432386
CE_PIECECOORDINATION:0.5
CE_MATERIAL:0.5043812163470417
CE_KINGSAFETY:0.5
C_PIECESQUARETABLES:0.5
C_MOBILITY:0.48278550530959863
C_KINGSAFETY:0.5038692944332201
C_PAWNSTRUCTURE:0.49718218628047534
C_PIECECOORDINATION:0.5328339974409297
C_ROOK:0.500771044552258
CE_ROOK:0.5046425883952697
C_CENTERCONTROL:0.4852912214027281
C_DEVELOPPIECES:0.47926425733837474
C_MATERIAL:0.49310984108194894
C_MOVECOUNT:0.509723540237199
C_PAWNMOVEMENT:0.5105671416101011
