ELO:953
CE_PASSEDPAWNS:0.6276362408485089
CE_PAWNWEAKNESSES:0.5844279398862291
CE_PIECEACTIVITY:0.5074255730772641
CE_KINGPAWNSHIELD:0.5535570535059406
CE_PIECECOORDINATION:0.36196754348438287
CE_MATERIAL:0.5770003470942329
CE_KINGSAFETY:0.45405820852411904
C_PIECESQUARETABLES:0.5262846370741242
C_MOBILITY:0.4333989129935965
C_KINGSAFETY:0.5028018489943784
C_PAWNSTRUCTURE:0.3440628629741621
C_PIECECOORDINATION:0.4260277165297652
C_ROOKANDPAWNMOVEMENT:0.4260277165297652
C_CENTERCONTROL:0.5357757760465648
C_DEVELOPPIECES:0.4927724930134978
C_MATERIAL:0.45854118373953856
