ELO:1056
CE_PASSEDPAWNS:0.5066270449685104
CE_PAWNWEAKNESSES:0.4842631040916708
CE_PIECEACTIVITY:0.5
CE_KINGPAWNSHIELD:0.5050914370919352
CE_PIECECOORDINATION:0.5197609347530578
CE_MATERIAL:0.5000466357657618
CE_KINGSAFETY:0.5
C_PIECESQUARETABLES:0.5
C_MOBILITY:0.48278550530959863
C_KINGSAFETY:0.5
C_PAWNSTRUCTURE:0.5241934706612111
C_PIECECOORDINATION:0.5196892275294726
C_ROOK:0.500771044552258
CE_ROOK:0.49552285313019595
C_CENTERCONTROL:0.4852912214027281
C_DEVELOPPIECES:0.47926425733837474
C_MATERIAL:0.5
C_MOVECOUNT:0.5
C_PAWNMOVEMENT:0.5037547385522029
