ELO:715
CE_PASSEDPAWNS:0.4924865022544537
CE_PAWNWEAKNESSES:0.5816645200297953
CE_PIECEACTIVITY:0.44282505367132363
CE_KINGPAWNSHIELD:0.5464192559327337
CE_PIECECOORDINATION:0.4459783110775548
CE_MATERIAL:0.626790547720055
CE_KINGSAFETY:0.4901088404956275
C_PIECESQUARETABLES:0.5045202006604824
C_MOBILITY:0.4340027190338446
C_KINGSAFETY:0.6105030835213953
C_PAWNSTRUCTURE:0.3688262439383611
C_PIECECOORDINATION:0.440248223407589
C_ROOKANDPAWNMOVEMENT:0.440248223407589
C_CENTERCONTROL:0.5519326424055041
C_DEVELOPPIECES:0.5767118183325113
C_MATERIAL:0.4656443345416191
