ELO:1048
CE_PASSEDPAWNS:0.49591990162815325
CE_PAWNWEAKNESSES:0.5081533900562797
CE_PIECEACTIVITY:0.4875576926523726
CE_KINGPAWNSHIELD:0.5
CE_PIECECOORDINATION:0.505924267188826
CE_MATERIAL:0.5
CE_KINGSAFETY:0.5
C_PIECESQUARETABLES:0.5
C_MOBILITY:0.5
C_KINGSAFETY:0.498844026533024
C_PAWNSTRUCTURE:0.4900787326071133
C_PIECECOORDINATION:0.5124269745948176
C_ROOK:0.5
CE_ROOK:0.4960860099806561
C_CENTERCONTROL:0.5035731574394081
C_DEVELOPPIECES:0.4980236793900829
C_MATERIAL:0.5
C_MOVECOUNT:0.48871135583086506
C_PAWNMOVEMENT:0.5
