ELO:753
CE_PASSEDPAWNS:0.4969813637431744
CE_PAWNWEAKNESSES:0.5966528708652749
CE_PIECEACTIVITY:0.4519306061605028
CE_KINGPAWNSHIELD:0.5364820487623899
CE_PIECECOORDINATION:0.4891647021332568
CE_MATERIAL:0.6652390510345934
CE_KINGSAFETY:0.48780661697979183
C_PIECESQUARETABLES:0.50063685493087
C_MOBILITY:0.4286549527224868
C_KINGSAFETY:0.6106507549034685
C_PAWNSTRUCTURE:0.35588377089026885
C_PIECECOORDINATION:0.4341273582090413
C_ROOKANDPAWNMOVEMENT:0.4341273582090413
C_CENTERCONTROL:0.5497124924021682
C_DEVELOPPIECES:0.5679734529734585
C_MATERIAL:0.4687996534070729
