ELO:1052
CE_PASSEDPAWNS:0.44366762974506596
CE_PAWNWEAKNESSES:0.5061116340792322
CE_PIECEACTIVITY:0.46853487421206513
CE_KINGPAWNSHIELD:0.41167139554740395
CE_PIECECOORDINATION:0.46569467481009036
CE_MATERIAL:0.41712485889119727
CE_KINGSAFETY:0.49145223948952743
C_PIECESQUARETABLES:0.5056171153393545
C_MOBILITY:0.4159153359602866
C_KINGSAFETY:0.6189933905594317
C_PAWNSTRUCTURE:0.39106722719248216
C_PIECECOORDINATION:0.4665691770109216
C_ROOKANDPAWNMOVEMENT:0.4665691770109216
C_CENTERCONTROL:0.5402683579140092
C_DEVELOPPIECES:0.5530931542284636
C_MATERIAL:0.4300029276884778
