ELO:992
CE_PASSEDPAWNS:0.5
CE_PAWNWEAKNESSES:0.5119306237813965
CE_PIECEACTIVITY:0.5
CE_KINGPAWNSHIELD:0.5181310403992987
CE_PIECECOORDINATION:0.5095861224221587
CE_MATERIAL:0.5190707827193198
CE_KINGSAFETY:0.5192507171021375
C_PIECESQUARETABLES:0.4819689831514907
C_MOBILITY:0.5
C_KINGSAFETY:0.5118583163154267
C_PAWNSTRUCTURE:0.4887876724122009
C_PIECECOORDINATION:0.5026525007071537
C_ROOKANDPAWNMOVEMENT:0.5026525007071537
C_CENTERCONTROL:0.5058788691022397
C_DEVELOPPIECES:0.48836208804016373
C_MATERIAL:0.5206923433987108
