ELO:993
CE_PASSEDPAWNS:0.5059037140359424
CE_PAWNWEAKNESSES:0.5011732807082605
CE_PIECEACTIVITY:0.5056776074918619
CE_KINGPAWNSHIELD:0.5039398357244769
CE_PIECECOORDINATION:0.49947374476486595
CE_MATERIAL:0.5008515225805549
CE_KINGSAFETY:0.5318656701057117
C_PIECESQUARETABLES:0.48583410603797733
C_MOBILITY:0.4843162026247597
C_KINGSAFETY:0.5307569461278966
C_PAWNSTRUCTURE:0.49192610401329956
C_PIECECOORDINATION:0.4946816776182709
C_ROOKANDPAWNMOVEMENT:0.4946816776182709
C_CENTERCONTROL:0.4730445304158097
C_DEVELOPPIECES:0.4969113177021927
C_MATERIAL:0.42736518590569555
C_MOVECOUNT:0.5
