ELO:1000
CE_PASSEDPAWNS:0.49648873911305896
CE_PAWNWEAKNESSES:0.48973685504496767
CE_PIECEACTIVITY:0.4812937154522166
CE_KINGPAWNSHIELD:0.46464203689390454
CE_PIECECOORDINATION:0.4517279736907405
CE_MATERIAL:0.5320919582565815
CE_KINGSAFETY:0.4964746073798931
C_PIECESQUARETABLES:0.4983613087734983
C_MOBILITY:0.4569974600186565
C_KINGSAFETY:0.4506610903670148
C_PAWNSTRUCTURE:0.49231834840870026
C_PIECECOORDINATION:0.517838703984602
C_ROOKANDPAWNMOVEMENT:0.517838703984602
C_CENTERCONTROL:0.5082995823682329
C_DEVELOPPIECES:0.5142428099208574
C_MATERIAL:0.45299407846426387
