ELO:993
CE_PASSEDPAWNS:0.5
CE_PAWNWEAKNESSES:0.5050931076380503
CE_PIECEACTIVITY:0.495056193679527
CE_KINGPAWNSHIELD:0.5255339654646527
CE_PIECECOORDINATION:0.5129762502928011
CE_MATERIAL:0.48139228754191954
CE_KINGSAFETY:0.5149330334567588
C_PIECESQUARETABLES:0.5075089668105536
C_MOBILITY:0.49196562705156305
C_KINGSAFETY:0.5095095292045686
C_PAWNSTRUCTURE:0.5187818731333703
C_PIECECOORDINATION:0.5001148150270674
C_ROOKANDPAWNMOVEMENT:0.5001148150270674
C_CENTERCONTROL:0.4922074843359364
C_DEVELOPPIECES:0.5
C_MATERIAL:0.5
