ELO:865
CE_PASSEDPAWNS:0.452833962986088
CE_PAWNWEAKNESSES:0.5523016556266556
CE_PIECEACTIVITY:0.48659351869327777
CE_KINGPAWNSHIELD:0.44569164435103886
CE_PIECECOORDINATION:0.5502249109071305
CE_MATERIAL:0.5255858772112519
CE_KINGSAFETY:0.49457404210519407
C_PIECESQUARETABLES:0.5254333688442013
C_MOBILITY:0.4113337036503468
C_KINGSAFETY:0.5313217424024402
C_PAWNSTRUCTURE:0.5324837193657973
C_PIECECOORDINATION:0.5112421128165755
C_ROOKANDPAWNMOVEMENT:0.5112421128165755
C_CENTERCONTROL:0.49475748391525765
C_DEVELOPPIECES:0.4652256124251031
C_MATERIAL:0.4548058913266262
C_MOVECOUNT:0.5
