ELO:994
CE_PASSEDPAWNS:0.4796726436918315
CE_PAWNWEAKNESSES:0.4836835518999626
CE_PIECEACTIVITY:0.5
CE_KINGPAWNSHIELD:0.49514792500858457
CE_PIECECOORDINATION:0.5129939550947867
CE_MATERIAL:0.5048252680483948
CE_KINGSAFETY:0.5348894105071091
C_PIECESQUARETABLES:0.4951227405949098
C_MOBILITY:0.5038654005277864
C_KINGSAFETY:0.5652496783831623
C_PAWNSTRUCTURE:0.4989260943635633
C_PIECECOORDINATION:0.4766081296382619
C_ROOKANDPAWNMOVEMENT:0.4766081296382619
C_CENTERCONTROL:0.4764889441820766
C_DEVELOPPIECES:0.41673393355495664
C_MATERIAL:0.5082607475591314
C_MOVECOUNT:0.5
