ELO:831
CE_PASSEDPAWNS:0.49055708835877365
CE_PAWNWEAKNESSES:0.45668036932012135
CE_PIECEACTIVITY:0.5663574540735632
CE_KINGPAWNSHIELD:0.4476508709715016
CE_PIECECOORDINATION:0.4818244502426062
CE_MATERIAL:0.5142112628096888
CE_KINGSAFETY:0.5
C_PIECESQUARETABLES:0.5
C_MOBILITY:0.4247727926120743
C_KINGSAFETY:0.562782577775094
C_PAWNSTRUCTURE:0.42555589373747854
C_PIECECOORDINATION:0.48485560734694194
C_ROOKANDPAWNMOVEMENT:0.48485560734694194
C_CENTERCONTROL:0.4832014687619781
C_DEVELOPPIECES:0.5245819294038107
C_MATERIAL:0.5245527193678765
C_MOVECOUNT:0.49699346190862725
