ELO:1015
CE_PASSEDPAWNS:0.5727635578309089
CE_PAWNWEAKNESSES:0.5187632492093319
CE_PIECEACTIVITY:0.5056177091706959
CE_KINGPAWNSHIELD:0.5661841292586538
CE_PIECECOORDINATION:0.57142601709208
CE_MATERIAL:0.48844356309780107
CE_KINGSAFETY:0.5130298995700967
C_PIECESQUARETABLES:0.521130736585312
C_MOBILITY:0.46206055955543013
C_KINGSAFETY:0.4552158738338687
C_PAWNSTRUCTURE:0.47589762766109767
C_PIECECOORDINATION:0.5069148118667643
C_ROOKANDPAWNMOVEMENT:0.5069148118667643
C_CENTERCONTROL:0.4914213536163814
C_DEVELOPPIECES:0.47661393099408317
C_MATERIAL:0.3758808220694013
