ELO:988
CE_PASSEDPAWNS:0.5156839845540195
CE_PAWNWEAKNESSES:0.5121142953421814
CE_PIECEACTIVITY:0.5115517959390631
CE_KINGPAWNSHIELD:0.4161401479322606
CE_PIECECOORDINATION:0.44399974812370074
CE_MATERIAL:0.561768244176347
CE_KINGSAFETY:0.51156636690422
C_PIECESQUARETABLES:0.4937774584498905
C_MOBILITY:0.4964390839356585
C_KINGSAFETY:0.5077087654596292
C_PAWNSTRUCTURE:0.49803675145565307
C_PIECECOORDINATION:0.5350567576815112
C_ROOKANDPAWNMOVEMENT:0.5350567576815112
C_CENTERCONTROL:0.4011344492775977
C_DEVELOPPIECES:0.500500679487254
C_MATERIAL:0.5961651856192628
