ELO:734
CE_PASSEDPAWNS:0.5381715239531953
CE_PAWNWEAKNESSES:0.5624892221228708
CE_PIECEACTIVITY:0.44245393917886044
CE_KINGPAWNSHIELD:0.5589325242467021
CE_PIECECOORDINATION:0.4221082916660462
CE_MATERIAL:0.6067548214022015
CE_KINGSAFETY:0.465709596584266
C_PIECESQUARETABLES:0.5125652090836939
C_MOBILITY:0.43659728532709197
C_KINGSAFETY:0.6000604199518036
C_PAWNSTRUCTURE:0.38495467599617395
C_PIECECOORDINATION:0.44703404156194776
C_ROOKANDPAWNMOVEMENT:0.44703404156194776
C_CENTERCONTROL:0.5430542917570395
C_DEVELOPPIECES:0.5469222895305307
C_MATERIAL:0.47768393316393043
