ELO:969
CE_PASSEDPAWNS:0.5326974357153986
CE_PAWNWEAKNESSES:0.5090644181711838
CE_PIECEACTIVITY:0.4897803480077944
CE_KINGPAWNSHIELD:0.5121124018914543
CE_PIECECOORDINATION:0.49311252473784045
CE_MATERIAL:0.4688822072434227
CE_KINGSAFETY:0.4979767048487158
C_PIECESQUARETABLES:0.49592005088189733
C_MOBILITY:0.4982692594833452
C_KINGSAFETY:0.3990935349520014
C_PAWNSTRUCTURE:0.5408765763387614
C_PIECECOORDINATION:0.4845423013617056
C_ROOKANDPAWNMOVEMENT:0.4845423013617056
C_CENTERCONTROL:0.4489408293265656
C_DEVELOPPIECES:0.48064721680431327
C_MATERIAL:0.41885038600163776
