ELO:859
CE_PASSEDPAWNS:0.4669437591205563
CE_PAWNWEAKNESSES:0.5485135899244916
CE_PIECEACTIVITY:0.49563712473532573
CE_KINGPAWNSHIELD:0.4419022192376885
CE_PIECECOORDINATION:0.5502249109071305
CE_MATERIAL:0.5377578216580715
CE_KINGSAFETY:0.49873334343803166
C_PIECESQUARETABLES:0.5125320574848373
C_MOBILITY:0.419233011234111
C_KINGSAFETY:0.5272190020603436
C_PAWNSTRUCTURE:0.5201219065584713
C_PIECECOORDINATION:0.4958709951005951
C_ROOKANDPAWNMOVEMENT:0.4958709951005951
C_CENTERCONTROL:0.5006543502597823
C_DEVELOPPIECES:0.47335606446274353
C_MATERIAL:0.45968642519178804
C_MOVECOUNT:0.5
