ELO:969
CE_PASSEDPAWNS:0.5195008228646731
CE_PAWNWEAKNESSES:0.515473827927636
CE_PIECEACTIVITY:0.5031770396773063
CE_KINGPAWNSHIELD:0.5107552727959267
CE_PIECECOORDINATION:0.568937933131225
CE_MATERIAL:0.49660803414340243
CE_KINGSAFETY:0.52227858639381
C_PIECESQUARETABLES:0.5
C_MOBILITY:0.5
C_KINGSAFETY:0.508564824217599
C_PAWNSTRUCTURE:0.5210244159772038
C_PIECECOORDINATION:0.49819488482585367
C_ROOKANDPAWNMOVEMENT:0.49819488482585367
C_CENTERCONTROL:0.48261656387000096
C_DEVELOPPIECES:0.4942214797391445
C_MATERIAL:0.5128688619132852
C_MOVECOUNT:0.5
