ELO:1002
CE_PASSEDPAWNS:0.5129710692004411
CE_PAWNWEAKNESSES:0.4889024305035117
CE_PIECEACTIVITY:0.48727424062230307
CE_KINGPAWNSHIELD:0.508125176185697
CE_PIECECOORDINATION:0.4959430618275937
CE_MATERIAL:0.5
CE_KINGSAFETY:0.5059418210345149
C_PIECESQUARETABLES:0.5013583283782175
C_MOBILITY:0.5117953737438837
C_KINGSAFETY:0.49400130438247625
C_PAWNSTRUCTURE:0.5166182091224474
C_PIECECOORDINATION:0.5073257739057224
C_ROOKANDPAWNMOVEMENT:0.5073257739057224
C_CENTERCONTROL:0.5048101935893966
C_DEVELOPPIECES:0.5061613872198549
C_MATERIAL:0.48778295226850704
C_MOVECOUNT:0.49447936961335515
