ELO:1000
CE_PASSEDPAWNS:0.5020808543535729
CE_PAWNWEAKNESSES:0.5003264586852915
CE_PIECEACTIVITY:0.4866548598065425
CE_KINGPAWNSHIELD:0.5161667724090098
CE_PIECECOORDINATION:0.5208784435814602
CE_MATERIAL:0.4901011388124734
CE_KINGSAFETY:0.5038611019005264
C_PIECESQUARETABLES:0.4898002503550034
C_MOBILITY:0.49368616689823613
C_KINGSAFETY:0.5040217507139951
C_PAWNSTRUCTURE:0.5262642641696818
C_PIECECOORDINATION:0.5339143008773442
C_ROOKANDPAWNMOVEMENT:0.5339143008773442
C_CENTERCONTROL:0.5055025707235176
C_DEVELOPPIECES:0.4756563250130136
C_MATERIAL:0.5051110903212073
