ELO:1013
CE_PASSEDPAWNS:0.49629760184424976
CE_PAWNWEAKNESSES:0.4845233121614167
CE_PIECEACTIVITY:0.49228555728861567
CE_KINGPAWNSHIELD:0.49491248335906485
CE_PIECECOORDINATION:0.5045808737526183
CE_MATERIAL:0.5000681605711824
CE_KINGSAFETY:0.5
C_PIECESQUARETABLES:0.490981931499857
C_MOBILITY:0.5109796522009409
C_KINGSAFETY:0.5018073620274985
C_PAWNSTRUCTURE:0.4969329701279109
C_PIECECOORDINATION:0.5175278957170094
C_ROOKANDPAWNMOVEMENT:0.5175278957170094
C_CENTERCONTROL:0.4960396254332801
C_DEVELOPPIECES:0.5062136630402436
C_MATERIAL:0.49244839944537927
C_MOVECOUNT:0.5087223004345555
