ELO:797
CE_PASSEDPAWNS:0.4592135539595881
CE_PAWNWEAKNESSES:0.5136410543423077
CE_PIECEACTIVITY:0.51275084253753
CE_KINGPAWNSHIELD:0.5733879269895465
CE_PIECECOORDINATION:0.4569924775604885
CE_MATERIAL:0.3982733978846897
CE_KINGSAFETY:0.4792294597482659
C_PIECESQUARETABLES:0.48944750213072574
C_MOBILITY:0.4656444654588369
C_KINGSAFETY:0.5146916680102277
C_PAWNSTRUCTURE:0.45029003748175134
C_PIECECOORDINATION:0.5012753871039798
C_ROOKANDPAWNMOVEMENT:0.5012753871039798
C_CENTERCONTROL:0.46182301384907865
C_DEVELOPPIECES:0.41673393355495664
C_MATERIAL:0.4116677282264477
C_MOVECOUNT:0.492426144627453
