ELO:990
CE_PASSEDPAWNS:0.5
CE_PAWNWEAKNESSES:0.5045707104392984
CE_PIECEACTIVITY:0.48831274135542435
CE_KINGPAWNSHIELD:0.5016433337762115
CE_PIECECOORDINATION:0.46244732043570635
CE_MATERIAL:0.5138242354227514
CE_KINGSAFETY:0.5
C_PIECESQUARETABLES:0.4894457237806162
C_MOBILITY:0.5116497946532902
C_KINGSAFETY:0.5018866401345827
C_PAWNSTRUCTURE:0.5421014108074327
C_PIECECOORDINATION:0.5099583229314231
C_ROOKANDPAWNMOVEMENT:0.5099583229314231
C_CENTERCONTROL:0.5
C_DEVELOPPIECES:0.49325920679032326
C_MATERIAL:0.5087636857272385
