ELO:988
CE_PASSEDPAWNS:0.4654514586923874
CE_PAWNWEAKNESSES:0.4716480211263821
CE_PIECEACTIVITY:0.4664590461900128
CE_KINGPAWNSHIELD:0.5756114637845848
CE_PIECECOORDINATION:0.5613075359978315
CE_MATERIAL:0.6151013538415296
CE_KINGSAFETY:0.4854926367666778
C_PIECESQUARETABLES:0.5000758292530837
C_MOBILITY:0.34936244795594384
C_KINGSAFETY:0.49377376769783243
C_PAWNSTRUCTURE:0.3715761883857571
C_PIECECOORDINATION:0.5703705037789814
C_ROOKANDPAWNMOVEMENT:0.5703705037789814
C_CENTERCONTROL:0.5512688769366102
C_DEVELOPPIECES:0.5662842653883029
C_MATERIAL:0.5573456951954205
