ELO:1044
CE_PASSEDPAWNS:0.5172142507225177
CE_PAWNWEAKNESSES:0.48980452886477255
CE_PIECEACTIVITY:0.512973614661882
CE_KINGPAWNSHIELD:0.5107714070863236
CE_PIECECOORDINATION:0.5330292707230271
CE_MATERIAL:0.5115008509760626
CE_KINGSAFETY:0.5
C_PIECESQUARETABLES:0.5
C_MOBILITY:0.4882012949921861
C_KINGSAFETY:0.5
C_PAWNSTRUCTURE:0.5011184076901242
C_PIECECOORDINATION:0.5185126645912487
C_ROOK:0.48473326904920266
CE_ROOK:0.4967430384803549
C_CENTERCONTROL:0.4931333366455676
C_DEVELOPPIECES:0.5036944895326616
C_MATERIAL:0.5169640389670006
C_MOVECOUNT:0.4963060505601836
C_PAWNMOVEMENT:0.5
