ELO:906
CE_PASSEDPAWNS:0.49263934818871574
CE_PAWNWEAKNESSES:0.5075114825549378
CE_PIECEACTIVITY:0.6332217104938083
CE_KINGPAWNSHIELD:0.47799760236524363
CE_PIECECOORDINATION:0.4414475526761882
CE_MATERIAL:0.41899708792813045
CE_KINGSAFETY:0.5058096741974746
C_PIECESQUARETABLES:0.5065620940334815
C_MOBILITY:0.48471837566381887
C_KINGSAFETY:0.5343543986121415
C_PAWNSTRUCTURE:0.5244798800346125
C_PIECECOORDINATION:0.5372157177675729
C_ROOKANDPAWNMOVEMENT:0.5372157177675729
C_CENTERCONTROL:0.578384273869437
C_DEVELOPPIECES:0.4387336765858964
C_MATERIAL:0.5594857475029708
