ELO:895
CE_PASSEDPAWNS:0.4922034012769157
CE_PAWNWEAKNESSES:0.4712442756844331
CE_PIECEACTIVITY:0.6107811352210972
CE_KINGPAWNSHIELD:0.5050407335843274
CE_PIECECOORDINATION:0.42420648416633705
CE_MATERIAL:0.41048913387885916
CE_KINGSAFETY:0.4879576605173882
C_PIECESQUARETABLES:0.5296921568174733
C_MOBILITY:0.4697267180970774
C_KINGSAFETY:0.5058085158214624
C_PAWNSTRUCTURE:0.5083921626780479
C_PIECECOORDINATION:0.5359093845417865
C_ROOKANDPAWNMOVEMENT:0.5359093845417865
C_CENTERCONTROL:0.6107500083088687
C_DEVELOPPIECES:0.43060647559025195
C_MATERIAL:0.603594158615705
