ELO:992
CE_PASSEDPAWNS:0.5113549528892484
CE_PAWNWEAKNESSES:0.4920445139474594
CE_PIECEACTIVITY:0.5094874229928592
CE_KINGPAWNSHIELD:0.49560351575703604
CE_PIECECOORDINATION:0.4983271392361962
CE_MATERIAL:0.500890800427888
CE_KINGSAFETY:0.5
C_PIECESQUARETABLES:0.4904244455000677
C_MOBILITY:0.5
C_KINGSAFETY:0.5124150205682766
C_PAWNSTRUCTURE:0.5080573609860584
C_PIECECOORDINATION:0.5
C_ROOKANDPAWNMOVEMENT:0.5
C_CENTERCONTROL:0.5018969843623715
C_DEVELOPPIECES:0.5007254505205315
C_MATERIAL:0.49244839944537927
C_MOVECOUNT:0.5099568113659727
