ELO:1049
CE_PASSEDPAWNS:0.5009094585465971
CE_PAWNWEAKNESSES:0.5089262315892731
CE_PIECEACTIVITY:0.5
CE_KINGPAWNSHIELD:0.4961643545945627
CE_PIECECOORDINATION:0.5
CE_MATERIAL:0.5113046221875883
CE_KINGSAFETY:0.5
C_PIECESQUARETABLES:0.5
C_MOBILITY:0.5
C_KINGSAFETY:0.502663831916359
C_PAWNSTRUCTURE:0.5
C_PIECECOORDINATION:0.5141468456269797
C_ROOK:0.4881261161229438
CE_ROOK:0.4955141820428924
C_CENTERCONTROL:0.493489817732325
C_DEVELOPPIECES:0.5
C_MATERIAL:0.4919401372919477
C_MOVECOUNT:0.49063625738625116
C_PAWNMOVEMENT:0.5
