ELO:1000
CE_PASSEDPAWNS:0.4851446696595133
CE_PAWNWEAKNESSES:0.4901733061776877
CE_PIECEACTIVITY:0.4639662865797121
CE_KINGPAWNSHIELD:0.5139724644739655
CE_PIECECOORDINATION:0.5344359733621608
CE_MATERIAL:0.5265421714641373
CE_KINGSAFETY:0.49424135005388564
C_PIECESQUARETABLES:0.48627785363140485
C_MOBILITY:0.5071587169691877
C_KINGSAFETY:0.4887670255276922
C_PAWNSTRUCTURE:0.5146234263411729
C_PIECECOORDINATION:0.5479510085210618
C_ROOKANDPAWNMOVEMENT:0.5479510085210618
C_CENTERCONTROL:0.5005414194766072
C_DEVELOPPIECES:0.46342139453438264
C_MATERIAL:0.4738522368716976
