ELO:987
CE_PASSEDPAWNS:0.4933375323753492
CE_PAWNWEAKNESSES:0.500484753023564
CE_PIECEACTIVITY:0.516754355711526
CE_KINGPAWNSHIELD:0.49939460467457414
CE_PIECECOORDINATION:0.5006830865359659
CE_MATERIAL:0.4880643831624278
CE_KINGSAFETY:0.4790926496802164
C_PIECESQUARETABLES:0.4764639754317789
C_MOBILITY:0.4963252946917591
C_KINGSAFETY:0.5005958400194528
C_PAWNSTRUCTURE:0.520124527072368
C_PIECECOORDINATION:0.5
C_ROOKANDPAWNMOVEMENT:0.5
C_CENTERCONTROL:0.5055338995782349
C_DEVELOPPIECES:0.4907724060994888
C_MATERIAL:0.5063039389481695
C_MOVECOUNT:0.48941368108446187
