ELO:1002
CE_PASSEDPAWNS:0.48417778955359614
CE_PAWNWEAKNESSES:0.5
CE_PIECEACTIVITY:0.5089516743507748
CE_KINGPAWNSHIELD:0.47737106263819445
CE_PIECECOORDINATION:0.49150445657097025
CE_MATERIAL:0.5028861528417955
CE_KINGSAFETY:0.48833614112979407
C_PIECESQUARETABLES:0.5031473985404264
C_MOBILITY:0.49727578924428656
C_KINGSAFETY:0.49254294396488874
C_PAWNSTRUCTURE:0.5033880273698356
C_PIECECOORDINATION:0.5265100778075485
C_ROOK:0.5
CE_ROOK:0.5182094568497894
C_CENTERCONTROL:0.4968741966426037
C_DEVELOPPIECES:0.5376228920276074
C_MATERIAL:0.49706781632555114
C_MOVECOUNT:0.49806747092981024
C_PAWNMOVEMENT:0.5246240587915622
