ELO:997
CE_PASSEDPAWNS:0.48928981175390884
CE_PAWNWEAKNESSES:0.5227894104710433
CE_PIECEACTIVITY:0.5111182756577007
CE_KINGPAWNSHIELD:0.5112219370952459
CE_PIECECOORDINATION:0.5091240636768833
CE_MATERIAL:0.48967897232653296
CE_KINGSAFETY:0.5
C_PIECESQUARETABLES:0.4913985289114381
C_MOBILITY:0.5047792322397132
C_KINGSAFETY:0.4986632209898097
C_PAWNSTRUCTURE:0.5012786025079613
C_PIECECOORDINATION:0.4999234557590279
C_ROOKANDPAWNMOVEMENT:0.4999234557590279
C_CENTERCONTROL:0.5093830128494745
C_DEVELOPPIECES:0.5154884641759369
C_MATERIAL:0.4936787474449329
C_MOVECOUNT:0.5
