ELO:1021
CE_PASSEDPAWNS:0.5165401952833226
CE_PAWNWEAKNESSES:0.4957004956992261
CE_PIECEACTIVITY:0.49589423134771604
CE_KINGPAWNSHIELD:0.5220819546302787
CE_PIECECOORDINATION:0.49194055585301893
CE_MATERIAL:0.5207688268285212
CE_KINGSAFETY:0.5
C_PIECESQUARETABLES:0.5
C_MOBILITY:0.5164581125171444
C_KINGSAFETY:0.48783519659163055
C_PAWNSTRUCTURE:0.4951326566476162
C_PIECECOORDINATION:0.5109907833435079
C_ROOK:0.5057630929773514
CE_ROOK:0.5102364438222872
C_CENTERCONTROL:0.45547399386637577
C_DEVELOPPIECES:0.509493895522361
C_MATERIAL:0.49971356348930207
C_MOVECOUNT:0.510902853622266
C_PAWNMOVEMENT:0.5400932642649898
