ELO:925
CE_PASSEDPAWNS:0.4677014951915352
CE_PAWNWEAKNESSES:0.4810166795096416
CE_PIECEACTIVITY:0.47376071540458964
CE_KINGPAWNSHIELD:0.5902285549978107
CE_PIECECOORDINATION:0.6064668075347872
CE_MATERIAL:0.5713844087019169
CE_KINGSAFETY:0.47629403892319483
C_PIECESQUARETABLES:0.5282639030377733
C_MOBILITY:0.370087137668187
C_KINGSAFETY:0.46095040814037813
C_PAWNSTRUCTURE:0.36170796705101427
C_PIECECOORDINATION:0.5693932468140552
C_ROOKANDPAWNMOVEMENT:0.5693932468140552
C_CENTERCONTROL:0.5857533272989266
C_DEVELOPPIECES:0.47324355274239177
C_MATERIAL:0.5151293390805017
