ELO:847
CE_PASSEDPAWNS:0.4682718504052973
CE_PAWNWEAKNESSES:0.4892926816716441
CE_PIECEACTIVITY:0.5204836863865644
CE_KINGPAWNSHIELD:0.6009489644688418
CE_PIECECOORDINATION:0.6032210483503601
CE_MATERIAL:0.507535216343375
CE_KINGSAFETY:0.49021487636058786
C_PIECESQUARETABLES:0.5078446398304683
C_MOBILITY:0.5288343714669493
C_KINGSAFETY:0.511991037314945
C_PAWNSTRUCTURE:0.5098241041949779
C_PIECECOORDINATION:0.5203726509902088
C_ROOKANDPAWNMOVEMENT:0.5203726509902088
C_CENTERCONTROL:0.5312301430149099
C_DEVELOPPIECES:0.5337682585061129
C_MATERIAL:0.46445803622698534
C_MOVECOUNT:0.5
