ELO:965
CE_PASSEDPAWNS:0.5042050521315049
CE_PAWNWEAKNESSES:0.49872959034490016
CE_PIECEACTIVITY:0.5301754071506778
CE_KINGPAWNSHIELD:0.49073148785123927
CE_PIECECOORDINATION:0.5551604850672783
CE_MATERIAL:0.5003848106168536
CE_KINGSAFETY:0.5
C_PIECESQUARETABLES:0.5
C_MOBILITY:0.5044398572706221
C_KINGSAFETY:0.5499553010667966
C_PAWNSTRUCTURE:0.4801854738210639
C_PIECECOORDINATION:0.5037032257979067
C_ROOK:0.49676126426404354
CE_ROOK:0.4756424473849509
C_CENTERCONTROL:0.5030087727226975
C_DEVELOPPIECES:0.4856601853730584
C_MATERIAL:0.5028110968219632
C_MOVECOUNT:0.46189020469144204
C_PAWNMOVEMENT:0.4957602257107776
