ELO:1019
CE_PASSEDPAWNS:0.5276839012462234
CE_PAWNWEAKNESSES:0.4848580086250381
CE_PIECEACTIVITY:0.525939483302968
CE_KINGPAWNSHIELD:0.5052539751821776
CE_PIECECOORDINATION:0.5118282937248381
CE_MATERIAL:0.554030898881623
CE_KINGSAFETY:0.49977223954175476
C_PIECESQUARETABLES:0.49970729480575626
C_MOBILITY:0.45688063928593525
C_KINGSAFETY:0.5059882199878102
C_PAWNSTRUCTURE:0.4655724812207259
C_PIECECOORDINATION:0.5381997157853253
C_ROOKANDPAWNMOVEMENT:0.5381997157853253
C_CENTERCONTROL:0.5179711011062362
C_DEVELOPPIECES:0.47736155786081563
C_MATERIAL:0.5173877798314747
