ELO:1046
CE_PASSEDPAWNS:0.505005375118986
CE_PAWNWEAKNESSES:0.4767844267239877
CE_PIECEACTIVITY:0.49669922482791296
CE_KINGPAWNSHIELD:0.4975840604551103
CE_PIECECOORDINATION:0.4993709251732158
CE_MATERIAL:0.5043812163470417
CE_KINGSAFETY:0.5
C_PIECESQUARETABLES:0.5
C_MOBILITY:0.5136440417553039
C_KINGSAFETY:0.5042051878248334
C_PAWNSTRUCTURE:0.4810397474137898
C_PIECECOORDINATION:0.518897196640127
C_ROOK:0.49175260930074466
CE_ROOK:0.4811678256649255
C_CENTERCONTROL:0.5
C_DEVELOPPIECES:0.5036944895326616
C_MATERIAL:0.45230360181182927
C_MOVECOUNT:0.4841889322857715
C_PAWNMOVEMENT:0.5158275755625826
