ELO:906
CE_PASSEDPAWNS:0.5116076431309938
CE_PAWNWEAKNESSES:0.5062655460238021
CE_PIECEACTIVITY:0.6286006225632075
CE_KINGPAWNSHIELD:0.4810183300818898
CE_PIECECOORDINATION:0.4629651888465579
CE_MATERIAL:0.4177144093091205
CE_KINGSAFETY:0.48746145403073604
C_PIECESQUARETABLES:0.5154688750897483
C_MOBILITY:0.501092313612469
C_KINGSAFETY:0.5072919133827698
C_PAWNSTRUCTURE:0.5317472419303877
C_PIECECOORDINATION:0.5426256776017094
C_ROOKANDPAWNMOVEMENT:0.5426256776017094
C_CENTERCONTROL:0.5771019450724209
C_DEVELOPPIECES:0.44804465837825
C_MATERIAL:0.5793715046533502
