ELO:1051
CE_PASSEDPAWNS:0.5
CE_PAWNWEAKNESSES:0.5079959318821118
CE_PIECEACTIVITY:0.5
CE_KINGPAWNSHIELD:0.5
CE_PIECECOORDINATION:0.5024664189293215
CE_MATERIAL:0.4699618592494867
CE_KINGSAFETY:0.5
C_PIECESQUARETABLES:0.5015985932714185
C_MOBILITY:0.5
C_KINGSAFETY:0.5104850657500096
C_PAWNSTRUCTURE:0.5239534074545589
C_PIECECOORDINATION:0.5047751328764609
C_ROOKANDPAWNMOVEMENT:0.5047751328764609
C_CENTERCONTROL:0.4892443194795003
C_DEVELOPPIECES:0.5
C_MATERIAL:0.49831507192468644
C_MOVECOUNT:0.5
