ELO:996
CE_PASSEDPAWNS:0.45178505581016015
CE_PAWNWEAKNESSES:0.47724390310753223
CE_PIECEACTIVITY:0.42909294237029955
CE_KINGPAWNSHIELD:0.5094387968531087
CE_PIECECOORDINATION:0.5397261738183533
CE_MATERIAL:0.46440316640615853
CE_KINGSAFETY:0.48513551234333696
C_PIECESQUARETABLES:0.4969979975429491
C_MOBILITY:0.5273230564568079
C_KINGSAFETY:0.4805266463063426
C_PAWNSTRUCTURE:0.5171502570220973
C_PIECECOORDINATION:0.5185171858043194
C_ROOKANDPAWNMOVEMENT:0.5185171858043194
C_CENTERCONTROL:0.49522800955159396
C_DEVELOPPIECES:0.4161741104836645
C_MATERIAL:0.5596071264175486
