ELO:1033
CE_PASSEDPAWNS:0.5106300650418459
CE_PAWNWEAKNESSES:0.5054935215545584
CE_PIECEACTIVITY:0.491355587244187
CE_KINGPAWNSHIELD:0.5036500652198945
CE_PIECECOORDINATION:0.49329653010493124
CE_MATERIAL:0.5
CE_KINGSAFETY:0.5
C_PIECESQUARETABLES:0.5
C_MOBILITY:0.5
C_KINGSAFETY:0.49234105022336144
C_PAWNSTRUCTURE:0.5
C_PIECECOORDINATION:0.5
C_ROOKANDPAWNMOVEMENT:0.5
C_CENTERCONTROL:0.5122987295071216
C_DEVELOPPIECES:0.5196507631558839
C_MATERIAL:0.5
C_MOVECOUNT:0.5
