ELO:1053
CE_PASSEDPAWNS:0.5009094585465971
CE_PAWNWEAKNESSES:0.49441264483531816
CE_PIECEACTIVITY:0.4861133235204811
CE_KINGPAWNSHIELD:0.49652433239307575
CE_PIECECOORDINATION:0.4893504058284727
CE_MATERIAL:0.5
CE_KINGSAFETY:0.5
C_PIECESQUARETABLES:0.5
C_MOBILITY:0.5
C_KINGSAFETY:0.4778837742082676
C_PAWNSTRUCTURE:0.5056086859510552
C_PIECECOORDINATION:0.5
C_ROOK:0.5221569755385295
CE_ROOK:0.5
C_CENTERCONTROL:0.4907432133480504
C_DEVELOPPIECES:0.5036944895326616
C_MATERIAL:0.5
C_MOVECOUNT:0.5038832775438904
C_PAWNMOVEMENT:0.5
