ELO:986
CE_PASSEDPAWNS:0.49730683645758417
CE_PAWNWEAKNESSES:0.4879016469268692
CE_PIECEACTIVITY:0.5070549376868757
CE_KINGPAWNSHIELD:0.49960585989585793
CE_PIECECOORDINATION:0.5126103271839343
CE_MATERIAL:0.5070919692002659
CE_KINGSAFETY:0.5128998005223289
C_PIECESQUARETABLES:0.5003610358286807
C_MOBILITY:0.5047957763369934
C_KINGSAFETY:0.5119116247395158
C_PAWNSTRUCTURE:0.4864020340295343
C_PIECECOORDINATION:0.497010546872378
C_ROOKANDPAWNMOVEMENT:0.497010546872378
C_CENTERCONTROL:0.4928655830342198
C_DEVELOPPIECES:0.4875804202778736
C_MATERIAL:0.5060018852271874
