ELO:1061
CE_PASSEDPAWNS:0.5106300650418459
CE_PAWNWEAKNESSES:0.490509111892448
CE_PIECEACTIVITY:0.5077312330497874
CE_KINGPAWNSHIELD:0.5
CE_PIECECOORDINATION:0.5
CE_MATERIAL:0.46837377775804356
CE_KINGSAFETY:0.5
C_PIECESQUARETABLES:0.5
C_MOBILITY:0.4911755769783971
C_KINGSAFETY:0.5047160977237543
C_PAWNSTRUCTURE:0.5138956469203322
C_PIECECOORDINATION:0.5
C_ROOKANDPAWNMOVEMENT:0.5
C_CENTERCONTROL:0.49546902313878655
C_DEVELOPPIECES:0.5087359041418192
C_MATERIAL:0.5
C_MOVECOUNT:0.5
