ELO:1008
CE_PASSEDPAWNS:0.5101627569942355
CE_PAWNWEAKNESSES:0.5
CE_PIECEACTIVITY:0.49604702994696187
CE_KINGPAWNSHIELD:0.48841811916688055
CE_PIECECOORDINATION:0.5143945749168607
CE_MATERIAL:0.5
CE_KINGSAFETY:0.5
C_PIECESQUARETABLES:0.5100342933710433
C_MOBILITY:0.5
C_KINGSAFETY:0.5
C_PAWNSTRUCTURE:0.5
C_PIECECOORDINATION:0.49212620382266337
C_ROOKANDPAWNMOVEMENT:0.49212620382266337
C_CENTERCONTROL:0.49981717163534145
C_DEVELOPPIECES:0.4845964047830764
C_MATERIAL:0.5
