ELO:970
CE_PASSEDPAWNS:0.5027640285884042
CE_PAWNWEAKNESSES:0.5233856682780829
CE_PIECEACTIVITY:0.6226140111273384
CE_KINGPAWNSHIELD:0.4207805911719532
CE_PIECECOORDINATION:0.5053957149715261
CE_MATERIAL:0.4375075191817789
CE_KINGSAFETY:0.49692493533793325
C_PIECESQUARETABLES:0.48420178068500247
C_MOBILITY:0.5216633323590114
C_KINGSAFETY:0.5355939330738004
C_PAWNSTRUCTURE:0.5029475646461713
C_PIECECOORDINATION:0.5278583135803894
C_ROOKANDPAWNMOVEMENT:0.5278583135803894
C_CENTERCONTROL:0.5770521601676291
C_DEVELOPPIECES:0.4505039552865856
C_MATERIAL:0.5344697930289042
