ELO:1000
CE_PASSEDPAWNS:0.5173543049492073
CE_PAWNWEAKNESSES:0.4760476443219652
CE_PIECEACTIVITY:0.5
CE_KINGPAWNSHIELD:0.4969246364498971
CE_PIECECOORDINATION:0.4845981892117224
CE_MATERIAL:0.5318214900673804
CE_KINGSAFETY:0.5009963192856518
C_PIECESQUARETABLES:0.49756874922682376
C_MOBILITY:0.4975414303868808
C_KINGSAFETY:0.4932522430319667
C_PAWNSTRUCTURE:0.48977535118799753
C_PIECECOORDINATION:0.5011466570473073
C_ROOKANDPAWNMOVEMENT:0.5011466570473073
C_CENTERCONTROL:0.487346973241965
C_DEVELOPPIECES:0.506199430588214
C_MATERIAL:0.501141017282916
