ELO:911
CE_PASSEDPAWNS:0.43289571968568924
CE_PAWNWEAKNESSES:0.5122379937957026
CE_PIECEACTIVITY:0.5465830905200607
CE_KINGPAWNSHIELD:0.4951644537161375
CE_PIECECOORDINATION:0.5669887055402815
CE_MATERIAL:0.5683304234303512
CE_KINGSAFETY:0.5005766220912464
C_PIECESQUARETABLES:0.4947881891529872
C_MOBILITY:0.49600417089568194
C_KINGSAFETY:0.41769215498832274
C_PAWNSTRUCTURE:0.48902236792374
C_PIECECOORDINATION:0.5231739606466521
C_ROOKANDPAWNMOVEMENT:0.5231739606466521
C_CENTERCONTROL:0.5513391579383075
C_DEVELOPPIECES:0.4787709822854972
C_MATERIAL:0.4685356871129967
C_MOVECOUNT:0.4960832764803412
