ELO:957
CE_PASSEDPAWNS:0.5233706381867996
CE_PAWNWEAKNESSES:0.5157004535974988
CE_PIECEACTIVITY:0.5037273947068021
CE_KINGPAWNSHIELD:0.5091956172823865
CE_PIECECOORDINATION:0.6512846396071015
CE_MATERIAL:0.4987872024677092
CE_KINGSAFETY:0.5
C_PIECESQUARETABLES:0.5
C_MOBILITY:0.49108933400119376
C_KINGSAFETY:0.5500826453537059
C_PAWNSTRUCTURE:0.5850663823581417
C_PIECECOORDINATION:0.5528585051132449
C_ROOKANDPAWNMOVEMENT:0.5528585051132449
C_CENTERCONTROL:0.5949008410296197
C_DEVELOPPIECES:0.5007677142735136
C_MATERIAL:0.49220913222742835
C_MOVECOUNT:0.5
