ELO:943
CE_PASSEDPAWNS:0.4589788853098474
CE_PAWNWEAKNESSES:0.46433184463531435
CE_PIECEACTIVITY:0.45194418593395586
CE_KINGPAWNSHIELD:0.5818576827595136
CE_PIECECOORDINATION:0.5815431765973069
CE_MATERIAL:0.5833114719740168
CE_KINGSAFETY:0.4661792738678779
C_PIECESQUARETABLES:0.4992787161507535
C_MOBILITY:0.36326447469292894
C_KINGSAFETY:0.45965389705269466
C_PAWNSTRUCTURE:0.38324377918303837
C_PIECECOORDINATION:0.5784247987665906
C_ROOKANDPAWNMOVEMENT:0.5784247987665906
C_CENTERCONTROL:0.5757328248371004
C_DEVELOPPIECES:0.46850343959063256
C_MATERIAL:0.5275354076246238
