ELO:999
CE_PASSEDPAWNS:0.4728399566917063
CE_PAWNWEAKNESSES:0.518288339241735
CE_PIECEACTIVITY:0.5
CE_KINGPAWNSHIELD:0.5151094441440304
CE_PIECECOORDINATION:0.4934254569498178
CE_MATERIAL:0.5166235353465902
CE_KINGSAFETY:0.5186137860312453
C_PIECESQUARETABLES:0.47710825851374006
C_MOBILITY:0.5002540796803222
C_KINGSAFETY:0.5096714895139338
C_PAWNSTRUCTURE:0.46286598989663325
C_PIECECOORDINATION:0.5
C_ROOKANDPAWNMOVEMENT:0.5
C_CENTERCONTROL:0.49437299787549477
C_DEVELOPPIECES:0.49891844694427717
C_MATERIAL:0.4887024044767712
C_MOVECOUNT:0.5
