ELO:1007
CE_PASSEDPAWNS:0.4977475757535898
CE_PAWNWEAKNESSES:0.4887632312779023
CE_PIECEACTIVITY:0.5015766506927027
CE_KINGPAWNSHIELD:0.510493404398431
CE_PIECECOORDINATION:0.5103704011548332
CE_MATERIAL:0.49722018614993074
CE_KINGSAFETY:0.4961525966678411
C_PIECESQUARETABLES:0.4904244455000677
C_MOBILITY:0.5
C_KINGSAFETY:0.503810550927579
C_PAWNSTRUCTURE:0.501158376892975
C_PIECECOORDINATION:0.5049427015960619
C_ROOKANDPAWNMOVEMENT:0.5049427015960619
C_CENTERCONTROL:0.49168467989185904
C_DEVELOPPIECES:0.5037653571279375
C_MATERIAL:0.49244839944537927
C_MOVECOUNT:0.5040007571910131
