ELO:1008
CE_PASSEDPAWNS:0.5
CE_PAWNWEAKNESSES:0.5008007558457711
CE_PIECEACTIVITY:0.5015766506927027
CE_KINGPAWNSHIELD:0.510493404398431
CE_PIECECOORDINATION:0.5103704011548332
CE_MATERIAL:0.49722018614993074
CE_KINGSAFETY:0.5
C_PIECESQUARETABLES:0.4904244455000677
C_MOBILITY:0.5056949417857289
C_KINGSAFETY:0.4979412935472935
C_PAWNSTRUCTURE:0.501158376892975
C_PIECECOORDINATION:0.5049427015960619
C_ROOKANDPAWNMOVEMENT:0.5049427015960619
C_CENTERCONTROL:0.49168467989185904
C_DEVELOPPIECES:0.5
C_MATERIAL:0.49244839944537927
C_MOVECOUNT:0.5118755688748371
