ELO:1000
CE_PASSEDPAWNS:0.5177887683512371
CE_PAWNWEAKNESSES:0.48327183151259745
CE_PIECEACTIVITY:0.5176258309854358
CE_KINGPAWNSHIELD:0.5068128660594384
CE_PIECECOORDINATION:0.4826066310689767
CE_MATERIAL:0.5604269639723949
CE_KINGSAFETY:0.5
C_PIECESQUARETABLES:0.49718695581133693
C_MOBILITY:0.4749972846060456
C_KINGSAFETY:0.4998715709988904
C_PAWNSTRUCTURE:0.4588635743022574
C_PIECECOORDINATION:0.53228435955552
C_ROOKANDPAWNMOVEMENT:0.53228435955552
C_CENTERCONTROL:0.4974553907836576
C_DEVELOPPIECES:0.4968808965756202
C_MATERIAL:0.5154806014590922
