ELO:948
CE_PASSEDPAWNS:0.41902691272254805
CE_PAWNWEAKNESSES:0.46769641039430354
CE_PIECEACTIVITY:0.45952821618458883
CE_KINGPAWNSHIELD:0.5342690141692288
CE_PIECECOORDINATION:0.5076769231405162
CE_MATERIAL:0.5498139569526823
CE_KINGSAFETY:0.5123609673078037
C_PIECESQUARETABLES:0.5351154884722326
C_MOBILITY:0.4911359115769487
C_KINGSAFETY:0.5356838262536046
C_PAWNSTRUCTURE:0.5074107952576213
C_PIECECOORDINATION:0.5123721604092265
C_ROOKANDPAWNMOVEMENT:0.5123721604092265
C_CENTERCONTROL:0.5749530848400441
C_DEVELOPPIECES:0.48566650435460723
C_MATERIAL:0.47154049443630247
C_MOVECOUNT:0.4794281651463583
