ELO:1000
CE_PASSEDPAWNS:0.4762960813794298
CE_PAWNWEAKNESSES:0.48193335880191746
CE_PIECEACTIVITY:0.470556435386285
CE_KINGPAWNSHIELD:0.5141330168327488
CE_PIECECOORDINATION:0.5272274476488266
CE_MATERIAL:0.5368496174852911
CE_KINGSAFETY:0.4766519623364132
C_PIECESQUARETABLES:0.476394816118965
C_MOBILITY:0.5082249083406516
C_KINGSAFETY:0.4948598824964347
C_PAWNSTRUCTURE:0.5146234263411729
C_PIECECOORDINATION:0.5367522868761685
C_ROOKANDPAWNMOVEMENT:0.5367522868761685
C_CENTERCONTROL:0.48468125998310685
C_DEVELOPPIECES:0.45660711384302727
C_MATERIAL:0.48051341092859157
