ELO:889
CE_PASSEDPAWNS:0.44091043513831396
CE_PAWNWEAKNESSES:0.555849414381193
CE_PIECEACTIVITY:0.49537356867623983
CE_KINGPAWNSHIELD:0.5957429344117027
CE_PIECECOORDINATION:0.4801506139010822
CE_MATERIAL:0.5931802073541261
CE_KINGSAFETY:0.5225839008136449
C_PIECESQUARETABLES:0.49566342390610485
C_MOBILITY:0.44661057558642886
C_KINGSAFETY:0.48508926117201784
C_PAWNSTRUCTURE:0.44241624684113107
C_PIECECOORDINATION:0.4188919921268668
C_ROOKANDPAWNMOVEMENT:0.4188919921268668
C_CENTERCONTROL:0.5070885619185219
C_DEVELOPPIECES:0.49835724396833564
C_MATERIAL:0.49095053977396735
