ELO:961
CE_PASSEDPAWNS:0.4402507932909975
CE_PAWNWEAKNESSES:0.5703638536772471
CE_PIECEACTIVITY:0.48310424324589046
CE_KINGPAWNSHIELD:0.5044708707005318
CE_PIECECOORDINATION:0.4889165545014354
CE_MATERIAL:0.5
CE_KINGSAFETY:0.5
C_PIECESQUARETABLES:0.5
C_MOBILITY:0.4828175302277787
C_KINGSAFETY:0.4868771939963261
C_PAWNSTRUCTURE:0.48523530375623375
C_PIECECOORDINATION:0.5379941532924536
C_ROOK:0.4970426389739722
CE_ROOK:0.4811255299024671
C_CENTERCONTROL:0.49928006934993263
C_DEVELOPPIECES:0.4941493299577897
C_MATERIAL:0.5420573123192556
C_MOVECOUNT:0.514552001777853
C_PAWNMOVEMENT:0.5035828257289352
