ELO:935
CE_PASSEDPAWNS:0.5056983833714719
CE_PAWNWEAKNESSES:0.48119710411769395
CE_PIECEACTIVITY:0.4437239744061217
CE_KINGPAWNSHIELD:0.514206876230004
CE_PIECECOORDINATION:0.5478366381184254
CE_MATERIAL:0.4927210863445161
CE_KINGSAFETY:0.5053544955391929
C_PIECESQUARETABLES:0.5149689053247959
C_MOBILITY:0.516208920599828
C_KINGSAFETY:0.5326726426520694
C_PAWNSTRUCTURE:0.4791831578304345
C_PIECECOORDINATION:0.5110847309596112
C_ROOKANDPAWNMOVEMENT:0.5110847309596112
C_CENTERCONTROL:0.4732111352331743
C_DEVELOPPIECES:0.5300317350668874
C_MATERIAL:0.498020979659108
C_MOVECOUNT:0.49060834806016107
