ELO:996
CE_PASSEDPAWNS:0.4912179067107057
CE_PAWNWEAKNESSES:0.5
CE_PIECEACTIVITY:0.5286379241045509
CE_KINGPAWNSHIELD:0.5054894902122771
CE_PIECECOORDINATION:0.5184364972955203
CE_MATERIAL:0.4818167782884052
CE_KINGSAFETY:0.5
C_PIECESQUARETABLES:0.5
C_MOBILITY:0.4882984040539198
C_KINGSAFETY:0.47982534285681305
C_PAWNSTRUCTURE:0.5031686698004486
C_PIECECOORDINATION:0.514095475108538
C_ROOKANDPAWNMOVEMENT:0.514095475108538
C_CENTERCONTROL:0.5055481397713615
C_DEVELOPPIECES:0.4920422913550215
C_MATERIAL:0.51208037183486
C_MOVECOUNT:0.5
