ELO:975
CE_PASSEDPAWNS:0.5264222863949972
CE_PAWNWEAKNESSES:0.5180825469468651
CE_PIECEACTIVITY:0.498355817018835
CE_KINGPAWNSHIELD:0.5562165425204398
CE_PIECECOORDINATION:0.49168172379693265
CE_MATERIAL:0.5598245528583603
CE_KINGSAFETY:0.49110080638583836
C_PIECESQUARETABLES:0.5121680918720092
C_MOBILITY:0.5005792725260043
C_KINGSAFETY:0.4900087073638488
C_PAWNSTRUCTURE:0.4723816625230556
C_PIECECOORDINATION:0.4600025180486355
C_ROOKANDPAWNMOVEMENT:0.4600025180486355
C_CENTERCONTROL:0.47180120046201085
C_DEVELOPPIECES:0.4912467348180298
C_MATERIAL:0.5111211757845422
