ELO:1018
CE_PASSEDPAWNS:0.5
CE_PAWNWEAKNESSES:0.4883783547490396
CE_PIECEACTIVITY:0.5225079831216479
CE_KINGPAWNSHIELD:0.5080948505294717
CE_PIECECOORDINATION:0.4959022151667902
CE_MATERIAL:0.4978453460500246
CE_KINGSAFETY:0.5100895776845308
C_PIECESQUARETABLES:0.5
C_MOBILITY:0.5
C_KINGSAFETY:0.5
C_PAWNSTRUCTURE:0.5
C_PIECECOORDINATION:0.4928048012694883
C_ROOKANDPAWNMOVEMENT:0.4928048012694883
C_CENTERCONTROL:0.5041723298388262
C_DEVELOPPIECES:0.5
C_MATERIAL:0.49460776507738136
C_MOVECOUNT:0.5
