ELO:1075
CE_PASSEDPAWNS:0.4561164009488243
CE_PAWNWEAKNESSES:0.42046287782331176
CE_PIECEACTIVITY:0.4686049676460126
CE_KINGPAWNSHIELD:0.6102639469655448
CE_PIECECOORDINATION:0.4586831291822572
CE_MATERIAL:0.47409777219873395
CE_KINGSAFETY:0.4902599765188042
C_PIECESQUARETABLES:0.5
C_MOBILITY:0.5454175205378546
C_KINGSAFETY:0.491109804793125
C_PAWNSTRUCTURE:0.3904557952161115
C_PIECECOORDINATION:0.531328497255345
C_ROOKANDPAWNMOVEMENT:0.531328497255345
C_CENTERCONTROL:0.5277634042862543
C_DEVELOPPIECES:0.535869211507192
C_MATERIAL:0.3928855298729432
