ELO:968
CE_PASSEDPAWNS:0.5400046503929177
CE_PAWNWEAKNESSES:0.4748935134358867
CE_PIECEACTIVITY:0.5113794410140293
CE_KINGPAWNSHIELD:0.4769883330555025
CE_PIECECOORDINATION:0.49889059588506407
CE_MATERIAL:0.5433895132874366
CE_KINGSAFETY:0.5128548994620507
C_PIECESQUARETABLES:0.48194088017259973
C_MOBILITY:0.5168195713238958
C_KINGSAFETY:0.48764545334418247
C_PAWNSTRUCTURE:0.5221672677704438
C_PIECECOORDINATION:0.46047797223260795
C_ROOK:0.5036739582380562
CE_ROOK:0.5055532611425645
C_CENTERCONTROL:0.48933963613434855
C_DEVELOPPIECES:0.5057344934795914
C_MATERIAL:0.5151600551317701
C_MOVECOUNT:0.5001670701433534
C_PAWNMOVEMENT:0.5191881363517641
