ELO:987
CE_PASSEDPAWNS:0.5031435309174443
CE_PAWNWEAKNESSES:0.5013747143189491
CE_PIECEACTIVITY:0.4888062650521773
CE_KINGPAWNSHIELD:0.5625785274791066
CE_PIECECOORDINATION:0.48786508296199105
CE_MATERIAL:0.5194239490163868
CE_KINGSAFETY:0.5021616449305277
C_PIECESQUARETABLES:0.5584575259660901
C_MOBILITY:0.5221052876067404
C_KINGSAFETY:0.46003838612755726
C_PAWNSTRUCTURE:0.44413659480468276
C_PIECECOORDINATION:0.48793029985722075
C_ROOKANDPAWNMOVEMENT:0.48793029985722075
C_CENTERCONTROL:0.48046586926531437
C_DEVELOPPIECES:0.4828311233498886
C_MATERIAL:0.4592646362804885
