ELO:600
CE_PASSEDPAWNS:0.5235932049572881
CE_PAWNWEAKNESSES:0.5800893517081768
CE_PIECEACTIVITY:0.5174774303112423
CE_KINGPAWNSHIELD:0.3730426895622007
CE_PIECECOORDINATION:0.44435506162514754
CE_MATERIAL:0.4862568680906944
CE_KINGSAFETY:0.516164039828151
C_PIECESQUARETABLES:0.5568259874892287
C_MOBILITY:0.48070843450624146
C_KINGSAFETY:0.5851418165651902
C_PAWNSTRUCTURE:0.5183024581866663
C_PIECECOORDINATION:0.43451571038409853
C_ROOKANDPAWNMOVEMENT:0.43451571038409853
C_CENTERCONTROL:0.4535437009671045
C_DEVELOPPIECES:0.5911647090963602
C_MATERIAL:0.5733717660442431
C_MOVECOUNT:0.5126980314292505
