ELO:972
CE_PASSEDPAWNS:0.5012927412842391
CE_PAWNWEAKNESSES:0.5097309832997521
CE_PIECEACTIVITY:0.498497382090792
CE_KINGPAWNSHIELD:0.5
CE_PIECECOORDINATION:0.4677523361292956
CE_MATERIAL:0.51620467822527
CE_KINGSAFETY:0.5018547308616373
C_PIECESQUARETABLES:0.49670379849345747
C_MOBILITY:0.50180829978638
C_KINGSAFETY:0.4973819158233456
C_PAWNSTRUCTURE:0.5065407074279966
C_PIECECOORDINATION:0.5112938662427352
C_ROOKANDPAWNMOVEMENT:0.5112938662427352
C_CENTERCONTROL:0.49222054694610734
C_DEVELOPPIECES:0.5032642672758524
C_MATERIAL:0.4996677617785698
