ELO:1000
CE_PASSEDPAWNS:0.49608832572150363
CE_PAWNWEAKNESSES:0.5030635906822857
CE_PIECEACTIVITY:0.4878819406688439
CE_KINGPAWNSHIELD:0.5096929669528638
CE_PIECECOORDINATION:0.5226047479165762
CE_MATERIAL:0.48455991868251114
CE_KINGSAFETY:0.49449542115396333
C_PIECESQUARETABLES:0.48839904875526996
C_MOBILITY:0.5018553825413941
C_KINGSAFETY:0.5053937748521481
C_PAWNSTRUCTURE:0.49172174038940863
C_PIECECOORDINATION:0.4936749073946666
C_ROOKANDPAWNMOVEMENT:0.4936749073946666
C_CENTERCONTROL:0.5027263066041343
C_DEVELOPPIECES:0.5082935704655668
C_MATERIAL:0.5181852735418614
