ELO:1000
CE_PASSEDPAWNS:0.43817909604571315
CE_PAWNWEAKNESSES:0.5282754841990277
CE_PIECEACTIVITY:0.5392898269292637
CE_KINGPAWNSHIELD:0.5008710898077298
CE_PIECECOORDINATION:0.5252498891215855
CE_MATERIAL:0.4858801970109026
CE_KINGSAFETY:0.48790080085917265
C_PIECESQUARETABLES:0.5337005136419029
C_MOBILITY:0.4995259739122141
C_KINGSAFETY:0.4970432090723863
C_PAWNSTRUCTURE:0.49965047507402766
C_PIECECOORDINATION:0.4635964440531712
C_ROOKANDPAWNMOVEMENT:0.4635964440531712
C_CENTERCONTROL:0.590419711291596
C_DEVELOPPIECES:0.572739527393527
C_MATERIAL:0.5077292762540938
