ELO:1000
CE_PASSEDPAWNS:0.480311423056477
CE_PAWNWEAKNESSES:0.4867297651976694
CE_PIECEACTIVITY:0.4864113903831174
CE_KINGPAWNSHIELD:0.5148285098572144
CE_PIECECOORDINATION:0.4761884343851414
CE_MATERIAL:0.4953840578771927
CE_KINGSAFETY:0.5203155675437984
C_PIECESQUARETABLES:0.4966889997602409
C_MOBILITY:0.49035102317403106
C_KINGSAFETY:0.48769870439310636
C_PAWNSTRUCTURE:0.5342830087912399
C_PIECECOORDINATION:0.501578793875711
C_ROOKANDPAWNMOVEMENT:0.501578793875711
C_CENTERCONTROL:0.5242531800067627
C_DEVELOPPIECES:0.4897386198942104
C_MATERIAL:0.49265433799635866
