ELO:1007
CE_PASSEDPAWNS:0.49183964315766304
CE_PAWNWEAKNESSES:0.4985077932849596
CE_PIECEACTIVITY:0.48445520773829476
CE_KINGPAWNSHIELD:0.48504172710231996
CE_PIECECOORDINATION:0.5
CE_MATERIAL:0.4905217738808164
CE_KINGSAFETY:0.5
C_PIECESQUARETABLES:0.5
C_MOBILITY:0.509225975986132
C_KINGSAFETY:0.4918965750504071
C_PAWNSTRUCTURE:0.5172181561008414
C_PIECECOORDINATION:0.5
C_ROOKANDPAWNMOVEMENT:0.5
C_CENTERCONTROL:0.501115558342066
C_DEVELOPPIECES:0.4826689802053875
C_MATERIAL:0.5
C_MOVECOUNT:0.5007922236686094
