ELO:960
CE_PASSEDPAWNS:0.5149900447552024
CE_PAWNWEAKNESSES:0.5380463339694006
CE_PIECEACTIVITY:0.5002053015359896
CE_KINGPAWNSHIELD:0.5727052915383605
CE_PIECECOORDINATION:0.4699320887692421
CE_MATERIAL:0.597183244916732
CE_KINGSAFETY:0.5063931148571904
C_PIECESQUARETABLES:0.5
C_MOBILITY:0.5008445274814026
C_KINGSAFETY:0.4626170927720118
C_PAWNSTRUCTURE:0.4768550952431466
C_PIECECOORDINATION:0.4251285212699159
C_ROOKANDPAWNMOVEMENT:0.4251285212699159
C_CENTERCONTROL:0.4678526383135874
C_DEVELOPPIECES:0.49502193434169617
C_MATERIAL:0.5144515021619745
