ELO:882
CE_PASSEDPAWNS:0.5301497110698845
CE_PAWNWEAKNESSES:0.503706150016622
CE_PIECEACTIVITY:0.5126261149093397
CE_KINGPAWNSHIELD:0.5326174384292167
CE_PIECECOORDINATION:0.4874286355688491
CE_MATERIAL:0.5007200932270528
CE_KINGSAFETY:0.5011772033370746
C_PIECESQUARETABLES:0.49390751575535324
C_MOBILITY:0.49203284797167635
C_KINGSAFETY:0.44924137394764535
C_PAWNSTRUCTURE:0.5133930524476957
C_PIECECOORDINATION:0.4871641354624713
C_ROOKANDPAWNMOVEMENT:0.4871641354624713
C_CENTERCONTROL:0.5269225922479879
C_DEVELOPPIECES:0.5444547062589694
C_MATERIAL:0.49041327495419273
C_MOVECOUNT:0.5
