ELO:993
CE_PASSEDPAWNS:0.45869434198735526
CE_PAWNWEAKNESSES:0.5428567512547796
CE_PIECEACTIVITY:0.5191131739672493
CE_KINGPAWNSHIELD:0.5246878963272847
CE_PIECECOORDINATION:0.5337484730394191
CE_MATERIAL:0.4403443098165666
CE_KINGSAFETY:0.5
C_PIECESQUARETABLES:0.5
C_MOBILITY:0.4710911595435022
C_KINGSAFETY:0.5050620072212441
C_PAWNSTRUCTURE:0.45972263159666077
C_PIECECOORDINATION:0.45301437131681505
C_ROOKANDPAWNMOVEMENT:0.45301437131681505
C_CENTERCONTROL:0.5410968537563418
C_DEVELOPPIECES:0.5639439583379025
C_MATERIAL:0.5151307238038998
