ELO:983
CE_PASSEDPAWNS:0.506165177259051
CE_PAWNWEAKNESSES:0.5033281872256853
CE_PIECEACTIVITY:0.4920415308387899
CE_KINGPAWNSHIELD:0.5108278701848533
CE_PIECECOORDINATION:0.49573921405888355
CE_MATERIAL:0.5071963366570597
CE_KINGSAFETY:0.5
C_PIECESQUARETABLES:0.5
C_MOBILITY:0.5
C_KINGSAFETY:0.5065143195148815
C_PAWNSTRUCTURE:0.5063084618942624
C_PIECECOORDINATION:0.49002091961228317
C_ROOKANDPAWNMOVEMENT:0.49002091961228317
C_CENTERCONTROL:0.5060723107261498
C_DEVELOPPIECES:0.4826689802053875
C_MATERIAL:0.4887610835883327
C_MOVECOUNT:0.49187087279019637
