ELO:868
CE_PASSEDPAWNS:0.43599188101935055
CE_PAWNWEAKNESSES:0.5169261314900891
CE_PIECEACTIVITY:0.4831990549919232
CE_KINGPAWNSHIELD:0.4929450818596054
CE_PIECECOORDINATION:0.5583329287285753
CE_MATERIAL:0.45194081126750535
CE_KINGSAFETY:0.49379444378360515
C_PIECESQUARETABLES:0.4971988050833972
C_MOBILITY:0.4534157613487323
C_KINGSAFETY:0.48088173714637505
C_PAWNSTRUCTURE:0.5078216268240593
C_PIECECOORDINATION:0.4290187915931868
C_ROOKANDPAWNMOVEMENT:0.4290187915931868
C_CENTERCONTROL:0.584668664339698
C_DEVELOPPIECES:0.5953092113665072
C_MATERIAL:0.5344428139995556
