ELO:984
CE_PASSEDPAWNS:0.5111938315500192
CE_PAWNWEAKNESSES:0.5063567094929957
CE_PIECEACTIVITY:0.49370793054772044
CE_KINGPAWNSHIELD:0.47557188364663044
CE_PIECECOORDINATION:0.48699123156063906
CE_MATERIAL:0.5017680692294724
CE_KINGSAFETY:0.4897743631902451
C_PIECESQUARETABLES:0.5003432912792851
C_MOBILITY:0.5
C_KINGSAFETY:0.5121094964359473
C_PAWNSTRUCTURE:0.5
C_PIECECOORDINATION:0.5030782340833674
C_ROOKANDPAWNMOVEMENT:0.5030782340833674
C_CENTERCONTROL:0.4864388703763866
C_DEVELOPPIECES:0.50476939771367
C_MATERIAL:0.5042031215694782
