ELO:1027
CE_PASSEDPAWNS:0.5104905832362157
CE_PAWNWEAKNESSES:0.5
CE_PIECEACTIVITY:0.495544038497854
CE_KINGPAWNSHIELD:0.5090177146020164
CE_PIECECOORDINATION:0.507901291661078
CE_MATERIAL:0.5
CE_KINGSAFETY:0.5
C_PIECESQUARETABLES:0.5
C_MOBILITY:0.5
C_KINGSAFETY:0.5121244189888806
C_PAWNSTRUCTURE:0.5087318312804379
C_PIECECOORDINATION:0.5088468014464035
C_ROOKANDPAWNMOVEMENT:0.5088468014464035
C_CENTERCONTROL:0.5038554170303029
C_DEVELOPPIECES:0.5
C_MATERIAL:0.5053907358831264
C_MOVECOUNT:0.5
