ELO:852
CE_PASSEDPAWNS:0.4642969707526143
CE_PAWNWEAKNESSES:0.5235947434021323
CE_PIECEACTIVITY:0.4853543588069983
CE_KINGPAWNSHIELD:0.4901256101126732
CE_PIECECOORDINATION:0.5437106506239888
CE_MATERIAL:0.44244024561547074
CE_KINGSAFETY:0.5049848932330826
C_PIECESQUARETABLES:0.5150295821013181
C_MOBILITY:0.3843124341607621
C_KINGSAFETY:0.5241527297410833
C_PAWNSTRUCTURE:0.48580703367617145
C_PIECECOORDINATION:0.4045503108627882
C_ROOKANDPAWNMOVEMENT:0.4045503108627882
C_CENTERCONTROL:0.5734773437596221
C_DEVELOPPIECES:0.6077701952357237
C_MATERIAL:0.5438429720100517
