ELO:988
CE_PASSEDPAWNS:0.5156839845540195
CE_PAWNWEAKNESSES:0.5154411953422257
CE_PIECEACTIVITY:0.5065846510475029
CE_KINGPAWNSHIELD:0.4076561608377238
CE_PIECECOORDINATION:0.44538019471221774
CE_MATERIAL:0.564247740342519
CE_KINGSAFETY:0.4909414851063939
C_PIECESQUARETABLES:0.4940075619961608
C_MOBILITY:0.49083643523858195
C_KINGSAFETY:0.5144994665604943
C_PAWNSTRUCTURE:0.5057152579172203
C_PIECECOORDINATION:0.5222567655317064
C_ROOKANDPAWNMOVEMENT:0.5222567655317064
C_CENTERCONTROL:0.3976101602692124
C_DEVELOPPIECES:0.5183548522812536
C_MATERIAL:0.5898880492169927
