ELO:1030
CE_PASSEDPAWNS:0.5
CE_PAWNWEAKNESSES:0.5
CE_PIECEACTIVITY:0.5
CE_KINGPAWNSHIELD:0.502943684582588
CE_PIECECOORDINATION:0.5222950632858604
CE_MATERIAL:0.5085331022718229
CE_KINGSAFETY:0.5
C_PIECESQUARETABLES:0.5
C_MOBILITY:0.49770676140553594
C_KINGSAFETY:0.49158980096401556
C_PAWNSTRUCTURE:0.49484718371780034
C_PIECECOORDINATION:0.4998421476133073
C_ROOKANDPAWNMOVEMENT:0.4998421476133073
C_CENTERCONTROL:0.5
C_DEVELOPPIECES:0.5
C_MATERIAL:0.5045352384809326
C_MOVECOUNT:0.5
