ELO:971
CE_PASSEDPAWNS:0.48320658413571665
CE_PAWNWEAKNESSES:0.5673060887132223
CE_PIECEACTIVITY:0.5062158349238818
CE_KINGPAWNSHIELD:0.5011786162452054
CE_PIECECOORDINATION:0.5352552723045086
CE_MATERIAL:0.4308917447175407
CE_KINGSAFETY:0.5033085489050483
C_PIECESQUARETABLES:0.5
C_MOBILITY:0.4570804006514836
C_KINGSAFETY:0.49778542859271513
C_PAWNSTRUCTURE:0.4856569024838909
C_PIECECOORDINATION:0.42050316397276516
C_ROOKANDPAWNMOVEMENT:0.42050316397276516
C_CENTERCONTROL:0.5424992344719611
C_DEVELOPPIECES:0.5681044809801329
C_MATERIAL:0.5067767621997146
