ELO:987
CE_PASSEDPAWNS:0.5110761168961091
CE_PAWNWEAKNESSES:0.5
CE_PIECEACTIVITY:0.49958346937584586
CE_KINGPAWNSHIELD:0.4952955879651775
CE_PIECECOORDINATION:0.5
CE_MATERIAL:0.5
CE_KINGSAFETY:0.491707812559241
C_PIECESQUARETABLES:0.4891595226029997
C_MOBILITY:0.5016181903276623
C_KINGSAFETY:0.5
C_PAWNSTRUCTURE:0.4945306575027884
C_PIECECOORDINATION:0.48901001178137354
C_ROOK:0.506816669142698
CE_ROOK:0.5093679326277036
C_CENTERCONTROL:0.5
C_DEVELOPPIECES:0.500378867973826
C_MATERIAL:0.4999931946703939
C_MOVECOUNT:0.5
C_PAWNMOVEMENT:0.5
