ELO:997
CE_PASSEDPAWNS:0.4802460901358922
CE_PAWNWEAKNESSES:0.5036977512268943
CE_PIECEACTIVITY:0.5
CE_KINGPAWNSHIELD:0.5154082730169468
CE_PIECECOORDINATION:0.4932958609000073
CE_MATERIAL:0.47540437572171945
CE_KINGSAFETY:0.5
C_PIECESQUARETABLES:0.5
C_MOBILITY:0.5
C_KINGSAFETY:0.5
C_PAWNSTRUCTURE:0.45059003132897335
C_PIECECOORDINATION:0.5029185669416252
C_ROOKANDPAWNMOVEMENT:0.5029185669416252
C_CENTERCONTROL:0.5064753976503042
C_DEVELOPPIECES:0.495651994710638
C_MATERIAL:0.5045843468241894
C_MOVECOUNT:0.5
