ELO:965
CE_PASSEDPAWNS:0.4896248057186476
CE_PAWNWEAKNESSES:0.5703413659069879
CE_PIECEACTIVITY:0.5104239586933353
CE_KINGPAWNSHIELD:0.5103390692898974
CE_PIECECOORDINATION:0.5397837340417071
CE_MATERIAL:0.4350967272470326
CE_KINGSAFETY:0.5000309401504222
C_PIECESQUARETABLES:0.5139860866285004
C_MOBILITY:0.4432061886207851
C_KINGSAFETY:0.478638166164175
C_PAWNSTRUCTURE:0.4970427296251128
C_PIECECOORDINATION:0.4134797291913709
C_ROOKANDPAWNMOVEMENT:0.4134797291913709
C_CENTERCONTROL:0.5440453547188704
C_DEVELOPPIECES:0.5601038143539364
C_MATERIAL:0.514906337401965
