ELO:988
CE_PASSEDPAWNS:0.520730952021386
CE_PAWNWEAKNESSES:0.5154411953422257
CE_PIECEACTIVITY:0.5160255395595341
CE_KINGPAWNSHIELD:0.42089130474978587
CE_PIECECOORDINATION:0.4428490592497136
CE_MATERIAL:0.561768244176347
CE_KINGSAFETY:0.4781803016598355
C_PIECESQUARETABLES:0.5
C_MOBILITY:0.5036360145019151
C_KINGSAFETY:0.49327227231014414
C_PAWNSTRUCTURE:0.5006281247243053
C_PIECECOORDINATION:0.5463579037430836
C_ROOKANDPAWNMOVEMENT:0.5463579037430836
C_CENTERCONTROL:0.3976101602692124
C_DEVELOPPIECES:0.5067495606305472
C_MATERIAL:0.5789395712866476
