ELO:1000
CE_PASSEDPAWNS:0.48066167785809494
CE_PAWNWEAKNESSES:0.5034383049958042
CE_PIECEACTIVITY:0.507785076267187
CE_KINGPAWNSHIELD:0.497332489845191
CE_PIECECOORDINATION:0.49899283776805303
CE_MATERIAL:0.4992863846988694
CE_KINGSAFETY:0.4948897367707414
C_PIECESQUARETABLES:0.5223053344976379
C_MOBILITY:0.4872803947393368
C_KINGSAFETY:0.5005859534336898
C_PAWNSTRUCTURE:0.49781819882408007
C_PIECECOORDINATION:0.48405803606566034
C_ROOKANDPAWNMOVEMENT:0.48405803606566034
C_CENTERCONTROL:0.5242176881789349
C_DEVELOPPIECES:0.5079171301599563
C_MATERIAL:0.4988799776756408
