ELO:998
CE_PASSEDPAWNS:0.5149762928200893
CE_PAWNWEAKNESSES:0.5001470670291861
CE_PIECEACTIVITY:0.48927997155145364
CE_KINGPAWNSHIELD:0.466744882203192
CE_PIECECOORDINATION:0.5038796250806709
CE_MATERIAL:0.5
CE_KINGSAFETY:0.5
C_PIECESQUARETABLES:0.5008607649372987
C_MOBILITY:0.5016181903276623
C_KINGSAFETY:0.5060184956462844
C_PAWNSTRUCTURE:0.4945306575027884
C_PIECECOORDINATION:0.4940529831103687
C_ROOK:0.506816669142698
CE_ROOK:0.5128142759670419
C_CENTERCONTROL:0.49838165451422367
C_DEVELOPPIECES:0.5022796578343824
C_MATERIAL:0.4982145773273905
C_MOVECOUNT:0.5050098632909444
C_PAWNMOVEMENT:0.5122429048441415
