ELO:969
CE_PASSEDPAWNS:0.5400046503929177
CE_PAWNWEAKNESSES:0.484981273323723
CE_PIECEACTIVITY:0.5113794410140293
CE_KINGPAWNSHIELD:0.46566671128462483
CE_PIECECOORDINATION:0.49889059588506407
CE_MATERIAL:0.5433895132874366
CE_KINGSAFETY:0.5164315313518696
C_PIECESQUARETABLES:0.4834756232183916
C_MOBILITY:0.5115464332620219
C_KINGSAFETY:0.48764545334418247
C_PAWNSTRUCTURE:0.5171549740703428
C_PIECECOORDINATION:0.46047797223260795
C_ROOK:0.5036739582380562
CE_ROOK:0.5055532611425645
C_CENTERCONTROL:0.5006882975494684
C_DEVELOPPIECES:0.48873041088150354
C_MATERIAL:0.5081077274401034
C_MOVECOUNT:0.5001670701433534
C_PAWNMOVEMENT:0.5144879952391401
