ELO:720
CE_PASSEDPAWNS:0.48316406427759306
CE_PAWNWEAKNESSES:0.5867744293820927
CE_PIECEACTIVITY:0.5746684740315973
CE_KINGPAWNSHIELD:0.5390585363730254
CE_PIECECOORDINATION:0.4742057805264936
CE_MATERIAL:0.5018819018406312
CE_KINGSAFETY:0.5073434458645749
C_PIECESQUARETABLES:0.5383475863682935
C_MOBILITY:0.45604492733465674
C_KINGSAFETY:0.5118332529450486
C_PAWNSTRUCTURE:0.5552117663875051
C_PIECECOORDINATION:0.47298963777314007
C_ROOKANDPAWNMOVEMENT:0.47298963777314007
C_CENTERCONTROL:0.5573090293612301
C_DEVELOPPIECES:0.5169198111847465
C_MATERIAL:0.49868556388284485
C_MOVECOUNT:0.5
