ELO:864
CE_PASSEDPAWNS:0.45275289778540156
CE_PAWNWEAKNESSES:0.5113029705103403
CE_PIECEACTIVITY:0.4946580068025584
CE_KINGPAWNSHIELD:0.4701266067521988
CE_PIECECOORDINATION:0.5611856133657828
CE_MATERIAL:0.41660335649282776
CE_KINGSAFETY:0.48738948426669976
C_PIECESQUARETABLES:0.5129144313537073
C_MOBILITY:0.44301287765711816
C_KINGSAFETY:0.520538606916911
C_PAWNSTRUCTURE:0.5196605024711289
C_PIECECOORDINATION:0.40966153898924496
C_ROOKANDPAWNMOVEMENT:0.40966153898924496
C_CENTERCONTROL:0.5747906873834779
C_DEVELOPPIECES:0.6127199109934116
C_MATERIAL:0.5184297862376027
