ELO:928
CE_PASSEDPAWNS:0.34721259908659197
CE_PAWNWEAKNESSES:0.4330713972787757
CE_PIECEACTIVITY:0.46358914486644226
CE_KINGPAWNSHIELD:0.4398343187281432
CE_PIECECOORDINATION:0.4889806662968815
CE_MATERIAL:0.579898522634615
CE_KINGSAFETY:0.49793397110568516
C_PIECESQUARETABLES:0.46824839365760834
C_MOBILITY:0.4367314047138511
C_KINGSAFETY:0.5576237768753614
C_PAWNSTRUCTURE:0.4683500853062086
C_PIECECOORDINATION:0.3962059647487109
C_ROOKANDPAWNMOVEMENT:0.3962059647487109
C_CENTERCONTROL:0.6029403863213715
C_DEVELOPPIECES:0.5002185454838901
C_MATERIAL:0.5625151009280669
