ELO:706
CE_PASSEDPAWNS:0.4533640036354888
CE_PAWNWEAKNESSES:0.5605763134023032
CE_PIECEACTIVITY:0.49062198640523835
CE_KINGPAWNSHIELD:0.49593983961583654
CE_PIECECOORDINATION:0.465641407953983
CE_MATERIAL:0.4380892622781174
CE_KINGSAFETY:0.5036845516242464
C_PIECESQUARETABLES:0.5081114718755774
C_MOBILITY:0.5349333437692849
C_KINGSAFETY:0.5684689599621006
C_PAWNSTRUCTURE:0.575511479141526
C_PIECECOORDINATION:0.4327174067816954
C_ROOKANDPAWNMOVEMENT:0.4327174067816954
C_CENTERCONTROL:0.528461420472241
C_DEVELOPPIECES:0.5817969865139253
C_MATERIAL:0.5159515698801754
C_MOVECOUNT:0.5178962639700014
