ELO:1000
CE_PASSEDPAWNS:0.4391789836696814
CE_PAWNWEAKNESSES:0.5187198120837642
CE_PIECEACTIVITY:0.5310934259746707
CE_KINGPAWNSHIELD:0.5129785179386913
CE_PIECECOORDINATION:0.5214843288360689
CE_MATERIAL:0.4979568677505858
CE_KINGSAFETY:0.48020000739315355
C_PIECESQUARETABLES:0.5308130566020803
C_MOBILITY:0.5148892735948009
C_KINGSAFETY:0.5224307976128703
C_PAWNSTRUCTURE:0.48739631951570755
C_PIECECOORDINATION:0.4748373707229766
C_ROOKANDPAWNMOVEMENT:0.4748373707229766
C_CENTERCONTROL:0.5462355371400062
C_DEVELOPPIECES:0.5371932901207092
C_MATERIAL:0.49124763574814173
