ELO:1008
CE_PASSEDPAWNS:0.4983089524819313
CE_PAWNWEAKNESSES:0.5184742151849924
CE_PIECEACTIVITY:0.49757941960560326
CE_KINGPAWNSHIELD:0.49151856294301294
CE_PIECECOORDINATION:0.5
CE_MATERIAL:0.48178425431321137
CE_KINGSAFETY:0.5
C_PIECESQUARETABLES:0.5
C_MOBILITY:0.5116963991563891
C_KINGSAFETY:0.5
C_PAWNSTRUCTURE:0.5
C_PIECECOORDINATION:0.5212605123307055
C_ROOKANDPAWNMOVEMENT:0.5212605123307055
C_CENTERCONTROL:0.4917125153973783
C_DEVELOPPIECES:0.5138927761202242
C_MATERIAL:0.4952708260278718
C_MOVECOUNT:0.47233128554976167
