ELO:941
CE_PASSEDPAWNS:0.46701440404560146
CE_PAWNWEAKNESSES:0.5480067203335632
CE_PIECEACTIVITY:0.5098748670608098
CE_KINGPAWNSHIELD:0.6028838035654959
CE_PIECECOORDINATION:0.4887139194735225
CE_MATERIAL:0.6106759739448392
CE_KINGSAFETY:0.5114800306954387
C_PIECESQUARETABLES:0.5093395331327899
C_MOBILITY:0.47373107432170286
C_KINGSAFETY:0.4862834811150819
C_PAWNSTRUCTURE:0.42005577212681194
C_PIECECOORDINATION:0.41128586159169633
C_ROOKANDPAWNMOVEMENT:0.41128586159169633
C_CENTERCONTROL:0.5237707171095412
C_DEVELOPPIECES:0.4695887939122924
C_MATERIAL:0.5403872008853386
