ELO:1000
CE_PASSEDPAWNS:0.4425065308759701
CE_PAWNWEAKNESSES:0.520322725670913
CE_PIECEACTIVITY:0.5306196426198039
CE_KINGPAWNSHIELD:0.5068542013317661
CE_PIECECOORDINATION:0.5280921727875363
CE_MATERIAL:0.4858801970109026
CE_KINGSAFETY:0.4963072384692902
C_PIECESQUARETABLES:0.516972368054606
C_MOBILITY:0.513530505602151
C_KINGSAFETY:0.49766759834844604
C_PAWNSTRUCTURE:0.49592214270651164
C_PIECECOORDINATION:0.4795564989245348
C_ROOKANDPAWNMOVEMENT:0.4795564989245348
C_CENTERCONTROL:0.5778613180824576
C_DEVELOPPIECES:0.5492253199551081
C_MATERIAL:0.5066155559562521
