ELO:966
CE_PASSEDPAWNS:0.5358099625768405
CE_PAWNWEAKNESSES:0.488455861380424
CE_PIECEACTIVITY:0.4986328653001521
CE_KINGPAWNSHIELD:0.4736300502636712
CE_PIECECOORDINATION:0.5034936546247701
CE_MATERIAL:0.5118188149537122
CE_KINGSAFETY:0.5
C_PIECESQUARETABLES:0.5
C_MOBILITY:0.5019867426952873
C_KINGSAFETY:0.4897794000604547
C_PAWNSTRUCTURE:0.49971064830698564
C_PIECECOORDINATION:0.47089600713165275
C_ROOK:0.5013324830672777
CE_ROOK:0.5137547731727687
C_CENTERCONTROL:0.5123349960881285
C_DEVELOPPIECES:0.49891875577297784
C_MATERIAL:0.5144035400107411
C_MOVECOUNT:0.5064394970363095
C_PAWNMOVEMENT:0.5306657771884412
