ELO:880
CE_PASSEDPAWNS:0.45123631440063705
CE_PAWNWEAKNESSES:0.5310070170115594
CE_PIECEACTIVITY:0.5168800781740407
CE_KINGPAWNSHIELD:0.616797958382332
CE_PIECECOORDINATION:0.46733573694348096
CE_MATERIAL:0.5783334839779831
CE_KINGSAFETY:0.5145885771988812
C_PIECESQUARETABLES:0.4912234714040001
C_MOBILITY:0.4539046938410678
C_KINGSAFETY:0.5010573179313184
C_PAWNSTRUCTURE:0.45940386865826566
C_PIECECOORDINATION:0.39962990614420824
C_ROOKANDPAWNMOVEMENT:0.39962990614420824
C_CENTERCONTROL:0.4818967703494023
C_DEVELOPPIECES:0.50697309269417
C_MATERIAL:0.5330383731912839
