ELO:969
CE_PASSEDPAWNS:0.47435178392566124
CE_PAWNWEAKNESSES:0.5127008475057003
CE_PIECEACTIVITY:0.500881384708739
CE_KINGPAWNSHIELD:0.5287383489163601
CE_PIECECOORDINATION:0.482875334512471
CE_MATERIAL:0.5025047566280876
CE_KINGSAFETY:0.4800388364563273
C_PIECESQUARETABLES:0.44849344938586516
C_MOBILITY:0.5164709162313456
C_KINGSAFETY:0.5159690510223518
C_PAWNSTRUCTURE:0.510175741299615
C_PIECECOORDINATION:0.45778210398159375
C_ROOKANDPAWNMOVEMENT:0.45778210398159375
C_CENTERCONTROL:0.47606971639769013
C_DEVELOPPIECES:0.46164971343928973
C_MATERIAL:0.5039854291196676
C_MOVECOUNT:0.5
