ELO:904
CE_PASSEDPAWNS:0.5127903357935717
CE_PAWNWEAKNESSES:0.4969613780289544
CE_PIECEACTIVITY:0.5595460353451033
CE_KINGPAWNSHIELD:0.5245195851139456
CE_PIECECOORDINATION:0.482267006341374
CE_MATERIAL:0.5083832729874339
CE_KINGSAFETY:0.4925885210877832
C_PIECESQUARETABLES:0.4995053197407765
C_MOBILITY:0.5257747040308878
C_KINGSAFETY:0.525843332298898
C_PAWNSTRUCTURE:0.49449339176654433
C_PIECECOORDINATION:0.5197206375989143
C_ROOKANDPAWNMOVEMENT:0.5197206375989143
C_CENTERCONTROL:0.49620738521904606
C_DEVELOPPIECES:0.48522128229360195
C_MATERIAL:0.5111780392007204
