ELO:937
CE_PASSEDPAWNS:0.4698371085069601
CE_PAWNWEAKNESSES:0.5587686765486989
CE_PIECEACTIVITY:0.49837389278534777
CE_KINGPAWNSHIELD:0.6107031522589088
CE_PIECECOORDINATION:0.5028679841340945
CE_MATERIAL:0.6119013988838872
CE_KINGSAFETY:0.5012850481699681
C_PIECESQUARETABLES:0.5177527241885227
C_MOBILITY:0.493143774171037
C_KINGSAFETY:0.4864646575606365
C_PAWNSTRUCTURE:0.42210188789326997
C_PIECECOORDINATION:0.406939376061679
C_ROOKANDPAWNMOVEMENT:0.406939376061679
C_CENTERCONTROL:0.5211034408517873
C_DEVELOPPIECES:0.4910744179965337
C_MATERIAL:0.5307921013429363
