ELO:990
CE_PASSEDPAWNS:0.5087098483248235
CE_PAWNWEAKNESSES:0.46476945786714524
CE_PIECEACTIVITY:0.5058903421245974
CE_KINGPAWNSHIELD:0.575544823535205
CE_PIECECOORDINATION:0.4770138047597439
CE_MATERIAL:0.535336351017471
CE_KINGSAFETY:0.5111581996076869
C_PIECESQUARETABLES:0.5285708874917007
C_MOBILITY:0.49172391552826045
C_KINGSAFETY:0.4531218189235742
C_PAWNSTRUCTURE:0.47637399845639317
C_PIECECOORDINATION:0.46711487763600684
C_ROOKANDPAWNMOVEMENT:0.46711487763600684
C_CENTERCONTROL:0.5042449616666763
C_DEVELOPPIECES:0.5089276420064939
C_MATERIAL:0.48120652884563025
