ELO:1000
CE_PASSEDPAWNS:0.4439433056120073
CE_PAWNWEAKNESSES:0.5176010460419203
CE_PIECEACTIVITY:0.5005854763285151
CE_KINGPAWNSHIELD:0.5279564152599342
CE_PIECECOORDINATION:0.5383752950568121
CE_MATERIAL:0.46144122043492325
CE_KINGSAFETY:0.5029819406035116
C_PIECESQUARETABLES:0.5065096271654258
C_MOBILITY:0.464281919208396
C_KINGSAFETY:0.5017514574295279
C_PAWNSTRUCTURE:0.4615779891401163
C_PIECECOORDINATION:0.45524088687981534
C_ROOKANDPAWNMOVEMENT:0.45524088687981534
C_CENTERCONTROL:0.54958933103227
C_DEVELOPPIECES:0.5787156777870934
C_MATERIAL:0.5253781031258653
