ELO:821
CE_PASSEDPAWNS:0.4806463008136238
CE_PAWNWEAKNESSES:0.4893304044909524
CE_PIECEACTIVITY:0.5529396342484784
CE_KINGPAWNSHIELD:0.5286910497600554
CE_PIECECOORDINATION:0.5406429363192381
CE_MATERIAL:0.5096718019883412
CE_KINGSAFETY:0.5277366796897341
C_PIECESQUARETABLES:0.4865367074675176
C_MOBILITY:0.42565253369182454
C_KINGSAFETY:0.47087697256030725
C_PAWNSTRUCTURE:0.5587258048281862
C_PIECECOORDINATION:0.5084556713026662
C_ROOKANDPAWNMOVEMENT:0.5084556713026662
C_CENTERCONTROL:0.47386359535772105
C_DEVELOPPIECES:0.5321847997972701
C_MATERIAL:0.4336036797303762
C_MOVECOUNT:0.5
