ELO:988
CE_PASSEDPAWNS:0.5156839845540195
CE_PAWNWEAKNESSES:0.5198060297432685
CE_PIECEACTIVITY:0.5208716894838205
CE_KINGPAWNSHIELD:0.41366004260652983
CE_PIECECOORDINATION:0.4560611399748295
CE_MATERIAL:0.561768244176347
CE_KINGSAFETY:0.5084365157440268
C_PIECESQUARETABLES:0.4907284242686165
C_MOBILITY:0.505949335591349
C_KINGSAFETY:0.5198564607492716
C_PAWNSTRUCTURE:0.49803675145565307
C_PIECECOORDINATION:0.5350567576815112
C_ROOKANDPAWNMOVEMENT:0.5350567576815112
C_CENTERCONTROL:0.3948568522515838
C_DEVELOPPIECES:0.5059964327563741
C_MATERIAL:0.5901687472686623
