ELO:807
CE_PASSEDPAWNS:0.5001909980663173
CE_PAWNWEAKNESSES:0.4741919963286795
CE_PIECEACTIVITY:0.42918558562377906
CE_KINGPAWNSHIELD:0.5057530039951986
CE_PIECECOORDINATION:0.5477593553619126
CE_MATERIAL:0.4627432175620438
CE_KINGSAFETY:0.5126115787228015
C_PIECESQUARETABLES:0.5256054573570021
C_MOBILITY:0.49730362744354306
C_KINGSAFETY:0.5190474490468198
C_PAWNSTRUCTURE:0.4768498379721589
C_PIECECOORDINATION:0.49932426709878114
C_ROOKANDPAWNMOVEMENT:0.49932426709878114
C_CENTERCONTROL:0.514795166863892
C_DEVELOPPIECES:0.5037832510930562
C_MATERIAL:0.5166704508768936
C_MOVECOUNT:0.5311986177005807
