ELO:984
CE_PASSEDPAWNS:0.49996297417496927
CE_PAWNWEAKNESSES:0.5245721925130068
CE_PIECEACTIVITY:0.49551515253851375
CE_KINGPAWNSHIELD:0.4913294880891123
CE_PIECECOORDINATION:0.48563858291698747
CE_MATERIAL:0.4957288439692699
CE_KINGSAFETY:0.49047462375745554
C_PIECESQUARETABLES:0.5018526083232966
C_MOBILITY:0.49414596757980056
C_KINGSAFETY:0.49365505450606084
C_PAWNSTRUCTURE:0.5189927276809192
C_PIECECOORDINATION:0.5051022385772164
C_ROOK:0.49892356581179337
CE_ROOK:0.5
C_CENTERCONTROL:0.5273672033840742
C_DEVELOPPIECES:0.48661493443734366
C_MATERIAL:0.4940828976393662
C_MOVECOUNT:0.4753144997541086
C_PAWNMOVEMENT:0.5091003153010975
