ELO:1000
CE_PASSEDPAWNS:0.4895289447187619
CE_PAWNWEAKNESSES:0.5
CE_PIECEACTIVITY:0.47541216304414174
CE_KINGPAWNSHIELD:0.5243790467471977
CE_PIECECOORDINATION:0.48243246454401817
CE_MATERIAL:0.4963901604224858
CE_KINGSAFETY:0.46579304085980455
C_PIECESQUARETABLES:0.5059582726678604
C_MOBILITY:0.4998974504433475
C_KINGSAFETY:0.5271751719121875
C_PAWNSTRUCTURE:0.5231045028219813
C_PIECECOORDINATION:0.5087887435965651
C_ROOKANDPAWNMOVEMENT:0.5087887435965651
C_CENTERCONTROL:0.4780873186743794
C_DEVELOPPIECES:0.5059452869014465
C_MATERIAL:0.4919178914273057
