ELO:927
CE_PASSEDPAWNS:0.5142705937575432
CE_PAWNWEAKNESSES:0.5598241071712398
CE_PIECEACTIVITY:0.40812136228179685
CE_KINGPAWNSHIELD:0.43149663657982223
CE_PIECECOORDINATION:0.4217092301721454
CE_MATERIAL:0.4572380506567701
CE_KINGSAFETY:0.46436504876455165
C_PIECESQUARETABLES:0.5200058449565033
C_MOBILITY:0.5222550579067535
C_KINGSAFETY:0.5012291462461608
C_PAWNSTRUCTURE:0.5566148904148671
C_PIECECOORDINATION:0.5270707290819212
C_ROOKANDPAWNMOVEMENT:0.5270707290819212
C_CENTERCONTROL:0.43740593672224054
C_DEVELOPPIECES:0.42091542892757994
C_MATERIAL:0.42095688432746475
