ELO:987
CE_PASSEDPAWNS:0.5
CE_PAWNWEAKNESSES:0.5175208877721109
CE_PIECEACTIVITY:0.49917593675383565
CE_KINGPAWNSHIELD:0.5114126583345032
CE_PIECECOORDINATION:0.5054984900123752
CE_MATERIAL:0.5265386665736211
CE_KINGSAFETY:0.5
C_PIECESQUARETABLES:0.5
C_MOBILITY:0.503329068338103
C_KINGSAFETY:0.5002406708489867
C_PAWNSTRUCTURE:0.5028808292882461
C_PIECECOORDINATION:0.502393833119759
C_ROOK:0.5029146811766875
CE_ROOK:0.5003256995827866
C_CENTERCONTROL:0.5
C_DEVELOPPIECES:0.5
C_MATERIAL:0.4884466459178833
C_MOVECOUNT:0.454750959340167
C_PAWNMOVEMENT:0.5286183012937419
