ELO:1000
CE_PASSEDPAWNS:0.5256386375870823
CE_PAWNWEAKNESSES:0.5153374668715642
CE_PIECEACTIVITY:0.5068765833350919
CE_KINGPAWNSHIELD:0.5588139110383566
CE_PIECECOORDINATION:0.47229423493165007
CE_MATERIAL:0.473194739655206
CE_KINGSAFETY:0.5020414264497692
C_PIECESQUARETABLES:0.4726951826412771
C_MOBILITY:0.5337116609970501
C_KINGSAFETY:0.48444072807091265
C_PAWNSTRUCTURE:0.5158161771376336
C_PIECECOORDINATION:0.5055134737040247
C_ROOKANDPAWNMOVEMENT:0.5055134737040247
C_CENTERCONTROL:0.47618291719348504
C_DEVELOPPIECES:0.5461153549421484
C_MATERIAL:0.5258503383619603
