ELO:988
CE_PASSEDPAWNS:0.5273540992647949
CE_PAWNWEAKNESSES:0.5338258017109304
CE_PIECEACTIVITY:0.5121676333666711
CE_KINGPAWNSHIELD:0.4881122004159647
CE_PIECECOORDINATION:0.4611420484720099
CE_MATERIAL:0.5083002244819196
CE_KINGSAFETY:0.5068881578990165
C_PIECESQUARETABLES:0.49866274382773557
C_MOBILITY:0.47861555261987226
C_KINGSAFETY:0.49886953204742784
C_PAWNSTRUCTURE:0.538775642832763
C_PIECECOORDINATION:0.502478622344051
C_ROOK:0.49216544285943536
CE_ROOK:0.5079338885977784
C_CENTERCONTROL:0.5115179194666244
C_DEVELOPPIECES:0.47299705288088667
C_MATERIAL:0.4780701224538148
C_MOVECOUNT:0.4944720140860745
C_PAWNMOVEMENT:0.5289739487821828
