ELO:950
CE_PASSEDPAWNS:0.5136683255526334
CE_PAWNWEAKNESSES:0.5310754301698843
CE_PIECEACTIVITY:0.49221715667853855
CE_KINGPAWNSHIELD:0.50452422679412
CE_PIECECOORDINATION:0.5239925144789698
CE_MATERIAL:0.505431948799365
CE_KINGSAFETY:0.5
C_PIECESQUARETABLES:0.498214793421482
C_MOBILITY:0.49241725914278794
C_KINGSAFETY:0.501721183538079
C_PAWNSTRUCTURE:0.5066592338417089
C_PIECECOORDINATION:0.5095398937786108
C_ROOKANDPAWNMOVEMENT:0.5095398937786108
C_CENTERCONTROL:0.5061773107357554
C_DEVELOPPIECES:0.5135619670057316
C_MATERIAL:0.49613671553899297
C_MOVECOUNT:0.5254012698629055
