ELO:1015
CE_PASSEDPAWNS:0.5472597552816592
CE_PAWNWEAKNESSES:0.4814907870789716
CE_PIECEACTIVITY:0.5042311385962628
CE_KINGPAWNSHIELD:0.4790292834894403
CE_PIECECOORDINATION:0.5206120410843308
CE_MATERIAL:0.5164801937928755
CE_KINGSAFETY:0.5
C_PIECESQUARETABLES:0.5
C_MOBILITY:0.48207677873189825
C_KINGSAFETY:0.46564987051527335
C_PAWNSTRUCTURE:0.496701342524089
C_PIECECOORDINATION:0.5343194762006991
C_ROOK:0.49374555651293894
CE_ROOK:0.5022772971685346
C_CENTERCONTROL:0.4964877457508239
C_DEVELOPPIECES:0.5191630286740703
C_MATERIAL:0.5177977038124614
C_MOVECOUNT:0.4693380993017222
C_PAWNMOVEMENT:0.4944878382766273
