ELO:996
CE_PASSEDPAWNS:0.4075792230014287
CE_PAWNWEAKNESSES:0.5796519503854741
CE_PIECEACTIVITY:0.46849273931524027
CE_KINGPAWNSHIELD:0.4458529919424667
CE_PIECECOORDINATION:0.48531240709786483
CE_MATERIAL:0.46969671820354947
CE_KINGSAFETY:0.5064328464905629
C_PIECESQUARETABLES:0.4736090106837931
C_MOBILITY:0.49271208052640075
C_KINGSAFETY:0.3607019059897032
C_PAWNSTRUCTURE:0.5005137635312057
C_PIECECOORDINATION:0.5019388230337714
C_ROOKANDPAWNMOVEMENT:0.5019388230337714
C_CENTERCONTROL:0.42552861748949905
C_DEVELOPPIECES:0.4616862708180087
C_MATERIAL:0.5047691999467514
