ELO:919
CE_PASSEDPAWNS:0.4807615199233316
CE_PAWNWEAKNESSES:0.49038101983196203
CE_PIECEACTIVITY:0.5092685469224543
CE_KINGPAWNSHIELD:0.4143528393011804
CE_PIECECOORDINATION:0.5041959833341045
CE_MATERIAL:0.5167320847816822
CE_KINGSAFETY:0.47582873214187316
C_PIECESQUARETABLES:0.525301399666686
C_MOBILITY:0.4852958541073247
C_KINGSAFETY:0.525962175025317
C_PAWNSTRUCTURE:0.48980915889252125
C_PIECECOORDINATION:0.47567615088135695
C_ROOKANDPAWNMOVEMENT:0.47567615088135695
C_CENTERCONTROL:0.5110241249673448
C_DEVELOPPIECES:0.4794164070393044
C_MATERIAL:0.5384277033920324
C_MOVECOUNT:0.5372929967509663
