ELO:932
CE_PASSEDPAWNS:0.47909981995048134
CE_PAWNWEAKNESSES:0.5297930751833809
CE_PIECEACTIVITY:0.5120343427306259
CE_KINGPAWNSHIELD:0.516548221744114
CE_PIECECOORDINATION:0.4913459550617392
CE_MATERIAL:0.4954542443012512
CE_KINGSAFETY:0.49641056685651247
C_PIECESQUARETABLES:0.5062148150333583
C_MOBILITY:0.480485912159697
C_KINGSAFETY:0.48951699915354124
C_PAWNSTRUCTURE:0.5042462133543254
C_PIECECOORDINATION:0.5027529994765356
C_ROOKANDPAWNMOVEMENT:0.5027529994765356
C_CENTERCONTROL:0.5080988092244761
C_DEVELOPPIECES:0.482191290457307
C_MATERIAL:0.48089308487084026
C_MOVECOUNT:0.5
