ELO:995
CE_PASSEDPAWNS:0.5063983216050433
CE_PAWNWEAKNESSES:0.5250236941507166
CE_PIECEACTIVITY:0.48096337152449026
CE_KINGPAWNSHIELD:0.49983981425242463
CE_PIECECOORDINATION:0.4996126973554832
CE_MATERIAL:0.49929794594384336
CE_KINGSAFETY:0.5
C_PIECESQUARETABLES:0.495533592507693
C_MOBILITY:0.5081000963784326
C_KINGSAFETY:0.4940324936697918
C_PAWNSTRUCTURE:0.5006395017195173
C_PIECECOORDINATION:0.4981351315052076
C_ROOKANDPAWNMOVEMENT:0.4981351315052076
C_CENTERCONTROL:0.5181326666222407
C_DEVELOPPIECES:0.49167962842129936
C_MATERIAL:0.4692835814675614
C_MOVECOUNT:0.5
