ELO:844
CE_PASSEDPAWNS:0.5644686644570823
CE_PAWNWEAKNESSES:0.5520603136115081
CE_PIECEACTIVITY:0.5378742859031517
CE_KINGPAWNSHIELD:0.5392744241076807
CE_PIECECOORDINATION:0.48359571126035056
CE_MATERIAL:0.4891721019949245
CE_KINGSAFETY:0.5
C_PIECESQUARETABLES:0.4838938302231317
C_MOBILITY:0.506850973195257
C_KINGSAFETY:0.4790529925964846
C_PAWNSTRUCTURE:0.5433786299961322
C_PIECECOORDINATION:0.44805197955717574
C_ROOKANDPAWNMOVEMENT:0.44805197955717574
C_CENTERCONTROL:0.5499278317474258
C_DEVELOPPIECES:0.5001468294795672
C_MATERIAL:0.5421236356813443
C_MOVECOUNT:0.5
