ELO:973
CE_PASSEDPAWNS:0.49264605433228886
CE_PAWNWEAKNESSES:0.5049056797949698
CE_PIECEACTIVITY:0.4981263265326823
CE_KINGPAWNSHIELD:0.5157099509844686
CE_PIECECOORDINATION:0.4823845749170874
CE_MATERIAL:0.5114616816185964
CE_KINGSAFETY:0.5007538179311638
C_PIECESQUARETABLES:0.4884127871605693
C_MOBILITY:0.5121025534323441
C_KINGSAFETY:0.5125953661605334
C_PAWNSTRUCTURE:0.5014797234558618
C_PIECECOORDINATION:0.47711327980992446
C_ROOKANDPAWNMOVEMENT:0.47711327980992446
C_CENTERCONTROL:0.5009041940093241
C_DEVELOPPIECES:0.5
C_MATERIAL:0.5040515879491377
