ELO:972
CE_PASSEDPAWNS:0.5136683255526334
CE_PAWNWEAKNESSES:0.531863372892211
CE_PIECEACTIVITY:0.4821212540574893
CE_KINGPAWNSHIELD:0.5103278795823609
CE_PIECECOORDINATION:0.5239925144789698
CE_MATERIAL:0.505431948799365
CE_KINGSAFETY:0.5
C_PIECESQUARETABLES:0.5044391742373244
C_MOBILITY:0.49241725914278794
C_KINGSAFETY:0.5036383603884758
C_PAWNSTRUCTURE:0.5066592338417089
C_PIECECOORDINATION:0.5095398937786108
C_ROOKANDPAWNMOVEMENT:0.5095398937786108
C_CENTERCONTROL:0.5008619956593378
C_DEVELOPPIECES:0.5135619670057316
C_MATERIAL:0.4857870338513262
C_MOVECOUNT:0.5254012698629055
