ELO:876
CE_PASSEDPAWNS:0.6156351735887182
CE_PAWNWEAKNESSES:0.4891504532506425
CE_PIECEACTIVITY:0.5088884412319237
CE_KINGPAWNSHIELD:0.34259369064341366
CE_PIECECOORDINATION:0.5474940473958123
CE_MATERIAL:0.49179956957544696
CE_KINGSAFETY:0.49671305591734216
C_PIECESQUARETABLES:0.5339406174097093
C_MOBILITY:0.41992868177999493
C_KINGSAFETY:0.3851606668112513
C_PAWNSTRUCTURE:0.573686847020088
C_PIECECOORDINATION:0.4300833639986713
C_ROOKANDPAWNMOVEMENT:0.4300833639986713
C_CENTERCONTROL:0.49796012967128356
C_DEVELOPPIECES:0.5800948947672333
C_MATERIAL:0.48520005578074027
