ELO:1104
CE_PASSEDPAWNS:0.4649350296743077
CE_PAWNWEAKNESSES:0.5049538678398092
CE_PIECEACTIVITY:0.4692589106833693
CE_KINGPAWNSHIELD:0.6208131797722044
CE_PIECECOORDINATION:0.5449900128502336
CE_MATERIAL:0.4083563811483675
CE_KINGSAFETY:0.5034837689191011
C_PIECESQUARETABLES:0.5090694156443494
C_MOBILITY:0.5297554249926041
C_KINGSAFETY:0.5153086422810258
C_PAWNSTRUCTURE:0.47247299907428353
C_PIECECOORDINATION:0.36062421724656424
C_ROOKANDPAWNMOVEMENT:0.36062421724656424
C_CENTERCONTROL:0.5728504109620484
C_DEVELOPPIECES:0.5903069668371099
C_MATERIAL:0.3975328491276042
