ELO:999
CE_PASSEDPAWNS:0.49561334039339405
CE_PAWNWEAKNESSES:0.4890141726314319
CE_PIECEACTIVITY:0.5038008585551161
CE_KINGPAWNSHIELD:0.5
CE_PIECECOORDINATION:0.4918730576580314
CE_MATERIAL:0.4926032455629852
CE_KINGSAFETY:0.49805048773879257
C_PIECESQUARETABLES:0.5056349248241172
C_MOBILITY:0.5111228668233812
C_KINGSAFETY:0.49652813035654886
C_PAWNSTRUCTURE:0.5
C_PIECECOORDINATION:0.5
C_ROOKANDPAWNMOVEMENT:0.5
C_CENTERCONTROL:0.5
C_DEVELOPPIECES:0.5
C_MATERIAL:0.4897201091688698
C_MOVECOUNT:0.501675583080835
