ELO:989
CE_PASSEDPAWNS:0.40713347579577275
CE_PAWNWEAKNESSES:0.5815504113183664
CE_PIECEACTIVITY:0.4804319833596801
CE_KINGPAWNSHIELD:0.4368090586968956
CE_PIECECOORDINATION:0.48822394276916004
CE_MATERIAL:0.4551605548507802
CE_KINGSAFETY:0.5103934501291435
C_PIECESQUARETABLES:0.48059114393615504
C_MOBILITY:0.4802928293527622
C_KINGSAFETY:0.3541468085536374
C_PAWNSTRUCTURE:0.5076870147812
C_PIECECOORDINATION:0.4955361654321598
C_ROOKANDPAWNMOVEMENT:0.4955361654321598
C_CENTERCONTROL:0.4242734544488408
C_DEVELOPPIECES:0.4616862708180087
C_MATERIAL:0.49611605647054147
