ELO:1033
CE_PASSEDPAWNS:0.5103645188137806
CE_PAWNWEAKNESSES:0.5070295224989054
CE_PIECEACTIVITY:0.5353494129309075
CE_KINGPAWNSHIELD:0.4970288219113497
CE_PIECECOORDINATION:0.5206120410843308
CE_MATERIAL:0.5164801937928755
CE_KINGSAFETY:0.5
C_PIECESQUARETABLES:0.5
C_MOBILITY:0.48183786080962987
C_KINGSAFETY:0.510903434954333
C_PAWNSTRUCTURE:0.49684653182945093
C_PIECECOORDINATION:0.5
C_ROOK:0.5036332535940218
CE_ROOK:0.5032317218143227
C_CENTERCONTROL:0.4964877457508239
C_DEVELOPPIECES:0.48635866283104867
C_MATERIAL:0.49893203429691124
C_MOVECOUNT:0.49683841815212487
C_PAWNMOVEMENT:0.5248083707293063
