ELO:999
CE_PASSEDPAWNS:0.5258525899533255
CE_PAWNWEAKNESSES:0.5033017305731182
CE_PIECEACTIVITY:0.5259862663372638
CE_KINGPAWNSHIELD:0.46624401861100495
CE_PIECECOORDINATION:0.531713860588585
CE_MATERIAL:0.5160523937091994
CE_KINGSAFETY:0.5
C_PIECESQUARETABLES:0.5
C_MOBILITY:0.4674381605665924
C_KINGSAFETY:0.48869629517020885
C_PAWNSTRUCTURE:0.49684653182945093
C_PIECECOORDINATION:0.5153302482226951
C_ROOK:0.49361738851163545
CE_ROOK:0.498203700551621
C_CENTERCONTROL:0.4739102795453157
C_DEVELOPPIECES:0.5416454889175935
C_MATERIAL:0.47370363161998413
C_MOVECOUNT:0.4569634482442573
C_PAWNMOVEMENT:0.4746195113060341
