ELO:870
CE_PASSEDPAWNS:0.5216220209606507
CE_PAWNWEAKNESSES:0.519925169001082
CE_PIECEACTIVITY:0.5436546864138773
CE_KINGPAWNSHIELD:0.5222752893967195
CE_PIECECOORDINATION:0.5662734595786526
CE_MATERIAL:0.5283909435659192
CE_KINGSAFETY:0.5147801855392032
C_PIECESQUARETABLES:0.4883012355965356
C_MOBILITY:0.4451366509973864
C_KINGSAFETY:0.45687206528194874
C_PAWNSTRUCTURE:0.5632599371987496
C_PIECECOORDINATION:0.502195271439315
C_ROOKANDPAWNMOVEMENT:0.502195271439315
C_CENTERCONTROL:0.4683689270263577
C_DEVELOPPIECES:0.516445107790434
C_MATERIAL:0.429764052001872
C_MOVECOUNT:0.5
