ELO:1004
CE_PASSEDPAWNS:0.5026822638532017
CE_PAWNWEAKNESSES:0.5070295224989054
CE_PIECEACTIVITY:0.5259862663372638
CE_KINGPAWNSHIELD:0.4942099565315767
CE_PIECECOORDINATION:0.5037283460926225
CE_MATERIAL:0.5160523937091994
CE_KINGSAFETY:0.5
C_PIECESQUARETABLES:0.5
C_MOBILITY:0.487709618304776
C_KINGSAFETY:0.48911729326956044
C_PAWNSTRUCTURE:0.49684653182945093
C_PIECECOORDINATION:0.5123531727840316
C_ROOK:0.5
CE_ROOK:0.498203700551621
C_CENTERCONTROL:0.5534623204558115
C_DEVELOPPIECES:0.5416454889175935
C_MATERIAL:0.49849828796241874
C_MOVECOUNT:0.49683841815212487
C_PAWNMOVEMENT:0.4944878382766273
