ELO:946
CE_PASSEDPAWNS:0.5362087418710189
CE_PAWNWEAKNESSES:0.48588140426783316
CE_PIECEACTIVITY:0.5109160349305101
CE_KINGPAWNSHIELD:0.5120757218290325
CE_PIECECOORDINATION:0.5378589566476828
CE_MATERIAL:0.4762778641591295
CE_KINGSAFETY:0.5077893417678757
C_PIECESQUARETABLES:0.5058413375817815
C_MOBILITY:0.4728104489066864
C_KINGSAFETY:0.4870020868153538
C_PAWNSTRUCTURE:0.4814133489525192
C_PIECECOORDINATION:0.5071885118790741
C_ROOKANDPAWNMOVEMENT:0.5071885118790741
C_CENTERCONTROL:0.4761489025548825
C_DEVELOPPIECES:0.4937384057863454
C_MATERIAL:0.51872753092677
C_MOVECOUNT:0.5
