ELO:919
CE_PASSEDPAWNS:0.4559687601197617
CE_PAWNWEAKNESSES:0.4745000036894341
CE_PIECEACTIVITY:0.4650101556859748
CE_KINGPAWNSHIELD:0.5543186245980843
CE_PIECECOORDINATION:0.5661311092571196
CE_MATERIAL:0.5773974716318022
CE_KINGSAFETY:0.4832298914543248
C_PIECESQUARETABLES:0.5422202238772286
C_MOBILITY:0.620848957629013
C_KINGSAFETY:0.5170237158296255
C_PAWNSTRUCTURE:0.5751076220949839
C_PIECECOORDINATION:0.5111271123942713
C_ROOKANDPAWNMOVEMENT:0.5111271123942713
C_CENTERCONTROL:0.3970485813471638
C_DEVELOPPIECES:0.47691682956760423
C_MATERIAL:0.49053669317721343
