ELO:941
CE_PASSEDPAWNS:0.48247452196308305
CE_PAWNWEAKNESSES:0.5035471162407973
CE_PIECEACTIVITY:0.49509291225959845
CE_KINGPAWNSHIELD:0.5113641472408054
CE_PIECECOORDINATION:0.48856239062616674
CE_MATERIAL:0.5135759073804718
CE_KINGSAFETY:0.4935965423101854
C_PIECESQUARETABLES:0.48530381847557996
C_MOBILITY:0.5457500620729402
C_KINGSAFETY:0.5040168288922947
C_PAWNSTRUCTURE:0.5284608411609991
C_PIECECOORDINATION:0.4836365295004745
C_ROOKANDPAWNMOVEMENT:0.4836365295004745
C_CENTERCONTROL:0.49163606776235597
C_DEVELOPPIECES:0.5043375668008117
C_MATERIAL:0.5292183711960373
C_MOVECOUNT:0.5
