ELO:1008
CE_PASSEDPAWNS:0.49463251781747275
CE_PAWNWEAKNESSES:0.5066470821727697
CE_PIECEACTIVITY:0.5
CE_KINGPAWNSHIELD:0.5
CE_PIECECOORDINATION:0.5
CE_MATERIAL:0.5004070635520991
CE_KINGSAFETY:0.5
C_PIECESQUARETABLES:0.5
C_MOBILITY:0.5099764402713138
C_KINGSAFETY:0.5
C_PAWNSTRUCTURE:0.5039566467731205
C_PIECECOORDINATION:0.5
C_ROOKANDPAWNMOVEMENT:0.5
C_CENTERCONTROL:0.511132394852859
C_DEVELOPPIECES:0.5052683779295896
C_MATERIAL:0.5
