ELO:912
CE_PASSEDPAWNS:0.48424450695954185
CE_PAWNWEAKNESSES:0.5870748954972964
CE_PIECEACTIVITY:0.46598383410091293
CE_KINGPAWNSHIELD:0.456237184685064
CE_PIECECOORDINATION:0.4288100393750826
CE_MATERIAL:0.6022533162846373
CE_KINGSAFETY:0.5302427175038275
C_PIECESQUARETABLES:0.5375680699241603
C_MOBILITY:0.4661025329084736
C_KINGSAFETY:0.5889663258531608
C_PAWNSTRUCTURE:0.5153132699131783
C_PIECECOORDINATION:0.532561832033128
C_ROOKANDPAWNMOVEMENT:0.532561832033128
C_CENTERCONTROL:0.5615896393381133
C_DEVELOPPIECES:0.5218164257991709
C_MATERIAL:0.5580967911865367
