ELO:892
CE_PASSEDPAWNS:0.47287087998099325
CE_PAWNWEAKNESSES:0.5164135071371094
CE_PIECEACTIVITY:0.4888703842446274
CE_KINGPAWNSHIELD:0.508197091663057
CE_PIECECOORDINATION:0.47537801877618957
CE_MATERIAL:0.49638562773079326
CE_KINGSAFETY:0.49739656495447493
C_PIECESQUARETABLES:0.5118720782721763
C_MOBILITY:0.4573548527347845
C_KINGSAFETY:0.4848069253621968
C_PAWNSTRUCTURE:0.4952847149110494
C_PIECECOORDINATION:0.4933564440752975
C_ROOKANDPAWNMOVEMENT:0.4933564440752975
C_CENTERCONTROL:0.5082516870884833
C_DEVELOPPIECES:0.4833802012355027
C_MATERIAL:0.49173476800300675
C_MOVECOUNT:0.5
