ELO:947
CE_PASSEDPAWNS:0.5362087418710189
CE_PAWNWEAKNESSES:0.49423808806629943
CE_PIECEACTIVITY:0.520514897338247
CE_KINGPAWNSHIELD:0.504260260835594
CE_PIECECOORDINATION:0.5328751711039912
CE_MATERIAL:0.5027563293326991
CE_KINGSAFETY:0.516721643323173
C_PIECESQUARETABLES:0.5069180390763964
C_MOBILITY:0.48510114425061757
C_KINGSAFETY:0.4874317047520279
C_PAWNSTRUCTURE:0.49599169324297937
C_PIECECOORDINATION:0.519409964537679
C_ROOKANDPAWNMOVEMENT:0.519409964537679
C_CENTERCONTROL:0.49945080311359563
C_DEVELOPPIECES:0.4981303422136274
C_MATERIAL:0.5013497820932098
C_MOVECOUNT:0.5
