ELO:971
CE_PASSEDPAWNS:0.5063343640409915
CE_PAWNWEAKNESSES:0.479594095607933
CE_PIECEACTIVITY:0.5
CE_KINGPAWNSHIELD:0.5051472709344791
CE_PIECECOORDINATION:0.4862921570225246
CE_MATERIAL:0.5166644022731434
CE_KINGSAFETY:0.5
C_PIECESQUARETABLES:0.5
C_MOBILITY:0.48817661371990967
C_KINGSAFETY:0.4549064063509804
C_PAWNSTRUCTURE:0.4808582301719449
C_PIECECOORDINATION:0.49947315915240403
C_ROOKANDPAWNMOVEMENT:0.49947315915240403
C_CENTERCONTROL:0.4923725021053017
C_DEVELOPPIECES:0.45145471146195326
C_MATERIAL:0.488951035527911
C_MOVECOUNT:0.4647791373440355
