ELO:1000
CE_PASSEDPAWNS:0.5074324980004743
CE_PAWNWEAKNESSES:0.5290134924886597
CE_PIECEACTIVITY:0.4974969888335158
CE_KINGPAWNSHIELD:0.48890129583373043
CE_PIECECOORDINATION:0.4745354610597624
CE_MATERIAL:0.5309013287212178
CE_KINGSAFETY:0.44703664135056825
C_PIECESQUARETABLES:0.5155029220583311
C_MOBILITY:0.47599571423451853
C_KINGSAFETY:0.5085570132040788
C_PAWNSTRUCTURE:0.5080936205256564
C_PIECECOORDINATION:0.5183915987451181
C_ROOKANDPAWNMOVEMENT:0.5183915987451181
C_CENTERCONTROL:0.4762262061802474
C_DEVELOPPIECES:0.48179568980411425
C_MATERIAL:0.46383274922934153
