ELO:971
CE_PASSEDPAWNS:0.5060331522231244
CE_PAWNWEAKNESSES:0.4944983597270657
CE_PIECEACTIVITY:0.4925730729360372
CE_KINGPAWNSHIELD:0.5093624895137191
CE_PIECECOORDINATION:0.5055785633895223
CE_MATERIAL:0.4779426665072151
CE_KINGSAFETY:0.5090304897056852
C_PIECESQUARETABLES:0.49987171424669674
C_MOBILITY:0.47564547747597624
C_KINGSAFETY:0.5
C_PAWNSTRUCTURE:0.4877806351537417
C_PIECECOORDINATION:0.5158133140243705
C_ROOKANDPAWNMOVEMENT:0.5158133140243705
C_CENTERCONTROL:0.49323810020187386
C_DEVELOPPIECES:0.505134417529508
C_MATERIAL:0.5046765716071394
C_MOVECOUNT:0.5121474355789265
