ELO:1000
CE_PASSEDPAWNS:0.5057470069357907
CE_PAWNWEAKNESSES:0.5524440106375716
CE_PIECEACTIVITY:0.47870608643767804
CE_KINGPAWNSHIELD:0.484676383751606
CE_PIECECOORDINATION:0.4854553648697481
CE_MATERIAL:0.5216825042768388
CE_KINGSAFETY:0.4557994670257482
C_PIECESQUARETABLES:0.5407292291740655
C_MOBILITY:0.47286406984978024
C_KINGSAFETY:0.5045281402108701
C_PAWNSTRUCTURE:0.5009522751210592
C_PIECECOORDINATION:0.4976701845532401
C_ROOKANDPAWNMOVEMENT:0.4976701845532401
C_CENTERCONTROL:0.48106461511832754
C_DEVELOPPIECES:0.5035084694503082
C_MATERIAL:0.4508261566108797
