ELO:999
CE_PASSEDPAWNS:0.5
CE_PAWNWEAKNESSES:0.5074566947366299
CE_PIECEACTIVITY:0.4999096101634909
CE_KINGPAWNSHIELD:0.5
CE_PIECECOORDINATION:0.49590980534675677
CE_MATERIAL:0.5075800343075134
CE_KINGSAFETY:0.5
C_PIECESQUARETABLES:0.5
C_MOBILITY:0.5
C_KINGSAFETY:0.48898789897888256
C_PAWNSTRUCTURE:0.5113571252302411
C_PIECECOORDINATION:0.49824643160815113
C_ROOK:0.5
CE_ROOK:0.5
C_CENTERCONTROL:0.5223361621385793
C_DEVELOPPIECES:0.5116476311921468
C_MATERIAL:0.4940828976393662
C_MOVECOUNT:0.5
C_PAWNMOVEMENT:0.5
