ELO:804
CE_PASSEDPAWNS:0.5254283516578698
CE_PAWNWEAKNESSES:0.503366253234672
CE_PIECEACTIVITY:0.44631767600743155
CE_KINGPAWNSHIELD:0.5187976217524802
CE_PIECECOORDINATION:0.5434428933456161
CE_MATERIAL:0.5707703050849191
CE_KINGSAFETY:0.525875953578473
C_PIECESQUARETABLES:0.47138733388594745
C_MOBILITY:0.5458903304076232
C_KINGSAFETY:0.4637179846592937
C_PAWNSTRUCTURE:0.5367753242876763
C_PIECECOORDINATION:0.48940201490107976
C_ROOKANDPAWNMOVEMENT:0.48940201490107976
C_CENTERCONTROL:0.4789405707659846
C_DEVELOPPIECES:0.5151690786784239
C_MATERIAL:0.47297516033139375
C_MOVECOUNT:0.5180690497698779
