ELO:970
CE_PASSEDPAWNS:0.4666631192768545
CE_PAWNWEAKNESSES:0.52012351643788
CE_PIECEACTIVITY:0.49018626964968065
CE_KINGPAWNSHIELD:0.507922216839229
CE_PIECECOORDINATION:0.520357954366293
CE_MATERIAL:0.512899202985323
CE_KINGSAFETY:0.4905504416105927
C_PIECESQUARETABLES:0.5088911560716385
C_MOBILITY:0.4711686912385597
C_KINGSAFETY:0.5182521348003444
C_PAWNSTRUCTURE:0.5037838673020428
C_PIECECOORDINATION:0.49471224785497386
C_ROOKANDPAWNMOVEMENT:0.49471224785497386
C_CENTERCONTROL:0.4936655020379131
C_DEVELOPPIECES:0.5400248971724362
C_MATERIAL:0.5187569410216332
C_MOVECOUNT:0.5522545996395692
