ELO:943
CE_PASSEDPAWNS:0.3525103266347273
CE_PAWNWEAKNESSES:0.5592537087071058
CE_PIECEACTIVITY:0.5133248323138584
CE_KINGPAWNSHIELD:0.4569003529885646
CE_PIECECOORDINATION:0.487368024592743
CE_MATERIAL:0.41523926266589656
CE_KINGSAFETY:0.4880910195788727
C_PIECESQUARETABLES:0.538359998722564
C_MOBILITY:0.4844272369661128
C_KINGSAFETY:0.34572127073597714
C_PAWNSTRUCTURE:0.4758392765776971
C_PIECECOORDINATION:0.47560975951526935
C_ROOKANDPAWNMOVEMENT:0.47560975951526935
C_CENTERCONTROL:0.39533993113914906
C_DEVELOPPIECES:0.47964863189250406
C_MATERIAL:0.5239190465713137
