ELO:984
CE_PASSEDPAWNS:0.5470629332780365
CE_PAWNWEAKNESSES:0.4903463005924112
CE_PIECEACTIVITY:0.47957883852753647
CE_KINGPAWNSHIELD:0.5255356217895665
CE_PIECECOORDINATION:0.5395441235379818
CE_MATERIAL:0.49115983839987143
CE_KINGSAFETY:0.49817032271727
C_PIECESQUARETABLES:0.5
C_MOBILITY:0.49539755867146085
C_KINGSAFETY:0.5141188895648737
C_PAWNSTRUCTURE:0.4799042266273665
C_PIECECOORDINATION:0.5773325172361926
C_ROOKANDPAWNMOVEMENT:0.5773325172361926
C_CENTERCONTROL:0.5289473549252262
C_DEVELOPPIECES:0.555108739644358
C_MATERIAL:0.4120205769028457
