ELO:979
CE_PASSEDPAWNS:0.5676040815095736
CE_PAWNWEAKNESSES:0.492864267150894
CE_PIECEACTIVITY:0.47474345120303774
CE_KINGPAWNSHIELD:0.5178530849875069
CE_PIECECOORDINATION:0.5621574602016112
CE_MATERIAL:0.5197280479583304
CE_KINGSAFETY:0.48606507336523547
C_PIECESQUARETABLES:0.47117917913070756
C_MOBILITY:0.5127229541671314
C_KINGSAFETY:0.5155434893991548
C_PAWNSTRUCTURE:0.48005554516340854
C_PIECECOORDINATION:0.570280862874615
C_ROOKANDPAWNMOVEMENT:0.570280862874615
C_CENTERCONTROL:0.5339571985807717
C_DEVELOPPIECES:0.5444286567041631
C_MATERIAL:0.41019270782328227
