ELO:639
CE_PASSEDPAWNS:0.4903297232105094
CE_PAWNWEAKNESSES:0.45087294704674713
CE_PIECEACTIVITY:0.5422123031123566
CE_KINGPAWNSHIELD:0.4536234511550403
CE_PIECECOORDINATION:0.5748932252360135
CE_MATERIAL:0.4849230560230817
CE_KINGSAFETY:0.46142136087437685
C_PIECESQUARETABLES:0.4634565865229517
C_MOBILITY:0.4405485344312887
C_KINGSAFETY:0.43076758407834687
C_PAWNSTRUCTURE:0.661821196448571
C_PIECECOORDINATION:0.5125864928662166
C_ROOKANDPAWNMOVEMENT:0.5125864928662166
C_CENTERCONTROL:0.5035580523592766
C_DEVELOPPIECES:0.44026304440390207
C_MATERIAL:0.3892882322445356
C_MOVECOUNT:0.5
