ELO:987
CE_PASSEDPAWNS:0.5030127090870645
CE_PAWNWEAKNESSES:0.5131400704388956
CE_PIECEACTIVITY:0.5069220504538876
CE_KINGPAWNSHIELD:0.4596052584950482
CE_PIECECOORDINATION:0.4893504058284727
CE_MATERIAL:0.48284076497671363
CE_KINGSAFETY:0.5
C_PIECESQUARETABLES:0.5
C_MOBILITY:0.47821270773592245
C_KINGSAFETY:0.4888484787881579
C_PAWNSTRUCTURE:0.47074999654339994
C_PIECECOORDINATION:0.5156425914250321
C_ROOK:0.5005234401475087
CE_ROOK:0.5019346244041857
C_CENTERCONTROL:0.5009217104768202
C_DEVELOPPIECES:0.48090952510179114
C_MATERIAL:0.4899458044483732
C_MOVECOUNT:0.498878073231577
C_PAWNMOVEMENT:0.5182171113394357
