ELO:983
CE_PASSEDPAWNS:0.5107961514303412
CE_PAWNWEAKNESSES:0.48242106560233866
CE_PIECEACTIVITY:0.4923962819547467
CE_KINGPAWNSHIELD:0.4955419174468468
CE_PIECECOORDINATION:0.4611420484720099
CE_MATERIAL:0.5083002244819196
CE_KINGSAFETY:0.5149146367084312
C_PIECESQUARETABLES:0.4942535556926123
C_MOBILITY:0.5026488487209159
C_KINGSAFETY:0.4772992513380381
C_PAWNSTRUCTURE:0.4653767522849376
C_PIECECOORDINATION:0.4886952504622602
C_ROOK:0.4760767077068308
CE_ROOK:0.5022772971685346
C_CENTERCONTROL:0.5051048576024311
C_DEVELOPPIECES:0.5050890776054294
C_MATERIAL:0.4993733861170947
C_MOVECOUNT:0.5354316458024518
C_PAWNMOVEMENT:0.49808335392436087
