ELO:942
CE_PASSEDPAWNS:0.36216151871755337
CE_PAWNWEAKNESSES:0.5592537087071058
CE_PIECEACTIVITY:0.49996972971611475
CE_KINGPAWNSHIELD:0.44797222996007036
CE_PIECECOORDINATION:0.4854965519286962
CE_MATERIAL:0.4351139345387343
CE_KINGSAFETY:0.4976962714048918
C_PIECESQUARETABLES:0.5418743778250357
C_MOBILITY:0.481767829165516
C_KINGSAFETY:0.35666806064893747
C_PAWNSTRUCTURE:0.4669205209090012
C_PIECECOORDINATION:0.48811775682783526
C_ROOKANDPAWNMOVEMENT:0.48811775682783526
C_CENTERCONTROL:0.3875625314007991
C_DEVELOPPIECES:0.47307122572924903
C_MATERIAL:0.4912257379949709
