ELO:911
CE_PASSEDPAWNS:0.38249265857368714
CE_PAWNWEAKNESSES:0.5790645975868146
CE_PIECEACTIVITY:0.49662400958989245
CE_KINGPAWNSHIELD:0.4318741253066659
CE_PIECECOORDINATION:0.5015261622400186
CE_MATERIAL:0.4874988198920546
CE_KINGSAFETY:0.5309691114807101
C_PIECESQUARETABLES:0.465701090287003
C_MOBILITY:0.47984768744956263
C_KINGSAFETY:0.3245590151302937
C_PAWNSTRUCTURE:0.4828070155350565
C_PIECECOORDINATION:0.4716909701780533
C_ROOKANDPAWNMOVEMENT:0.4716909701780533
C_CENTERCONTROL:0.4121363107813122
C_DEVELOPPIECES:0.48273259192175366
C_MATERIAL:0.5203566282804953
