ELO:988
CE_PASSEDPAWNS:0.5000962081996508
CE_PAWNWEAKNESSES:0.5010091151418097
CE_PIECEACTIVITY:0.5065846510475029
CE_KINGPAWNSHIELD:0.41675893912565953
CE_PIECECOORDINATION:0.44538019471221774
CE_MATERIAL:0.5496630715682651
CE_KINGSAFETY:0.5
C_PIECESQUARETABLES:0.4922263637114983
C_MOBILITY:0.505911861972506
C_KINGSAFETY:0.5001911309202866
C_PAWNSTRUCTURE:0.5128748944891758
C_PIECECOORDINATION:0.5222567655317064
C_ROOKANDPAWNMOVEMENT:0.5222567655317064
C_CENTERCONTROL:0.40243227921995195
C_DEVELOPPIECES:0.5067495606305472
C_MATERIAL:0.5970573370528286
