ELO:813
CE_PASSEDPAWNS:0.492846719414369
CE_PAWNWEAKNESSES:0.49195347666264366
CE_PIECEACTIVITY:0.5581295496938607
CE_KINGPAWNSHIELD:0.5228204051762507
CE_PIECECOORDINATION:0.547472592813189
CE_MATERIAL:0.5068372284691027
CE_KINGSAFETY:0.5277366796897341
C_PIECESQUARETABLES:0.4865367074675176
C_MOBILITY:0.42309235644014354
C_KINGSAFETY:0.47102498755188726
C_PAWNSTRUCTURE:0.5587258048281862
C_PIECECOORDINATION:0.5084556713026662
C_ROOKANDPAWNMOVEMENT:0.5084556713026662
C_CENTERCONTROL:0.46556823401694797
C_DEVELOPPIECES:0.541243927481428
C_MATERIAL:0.4264309115799221
C_MOVECOUNT:0.5
