ELO:848
CE_PASSEDPAWNS:0.6105319436552125
CE_PAWNWEAKNESSES:0.5365727764646036
CE_PIECEACTIVITY:0.4942871893709316
CE_KINGPAWNSHIELD:0.4994313642988629
CE_PIECECOORDINATION:0.5459579576638187
CE_MATERIAL:0.5403358588851992
CE_KINGSAFETY:0.4945780489168801
C_PIECESQUARETABLES:0.5209709053654296
C_MOBILITY:0.4251380389674927
C_KINGSAFETY:0.4993774562501286
C_PAWNSTRUCTURE:0.5015639754675547
C_PIECECOORDINATION:0.302706441197614
C_ROOKANDPAWNMOVEMENT:0.302706441197614
C_CENTERCONTROL:0.48417417797445866
C_DEVELOPPIECES:0.5292035504684008
C_MATERIAL:0.5511939083360772
