ELO:996
CE_PASSEDPAWNS:0.5230764806802475
CE_PAWNWEAKNESSES:0.4862560498776998
CE_PIECEACTIVITY:0.48962345938391894
CE_KINGPAWNSHIELD:0.4961798422047484
CE_PIECECOORDINATION:0.5092559245278446
CE_MATERIAL:0.5259313723597335
CE_KINGSAFETY:0.5
C_PIECESQUARETABLES:0.49922276140934674
C_MOBILITY:0.4824354162962441
C_KINGSAFETY:0.48443278458735006
C_PAWNSTRUCTURE:0.4653079476552701
C_PIECECOORDINATION:0.5179912784302321
C_ROOKANDPAWNMOVEMENT:0.5179912784302321
C_CENTERCONTROL:0.5152106713246343
C_DEVELOPPIECES:0.5008000173257126
C_MATERIAL:0.4387076781571448
