ELO:988
CE_PASSEDPAWNS:0.5000962081996508
CE_PAWNWEAKNESSES:0.5128889835512717
CE_PIECEACTIVITY:0.5160255395595341
CE_KINGPAWNSHIELD:0.4076561608377238
CE_PIECECOORDINATION:0.454366312231891
CE_MATERIAL:0.564247740342519
CE_KINGSAFETY:0.4781803016598355
C_PIECESQUARETABLES:0.4940075619961608
C_MOBILITY:0.505911861972506
C_KINGSAFETY:0.49327227231014414
C_PAWNSTRUCTURE:0.49923527898734754
C_PIECECOORDINATION:0.5350567576815112
C_ROOKANDPAWNMOVEMENT:0.5350567576815112
C_CENTERCONTROL:0.3976101602692124
C_DEVELOPPIECES:0.5067495606305472
C_MATERIAL:0.5970573370528286
