ELO:1000
CE_PASSEDPAWNS:0.5073423503672706
CE_PAWNWEAKNESSES:0.4964609723678071
CE_PIECEACTIVITY:0.5028812752626709
CE_KINGPAWNSHIELD:0.507154790013806
CE_PIECECOORDINATION:0.46079313112183024
CE_MATERIAL:0.4566104831309669
CE_KINGSAFETY:0.505310147285153
C_PIECESQUARETABLES:0.48487930401081086
C_MOBILITY:0.5102656575167092
C_KINGSAFETY:0.47692054868722084
C_PAWNSTRUCTURE:0.5214880548465713
C_PIECECOORDINATION:0.5021144356814391
C_ROOKANDPAWNMOVEMENT:0.5021144356814391
C_CENTERCONTROL:0.4966633515983392
C_DEVELOPPIECES:0.5387663177226757
C_MATERIAL:0.5193473084804132
