ELO:1004
CE_PASSEDPAWNS:0.5472597552816592
CE_PAWNWEAKNESSES:0.523754187620675
CE_PIECEACTIVITY:0.4620419996704086
CE_KINGPAWNSHIELD:0.5121446302366321
CE_PIECECOORDINATION:0.48209927769255473
CE_MATERIAL:0.5024922298471148
CE_KINGSAFETY:0.5
C_PIECESQUARETABLES:0.5
C_MOBILITY:0.48207677873189825
C_KINGSAFETY:0.5204362607940991
C_PAWNSTRUCTURE:0.496701342524089
C_PIECECOORDINATION:0.5343194762006991
C_ROOK:0.49374555651293894
CE_ROOK:0.5022772971685346
C_CENTERCONTROL:0.49451631012463787
C_DEVELOPPIECES:0.48131052813926906
C_MATERIAL:0.4899458044483732
C_MOVECOUNT:0.5227843074110082
C_PAWNMOVEMENT:0.4944878382766273
