ELO:820
CE_PASSEDPAWNS:0.5182884247031382
CE_PAWNWEAKNESSES:0.5044252824589885
CE_PIECEACTIVITY:0.5539467572768959
CE_KINGPAWNSHIELD:0.5190999757912438
CE_PIECECOORDINATION:0.5585072386704231
CE_MATERIAL:0.5060674520096988
CE_KINGSAFETY:0.5232242197966062
C_PIECESQUARETABLES:0.4983855610930192
C_MOBILITY:0.4335370694694018
C_KINGSAFETY:0.478903705292947
C_PAWNSTRUCTURE:0.5599640263683516
C_PIECECOORDINATION:0.5063837480456416
C_ROOKANDPAWNMOVEMENT:0.5063837480456416
C_CENTERCONTROL:0.47142396939041975
C_DEVELOPPIECES:0.5440641878722203
C_MATERIAL:0.419895787115575
C_MOVECOUNT:0.5
