ELO:970
CE_PASSEDPAWNS:0.5147840815277965
CE_PAWNWEAKNESSES:0.4933041848245423
CE_PIECEACTIVITY:0.5094023736546301
CE_KINGPAWNSHIELD:0.5033161782131451
CE_PIECECOORDINATION:0.5076732817931674
CE_MATERIAL:0.4849391177156864
CE_KINGSAFETY:0.5138632164431968
C_PIECESQUARETABLES:0.5266245687392884
C_MOBILITY:0.5234434481993014
C_KINGSAFETY:0.48890861219708287
C_PAWNSTRUCTURE:0.5089407829835949
C_PIECECOORDINATION:0.5082985798737442
C_ROOKANDPAWNMOVEMENT:0.5082985798737442
C_CENTERCONTROL:0.5233594741246367
C_DEVELOPPIECES:0.49373104524236994
C_MATERIAL:0.5032673857054645
C_MOVECOUNT:0.5
