ELO:987
CE_PASSEDPAWNS:0.5136683255526334
CE_PAWNWEAKNESSES:0.5310754301698843
CE_PIECEACTIVITY:0.48588355753407286
CE_KINGPAWNSHIELD:0.50452422679412
CE_PIECECOORDINATION:0.5108719408298027
CE_MATERIAL:0.505431948799365
CE_KINGSAFETY:0.48714099078276546
C_PIECESQUARETABLES:0.5095887236348847
C_MOBILITY:0.49915071459157945
C_KINGSAFETY:0.501721183538079
C_PAWNSTRUCTURE:0.5066592338417089
C_PIECECOORDINATION:0.5051789679916654
C_ROOKANDPAWNMOVEMENT:0.5051789679916654
C_CENTERCONTROL:0.5061773107357554
C_DEVELOPPIECES:0.5054166646244893
C_MATERIAL:0.49613671553899297
C_MOVECOUNT:0.5205342814968751
