ELO:959
CE_PASSEDPAWNS:0.5001125787202609
CE_PAWNWEAKNESSES:0.5026695456548045
CE_PIECEACTIVITY:0.5074236385131053
CE_KINGPAWNSHIELD:0.4875896082771757
CE_PIECECOORDINATION:0.5138531415390237
CE_MATERIAL:0.48706047890866894
CE_KINGSAFETY:0.5
C_PIECESQUARETABLES:0.48535220215689134
C_MOBILITY:0.4989619348602323
C_KINGSAFETY:0.4889966498462949
C_PAWNSTRUCTURE:0.5148804548096341
C_PIECECOORDINATION:0.5219101579648318
C_ROOKANDPAWNMOVEMENT:0.5219101579648318
C_CENTERCONTROL:0.4808776619127871
C_DEVELOPPIECES:0.5125025452663509
C_MATERIAL:0.47239272417550066
C_MOVECOUNT:0.5174180772568283
