ELO:998
CE_PASSEDPAWNS:0.5051760535855757
CE_PAWNWEAKNESSES:0.5014970541013678
CE_PIECEACTIVITY:0.49014513466120746
CE_KINGPAWNSHIELD:0.4969167576997776
CE_PIECECOORDINATION:0.5038643309286632
CE_MATERIAL:0.5
CE_KINGSAFETY:0.5
C_PIECESQUARETABLES:0.5
C_MOBILITY:0.5151834953382508
C_KINGSAFETY:0.500278208249404
C_PAWNSTRUCTURE:0.5212666843186259
C_PIECECOORDINATION:0.5191650857923561
C_ROOKANDPAWNMOVEMENT:0.5191650857923561
C_CENTERCONTROL:0.4792544135956954
C_DEVELOPPIECES:0.4730496155627917
C_MATERIAL:0.48869345283809307
C_MOVECOUNT:0.5204914363815915
