ELO:849
CE_PASSEDPAWNS:0.4249968447509906
CE_PAWNWEAKNESSES:0.47096386117279376
CE_PIECEACTIVITY:0.443877241064274
CE_KINGPAWNSHIELD:0.5698338191918368
CE_PIECECOORDINATION:0.43861440722338896
CE_MATERIAL:0.47033870255748933
CE_KINGSAFETY:0.5
C_PIECESQUARETABLES:0.5
C_MOBILITY:0.5818557804233315
C_KINGSAFETY:0.4544880774961209
C_PAWNSTRUCTURE:0.4723592773289466
C_PIECECOORDINATION:0.5876157743067119
C_ROOKANDPAWNMOVEMENT:0.5876157743067119
C_CENTERCONTROL:0.4104475753354633
C_DEVELOPPIECES:0.5237597752371135
C_MATERIAL:0.5267121834254856
C_MOVECOUNT:0.5
