ELO:919
CE_PASSEDPAWNS:0.5768390256043154
CE_PAWNWEAKNESSES:0.45537918743314515
CE_PIECEACTIVITY:0.5331033726841559
CE_KINGPAWNSHIELD:0.5768420173402008
CE_PIECECOORDINATION:0.5263537283154412
CE_MATERIAL:0.5886611018048923
CE_KINGSAFETY:0.49449688369185363
C_PIECESQUARETABLES:0.4893663715464991
C_MOBILITY:0.4109165761136156
C_KINGSAFETY:0.4815189636966197
C_PAWNSTRUCTURE:0.4319254591900708
C_PIECECOORDINATION:0.49572356155610986
C_ROOKANDPAWNMOVEMENT:0.49572356155610986
C_CENTERCONTROL:0.4097440270211926
C_DEVELOPPIECES:0.6071408668959309
C_MATERIAL:0.5701766178895846
