ELO:1010
CE_PASSEDPAWNS:0.5165888194381504
CE_PAWNWEAKNESSES:0.4548509697315014
CE_PIECEACTIVITY:0.5184160729348016
CE_KINGPAWNSHIELD:0.5202269624494456
CE_PIECECOORDINATION:0.4821395130546438
CE_MATERIAL:0.5270184250515543
CE_KINGSAFETY:0.5
C_PIECESQUARETABLES:0.5
C_MOBILITY:0.5026332375267567
C_KINGSAFETY:0.49418693488300064
C_PAWNSTRUCTURE:0.5008865193623283
C_PIECECOORDINATION:0.49880658112518755
C_ROOK:0.482314502035044
CE_ROOK:0.479067990043031
C_CENTERCONTROL:0.48158387471991765
C_DEVELOPPIECES:0.49984471286244797
C_MATERIAL:0.5044215888116722
C_MOVECOUNT:0.4970293967652607
C_PAWNMOVEMENT:0.5
