ELO:972
CE_PASSEDPAWNS:0.5178186345162771
CE_PAWNWEAKNESSES:0.5095269238252433
CE_PIECEACTIVITY:0.5007864129201585
CE_KINGPAWNSHIELD:0.49386864169437206
CE_PIECECOORDINATION:0.5377272283779554
CE_MATERIAL:0.5092836448503618
CE_KINGSAFETY:0.4965755737454092
C_PIECESQUARETABLES:0.5
C_MOBILITY:0.4911034057846709
C_KINGSAFETY:0.5023496152413677
C_PAWNSTRUCTURE:0.5028760159198687
C_PIECECOORDINATION:0.49808722535425565
C_ROOKANDPAWNMOVEMENT:0.49808722535425565
C_CENTERCONTROL:0.4957077522513036
C_DEVELOPPIECES:0.48767631609754464
C_MATERIAL:0.4635185320955219
C_MOVECOUNT:0.5003131485354206
