ELO:997
CE_PASSEDPAWNS:0.5167949448766759
CE_PAWNWEAKNESSES:0.46963609350590285
CE_PIECEACTIVITY:0.5170466054845322
CE_KINGPAWNSHIELD:0.5325305344831232
CE_PIECECOORDINATION:0.5005584640063705
CE_MATERIAL:0.48900644601219106
CE_KINGSAFETY:0.5086392698065877
C_PIECESQUARETABLES:0.5106702831070195
C_MOBILITY:0.4855520633608433
C_KINGSAFETY:0.4743554722232713
C_PAWNSTRUCTURE:0.48360383299115106
C_PIECECOORDINATION:0.500848113076349
C_ROOK:0.5385359248163991
CE_ROOK:0.4875489046474863
C_CENTERCONTROL:0.457387199424987
C_DEVELOPPIECES:0.5038589420169745
C_MATERIAL:0.5414671902828214
C_MOVECOUNT:0.5003636574374654
C_PAWNMOVEMENT:0.5306455080329346
