ELO:701
CE_PASSEDPAWNS:0.4449998689548864
CE_PAWNWEAKNESSES:0.5432976322291738
CE_PIECEACTIVITY:0.5096210577297914
CE_KINGPAWNSHIELD:0.46977551750866386
CE_PIECECOORDINATION:0.475746910797715
CE_MATERIAL:0.5765380166179204
CE_KINGSAFETY:0.4842661874386213
C_PIECESQUARETABLES:0.5106681149682761
C_MOBILITY:0.5532990631141136
C_KINGSAFETY:0.5818696077823103
C_PAWNSTRUCTURE:0.5892391606213481
C_PIECECOORDINATION:0.5820440480575033
C_ROOKANDPAWNMOVEMENT:0.5820440480575033
C_CENTERCONTROL:0.5077148737989537
C_DEVELOPPIECES:0.585868225429814
C_MATERIAL:0.4749421444795055
C_MOVECOUNT:0.4903693168561739
