ELO:988
CE_PASSEDPAWNS:0.5156839845540195
CE_PAWNWEAKNESSES:0.5296395053134815
CE_PIECEACTIVITY:0.5208716894838205
CE_KINGPAWNSHIELD:0.4076561608377238
CE_PIECECOORDINATION:0.4440252809434052
CE_MATERIAL:0.5561775794490093
CE_KINGSAFETY:0.5002985651345839
C_PIECESQUARETABLES:0.510733866995726
C_MOBILITY:0.5072952327137363
C_KINGSAFETY:0.5153453516322468
C_PAWNSTRUCTURE:0.49923527898734754
C_PIECECOORDINATION:0.5408951084393193
C_ROOKANDPAWNMOVEMENT:0.5408951084393193
C_CENTERCONTROL:0.4000393257206845
C_DEVELOPPIECES:0.4977045151782918
C_MATERIAL:0.5901687472686623
