ELO:974
CE_PASSEDPAWNS:0.45154338771481867
CE_PAWNWEAKNESSES:0.43704024222173526
CE_PIECEACTIVITY:0.48182984632562414
CE_KINGPAWNSHIELD:0.57404250820601
CE_PIECECOORDINATION:0.586663977841116
CE_MATERIAL:0.5292885152891257
CE_KINGSAFETY:0.5385899402687008
C_PIECESQUARETABLES:0.5095191888634063
C_MOBILITY:0.5835256838714211
C_KINGSAFETY:0.5147985101397459
C_PAWNSTRUCTURE:0.451978522087703
C_PIECECOORDINATION:0.4861888363955985
C_ROOKANDPAWNMOVEMENT:0.4861888363955985
C_CENTERCONTROL:0.46232971932190897
C_DEVELOPPIECES:0.4468762556377181
C_MATERIAL:0.5017047916958924
