ELO:953
CE_PASSEDPAWNS:0.4816604340515175
CE_PAWNWEAKNESSES:0.5395877538905611
CE_PIECEACTIVITY:0.4939464918520917
CE_KINGPAWNSHIELD:0.5080709524937405
CE_PIECECOORDINATION:0.4778928873093064
CE_MATERIAL:0.4791400814939199
CE_KINGSAFETY:0.4955277557265119
C_PIECESQUARETABLES:0.49909972686426035
C_MOBILITY:0.48167496490245126
C_KINGSAFETY:0.4923017515778072
C_PAWNSTRUCTURE:0.4779393761115166
C_PIECECOORDINATION:0.5137287333131697
C_ROOKANDPAWNMOVEMENT:0.5137287333131697
C_CENTERCONTROL:0.5003672350670754
C_DEVELOPPIECES:0.4928349850368883
C_MATERIAL:0.493591761718149
C_MOVECOUNT:0.5
