ELO:960
CE_PASSEDPAWNS:0.5044261743665919
CE_PAWNWEAKNESSES:0.4964753268315414
CE_PIECEACTIVITY:0.503977578465143
CE_KINGPAWNSHIELD:0.5080456856119061
CE_PIECECOORDINATION:0.4870022517771538
CE_MATERIAL:0.5042896119940194
CE_KINGSAFETY:0.5
C_PIECESQUARETABLES:0.5067815752458791
C_MOBILITY:0.521434093840626
C_KINGSAFETY:0.5739754002136009
C_PAWNSTRUCTURE:0.5301731393416586
C_PIECECOORDINATION:0.49713512699412493
C_ROOKANDPAWNMOVEMENT:0.49713512699412493
C_CENTERCONTROL:0.5649203699645372
C_DEVELOPPIECES:0.467851394839735
C_MATERIAL:0.49583378949598306
C_MOVECOUNT:0.5
