ELO:997
CE_PASSEDPAWNS:0.4784888128033464
CE_PAWNWEAKNESSES:0.5201571033425549
CE_PIECEACTIVITY:0.49138212610123044
CE_KINGPAWNSHIELD:0.5093160581741698
CE_PIECECOORDINATION:0.5114793646609895
CE_MATERIAL:0.5099116132656386
CE_KINGSAFETY:0.48936463911553824
C_PIECESQUARETABLES:0.4895732784266257
C_MOBILITY:0.49954283497618207
C_KINGSAFETY:0.5080850348467065
C_PAWNSTRUCTURE:0.5168022133967048
C_PIECECOORDINATION:0.5
C_ROOK:0.5066301975643984
CE_ROOK:0.4944821063159172
C_CENTERCONTROL:0.5136343865351615
C_DEVELOPPIECES:0.5214853090078141
C_MATERIAL:0.48564072454915946
C_MOVECOUNT:0.4903308212699774
C_PAWNMOVEMENT:0.5062823584572738
