ELO:1056
CE_PASSEDPAWNS:0.4755898560602987
CE_PAWNWEAKNESSES:0.5219350989926019
CE_PIECEACTIVITY:0.44561656406994316
CE_KINGPAWNSHIELD:0.37184093292361364
CE_PIECECOORDINATION:0.5244926473096423
CE_MATERIAL:0.5306669466329426
CE_KINGSAFETY:0.5
C_PIECESQUARETABLES:0.5099684728166409
C_MOBILITY:0.6266307597813231
C_KINGSAFETY:0.39915668343505367
C_PAWNSTRUCTURE:0.5063178607132178
C_PIECECOORDINATION:0.5365018191635016
C_ROOKANDPAWNMOVEMENT:0.5365018191635016
C_CENTERCONTROL:0.5659456467599115
C_DEVELOPPIECES:0.5373321718782241
C_MATERIAL:0.552122436891938
