ELO:1000
CE_PASSEDPAWNS:0.5321671911147123
CE_PAWNWEAKNESSES:0.49783172538885506
CE_PIECEACTIVITY:0.4679865356512887
CE_KINGPAWNSHIELD:0.5308959429571433
CE_PIECECOORDINATION:0.46254940845093245
CE_MATERIAL:0.5096926983084911
CE_KINGSAFETY:0.5094213318995086
C_PIECESQUARETABLES:0.5145207071379877
C_MOBILITY:0.4883248858583448
C_KINGSAFETY:0.5257236393315426
C_PAWNSTRUCTURE:0.45827117359630376
C_PIECECOORDINATION:0.5550174147430903
C_ROOKANDPAWNMOVEMENT:0.5550174147430903
C_CENTERCONTROL:0.507203049290621
C_DEVELOPPIECES:0.4978342663014844
C_MATERIAL:0.5167656177621506
