ELO:991
CE_PASSEDPAWNS:0.5788712787169354
CE_PAWNWEAKNESSES:0.4587279332565922
CE_PIECEACTIVITY:0.44259589356669843
CE_KINGPAWNSHIELD:0.44600764767306644
CE_PIECECOORDINATION:0.42015052510937145
CE_MATERIAL:0.4990994058124339
CE_KINGSAFETY:0.5225104524429081
C_PIECESQUARETABLES:0.5
C_MOBILITY:0.5924555586031269
C_KINGSAFETY:0.6180568792189061
C_PAWNSTRUCTURE:0.4688276942979239
C_PIECECOORDINATION:0.43347938389676827
C_ROOKANDPAWNMOVEMENT:0.43347938389676827
C_CENTERCONTROL:0.49689184494824484
C_DEVELOPPIECES:0.48463106472835726
C_MATERIAL:0.5943733712568463
