ELO:1021
CE_PASSEDPAWNS:0.49440136804619905
CE_PAWNWEAKNESSES:0.5195716976273007
CE_PIECEACTIVITY:0.4898918661035154
CE_KINGPAWNSHIELD:0.4894732843301471
CE_PIECECOORDINATION:0.5173107621009955
CE_MATERIAL:0.48282644193788904
CE_KINGSAFETY:0.5
C_PIECESQUARETABLES:0.5
C_MOBILITY:0.5028209787007483
C_KINGSAFETY:0.48989903287257747
C_PAWNSTRUCTURE:0.5248539856510998
C_PIECECOORDINATION:0.5343194762006991
C_ROOK:0.49374555651293894
CE_ROOK:0.5121368117509691
C_CENTERCONTROL:0.5
C_DEVELOPPIECES:0.4838376624263987
C_MATERIAL:0.4919401372919477
C_MOVECOUNT:0.4923646067896574
C_PAWNMOVEMENT:0.508671075153686
