ELO:1021
CE_PASSEDPAWNS:0.49703647085515507
CE_PAWNWEAKNESSES:0.5195716976273007
CE_PIECEACTIVITY:0.4971598763363807
CE_KINGPAWNSHIELD:0.5046887473723781
CE_PIECECOORDINATION:0.5133293050089468
CE_MATERIAL:0.48282644193788904
CE_KINGSAFETY:0.5
C_PIECESQUARETABLES:0.5
C_MOBILITY:0.47656242612073507
C_KINGSAFETY:0.47374175066440066
C_PAWNSTRUCTURE:0.5248539856510998
C_PIECECOORDINATION:0.5124505130025703
C_ROOK:0.4947986000930932
CE_ROOK:0.5043525010163519
C_CENTERCONTROL:0.49172731702394357
C_DEVELOPPIECES:0.49547520755593566
C_MATERIAL:0.5323491725086331
C_MOVECOUNT:0.5038832775438904
C_PAWNMOVEMENT:0.48565174688781987
