ELO:1001
CE_PASSEDPAWNS:0.5167949448766759
CE_PAWNWEAKNESSES:0.4786811087368064
CE_PIECEACTIVITY:0.5170466054845322
CE_KINGPAWNSHIELD:0.533295485400191
CE_PIECECOORDINATION:0.5005584640063705
CE_MATERIAL:0.48900644601219106
CE_KINGSAFETY:0.5
C_PIECESQUARETABLES:0.5106702831070195
C_MOBILITY:0.4826236770453702
C_KINGSAFETY:0.4743554722232713
C_PAWNSTRUCTURE:0.4957562538195916
C_PIECECOORDINATION:0.500848113076349
C_ROOK:0.5385359248163991
CE_ROOK:0.4875489046474863
C_CENTERCONTROL:0.47806533647317667
C_DEVELOPPIECES:0.49676601256141356
C_MATERIAL:0.5301244553857679
C_MOVECOUNT:0.5042688493981389
C_PAWNMOVEMENT:0.5268356513294729
