ELO:1014
CE_PASSEDPAWNS:0.49424108628794977
CE_PAWNWEAKNESSES:0.4876137920478097
CE_PIECEACTIVITY:0.49558962566582854
CE_KINGPAWNSHIELD:0.4757421956346314
CE_PIECECOORDINATION:0.5026234285496076
CE_MATERIAL:0.48857636472926436
CE_KINGSAFETY:0.5
C_PIECESQUARETABLES:0.5
C_MOBILITY:0.5139887119244537
C_KINGSAFETY:0.4736079089103129
C_PAWNSTRUCTURE:0.5197885429922712
C_PIECECOORDINATION:0.5
C_ROOK:0.5099060923727498
CE_ROOK:0.49793802045010266
C_CENTERCONTROL:0.5047456699532995
C_DEVELOPPIECES:0.4592296550089678
C_MATERIAL:0.5126455007579979
C_MOVECOUNT:0.4923646067896574
C_PAWNMOVEMENT:0.47099577499993855
