ELO:1021
CE_PASSEDPAWNS:0.4927534073529474
CE_PAWNWEAKNESSES:0.5
CE_PIECEACTIVITY:0.5077183852040708
CE_KINGPAWNSHIELD:0.5
CE_PIECECOORDINATION:0.5
CE_MATERIAL:0.5111747087094843
CE_KINGSAFETY:0.4826660336021612
C_PIECESQUARETABLES:0.5032189154387229
C_MOBILITY:0.49301923975944195
C_KINGSAFETY:0.49730735858806346
C_PAWNSTRUCTURE:0.502596948019994
C_PIECECOORDINATION:0.5049268322763013
C_ROOKANDPAWNMOVEMENT:0.5049268322763013
C_CENTERCONTROL:0.5
C_DEVELOPPIECES:0.5003530988400229
C_MATERIAL:0.5097665363938618
C_MOVECOUNT:0.5
