ELO:1016
CE_PASSEDPAWNS:0.5167949448766759
CE_PAWNWEAKNESSES:0.4947179547779086
CE_PIECEACTIVITY:0.4666428490958983
CE_KINGPAWNSHIELD:0.533295485400191
CE_PIECECOORDINATION:0.5005584640063705
CE_MATERIAL:0.48900644601219106
CE_KINGSAFETY:0.5
C_PIECESQUARETABLES:0.4894587310562975
C_MOBILITY:0.4826236770453702
C_KINGSAFETY:0.4743554722232713
C_PAWNSTRUCTURE:0.4862013539995279
C_PIECECOORDINATION:0.5151222608234197
C_ROOK:0.5385359248163991
CE_ROOK:0.4875489046474863
C_CENTERCONTROL:0.502748189748155
C_DEVELOPPIECES:0.49676601256141356
C_MATERIAL:0.5301244553857679
C_MOVECOUNT:0.5042688493981389
C_PAWNMOVEMENT:0.5268356513294729
