ELO:935
CE_PASSEDPAWNS:0.578256406522937
CE_PAWNWEAKNESSES:0.44701445947227164
CE_PIECEACTIVITY:0.5319721588850834
CE_KINGPAWNSHIELD:0.5493761368575519
CE_PIECECOORDINATION:0.47838983097931265
CE_MATERIAL:0.5664624939550886
CE_KINGSAFETY:0.5031130351439977
C_PIECESQUARETABLES:0.4831487319373912
C_MOBILITY:0.43412825749397516
C_KINGSAFETY:0.5036297368686882
C_PAWNSTRUCTURE:0.43573817014979915
C_PIECECOORDINATION:0.5134192799487903
C_ROOKANDPAWNMOVEMENT:0.5134192799487903
C_CENTERCONTROL:0.4397681990183746
C_DEVELOPPIECES:0.5679229605525038
C_MATERIAL:0.5649212068376686
