ELO:996
CE_PASSEDPAWNS:0.47502061056427564
CE_PAWNWEAKNESSES:0.48527689952418734
CE_PIECEACTIVITY:0.5487616762535433
CE_KINGPAWNSHIELD:0.46853896610864015
CE_PIECECOORDINATION:0.5641409244955173
CE_MATERIAL:0.5612183628453329
CE_KINGSAFETY:0.5473992914882293
C_PIECESQUARETABLES:0.4953126686989993
C_MOBILITY:0.5014406387222148
C_KINGSAFETY:0.4355901402250199
C_PAWNSTRUCTURE:0.49896698083774427
C_PIECECOORDINATION:0.46570491826135274
C_ROOKANDPAWNMOVEMENT:0.46570491826135274
C_CENTERCONTROL:0.5178734941922278
C_DEVELOPPIECES:0.42358156205468234
C_MATERIAL:0.4314953985768111
