ELO:768
CE_PASSEDPAWNS:0.4515114279396047
CE_PAWNWEAKNESSES:0.5651117849981399
CE_PIECEACTIVITY:0.5205682781091279
CE_KINGPAWNSHIELD:0.45720008441843735
CE_PIECECOORDINATION:0.4746921371225882
CE_MATERIAL:0.5829753848869299
CE_KINGSAFETY:0.49600678180700414
C_PIECESQUARETABLES:0.4983237425308159
C_MOBILITY:0.5502268907370786
C_KINGSAFETY:0.5828004313786067
C_PAWNSTRUCTURE:0.5687155997588189
C_PIECECOORDINATION:0.5898825579665266
C_ROOKANDPAWNMOVEMENT:0.5898825579665266
C_CENTERCONTROL:0.49804155202742073
C_DEVELOPPIECES:0.5731244970290297
C_MATERIAL:0.5168063592855185
C_MOVECOUNT:0.49637223176698925
