ELO:959
CE_PASSEDPAWNS:0.5080485741047226
CE_PAWNWEAKNESSES:0.5127346429717964
CE_PIECEACTIVITY:0.5074236385131053
CE_KINGPAWNSHIELD:0.48543225773724547
CE_PIECECOORDINATION:0.5138531415390237
CE_MATERIAL:0.4979728955667883
CE_KINGSAFETY:0.5
C_PIECESQUARETABLES:0.48535220215689134
C_MOBILITY:0.4989619348602323
C_KINGSAFETY:0.4889966498462949
C_PAWNSTRUCTURE:0.5040205582196593
C_PIECECOORDINATION:0.5097725890756654
C_ROOKANDPAWNMOVEMENT:0.5097725890756654
C_CENTERCONTROL:0.49229986297451794
C_DEVELOPPIECES:0.5216813271276062
C_MATERIAL:0.47239272417550066
C_MOVECOUNT:0.5136145244196582
