ELO:1006
CE_PASSEDPAWNS:0.5167949448766759
CE_PAWNWEAKNESSES:0.48994359034078305
CE_PIECEACTIVITY:0.4666428490958983
CE_KINGPAWNSHIELD:0.533295485400191
CE_PIECECOORDINATION:0.5005584640063705
CE_MATERIAL:0.48900644601219106
CE_KINGSAFETY:0.5
C_PIECESQUARETABLES:0.5
C_MOBILITY:0.4826236770453702
C_KINGSAFETY:0.4743554722232713
C_PAWNSTRUCTURE:0.4862013539995279
C_PIECECOORDINATION:0.5151222608234197
C_ROOK:0.5267052412085024
CE_ROOK:0.49988533747510755
C_CENTERCONTROL:0.4935891974419323
C_DEVELOPPIECES:0.49676601256141356
C_MATERIAL:0.5186394453879122
C_MOVECOUNT:0.5076401171147716
C_PAWNMOVEMENT:0.5268356513294729
