ELO:987
CE_PASSEDPAWNS:0.5331219811903157
CE_PAWNWEAKNESSES:0.4638294288626877
CE_PIECEACTIVITY:0.4865550521586785
CE_KINGPAWNSHIELD:0.5622462597525306
CE_PIECECOORDINATION:0.46823965541909757
CE_MATERIAL:0.5737373098262635
CE_KINGSAFETY:0.45689381643237587
C_PIECESQUARETABLES:0.46519869622197135
C_MOBILITY:0.43478278585985747
C_KINGSAFETY:0.48981396845139263
C_PAWNSTRUCTURE:0.4575032529879534
C_PIECECOORDINATION:0.5672378669113816
C_ROOKANDPAWNMOVEMENT:0.5672378669113816
C_CENTERCONTROL:0.44983784768547413
C_DEVELOPPIECES:0.5424019018546796
C_MATERIAL:0.538976830414058
