ELO:960
CE_PASSEDPAWNS:0.5128751859042318
CE_PAWNWEAKNESSES:0.49147415537643707
CE_PIECEACTIVITY:0.5620432173266288
CE_KINGPAWNSHIELD:0.5245993639785759
CE_PIECECOORDINATION:0.4697709621294797
CE_MATERIAL:0.4720013811956366
CE_KINGSAFETY:0.5
C_PIECESQUARETABLES:0.5
C_MOBILITY:0.49649741925690033
C_KINGSAFETY:0.4567550286985017
C_PAWNSTRUCTURE:0.5248674010688692
C_PIECECOORDINATION:0.4730827314723708
C_ROOK:0.5070692724377969
CE_ROOK:0.5121368117509691
C_CENTERCONTROL:0.5421621895577271
C_DEVELOPPIECES:0.5
C_MATERIAL:0.5099790927186645
C_MOVECOUNT:0.5325587071509559
C_PAWNMOVEMENT:0.5906287512142917
