ELO:1000
CE_PASSEDPAWNS:0.462770867216714
CE_PAWNWEAKNESSES:0.4549997100403977
CE_PIECEACTIVITY:0.48690196524563206
CE_KINGPAWNSHIELD:0.5624330681775669
CE_PIECECOORDINATION:0.555279496676385
CE_MATERIAL:0.4926294417506693
CE_KINGSAFETY:0.5097209595604321
C_PIECESQUARETABLES:0.5047271121577784
C_MOBILITY:0.5495500406440742
C_KINGSAFETY:0.5208305696160231
C_PAWNSTRUCTURE:0.46384649108056064
C_PIECECOORDINATION:0.5136419551987873
C_ROOKANDPAWNMOVEMENT:0.5136419551987873
C_CENTERCONTROL:0.47268031494244805
C_DEVELOPPIECES:0.4690129357323399
C_MATERIAL:0.5059369994896794
