ELO:965
CE_PASSEDPAWNS:0.5
CE_PAWNWEAKNESSES:0.5114396820926895
CE_PIECEACTIVITY:0.5160189923794253
CE_KINGPAWNSHIELD:0.43301965493803896
CE_PIECECOORDINATION:0.5
CE_MATERIAL:0.4673561076978038
CE_KINGSAFETY:0.47986067258812204
C_PIECESQUARETABLES:0.43938890502829137
C_MOBILITY:0.4977809248843017
C_KINGSAFETY:0.5282534721426153
C_PAWNSTRUCTURE:0.47141506397907734
C_PIECECOORDINATION:0.5051075490785257
C_ROOKANDPAWNMOVEMENT:0.5051075490785257
C_CENTERCONTROL:0.5264720922155307
C_DEVELOPPIECES:0.5176960430054472
C_MATERIAL:0.4931440457367891
C_MOVECOUNT:0.5
