ELO:980
CE_PASSEDPAWNS:0.5161342407072657
CE_PAWNWEAKNESSES:0.4734036510482281
CE_PIECEACTIVITY:0.5024631349784432
CE_KINGPAWNSHIELD:0.4675483960701007
CE_PIECECOORDINATION:0.42015052510937145
CE_MATERIAL:0.44459720447907625
CE_KINGSAFETY:0.5
C_PIECESQUARETABLES:0.5
C_MOBILITY:0.4165890781848482
C_KINGSAFETY:0.42956262716998794
C_PAWNSTRUCTURE:0.4961908342880676
C_PIECECOORDINATION:0.5019648727235364
C_ROOKANDPAWNMOVEMENT:0.5019648727235364
C_CENTERCONTROL:0.39633320841414743
C_DEVELOPPIECES:0.5055077391025935
C_MATERIAL:0.6480765086317845
