ELO:1077
CE_PASSEDPAWNS:0.632638368481171
CE_PAWNWEAKNESSES:0.45657737700143175
CE_PIECEACTIVITY:0.4673178738675857
CE_KINGPAWNSHIELD:0.4671520857159875
CE_PIECECOORDINATION:0.4804243214302122
CE_MATERIAL:0.4554070920239447
CE_KINGSAFETY:0.5036993867894912
C_PIECESQUARETABLES:0.5
C_MOBILITY:0.5381635877733388
C_KINGSAFETY:0.6168056380823728
C_PAWNSTRUCTURE:0.4339906015907538
C_PIECECOORDINATION:0.4990434633731862
C_ROOKANDPAWNMOVEMENT:0.4990434633731862
C_CENTERCONTROL:0.5508721744361476
C_DEVELOPPIECES:0.49783468118594326
C_MATERIAL:0.40395331451950117
