ELO:999
CE_PASSEDPAWNS:0.5460237759265371
CE_PAWNWEAKNESSES:0.6118676375864667
CE_PIECEACTIVITY:0.5407582011056409
CE_KINGPAWNSHIELD:0.555259098717454
CE_PIECECOORDINATION:0.47428544805430206
CE_MATERIAL:0.5058603660861439
CE_KINGSAFETY:0.5068028521883976
C_PIECESQUARETABLES:0.504402128351297
C_MOBILITY:0.5855369917671921
C_KINGSAFETY:0.4082550688282633
C_PAWNSTRUCTURE:0.5006281247243053
C_PIECECOORDINATION:0.5630257093956104
C_ROOKANDPAWNMOVEMENT:0.5630257093956104
C_CENTERCONTROL:0.4620541730020188
C_DEVELOPPIECES:0.5067495606305472
C_MATERIAL:0.6109595182192638
