ELO:1000
CE_PASSEDPAWNS:0.4796997021488247
CE_PAWNWEAKNESSES:0.4450306906405302
CE_PIECEACTIVITY:0.47543239113827385
CE_KINGPAWNSHIELD:0.5692331716295106
CE_PIECECOORDINATION:0.5202068877123975
CE_MATERIAL:0.4926294417506693
CE_KINGSAFETY:0.4966223981538682
C_PIECESQUARETABLES:0.5
C_MOBILITY:0.5537699916664237
C_KINGSAFETY:0.5336867078912669
C_PAWNSTRUCTURE:0.45523956527511716
C_PIECECOORDINATION:0.5078074416711489
C_ROOKANDPAWNMOVEMENT:0.5078074416711489
C_CENTERCONTROL:0.47268031494244805
C_DEVELOPPIECES:0.4771066051981649
C_MATERIAL:0.5168395672724605
