ELO:1009
CE_PASSEDPAWNS:0.5037140808233029
CE_PAWNWEAKNESSES:0.5
CE_PIECEACTIVITY:0.4923999721590559
CE_KINGPAWNSHIELD:0.5
CE_PIECECOORDINATION:0.5
CE_MATERIAL:0.49032037117258226
CE_KINGSAFETY:0.5009021235641962
C_PIECESQUARETABLES:0.49245991234278647
C_MOBILITY:0.502087754310483
C_KINGSAFETY:0.4967326026876391
C_PAWNSTRUCTURE:0.49545250897420123
C_PIECECOORDINATION:0.49895149428044755
C_ROOKANDPAWNMOVEMENT:0.49895149428044755
C_CENTERCONTROL:0.5109812398836431
C_DEVELOPPIECES:0.49874838092984886
C_MATERIAL:0.49564568359494154
C_MOVECOUNT:0.5
