ELO:897
CE_PASSEDPAWNS:0.5852859739768076
CE_PAWNWEAKNESSES:0.4697409175345009
CE_PIECEACTIVITY:0.5400325930864665
CE_KINGPAWNSHIELD:0.5627133193775137
CE_PIECECOORDINATION:0.57352937694618
CE_MATERIAL:0.6188468054546648
CE_KINGSAFETY:0.5392578926980527
C_PIECESQUARETABLES:0.44894731385113007
C_MOBILITY:0.3654993867841262
C_KINGSAFETY:0.4609526277467498
C_PAWNSTRUCTURE:0.3844233965272597
C_PIECECOORDINATION:0.5406818624284214
C_ROOKANDPAWNMOVEMENT:0.5406818624284214
C_CENTERCONTROL:0.4088248724351712
C_DEVELOPPIECES:0.6335326232738535
C_MATERIAL:0.5671993045917655
