ELO:1000
CE_PASSEDPAWNS:0.5376264141871947
CE_PAWNWEAKNESSES:0.4571493849757317
CE_PIECEACTIVITY:0.45803018381245925
CE_KINGPAWNSHIELD:0.5514136954834609
CE_PIECECOORDINATION:0.4686277067230662
CE_MATERIAL:0.5652278537943868
CE_KINGSAFETY:0.4711354476616214
C_PIECESQUARETABLES:0.46519869622197135
C_MOBILITY:0.4695505476340873
C_KINGSAFETY:0.5128157673334518
C_PAWNSTRUCTURE:0.4544715110295804
C_PIECECOORDINATION:0.5425952493164324
C_ROOKANDPAWNMOVEMENT:0.5425952493164324
C_CENTERCONTROL:0.4531174204833644
C_DEVELOPPIECES:0.5183400477782136
C_MATERIAL:0.5315400298694015
