ELO:984
CE_PASSEDPAWNS:0.49262523897531596
CE_PAWNWEAKNESSES:0.501029958038619
CE_PIECEACTIVITY:0.5197737692497727
CE_KINGPAWNSHIELD:0.5
CE_PIECECOORDINATION:0.49486163047361564
CE_MATERIAL:0.5
CE_KINGSAFETY:0.48334199217022933
C_PIECESQUARETABLES:0.493795111345953
C_MOBILITY:0.4821140477797156
C_KINGSAFETY:0.5049573056715564
C_PAWNSTRUCTURE:0.5034383498470151
C_PIECECOORDINATION:0.49510927581214154
C_ROOKANDPAWNMOVEMENT:0.49510927581214154
C_CENTERCONTROL:0.49928703492058785
C_DEVELOPPIECES:0.5074698879901429
C_MATERIAL:0.5084563820626239
