ELO:1000
CE_PASSEDPAWNS:0.4996785821472508
CE_PAWNWEAKNESSES:0.5
CE_PIECEACTIVITY:0.49939048621716947
CE_KINGPAWNSHIELD:0.5076084827995169
CE_PIECECOORDINATION:0.4927012995435162
CE_MATERIAL:0.5159931202601425
CE_KINGSAFETY:0.5156036937545052
C_PIECESQUARETABLES:0.5014256582645138
C_MOBILITY:0.48746537020286174
C_KINGSAFETY:0.5046966822878654
C_PAWNSTRUCTURE:0.4921729044122418
C_PIECECOORDINATION:0.5033430972306996
C_ROOKANDPAWNMOVEMENT:0.5033430972306996
C_CENTERCONTROL:0.5
C_DEVELOPPIECES:0.5
C_MATERIAL:0.5094855685853523
