ELO:1005
CE_PASSEDPAWNS:0.5290013539298729
CE_PAWNWEAKNESSES:0.45452876766555667
CE_PIECEACTIVITY:0.5089701830067871
CE_KINGPAWNSHIELD:0.5224832526377359
CE_PIECECOORDINATION:0.4878961181204177
CE_MATERIAL:0.47705671565357116
CE_KINGSAFETY:0.4818640080398299
C_PIECESQUARETABLES:0.5
C_MOBILITY:0.49755770834701984
C_KINGSAFETY:0.4804449345539835
C_PAWNSTRUCTURE:0.47123736318600723
C_PIECECOORDINATION:0.4950878502951131
C_ROOK:0.5385359248163991
CE_ROOK:0.4906947481753973
C_CENTERCONTROL:0.4666380946708698
C_DEVELOPPIECES:0.5044471711289261
C_MATERIAL:0.5414671902828214
C_MOVECOUNT:0.49804741750060955
C_PAWNMOVEMENT:0.5400932642649898
