ELO:1010
CE_PASSEDPAWNS:0.5290013539298729
CE_PAWNWEAKNESSES:0.4548509697315014
CE_PIECEACTIVITY:0.5184160729348016
CE_KINGPAWNSHIELD:0.49120581731470847
CE_PIECECOORDINATION:0.4821395130546438
CE_MATERIAL:0.4908231845187665
CE_KINGSAFETY:0.5
C_PIECESQUARETABLES:0.5
C_MOBILITY:0.5026332375267567
C_KINGSAFETY:0.47719324272971314
C_PAWNSTRUCTURE:0.5008865193623283
C_PIECECOORDINATION:0.49880658112518755
C_ROOK:0.479745591736539
CE_ROOK:0.5211191153185273
C_CENTERCONTROL:0.48158387471991765
C_DEVELOPPIECES:0.49984471286244797
C_MATERIAL:0.5005844375595324
C_MOVECOUNT:0.4970293967652607
C_PAWNMOVEMENT:0.5130604514977438
