ELO:987
CE_PASSEDPAWNS:0.4934438659387454
CE_PAWNWEAKNESSES:0.4870230254592212
CE_PIECEACTIVITY:0.43613081230080813
CE_KINGPAWNSHIELD:0.5051472709344791
CE_PIECECOORDINATION:0.537183364261677
CE_MATERIAL:0.49123916246838834
CE_KINGSAFETY:0.5
C_PIECESQUARETABLES:0.5
C_MOBILITY:0.49656768165046206
C_KINGSAFETY:0.513215520957875
C_PAWNSTRUCTURE:0.528613899565202
C_PIECECOORDINATION:0.5005324328343215
C_ROOKANDPAWNMOVEMENT:0.5005324328343215
C_CENTERCONTROL:0.48157046577476703
C_DEVELOPPIECES:0.48938571245025697
C_MATERIAL:0.4835853555152068
C_MOVECOUNT:0.4954189662580906
