ELO:988
CE_PASSEDPAWNS:0.5156839845540195
CE_PAWNWEAKNESSES:0.5296395053134815
CE_PIECEACTIVITY:0.5208716894838205
CE_KINGPAWNSHIELD:0.42089130474978587
CE_PIECECOORDINATION:0.45070086949861216
CE_MATERIAL:0.5579532020852056
CE_KINGSAFETY:0.5
C_PIECESQUARETABLES:0.4905614200340386
C_MOBILITY:0.49816549280442246
C_KINGSAFETY:0.5154326288530884
C_PAWNSTRUCTURE:0.5071992104616945
C_PIECECOORDINATION:0.5350567576815112
C_ROOKANDPAWNMOVEMENT:0.5350567576815112
C_CENTERCONTROL:0.3976101602692124
C_DEVELOPPIECES:0.5067495606305472
C_MATERIAL:0.5901687472686623
