ELO:985
CE_PASSEDPAWNS:0.5109076190247388
CE_PAWNWEAKNESSES:0.49313021423393016
CE_PIECEACTIVITY:0.42444222544555305
CE_KINGPAWNSHIELD:0.39452144957275465
CE_PIECECOORDINATION:0.5190315742551846
CE_MATERIAL:0.47142943546382343
CE_KINGSAFETY:0.5215063930736207
C_PIECESQUARETABLES:0.5
C_MOBILITY:0.5690997868049475
C_KINGSAFETY:0.42956262716998794
C_PAWNSTRUCTURE:0.5122675472858035
C_PIECECOORDINATION:0.5486497112737738
C_ROOKANDPAWNMOVEMENT:0.5486497112737738
C_CENTERCONTROL:0.5283052805274752
C_DEVELOPPIECES:0.5528173797779841
C_MATERIAL:0.5961630701883155
