ELO:808
CE_PASSEDPAWNS:0.4662393655398455
CE_PAWNWEAKNESSES:0.4528157026622898
CE_PIECEACTIVITY:0.47132599883668097
CE_KINGPAWNSHIELD:0.44785399054840536
CE_PIECECOORDINATION:0.5169168924541273
CE_MATERIAL:0.5407141351684781
CE_KINGSAFETY:0.45375763296987753
C_PIECESQUARETABLES:0.5320596894290757
C_MOBILITY:0.4527625829751451
C_KINGSAFETY:0.47870724888069127
C_PAWNSTRUCTURE:0.5253743829737719
C_PIECECOORDINATION:0.48292965073308286
C_ROOKANDPAWNMOVEMENT:0.48292965073308286
C_CENTERCONTROL:0.47180272031338166
C_DEVELOPPIECES:0.5108381137092836
C_MATERIAL:0.5435052988095294
