ELO:988
CE_PASSEDPAWNS:0.5071627107442475
CE_PAWNWEAKNESSES:0.5024233401827956
CE_PIECEACTIVITY:0.5221812135698585
CE_KINGPAWNSHIELD:0.4076561608377238
CE_PIECECOORDINATION:0.44538019471221774
CE_MATERIAL:0.5561775794490093
CE_KINGSAFETY:0.5
C_PIECESQUARETABLES:0.5
C_MOBILITY:0.49816549280442246
C_KINGSAFETY:0.5198009818532401
C_PAWNSTRUCTURE:0.5006281247243053
C_PIECECOORDINATION:0.5350567576815112
C_ROOKANDPAWNMOVEMENT:0.5350567576815112
C_CENTERCONTROL:0.3976101602692124
C_DEVELOPPIECES:0.4995430743817039
C_MATERIAL:0.5859692747107864
