ELO:1002
CE_PASSEDPAWNS:0.5165888194381504
CE_PAWNWEAKNESSES:0.5151369554337137
CE_PIECEACTIVITY:0.48706326862624844
CE_KINGPAWNSHIELD:0.49145047284638205
CE_PIECECOORDINATION:0.5148132034671442
CE_MATERIAL:0.4857179863277638
CE_KINGSAFETY:0.5
C_PIECESQUARETABLES:0.5
C_MOBILITY:0.4941175199615238
C_KINGSAFETY:0.48364546394874014
C_PAWNSTRUCTURE:0.48622638489785863
C_PIECECOORDINATION:0.5040139785423347
C_ROOK:0.49398444940472735
CE_ROOK:0.4846549070409977
C_CENTERCONTROL:0.46549514397354136
C_DEVELOPPIECES:0.4592296550089678
C_MATERIAL:0.4870360901539108
C_MOVECOUNT:0.5012008929338544
C_PAWNMOVEMENT:0.48166362070105234
