ELO:972
CE_PASSEDPAWNS:0.5
CE_PAWNWEAKNESSES:0.4365286051483071
CE_PIECEACTIVITY:0.4494878231965006
CE_KINGPAWNSHIELD:0.5092745315262233
CE_PIECECOORDINATION:0.49435834764863096
CE_MATERIAL:0.535313177343826
CE_KINGSAFETY:0.5
C_PIECESQUARETABLES:0.5
C_MOBILITY:0.4970326531719936
C_KINGSAFETY:0.5102841517742461
C_PAWNSTRUCTURE:0.5063118431307604
C_PIECECOORDINATION:0.5336497300638732
C_ROOKANDPAWNMOVEMENT:0.5336497300638732
C_CENTERCONTROL:0.4930056418409377
C_DEVELOPPIECES:0.47184687534574904
C_MATERIAL:0.5235341346168944
C_MOVECOUNT:0.5
