ELO:897
CE_PASSEDPAWNS:0.4874792806525484
CE_PAWNWEAKNESSES:0.4960287949802879
CE_PIECEACTIVITY:0.4987257602746872
CE_KINGPAWNSHIELD:0.48884289743305204
CE_PIECECOORDINATION:0.49236871622119344
CE_MATERIAL:0.5107309514814563
CE_KINGSAFETY:0.49367988311612254
C_PIECESQUARETABLES:0.5
C_MOBILITY:0.5057675261168976
C_KINGSAFETY:0.4998486566130445
C_PAWNSTRUCTURE:0.47065204529240473
C_PIECECOORDINATION:0.46694341089078895
C_ROOKANDPAWNMOVEMENT:0.46694341089078895
C_CENTERCONTROL:0.5608241110467067
C_DEVELOPPIECES:0.4830519797191527
C_MATERIAL:0.4831123302978753
C_MOVECOUNT:0.5
