ELO:997
CE_PASSEDPAWNS:0.5377761368370096
CE_PAWNWEAKNESSES:0.4882665018465702
CE_PIECEACTIVITY:0.5337890436363676
CE_KINGPAWNSHIELD:0.45696682811480094
CE_PIECECOORDINATION:0.4898870088474529
CE_MATERIAL:0.5142264585308141
CE_KINGSAFETY:0.49761650037695176
C_PIECESQUARETABLES:0.4650599880898181
C_MOBILITY:0.4623925144659466
C_KINGSAFETY:0.44207174250926956
C_PAWNSTRUCTURE:0.4659500934788867
C_PIECECOORDINATION:0.434287967034092
C_ROOKANDPAWNMOVEMENT:0.434287967034092
C_CENTERCONTROL:0.5329034991432274
C_DEVELOPPIECES:0.4379662852771497
C_MATERIAL:0.49523337089933195
