ELO:1000
CE_PASSEDPAWNS:0.4896903682478742
CE_PAWNWEAKNESSES:0.48507701643382634
CE_PIECEACTIVITY:0.5111749942166819
CE_KINGPAWNSHIELD:0.49371500018310077
CE_PIECECOORDINATION:0.5031942596246112
CE_MATERIAL:0.5329062774339602
CE_KINGSAFETY:0.5141647670372776
C_PIECESQUARETABLES:0.5003073788478798
C_MOBILITY:0.5215665700661481
C_KINGSAFETY:0.5134247431075359
C_PAWNSTRUCTURE:0.5170234246619558
C_PIECECOORDINATION:0.4631453258209857
C_ROOKANDPAWNMOVEMENT:0.4631453258209857
C_CENTERCONTROL:0.5256446861225592
C_DEVELOPPIECES:0.5099954328614503
C_MATERIAL:0.5140285888672863
