ELO:909
CE_PASSEDPAWNS:0.526692149115224
CE_PAWNWEAKNESSES:0.4752700658087542
CE_PIECEACTIVITY:0.4120020522762841
CE_KINGPAWNSHIELD:0.48971815171768257
CE_PIECECOORDINATION:0.4285209816832347
CE_MATERIAL:0.4785267402053155
CE_KINGSAFETY:0.49288954328692236
C_PIECESQUARETABLES:0.4926105647947631
C_MOBILITY:0.4678802531509659
C_KINGSAFETY:0.44151418738712317
C_PAWNSTRUCTURE:0.4662593128734712
C_PIECECOORDINATION:0.5233616795484677
C_ROOKANDPAWNMOVEMENT:0.5233616795484677
C_CENTERCONTROL:0.5505213916024885
C_DEVELOPPIECES:0.506984134891279
C_MATERIAL:0.5342111659003363
C_MOVECOUNT:0.5
