ELO:1027
CE_PASSEDPAWNS:0.4936118726401552
CE_PAWNWEAKNESSES:0.5131400704388956
CE_PIECEACTIVITY:0.5400810963754095
CE_KINGPAWNSHIELD:0.5050914370919352
CE_PIECECOORDINATION:0.526942479293
CE_MATERIAL:0.49117272036972864
CE_KINGSAFETY:0.5
C_PIECESQUARETABLES:0.5
C_MOBILITY:0.45824781231478373
C_KINGSAFETY:0.4811413664804936
C_PAWNSTRUCTURE:0.4951326566476162
C_PIECECOORDINATION:0.5108479716225487
C_ROOK:0.4913666979501575
CE_ROOK:0.4955141820428924
C_CENTERCONTROL:0.5
C_DEVELOPPIECES:0.5378158956555593
C_MATERIAL:0.47294475406579567
C_MOVECOUNT:0.49742331114217486
C_PAWNMOVEMENT:0.5200483298857485
