ELO:865
CE_PASSEDPAWNS:0.4957709838362657
CE_PAWNWEAKNESSES:0.5048028397685468
CE_PIECEACTIVITY:0.4914952382561217
CE_KINGPAWNSHIELD:0.5379670097976053
CE_PIECECOORDINATION:0.36988437315810146
CE_MATERIAL:0.531861185527922
CE_KINGSAFETY:0.5
C_PIECESQUARETABLES:0.5
C_MOBILITY:0.45343520356339345
C_KINGSAFETY:0.4752532476730597
C_PAWNSTRUCTURE:0.5000472854475159
C_PIECECOORDINATION:0.4591337313827407
C_ROOKANDPAWNMOVEMENT:0.4591337313827407
C_CENTERCONTROL:0.7077552726956953
C_DEVELOPPIECES:0.4459092101776614
C_MATERIAL:0.4401248411111396
C_MOVECOUNT:0.5
