ELO:812
CE_PASSEDPAWNS:0.5317497739018967
CE_PAWNWEAKNESSES:0.5193888273491184
CE_PIECEACTIVITY:0.44976733214497105
CE_KINGPAWNSHIELD:0.5376572855203484
CE_PIECECOORDINATION:0.42256635355030964
CE_MATERIAL:0.5894225300899792
CE_KINGSAFETY:0.4761602911490144
C_PIECESQUARETABLES:0.4838617892986363
C_MOBILITY:0.45817899438931053
C_KINGSAFETY:0.5305083257675032
C_PAWNSTRUCTURE:0.5103686436500248
C_PIECECOORDINATION:0.528139447313087
C_ROOKANDPAWNMOVEMENT:0.528139447313087
C_CENTERCONTROL:0.519277106846066
C_DEVELOPPIECES:0.49536731719149013
C_MATERIAL:0.5730607235572921
C_MOVECOUNT:0.5
