ELO:877
CE_PASSEDPAWNS:0.4733390172999405
CE_PAWNWEAKNESSES:0.4898965988455681
CE_PIECEACTIVITY:0.49575780716324636
CE_KINGPAWNSHIELD:0.5099997486541408
CE_PIECECOORDINATION:0.5160625207457112
CE_MATERIAL:0.4189914263472398
CE_KINGSAFETY:0.5197502176666435
C_PIECESQUARETABLES:0.4717627663021264
C_MOBILITY:0.4159525143460018
C_KINGSAFETY:0.40302908319759934
C_PAWNSTRUCTURE:0.41704471122730075
C_PIECECOORDINATION:0.523145042718143
C_ROOKANDPAWNMOVEMENT:0.523145042718143
C_CENTERCONTROL:0.4671034565941428
C_DEVELOPPIECES:0.5135161675299379
C_MATERIAL:0.43589374912972506
C_MOVECOUNT:0.46140890127047507
