ELO:961
CE_PASSEDPAWNS:0.5224308371684075
CE_PAWNWEAKNESSES:0.5115996338890785
CE_PIECEACTIVITY:0.47097132413987525
CE_KINGPAWNSHIELD:0.47439761505766115
CE_PIECECOORDINATION:0.4880104934373642
CE_MATERIAL:0.4859502655786863
CE_KINGSAFETY:0.5104563433881494
C_PIECESQUARETABLES:0.4760836996062488
C_MOBILITY:0.5217224484824493
C_KINGSAFETY:0.4839340324648636
C_PAWNSTRUCTURE:0.4853325544217584
C_PIECECOORDINATION:0.5026723811453876
C_ROOKANDPAWNMOVEMENT:0.5026723811453876
C_CENTERCONTROL:0.5
C_DEVELOPPIECES:0.4785236412358357
C_MATERIAL:0.46887132357279193
C_MOVECOUNT:0.5
