ELO:963
CE_PASSEDPAWNS:0.48954423329503494
CE_PAWNWEAKNESSES:0.5055770223384012
CE_PIECEACTIVITY:0.493432946640758
CE_KINGPAWNSHIELD:0.5004467929546963
CE_PIECECOORDINATION:0.500111693469129
CE_MATERIAL:0.48787995916709187
CE_KINGSAFETY:0.4922031541883399
C_PIECESQUARETABLES:0.5083669413526853
C_MOBILITY:0.5066618461586626
C_KINGSAFETY:0.503402290212112
C_PAWNSTRUCTURE:0.5079750572366065
C_PIECECOORDINATION:0.5093119237467968
C_ROOKANDPAWNMOVEMENT:0.5093119237467968
C_CENTERCONTROL:0.5156239006696856
C_DEVELOPPIECES:0.4949404444973019
C_MATERIAL:0.5006555975767416
C_MOVECOUNT:0.5
