ELO:1000
CE_PASSEDPAWNS:0.48413821798764844
CE_PAWNWEAKNESSES:0.4628519549253092
CE_PIECEACTIVITY:0.5318526156710024
CE_KINGPAWNSHIELD:0.4964862852285553
CE_PIECECOORDINATION:0.49966906521296545
CE_MATERIAL:0.5286824774201312
CE_KINGSAFETY:0.5175929584274309
C_PIECESQUARETABLES:0.49181621778387524
C_MOBILITY:0.5099142851319062
C_KINGSAFETY:0.493851255171396
C_PAWNSTRUCTURE:0.5291993057396801
C_PIECECOORDINATION:0.47922591844226675
C_ROOKANDPAWNMOVEMENT:0.47922591844226675
C_CENTERCONTROL:0.525118118402178
C_DEVELOPPIECES:0.4959295149478464
C_MATERIAL:0.505079050174106
