ELO:975
CE_PASSEDPAWNS:0.4554192936284384
CE_PAWNWEAKNESSES:0.48180059766506006
CE_PIECEACTIVITY:0.5203300877888466
CE_KINGPAWNSHIELD:0.4847069159521491
CE_PIECECOORDINATION:0.4963789082497989
CE_MATERIAL:0.5338877021873467
CE_KINGSAFETY:0.5073339911783943
C_PIECESQUARETABLES:0.5224083646738339
C_MOBILITY:0.534912343728858
C_KINGSAFETY:0.4937015665673934
C_PAWNSTRUCTURE:0.5304216449846559
C_PIECECOORDINATION:0.4885801002450408
C_ROOKANDPAWNMOVEMENT:0.4885801002450408
C_CENTERCONTROL:0.5328805193287595
C_DEVELOPPIECES:0.5386817955227705
C_MATERIAL:0.4708671496688839
