ELO:982
CE_PASSEDPAWNS:0.4885958384083529
CE_PAWNWEAKNESSES:0.5081681330627297
CE_PIECEACTIVITY:0.4866048588260773
CE_KINGPAWNSHIELD:0.5
CE_PIECECOORDINATION:0.5370230567842119
CE_MATERIAL:0.497986092859468
CE_KINGSAFETY:0.4939568815546403
C_PIECESQUARETABLES:0.4904931759151883
C_MOBILITY:0.5
C_KINGSAFETY:0.5095149843349559
C_PAWNSTRUCTURE:0.5025899121971495
C_PIECECOORDINATION:0.48910161298200294
C_ROOKANDPAWNMOVEMENT:0.48910161298200294
C_CENTERCONTROL:0.5
C_DEVELOPPIECES:0.5
C_MATERIAL:0.5078501216864278
C_MOVECOUNT:0.5
