ELO:1000
CE_PASSEDPAWNS:0.48899414249275786
CE_PAWNWEAKNESSES:0.4933820281500306
CE_PIECEACTIVITY:0.5060764259393058
CE_KINGPAWNSHIELD:0.49788997266028684
CE_PIECECOORDINATION:0.5
CE_MATERIAL:0.5140116628703943
CE_KINGSAFETY:0.5015436222663735
C_PIECESQUARETABLES:0.4959614512262287
C_MOBILITY:0.5
C_KINGSAFETY:0.49813724787882124
C_PAWNSTRUCTURE:0.5097080013343432
C_PIECECOORDINATION:0.504769797514964
C_ROOKANDPAWNMOVEMENT:0.504769797514964
C_CENTERCONTROL:0.5067113655728384
C_DEVELOPPIECES:0.5
C_MATERIAL:0.5062257931023744
