ELO:838
CE_PASSEDPAWNS:0.4797669426591407
CE_PAWNWEAKNESSES:0.5101369666023783
CE_PIECEACTIVITY:0.4722819958695694
CE_KINGPAWNSHIELD:0.4787832685627373
CE_PIECECOORDINATION:0.4868207833217834
CE_MATERIAL:0.4266239041407388
CE_KINGSAFETY:0.5218726824348772
C_PIECESQUARETABLES:0.4877629623481361
C_MOBILITY:0.4420677824821096
C_KINGSAFETY:0.4195445805191212
C_PAWNSTRUCTURE:0.47280855189129256
C_PIECECOORDINATION:0.5080392729971323
C_ROOKANDPAWNMOVEMENT:0.5080392729971323
C_CENTERCONTROL:0.44682271727364903
C_DEVELOPPIECES:0.523270931534414
C_MATERIAL:0.44631490739560187
C_MOVECOUNT:0.4716559865320495
