ELO:1046
CE_PASSEDPAWNS:0.4936118726401552
CE_PAWNWEAKNESSES:0.48352035199329985
CE_PIECEACTIVITY:0.4801370515053688
CE_KINGPAWNSHIELD:0.5
CE_PIECECOORDINATION:0.526942479293
CE_MATERIAL:0.5024922298471148
CE_KINGSAFETY:0.5
C_PIECESQUARETABLES:0.5
C_MOBILITY:0.5423692736745864
C_KINGSAFETY:0.4811413664804936
C_PAWNSTRUCTURE:0.49718218628047534
C_PIECECOORDINATION:0.5020939457019299
C_ROOK:0.5229196765063503
CE_ROOK:0.4955141820428924
C_CENTERCONTROL:0.4975115328985506
C_DEVELOPPIECES:0.528437156584265
C_MATERIAL:0.47542386456521446
C_MOVECOUNT:0.5012790181746447
C_PAWNMOVEMENT:0.4947520521633653
