ELO:970
CE_PASSEDPAWNS:0.4986842366655686
CE_PAWNWEAKNESSES:0.5199611099778131
CE_PIECEACTIVITY:0.5127768029013323
CE_KINGPAWNSHIELD:0.48238228325070803
CE_PIECECOORDINATION:0.5216715042709258
CE_MATERIAL:0.5157796529314959
CE_KINGSAFETY:0.4689159862146282
C_PIECESQUARETABLES:0.4550816749349962
C_MOBILITY:0.47100473100395324
C_KINGSAFETY:0.49631231116650043
C_PAWNSTRUCTURE:0.49348993804498065
C_PIECECOORDINATION:0.5128447139110974
C_ROOK:0.5033572353127306
CE_ROOK:0.48019083576903515
C_CENTERCONTROL:0.49373353113313867
C_DEVELOPPIECES:0.5123694863266322
C_MATERIAL:0.5185924713021869
C_MOVECOUNT:0.496512148389259
C_PAWNMOVEMENT:0.5156961692909662
