ELO:977
CE_PASSEDPAWNS:0.5249727765236407
CE_PAWNWEAKNESSES:0.46747197070122976
CE_PIECEACTIVITY:0.4991048424178011
CE_KINGPAWNSHIELD:0.4901600774381033
CE_PIECECOORDINATION:0.458810930706375
CE_MATERIAL:0.5040607744168634
CE_KINGSAFETY:0.4931462847150579
C_PIECESQUARETABLES:0.4926228013602013
C_MOBILITY:0.5098611490355985
C_KINGSAFETY:0.49387428115713566
C_PAWNSTRUCTURE:0.49356959613008106
C_PIECECOORDINATION:0.5217947152952399
C_ROOKANDPAWNMOVEMENT:0.5217947152952399
C_CENTERCONTROL:0.5501061494928996
C_DEVELOPPIECES:0.49839452087986597
C_MATERIAL:0.5102985377848356
C_MOVECOUNT:0.5
