ELO:979
CE_PASSEDPAWNS:0.5156150992262968
CE_PAWNWEAKNESSES:0.5391655066827208
CE_PIECEACTIVITY:0.5
CE_KINGPAWNSHIELD:0.49301797131787595
CE_PIECECOORDINATION:0.4978735845526992
CE_MATERIAL:0.5190707827193198
CE_KINGSAFETY:0.5157530548551389
C_PIECESQUARETABLES:0.46566041941735864
C_MOBILITY:0.5039918414608536
C_KINGSAFETY:0.516108473876317
C_PAWNSTRUCTURE:0.4832432119950008
C_PIECECOORDINATION:0.5227662673943385
C_ROOKANDPAWNMOVEMENT:0.5227662673943385
C_CENTERCONTROL:0.502014632828594
C_DEVELOPPIECES:0.5011993742544507
C_MATERIAL:0.5235876730972507
