ELO:916
CE_PASSEDPAWNS:0.47393515760207977
CE_PAWNWEAKNESSES:0.49822751328045634
CE_PIECEACTIVITY:0.5441974339015917
CE_KINGPAWNSHIELD:0.5431944684608322
CE_PIECECOORDINATION:0.49292594235403125
CE_MATERIAL:0.524971671723444
CE_KINGSAFETY:0.47483937432016776
C_PIECESQUARETABLES:0.4988041650941507
C_MOBILITY:0.541480115300848
C_KINGSAFETY:0.48023771640516794
C_PAWNSTRUCTURE:0.5312192785103023
C_PIECECOORDINATION:0.4699783404358613
C_ROOKANDPAWNMOVEMENT:0.4699783404358613
C_CENTERCONTROL:0.4838030716513704
C_DEVELOPPIECES:0.5018162700757929
C_MATERIAL:0.5207286861495128
