ELO:968
CE_PASSEDPAWNS:0.5163593132073219
CE_PAWNWEAKNESSES:0.4974210804296302
CE_PIECEACTIVITY:0.5236375856726234
CE_KINGPAWNSHIELD:0.5
CE_PIECECOORDINATION:0.498533810192525
CE_MATERIAL:0.4970883793261517
CE_KINGSAFETY:0.5075837393020642
C_PIECESQUARETABLES:0.5033059956002787
C_MOBILITY:0.50558725043813
C_KINGSAFETY:0.48057186659622736
C_PAWNSTRUCTURE:0.49280516035912475
C_PIECECOORDINATION:0.4889095801733144
C_ROOKANDPAWNMOVEMENT:0.4889095801733144
C_CENTERCONTROL:0.4970109162445009
C_DEVELOPPIECES:0.5183288921284408
C_MATERIAL:0.5086671426329075
C_MOVECOUNT:0.49512853678188856
