ELO:982
CE_PASSEDPAWNS:0.5241779844498592
CE_PAWNWEAKNESSES:0.47797121041328816
CE_PIECEACTIVITY:0.535550559275031
CE_KINGPAWNSHIELD:0.5107460630347562
CE_PIECECOORDINATION:0.5111850221182964
CE_MATERIAL:0.5072523748275584
CE_KINGSAFETY:0.49240340439575353
C_PIECESQUARETABLES:0.5
C_MOBILITY:0.5025294600740879
C_KINGSAFETY:0.46919587259074197
C_PAWNSTRUCTURE:0.48090057111443385
C_PIECECOORDINATION:0.48167161602652053
C_ROOK:0.5102482931197052
CE_ROOK:0.5213398966099858
C_CENTERCONTROL:0.49767011183686316
C_DEVELOPPIECES:0.4890904064883283
C_MATERIAL:0.4935553773193445
C_MOVECOUNT:0.4887757872424241
C_PAWNMOVEMENT:0.5069387540841809
