ELO:984
CE_PASSEDPAWNS:0.47733940467093783
CE_PAWNWEAKNESSES:0.49821008096431274
CE_PIECEACTIVITY:0.5475943387998052
CE_KINGPAWNSHIELD:0.5014332298671351
CE_PIECECOORDINATION:0.4806107198598638
CE_MATERIAL:0.5081592488623998
CE_KINGSAFETY:0.5
C_PIECESQUARETABLES:0.5
C_MOBILITY:0.5215551601683311
C_KINGSAFETY:0.4914939408191622
C_PAWNSTRUCTURE:0.5158977243887983
C_PIECECOORDINATION:0.48501444095266566
C_ROOKANDPAWNMOVEMENT:0.48501444095266566
C_CENTERCONTROL:0.5368815655173741
C_DEVELOPPIECES:0.5436380464118962
C_MATERIAL:0.4938313396917386
