ELO:982
CE_PASSEDPAWNS:0.5241779844498592
CE_PAWNWEAKNESSES:0.47797121041328816
CE_PIECEACTIVITY:0.535550559275031
CE_KINGPAWNSHIELD:0.5022953805905
CE_PIECECOORDINATION:0.5111850221182964
CE_MATERIAL:0.5180388284789641
CE_KINGSAFETY:0.49038764648325506
C_PIECESQUARETABLES:0.5152737407992896
C_MOBILITY:0.5085995736150078
C_KINGSAFETY:0.4595117226546879
C_PAWNSTRUCTURE:0.48090057111443385
C_PIECECOORDINATION:0.48167161602652053
C_ROOK:0.5102482931197052
CE_ROOK:0.5260176803068787
C_CENTERCONTROL:0.48946096956963636
C_DEVELOPPIECES:0.4890904064883283
C_MATERIAL:0.4935553773193445
C_MOVECOUNT:0.4887757872424241
C_PAWNMOVEMENT:0.5069387540841809
