ELO:1003
CE_PASSEDPAWNS:0.4920896759916136
CE_PAWNWEAKNESSES:0.5151369554337137
CE_PIECEACTIVITY:0.5
CE_KINGPAWNSHIELD:0.49120581731470847
CE_PIECECOORDINATION:0.5054984900123752
CE_MATERIAL:0.5060931186886353
CE_KINGSAFETY:0.5
C_PIECESQUARETABLES:0.5
C_MOBILITY:0.4749484665676211
C_KINGSAFETY:0.5240590034009495
C_PAWNSTRUCTURE:0.5084595362142612
C_PIECECOORDINATION:0.5
C_ROOK:0.5031056924103747
CE_ROOK:0.5222310596759884
C_CENTERCONTROL:0.4529636303463352
C_DEVELOPPIECES:0.5069449826884757
C_MATERIAL:0.5000688632165662
C_MOVECOUNT:0.5281170534686258
C_PAWNMOVEMENT:0.4920975290637494
