ELO:925
CE_PASSEDPAWNS:0.5
CE_PAWNWEAKNESSES:0.5116627581718236
CE_PIECEACTIVITY:0.5745887389776517
CE_KINGPAWNSHIELD:0.5309905097531878
CE_PIECECOORDINATION:0.47649995586000543
CE_MATERIAL:0.430295489690619
CE_KINGSAFETY:0.5
C_PIECESQUARETABLES:0.5
C_MOBILITY:0.6203766461222339
C_KINGSAFETY:0.54442275391403
C_PAWNSTRUCTURE:0.5402429035349409
C_PIECECOORDINATION:0.4735141388030254
C_ROOKANDPAWNMOVEMENT:0.4735141388030254
C_CENTERCONTROL:0.5992163001778463
C_DEVELOPPIECES:0.5424741037797506
C_MATERIAL:0.5428648742572767
C_MOVECOUNT:0.5
