ELO:986
CE_PASSEDPAWNS:0.5095398249650049
CE_PAWNWEAKNESSES:0.5081025396498026
CE_PIECEACTIVITY:0.4934504825487523
CE_KINGPAWNSHIELD:0.49310386913676135
CE_PIECECOORDINATION:0.5104211950566885
CE_MATERIAL:0.5
CE_KINGSAFETY:0.5
C_PIECESQUARETABLES:0.5018035030075082
C_MOBILITY:0.47343811217959014
C_KINGSAFETY:0.5
C_PAWNSTRUCTURE:0.510925316962478
C_PIECECOORDINATION:0.5035947986131473
C_ROOK:0.5098359968820746
CE_ROOK:0.49763281714531626
C_CENTERCONTROL:0.5060304213696423
C_DEVELOPPIECES:0.5
C_MATERIAL:0.4977864615806977
C_MOVECOUNT:0.5030687765565245
C_PAWNMOVEMENT:0.5004872949036355
