ELO:1000
CE_PASSEDPAWNS:0.5216807199463069
CE_PAWNWEAKNESSES:0.49545045676009786
CE_PIECEACTIVITY:0.5193698138055403
CE_KINGPAWNSHIELD:0.5045415232125127
CE_PIECECOORDINATION:0.4506426277683717
CE_MATERIAL:0.4778954716636915
CE_KINGSAFETY:0.4973838486242474
C_PIECESQUARETABLES:0.47012648088202086
C_MOBILITY:0.50426872062189
C_KINGSAFETY:0.5257046454020488
C_PAWNSTRUCTURE:0.476500944686533
C_PIECECOORDINATION:0.5139674399569272
C_ROOKANDPAWNMOVEMENT:0.5139674399569272
C_CENTERCONTROL:0.4875744432263179
C_DEVELOPPIECES:0.5046436911148122
C_MATERIAL:0.477454493070144
