ELO:880
CE_PASSEDPAWNS:0.55847204816639
CE_PAWNWEAKNESSES:0.47743153469399685
CE_PIECEACTIVITY:0.4860341403687068
CE_KINGPAWNSHIELD:0.5543259595965486
CE_PIECECOORDINATION:0.47817902221077935
CE_MATERIAL:0.46933233831992943
CE_KINGSAFETY:0.5131342392699998
C_PIECESQUARETABLES:0.4760238182534326
C_MOBILITY:0.5332935876033507
C_KINGSAFETY:0.48926331985619753
C_PAWNSTRUCTURE:0.4409527160970583
C_PIECECOORDINATION:0.4775335334429124
C_ROOKANDPAWNMOVEMENT:0.4775335334429124
C_CENTERCONTROL:0.4980443297805694
C_DEVELOPPIECES:0.525630267070029
C_MATERIAL:0.5016753965670094
C_MOVECOUNT:0.4765584085153377
