ELO:1000
CE_PASSEDPAWNS:0.47948364562310225
CE_PAWNWEAKNESSES:0.4755525439415068
CE_PIECEACTIVITY:0.5312750096978973
CE_KINGPAWNSHIELD:0.5320840709866749
CE_PIECECOORDINATION:0.5126006180824064
CE_MATERIAL:0.5400239553429771
CE_KINGSAFETY:0.5437081934727683
C_PIECESQUARETABLES:0.5254701964444547
C_MOBILITY:0.522608666236997
C_KINGSAFETY:0.478407357523855
C_PAWNSTRUCTURE:0.5163644056543695
C_PIECECOORDINATION:0.4792818286320755
C_ROOKANDPAWNMOVEMENT:0.4792818286320755
C_CENTERCONTROL:0.5357737908496076
C_DEVELOPPIECES:0.510881050670448
C_MATERIAL:0.5165488103451583
