ELO:1010
CE_PASSEDPAWNS:0.5026713052980661
CE_PAWNWEAKNESSES:0.49519779712999273
CE_PIECEACTIVITY:0.47491812065578
CE_KINGPAWNSHIELD:0.4735940439376194
CE_PIECECOORDINATION:0.5143621151532964
CE_MATERIAL:0.5270184250515543
CE_KINGSAFETY:0.5
C_PIECESQUARETABLES:0.5
C_MOBILITY:0.4979335609091218
C_KINGSAFETY:0.510903434954333
C_PAWNSTRUCTURE:0.5116573707039156
C_PIECECOORDINATION:0.4939065445797985
C_ROOK:0.5025617923368577
CE_ROOK:0.479067990043031
C_CENTERCONTROL:0.523507036819424
C_DEVELOPPIECES:0.47120269052334773
C_MATERIAL:0.5044215888116722
C_MOVECOUNT:0.4806492313286137
C_PAWNMOVEMENT:0.4804229145699416
