ELO:1013
CE_PASSEDPAWNS:0.49804292339932116
CE_PAWNWEAKNESSES:0.49519779712999273
CE_PIECEACTIVITY:0.49870795245963095
CE_KINGPAWNSHIELD:0.49120581731470847
CE_PIECECOORDINATION:0.5054984900123752
CE_MATERIAL:0.5060931186886353
CE_KINGSAFETY:0.5
C_PIECESQUARETABLES:0.5
C_MOBILITY:0.4749484665676211
C_KINGSAFETY:0.5084518352635756
C_PAWNSTRUCTURE:0.49977640932776074
C_PIECECOORDINATION:0.5009852795487845
C_ROOK:0.5031056924103747
CE_ROOK:0.4898928659705995
C_CENTERCONTROL:0.502279832947676
C_DEVELOPPIECES:0.5069449826884757
C_MATERIAL:0.5000688632165662
C_MOVECOUNT:0.49632982623610516
C_PAWNMOVEMENT:0.4920975290637494
