ELO:999
CE_PASSEDPAWNS:0.5
CE_PAWNWEAKNESSES:0.5020059005806569
CE_PIECEACTIVITY:0.5025674697687287
CE_KINGPAWNSHIELD:0.4988282309144874
CE_PIECECOORDINATION:0.5
CE_MATERIAL:0.4919918306528956
CE_KINGSAFETY:0.5123200130701078
C_PIECESQUARETABLES:0.4832453451745949
C_MOBILITY:0.4936635846685881
C_KINGSAFETY:0.5
C_PAWNSTRUCTURE:0.5
C_PIECECOORDINATION:0.5
C_ROOKANDPAWNMOVEMENT:0.5
C_CENTERCONTROL:0.49443885395774534
C_DEVELOPPIECES:0.5
C_MATERIAL:0.5
C_MOVECOUNT:0.5
