ELO:1000
CE_PASSEDPAWNS:0.5
CE_PAWNWEAKNESSES:0.4933253432924943
CE_PIECEACTIVITY:0.5
CE_KINGPAWNSHIELD:0.5
CE_PIECECOORDINATION:0.5
CE_MATERIAL:0.5079018580472491
CE_KINGSAFETY:0.5
C_PIECESQUARETABLES:0.5
C_MOBILITY:0.4927390122953908
C_KINGSAFETY:0.5
C_PAWNSTRUCTURE:0.5
C_PIECECOORDINATION:0.5
C_ROOK:0.5
CE_ROOK:0.5
C_CENTERCONTROL:0.5046005839526742
C_DEVELOPPIECES:0.5
C_MATERIAL:0.5
C_MOVECOUNT:0.4880638375337494
C_PAWNMOVEMENT:0.5
