ELO:981
CE_PASSEDPAWNS:0.5
CE_PAWNWEAKNESSES:0.5106672478162857
CE_PIECEACTIVITY:0.5
CE_KINGPAWNSHIELD:0.5177919070227858
CE_PIECECOORDINATION:0.5288119948172508
CE_MATERIAL:0.5030074122516227
CE_KINGSAFETY:0.510697465862933
C_PIECESQUARETABLES:0.5236399808052176
C_MOBILITY:0.49221271567174624
C_KINGSAFETY:0.4944154294570175
C_PAWNSTRUCTURE:0.49188221098046353
C_PIECECOORDINATION:0.522813131350724
C_ROOKANDPAWNMOVEMENT:0.522813131350724
C_CENTERCONTROL:0.4948122931008532
C_DEVELOPPIECES:0.5246519452508248
C_MATERIAL:0.5054964797693783
