ELO:973
CE_PASSEDPAWNS:0.5184549959882248
CE_PAWNWEAKNESSES:0.49062157946968127
CE_PIECEACTIVITY:0.538928215720274
CE_KINGPAWNSHIELD:0.46653999334364155
CE_PIECECOORDINATION:0.49052101827490413
CE_MATERIAL:0.5151482267914014
CE_KINGSAFETY:0.5
C_PIECESQUARETABLES:0.4917276729737943
C_MOBILITY:0.4744609706892396
C_KINGSAFETY:0.4947091809216972
C_PAWNSTRUCTURE:0.43616088631325617
C_PIECECOORDINATION:0.41569265171522907
C_ROOKANDPAWNMOVEMENT:0.41569265171522907
C_CENTERCONTROL:0.5165191104422613
C_DEVELOPPIECES:0.4355404634114863
C_MATERIAL:0.5009981544661588
