ELO:971
CE_PASSEDPAWNS:0.5141656875965519
CE_PAWNWEAKNESSES:0.5247276743013514
CE_PIECEACTIVITY:0.48961752588690166
CE_KINGPAWNSHIELD:0.4983812704453315
CE_PIECECOORDINATION:0.47498603795912236
CE_MATERIAL:0.5025047566280876
CE_KINGSAFETY:0.49891043353817194
C_PIECESQUARETABLES:0.5087652665108895
C_MOBILITY:0.49211218233688303
C_KINGSAFETY:0.5179719482484985
C_PAWNSTRUCTURE:0.49671727564758433
C_PIECECOORDINATION:0.5011184084502196
C_ROOKANDPAWNMOVEMENT:0.5011184084502196
C_CENTERCONTROL:0.5021754576817636
C_DEVELOPPIECES:0.49854133113615795
C_MATERIAL:0.4806233081629011
C_MOVECOUNT:0.5
