ELO:940
CE_PASSEDPAWNS:0.46170928971738084
CE_PAWNWEAKNESSES:0.49049092477291023
CE_PIECEACTIVITY:0.5637572095834071
CE_KINGPAWNSHIELD:0.5182203467750854
CE_PIECECOORDINATION:0.492149093169118
CE_MATERIAL:0.5047079086607069
CE_KINGSAFETY:0.5100176247540733
C_PIECESQUARETABLES:0.4796694440472529
C_MOBILITY:0.5360482227165161
C_KINGSAFETY:0.5082462597907775
C_PAWNSTRUCTURE:0.500249389274488
C_PIECECOORDINATION:0.5064489905920683
C_ROOKANDPAWNMOVEMENT:0.5064489905920683
C_CENTERCONTROL:0.5023990422816654
C_DEVELOPPIECES:0.5299766025649648
C_MATERIAL:0.5444036469933998
