ELO:966
CE_PASSEDPAWNS:0.5017005965893168
CE_PAWNWEAKNESSES:0.5034679160517364
CE_PIECEACTIVITY:0.5
CE_KINGPAWNSHIELD:0.5154715568493253
CE_PIECECOORDINATION:0.4970621243760111
CE_MATERIAL:0.5077116897199258
CE_KINGSAFETY:0.509892550483553
C_PIECESQUARETABLES:0.5
C_MOBILITY:0.49892759936396114
C_KINGSAFETY:0.4971524560461501
C_PAWNSTRUCTURE:0.502879120860035
C_PIECECOORDINATION:0.5
C_ROOKANDPAWNMOVEMENT:0.5
C_CENTERCONTROL:0.4894539761338234
C_DEVELOPPIECES:0.5009046871598661
C_MATERIAL:0.500589618188738
C_MOVECOUNT:0.5111341759973064
