ELO:984
CE_PASSEDPAWNS:0.47367088845350896
CE_PAWNWEAKNESSES:0.47420660086451927
CE_PIECEACTIVITY:0.5043163409532182
CE_KINGPAWNSHIELD:0.5103321759193968
CE_PIECECOORDINATION:0.4862675375342236
CE_MATERIAL:0.47111829756945356
CE_KINGSAFETY:0.5000976529492103
C_PIECESQUARETABLES:0.49322083033748165
C_MOBILITY:0.5140483823372182
C_KINGSAFETY:0.47410255362576315
C_PAWNSTRUCTURE:0.4877211438988972
C_PIECECOORDINATION:0.49378893630722864
C_ROOK:0.501276937388392
CE_ROOK:0.5423243905442681
C_CENTERCONTROL:0.5104120867199715
C_DEVELOPPIECES:0.46945255174523265
C_MATERIAL:0.49816118069663184
C_MOVECOUNT:0.4827078409043681
C_PAWNMOVEMENT:0.5078320073951574
