ELO:876
CE_PASSEDPAWNS:0.5187062046167296
CE_PAWNWEAKNESSES:0.3292267215816808
CE_PIECEACTIVITY:0.5792365946174434
CE_KINGPAWNSHIELD:0.6638623218255866
CE_PIECECOORDINATION:0.47908732428731277
CE_MATERIAL:0.6704482679535166
CE_KINGSAFETY:0.4853316981994966
C_PIECESQUARETABLES:0.5043666328994221
C_MOBILITY:0.5134572440380566
C_KINGSAFETY:0.4903783400647986
C_PAWNSTRUCTURE:0.3967933842717805
C_PIECECOORDINATION:0.4565217227912144
C_ROOKANDPAWNMOVEMENT:0.4565217227912144
C_CENTERCONTROL:0.6568883814767783
C_DEVELOPPIECES:0.5053548770152303
C_MATERIAL:0.5599441076977129
