ELO:987
CE_PASSEDPAWNS:0.5096459113136755
CE_PAWNWEAKNESSES:0.5123301269997748
CE_PIECEACTIVITY:0.5303729236922708
CE_KINGPAWNSHIELD:0.45902006357737346
CE_PIECECOORDINATION:0.4915475856486954
CE_MATERIAL:0.49487062164384615
CE_KINGSAFETY:0.5056165576676571
C_PIECESQUARETABLES:0.49680879638278197
C_MOBILITY:0.45303502942954404
C_KINGSAFETY:0.45981350885867045
C_PAWNSTRUCTURE:0.454406903120846
C_PIECECOORDINATION:0.41898951019917324
C_ROOKANDPAWNMOVEMENT:0.41898951019917324
C_CENTERCONTROL:0.5302724924464972
C_DEVELOPPIECES:0.4305346243283753
C_MATERIAL:0.48597873513951306
