ELO:958
CE_PASSEDPAWNS:0.513735531298383
CE_PAWNWEAKNESSES:0.4810750398763996
CE_PIECEACTIVITY:0.544808869208465
CE_KINGPAWNSHIELD:0.49964351924482875
CE_PIECECOORDINATION:0.5111850221182964
CE_MATERIAL:0.5195571565233029
CE_KINGSAFETY:0.49038764648325506
C_PIECESQUARETABLES:0.5130516728333273
C_MOBILITY:0.5175398558757112
C_KINGSAFETY:0.4595117226546879
C_PAWNSTRUCTURE:0.48090057111443385
C_PIECECOORDINATION:0.48940866040619724
C_ROOK:0.5037121510877403
CE_ROOK:0.5156859896233764
C_CENTERCONTROL:0.4924985537111163
C_DEVELOPPIECES:0.48417342031584115
C_MATERIAL:0.4995679215959256
C_MOVECOUNT:0.4887757872424241
C_PAWNMOVEMENT:0.5069387540841809
