ELO:1000
CE_PASSEDPAWNS:0.4900739557549462
CE_PAWNWEAKNESSES:0.4889964158801926
CE_PIECEACTIVITY:0.5098310552861217
CE_KINGPAWNSHIELD:0.4865236755498167
CE_PIECECOORDINATION:0.502682449997386
CE_MATERIAL:0.5038054448739858
CE_KINGSAFETY:0.5132563675768091
C_PIECESQUARETABLES:0.5182790843368457
C_MOBILITY:0.5243059735605738
C_KINGSAFETY:0.5106877273929848
C_PAWNSTRUCTURE:0.49810150623915483
C_PIECECOORDINATION:0.4611673953610166
C_ROOKANDPAWNMOVEMENT:0.4611673953610166
C_CENTERCONTROL:0.5257778822833538
C_DEVELOPPIECES:0.48110774602516654
C_MATERIAL:0.5182423371383174
