ELO:791
CE_PASSEDPAWNS:0.4626038223947648
CE_PAWNWEAKNESSES:0.6392915075651059
CE_PIECEACTIVITY:0.5061477789191946
CE_KINGPAWNSHIELD:0.5733343594601285
CE_PIECECOORDINATION:0.5837439396996281
CE_MATERIAL:0.5556540937412551
CE_KINGSAFETY:0.5070609769638579
C_PIECESQUARETABLES:0.4651947702869464
C_MOBILITY:0.4994730042865612
C_KINGSAFETY:0.4910924368276164
C_PAWNSTRUCTURE:0.4753815799063147
C_PIECECOORDINATION:0.4864537216397001
C_ROOKANDPAWNMOVEMENT:0.4864537216397001
C_CENTERCONTROL:0.541088844018375
C_DEVELOPPIECES:0.5108620717254775
C_MATERIAL:0.48940760212539325
C_MOVECOUNT:0.5
