ELO:1000
CE_PASSEDPAWNS:0.5408378784876928
CE_PAWNWEAKNESSES:0.49501161570177943
CE_PIECEACTIVITY:0.43359272893122647
CE_KINGPAWNSHIELD:0.5213675537513437
CE_PIECECOORDINATION:0.49434222145123485
CE_MATERIAL:0.5056790314622037
CE_KINGSAFETY:0.5551269333701956
C_PIECESQUARETABLES:0.5015900006115315
C_MOBILITY:0.4837521061790648
C_KINGSAFETY:0.5014475606347791
C_PAWNSTRUCTURE:0.4913223990198325
C_PIECECOORDINATION:0.44628235520500237
C_ROOKANDPAWNMOVEMENT:0.44628235520500237
C_CENTERCONTROL:0.464330611964331
C_DEVELOPPIECES:0.5048503540689506
C_MATERIAL:0.5008014812727519
