ELO:1022
CE_PASSEDPAWNS:0.4830823450993661
CE_PAWNWEAKNESSES:0.4548509697315014
CE_PIECEACTIVITY:0.536126537828116
CE_KINGPAWNSHIELD:0.5170938629885469
CE_PIECECOORDINATION:0.5114344105562015
CE_MATERIAL:0.48739360941488546
CE_KINGSAFETY:0.5
C_PIECESQUARETABLES:0.5
C_MOBILITY:0.5080002006717624
C_KINGSAFETY:0.5028292516083968
C_PAWNSTRUCTURE:0.5065776296545235
C_PIECECOORDINATION:0.5108479716225487
C_ROOK:0.5
CE_ROOK:0.5057337175583507
C_CENTERCONTROL:0.47546309063142794
C_DEVELOPPIECES:0.5191417892675573
C_MATERIAL:0.49078819918661126
C_MOVECOUNT:0.4984823842569433
C_PAWNMOVEMENT:0.4844584732951027
