ELO:945
CE_PASSEDPAWNS:0.5061461179282319
CE_PAWNWEAKNESSES:0.4764476526592561
CE_PIECEACTIVITY:0.48797675390466866
CE_KINGPAWNSHIELD:0.4697434623045399
CE_PIECECOORDINATION:0.5487248084960544
CE_MATERIAL:0.5031236047857505
CE_KINGSAFETY:0.4888339233596089
C_PIECESQUARETABLES:0.5152925456057724
C_MOBILITY:0.4808878767465674
C_KINGSAFETY:0.419254149665004
C_PAWNSTRUCTURE:0.44057206455638953
C_PIECECOORDINATION:0.39407093446981367
C_ROOKANDPAWNMOVEMENT:0.39407093446981367
C_CENTERCONTROL:0.39310318467496047
C_DEVELOPPIECES:0.5679365969987279
C_MATERIAL:0.364487018364181
