ELO:1047
CE_PASSEDPAWNS:0.45396340128662827
CE_PAWNWEAKNESSES:0.5
CE_PIECEACTIVITY:0.5
CE_KINGPAWNSHIELD:0.4888918305924861
CE_PIECECOORDINATION:0.5
CE_MATERIAL:0.5011882206862669
CE_KINGSAFETY:0.5
C_PIECESQUARETABLES:0.5
C_MOBILITY:0.5133945074135239
C_KINGSAFETY:0.5039191373526382
C_PAWNSTRUCTURE:0.5065341714168775
C_PIECECOORDINATION:0.5109841086042487
C_ROOKANDPAWNMOVEMENT:0.5109841086042487
C_CENTERCONTROL:0.49632149067400677
C_DEVELOPPIECES:0.517689459360272
C_MATERIAL:0.5
C_MOVECOUNT:0.5
