ELO:1039
CE_PASSEDPAWNS:0.5
CE_PAWNWEAKNESSES:0.5115748595808388
CE_PIECEACTIVITY:0.5
CE_KINGPAWNSHIELD:0.5038321551595335
CE_PIECECOORDINATION:0.5101977157863997
CE_MATERIAL:0.5
CE_KINGSAFETY:0.5
C_PIECESQUARETABLES:0.5
C_MOBILITY:0.5
C_KINGSAFETY:0.5
C_PAWNSTRUCTURE:0.5043640568880551
C_PIECECOORDINATION:0.49279988688705834
C_ROOKANDPAWNMOVEMENT:0.49279988688705834
C_CENTERCONTROL:0.5
C_DEVELOPPIECES:0.5
C_MATERIAL:0.5082607475591314
C_MOVECOUNT:0.5
