ELO:975
CE_PASSEDPAWNS:0.49946045923562954
CE_PAWNWEAKNESSES:0.5033611919449317
CE_PIECEACTIVITY:0.4966239064911195
CE_KINGPAWNSHIELD:0.48781218912906904
CE_PIECECOORDINATION:0.5067603321699508
CE_MATERIAL:0.5
CE_KINGSAFETY:0.5035369614640034
C_PIECESQUARETABLES:0.5106620842660409
C_MOBILITY:0.5
C_KINGSAFETY:0.5
C_PAWNSTRUCTURE:0.5020705583778603
C_PIECECOORDINATION:0.49881352317712324
C_ROOKANDPAWNMOVEMENT:0.49881352317712324
C_CENTERCONTROL:0.505218771506728
C_DEVELOPPIECES:0.5
C_MATERIAL:0.5
C_MOVECOUNT:0.5110424446446068
