ELO:1008
CE_PASSEDPAWNS:0.5
CE_PAWNWEAKNESSES:0.508957161087916
CE_PIECEACTIVITY:0.4943332666907198
CE_KINGPAWNSHIELD:0.5142653329978302
CE_PIECECOORDINATION:0.5009427473807805
CE_MATERIAL:0.5
CE_KINGSAFETY:0.5
C_PIECESQUARETABLES:0.5
C_MOBILITY:0.5080002006717624
C_KINGSAFETY:0.5080434949944064
C_PAWNSTRUCTURE:0.4634524577861632
C_PIECECOORDINATION:0.5128868997623572
C_ROOK:0.49634645325755944
CE_ROOK:0.4814625853181572
C_CENTERCONTROL:0.5008749644328411
C_DEVELOPPIECES:0.4827476482380969
C_MATERIAL:0.5252441272845891
C_MOVECOUNT:0.5
C_PAWNMOVEMENT:0.49482089210243535
