ELO:821
CE_PASSEDPAWNS:0.479599133377808
CE_PAWNWEAKNESSES:0.6058279581812535
CE_PIECEACTIVITY:0.46079374216542135
CE_KINGPAWNSHIELD:0.5709615639696007
CE_PIECECOORDINATION:0.5739884361490936
CE_MATERIAL:0.5164583535559776
CE_KINGSAFETY:0.5110297978278875
C_PIECESQUARETABLES:0.49307856826360635
C_MOBILITY:0.5036670089565766
C_KINGSAFETY:0.496463364509911
C_PAWNSTRUCTURE:0.48281627825978424
C_PIECECOORDINATION:0.4627519054540144
C_ROOKANDPAWNMOVEMENT:0.4627519054540144
C_CENTERCONTROL:0.5276995536962064
C_DEVELOPPIECES:0.5235827300016627
C_MATERIAL:0.478261908859378
C_MOVECOUNT:0.5
