ELO:741
CE_PASSEDPAWNS:0.5068091260861666
CE_PAWNWEAKNESSES:0.6081658423295787
CE_PIECEACTIVITY:0.5038780246930582
CE_KINGPAWNSHIELD:0.5830282790371848
CE_PIECECOORDINATION:0.667890535358868
CE_MATERIAL:0.5139632488706753
CE_KINGSAFETY:0.4929830272072712
C_PIECESQUARETABLES:0.5094122955554468
C_MOBILITY:0.5190431751819522
C_KINGSAFETY:0.536402527319259
C_PAWNSTRUCTURE:0.3983509646215577
C_PIECECOORDINATION:0.4292238256631554
C_ROOKANDPAWNMOVEMENT:0.4292238256631554
C_CENTERCONTROL:0.5132160295624895
C_DEVELOPPIECES:0.4641472629204707
C_MATERIAL:0.5778208623244074
C_MOVECOUNT:0.5089344078850454
