ELO:981
CE_PASSEDPAWNS:0.5107007667870007
CE_PAWNWEAKNESSES:0.4885491118509671
CE_PIECEACTIVITY:0.5244775263078857
CE_KINGPAWNSHIELD:0.45777787549850346
CE_PIECECOORDINATION:0.47887123604840587
CE_MATERIAL:0.511312259614483
CE_KINGSAFETY:0.5619143106475164
C_PIECESQUARETABLES:0.41904262015553234
C_MOBILITY:0.48117931358050653
C_KINGSAFETY:0.4422866091352005
C_PAWNSTRUCTURE:0.45092031935174726
C_PIECECOORDINATION:0.4434358911991174
C_ROOKANDPAWNMOVEMENT:0.4434358911991174
C_CENTERCONTROL:0.44107520036821696
C_DEVELOPPIECES:0.5178186890376162
C_MATERIAL:0.418055588991568
