ELO:977
CE_PASSEDPAWNS:0.49608725770142625
CE_PAWNWEAKNESSES:0.49167375910070366
CE_PIECEACTIVITY:0.47501181318407665
CE_KINGPAWNSHIELD:0.506237781819266
CE_PIECECOORDINATION:0.5296071187250326
CE_MATERIAL:0.4761850145418101
CE_KINGSAFETY:0.5140365339030439
C_PIECESQUARETABLES:0.48019452433723797
C_MOBILITY:0.49600027473233604
C_KINGSAFETY:0.5122887901214692
C_PAWNSTRUCTURE:0.5156777736649379
C_PIECECOORDINATION:0.490980621468449
C_ROOKANDPAWNMOVEMENT:0.490980621468449
C_CENTERCONTROL:0.49415742961318143
C_DEVELOPPIECES:0.5055993444015277
C_MATERIAL:0.48636365081558264
C_MOVECOUNT:0.5024389340796389
