ELO:1017
CE_PASSEDPAWNS:0.49967113230484955
CE_PAWNWEAKNESSES:0.49993767817698526
CE_PIECEACTIVITY:0.5
CE_KINGPAWNSHIELD:0.5122731711401619
CE_PIECECOORDINATION:0.49768987446440444
CE_MATERIAL:0.5214958727162444
CE_KINGSAFETY:0.5
C_PIECESQUARETABLES:0.5
C_MOBILITY:0.5035823562024039
C_KINGSAFETY:0.4954925610415995
C_PAWNSTRUCTURE:0.5107544567393251
C_PIECECOORDINATION:0.5
C_ROOKANDPAWNMOVEMENT:0.5
C_CENTERCONTROL:0.4958322774263885
C_DEVELOPPIECES:0.4881130030967431
C_MATERIAL:0.4953988096399195
C_MOVECOUNT:0.5
