ELO:936
CE_PASSEDPAWNS:0.5307647075015072
CE_PAWNWEAKNESSES:0.4868370390430579
CE_PIECEACTIVITY:0.48954065899772287
CE_KINGPAWNSHIELD:0.4687749040880519
CE_PIECECOORDINATION:0.5487248084960544
CE_MATERIAL:0.5157423922185771
CE_KINGSAFETY:0.47318044786560987
C_PIECESQUARETABLES:0.4781427334465971
C_MOBILITY:0.46411661570672247
C_KINGSAFETY:0.41301125514653175
C_PAWNSTRUCTURE:0.4323864792536632
C_PIECECOORDINATION:0.4045068483619169
C_ROOKANDPAWNMOVEMENT:0.4045068483619169
C_CENTERCONTROL:0.38829841713671903
C_DEVELOPPIECES:0.5730729741634832
C_MATERIAL:0.35988631282647743
