ELO:940
CE_PASSEDPAWNS:0.5238652720710187
CE_PAWNWEAKNESSES:0.49284898056160326
CE_PIECEACTIVITY:0.4797300817783059
CE_KINGPAWNSHIELD:0.4772323546336796
CE_PIECECOORDINATION:0.5431573603277535
CE_MATERIAL:0.5196421665997794
CE_KINGSAFETY:0.4711987320248291
C_PIECESQUARETABLES:0.4957665027897985
C_MOBILITY:0.46098387114087963
C_KINGSAFETY:0.395851969589056
C_PAWNSTRUCTURE:0.4370604223799231
C_PIECECOORDINATION:0.4091329390753414
C_ROOKANDPAWNMOVEMENT:0.4091329390753414
C_CENTERCONTROL:0.3900610757598848
C_DEVELOPPIECES:0.5506981047706769
C_MATERIAL:0.3720282419735796
