ELO:763
CE_PASSEDPAWNS:0.46922844750925774
CE_PAWNWEAKNESSES:0.6330621923723809
CE_PIECEACTIVITY:0.5233209965080197
CE_KINGPAWNSHIELD:0.5981376120341655
CE_PIECECOORDINATION:0.5757020234498242
CE_MATERIAL:0.5421098680294232
CE_KINGSAFETY:0.5059914729552972
C_PIECESQUARETABLES:0.4513367933837728
C_MOBILITY:0.5088762172923788
C_KINGSAFETY:0.5049094543979179
C_PAWNSTRUCTURE:0.4548398116153971
C_PIECECOORDINATION:0.4642648431714716
C_ROOKANDPAWNMOVEMENT:0.4642648431714716
C_CENTERCONTROL:0.5184306175950943
C_DEVELOPPIECES:0.5051767203813631
C_MATERIAL:0.4928318282171601
C_MOVECOUNT:0.5
