ELO:779
CE_PASSEDPAWNS:0.4520730837629627
CE_PAWNWEAKNESSES:0.6057386872403909
CE_PIECEACTIVITY:0.50522772413052
CE_KINGPAWNSHIELD:0.5671379138102978
CE_PIECECOORDINATION:0.5805651875995109
CE_MATERIAL:0.5468941200876576
CE_KINGSAFETY:0.5349673135203868
C_PIECESQUARETABLES:0.4622860547463673
C_MOBILITY:0.4976023016353494
C_KINGSAFETY:0.5096368144539685
C_PAWNSTRUCTURE:0.4823368501364105
C_PIECECOORDINATION:0.46621118400563205
C_ROOKANDPAWNMOVEMENT:0.46621118400563205
C_CENTERCONTROL:0.5303437935101674
C_DEVELOPPIECES:0.49280759885269715
C_MATERIAL:0.4738149013593867
C_MOVECOUNT:0.5
