ELO:1000
CE_PASSEDPAWNS:0.4987528433312429
CE_PAWNWEAKNESSES:0.4240213556302276
CE_PIECEACTIVITY:0.4996780479604255
CE_KINGPAWNSHIELD:0.4842339304611605
CE_PIECECOORDINATION:0.47798248912413355
CE_MATERIAL:0.49441865791330764
CE_KINGSAFETY:0.5172523217487799
C_PIECESQUARETABLES:0.49080641296896593
C_MOBILITY:0.543013269544218
C_KINGSAFETY:0.49666390064950244
C_PAWNSTRUCTURE:0.4309669599276052
C_PIECECOORDINATION:0.4428494615018398
C_ROOKANDPAWNMOVEMENT:0.4428494615018398
C_CENTERCONTROL:0.4713468124895182
C_DEVELOPPIECES:0.5315905923668075
C_MATERIAL:0.4391510073348494
