ELO:966
CE_PASSEDPAWNS:0.4711748977232033
CE_PAWNWEAKNESSES:0.49766463314888293
CE_PIECEACTIVITY:0.47714460070664894
CE_KINGPAWNSHIELD:0.5017366775513653
CE_PIECECOORDINATION:0.46087482289101556
CE_MATERIAL:0.5029161505625619
CE_KINGSAFETY:0.5046397315626511
C_PIECESQUARETABLES:0.5372579414900722
C_MOBILITY:0.47823985273399067
C_KINGSAFETY:0.5026253391166915
C_PAWNSTRUCTURE:0.48057529214845396
C_PIECECOORDINATION:0.5098117452204761
C_ROOKANDPAWNMOVEMENT:0.5098117452204761
C_CENTERCONTROL:0.5003841519536244
C_DEVELOPPIECES:0.4875837311008909
C_MATERIAL:0.5102655833346988
