ELO:961
CE_PASSEDPAWNS:0.47240638917316835
CE_PAWNWEAKNESSES:0.48310299098099235
CE_PIECEACTIVITY:0.49005422986365854
CE_KINGPAWNSHIELD:0.5083946540961664
CE_PIECECOORDINATION:0.49610355308589543
CE_MATERIAL:0.4953806104565507
CE_KINGSAFETY:0.5204247745139253
C_PIECESQUARETABLES:0.5049857776232981
C_MOBILITY:0.5364563614185353
C_KINGSAFETY:0.5280009816419874
C_PAWNSTRUCTURE:0.4999448513108656
C_PIECECOORDINATION:0.5161546469651777
C_ROOKANDPAWNMOVEMENT:0.5161546469651777
C_CENTERCONTROL:0.5055481397713615
C_DEVELOPPIECES:0.49065438543384693
C_MATERIAL:0.4694666152114321
C_MOVECOUNT:0.5
