ELO:947
CE_PASSEDPAWNS:0.49995205594008024
CE_PAWNWEAKNESSES:0.5057650824030788
CE_PIECEACTIVITY:0.4186420042887794
CE_KINGPAWNSHIELD:0.515244045874624
CE_PIECECOORDINATION:0.48800548257294785
CE_MATERIAL:0.5328519976838776
CE_KINGSAFETY:0.5409080090036713
C_PIECESQUARETABLES:0.5089473794232775
C_MOBILITY:0.5417134977373875
C_KINGSAFETY:0.46496399833645113
C_PAWNSTRUCTURE:0.5096835060616715
C_PIECECOORDINATION:0.5142179312646059
C_ROOKANDPAWNMOVEMENT:0.5142179312646059
C_CENTERCONTROL:0.3965608182211683
C_DEVELOPPIECES:0.5983807999719154
C_MATERIAL:0.509076797659448
