ELO:1001
CE_PASSEDPAWNS:0.5163565444381443
CE_PAWNWEAKNESSES:0.4947179547779086
CE_PIECEACTIVITY:0.4930891682575395
CE_KINGPAWNSHIELD:0.511583631151498
CE_PIECECOORDINATION:0.5143995314177569
CE_MATERIAL:0.5003072370647942
CE_KINGSAFETY:0.49602169136811025
C_PIECESQUARETABLES:0.5
C_MOBILITY:0.5176628714258021
C_KINGSAFETY:0.532139762850973
C_PAWNSTRUCTURE:0.48412695891234964
C_PIECECOORDINATION:0.5120601343050147
C_ROOK:0.49755464365779567
CE_ROOK:0.5182690383770185
C_CENTERCONTROL:0.49002094731559065
C_DEVELOPPIECES:0.4903803641151362
C_MATERIAL:0.5095960540356872
C_MOVECOUNT:0.5064099518986085
C_PAWNMOVEMENT:0.48112404594293534
