ELO:1019
CE_PASSEDPAWNS:0.6325589854152013
CE_PAWNWEAKNESSES:0.4980691265910444
CE_PIECEACTIVITY:0.5005475522885491
CE_KINGPAWNSHIELD:0.46027505226530263
CE_PIECECOORDINATION:0.4505049803946015
CE_MATERIAL:0.43399467293971605
CE_KINGSAFETY:0.5012512958019392
C_PIECESQUARETABLES:0.5024729071389764
C_MOBILITY:0.4161030224434607
C_KINGSAFETY:0.47309994404416483
C_PAWNSTRUCTURE:0.3812734513667698
C_PIECECOORDINATION:0.52345892974477
C_ROOKANDPAWNMOVEMENT:0.52345892974477
C_CENTERCONTROL:0.5568820100451894
C_DEVELOPPIECES:0.5753034274292201
C_MATERIAL:0.43396176565626854
