ELO:924
CE_PASSEDPAWNS:0.5217636050734664
CE_PAWNWEAKNESSES:0.4630667126804794
CE_PIECEACTIVITY:0.49987537310345503
CE_KINGPAWNSHIELD:0.5003428169696226
CE_PIECECOORDINATION:0.5617167252450628
CE_MATERIAL:0.5150138100296361
CE_KINGSAFETY:0.4888344126164559
C_PIECESQUARETABLES:0.5037853072141979
C_MOBILITY:0.49105164349032326
C_KINGSAFETY:0.4132564993719826
C_PAWNSTRUCTURE:0.41929534633391785
C_PIECECOORDINATION:0.374082154482331
C_ROOKANDPAWNMOVEMENT:0.374082154482331
C_CENTERCONTROL:0.3621285421480436
C_DEVELOPPIECES:0.5464099885851709
C_MATERIAL:0.4023400196991315
