ELO:996
CE_PASSEDPAWNS:0.5049576047416146
CE_PAWNWEAKNESSES:0.5128889835512717
CE_PIECEACTIVITY:0.5975814565428466
CE_KINGPAWNSHIELD:0.4076561608377238
CE_PIECECOORDINATION:0.4492853841803566
CE_MATERIAL:0.5030403841932721
CE_KINGSAFETY:0.5
C_PIECESQUARETABLES:0.4959178287722772
C_MOBILITY:0.580479941274235
C_KINGSAFETY:0.519151789105757
C_PAWNSTRUCTURE:0.3050864386144053
C_PIECECOORDINATION:0.5562674503149065
C_ROOKANDPAWNMOVEMENT:0.5562674503149065
C_CENTERCONTROL:0.3838395752628605
C_DEVELOPPIECES:0.5933423053266473
C_MATERIAL:0.5879960336527592
