ELO:999
CE_PASSEDPAWNS:0.4961852271608913
CE_PAWNWEAKNESSES:0.4336422758854698
CE_PIECEACTIVITY:0.5036537939335513
CE_KINGPAWNSHIELD:0.48758755229245965
CE_PIECECOORDINATION:0.4921396085797144
CE_MATERIAL:0.49313792521433847
CE_KINGSAFETY:0.5158546726622907
C_PIECESQUARETABLES:0.46627170019791675
C_MOBILITY:0.5252534400414753
C_KINGSAFETY:0.4668640419775041
C_PAWNSTRUCTURE:0.41838832897700146
C_PIECECOORDINATION:0.45632387937639557
C_ROOKANDPAWNMOVEMENT:0.45632387937639557
C_CENTERCONTROL:0.4620876068083649
C_DEVELOPPIECES:0.5429416913041282
C_MATERIAL:0.43921667060518066
