ELO:999
CE_PASSEDPAWNS:0.5052864890837595
CE_PAWNWEAKNESSES:0.482673552856667
CE_PIECEACTIVITY:0.48101245030467044
CE_KINGPAWNSHIELD:0.4836356067070828
CE_PIECECOORDINATION:0.49322372542207593
CE_MATERIAL:0.5115505100576889
CE_KINGSAFETY:0.5
C_PIECESQUARETABLES:0.5
C_MOBILITY:0.5114477295207426
C_KINGSAFETY:0.4954889498531705
C_PAWNSTRUCTURE:0.5048714773157676
C_PIECECOORDINATION:0.5162539104650914
C_ROOK:0.496266584649756
CE_ROOK:0.4721512202863491
C_CENTERCONTROL:0.4955996416714282
C_DEVELOPPIECES:0.5034300072679732
C_MATERIAL:0.5177632077655744
C_MOVECOUNT:0.5118412036659605
C_PAWNMOVEMENT:0.49601948693233716
