ELO:938
CE_PASSEDPAWNS:0.45314611235422864
CE_PAWNWEAKNESSES:0.5699856438397292
CE_PIECEACTIVITY:0.4561051294118632
CE_KINGPAWNSHIELD:0.5230069130299144
CE_PIECECOORDINATION:0.5624050246286604
CE_MATERIAL:0.538754248394312
CE_KINGSAFETY:0.5220858948872759
C_PIECESQUARETABLES:0.46152031541204436
C_MOBILITY:0.48869691932103365
C_KINGSAFETY:0.5640037284657623
C_PAWNSTRUCTURE:0.4014850420713917
C_PIECECOORDINATION:0.452010448820472
C_ROOKANDPAWNMOVEMENT:0.452010448820472
C_CENTERCONTROL:0.46921044205326146
C_DEVELOPPIECES:0.4385329645234001
C_MATERIAL:0.5755436817051263
