ELO:1022
CE_PASSEDPAWNS:0.46222242138404146
CE_PAWNWEAKNESSES:0.5157600989488644
CE_PIECEACTIVITY:0.536126537828116
CE_KINGPAWNSHIELD:0.5325070833713661
CE_PIECECOORDINATION:0.5135191622050275
CE_MATERIAL:0.48739360941488546
CE_KINGSAFETY:0.5
C_PIECESQUARETABLES:0.5
C_MOBILITY:0.5011218318521301
C_KINGSAFETY:0.5028292516083968
C_PAWNSTRUCTURE:0.524334623024627
C_PIECECOORDINATION:0.5108479716225487
C_ROOK:0.5
CE_ROOK:0.5221912629796174
C_CENTERCONTROL:0.5
C_DEVELOPPIECES:0.5191417892675573
C_MATERIAL:0.49078819918661126
C_MOVECOUNT:0.5281170534686258
C_PAWNMOVEMENT:0.44915453027720387
