ELO:997
CE_PASSEDPAWNS:0.5075178636768919
CE_PAWNWEAKNESSES:0.46486273849605975
CE_PIECEACTIVITY:0.5056510145466128
CE_KINGPAWNSHIELD:0.4076561608377238
CE_PIECECOORDINATION:0.44538019471221774
CE_MATERIAL:0.5727135862848416
CE_KINGSAFETY:0.5059783216137445
C_PIECESQUARETABLES:0.5
C_MOBILITY:0.49816549280442246
C_KINGSAFETY:0.5133427642127142
C_PAWNSTRUCTURE:0.5006281247243053
C_PIECECOORDINATION:0.5264757932866189
C_ROOKANDPAWNMOVEMENT:0.5264757932866189
C_CENTERCONTROL:0.3976101602692124
C_DEVELOPPIECES:0.5528173797779841
C_MATERIAL:0.5866536899795093
