ELO:996
CE_PASSEDPAWNS:0.5077991086256463
CE_PAWNWEAKNESSES:0.44542974891888637
CE_PIECEACTIVITY:0.5975814565428466
CE_KINGPAWNSHIELD:0.5599465954910741
CE_PIECECOORDINATION:0.44538019471221774
CE_MATERIAL:0.5561775794490093
CE_KINGSAFETY:0.5038510061108074
C_PIECESQUARETABLES:0.4986329310379818
C_MOBILITY:0.4868002138000008
C_KINGSAFETY:0.5555396845641076
C_PAWNSTRUCTURE:0.5045407367719222
C_PIECECOORDINATION:0.5235184679838126
C_ROOKANDPAWNMOVEMENT:0.5235184679838126
C_CENTERCONTROL:0.3791738811592719
C_DEVELOPPIECES:0.49254214530803253
C_MATERIAL:0.5829297436143831
