ELO:976
CE_PASSEDPAWNS:0.5087049729288043
CE_PAWNWEAKNESSES:0.4849891272894844
CE_PIECEACTIVITY:0.5097644129418394
CE_KINGPAWNSHIELD:0.5
CE_PIECECOORDINATION:0.49610355308589543
CE_MATERIAL:0.49135121860253855
CE_KINGSAFETY:0.5204247745139253
C_PIECESQUARETABLES:0.5353427661126469
C_MOBILITY:0.5330400546559879
C_KINGSAFETY:0.5280009816419874
C_PAWNSTRUCTURE:0.5
C_PIECECOORDINATION:0.5258657144759208
C_ROOKANDPAWNMOVEMENT:0.5258657144759208
C_CENTERCONTROL:0.5198575665455137
C_DEVELOPPIECES:0.47903757442662
C_MATERIAL:0.4694666152114321
C_MOVECOUNT:0.5
