ELO:986
CE_PASSEDPAWNS:0.5223467026670572
CE_PAWNWEAKNESSES:0.4523250712216591
CE_PIECEACTIVITY:0.4223356754098152
CE_KINGPAWNSHIELD:0.5645836390105076
CE_PIECECOORDINATION:0.46651645318934265
CE_MATERIAL:0.5233185926483003
CE_KINGSAFETY:0.47562631014441165
C_PIECESQUARETABLES:0.4793780279256495
C_MOBILITY:0.5131918086152071
C_KINGSAFETY:0.4893766718399635
C_PAWNSTRUCTURE:0.5245543779365942
C_PIECECOORDINATION:0.4994667334380763
C_ROOKANDPAWNMOVEMENT:0.4994667334380763
C_CENTERCONTROL:0.45278732823381135
C_DEVELOPPIECES:0.551297409600484
C_MATERIAL:0.514146095655204
