ELO:1032
CE_PASSEDPAWNS:0.4878745677300392
CE_PAWNWEAKNESSES:0.5
CE_PIECEACTIVITY:0.4853603074012873
CE_KINGPAWNSHIELD:0.5089916107534054
CE_PIECECOORDINATION:0.5076500950038051
CE_MATERIAL:0.5033072166732153
CE_KINGSAFETY:0.5
C_PIECESQUARETABLES:0.5115878695257714
C_MOBILITY:0.48781734377111224
C_KINGSAFETY:0.4895192120769021
C_PAWNSTRUCTURE:0.5106926180995625
C_PIECECOORDINATION:0.5101377630039627
C_ROOK:0.5048441583325273
CE_ROOK:0.485503642279331
C_CENTERCONTROL:0.4955996416714282
C_DEVELOPPIECES:0.520572714060846
C_MATERIAL:0.4821774539182075
C_MOVECOUNT:0.5118412036659605
C_PAWNMOVEMENT:0.5028529947868007
