ELO:791
CE_PASSEDPAWNS:0.496044436952435
CE_PAWNWEAKNESSES:0.539513751289548
CE_PIECEACTIVITY:0.4700049852157474
CE_KINGPAWNSHIELD:0.5145227191647103
CE_PIECECOORDINATION:0.5068628703238713
CE_MATERIAL:0.5189433689199568
CE_KINGSAFETY:0.44981473485246165
C_PIECESQUARETABLES:0.5027547902651119
C_MOBILITY:0.49066344954043556
C_KINGSAFETY:0.49443931813857755
C_PAWNSTRUCTURE:0.44531150885633053
C_PIECECOORDINATION:0.48490212959441564
C_ROOKANDPAWNMOVEMENT:0.48490212959441564
C_CENTERCONTROL:0.5064218891831547
C_DEVELOPPIECES:0.5339662974966152
C_MATERIAL:0.4977712156885249
C_MOVECOUNT:0.5
