ELO:897
CE_PASSEDPAWNS:0.44574076793435935
CE_PAWNWEAKNESSES:0.48693467106607213
CE_PIECEACTIVITY:0.397994289773696
CE_KINGPAWNSHIELD:0.5227122892790534
CE_PIECECOORDINATION:0.5431389898836584
CE_MATERIAL:0.6139650486947112
CE_KINGSAFETY:0.4672707428942908
C_PIECESQUARETABLES:0.511407965762534
C_MOBILITY:0.5742319717336921
C_KINGSAFETY:0.49209316871657083
C_PAWNSTRUCTURE:0.4882235738494393
C_PIECECOORDINATION:0.4844735602339579
C_ROOKANDPAWNMOVEMENT:0.4844735602339579
C_CENTERCONTROL:0.4261675249023805
C_DEVELOPPIECES:0.5770997677315267
C_MATERIAL:0.545160457471315
