ELO:973
CE_PASSEDPAWNS:0.4891514931044035
CE_PAWNWEAKNESSES:0.4927189772135693
CE_PIECEACTIVITY:0.4842246159060532
CE_KINGPAWNSHIELD:0.4953515619683405
CE_PIECECOORDINATION:0.5237533457425916
CE_MATERIAL:0.49555831600646433
CE_KINGSAFETY:0.5106938174855197
C_PIECESQUARETABLES:0.482034115768437
C_MOBILITY:0.49769459316077824
C_KINGSAFETY:0.5093344023912209
C_PAWNSTRUCTURE:0.5067680796181979
C_PIECECOORDINATION:0.49580540918856253
C_ROOKANDPAWNMOVEMENT:0.49580540918856253
C_CENTERCONTROL:0.4937603151933277
C_DEVELOPPIECES:0.5
C_MATERIAL:0.5026688092182232
C_MOVECOUNT:0.5074274140446658
