ELO:1023
CE_PASSEDPAWNS:0.5163565444381443
CE_PAWNWEAKNESSES:0.5037099504192767
CE_PIECEACTIVITY:0.5018522600629741
CE_KINGPAWNSHIELD:0.4731053906566993
CE_PIECECOORDINATION:0.49243489196063395
CE_MATERIAL:0.49434134690751447
CE_KINGSAFETY:0.5
C_PIECESQUARETABLES:0.5
C_MOBILITY:0.5044564496057101
C_KINGSAFETY:0.49807762350557305
C_PAWNSTRUCTURE:0.46692593618093314
C_PIECECOORDINATION:0.5109883289375442
C_ROOK:0.5082618200115928
CE_ROOK:0.5294343876116507
C_CENTERCONTROL:0.4973729449371697
C_DEVELOPPIECES:0.4701634492206863
C_MATERIAL:0.5039313586180075
C_MOVECOUNT:0.4811508754496449
C_PAWNMOVEMENT:0.47431258525676123
