ELO:947
CE_PASSEDPAWNS:0.4156968413820616
CE_PAWNWEAKNESSES:0.4852174953581695
CE_PIECEACTIVITY:0.5076459816717306
CE_KINGPAWNSHIELD:0.31328740545386524
CE_PIECECOORDINATION:0.5117469352248615
CE_MATERIAL:0.5421705651468476
CE_KINGSAFETY:0.47121306813781927
C_PIECESQUARETABLES:0.5053709798658991
C_MOBILITY:0.3234667458917483
C_KINGSAFETY:0.42307335860611067
C_PAWNSTRUCTURE:0.547187426546831
C_PIECECOORDINATION:0.4591653372912615
C_ROOKANDPAWNMOVEMENT:0.4591653372912615
C_CENTERCONTROL:0.42358002720171933
C_DEVELOPPIECES:0.47373065865372693
C_MATERIAL:0.5143500187461767
