ELO:851
CE_PASSEDPAWNS:0.46531288084068234
CE_PAWNWEAKNESSES:0.6030944228749657
CE_PIECEACTIVITY:0.46977035965094793
CE_KINGPAWNSHIELD:0.5674245323337418
CE_PIECECOORDINATION:0.5861923269572111
CE_MATERIAL:0.5208831283017522
CE_KINGSAFETY:0.501384312051738
C_PIECESQUARETABLES:0.48897272831650546
C_MOBILITY:0.5065348254562614
C_KINGSAFETY:0.5272184125714617
C_PAWNSTRUCTURE:0.4852375810021575
C_PIECECOORDINATION:0.45267686487250824
C_ROOKANDPAWNMOVEMENT:0.45267686487250824
C_CENTERCONTROL:0.5282253363596001
C_DEVELOPPIECES:0.525756367605485
C_MATERIAL:0.47342662545368713
C_MOVECOUNT:0.5
