ELO:896
CE_PASSEDPAWNS:0.4431020126745363
CE_PAWNWEAKNESSES:0.4816440842397079
CE_PIECEACTIVITY:0.38878687079495555
CE_KINGPAWNSHIELD:0.5206550017585221
CE_PIECECOORDINATION:0.5402000306252325
CE_MATERIAL:0.6051671397583417
CE_KINGSAFETY:0.4800040444533558
C_PIECESQUARETABLES:0.5047900531062864
C_MOBILITY:0.6002161304609139
C_KINGSAFETY:0.48772755053068884
C_PAWNSTRUCTURE:0.4934602365499443
C_PIECECOORDINATION:0.4874399975942861
C_ROOKANDPAWNMOVEMENT:0.4874399975942861
C_CENTERCONTROL:0.4318220682684976
C_DEVELOPPIECES:0.574748687465622
C_MATERIAL:0.5462132629681067
