ELO:908
CE_PASSEDPAWNS:0.4448937961953451
CE_PAWNWEAKNESSES:0.476489644371004
CE_PIECEACTIVITY:0.4333733716731348
CE_KINGPAWNSHIELD:0.5123251862944221
CE_PIECECOORDINATION:0.5255677749748412
CE_MATERIAL:0.5872889822914714
CE_KINGSAFETY:0.5084106465603356
C_PIECESQUARETABLES:0.5094158918904835
C_MOBILITY:0.5791852064411874
C_KINGSAFETY:0.48663660091029703
C_PAWNSTRUCTURE:0.4801143979256912
C_PIECECOORDINATION:0.48885837347696304
C_ROOKANDPAWNMOVEMENT:0.48885837347696304
C_CENTERCONTROL:0.41398294350290366
C_DEVELOPPIECES:0.5546492842702542
C_MATERIAL:0.5195270106641295
