ELO:1023
CE_PASSEDPAWNS:0.5106766206312706
CE_PAWNWEAKNESSES:0.49110875076286015
CE_PIECEACTIVITY:0.4995448397704736
CE_KINGPAWNSHIELD:0.5024837139228125
CE_PIECECOORDINATION:0.5170688577303671
CE_MATERIAL:0.5
CE_KINGSAFETY:0.5
C_PIECESQUARETABLES:0.5
C_MOBILITY:0.5044564496057101
C_KINGSAFETY:0.5339859865910486
C_PAWNSTRUCTURE:0.4427604476466754
C_PIECECOORDINATION:0.5109883289375442
C_ROOK:0.5082618200115928
CE_ROOK:0.48066135978394664
C_CENTERCONTROL:0.5052780137413984
C_DEVELOPPIECES:0.4701634492206863
C_MATERIAL:0.4995665681598798
C_MOVECOUNT:0.4811508754496449
C_PAWNMOVEMENT:0.47431258525676123
