ELO:978
CE_PASSEDPAWNS:0.48226839658703424
CE_PAWNWEAKNESSES:0.5279782503326657
CE_PIECEACTIVITY:0.5059014755742136
CE_KINGPAWNSHIELD:0.4929690247935915
CE_PIECECOORDINATION:0.4735346693306555
CE_MATERIAL:0.5096753944650733
CE_KINGSAFETY:0.5
C_PIECESQUARETABLES:0.507390830952275
C_MOBILITY:0.5190557910279308
C_KINGSAFETY:0.4872299949825835
C_PAWNSTRUCTURE:0.4264563446811415
C_PIECECOORDINATION:0.5081350026946153
C_ROOKANDPAWNMOVEMENT:0.5081350026946153
C_CENTERCONTROL:0.49862626170121704
C_DEVELOPPIECES:0.4835848076777796
C_MATERIAL:0.5063009357180228
C_MOVECOUNT:0.5
