ELO:979
CE_PASSEDPAWNS:0.519491804661038
CE_PAWNWEAKNESSES:0.5175208877721109
CE_PIECEACTIVITY:0.45357903554794454
CE_KINGPAWNSHIELD:0.4894732843301471
CE_PIECECOORDINATION:0.48449440631539403
CE_MATERIAL:0.5132067850166201
CE_KINGSAFETY:0.5
C_PIECESQUARETABLES:0.5
C_MOBILITY:0.5256949213716655
C_KINGSAFETY:0.487536961408672
C_PAWNSTRUCTURE:0.5133292092187679
C_PIECECOORDINATION:0.5165029931183787
C_ROOK:0.5135912481000551
CE_ROOK:0.5121368117509691
C_CENTERCONTROL:0.5004615007856439
C_DEVELOPPIECES:0.5062155232727209
C_MATERIAL:0.47923512635623217
C_MOVECOUNT:0.4898257745510507
C_PAWNMOVEMENT:0.5219166504499402
