ELO:1021
CE_PASSEDPAWNS:0.5017852601448618
CE_PAWNWEAKNESSES:0.49610795695027876
CE_PIECEACTIVITY:0.49599819320624305
CE_KINGPAWNSHIELD:0.5051472709344791
CE_PIECECOORDINATION:0.5023211408706405
CE_MATERIAL:0.5
CE_KINGSAFETY:0.5
C_PIECESQUARETABLES:0.5
C_MOBILITY:0.5
C_KINGSAFETY:0.4950707136674928
C_PAWNSTRUCTURE:0.4985932247109539
C_PIECECOORDINATION:0.477748979665235
C_ROOKANDPAWNMOVEMENT:0.477748979665235
C_CENTERCONTROL:0.5023668903522914
C_DEVELOPPIECES:0.5
C_MATERIAL:0.4891404652241363
C_MOVECOUNT:0.49079359522071153
