ELO:920
CE_PASSEDPAWNS:0.511810498282025
CE_PAWNWEAKNESSES:0.4764476526592561
CE_PIECEACTIVITY:0.4978991475088901
CE_KINGPAWNSHIELD:0.476571811962466
CE_PIECECOORDINATION:0.5385206407908067
CE_MATERIAL:0.5062013064846788
CE_KINGSAFETY:0.4888339233596089
C_PIECESQUARETABLES:0.5133496039654454
C_MOBILITY:0.4808878767465674
C_KINGSAFETY:0.4081542042684341
C_PAWNSTRUCTURE:0.44057206455638953
C_PIECECOORDINATION:0.39407093446981367
C_ROOKANDPAWNMOVEMENT:0.39407093446981367
C_CENTERCONTROL:0.39310318467496047
C_DEVELOPPIECES:0.5679365969987279
C_MATERIAL:0.3734618660658273
