ELO:1000
CE_PASSEDPAWNS:0.5273192764720158
CE_PAWNWEAKNESSES:0.4794335642674011
CE_PIECEACTIVITY:0.41954030078202176
CE_KINGPAWNSHIELD:0.5718393470948653
CE_PIECECOORDINATION:0.4768006540683317
CE_MATERIAL:0.5077407546963902
CE_KINGSAFETY:0.549978461829849
C_PIECESQUARETABLES:0.48224940712013614
C_MOBILITY:0.512787953426978
C_KINGSAFETY:0.4959394601300171
C_PAWNSTRUCTURE:0.5114198361091948
C_PIECECOORDINATION:0.4638354485866641
C_ROOKANDPAWNMOVEMENT:0.4638354485866641
C_CENTERCONTROL:0.4709088252641419
C_DEVELOPPIECES:0.5348107092392674
C_MATERIAL:0.5046283361246964
