ELO:990
CE_PASSEDPAWNS:0.6272188658738447
CE_PAWNWEAKNESSES:0.5050750279058924
CE_PIECEACTIVITY:0.5037808638526546
CE_KINGPAWNSHIELD:0.46379340324855606
CE_PIECECOORDINATION:0.4587817080471597
CE_MATERIAL:0.43399467293971605
CE_KINGSAFETY:0.49309408497192714
C_PIECESQUARETABLES:0.5055474135824455
C_MOBILITY:0.4120440759142698
C_KINGSAFETY:0.4711747032308398
C_PAWNSTRUCTURE:0.38464033869304176
C_PIECECOORDINATION:0.5300035431202946
C_ROOKANDPAWNMOVEMENT:0.5300035431202946
C_CENTERCONTROL:0.5641485313838953
C_DEVELOPPIECES:0.575410232868993
C_MATERIAL:0.4356167170819831
