ELO:996
CE_PASSEDPAWNS:0.5156839845540195
CE_PAWNWEAKNESSES:0.5013207738167736
CE_PIECEACTIVITY:0.5975814565428466
CE_KINGPAWNSHIELD:0.41814064358575637
CE_PIECECOORDINATION:0.5138962178399454
CE_MATERIAL:0.5030403841932721
CE_KINGSAFETY:0.5
C_PIECESQUARETABLES:0.4959178287722772
C_MOBILITY:0.580479941274235
C_KINGSAFETY:0.5125284158109645
C_PAWNSTRUCTURE:0.3974960377332616
C_PIECECOORDINATION:0.545207509373014
C_ROOKANDPAWNMOVEMENT:0.545207509373014
C_CENTERCONTROL:0.3628208528192532
C_DEVELOPPIECES:0.5933423053266473
C_MATERIAL:0.590048871842884
