ELO:1004
CE_PASSEDPAWNS:0.4670659290781482
CE_PAWNWEAKNESSES:0.4411132576103295
CE_PIECEACTIVITY:0.5412503231619679
CE_KINGPAWNSHIELD:0.4820862293330612
CE_PIECECOORDINATION:0.5025698858647072
CE_MATERIAL:0.5310962002451038
CE_KINGSAFETY:0.5
C_PIECESQUARETABLES:0.5
C_MOBILITY:0.5095032065526615
C_KINGSAFETY:0.5
C_PAWNSTRUCTURE:0.4191802286469416
C_PIECECOORDINATION:0.4022686103782038
C_ROOKANDPAWNMOVEMENT:0.4022686103782038
C_CENTERCONTROL:0.4788039330858914
C_DEVELOPPIECES:0.4747775736791693
C_MATERIAL:0.45880582442211904
C_MOVECOUNT:0.5
