ELO:988
CE_PASSEDPAWNS:0.5791664901465882
CE_PAWNWEAKNESSES:0.4945947332292975
CE_PIECEACTIVITY:0.5069282911034554
CE_KINGPAWNSHIELD:0.4742809301013336
CE_PIECECOORDINATION:0.4759962568892231
CE_MATERIAL:0.47830399375825927
CE_KINGSAFETY:0.5234688840064108
C_PIECESQUARETABLES:0.4802458857677885
C_MOBILITY:0.4776039675644365
C_KINGSAFETY:0.5584081870723682
C_PAWNSTRUCTURE:0.4300825968061149
C_PIECECOORDINATION:0.48633933604237806
C_ROOKANDPAWNMOVEMENT:0.48633933604237806
C_CENTERCONTROL:0.4873550258807445
C_DEVELOPPIECES:0.4911509820916574
C_MATERIAL:0.5444987602017309
