ELO:1089
CE_PASSEDPAWNS:0.632854630054985
CE_PAWNWEAKNESSES:0.46690419159243035
CE_PIECEACTIVITY:0.48386207453709584
CE_KINGPAWNSHIELD:0.48516440544578093
CE_PIECECOORDINATION:0.4554006591179615
CE_MATERIAL:0.4184464797412729
CE_KINGSAFETY:0.49731341372329557
C_PIECESQUARETABLES:0.5057277700444838
C_MOBILITY:0.42607104781592114
C_KINGSAFETY:0.5184385957075878
C_PAWNSTRUCTURE:0.423698605989882
C_PIECECOORDINATION:0.4741299171796097
C_ROOKANDPAWNMOVEMENT:0.4741299171796097
C_CENTERCONTROL:0.5295937209987184
C_DEVELOPPIECES:0.5858447578666648
C_MATERIAL:0.4441539478359627
