ELO:979
CE_PASSEDPAWNS:0.5162865205592864
CE_PAWNWEAKNESSES:0.5016720292804163
CE_PIECEACTIVITY:0.47675154804751424
CE_KINGPAWNSHIELD:0.4994973409202768
CE_PIECECOORDINATION:0.4939224972474144
CE_MATERIAL:0.5051860480108489
CE_KINGSAFETY:0.5
C_PIECESQUARETABLES:0.5
C_MOBILITY:0.5056949417857289
C_KINGSAFETY:0.5
C_PAWNSTRUCTURE:0.5066592338417089
C_PIECECOORDINATION:0.5089347763727918
C_ROOKANDPAWNMOVEMENT:0.5089347763727918
C_CENTERCONTROL:0.5324611084065498
C_DEVELOPPIECES:0.523721642771241
C_MATERIAL:0.49217052537892403
C_MOVECOUNT:0.4852984287781274
