ELO:950
CE_PASSEDPAWNS:0.41091452830223096
CE_PAWNWEAKNESSES:0.5468383955769881
CE_PIECEACTIVITY:0.5154850232762699
CE_KINGPAWNSHIELD:0.51927217140901
CE_PIECECOORDINATION:0.45957009883087413
CE_MATERIAL:0.4424588333071152
CE_KINGSAFETY:0.5
C_PIECESQUARETABLES:0.5
C_MOBILITY:0.41668794865724873
C_KINGSAFETY:0.42739466376928564
C_PAWNSTRUCTURE:0.46325138974589
C_PIECECOORDINATION:0.6321267381499763
C_ROOKANDPAWNMOVEMENT:0.6321267381499763
C_CENTERCONTROL:0.5510400993349869
C_DEVELOPPIECES:0.501952703012478
C_MATERIAL:0.4893790457459328
