ELO:950
CE_PASSEDPAWNS:0.5126798850848354
CE_PAWNWEAKNESSES:0.5176326217606805
CE_PIECEACTIVITY:0.49981194150113084
CE_KINGPAWNSHIELD:0.5
CE_PIECECOORDINATION:0.5137658944283133
CE_MATERIAL:0.5021896761212057
CE_KINGSAFETY:0.5
C_PIECESQUARETABLES:0.5
C_MOBILITY:0.49610646266116937
C_KINGSAFETY:0.4885810562261294
C_PAWNSTRUCTURE:0.5312756874827189
C_PIECECOORDINATION:0.5447550637052083
C_ROOKANDPAWNMOVEMENT:0.5447550637052083
C_CENTERCONTROL:0.4887004970870354
C_DEVELOPPIECES:0.5144356959911259
C_MATERIAL:0.49184205355148114
C_MOVECOUNT:0.5038163006988866
