ELO:916
CE_PASSEDPAWNS:0.5209528126481915
CE_PAWNWEAKNESSES:0.4601133457533689
CE_PIECEACTIVITY:0.5862351839058969
CE_KINGPAWNSHIELD:0.511710380114145
CE_PIECECOORDINATION:0.4842713013177616
CE_MATERIAL:0.5084507479365403
CE_KINGSAFETY:0.4568124391385594
C_PIECESQUARETABLES:0.4845704600137982
C_MOBILITY:0.5054821406077429
C_KINGSAFETY:0.5007848544898137
C_PAWNSTRUCTURE:0.4884896352278136
C_PIECECOORDINATION:0.5048883145317302
C_ROOKANDPAWNMOVEMENT:0.5048883145317302
C_CENTERCONTROL:0.548255202033406
C_DEVELOPPIECES:0.49717439583331247
C_MATERIAL:0.562082478631101
C_MOVECOUNT:0.5050330377889828
