ELO:956
CE_PASSEDPAWNS:0.418854211165392
CE_PAWNWEAKNESSES:0.6083110564361294
CE_PIECEACTIVITY:0.503261458950579
CE_KINGPAWNSHIELD:0.5240437394308491
CE_PIECECOORDINATION:0.4899693861431939
CE_MATERIAL:0.43931221141019855
CE_KINGSAFETY:0.48729816488604083
C_PIECESQUARETABLES:0.4401191555190982
C_MOBILITY:0.41698551671771195
C_KINGSAFETY:0.4059566243229596
C_PAWNSTRUCTURE:0.46738720987029364
C_PIECECOORDINATION:0.6158773960409698
C_ROOKANDPAWNMOVEMENT:0.6158773960409698
C_CENTERCONTROL:0.5482051520373542
C_DEVELOPPIECES:0.49960259209352187
C_MATERIAL:0.4836543227591157
