ELO:1039
CE_PASSEDPAWNS:0.5246544712513653
CE_PAWNWEAKNESSES:0.5290809681409178
CE_PIECEACTIVITY:0.5034683874290813
CE_KINGPAWNSHIELD:0.4818929993370571
CE_PIECECOORDINATION:0.4763402333197263
CE_MATERIAL:0.4974477316404982
CE_KINGSAFETY:0.5
C_PIECESQUARETABLES:0.5
C_MOBILITY:0.4330686462875857
C_KINGSAFETY:0.5180747021451926
C_PAWNSTRUCTURE:0.5
C_PIECECOORDINATION:0.5025087255872847
C_ROOK:0.5164644578820308
CE_ROOK:0.49444675838088514
C_CENTERCONTROL:0.5047456699532995
C_DEVELOPPIECES:0.4961452687840419
C_MATERIAL:0.4733690730580908
C_MOVECOUNT:0.4923646067896574
C_PAWNMOVEMENT:0.5284061972254167
