ELO:1070
CE_PASSEDPAWNS:0.5
CE_PAWNWEAKNESSES:0.4934967799216349
CE_PIECEACTIVITY:0.5100890023247386
CE_KINGPAWNSHIELD:0.5039237798685455
CE_PIECECOORDINATION:0.5273503149869337
CE_MATERIAL:0.506691873509205
CE_KINGSAFETY:0.5
C_PIECESQUARETABLES:0.5
C_MOBILITY:0.5009841491690321
C_KINGSAFETY:0.4795235616541757
C_PAWNSTRUCTURE:0.5
C_PIECECOORDINATION:0.5201013249471514
C_ROOK:0.49302113446756246
CE_ROOK:0.5016273857142091
C_CENTERCONTROL:0.5080224797314908
C_DEVELOPPIECES:0.50148941199738
C_MATERIAL:0.5018842758740663
C_MOVECOUNT:0.5
C_PAWNMOVEMENT:0.4878275624337509
