ELO:1000
CE_PASSEDPAWNS:0.5219266415913087
CE_PAWNWEAKNESSES:0.5277020505421604
CE_PIECEACTIVITY:0.48462451475292456
CE_KINGPAWNSHIELD:0.49424297593275096
CE_PIECECOORDINATION:0.4914290950182258
CE_MATERIAL:0.5153804710392359
CE_KINGSAFETY:0.5034995353820405
C_PIECESQUARETABLES:0.4977921736381098
C_MOBILITY:0.4924230218735937
C_KINGSAFETY:0.5560171957894954
C_PAWNSTRUCTURE:0.5103145349951346
C_PIECECOORDINATION:0.5157876894012674
C_ROOKANDPAWNMOVEMENT:0.5157876894012674
C_CENTERCONTROL:0.5268843024576878
C_DEVELOPPIECES:0.5109978130017518
C_MATERIAL:0.4985488836254247
