ELO:978
CE_PASSEDPAWNS:0.5334055033707061
CE_PAWNWEAKNESSES:0.5571086473827573
CE_PIECEACTIVITY:0.42737071983360614
CE_KINGPAWNSHIELD:0.44627135720186367
CE_PIECECOORDINATION:0.4823983895100289
CE_MATERIAL:0.481808159795091
CE_KINGSAFETY:0.49086962787047583
C_PIECESQUARETABLES:0.5162234163702926
C_MOBILITY:0.4944554002401567
C_KINGSAFETY:0.5596353784325463
C_PAWNSTRUCTURE:0.4652033435219363
C_PIECECOORDINATION:0.5801381613163202
C_ROOKANDPAWNMOVEMENT:0.5801381613163202
C_CENTERCONTROL:0.5529891718500747
C_DEVELOPPIECES:0.5202850016063901
C_MATERIAL:0.46899372504274833
