ELO:1043
CE_PASSEDPAWNS:0.5
CE_PAWNWEAKNESSES:0.4770001892067944
CE_PIECEACTIVITY:0.5240555082134076
CE_KINGPAWNSHIELD:0.5050914370919352
CE_PIECECOORDINATION:0.4990128937947933
CE_MATERIAL:0.4968670686508753
CE_KINGSAFETY:0.5
C_PIECESQUARETABLES:0.5
C_MOBILITY:0.5242855971024735
C_KINGSAFETY:0.48382163288164737
C_PAWNSTRUCTURE:0.4718328714988731
C_PIECECOORDINATION:0.5146752819947217
C_ROOK:0.5
CE_ROOK:0.4988252103537147
C_CENTERCONTROL:0.5040359277030844
C_DEVELOPPIECES:0.49224300431925777
C_MATERIAL:0.4982330058239078
C_MOVECOUNT:0.4883094125499912
C_PAWNMOVEMENT:0.517009082466425
