ELO:962
CE_PASSEDPAWNS:0.5046664811720827
CE_PAWNWEAKNESSES:0.5513282218957127
CE_PIECEACTIVITY:0.41803646027983016
CE_KINGPAWNSHIELD:0.43376620199660204
CE_PIECECOORDINATION:0.506615676748843
CE_MATERIAL:0.4957182912808402
CE_KINGSAFETY:0.49174153967139017
C_PIECESQUARETABLES:0.533379148704301
C_MOBILITY:0.4978949892507746
C_KINGSAFETY:0.5633876275384443
C_PAWNSTRUCTURE:0.4963171279722247
C_PIECECOORDINATION:0.6372814734345353
C_ROOKANDPAWNMOVEMENT:0.6372814734345353
C_CENTERCONTROL:0.5592401516984603
C_DEVELOPPIECES:0.4985815118511891
C_MATERIAL:0.45308515581215786
