ELO:992
CE_PASSEDPAWNS:0.5073397076020496
CE_PAWNWEAKNESSES:0.49522228931764717
CE_PIECEACTIVITY:0.48975638161543417
CE_KINGPAWNSHIELD:0.5034845391703335
CE_PIECECOORDINATION:0.5036624466446786
CE_MATERIAL:0.5028045669874418
CE_KINGSAFETY:0.5
C_PIECESQUARETABLES:0.5
C_MOBILITY:0.5118994664162005
C_KINGSAFETY:0.49063998067482534
C_PAWNSTRUCTURE:0.4863744861677788
C_PIECECOORDINATION:0.5006743941866685
C_ROOKANDPAWNMOVEMENT:0.5006743941866685
C_CENTERCONTROL:0.5153599707810276
C_DEVELOPPIECES:0.5217707699501604
C_MATERIAL:0.4846101792762186
