ELO:949
CE_PASSEDPAWNS:0.5118885037276169
CE_PAWNWEAKNESSES:0.45706938201504826
CE_PIECEACTIVITY:0.4622833066968581
CE_KINGPAWNSHIELD:0.49831966790523047
CE_PIECECOORDINATION:0.5292932210851071
CE_MATERIAL:0.41115227355597683
CE_KINGSAFETY:0.5
C_PIECESQUARETABLES:0.5
C_MOBILITY:0.5
C_KINGSAFETY:0.5500826453537059
C_PAWNSTRUCTURE:0.47598800731163926
C_PIECECOORDINATION:0.5131890247621108
C_ROOKANDPAWNMOVEMENT:0.5131890247621108
C_CENTERCONTROL:0.4832107348764437
C_DEVELOPPIECES:0.5098664531335609
C_MATERIAL:0.4718133951457151
C_MOVECOUNT:0.5
