ELO:1000
CE_PASSEDPAWNS:0.5086338459456409
CE_PAWNWEAKNESSES:0.5292428025176987
CE_PIECEACTIVITY:0.48542855547568187
CE_KINGPAWNSHIELD:0.4855919983951894
CE_PIECECOORDINATION:0.46319484719294074
CE_MATERIAL:0.5035487826733048
CE_KINGSAFETY:0.5040686294658449
C_PIECESQUARETABLES:0.4956312079812352
C_MOBILITY:0.4777730644650591
C_KINGSAFETY:0.5570828149967999
C_PAWNSTRUCTURE:0.46391458060942536
C_PIECECOORDINATION:0.5434997660048068
C_ROOKANDPAWNMOVEMENT:0.5434997660048068
C_CENTERCONTROL:0.5312014729714146
C_DEVELOPPIECES:0.5477038185014038
C_MATERIAL:0.46719824327759457
