ELO:1000
CE_PASSEDPAWNS:0.5114280214312041
CE_PAWNWEAKNESSES:0.5402607726755777
CE_PIECEACTIVITY:0.46664691968294747
CE_KINGPAWNSHIELD:0.5134081215318766
CE_PIECECOORDINATION:0.4651863388339059
CE_MATERIAL:0.5092017408494125
CE_KINGSAFETY:0.4887617980294272
C_PIECESQUARETABLES:0.4931466305893306
C_MOBILITY:0.5100430351934964
C_KINGSAFETY:0.5574168528060598
C_PAWNSTRUCTURE:0.47017890033722143
C_PIECECOORDINATION:0.5715087944669045
C_ROOKANDPAWNMOVEMENT:0.5715087944669045
C_CENTERCONTROL:0.5224054146586715
C_DEVELOPPIECES:0.5456572999571456
C_MATERIAL:0.44452683116884434
