ELO:1005
CE_PASSEDPAWNS:0.48916858016689085
CE_PAWNWEAKNESSES:0.4049180640140876
CE_PIECEACTIVITY:0.42648652526905784
CE_KINGPAWNSHIELD:0.45343378649240584
CE_PIECECOORDINATION:0.4604058988695986
CE_MATERIAL:0.4950547480684792
CE_KINGSAFETY:0.5173534115150686
C_PIECESQUARETABLES:0.49431745056025655
C_MOBILITY:0.5387678268788734
C_KINGSAFETY:0.604694466486441
C_PAWNSTRUCTURE:0.43174060978829126
C_PIECECOORDINATION:0.5161052202930153
C_ROOKANDPAWNMOVEMENT:0.5161052202930153
C_CENTERCONTROL:0.4653434004916283
C_DEVELOPPIECES:0.5675610077362392
C_MATERIAL:0.5309052181784447
