ELO:956
CE_PASSEDPAWNS:0.5
CE_PAWNWEAKNESSES:0.5036949349143499
CE_PIECEACTIVITY:0.453327159744277
CE_KINGPAWNSHIELD:0.4799333673485664
CE_PIECECOORDINATION:0.4939224972474144
CE_MATERIAL:0.5028682760654964
CE_KINGSAFETY:0.5087630418332604
C_PIECESQUARETABLES:0.5
C_MOBILITY:0.4863591067224467
C_KINGSAFETY:0.5
C_PAWNSTRUCTURE:0.5060988524248461
C_PIECECOORDINATION:0.49763563834469815
C_ROOKANDPAWNMOVEMENT:0.49763563834469815
C_CENTERCONTROL:0.5234089506380506
C_DEVELOPPIECES:0.5250336486831163
C_MATERIAL:0.490922122755493
C_MOVECOUNT:0.4852984287781274
