ELO:946
CE_PASSEDPAWNS:0.5087286146159404
CE_PAWNWEAKNESSES:0.49129665766975855
CE_PIECEACTIVITY:0.46566593826093217
CE_KINGPAWNSHIELD:0.45129349255670376
CE_PIECECOORDINATION:0.5141024848542131
CE_MATERIAL:0.46295221950949766
CE_KINGSAFETY:0.5
C_PIECESQUARETABLES:0.5
C_MOBILITY:0.5
C_KINGSAFETY:0.5828907576275434
C_PAWNSTRUCTURE:0.5207458072853128
C_PIECECOORDINATION:0.4438584180692894
C_ROOKANDPAWNMOVEMENT:0.4438584180692894
C_CENTERCONTROL:0.6199788026191386
C_DEVELOPPIECES:0.467851394839735
C_MATERIAL:0.49789447213421595
C_MOVECOUNT:0.5
