ELO:984
CE_PASSEDPAWNS:0.5472442929889901
CE_PAWNWEAKNESSES:0.4860252547601086
CE_PIECEACTIVITY:0.5471644125420384
CE_KINGPAWNSHIELD:0.5164423974761777
CE_PIECECOORDINATION:0.5207129089712479
CE_MATERIAL:0.4907032142001419
CE_KINGSAFETY:0.5114140320034882
C_PIECESQUARETABLES:0.493700752187752
C_MOBILITY:0.47312622212288014
C_KINGSAFETY:0.4746117847678523
C_PAWNSTRUCTURE:0.4906464977104326
C_PIECECOORDINATION:0.5334709449716136
C_ROOKANDPAWNMOVEMENT:0.5334709449716136
C_CENTERCONTROL:0.49271689135329205
C_DEVELOPPIECES:0.49060285369201684
C_MATERIAL:0.4726136269235969
C_MOVECOUNT:0.4600853878847145
