ELO:840
CE_PASSEDPAWNS:0.5390077277612915
CE_PAWNWEAKNESSES:0.3833905025345292
CE_PIECEACTIVITY:0.5557627895186572
CE_KINGPAWNSHIELD:0.433986424625061
CE_PIECECOORDINATION:0.5185852828040359
CE_MATERIAL:0.45585450567020985
CE_KINGSAFETY:0.5134110702794715
C_PIECESQUARETABLES:0.5161904039097134
C_MOBILITY:0.581785622618398
C_KINGSAFETY:0.48052199909499715
C_PAWNSTRUCTURE:0.5103835557812028
C_PIECECOORDINATION:0.5268775945287691
C_ROOKANDPAWNMOVEMENT:0.5268775945287691
C_CENTERCONTROL:0.40708176406502167
C_DEVELOPPIECES:0.5759978040606659
C_MATERIAL:0.527620593089771
