ELO:1014
CE_PASSEDPAWNS:0.5931745037143286
CE_PAWNWEAKNESSES:0.48405296166888434
CE_PIECEACTIVITY:0.47804534068423293
CE_KINGPAWNSHIELD:0.48811882917376476
CE_PIECECOORDINATION:0.4500598866784096
CE_MATERIAL:0.4065463917846726
CE_KINGSAFETY:0.5039832305077095
C_PIECESQUARETABLES:0.5126577352586427
C_MOBILITY:0.4104085042952562
C_KINGSAFETY:0.5166413820952978
C_PAWNSTRUCTURE:0.41041527799750105
C_PIECECOORDINATION:0.48550370282456573
C_ROOKANDPAWNMOVEMENT:0.48550370282456573
C_CENTERCONTROL:0.5213540843232318
C_DEVELOPPIECES:0.5739616524323766
C_MATERIAL:0.44865436137634296
