ELO:1000
CE_PASSEDPAWNS:0.5363517050091638
CE_PAWNWEAKNESSES:0.5297639938014415
CE_PIECEACTIVITY:0.49761458059457064
CE_KINGPAWNSHIELD:0.48960896023383094
CE_PIECECOORDINATION:0.47333857264078705
CE_MATERIAL:0.5228511378744304
CE_KINGSAFETY:0.4966510465280982
C_PIECESQUARETABLES:0.5057699383200571
C_MOBILITY:0.4864232143943197
C_KINGSAFETY:0.5703527843138424
C_PAWNSTRUCTURE:0.4735052330993497
C_PIECECOORDINATION:0.5317461997317628
C_ROOKANDPAWNMOVEMENT:0.5317461997317628
C_CENTERCONTROL:0.5288894237807003
C_DEVELOPPIECES:0.5115374706738727
C_MATERIAL:0.47042488680287015
