ELO:1087
CE_PASSEDPAWNS:0.47912806477801456
CE_PAWNWEAKNESSES:0.4934967799216349
CE_PIECEACTIVITY:0.4977159048461838
CE_KINGPAWNSHIELD:0.4973009104810251
CE_PIECECOORDINATION:0.505924267188826
CE_MATERIAL:0.5006403452704119
CE_KINGSAFETY:0.5
C_PIECESQUARETABLES:0.5
C_MOBILITY:0.49390518534533817
C_KINGSAFETY:0.4795235616541757
C_PAWNSTRUCTURE:0.499783538468481
C_PIECECOORDINATION:0.5228079246997759
C_ROOK:0.49302113446756246
CE_ROOK:0.5016273857142091
C_CENTERCONTROL:0.5053794469088625
C_DEVELOPPIECES:0.50148941199738
C_MATERIAL:0.5
C_MOVECOUNT:0.4846707064941805
C_PAWNMOVEMENT:0.48282298105511523
