ELO:1102
CE_PASSEDPAWNS:0.6293322700844975
CE_PAWNWEAKNESSES:0.48114711475122457
CE_PIECEACTIVITY:0.4749362909216822
CE_KINGPAWNSHIELD:0.4888774821619666
CE_PIECECOORDINATION:0.4803925721213925
CE_MATERIAL:0.44278038331236763
CE_KINGSAFETY:0.5
C_PIECESQUARETABLES:0.5
C_MOBILITY:0.42105203460517804
C_KINGSAFETY:0.5060002629126777
C_PAWNSTRUCTURE:0.42080565475253867
C_PIECECOORDINATION:0.4731096388983922
C_ROOKANDPAWNMOVEMENT:0.4731096388983922
C_CENTERCONTROL:0.5241516181776379
C_DEVELOPPIECES:0.5757913049809192
C_MATERIAL:0.40910338543822755
