ELO:806
CE_PASSEDPAWNS:0.5340247611408562
CE_PAWNWEAKNESSES:0.36588271856148663
CE_PIECEACTIVITY:0.5327135721453726
CE_KINGPAWNSHIELD:0.38907694792025493
CE_PIECECOORDINATION:0.5018744614888706
CE_MATERIAL:0.44303596369142634
CE_KINGSAFETY:0.4876145694926942
C_PIECESQUARETABLES:0.5108432484432692
C_MOBILITY:0.5448489934217292
C_KINGSAFETY:0.4653123447730222
C_PAWNSTRUCTURE:0.511112632071161
C_PIECECOORDINATION:0.5295738228124875
C_ROOKANDPAWNMOVEMENT:0.5295738228124875
C_CENTERCONTROL:0.40883016641128406
C_DEVELOPPIECES:0.5805857354255208
C_MATERIAL:0.5007683918164749
