ELO:905
CE_PASSEDPAWNS:0.4275259266245826
CE_PAWNWEAKNESSES:0.5732360816647761
CE_PIECEACTIVITY:0.5189197726395136
CE_KINGPAWNSHIELD:0.5227007708247114
CE_PIECECOORDINATION:0.4397678384399143
CE_MATERIAL:0.4491992142906826
CE_KINGSAFETY:0.4878877651481452
C_PIECESQUARETABLES:0.5041484499680873
C_MOBILITY:0.4387248301380781
C_KINGSAFETY:0.44709897747636956
C_PAWNSTRUCTURE:0.47749393832586506
C_PIECECOORDINATION:0.6712989549015979
C_ROOKANDPAWNMOVEMENT:0.6712989549015979
C_CENTERCONTROL:0.501706558681434
C_DEVELOPPIECES:0.5285688060916498
C_MATERIAL:0.5384401979834968
