ELO:1006
CE_PASSEDPAWNS:0.49863934559587825
CE_PAWNWEAKNESSES:0.5005235735812784
CE_PIECEACTIVITY:0.4900242932115599
CE_KINGPAWNSHIELD:0.5
CE_PIECECOORDINATION:0.5001343042912291
CE_MATERIAL:0.5037486129235315
CE_KINGSAFETY:0.5
C_PIECESQUARETABLES:0.5
C_MOBILITY:0.5123632703980828
C_KINGSAFETY:0.4885410165272891
C_PAWNSTRUCTURE:0.5
C_PIECECOORDINATION:0.5
C_ROOKANDPAWNMOVEMENT:0.5
C_CENTERCONTROL:0.511132394852859
C_DEVELOPPIECES:0.5052683779295896
C_MATERIAL:0.5
