ELO:1008
CE_PASSEDPAWNS:0.49863934559587825
CE_PAWNWEAKNESSES:0.5005235735812784
CE_PIECEACTIVITY:0.4884903219294927
CE_KINGPAWNSHIELD:0.4859882833870481
CE_PIECECOORDINATION:0.4994877183915207
CE_MATERIAL:0.5181712888283664
CE_KINGSAFETY:0.4909670722557595
C_PIECESQUARETABLES:0.5
C_MOBILITY:0.4997881984465256
C_KINGSAFETY:0.503557689131377
C_PAWNSTRUCTURE:0.5
C_PIECECOORDINATION:0.5092964265357872
C_ROOKANDPAWNMOVEMENT:0.5092964265357872
C_CENTERCONTROL:0.4889592725287925
C_DEVELOPPIECES:0.5101506055840114
C_MATERIAL:0.5
