ELO:1038
CE_PASSEDPAWNS:0.4984944715270213
CE_PAWNWEAKNESSES:0.5192482003014202
CE_PIECEACTIVITY:0.47907011340525874
CE_KINGPAWNSHIELD:0.4952663971815441
CE_PIECECOORDINATION:0.5111036686370785
CE_MATERIAL:0.5207631169085377
CE_KINGSAFETY:0.5
C_PIECESQUARETABLES:0.5
C_MOBILITY:0.4873458706748244
C_KINGSAFETY:0.48387421786891405
C_PAWNSTRUCTURE:0.4900787326071133
C_PIECECOORDINATION:0.5079180652024708
C_ROOK:0.4925649765274797
CE_ROOK:0.5108056098386401
C_CENTERCONTROL:0.5
C_DEVELOPPIECES:0.5006241851502293
C_MATERIAL:0.5032230441239549
C_MOVECOUNT:0.4898257745510507
C_PAWNMOVEMENT:0.5255969999201114
