ELO:935
CE_PASSEDPAWNS:0.4392401811098924
CE_PAWNWEAKNESSES:0.5732360816647761
CE_PIECEACTIVITY:0.5208927948859807
CE_KINGPAWNSHIELD:0.5233007827452634
CE_PIECECOORDINATION:0.45867870340940353
CE_MATERIAL:0.4587327303912445
CE_KINGSAFETY:0.5413092407117845
C_PIECESQUARETABLES:0.49689676663390475
C_MOBILITY:0.44725989409177985
C_KINGSAFETY:0.43730883762242034
C_PAWNSTRUCTURE:0.48244900514639244
C_PIECECOORDINATION:0.6649528742449691
C_ROOKANDPAWNMOVEMENT:0.6649528742449691
C_CENTERCONTROL:0.52738833851663
C_DEVELOPPIECES:0.5419188716380385
C_MATERIAL:0.5282774182426032
