ELO:1000
CE_PASSEDPAWNS:0.5
CE_PAWNWEAKNESSES:0.5227524080970308
CE_PIECEACTIVITY:0.5176514096500415
CE_KINGPAWNSHIELD:0.5
CE_PIECECOORDINATION:0.4969325445286055
CE_MATERIAL:0.5066036686728315
CE_KINGSAFETY:0.5038988573647274
C_PIECESQUARETABLES:0.5
C_MOBILITY:0.5
C_KINGSAFETY:0.5107667195217481
C_PAWNSTRUCTURE:0.5
C_PIECECOORDINATION:0.5
C_ROOKANDPAWNMOVEMENT:0.5
C_CENTERCONTROL:0.5073729598307573
C_DEVELOPPIECES:0.5033501059364391
C_MATERIAL:0.48983960851258757
