ELO:1017
CE_PASSEDPAWNS:0.49518063601007006
CE_PAWNWEAKNESSES:0.4469205430829152
CE_PIECEACTIVITY:0.5
CE_KINGPAWNSHIELD:0.516025200102999
CE_PIECECOORDINATION:0.48503373842158
CE_MATERIAL:0.5
CE_KINGSAFETY:0.5040602294632811
C_PIECESQUARETABLES:0.5032327997042108
C_MOBILITY:0.5113559160992245
C_KINGSAFETY:0.48813616268845966
C_PAWNSTRUCTURE:0.49329897682371737
C_PIECECOORDINATION:0.47569321553865707
C_ROOKANDPAWNMOVEMENT:0.47569321553865707
C_CENTERCONTROL:0.4741182963499265
C_DEVELOPPIECES:0.5154907011191064
C_MATERIAL:0.5
C_MOVECOUNT:0.5
