ELO:958
CE_PASSEDPAWNS:0.4843489621210448
CE_PAWNWEAKNESSES:0.5
CE_PIECEACTIVITY:0.5272317327757278
CE_KINGPAWNSHIELD:0.5023222573716549
CE_PIECECOORDINATION:0.5736146691766241
CE_MATERIAL:0.46472643001191494
CE_KINGSAFETY:0.5193555578558932
C_PIECESQUARETABLES:0.4918439375015225
C_MOBILITY:0.4126732963715161
C_KINGSAFETY:0.510935969380861
C_PAWNSTRUCTURE:0.4921285779523328
C_PIECECOORDINATION:0.47928340348684395
C_ROOKANDPAWNMOVEMENT:0.47928340348684395
C_CENTERCONTROL:0.46762771703507267
C_DEVELOPPIECES:0.4483598874179826
C_MATERIAL:0.5103406937634728
C_MOVECOUNT:0.5014110977768403
