ELO:938
CE_PASSEDPAWNS:0.40258344676162555
CE_PAWNWEAKNESSES:0.560054547340946
CE_PIECEACTIVITY:0.5172543665715412
CE_KINGPAWNSHIELD:0.5151414561025218
CE_PIECECOORDINATION:0.46119781077970445
CE_MATERIAL:0.4450617262256297
CE_KINGSAFETY:0.5305509862767599
C_PIECESQUARETABLES:0.4974745320596667
C_MOBILITY:0.4386277187229104
C_KINGSAFETY:0.43454697526706865
C_PAWNSTRUCTURE:0.4700322723568504
C_PIECECOORDINATION:0.6622630764244377
C_ROOKANDPAWNMOVEMENT:0.6622630764244377
C_CENTERCONTROL:0.5175705800402179
C_DEVELOPPIECES:0.5332587301596937
C_MATERIAL:0.5229196167760499
