ELO:974
CE_PASSEDPAWNS:0.5106442390737156
CE_PAWNWEAKNESSES:0.5697515865525944
CE_PIECEACTIVITY:0.4370635952057631
CE_KINGPAWNSHIELD:0.44430761661911006
CE_PIECECOORDINATION:0.49010308233520994
CE_MATERIAL:0.49524735385020224
CE_KINGSAFETY:0.4726268410762581
C_PIECESQUARETABLES:0.515351286267887
C_MOBILITY:0.4803071650089801
C_KINGSAFETY:0.5604237385748895
C_PAWNSTRUCTURE:0.46673628218440943
C_PIECECOORDINATION:0.6083377138701658
C_ROOKANDPAWNMOVEMENT:0.6083377138701658
C_CENTERCONTROL:0.5609878393776179
C_DEVELOPPIECES:0.4956676690932995
C_MATERIAL:0.46787726460355544
