ELO:1006
CE_PASSEDPAWNS:0.4964548252222503
CE_PAWNWEAKNESSES:0.4989283283858409
CE_PIECEACTIVITY:0.49667053559731916
CE_KINGPAWNSHIELD:0.512078097597571
CE_PIECECOORDINATION:0.5010463490104472
CE_MATERIAL:0.5048346750816826
CE_KINGSAFETY:0.49275560889063036
C_PIECESQUARETABLES:0.48584838730676855
C_MOBILITY:0.48532490271333145
C_KINGSAFETY:0.5
C_PAWNSTRUCTURE:0.4900612909529135
C_PIECECOORDINATION:0.5
C_ROOKANDPAWNMOVEMENT:0.5
C_CENTERCONTROL:0.504724007447748
C_DEVELOPPIECES:0.4886879754469162
C_MATERIAL:0.5054564278488052
C_MOVECOUNT:0.5119504615541384
