ELO:988
CE_PASSEDPAWNS:0.5170053028549347
CE_PAWNWEAKNESSES:0.5128889835512717
CE_PIECEACTIVITY:0.5208716894838205
CE_KINGPAWNSHIELD:0.4076561608377238
CE_PIECECOORDINATION:0.44288533717478745
CE_MATERIAL:0.5538428992837039
CE_KINGSAFETY:0.4781803016598355
C_PIECESQUARETABLES:0.5057612917338478
C_MOBILITY:0.49092207688600964
C_KINGSAFETY:0.5179303132905332
C_PAWNSTRUCTURE:0.49803675145565307
C_PIECECOORDINATION:0.5350567576815112
C_ROOKANDPAWNMOVEMENT:0.5350567576815112
C_CENTERCONTROL:0.40826612371076276
C_DEVELOPPIECES:0.5168597767512775
C_MATERIAL:0.5970573370528286
