ELO:908
CE_PASSEDPAWNS:0.46937128426254965
CE_PAWNWEAKNESSES:0.5017569306477687
CE_PIECEACTIVITY:0.502921804982683
CE_KINGPAWNSHIELD:0.4796814235672296
CE_PIECECOORDINATION:0.4555143183471655
CE_MATERIAL:0.5338236479353586
CE_KINGSAFETY:0.505072388536151
C_PIECESQUARETABLES:0.4888990008156893
C_MOBILITY:0.4257172728247141
C_KINGSAFETY:0.43385827927461096
C_PAWNSTRUCTURE:0.5124184700188429
C_PIECECOORDINATION:0.5448549816312108
C_ROOKANDPAWNMOVEMENT:0.5448549816312108
C_CENTERCONTROL:0.4935358869545893
C_DEVELOPPIECES:0.46216126443995226
C_MATERIAL:0.4853397557102601
C_MOVECOUNT:0.4598932293218274
