ELO:918
CE_PASSEDPAWNS:0.47751632992684667
CE_PAWNWEAKNESSES:0.4083722547025108
CE_PIECEACTIVITY:0.44133478389288017
CE_KINGPAWNSHIELD:0.4950089545422965
CE_PIECECOORDINATION:0.41680997533576813
CE_MATERIAL:0.4953928410475647
CE_KINGSAFETY:0.5057444823742431
C_PIECESQUARETABLES:0.4617898947214036
C_MOBILITY:0.53435641066568
C_KINGSAFETY:0.5854624258980874
C_PAWNSTRUCTURE:0.4305373367061192
C_PIECECOORDINATION:0.48658837950506384
C_ROOKANDPAWNMOVEMENT:0.48658837950506384
C_CENTERCONTROL:0.4481334314417403
C_DEVELOPPIECES:0.6411274869567126
C_MATERIAL:0.5687228728590891
