ELO:916
CE_PASSEDPAWNS:0.49276546990653924
CE_PAWNWEAKNESSES:0.5084264246846543
CE_PIECEACTIVITY:0.4889324118682632
CE_KINGPAWNSHIELD:0.4908564743545815
CE_PIECECOORDINATION:0.4718201385461088
CE_MATERIAL:0.5314821040839803
CE_KINGSAFETY:0.5155367636711446
C_PIECESQUARETABLES:0.48654356322794184
C_MOBILITY:0.44858933459180833
C_KINGSAFETY:0.42069848273810995
C_PAWNSTRUCTURE:0.5317829059602006
C_PIECECOORDINATION:0.5421636732105458
C_ROOKANDPAWNMOVEMENT:0.5421636732105458
C_CENTERCONTROL:0.5037151903605844
C_DEVELOPPIECES:0.4559067059431697
C_MATERIAL:0.4952653433739787
C_MOVECOUNT:0.4842033496774253
