ELO:991
CE_PASSEDPAWNS:0.4252726010080512
CE_PAWNWEAKNESSES:0.6112112852215112
CE_PIECEACTIVITY:0.5016882600251755
CE_KINGPAWNSHIELD:0.5194254652359703
CE_PIECECOORDINATION:0.48886267186977306
CE_MATERIAL:0.4398459082211138
CE_KINGSAFETY:0.4764628836939116
C_PIECESQUARETABLES:0.434028297119705
C_MOBILITY:0.3943912036106395
C_KINGSAFETY:0.39774881238634535
C_PAWNSTRUCTURE:0.4641956970565787
C_PIECECOORDINATION:0.6062365144154273
C_ROOKANDPAWNMOVEMENT:0.6062365144154273
C_CENTERCONTROL:0.5469360892898159
C_DEVELOPPIECES:0.5036940347140765
C_MATERIAL:0.5129172544604848
