ELO:988
CE_PASSEDPAWNS:0.5038775102628889
CE_PAWNWEAKNESSES:0.5175847673216727
CE_PIECEACTIVITY:0.5073723705819718
CE_KINGPAWNSHIELD:0.5023183165914716
CE_PIECECOORDINATION:0.4936603848418907
CE_MATERIAL:0.4500890926880977
CE_KINGSAFETY:0.5068830771333748
C_PIECESQUARETABLES:0.48347339182914373
C_MOBILITY:0.4797450669327338
C_KINGSAFETY:0.5436890984102618
C_PAWNSTRUCTURE:0.4528271355239996
C_PIECECOORDINATION:0.4710054662476677
C_ROOKANDPAWNMOVEMENT:0.4710054662476677
C_CENTERCONTROL:0.5004401171311363
C_DEVELOPPIECES:0.49577400845788505
C_MATERIAL:0.5185299309389421
