ELO:1014
CE_PASSEDPAWNS:0.5
CE_PAWNWEAKNESSES:0.490509111892448
CE_PIECEACTIVITY:0.5
CE_KINGPAWNSHIELD:0.4516255944086121
CE_PIECECOORDINATION:0.5057614347239983
CE_MATERIAL:0.4980261701732225
CE_KINGSAFETY:0.5
C_PIECESQUARETABLES:0.5136413423371706
C_MOBILITY:0.534705928910815
C_KINGSAFETY:0.4981080962150639
C_PAWNSTRUCTURE:0.5091220547528964
C_PIECECOORDINATION:0.5089119274797127
C_ROOKANDPAWNMOVEMENT:0.5089119274797127
C_CENTERCONTROL:0.5334862570056489
C_DEVELOPPIECES:0.4693761254151244
C_MATERIAL:0.5
C_MOVECOUNT:0.5
