ELO:1000
CE_PASSEDPAWNS:0.5046220436129443
CE_PAWNWEAKNESSES:0.5480802024897099
CE_PIECEACTIVITY:0.47701641507676457
CE_KINGPAWNSHIELD:0.49944846980441715
CE_PIECECOORDINATION:0.47245642589833625
CE_MATERIAL:0.5198762543342351
CE_KINGSAFETY:0.4942284948023965
C_PIECESQUARETABLES:0.4931466305893306
C_MOBILITY:0.49815898832416045
C_KINGSAFETY:0.5486219222442775
C_PAWNSTRUCTURE:0.45387735844889743
C_PIECECOORDINATION:0.5598780845759318
C_ROOKANDPAWNMOVEMENT:0.5598780845759318
C_CENTERCONTROL:0.543040002816339
C_DEVELOPPIECES:0.5525659462364331
C_MATERIAL:0.44979919011654673
