ELO:1048
CE_PASSEDPAWNS:0.4902550476904165
CE_PAWNWEAKNESSES:0.5143739487374894
CE_PIECEACTIVITY:0.49669922482791296
CE_KINGPAWNSHIELD:0.4952663971815441
CE_PIECECOORDINATION:0.5
CE_MATERIAL:0.49181775090965224
CE_KINGSAFETY:0.5
C_PIECESQUARETABLES:0.5
C_MOBILITY:0.4873458706748244
C_KINGSAFETY:0.48387421786891405
C_PAWNSTRUCTURE:0.49718218628047534
C_PIECECOORDINATION:0.5120673871422329
C_ROOK:0.5096401867591909
CE_ROOK:0.4811678256649255
C_CENTERCONTROL:0.4931333366455676
C_DEVELOPPIECES:0.50148941199738
C_MATERIAL:0.5
C_MOVECOUNT:0.4722447649162971
C_PAWNMOVEMENT:0.5141172219421226
