ELO:985
CE_PASSEDPAWNS:0.48471041513052615
CE_PAWNWEAKNESSES:0.47080899038537255
CE_PIECEACTIVITY:0.5484378823211795
CE_KINGPAWNSHIELD:0.49481339179427575
CE_PIECECOORDINATION:0.5573934354304043
CE_MATERIAL:0.4993037999491096
CE_KINGSAFETY:0.5
C_PIECESQUARETABLES:0.5
C_MOBILITY:0.5090428569928326
C_KINGSAFETY:0.5
C_PAWNSTRUCTURE:0.5032179713012929
C_PIECECOORDINATION:0.4869405894438509
C_ROOKANDPAWNMOVEMENT:0.4869405894438509
C_CENTERCONTROL:0.4054756888600244
C_DEVELOPPIECES:0.5001869956773616
C_MATERIAL:0.5201584906579828
C_MOVECOUNT:0.5
