ELO:952
CE_PASSEDPAWNS:0.504689407530634
CE_PAWNWEAKNESSES:0.4958494491894167
CE_PIECEACTIVITY:0.5035111566344522
CE_KINGPAWNSHIELD:0.493350262579467
CE_PIECECOORDINATION:0.4779936374515798
CE_MATERIAL:0.4922885348426369
CE_KINGSAFETY:0.4939018140393297
C_PIECESQUARETABLES:0.5103278644319927
C_MOBILITY:0.5010565025386224
C_KINGSAFETY:0.5097754049165825
C_PAWNSTRUCTURE:0.5029928485843836
C_PIECECOORDINATION:0.5010223490411645
C_ROOKANDPAWNMOVEMENT:0.5010223490411645
C_CENTERCONTROL:0.49600925606857577
C_DEVELOPPIECES:0.5331509982241267
C_MATERIAL:0.48359971475320607
C_MOVECOUNT:0.4806418279235702
