ELO:988
CE_PASSEDPAWNS:0.5156839845540195
CE_PAWNWEAKNESSES:0.5221512520453567
CE_PIECEACTIVITY:0.5221812135698585
CE_KINGPAWNSHIELD:0.41072226420353347
CE_PIECECOORDINATION:0.44288533717478745
CE_MATERIAL:0.5538428992837039
CE_KINGSAFETY:0.5
C_PIECESQUARETABLES:0.4937774584498905
C_MOBILITY:0.503973944548427
C_KINGSAFETY:0.5077087654596292
C_PAWNSTRUCTURE:0.5210575103955976
C_PIECECOORDINATION:0.5440951394895868
C_ROOKANDPAWNMOVEMENT:0.5440951394895868
C_CENTERCONTROL:0.40143243427721687
C_DEVELOPPIECES:0.5051413407083851
C_MATERIAL:0.5856257613059224
