ELO:980
CE_PASSEDPAWNS:0.5077995188896337
CE_PAWNWEAKNESSES:0.49926265493110433
CE_PIECEACTIVITY:0.47910637565981995
CE_KINGPAWNSHIELD:0.4495652460603903
CE_PIECECOORDINATION:0.4999760558519612
CE_MATERIAL:0.47075700856106895
CE_KINGSAFETY:0.49484237438352724
C_PIECESQUARETABLES:0.4910127561152608
C_MOBILITY:0.4928050941707059
C_KINGSAFETY:0.5139162397360997
C_PAWNSTRUCTURE:0.5072109617524624
C_PIECECOORDINATION:0.5127827759338585
C_ROOKANDPAWNMOVEMENT:0.5127827759338585
C_CENTERCONTROL:0.4903181955741414
C_DEVELOPPIECES:0.49762117970714526
C_MATERIAL:0.5074603803576814
C_MOVECOUNT:0.5
