ELO:1045
CE_PASSEDPAWNS:0.49522989190226696
CE_PAWNWEAKNESSES:0.39252326647094454
CE_PIECEACTIVITY:0.5344861929030611
CE_KINGPAWNSHIELD:0.5547478757775055
CE_PIECECOORDINATION:0.4968220738977996
CE_MATERIAL:0.4839441222758687
CE_KINGSAFETY:0.5386330626654571
C_PIECESQUARETABLES:0.5
C_MOBILITY:0.5090428569928326
C_KINGSAFETY:0.5678743419962452
C_PAWNSTRUCTURE:0.48570401539612146
C_PIECECOORDINATION:0.4383496978922531
C_ROOKANDPAWNMOVEMENT:0.4383496978922531
C_CENTERCONTROL:0.44106787365781297
C_DEVELOPPIECES:0.44050650998912266
C_MATERIAL:0.4805112615866776
C_MOVECOUNT:0.5
