ELO:1053
CE_PASSEDPAWNS:0.47861669540079754
CE_PAWNWEAKNESSES:0.5
CE_PIECEACTIVITY:0.5011412424490588
CE_KINGPAWNSHIELD:0.5002514042906095
CE_PIECECOORDINATION:0.49067908115444525
CE_MATERIAL:0.5
CE_KINGSAFETY:0.5
C_PIECESQUARETABLES:0.5
C_MOBILITY:0.5
C_KINGSAFETY:0.5
C_PAWNSTRUCTURE:0.4998833079363668
C_PIECECOORDINATION:0.5151692227716856
C_ROOK:0.5096401867591909
CE_ROOK:0.48766999446357734
C_CENTERCONTROL:0.5299982789373977
C_DEVELOPPIECES:0.5008416445546856
C_MATERIAL:0.4797243308268542
C_MOVECOUNT:0.5025186591504032
C_PAWNMOVEMENT:0.49920342959214886
