ELO:855
CE_PASSEDPAWNS:0.505338905719331
CE_PAWNWEAKNESSES:0.48501549785183723
CE_PIECEACTIVITY:0.47125409269679186
CE_KINGPAWNSHIELD:0.4977505584720053
CE_PIECECOORDINATION:0.5009220643244031
CE_MATERIAL:0.46083520681436285
CE_KINGSAFETY:0.5
C_PIECESQUARETABLES:0.5
C_MOBILITY:0.4952352527065514
C_KINGSAFETY:0.6141098595060591
C_PAWNSTRUCTURE:0.512584648412638
C_PIECECOORDINATION:0.4752408495261718
C_ROOKANDPAWNMOVEMENT:0.4752408495261718
C_CENTERCONTROL:0.4892159748478409
C_DEVELOPPIECES:0.5062837080582208
C_MATERIAL:0.5118480245388339
C_MOVECOUNT:0.5
