ELO:1007
CE_PASSEDPAWNS:0.5
CE_PAWNWEAKNESSES:0.4870826378112321
CE_PIECEACTIVITY:0.5080142235641132
CE_KINGPAWNSHIELD:0.5
CE_PIECECOORDINATION:0.550459832242452
CE_MATERIAL:0.511282617344672
CE_KINGSAFETY:0.48580385955468064
C_PIECESQUARETABLES:0.5
C_MOBILITY:0.4952767670080874
C_KINGSAFETY:0.5161819673371316
C_PAWNSTRUCTURE:0.5099399411777752
C_PIECECOORDINATION:0.4667301468068255
C_ROOKANDPAWNMOVEMENT:0.4667301468068255
C_CENTERCONTROL:0.5050578964332557
C_DEVELOPPIECES:0.5020983735151573
C_MATERIAL:0.5
C_MOVECOUNT:0.5
