ELO:1012
CE_PASSEDPAWNS:0.5282826455767842
CE_PAWNWEAKNESSES:0.5
CE_PIECEACTIVITY:0.47318396923875367
CE_KINGPAWNSHIELD:0.5229791247231944
CE_PIECECOORDINATION:0.49856246953449324
CE_MATERIAL:0.48093694455524016
CE_KINGSAFETY:0.5000678926936466
C_PIECESQUARETABLES:0.5
C_MOBILITY:0.4984878566667621
C_KINGSAFETY:0.5009724167166232
C_PAWNSTRUCTURE:0.48931440796584746
C_PIECECOORDINATION:0.49100743608530045
C_ROOK:0.4880920084876476
CE_ROOK:0.4944589913835607
C_CENTERCONTROL:0.5114797033748671
C_DEVELOPPIECES:0.5070526986339695
C_MATERIAL:0.47526215693159796
C_MOVECOUNT:0.506782979846653
C_PAWNMOVEMENT:0.5
