ELO:1033
CE_PASSEDPAWNS:0.5
CE_PAWNWEAKNESSES:0.4934967799216349
CE_PIECEACTIVITY:0.5033552993834758
CE_KINGPAWNSHIELD:0.5002514042906095
CE_PIECECOORDINATION:0.5214771618589702
CE_MATERIAL:0.5138007272022727
CE_KINGSAFETY:0.5
C_PIECESQUARETABLES:0.5
C_MOBILITY:0.5070454903558789
C_KINGSAFETY:0.48387421786891405
C_PAWNSTRUCTURE:0.5008864142489636
C_PIECECOORDINATION:0.5088834782156937
C_ROOK:0.5
CE_ROOK:0.49365928601756126
C_CENTERCONTROL:0.5030476537102214
C_DEVELOPPIECES:0.48545380561561957
C_MATERIAL:0.5
C_MOVECOUNT:0.4843004997254273
C_PAWNMOVEMENT:0.5024525713830046
