ELO:910
CE_PASSEDPAWNS:0.5711023336816838
CE_PAWNWEAKNESSES:0.5145204675983679
CE_PIECEACTIVITY:0.45211560425078595
CE_KINGPAWNSHIELD:0.47673860609883645
CE_PIECECOORDINATION:0.4584318264691491
CE_MATERIAL:0.5439164349286671
CE_KINGSAFETY:0.48964285776721034
C_PIECESQUARETABLES:0.5067528073836018
C_MOBILITY:0.45989856708422766
C_KINGSAFETY:0.4909337445150277
C_PAWNSTRUCTURE:0.4691901907986291
C_PIECECOORDINATION:0.5202574664834474
C_ROOKANDPAWNMOVEMENT:0.5202574664834474
C_CENTERCONTROL:0.4086743850090683
C_DEVELOPPIECES:0.37482183396306223
C_MATERIAL:0.45626685802138683
