ELO:957
CE_PASSEDPAWNS:0.4979797585875339
CE_PAWNWEAKNESSES:0.4441966857689852
CE_PIECEACTIVITY:0.45385369140292847
CE_KINGPAWNSHIELD:0.5388085713977733
CE_PIECECOORDINATION:0.5707069145022846
CE_MATERIAL:0.4709303223813403
CE_KINGSAFETY:0.5
C_PIECESQUARETABLES:0.4848708851847386
C_MOBILITY:0.5021212798997133
C_KINGSAFETY:0.49332640602295963
C_PAWNSTRUCTURE:0.5093122671439013
C_PIECECOORDINATION:0.5023181869044465
C_ROOKANDPAWNMOVEMENT:0.5023181869044465
C_CENTERCONTROL:0.5859954474286428
C_DEVELOPPIECES:0.4946426141996665
C_MATERIAL:0.4815245080156408
C_MOVECOUNT:0.5
