ELO:917
CE_PASSEDPAWNS:0.5653779753034703
CE_PAWNWEAKNESSES:0.4897651679560605
CE_PIECEACTIVITY:0.5096917743532858
CE_KINGPAWNSHIELD:0.4860347322787469
CE_PIECECOORDINATION:0.5085533703952261
CE_MATERIAL:0.5249160300623865
CE_KINGSAFETY:0.48431027157052503
C_PIECESQUARETABLES:0.5093530141208789
C_MOBILITY:0.509551614700352
C_KINGSAFETY:0.5617292737472915
C_PAWNSTRUCTURE:0.5325101270403654
C_PIECECOORDINATION:0.4895106202467698
C_ROOKANDPAWNMOVEMENT:0.4895106202467698
C_CENTERCONTROL:0.5027473535639633
C_DEVELOPPIECES:0.4539560933288462
C_MATERIAL:0.5113039817118805
C_MOVECOUNT:0.5
