ELO:915
CE_PASSEDPAWNS:0.6024591335449877
CE_PAWNWEAKNESSES:0.5011060945796012
CE_PIECEACTIVITY:0.4527192982324713
CE_KINGPAWNSHIELD:0.46292300241452095
CE_PIECECOORDINATION:0.41643700181643367
CE_MATERIAL:0.5519530700807963
CE_KINGSAFETY:0.508773322598964
C_PIECESQUARETABLES:0.5033299466939022
C_MOBILITY:0.4714257060862312
C_KINGSAFETY:0.46232284011431196
C_PAWNSTRUCTURE:0.48408781237842424
C_PIECECOORDINATION:0.5197272986051213
C_ROOKANDPAWNMOVEMENT:0.5197272986051213
C_CENTERCONTROL:0.4230167555480406
C_DEVELOPPIECES:0.36486833719887285
C_MATERIAL:0.4633245927604367
