ELO:899
CE_PASSEDPAWNS:0.5563952708813334
CE_PAWNWEAKNESSES:0.4760474360146438
CE_PIECEACTIVITY:0.46639534041384223
CE_KINGPAWNSHIELD:0.5890423045752045
CE_PIECECOORDINATION:0.5553446026707921
CE_MATERIAL:0.42093955012075823
CE_KINGSAFETY:0.5
C_PIECESQUARETABLES:0.5
C_MOBILITY:0.5784636843442842
C_KINGSAFETY:0.4476698887596111
C_PAWNSTRUCTURE:0.4881628691522166
C_PIECECOORDINATION:0.5481207918461677
C_ROOKANDPAWNMOVEMENT:0.5481207918461677
C_CENTERCONTROL:0.4482832613106597
C_DEVELOPPIECES:0.5424930146811515
C_MATERIAL:0.41354128118949807
