ELO:955
CE_PASSEDPAWNS:0.505064664821837
CE_PAWNWEAKNESSES:0.5191527588610371
CE_PIECEACTIVITY:0.506825816364361
CE_KINGPAWNSHIELD:0.4706641677511513
CE_PIECECOORDINATION:0.49018133869764563
CE_MATERIAL:0.5141295900950862
CE_KINGSAFETY:0.5
C_PIECESQUARETABLES:0.5
C_MOBILITY:0.5032234607427635
C_KINGSAFETY:0.5072421506169151
C_PAWNSTRUCTURE:0.48090810555521774
C_PIECECOORDINATION:0.48133353896721226
C_ROOK:0.48370923173223634
CE_ROOK:0.4963677712915393
C_CENTERCONTROL:0.4768279401556879
C_DEVELOPPIECES:0.48234036563445254
C_MATERIAL:0.511876443204859
C_MOVECOUNT:0.49457094578870353
C_PAWNMOVEMENT:0.5675142106954286
