ELO:999
CE_PASSEDPAWNS:0.5595539334198921
CE_PAWNWEAKNESSES:0.44446667917748717
CE_PIECEACTIVITY:0.4570484547589441
CE_KINGPAWNSHIELD:0.5317272931071767
CE_PIECECOORDINATION:0.5081686787349808
CE_MATERIAL:0.4874866290433685
CE_KINGSAFETY:0.5169952727098559
C_PIECESQUARETABLES:0.5242896664245577
C_MOBILITY:0.47467109814979014
C_KINGSAFETY:0.4780394334068309
C_PAWNSTRUCTURE:0.49099421167504864
C_PIECECOORDINATION:0.45920759271096795
C_ROOKANDPAWNMOVEMENT:0.45920759271096795
C_CENTERCONTROL:0.49792115729970665
C_DEVELOPPIECES:0.43734291522591373
C_MATERIAL:0.47322954996661154
