ELO:934
CE_PASSEDPAWNS:0.47732014318214655
CE_PAWNWEAKNESSES:0.4852073361175151
CE_PIECEACTIVITY:0.535085908775293
CE_KINGPAWNSHIELD:0.4923489728381826
CE_PIECECOORDINATION:0.49251180788231075
CE_MATERIAL:0.47967110085390274
CE_KINGSAFETY:0.5075827082489506
C_PIECESQUARETABLES:0.49835571766463677
C_MOBILITY:0.4769297856983695
C_KINGSAFETY:0.5259189828804274
C_PAWNSTRUCTURE:0.5154678321037858
C_PIECECOORDINATION:0.5088396901146759
C_ROOKANDPAWNMOVEMENT:0.5088396901146759
C_CENTERCONTROL:0.47511664176679946
C_DEVELOPPIECES:0.46329759046432983
C_MATERIAL:0.4666763272534224
C_MOVECOUNT:0.4789445584264613
