ELO:965
CE_PASSEDPAWNS:0.505064664821837
CE_PAWNWEAKNESSES:0.5124159877649512
CE_PIECEACTIVITY:0.512872828551183
CE_KINGPAWNSHIELD:0.4706641677511513
CE_PIECECOORDINATION:0.49018133869764563
CE_MATERIAL:0.5141295900950862
CE_KINGSAFETY:0.501226265334321
C_PIECESQUARETABLES:0.5
C_MOBILITY:0.5032234607427635
C_KINGSAFETY:0.5121471199329605
C_PAWNSTRUCTURE:0.46906439516285353
C_PIECECOORDINATION:0.48133353896721226
C_ROOK:0.4818457109465652
CE_ROOK:0.4882121628598771
C_CENTERCONTROL:0.48763643573627363
C_DEVELOPPIECES:0.48234036563445254
C_MATERIAL:0.511876443204859
C_MOVECOUNT:0.4956050852218245
C_PAWNMOVEMENT:0.5675142106954286
