ELO:1000
CE_PASSEDPAWNS:0.5467183861159535
CE_PAWNWEAKNESSES:0.4817476960802896
CE_PIECEACTIVITY:0.4785408875897515
CE_KINGPAWNSHIELD:0.49885443137121493
CE_PIECECOORDINATION:0.5165229368677606
CE_MATERIAL:0.4868893507736291
CE_KINGSAFETY:0.4918413367773143
C_PIECESQUARETABLES:0.5153842846654869
C_MOBILITY:0.47300544828180896
C_KINGSAFETY:0.47203736106954997
C_PAWNSTRUCTURE:0.5096684807812493
C_PIECECOORDINATION:0.4953089581882612
C_ROOKANDPAWNMOVEMENT:0.4953089581882612
C_CENTERCONTROL:0.5067478497986703
C_DEVELOPPIECES:0.5123268177707558
C_MATERIAL:0.5037860410986543
