ELO:917
CE_PASSEDPAWNS:0.5286584606296603
CE_PAWNWEAKNESSES:0.4599876674517876
CE_PIECEACTIVITY:0.45475780223343215
CE_KINGPAWNSHIELD:0.48699067588424705
CE_PIECECOORDINATION:0.5030139657128873
CE_MATERIAL:0.5170361495395075
CE_KINGSAFETY:0.4821657276849039
C_PIECESQUARETABLES:0.5153230082860809
C_MOBILITY:0.4622879254386466
C_KINGSAFETY:0.4607588440093472
C_PAWNSTRUCTURE:0.4679283143533524
C_PIECECOORDINATION:0.4389547617863464
C_ROOKANDPAWNMOVEMENT:0.4389547617863464
C_CENTERCONTROL:0.4955025651748598
C_DEVELOPPIECES:0.41197467692393364
C_MATERIAL:0.4602655372390122
