ELO:1020
CE_PASSEDPAWNS:0.5854615226098855
CE_PAWNWEAKNESSES:0.48079775511738915
CE_PIECEACTIVITY:0.4471166928989063
CE_KINGPAWNSHIELD:0.4707677834525388
CE_PIECECOORDINATION:0.5159078497011476
CE_MATERIAL:0.46346474420920525
CE_KINGSAFETY:0.4936424723541862
C_PIECESQUARETABLES:0.5185606487961256
C_MOBILITY:0.42554653840526346
C_KINGSAFETY:0.4623686950718451
C_PAWNSTRUCTURE:0.44299982403145666
C_PIECECOORDINATION:0.4981947073063073
C_ROOKANDPAWNMOVEMENT:0.4981947073063073
C_CENTERCONTROL:0.545636590397176
C_DEVELOPPIECES:0.52591741591488
C_MATERIAL:0.4566165825037413
