ELO:976
CE_PASSEDPAWNS:0.5023254962176473
CE_PAWNWEAKNESSES:0.5097514447822895
CE_PIECEACTIVITY:0.5259862663372638
CE_KINGPAWNSHIELD:0.5066123879555207
CE_PIECECOORDINATION:0.4987746934583273
CE_MATERIAL:0.5077731257644768
CE_KINGSAFETY:0.5044848039812284
C_PIECESQUARETABLES:0.5
C_MOBILITY:0.4801466388132597
C_KINGSAFETY:0.5112908310373097
C_PAWNSTRUCTURE:0.4479368168891425
C_PIECECOORDINATION:0.5090671864501586
C_ROOK:0.4835112515274933
CE_ROOK:0.49205534075173873
C_CENTERCONTROL:0.4652731759807169
C_DEVELOPPIECES:0.4830610559719044
C_MATERIAL:0.5515547581457438
C_MOVECOUNT:0.48433468206637914
C_PAWNMOVEMENT:0.5703603362863486
