ELO:982
CE_PASSEDPAWNS:0.5039485151323496
CE_PAWNWEAKNESSES:0.4765828759540425
CE_PIECEACTIVITY:0.5136068633237045
CE_KINGPAWNSHIELD:0.5045280815422837
CE_PIECECOORDINATION:0.49276093658376907
CE_MATERIAL:0.5105952479973552
CE_KINGSAFETY:0.5071151461041595
C_PIECESQUARETABLES:0.5141030753986943
C_MOBILITY:0.5
C_KINGSAFETY:0.5132029088481962
C_PAWNSTRUCTURE:0.5020619685828068
C_PIECECOORDINATION:0.5117225053164981
C_ROOKANDPAWNMOVEMENT:0.5117225053164981
C_CENTERCONTROL:0.5
C_DEVELOPPIECES:0.5180979126282703
C_MATERIAL:0.4935315463510905
