ELO:959
CE_PASSEDPAWNS:0.5148045136806482
CE_PAWNWEAKNESSES:0.5210368806186895
CE_PIECEACTIVITY:0.5074068462744977
CE_KINGPAWNSHIELD:0.46281837834707523
CE_PIECECOORDINATION:0.49018133869764563
CE_MATERIAL:0.5258470505407297
CE_KINGSAFETY:0.4848801488395946
C_PIECESQUARETABLES:0.5
C_MOBILITY:0.5020274242350322
C_KINGSAFETY:0.5072421506169151
C_PAWNSTRUCTURE:0.47049377423273336
C_PIECECOORDINATION:0.4785855815733529
C_ROOK:0.5004391853872252
CE_ROOK:0.5057171742809643
C_CENTERCONTROL:0.48429733878928793
C_DEVELOPPIECES:0.4927442214015818
C_MATERIAL:0.5012740804565602
C_MOVECOUNT:0.4898504122159268
C_PAWNMOVEMENT:0.5542158759368992
