ELO:995
CE_PASSEDPAWNS:0.5457345729423272
CE_PAWNWEAKNESSES:0.5271224385505124
CE_PIECEACTIVITY:0.5975814565428466
CE_KINGPAWNSHIELD:0.5599465954910741
CE_PIECECOORDINATION:0.46148418074901465
CE_MATERIAL:0.5556782272251335
CE_KINGSAFETY:0.5
C_PIECESQUARETABLES:0.5058913984298616
C_MOBILITY:0.49816549280442246
C_KINGSAFETY:0.5001911309202866
C_PAWNSTRUCTURE:0.49923527898734754
C_PIECECOORDINATION:0.5562674503149065
C_ROOKANDPAWNMOVEMENT:0.5562674503149065
C_CENTERCONTROL:0.3628208528192532
C_DEVELOPPIECES:0.5933423053266473
C_MATERIAL:0.5859692747107864
