ELO:974
CE_PASSEDPAWNS:0.5242005703137064
CE_PAWNWEAKNESSES:0.42962049255366463
CE_PIECEACTIVITY:0.4628432822611783
CE_KINGPAWNSHIELD:0.4842263911044692
CE_PIECECOORDINATION:0.4619399115537362
CE_MATERIAL:0.5287726114643303
CE_KINGSAFETY:0.4195478753131103
C_PIECESQUARETABLES:0.49066985222298976
C_MOBILITY:0.5035480143939717
C_KINGSAFETY:0.5060092305295214
C_PAWNSTRUCTURE:0.48784929367239144
C_PIECECOORDINATION:0.4960495076684677
C_ROOKANDPAWNMOVEMENT:0.4960495076684677
C_CENTERCONTROL:0.4908162968410614
C_DEVELOPPIECES:0.4718128909227202
C_MATERIAL:0.5250255986906176
C_MOVECOUNT:0.5578568109898147
