ELO:954
CE_PASSEDPAWNS:0.5457318624768822
CE_PAWNWEAKNESSES:0.43690732466505994
CE_PIECEACTIVITY:0.45423541075026236
CE_KINGPAWNSHIELD:0.5207073166344335
CE_PIECECOORDINATION:0.4909249824802782
CE_MATERIAL:0.5349287278543092
CE_KINGSAFETY:0.5146945324649937
C_PIECESQUARETABLES:0.49389416334920494
C_MOBILITY:0.4754201962866022
C_KINGSAFETY:0.4711713172203388
C_PAWNSTRUCTURE:0.4654765489046482
C_PIECECOORDINATION:0.4434882564102505
C_ROOKANDPAWNMOVEMENT:0.4434882564102505
C_CENTERCONTROL:0.5095097141389144
C_DEVELOPPIECES:0.46058150086946303
C_MATERIAL:0.4691577936065336
