ELO:1016
CE_PASSEDPAWNS:0.48735319267785604
CE_PAWNWEAKNESSES:0.4978668347111512
CE_PIECEACTIVITY:0.5331715782585037
CE_KINGPAWNSHIELD:0.5299997059759501
CE_PIECECOORDINATION:0.5
CE_MATERIAL:0.48965596704008996
CE_KINGSAFETY:0.5
C_PIECESQUARETABLES:0.47957512507436123
C_MOBILITY:0.5
C_KINGSAFETY:0.5089883691247459
C_PAWNSTRUCTURE:0.5402429035349409
C_PIECECOORDINATION:0.5414174651498439
C_ROOKANDPAWNMOVEMENT:0.5414174651498439
C_CENTERCONTROL:0.46982275664141154
C_DEVELOPPIECES:0.4732142786378269
C_MATERIAL:0.4805112615866776
C_MOVECOUNT:0.5
