ELO:1021
CE_PASSEDPAWNS:0.5
CE_PAWNWEAKNESSES:0.5
CE_PIECEACTIVITY:0.5160093255474469
CE_KINGPAWNSHIELD:0.5
CE_PIECECOORDINATION:0.5
CE_MATERIAL:0.5
CE_KINGSAFETY:0.49582368375542135
C_PIECESQUARETABLES:0.5
C_MOBILITY:0.4982790440394539
C_KINGSAFETY:0.49533642676431344
C_PAWNSTRUCTURE:0.5
C_PIECECOORDINATION:0.49961449616109127
C_ROOKANDPAWNMOVEMENT:0.49961449616109127
C_CENTERCONTROL:0.5
C_DEVELOPPIECES:0.5194636694139777
C_MATERIAL:0.49464362661196015
C_MOVECOUNT:0.5
