ELO:1026
CE_PASSEDPAWNS:0.5
CE_PAWNWEAKNESSES:0.5069041626120251
CE_PIECEACTIVITY:0.499274929371624
CE_KINGPAWNSHIELD:0.5153175121315582
CE_PIECECOORDINATION:0.5011066708505543
CE_MATERIAL:0.5092035967292284
CE_KINGSAFETY:0.484931079237646
C_PIECESQUARETABLES:0.5072877405134532
C_MOBILITY:0.5
C_KINGSAFETY:0.5
C_PAWNSTRUCTURE:0.502909616524075
C_PIECECOORDINATION:0.4964026305359628
C_ROOKANDPAWNMOVEMENT:0.4964026305359628
C_CENTERCONTROL:0.525052303843467
C_DEVELOPPIECES:0.4917967320594953
C_MATERIAL:0.4937492872837152
C_MOVECOUNT:0.5007922236686094
