ELO:902
CE_PASSEDPAWNS:0.47974217579384615
CE_PAWNWEAKNESSES:0.4648087561682503
CE_PIECEACTIVITY:0.4814816730205649
CE_KINGPAWNSHIELD:0.4460616479115721
CE_PIECECOORDINATION:0.46541141096330946
CE_MATERIAL:0.5522223574110673
CE_KINGSAFETY:0.5275376084399495
C_PIECESQUARETABLES:0.5393102324702614
C_MOBILITY:0.5063585904530048
C_KINGSAFETY:0.4317108761945005
C_PAWNSTRUCTURE:0.46637553907822527
C_PIECECOORDINATION:0.42397062179626466
C_ROOKANDPAWNMOVEMENT:0.42397062179626466
C_CENTERCONTROL:0.545731634078287
C_DEVELOPPIECES:0.42630699060812893
C_MATERIAL:0.4430659012546044
