ELO:1000
CE_PASSEDPAWNS:0.5762866603264247
CE_PAWNWEAKNESSES:0.4695582007830586
CE_PIECEACTIVITY:0.46605327374940864
CE_KINGPAWNSHIELD:0.5159518901369277
CE_PIECECOORDINATION:0.5037487588141671
CE_MATERIAL:0.49028232459028614
CE_KINGSAFETY:0.5174680654658123
C_PIECESQUARETABLES:0.5168027383200047
C_MOBILITY:0.4829077237854495
C_KINGSAFETY:0.4624342318834409
C_PAWNSTRUCTURE:0.49992515194784115
C_PIECECOORDINATION:0.4503610479847806
C_ROOKANDPAWNMOVEMENT:0.4503610479847806
C_CENTERCONTROL:0.48314216766418133
C_DEVELOPPIECES:0.4529124296902806
C_MATERIAL:0.4884842011362688
