ELO:960
CE_PASSEDPAWNS:0.5046268388672539
CE_PAWNWEAKNESSES:0.5144147583303347
CE_PIECEACTIVITY:0.5074068462744977
CE_KINGPAWNSHIELD:0.4605209225668994
CE_PIECECOORDINATION:0.49660229575230525
CE_MATERIAL:0.5187095212665492
CE_KINGSAFETY:0.49468737467640683
C_PIECESQUARETABLES:0.5
C_MOBILITY:0.49075193703223063
C_KINGSAFETY:0.5072421506169151
C_PAWNSTRUCTURE:0.47049377423273336
C_PIECECOORDINATION:0.46851905978955233
C_ROOK:0.492546421070303
CE_ROOK:0.5104611476253628
C_CENTERCONTROL:0.48429733878928793
C_DEVELOPPIECES:0.5013699393103092
C_MATERIAL:0.5130504672227331
C_MOVECOUNT:0.49236317588076267
C_PAWNMOVEMENT:0.5508356325006941
