ELO:935
CE_PASSEDPAWNS:0.5932379029629914
CE_PAWNWEAKNESSES:0.5514436491051213
CE_PIECEACTIVITY:0.45871557288628745
CE_KINGPAWNSHIELD:0.4768472879263114
CE_PIECECOORDINATION:0.43426522017543867
CE_MATERIAL:0.5432246073575349
CE_KINGSAFETY:0.498260098155506
C_PIECESQUARETABLES:0.48369504465597707
C_MOBILITY:0.5073754529939197
C_KINGSAFETY:0.4679987968229434
C_PAWNSTRUCTURE:0.49872285200363575
C_PIECECOORDINATION:0.4963385210689722
C_ROOKANDPAWNMOVEMENT:0.4963385210689722
C_CENTERCONTROL:0.4576104587263314
C_DEVELOPPIECES:0.38008143360300545
C_MATERIAL:0.4342528912883709
