ELO:994
CE_PASSEDPAWNS:0.5457345729423272
CE_PAWNWEAKNESSES:0.5128889835512717
CE_PIECEACTIVITY:0.5020571330769682
CE_KINGPAWNSHIELD:0.4154084712299285
CE_PIECECOORDINATION:0.44538019471221774
CE_MATERIAL:0.5030403841932721
CE_KINGSAFETY:0.502952259553647
C_PIECESQUARETABLES:0.5039728943245182
C_MOBILITY:0.580479941274235
C_KINGSAFETY:0.5555396845641076
C_PAWNSTRUCTURE:0.4999721312725596
C_PIECECOORDINATION:0.434524022670818
C_ROOKANDPAWNMOVEMENT:0.434524022670818
C_CENTERCONTROL:0.35215772313367133
C_DEVELOPPIECES:0.5033967556291526
C_MATERIAL:0.5859692747107864
