ELO:1020
CE_PASSEDPAWNS:0.5
CE_PAWNWEAKNESSES:0.5073062950609176
CE_PIECEACTIVITY:0.5
CE_KINGPAWNSHIELD:0.5
CE_PIECECOORDINATION:0.5
CE_MATERIAL:0.5041794217621272
CE_KINGSAFETY:0.49808567597256087
C_PIECESQUARETABLES:0.4939408963721192
C_MOBILITY:0.5
C_KINGSAFETY:0.5
C_PAWNSTRUCTURE:0.49519697050775874
C_PIECECOORDINATION:0.5
C_ROOKANDPAWNMOVEMENT:0.5
C_CENTERCONTROL:0.5
C_DEVELOPPIECES:0.48968199244554267
C_MATERIAL:0.5
