ELO:920
CE_PASSEDPAWNS:0.5145252993167619
CE_PAWNWEAKNESSES:0.4872803691420089
CE_PIECEACTIVITY:0.5265740213369621
CE_KINGPAWNSHIELD:0.519002024793677
CE_PIECECOORDINATION:0.5047922197415046
CE_MATERIAL:0.47033175541086075
CE_KINGSAFETY:0.4690764919846393
C_PIECESQUARETABLES:0.5244398330461705
C_MOBILITY:0.4960834876060091
C_KINGSAFETY:0.5526740091736844
C_PAWNSTRUCTURE:0.5088857976053173
C_PIECECOORDINATION:0.5072787510027456
C_ROOKANDPAWNMOVEMENT:0.5072787510027456
C_CENTERCONTROL:0.43108088927946353
C_DEVELOPPIECES:0.4683701385998413
C_MATERIAL:0.520109768115023
C_MOVECOUNT:0.5
