ELO:1000
CE_PASSEDPAWNS:0.5015082647047849
CE_PAWNWEAKNESSES:0.5
CE_PIECEACTIVITY:0.5061927169338142
CE_KINGPAWNSHIELD:0.5
CE_PIECECOORDINATION:0.5
CE_MATERIAL:0.5
CE_KINGSAFETY:0.5
C_PIECESQUARETABLES:0.4904994628681513
C_MOBILITY:0.5093664064758545
C_KINGSAFETY:0.5
C_PAWNSTRUCTURE:0.5
C_PIECECOORDINATION:0.4878319264759246
C_ROOK:0.5076624822138317
CE_ROOK:0.5
C_CENTERCONTROL:0.5
C_DEVELOPPIECES:0.49152615184482645
C_MATERIAL:0.5
C_MOVECOUNT:0.5
C_PAWNMOVEMENT:0.5065604894428436
