ELO:947
CE_PASSEDPAWNS:0.49831964785017696
CE_PAWNWEAKNESSES:0.5012177488504704
CE_PIECEACTIVITY:0.5105005213397591
CE_KINGPAWNSHIELD:0.467260829921702
CE_PIECECOORDINATION:0.49018133869764563
CE_MATERIAL:0.5019493054305277
CE_KINGSAFETY:0.5015461034478749
C_PIECESQUARETABLES:0.5
C_MOBILITY:0.5024343492402341
C_KINGSAFETY:0.5072421506169151
C_PAWNSTRUCTURE:0.47049377423273336
C_PIECECOORDINATION:0.49014309910496573
C_ROOK:0.4933935346382555
CE_ROOK:0.5027842263407374
C_CENTERCONTROL:0.48429733878928793
C_DEVELOPPIECES:0.46984585071524015
C_MATERIAL:0.5012740804565602
C_MOVECOUNT:0.4898504122159268
C_PAWNMOVEMENT:0.5638488703027648
