ELO:977
CE_PASSEDPAWNS:0.5289470881409636
CE_PAWNWEAKNESSES:0.49076751397850626
CE_PIECEACTIVITY:0.45614812734002275
CE_KINGPAWNSHIELD:0.459032464648697
CE_PIECECOORDINATION:0.4813055189693832
CE_MATERIAL:0.5528709254688294
CE_KINGSAFETY:0.5019822350567539
C_PIECESQUARETABLES:0.4180336618332825
C_MOBILITY:0.5237511263476412
C_KINGSAFETY:0.4573726424835131
C_PAWNSTRUCTURE:0.5420520959064609
C_PIECECOORDINATION:0.4965951149890287
C_ROOKANDPAWNMOVEMENT:0.4965951149890287
C_CENTERCONTROL:0.44346521422165874
C_DEVELOPPIECES:0.40990282589448573
C_MATERIAL:0.4148607461745641
