ELO:992
CE_PASSEDPAWNS:0.4931703954313844
CE_PAWNWEAKNESSES:0.4713538614501314
CE_PIECEACTIVITY:0.4967698708463392
CE_KINGPAWNSHIELD:0.4703492670836616
CE_PIECECOORDINATION:0.517671043533396
CE_MATERIAL:0.4604373958635359
CE_KINGSAFETY:0.48655882331144906
C_PIECESQUARETABLES:0.5
C_MOBILITY:0.48879934713192996
C_KINGSAFETY:0.5087210408622713
C_PAWNSTRUCTURE:0.5052814528195743
C_PIECECOORDINATION:0.501190940818976
C_ROOKANDPAWNMOVEMENT:0.501190940818976
C_CENTERCONTROL:0.5069290118929205
C_DEVELOPPIECES:0.5174487263378219
C_MATERIAL:0.505231912944606
C_MOVECOUNT:0.4953085927025668
