ELO:941
CE_PASSEDPAWNS:0.48330885562625453
CE_PAWNWEAKNESSES:0.4541573978975322
CE_PIECEACTIVITY:0.5
CE_KINGPAWNSHIELD:0.49239483193018807
CE_PIECECOORDINATION:0.5071698749675098
CE_MATERIAL:0.5347047193315649
CE_KINGSAFETY:0.5
C_PIECESQUARETABLES:0.5
C_MOBILITY:0.48247604266603694
C_KINGSAFETY:0.5201484356548572
C_PAWNSTRUCTURE:0.47069581632315793
C_PIECECOORDINATION:0.4487516779322136
C_ROOKANDPAWNMOVEMENT:0.4487516779322136
C_CENTERCONTROL:0.5922155454852495
C_DEVELOPPIECES:0.513382921097591
C_MATERIAL:0.528619403827674
C_MOVECOUNT:0.5
