ELO:1015
CE_PASSEDPAWNS:0.5021079758038245
CE_PAWNWEAKNESSES:0.49329678461121707
CE_PIECEACTIVITY:0.4820949912689005
CE_KINGPAWNSHIELD:0.5041813229310778
CE_PIECECOORDINATION:0.5
CE_MATERIAL:0.5048346750816826
CE_KINGSAFETY:0.49578470596486063
C_PIECESQUARETABLES:0.5088147116555093
C_MOBILITY:0.49549537507563535
C_KINGSAFETY:0.4914442754823171
C_PAWNSTRUCTURE:0.5060054430571999
C_PIECECOORDINATION:0.5
C_ROOKANDPAWNMOVEMENT:0.5
C_CENTERCONTROL:0.5118790671260863
C_DEVELOPPIECES:0.5046060813677019
C_MATERIAL:0.4817193056796904
C_MOVECOUNT:0.4975301368634175
