ELO:988
CE_PASSEDPAWNS:0.5156839845540195
CE_PAWNWEAKNESSES:0.5228365723619048
CE_PIECEACTIVITY:0.5033714149895528
CE_KINGPAWNSHIELD:0.41675893912565953
CE_PIECECOORDINATION:0.4440252809434052
CE_MATERIAL:0.5584939178213347
CE_KINGSAFETY:0.5096848825416341
C_PIECESQUARETABLES:0.501667285731063
C_MOBILITY:0.505911861972506
C_KINGSAFETY:0.5001911309202866
C_PAWNSTRUCTURE:0.5128748944891758
C_PIECECOORDINATION:0.5408951084393193
C_ROOKANDPAWNMOVEMENT:0.5408951084393193
C_CENTERCONTROL:0.4000393257206845
C_DEVELOPPIECES:0.5168597767512775
C_MATERIAL:0.5856257613059224
