ELO:932
CE_PASSEDPAWNS:0.5272844167460333
CE_PAWNWEAKNESSES:0.4302959671967499
CE_PIECEACTIVITY:0.45271383942434673
CE_KINGPAWNSHIELD:0.47420620486237514
CE_PIECECOORDINATION:0.48445031664601934
CE_MATERIAL:0.526939582524032
CE_KINGSAFETY:0.4996833122365321
C_PIECESQUARETABLES:0.5127708587656064
C_MOBILITY:0.47158939973199987
C_KINGSAFETY:0.4399353203876295
C_PAWNSTRUCTURE:0.46387568603731505
C_PIECECOORDINATION:0.4622519101773547
C_ROOKANDPAWNMOVEMENT:0.4622519101773547
C_CENTERCONTROL:0.5350941384559462
C_DEVELOPPIECES:0.4191021964712881
C_MATERIAL:0.42492252716780265
