ELO:999
CE_PASSEDPAWNS:0.49638672571882614
CE_PAWNWEAKNESSES:0.5032611515558341
CE_PIECEACTIVITY:0.5110510862657964
CE_KINGPAWNSHIELD:0.4829766990402948
CE_PIECECOORDINATION:0.5
CE_MATERIAL:0.507860618023185
CE_KINGSAFETY:0.5013605363919801
C_PIECESQUARETABLES:0.49043227344525503
C_MOBILITY:0.49284206653396345
C_KINGSAFETY:0.5051852878455456
C_PAWNSTRUCTURE:0.49144780550001627
C_PIECECOORDINATION:0.48947375665007087
C_ROOKANDPAWNMOVEMENT:0.48947375665007087
C_CENTERCONTROL:0.48689771242335933
C_DEVELOPPIECES:0.5111618519434554
C_MATERIAL:0.5096573535778803
C_MOVECOUNT:0.4961488416332178
