ELO:961
CE_PASSEDPAWNS:0.5599101175457093
CE_PAWNWEAKNESSES:0.42964200182655843
CE_PIECEACTIVITY:0.4719711322218091
CE_KINGPAWNSHIELD:0.5133279705908323
CE_PIECECOORDINATION:0.5264067575511969
CE_MATERIAL:0.5101021465192841
CE_KINGSAFETY:0.5152364088560591
C_PIECESQUARETABLES:0.49343069973506143
C_MOBILITY:0.4524829109115238
C_KINGSAFETY:0.4808212813276545
C_PAWNSTRUCTURE:0.4725165406565237
C_PIECECOORDINATION:0.4287168513985554
C_ROOKANDPAWNMOVEMENT:0.4287168513985554
C_CENTERCONTROL:0.4951581664412271
C_DEVELOPPIECES:0.45916612210646285
C_MATERIAL:0.4602092872757321
