ELO:999
CE_PASSEDPAWNS:0.5015082647047849
CE_PAWNWEAKNESSES:0.505774960729661
CE_PIECEACTIVITY:0.5180317875540812
CE_KINGPAWNSHIELD:0.49062950130173133
CE_PIECECOORDINATION:0.5
CE_MATERIAL:0.5
CE_KINGSAFETY:0.5
C_PIECESQUARETABLES:0.5
C_MOBILITY:0.49935566779740254
C_KINGSAFETY:0.5
C_PAWNSTRUCTURE:0.49018593614535405
C_PIECECOORDINATION:0.4817625635750155
C_ROOK:0.506025802327852
CE_ROOK:0.5
C_CENTERCONTROL:0.487640466663837
C_DEVELOPPIECES:0.4883622305245035
C_MATERIAL:0.5021951397973367
C_MOVECOUNT:0.49525680951587775
C_PAWNMOVEMENT:0.5065604894428436
