ELO:935
CE_PASSEDPAWNS:0.48658624185063154
CE_PAWNWEAKNESSES:0.5153198949108434
CE_PIECEACTIVITY:0.49594329676458176
CE_KINGPAWNSHIELD:0.4846855192398983
CE_PIECECOORDINATION:0.5024374581688767
CE_MATERIAL:0.5192999013331207
CE_KINGSAFETY:0.48867970848069064
C_PIECESQUARETABLES:0.48801349533098054
C_MOBILITY:0.47545290102753457
C_KINGSAFETY:0.48211889203635316
C_PAWNSTRUCTURE:0.48753418575373636
C_PIECECOORDINATION:0.5007097756163296
C_ROOKANDPAWNMOVEMENT:0.5007097756163296
C_CENTERCONTROL:0.5117175986286221
C_DEVELOPPIECES:0.4999358865892149
C_MATERIAL:0.5114304611622202
C_MOVECOUNT:0.49164214501557224
