ELO:926
CE_PASSEDPAWNS:0.5155579827406719
CE_PAWNWEAKNESSES:0.5127225663361441
CE_PIECEACTIVITY:0.5268349383228141
CE_KINGPAWNSHIELD:0.46757906718729253
CE_PIECECOORDINATION:0.4967302547951694
CE_MATERIAL:0.5110724677965045
CE_KINGSAFETY:0.5
C_PIECESQUARETABLES:0.5069181657961046
C_MOBILITY:0.5005755616799926
C_KINGSAFETY:0.5039494001377813
C_PAWNSTRUCTURE:0.45292414449608626
C_PIECECOORDINATION:0.492361097342861
C_ROOK:0.4835112515274933
CE_ROOK:0.49205534075173873
C_CENTERCONTROL:0.47354655780010035
C_DEVELOPPIECES:0.48205045977061545
C_MATERIAL:0.510520084600767
C_MOVECOUNT:0.49280107890876323
C_PAWNMOVEMENT:0.5664044477788212
