ELO:1019
CE_PASSEDPAWNS:0.49440136804619905
CE_PAWNWEAKNESSES:0.47286425670431176
CE_PIECEACTIVITY:0.482986077960694
CE_KINGPAWNSHIELD:0.5121446302366321
CE_PIECECOORDINATION:0.5231004650816856
CE_MATERIAL:0.4736485387625415
CE_KINGSAFETY:0.5
C_PIECESQUARETABLES:0.5
C_MOBILITY:0.502573773273927
C_KINGSAFETY:0.5180747021451926
C_PAWNSTRUCTURE:0.5024445288429544
C_PIECECOORDINATION:0.5268608791544476
C_ROOK:0.5061548351338214
CE_ROOK:0.49431917977143686
C_CENTERCONTROL:0.4529636303463352
C_DEVELOPPIECES:0.4961452687840419
C_MATERIAL:0.5414671902828214
C_MOVECOUNT:0.491893627719153
C_PAWNMOVEMENT:0.49808335392436087
