ELO:952
CE_PASSEDPAWNS:0.5325411987783526
CE_PAWNWEAKNESSES:0.5097514447822895
CE_PIECEACTIVITY:0.5259862663372638
CE_KINGPAWNSHIELD:0.4618523315820038
CE_PIECECOORDINATION:0.4987746934583273
CE_MATERIAL:0.48248858070334666
CE_KINGSAFETY:0.5044848039812284
C_PIECESQUARETABLES:0.5
C_MOBILITY:0.504294316669454
C_KINGSAFETY:0.5112908310373097
C_PAWNSTRUCTURE:0.4479368168891425
C_PIECECOORDINATION:0.47685990156734265
C_ROOK:0.4835112515274933
CE_ROOK:0.49205534075173873
C_CENTERCONTROL:0.4652731759807169
C_DEVELOPPIECES:0.47815811405834185
C_MATERIAL:0.5036942622681729
C_MOVECOUNT:0.49962895533829454
C_PAWNMOVEMENT:0.5703603362863486
