ELO:982
CE_PASSEDPAWNS:0.49645496564230723
CE_PAWNWEAKNESSES:0.5111533292202682
CE_PIECEACTIVITY:0.5259270743337562
CE_KINGPAWNSHIELD:0.477884667132808
CE_PIECECOORDINATION:0.5075872892765911
CE_MATERIAL:0.5141484716191781
CE_KINGSAFETY:0.5102549107212097
C_PIECESQUARETABLES:0.4997616528370844
C_MOBILITY:0.5172089673730231
C_KINGSAFETY:0.5001788224123256
C_PAWNSTRUCTURE:0.48706457048284296
C_PIECECOORDINATION:0.4821932603134457
C_ROOK:0.492546421070303
CE_ROOK:0.5016769131345061
C_CENTERCONTROL:0.4942434810986735
C_DEVELOPPIECES:0.4850210665305921
C_MATERIAL:0.5130504672227331
C_MOVECOUNT:0.4980349510014674
C_PAWNMOVEMENT:0.5198882971870927
