ELO:849
CE_PASSEDPAWNS:0.3769853033383171
CE_PAWNWEAKNESSES:0.6131386615401628
CE_PIECEACTIVITY:0.45755567875955644
CE_KINGPAWNSHIELD:0.5811810345083406
CE_PIECECOORDINATION:0.43614263487662386
CE_MATERIAL:0.4917189053136904
CE_KINGSAFETY:0.5092906406271899
C_PIECESQUARETABLES:0.5101885742386003
C_MOBILITY:0.47076280901169015
C_KINGSAFETY:0.5578028083876188
C_PAWNSTRUCTURE:0.4877564932146267
C_PIECECOORDINATION:0.558641685783673
C_ROOKANDPAWNMOVEMENT:0.558641685783673
C_CENTERCONTROL:0.457382223570001
C_DEVELOPPIECES:0.5476052978504306
C_MATERIAL:0.48469588521681933
