ELO:1014
CE_PASSEDPAWNS:0.4942730086092248
CE_PAWNWEAKNESSES:0.5
CE_PIECEACTIVITY:0.49330206711091257
CE_KINGPAWNSHIELD:0.5
CE_PIECECOORDINATION:0.4955795626817783
CE_MATERIAL:0.5
CE_KINGSAFETY:0.4895901025458214
C_PIECESQUARETABLES:0.5
C_MOBILITY:0.5024531071903964
C_KINGSAFETY:0.5107233725381513
C_PAWNSTRUCTURE:0.5117475600685122
C_PIECECOORDINATION:0.5134651869651766
C_ROOKANDPAWNMOVEMENT:0.5134651869651766
C_CENTERCONTROL:0.4958322774263885
C_DEVELOPPIECES:0.5110399839826686
C_MATERIAL:0.5006063320729266
C_MOVECOUNT:0.5
