ELO:938
CE_PASSEDPAWNS:0.48330885562625453
CE_PAWNWEAKNESSES:0.49848762376073846
CE_PIECEACTIVITY:0.4924303053098151
CE_KINGPAWNSHIELD:0.5532486207783606
CE_PIECECOORDINATION:0.4859026719940845
CE_MATERIAL:0.4670213175191197
CE_KINGSAFETY:0.468509702355772
C_PIECESQUARETABLES:0.5400488387544643
C_MOBILITY:0.5215978225331698
C_KINGSAFETY:0.5219717141548147
C_PAWNSTRUCTURE:0.46867512598911326
C_PIECECOORDINATION:0.5361095372830116
C_ROOKANDPAWNMOVEMENT:0.5361095372830116
C_CENTERCONTROL:0.4813612197902274
C_DEVELOPPIECES:0.48366529511932843
C_MATERIAL:0.528619403827674
C_MOVECOUNT:0.5
