ELO:1000
CE_PASSEDPAWNS:0.4683109422030684
CE_PAWNWEAKNESSES:0.4835990519943669
CE_PIECEACTIVITY:0.524255434316146
CE_KINGPAWNSHIELD:0.5369116569279775
CE_PIECECOORDINATION:0.4979615806064932
CE_MATERIAL:0.5125246415304746
CE_KINGSAFETY:0.4897772810658145
C_PIECESQUARETABLES:0.43896090015931727
C_MOBILITY:0.5242809642728469
C_KINGSAFETY:0.480705500786804
C_PAWNSTRUCTURE:0.4327528336485168
C_PIECECOORDINATION:0.5289961183048528
C_ROOKANDPAWNMOVEMENT:0.5289961183048528
C_CENTERCONTROL:0.46214438982904493
C_DEVELOPPIECES:0.5125806754569681
C_MATERIAL:0.47055447730509997
