ELO:1028
CE_PASSEDPAWNS:0.5001627123762505
CE_PAWNWEAKNESSES:0.4954662148007358
CE_PIECEACTIVITY:0.5180690068294841
CE_KINGPAWNSHIELD:0.4882991666074076
CE_PIECECOORDINATION:0.5330292707230271
CE_MATERIAL:0.5207631169085377
CE_KINGSAFETY:0.5
C_PIECESQUARETABLES:0.5
C_MOBILITY:0.48552213159070967
C_KINGSAFETY:0.4980573762221772
C_PAWNSTRUCTURE:0.4998833079363668
C_PIECECOORDINATION:0.5185126645912487
C_ROOK:0.49383542910292344
CE_ROOK:0.472125729823364
C_CENTERCONTROL:0.5047226692606631
C_DEVELOPPIECES:0.5273624076889522
C_MATERIAL:0.4782613691640225
C_MOVECOUNT:0.46836544109434486
C_PAWNMOVEMENT:0.509499793086286
