ELO:994
CE_PASSEDPAWNS:0.5220788376086615
CE_PAWNWEAKNESSES:0.49160477606403774
CE_PIECEACTIVITY:0.4899853086808293
CE_KINGPAWNSHIELD:0.48751336647667365
CE_PIECECOORDINATION:0.4954857752148021
CE_MATERIAL:0.5134712526081031
CE_KINGSAFETY:0.5089259551281589
C_PIECESQUARETABLES:0.5210728489127452
C_MOBILITY:0.5005276074687798
C_KINGSAFETY:0.5113723545510571
C_PAWNSTRUCTURE:0.5107712209218708
C_PIECECOORDINATION:0.5168170677804605
C_ROOKANDPAWNMOVEMENT:0.5168170677804605
C_CENTERCONTROL:0.5
C_DEVELOPPIECES:0.493498112974782
C_MATERIAL:0.48814034019724695
C_MOVECOUNT:0.5
