ELO:1033
CE_PASSEDPAWNS:0.4841151605903541
CE_PAWNWEAKNESSES:0.47286425670431176
CE_PIECEACTIVITY:0.48251174805305935
CE_KINGPAWNSHIELD:0.4919456870708667
CE_PIECECOORDINATION:0.5087590866043682
CE_MATERIAL:0.5007459510570645
CE_KINGSAFETY:0.5
C_PIECESQUARETABLES:0.5
C_MOBILITY:0.49390518534533817
C_KINGSAFETY:0.48826985307553
C_PAWNSTRUCTURE:0.4959800873894563
C_PIECECOORDINATION:0.5192475074753288
C_ROOK:0.5164644578820308
CE_ROOK:0.49858103859278646
C_CENTERCONTROL:0.5044795965366173
C_DEVELOPPIECES:0.5142867913900796
C_MATERIAL:0.4934285011817089
C_MOVECOUNT:0.48871135583086506
C_PAWNMOVEMENT:0.499423363874643
