ELO:1121
CE_PASSEDPAWNS:0.6292462469333233
CE_PAWNWEAKNESSES:0.5097134727409363
CE_PIECEACTIVITY:0.47707812532962285
CE_KINGPAWNSHIELD:0.461754010678931
CE_PIECECOORDINATION:0.4940599388123625
CE_MATERIAL:0.4049235686637323
CE_KINGSAFETY:0.5
C_PIECESQUARETABLES:0.5
C_MOBILITY:0.4236906257529535
C_KINGSAFETY:0.5063581229590798
C_PAWNSTRUCTURE:0.41040599071577993
C_PIECECOORDINATION:0.46424391417225835
C_ROOKANDPAWNMOVEMENT:0.46424391417225835
C_CENTERCONTROL:0.5430822616676145
C_DEVELOPPIECES:0.5549226441113322
C_MATERIAL:0.3994269917539153
