ELO:1020
CE_PASSEDPAWNS:0.4841151605903541
CE_PAWNWEAKNESSES:0.4954662148007358
CE_PIECEACTIVITY:0.48706326862624844
CE_KINGPAWNSHIELD:0.5051582057995394
CE_PIECECOORDINATION:0.4820318374666213
CE_MATERIAL:0.5207631169085377
CE_KINGSAFETY:0.5
C_PIECESQUARETABLES:0.5
C_MOBILITY:0.5
C_KINGSAFETY:0.47209926224634857
C_PAWNSTRUCTURE:0.5125440906912597
C_PIECECOORDINATION:0.5183136091662264
C_ROOK:0.493374313320691
CE_ROOK:0.5015736994700967
C_CENTERCONTROL:0.49448602264287395
C_DEVELOPPIECES:0.5098361739591123
C_MATERIAL:0.5168200496197201
C_MOVECOUNT:0.48230721617460937
C_PAWNMOVEMENT:0.5167834503781904
