ELO:1001
CE_PASSEDPAWNS:0.48859353810827894
CE_PAWNWEAKNESSES:0.5034779996163823
CE_PIECEACTIVITY:0.5063670628058732
CE_KINGPAWNSHIELD:0.4893433973731307
CE_PIECECOORDINATION:0.5016186730789614
CE_MATERIAL:0.49611286084563
CE_KINGSAFETY:0.49807497835806464
C_PIECESQUARETABLES:0.5
C_MOBILITY:0.5072661041171648
C_KINGSAFETY:0.5090735807393175
C_PAWNSTRUCTURE:0.5188042835481628
C_PIECECOORDINATION:0.49367037833432253
C_ROOK:0.5018208077009474
CE_ROOK:0.4942621233019565
C_CENTERCONTROL:0.5103114884324631
C_DEVELOPPIECES:0.5095711990484
C_MATERIAL:0.4844397616473324
C_MOVECOUNT:0.49999472139898604
C_PAWNMOVEMENT:0.5046214323282368
