ELO:879
CE_PASSEDPAWNS:0.5142184605730552
CE_PAWNWEAKNESSES:0.50358539006706
CE_PIECEACTIVITY:0.5791129400016942
CE_KINGPAWNSHIELD:0.38368233963472587
CE_PIECECOORDINATION:0.49296817567411794
CE_MATERIAL:0.5828392104213285
CE_KINGSAFETY:0.5065374403093843
C_PIECESQUARETABLES:0.5421700906755789
C_MOBILITY:0.48664945849797503
C_KINGSAFETY:0.47675643490315095
C_PAWNSTRUCTURE:0.49816031764427654
C_PIECECOORDINATION:0.5721325952561644
C_ROOKANDPAWNMOVEMENT:0.5721325952561644
C_CENTERCONTROL:0.40495057382194205
C_DEVELOPPIECES:0.5047923755639824
C_MATERIAL:0.584208656976122
