ELO:1016
CE_PASSEDPAWNS:0.5013021631483623
CE_PAWNWEAKNESSES:0.48980452886477255
CE_PIECEACTIVITY:0.4995448397704736
CE_KINGPAWNSHIELD:0.48974190840497694
CE_PIECECOORDINATION:0.5
CE_MATERIAL:0.4832755994422254
CE_KINGSAFETY:0.5
C_PIECESQUARETABLES:0.5086469345838244
C_MOBILITY:0.4776585041944293
C_KINGSAFETY:0.49016233489915473
C_PAWNSTRUCTURE:0.5152175550557272
C_PIECECOORDINATION:0.5187121361950087
C_ROOK:0.508783418311573
CE_ROOK:0.5057337175583507
C_CENTERCONTROL:0.49174161712371234
C_DEVELOPPIECES:0.4848943518283027
C_MATERIAL:0.47341907721633075
C_MOVECOUNT:0.4857680172518808
C_PAWNMOVEMENT:0.5079621491419254
