ELO:1006
CE_PASSEDPAWNS:0.4902614842379395
CE_PAWNWEAKNESSES:0.48766749483953625
CE_PIECEACTIVITY:0.5016684769586606
CE_KINGPAWNSHIELD:0.5125782899653525
CE_PIECECOORDINATION:0.5011404793807586
CE_MATERIAL:0.5005873939086712
CE_KINGSAFETY:0.5
C_PIECESQUARETABLES:0.5
C_MOBILITY:0.523214162292683
C_KINGSAFETY:0.49613389779815836
C_PAWNSTRUCTURE:0.49776975596795314
C_PIECECOORDINATION:0.4981998635881497
C_ROOKANDPAWNMOVEMENT:0.4981998635881497
C_CENTERCONTROL:0.5145617214412447
C_DEVELOPPIECES:0.5014826909462189
C_MATERIAL:0.5083075605025468
C_MOVECOUNT:0.5
