ELO:955
CE_PASSEDPAWNS:0.4937529214275069
CE_PAWNWEAKNESSES:0.5234858341424585
CE_PIECEACTIVITY:0.5094426081528509
CE_KINGPAWNSHIELD:0.4703298638307958
CE_PIECECOORDINATION:0.49699831219398655
CE_MATERIAL:0.4948290827856061
CE_KINGSAFETY:0.5140753293933293
C_PIECESQUARETABLES:0.5294994101058728
C_MOBILITY:0.47622511210813195
C_KINGSAFETY:0.4784026769134085
C_PAWNSTRUCTURE:0.5125729910403943
C_PIECECOORDINATION:0.5193916188798209
C_ROOKANDPAWNMOVEMENT:0.5193916188798209
C_CENTERCONTROL:0.47250828329119937
C_DEVELOPPIECES:0.47838215381822025
C_MATERIAL:0.46400184878495954
C_MOVECOUNT:0.5
