ELO:1089
CE_PASSEDPAWNS:0.5103645188137806
CE_PAWNWEAKNESSES:0.5454280687131543
CE_PIECEACTIVITY:0.5
CE_KINGPAWNSHIELD:0.5
CE_PIECECOORDINATION:0.515551903436208
CE_MATERIAL:0.4963332086602903
CE_KINGSAFETY:0.5
C_PIECESQUARETABLES:0.5
C_MOBILITY:0.4934559673954489
C_KINGSAFETY:0.5026687552661012
C_PAWNSTRUCTURE:0.5038146513846126
C_PIECECOORDINATION:0.5328339974409297
C_ROOK:0.49420521844694215
CE_ROOK:0.512999247859989
C_CENTERCONTROL:0.5
C_DEVELOPPIECES:0.4404221465891642
C_MATERIAL:0.5014887861664326
C_MOVECOUNT:0.4923646067896574
C_PAWNMOVEMENT:0.5028529947868007
