ELO:904
CE_PASSEDPAWNS:0.5214016206544286
CE_PAWNWEAKNESSES:0.5126643933401821
CE_PIECEACTIVITY:0.5745887389776517
CE_KINGPAWNSHIELD:0.4943491143218691
CE_PIECECOORDINATION:0.5330870302543593
CE_MATERIAL:0.4145350935485716
CE_KINGSAFETY:0.5
C_PIECESQUARETABLES:0.5
C_MOBILITY:0.44609642294100854
C_KINGSAFETY:0.5371046085555942
C_PAWNSTRUCTURE:0.5104209912930063
C_PIECECOORDINATION:0.45407079965407204
C_ROOKANDPAWNMOVEMENT:0.45407079965407204
C_CENTERCONTROL:0.46752981485419226
C_DEVELOPPIECES:0.4684385670810184
C_MATERIAL:0.4521426021158998
C_MOVECOUNT:0.5
