ELO:1012
CE_PASSEDPAWNS:0.4991083126019035
CE_PAWNWEAKNESSES:0.5
CE_PIECEACTIVITY:0.5
CE_KINGPAWNSHIELD:0.5
CE_PIECECOORDINATION:0.5
CE_MATERIAL:0.5
CE_KINGSAFETY:0.4932740800409762
C_PIECESQUARETABLES:0.5
C_MOBILITY:0.4930059122241158
C_KINGSAFETY:0.4982556231189131
C_PAWNSTRUCTURE:0.49985067223834934
C_PIECECOORDINATION:0.5111793698093162
C_ROOKANDPAWNMOVEMENT:0.5111793698093162
C_CENTERCONTROL:0.5
C_DEVELOPPIECES:0.5
C_MATERIAL:0.5
C_MOVECOUNT:0.5
