ELO:1023
CE_PASSEDPAWNS:0.5069652569272811
CE_PAWNWEAKNESSES:0.5027490589406856
CE_PIECEACTIVITY:0.5016471751227473
CE_KINGPAWNSHIELD:0.48909845461251095
CE_PIECECOORDINATION:0.511440232155312
CE_MATERIAL:0.524792004454686
CE_KINGSAFETY:0.5
C_PIECESQUARETABLES:0.5
C_MOBILITY:0.4947157515746167
C_KINGSAFETY:0.47374175066440066
C_PAWNSTRUCTURE:0.511669103685065
C_PIECECOORDINATION:0.5002738625061558
C_ROOK:0.5313932189665644
CE_ROOK:0.5057337175583507
C_CENTERCONTROL:0.4964877457508239
C_DEVELOPPIECES:0.4980236793900829
C_MATERIAL:0.4856094113441688
C_MOVECOUNT:0.5063094172742422
C_PAWNMOVEMENT:0.49357453406377766
