ELO:1028
CE_PASSEDPAWNS:0.5023498298700007
CE_PAWNWEAKNESSES:0.4951745637076463
CE_PIECEACTIVITY:0.4943332666907198
CE_KINGPAWNSHIELD:0.5272050368281263
CE_PIECECOORDINATION:0.4858273279290439
CE_MATERIAL:0.5061820749371356
CE_KINGSAFETY:0.5
C_PIECESQUARETABLES:0.5
C_MOBILITY:0.49731990569851686
C_KINGSAFETY:0.501760859317036
C_PAWNSTRUCTURE:0.5131077141534812
C_PIECECOORDINATION:0.518897196640127
C_ROOK:0.496266584649756
CE_ROOK:0.5085813513042079
C_CENTERCONTROL:0.5030476537102214
C_DEVELOPPIECES:0.5062155232727209
C_MATERIAL:0.4718044583437473
C_MOVECOUNT:0.4843572589500642
C_PAWNMOVEMENT:0.5159787311400577
