ELO:909
CE_PASSEDPAWNS:0.387422883198626
CE_PAWNWEAKNESSES:0.5286672954866378
CE_PIECEACTIVITY:0.4863347033866418
CE_KINGPAWNSHIELD:0.5515643572604989
CE_PIECECOORDINATION:0.47025569440036874
CE_MATERIAL:0.4416044029403888
CE_KINGSAFETY:0.48474189202926166
C_PIECESQUARETABLES:0.5307702329575027
C_MOBILITY:0.525640492284177
C_KINGSAFETY:0.5136006934459936
C_PAWNSTRUCTURE:0.5273834449712845
C_PIECECOORDINATION:0.6061120226814254
C_ROOKANDPAWNMOVEMENT:0.6061120226814254
C_CENTERCONTROL:0.5123012438137448
C_DEVELOPPIECES:0.5926218419554372
C_MATERIAL:0.5608347423052962
