ELO:943
CE_PASSEDPAWNS:0.44367030103670796
CE_PAWNWEAKNESSES:0.5006047232908696
CE_PIECEACTIVITY:0.4458580782660141
CE_KINGPAWNSHIELD:0.4636699608971273
CE_PIECECOORDINATION:0.518836339584624
CE_MATERIAL:0.5002954727751244
CE_KINGSAFETY:0.4928868079550454
C_PIECESQUARETABLES:0.5027778596491063
C_MOBILITY:0.5692706766707962
C_KINGSAFETY:0.3820442551484446
C_PAWNSTRUCTURE:0.5221504398610978
C_PIECECOORDINATION:0.5033544528860027
C_ROOKANDPAWNMOVEMENT:0.5033544528860027
C_CENTERCONTROL:0.4022561343413118
C_DEVELOPPIECES:0.4480767543586965
C_MATERIAL:0.6094750283725001
