ELO:950
CE_PASSEDPAWNS:0.4706767039409646
CE_PAWNWEAKNESSES:0.4904169673725269
CE_PIECEACTIVITY:0.5168628230267717
CE_KINGPAWNSHIELD:0.5183200560876072
CE_PIECECOORDINATION:0.49302907309048655
CE_MATERIAL:0.4929556169784093
CE_KINGSAFETY:0.4968567376553528
C_PIECESQUARETABLES:0.5238558075562334
C_MOBILITY:0.49755454147593003
C_KINGSAFETY:0.44552375324894034
C_PAWNSTRUCTURE:0.5001386953596169
C_PIECECOORDINATION:0.5593260349780955
C_ROOKANDPAWNMOVEMENT:0.5593260349780955
C_CENTERCONTROL:0.5562291358677849
C_DEVELOPPIECES:0.5140285693010282
C_MATERIAL:0.5032994801222299
