ELO:968
CE_PASSEDPAWNS:0.5367103554082729
CE_PAWNWEAKNESSES:0.5223265756349336
CE_PIECEACTIVITY:0.5146531230236365
CE_KINGPAWNSHIELD:0.46867865011332427
CE_PIECECOORDINATION:0.4612588068203538
CE_MATERIAL:0.50978278906251
CE_KINGSAFETY:0.5107159652662504
C_PIECESQUARETABLES:0.45216510719704944
C_MOBILITY:0.503425624962058
C_KINGSAFETY:0.4033003971499331
C_PAWNSTRUCTURE:0.47150236733802003
C_PIECECOORDINATION:0.5369140102127384
C_ROOKANDPAWNMOVEMENT:0.5369140102127384
C_CENTERCONTROL:0.4504221370037648
C_DEVELOPPIECES:0.40484162819433395
C_MATERIAL:0.543177862439298
