ELO:911
CE_PASSEDPAWNS:0.5096392055354388
CE_PAWNWEAKNESSES:0.47849199483026245
CE_PIECEACTIVITY:0.499035488379388
CE_KINGPAWNSHIELD:0.43336426911061593
CE_PIECECOORDINATION:0.5280875985012714
CE_MATERIAL:0.48989287587703434
CE_KINGSAFETY:0.5
C_PIECESQUARETABLES:0.5
C_MOBILITY:0.508336455070512
C_KINGSAFETY:0.5322767723178451
C_PAWNSTRUCTURE:0.4687821691247503
C_PIECECOORDINATION:0.46510521492720425
C_ROOKANDPAWNMOVEMENT:0.46510521492720425
C_CENTERCONTROL:0.48560860488198965
C_DEVELOPPIECES:0.4747775736791693
C_MATERIAL:0.444914792710456
C_MOVECOUNT:0.5
