ELO:1000
CE_PASSEDPAWNS:0.5226282335947521
CE_PAWNWEAKNESSES:0.5014358787398776
CE_PIECEACTIVITY:0.5241923645482859
CE_KINGPAWNSHIELD:0.5388186852941884
CE_PIECECOORDINATION:0.5061319419758762
CE_MATERIAL:0.490571073001516
CE_KINGSAFETY:0.49812889065514804
C_PIECESQUARETABLES:0.4786306357944855
C_MOBILITY:0.5135034550241685
C_KINGSAFETY:0.5073967353098177
C_PAWNSTRUCTURE:0.4484822162059286
C_PIECECOORDINATION:0.48731196421391565
C_ROOKANDPAWNMOVEMENT:0.48731196421391565
C_CENTERCONTROL:0.4867951221061415
C_DEVELOPPIECES:0.49411483080109336
C_MATERIAL:0.49671737695576523
