ELO:963
CE_PASSEDPAWNS:0.4943941083354623
CE_PAWNWEAKNESSES:0.5026870409635522
CE_PIECEACTIVITY:0.5824019844753073
CE_KINGPAWNSHIELD:0.5388073959445331
CE_PIECECOORDINATION:0.6316525700184763
CE_MATERIAL:0.442796445935666
CE_KINGSAFETY:0.5186045903380957
C_PIECESQUARETABLES:0.5024880059555273
C_MOBILITY:0.5419750111538058
C_KINGSAFETY:0.5343650260349819
C_PAWNSTRUCTURE:0.6229454063177022
C_PIECECOORDINATION:0.5280856524481041
C_ROOKANDPAWNMOVEMENT:0.5280856524481041
C_CENTERCONTROL:0.5079369129354976
C_DEVELOPPIECES:0.41142929210135026
C_MATERIAL:0.6225779936973201
