ELO:910
CE_PASSEDPAWNS:0.3835283272680093
CE_PAWNWEAKNESSES:0.5063649522010792
CE_PIECEACTIVITY:0.49790907906885323
CE_KINGPAWNSHIELD:0.551883808548698
CE_PIECECOORDINATION:0.48318304144622315
CE_MATERIAL:0.43306131664769565
CE_KINGSAFETY:0.5012208991578067
C_PIECESQUARETABLES:0.5273256278946934
C_MOBILITY:0.5120492585424362
C_KINGSAFETY:0.5027723074712095
C_PAWNSTRUCTURE:0.5286406692736549
C_PIECECOORDINATION:0.6047087749198338
C_ROOKANDPAWNMOVEMENT:0.6047087749198338
C_CENTERCONTROL:0.5327532157746414
C_DEVELOPPIECES:0.5872916488445242
C_MATERIAL:0.5236549802472551
