ELO:941
CE_PASSEDPAWNS:0.5096392055354388
CE_PAWNWEAKNESSES:0.48555529772921385
CE_PIECEACTIVITY:0.463532879779921
CE_KINGPAWNSHIELD:0.4918803405965697
CE_PIECECOORDINATION:0.49969885853736506
CE_MATERIAL:0.5601862785699372
CE_KINGSAFETY:0.5
C_PIECESQUARETABLES:0.5
C_MOBILITY:0.5286048251076518
C_KINGSAFETY:0.5652496783831623
C_PAWNSTRUCTURE:0.5124255132059794
C_PIECECOORDINATION:0.4607036691161573
C_ROOKANDPAWNMOVEMENT:0.4607036691161573
C_CENTERCONTROL:0.4682294455116741
C_DEVELOPPIECES:0.49439862913838245
C_MATERIAL:0.5222519657452552
C_MOVECOUNT:0.5
