ELO:837
CE_PASSEDPAWNS:0.5673931978900267
CE_PAWNWEAKNESSES:0.5287245773459898
CE_PIECEACTIVITY:0.4951625950485141
CE_KINGPAWNSHIELD:0.4849519468807964
CE_PIECECOORDINATION:0.5632739699722656
CE_MATERIAL:0.49006987043113487
CE_KINGSAFETY:0.5194130135045281
C_PIECESQUARETABLES:0.5081585530468669
C_MOBILITY:0.46348498004286204
C_KINGSAFETY:0.5020186668423289
C_PAWNSTRUCTURE:0.5330582495814357
C_PIECECOORDINATION:0.5508771074885508
C_ROOKANDPAWNMOVEMENT:0.5508771074885508
C_CENTERCONTROL:0.5010443240582708
C_DEVELOPPIECES:0.5152754592450463
C_MATERIAL:0.4914813766015988
C_MOVECOUNT:0.5
