ELO:913
CE_PASSEDPAWNS:0.5055037953187558
CE_PAWNWEAKNESSES:0.4996487083902328
CE_PIECEACTIVITY:0.5056776074918619
CE_KINGPAWNSHIELD:0.5092745315262233
CE_PIECECOORDINATION:0.5075086995621406
CE_MATERIAL:0.45389358480118397
CE_KINGSAFETY:0.5
C_PIECESQUARETABLES:0.5
C_MOBILITY:0.48906804098171075
C_KINGSAFETY:0.4560264665557334
C_PAWNSTRUCTURE:0.5403205223885474
C_PIECECOORDINATION:0.5536739653011715
C_ROOKANDPAWNMOVEMENT:0.5536739653011715
C_CENTERCONTROL:0.5593183044796737
C_DEVELOPPIECES:0.534475575766479
C_MATERIAL:0.5021015338322824
C_MOVECOUNT:0.5
