ELO:897
CE_PASSEDPAWNS:0.4556428502129184
CE_PAWNWEAKNESSES:0.5224843702679313
CE_PIECEACTIVITY:0.5393966482446633
CE_KINGPAWNSHIELD:0.5629455229780803
CE_PIECECOORDINATION:0.4106782192529563
CE_MATERIAL:0.49343330427697524
CE_KINGSAFETY:0.5
C_PIECESQUARETABLES:0.4985063642392814
C_MOBILITY:0.44611895798191836
C_KINGSAFETY:0.5335211268647868
C_PAWNSTRUCTURE:0.47527460059084403
C_PIECECOORDINATION:0.6491254427420107
C_ROOKANDPAWNMOVEMENT:0.6491254427420107
C_CENTERCONTROL:0.49480947198429914
C_DEVELOPPIECES:0.4721063390263819
C_MATERIAL:0.42877478199962293
C_MOVECOUNT:0.5
