ELO:1031
CE_PASSEDPAWNS:0.5039844281717176
CE_PAWNWEAKNESSES:0.4954662148007358
CE_PIECEACTIVITY:0.48706326862624844
CE_KINGPAWNSHIELD:0.4955419174468468
CE_PIECECOORDINATION:0.4820318374666213
CE_MATERIAL:0.5207631169085377
CE_KINGSAFETY:0.5
C_PIECESQUARETABLES:0.5
C_MOBILITY:0.5
C_KINGSAFETY:0.47374175066440066
C_PAWNSTRUCTURE:0.5125440906912597
C_PIECECOORDINATION:0.5080987145855469
C_ROOK:0.49048038580905434
CE_ROOK:0.4961064697153357
C_CENTERCONTROL:0.49448602264287395
C_DEVELOPPIECES:0.4631289165320919
C_MATERIAL:0.5099790927186645
C_MOVECOUNT:0.4855472504276063
C_PAWNMOVEMENT:0.509499793086286
