ELO:844
CE_PASSEDPAWNS:0.4961274792246587
CE_PAWNWEAKNESSES:0.46500544210933675
CE_PIECEACTIVITY:0.4958943050455762
CE_KINGPAWNSHIELD:0.515569523699949
CE_PIECECOORDINATION:0.43092341215077223
CE_MATERIAL:0.5580156684893838
CE_KINGSAFETY:0.5
C_PIECESQUARETABLES:0.5
C_MOBILITY:0.37663954300942876
C_KINGSAFETY:0.4790529925964846
C_PAWNSTRUCTURE:0.4506979011240091
C_PIECECOORDINATION:0.5178982485868083
C_ROOKANDPAWNMOVEMENT:0.5178982485868083
C_CENTERCONTROL:0.4572684751911312
C_DEVELOPPIECES:0.5419711319523808
C_MATERIAL:0.527087161042795
C_MOVECOUNT:0.41226876962218134
