ELO:974
CE_PASSEDPAWNS:0.4940932187715464
CE_PAWNWEAKNESSES:0.5085764782440317
CE_PIECEACTIVITY:0.5237278240999838
CE_KINGPAWNSHIELD:0.49736933326415533
CE_PIECECOORDINATION:0.4831231465678008
CE_MATERIAL:0.5014590728365926
CE_KINGSAFETY:0.5029175118643666
C_PIECESQUARETABLES:0.510405690403412
C_MOBILITY:0.46988783484876473
C_KINGSAFETY:0.4921816776108769
C_PAWNSTRUCTURE:0.48505557950431866
C_PIECECOORDINATION:0.4994454310401079
C_ROOKANDPAWNMOVEMENT:0.4994454310401079
C_CENTERCONTROL:0.49322268656676144
C_DEVELOPPIECES:0.4937212189554421
C_MATERIAL:0.5257548320872868
C_MOVECOUNT:0.48562174157317195
