ELO:1098
CE_PASSEDPAWNS:0.4858512418480655
CE_PAWNWEAKNESSES:0.48724830181321693
CE_PIECEACTIVITY:0.47707812532962285
CE_KINGPAWNSHIELD:0.6208131797722044
CE_PIECECOORDINATION:0.5707969823983154
CE_MATERIAL:0.39783305558335186
CE_KINGSAFETY:0.4998501495832046
C_PIECESQUARETABLES:0.5
C_MOBILITY:0.41606068028521165
C_KINGSAFETY:0.6209605358469027
C_PAWNSTRUCTURE:0.44984135516903423
C_PIECECOORDINATION:0.48430233874975176
C_ROOKANDPAWNMOVEMENT:0.48430233874975176
C_CENTERCONTROL:0.5535544706382867
C_DEVELOPPIECES:0.5568987371363631
C_MATERIAL:0.4073474203952967
