ELO:963
CE_PASSEDPAWNS:0.5553930457903129
CE_PAWNWEAKNESSES:0.5867378535677306
CE_PIECEACTIVITY:0.4516948349501291
CE_KINGPAWNSHIELD:0.43006747883814217
CE_PIECECOORDINATION:0.5153000011294302
CE_MATERIAL:0.35228994826020793
CE_KINGSAFETY:0.5227383035963626
C_PIECESQUARETABLES:0.49762282490664
C_MOBILITY:0.43436347183104795
C_KINGSAFETY:0.3960437240447382
C_PAWNSTRUCTURE:0.4532522881372722
C_PIECECOORDINATION:0.5270707290819212
C_ROOKANDPAWNMOVEMENT:0.5270707290819212
C_CENTERCONTROL:0.49972931585456154
C_DEVELOPPIECES:0.3660908132842717
C_MATERIAL:0.5819183010944434
