ELO:956
CE_PASSEDPAWNS:0.4278134551337412
CE_PAWNWEAKNESSES:0.5096891511260695
CE_PIECEACTIVITY:0.4334209340353871
CE_KINGPAWNSHIELD:0.4714075792937987
CE_PIECECOORDINATION:0.518836339584624
CE_MATERIAL:0.4927877178054274
CE_KINGSAFETY:0.48512225303404005
C_PIECESQUARETABLES:0.5027732608583207
C_MOBILITY:0.5674297912758379
C_KINGSAFETY:0.3820442551484446
C_PAWNSTRUCTURE:0.4983324004696528
C_PIECECOORDINATION:0.5175246408991867
C_ROOKANDPAWNMOVEMENT:0.5175246408991867
C_CENTERCONTROL:0.4129592148253283
C_DEVELOPPIECES:0.4502146681944105
C_MATERIAL:0.6234542399441657
