ELO:1000
CE_PASSEDPAWNS:0.5059001628905535
CE_PAWNWEAKNESSES:0.4660123549173978
CE_PIECEACTIVITY:0.4940353717444564
CE_KINGPAWNSHIELD:0.5015804187391871
CE_PIECECOORDINATION:0.5354329270695491
CE_MATERIAL:0.4761425254204233
CE_KINGSAFETY:0.48543170634804017
C_PIECESQUARETABLES:0.521821218722677
C_MOBILITY:0.5113883560320918
C_KINGSAFETY:0.47387559572639454
C_PAWNSTRUCTURE:0.4862092853666014
C_PIECECOORDINATION:0.4719154821935651
C_ROOKANDPAWNMOVEMENT:0.4719154821935651
C_CENTERCONTROL:0.4503832226688479
C_DEVELOPPIECES:0.4838060263736815
C_MATERIAL:0.5434359394554948
