ELO:1000
CE_PASSEDPAWNS:0.5226282335947521
CE_PAWNWEAKNESSES:0.48736387246213203
CE_PIECEACTIVITY:0.5211198587905852
CE_KINGPAWNSHIELD:0.5379122524549985
CE_PIECECOORDINATION:0.4971931988952902
CE_MATERIAL:0.4886406890471102
CE_KINGSAFETY:0.5004391034893878
C_PIECESQUARETABLES:0.47780278803502463
C_MOBILITY:0.5223831266731072
C_KINGSAFETY:0.4962598037760334
C_PAWNSTRUCTURE:0.46501641835154034
C_PIECECOORDINATION:0.49158452868127744
C_ROOKANDPAWNMOVEMENT:0.49158452868127744
C_CENTERCONTROL:0.4867951221061415
C_DEVELOPPIECES:0.49072429644523946
C_MATERIAL:0.48453586098420015
