ELO:875
CE_PASSEDPAWNS:0.4551645471164451
CE_PAWNWEAKNESSES:0.5290872429963088
CE_PIECEACTIVITY:0.5745887389776517
CE_KINGPAWNSHIELD:0.5323059202989158
CE_PIECECOORDINATION:0.5251781503644113
CE_MATERIAL:0.4107408677450945
CE_KINGSAFETY:0.5
C_PIECESQUARETABLES:0.5
C_MOBILITY:0.47620824589668187
C_KINGSAFETY:0.5538274903164341
C_PAWNSTRUCTURE:0.4654827010940101
C_PIECECOORDINATION:0.4867769574259361
C_ROOKANDPAWNMOVEMENT:0.4867769574259361
C_CENTERCONTROL:0.5739870635977798
C_DEVELOPPIECES:0.5
C_MATERIAL:0.46456084491106076
C_MOVECOUNT:0.5
