ELO:1059
CE_PASSEDPAWNS:0.4948357643847652
CE_PAWNWEAKNESSES:0.5016212295851243
CE_PIECEACTIVITY:0.48608314872715286
CE_KINGPAWNSHIELD:0.504400561642841
CE_PIECECOORDINATION:0.5
CE_MATERIAL:0.48755275926830105
CE_KINGSAFETY:0.5
C_PIECESQUARETABLES:0.5
C_MOBILITY:0.497576774702515
C_KINGSAFETY:0.4894166856521529
C_PAWNSTRUCTURE:0.4854765850285544
C_PIECECOORDINATION:0.5124872349890299
C_ROOK:0.4938167792392316
CE_ROOK:0.49568208707785216
C_CENTERCONTROL:0.49450810470261913
C_DEVELOPPIECES:0.49436532366477515
C_MATERIAL:0.48940688832066276
C_MOVECOUNT:0.48987931154882625
C_PAWNMOVEMENT:0.5158369651114797
