ELO:934
CE_PASSEDPAWNS:0.44222330311098196
CE_PAWNWEAKNESSES:0.46270384498576816
CE_PIECEACTIVITY:0.47192668619707173
CE_KINGPAWNSHIELD:0.46817727403039555
CE_PIECECOORDINATION:0.4902012118322102
CE_MATERIAL:0.4310819682700155
CE_KINGSAFETY:0.47926701006006966
C_PIECESQUARETABLES:0.5060266056506506
C_MOBILITY:0.4800738337854273
C_KINGSAFETY:0.4827416490027907
C_PAWNSTRUCTURE:0.5272160738344804
C_PIECECOORDINATION:0.40990678127765673
C_ROOKANDPAWNMOVEMENT:0.40990678127765673
C_CENTERCONTROL:0.5606438320603263
C_DEVELOPPIECES:0.4191724347942853
C_MATERIAL:0.533452998178752
