ELO:739
CE_PASSEDPAWNS:0.4906051172647667
CE_PAWNWEAKNESSES:0.5194467781663591
CE_PIECEACTIVITY:0.4091015486936561
CE_KINGPAWNSHIELD:0.5233895173575729
CE_PIECECOORDINATION:0.49338923789149214
CE_MATERIAL:0.46931665596718924
CE_KINGSAFETY:0.5363077000757374
C_PIECESQUARETABLES:0.5263286171234656
C_MOBILITY:0.5386563152732451
C_KINGSAFETY:0.49557946213751103
C_PAWNSTRUCTURE:0.5286632701930831
C_PIECECOORDINATION:0.42747226009617867
C_ROOKANDPAWNMOVEMENT:0.42747226009617867
C_CENTERCONTROL:0.474078793718618
C_DEVELOPPIECES:0.49536078974111925
C_MATERIAL:0.49936908007014347
C_MOVECOUNT:0.5
