ELO:1103
CE_PASSEDPAWNS:0.6290949442347371
CE_PAWNWEAKNESSES:0.4913955703625296
CE_PIECEACTIVITY:0.4730468517056937
CE_KINGPAWNSHIELD:0.4718261729445996
CE_PIECECOORDINATION:0.4934458440126612
CE_MATERIAL:0.4110746193870123
CE_KINGSAFETY:0.5150759735789642
C_PIECESQUARETABLES:0.5206212374257764
C_MOBILITY:0.4134455170829318
C_KINGSAFETY:0.5810231177350434
C_PAWNSTRUCTURE:0.4065897619935117
C_PIECECOORDINATION:0.4963417187814776
C_ROOKANDPAWNMOVEMENT:0.4963417187814776
C_CENTERCONTROL:0.5088760283478337
C_DEVELOPPIECES:0.5875100347857027
C_MATERIAL:0.4217714644239293
