ELO:1072
CE_PASSEDPAWNS:0.5066270449685104
CE_PAWNWEAKNESSES:0.4957004956992261
CE_PIECEACTIVITY:0.45641853827048906
CE_KINGPAWNSHIELD:0.4875183487671798
CE_PIECECOORDINATION:0.5247762638321302
CE_MATERIAL:0.5061497732106206
CE_KINGSAFETY:0.5
C_PIECESQUARETABLES:0.5
C_MOBILITY:0.5048071759022635
C_KINGSAFETY:0.479614052768268
C_PAWNSTRUCTURE:0.5159198244203845
C_PIECECOORDINATION:0.518897196640127
C_ROOK:0.5
CE_ROOK:0.5070996351986368
C_CENTERCONTROL:0.5
C_DEVELOPPIECES:0.4896603053056364
C_MATERIAL:0.5104270111795414
C_MOVECOUNT:0.5
C_PAWNMOVEMENT:0.5
