ELO:869
CE_PASSEDPAWNS:0.5199895336237634
CE_PAWNWEAKNESSES:0.5038431659264209
CE_PIECEACTIVITY:0.5716799159716851
CE_KINGPAWNSHIELD:0.4941995455141599
CE_PIECECOORDINATION:0.4777702802683205
CE_MATERIAL:0.4182228292426185
CE_KINGSAFETY:0.48627166277177225
C_PIECESQUARETABLES:0.4838641900721421
C_MOBILITY:0.5131619693805431
C_KINGSAFETY:0.5050503086377595
C_PAWNSTRUCTURE:0.4835485964716722
C_PIECECOORDINATION:0.6300848756832659
C_ROOKANDPAWNMOVEMENT:0.6300848756832659
C_CENTERCONTROL:0.4682158359974308
C_DEVELOPPIECES:0.47549185835475805
C_MATERIAL:0.5118996869148406
C_MOVECOUNT:0.5265802924225762
