ELO:1000
CE_PASSEDPAWNS:0.5004179855218602
CE_PAWNWEAKNESSES:0.4965220249480753
CE_PIECEACTIVITY:0.4865330373367445
CE_KINGPAWNSHIELD:0.4952265722388435
CE_PIECECOORDINATION:0.5154833329894919
CE_MATERIAL:0.45348525788195176
CE_KINGSAFETY:0.52671142550053
C_PIECESQUARETABLES:0.48209511527821536
C_MOBILITY:0.5073196967008177
C_KINGSAFETY:0.464093240586264
C_PAWNSTRUCTURE:0.5043161803979876
C_PIECECOORDINATION:0.4699012315860931
C_ROOKANDPAWNMOVEMENT:0.4699012315860931
C_CENTERCONTROL:0.5018969744352578
C_DEVELOPPIECES:0.4962630992863492
C_MATERIAL:0.5020535359083766
