ELO:1045
CE_PASSEDPAWNS:0.5026713052980661
CE_PAWNWEAKNESSES:0.5
CE_PIECEACTIVITY:0.49441869185896004
CE_KINGPAWNSHIELD:0.4882991666074076
CE_PIECECOORDINATION:0.5
CE_MATERIAL:0.5051880877524377
CE_KINGSAFETY:0.5028833513789777
C_PIECESQUARETABLES:0.5037407542359194
C_MOBILITY:0.5089791542089985
C_KINGSAFETY:0.499417299048897
C_PAWNSTRUCTURE:0.5072601080814034
C_PIECECOORDINATION:0.5181771317652789
C_ROOK:0.5
CE_ROOK:0.49365928601756126
C_CENTERCONTROL:0.4918506465569542
C_DEVELOPPIECES:0.4855322020849323
C_MATERIAL:0.4972205291485834
C_MOVECOUNT:0.509723540237199
C_PAWNMOVEMENT:0.5
