ELO:1058
CE_PASSEDPAWNS:0.4948357643847652
CE_PAWNWEAKNESSES:0.47353082878713215
CE_PIECEACTIVITY:0.5177337443179966
CE_KINGPAWNSHIELD:0.49573638947432386
CE_PIECECOORDINATION:0.5051767071925631
CE_MATERIAL:0.5037360870082964
CE_KINGSAFETY:0.5
C_PIECESQUARETABLES:0.5
C_MOBILITY:0.5
C_KINGSAFETY:0.5026687552661012
C_PAWNSTRUCTURE:0.5195972582034951
C_PIECECOORDINATION:0.5172284595140588
C_ROOK:0.4863793706532083
CE_ROOK:0.49568208707785216
C_CENTERCONTROL:0.49450810470261913
C_DEVELOPPIECES:0.49436532366477515
C_MATERIAL:0.5
C_MOVECOUNT:0.49110702908087334
C_PAWNMOVEMENT:0.5158369651114797
