ELO:1043
CE_PASSEDPAWNS:0.4742436328663964
CE_PAWNWEAKNESSES:0.4876137920478097
CE_PIECEACTIVITY:0.5180690068294841
CE_KINGPAWNSHIELD:0.5024837139228125
CE_PIECECOORDINATION:0.4980434339206721
CE_MATERIAL:0.4970967322552941
CE_KINGSAFETY:0.5
C_PIECESQUARETABLES:0.5
C_MOBILITY:0.497576774702515
C_KINGSAFETY:0.4811413664804936
C_PAWNSTRUCTURE:0.5056086859510552
C_PIECECOORDINATION:0.5268608791544476
C_ROOK:0.4592540197753857
CE_ROOK:0.5021332737164795
C_CENTERCONTROL:0.4844589996792851
C_DEVELOPPIECES:0.47556151963497695
C_MATERIAL:0.5126455007579979
C_MOVECOUNT:0.48775097414123053
C_PAWNMOVEMENT:0.5158275755625826
