ELO:1032
CE_PASSEDPAWNS:0.5055752404449525
CE_PAWNWEAKNESSES:0.4957519266187272
CE_PIECEACTIVITY:0.5124562003183815
CE_KINGPAWNSHIELD:0.5179883651661399
CE_PIECECOORDINATION:0.5053223456183804
CE_MATERIAL:0.5207631169085377
CE_KINGSAFETY:0.5
C_PIECESQUARETABLES:0.5
C_MOBILITY:0.48369693685389525
C_KINGSAFETY:0.49354428455914456
C_PAWNSTRUCTURE:0.5133619870326541
C_PIECECOORDINATION:0.5010565797952407
C_ROOK:0.5081075040794762
CE_ROOK:0.4721512202863491
C_CENTERCONTROL:0.49650807884561055
C_DEVELOPPIECES:0.5114122477393036
C_MATERIAL:0.4821774539182075
C_MOVECOUNT:0.4898257745510507
C_PAWNMOVEMENT:0.5028529947868007
