ELO:1007
CE_PASSEDPAWNS:0.49132804075566044
CE_PAWNWEAKNESSES:0.4825373439316484
CE_PIECEACTIVITY:0.499861014658089
CE_KINGPAWNSHIELD:0.5
CE_PIECECOORDINATION:0.5047487674979383
CE_MATERIAL:0.48169155047610984
CE_KINGSAFETY:0.5
C_PIECESQUARETABLES:0.4879650681745631
C_MOBILITY:0.5097046825345217
C_KINGSAFETY:0.5046874382049776
C_PAWNSTRUCTURE:0.5
C_PIECECOORDINATION:0.4909962150918436
C_ROOK:0.5
CE_ROOK:0.5
C_CENTERCONTROL:0.5
C_DEVELOPPIECES:0.5129868349712576
C_MATERIAL:0.48553291121989145
C_MOVECOUNT:0.49897657710470383
C_PAWNMOVEMENT:0.5
