ELO:974
CE_PASSEDPAWNS:0.5166169475231972
CE_PAWNWEAKNESSES:0.5007274069016743
CE_PIECEACTIVITY:0.4585762737518495
CE_KINGPAWNSHIELD:0.5
CE_PIECECOORDINATION:0.5169413148531734
CE_MATERIAL:0.5352835079755452
CE_KINGSAFETY:0.5
C_PIECESQUARETABLES:0.5
C_MOBILITY:0.5205778974231983
C_KINGSAFETY:0.5187306319035385
C_PAWNSTRUCTURE:0.5080677642293246
C_PIECECOORDINATION:0.5063743616388727
C_ROOKANDPAWNMOVEMENT:0.5063743616388727
C_CENTERCONTROL:0.5228188786595342
C_DEVELOPPIECES:0.5
C_MATERIAL:0.49511097660877484
C_MOVECOUNT:0.4869776451777187
