ELO:951
CE_PASSEDPAWNS:0.3630786381025088
CE_PAWNWEAKNESSES:0.4558199929459295
CE_PIECEACTIVITY:0.5181117960474982
CE_KINGPAWNSHIELD:0.503595548620638
CE_PIECECOORDINATION:0.45868128618416854
CE_MATERIAL:0.44805920234316343
CE_KINGSAFETY:0.4999242929014928
C_PIECESQUARETABLES:0.47614275341810064
C_MOBILITY:0.5072642002199709
C_KINGSAFETY:0.4929887864077333
C_PAWNSTRUCTURE:0.5327097989511735
C_PIECECOORDINATION:0.5648726899589847
C_ROOKANDPAWNMOVEMENT:0.5648726899589847
C_CENTERCONTROL:0.47657839613709063
C_DEVELOPPIECES:0.5231164138870087
C_MATERIAL:0.4067053645673042
