ELO:1000
CE_PASSEDPAWNS:0.5010606015207404
CE_PAWNWEAKNESSES:0.5019251461989743
CE_PIECEACTIVITY:0.45872303839826944
CE_KINGPAWNSHIELD:0.45739501511010605
CE_PIECECOORDINATION:0.507987961590838
CE_MATERIAL:0.4047412908498165
CE_KINGSAFETY:0.5272009325823467
C_PIECESQUARETABLES:0.46530810626667946
C_MOBILITY:0.4888690433271591
C_KINGSAFETY:0.4618667948221946
C_PAWNSTRUCTURE:0.48188146534037923
C_PIECECOORDINATION:0.4252426830060151
C_ROOKANDPAWNMOVEMENT:0.4252426830060151
C_CENTERCONTROL:0.5457698169940859
C_DEVELOPPIECES:0.48176515620998694
C_MATERIAL:0.5163175608950596
