ELO:991
CE_PASSEDPAWNS:0.4945971803453157
CE_PAWNWEAKNESSES:0.5
CE_PIECEACTIVITY:0.49473410104863524
CE_KINGPAWNSHIELD:0.48506484844744835
CE_PIECECOORDINATION:0.5054889603363806
CE_MATERIAL:0.5
CE_KINGSAFETY:0.5
C_PIECESQUARETABLES:0.4885542434925478
C_MOBILITY:0.5040747965605373
C_KINGSAFETY:0.5
C_PAWNSTRUCTURE:0.5024439568958764
C_PIECECOORDINATION:0.5
C_ROOKANDPAWNMOVEMENT:0.5
C_CENTERCONTROL:0.5
C_DEVELOPPIECES:0.5098269092652232
C_MATERIAL:0.5
C_MOVECOUNT:0.5
