ELO:999
CE_PASSEDPAWNS:0.5124109675747283
CE_PAWNWEAKNESSES:0.49961690519004964
CE_PIECEACTIVITY:0.4928040503754208
CE_KINGPAWNSHIELD:0.5
CE_PIECECOORDINATION:0.5
CE_MATERIAL:0.5
CE_KINGSAFETY:0.5073040286223631
C_PIECESQUARETABLES:0.5
C_MOBILITY:0.5
C_KINGSAFETY:0.5007910895546156
C_PAWNSTRUCTURE:0.5
C_PIECECOORDINATION:0.5
C_ROOKANDPAWNMOVEMENT:0.5
C_CENTERCONTROL:0.5033113379420872
C_DEVELOPPIECES:0.5
C_MATERIAL:0.4959106287410889
C_MOVECOUNT:0.5013725050161331
