ELO:962
CE_PASSEDPAWNS:0.5438432657760789
CE_PAWNWEAKNESSES:0.4953800430266532
CE_PIECEACTIVITY:0.5486290401355947
CE_KINGPAWNSHIELD:0.5247884917520523
CE_PIECECOORDINATION:0.4948977331811782
CE_MATERIAL:0.47777772270865543
CE_KINGSAFETY:0.5
C_PIECESQUARETABLES:0.5
C_MOBILITY:0.4762340967315721
C_KINGSAFETY:0.5052179518990155
C_PAWNSTRUCTURE:0.4900343611429813
C_PIECECOORDINATION:0.5386231118273811
C_ROOKANDPAWNMOVEMENT:0.5386231118273811
C_CENTERCONTROL:0.4626617827805449
C_DEVELOPPIECES:0.5
C_MATERIAL:0.4331876136066207
C_MOVECOUNT:0.5
