ELO:1000
CE_PASSEDPAWNS:0.5029171565535593
CE_PAWNWEAKNESSES:0.5142750642689353
CE_PIECEACTIVITY:0.46138485279519414
CE_KINGPAWNSHIELD:0.45337163044207274
CE_PIECECOORDINATION:0.5009295421845584
CE_MATERIAL:0.418095422812138
CE_KINGSAFETY:0.5305049078089318
C_PIECESQUARETABLES:0.4703133796239438
C_MOBILITY:0.4785204876283471
C_KINGSAFETY:0.4663560331700449
C_PAWNSTRUCTURE:0.4959640902373796
C_PIECECOORDINATION:0.41750214683987535
C_ROOKANDPAWNMOVEMENT:0.41750214683987535
C_CENTERCONTROL:0.5354817671914259
C_DEVELOPPIECES:0.4850071109793042
C_MATERIAL:0.507856000415768
