ELO:1000
CE_PASSEDPAWNS:0.5015758058157082
CE_PAWNWEAKNESSES:0.5104079747882587
CE_PIECEACTIVITY:0.48605564174717614
CE_KINGPAWNSHIELD:0.5004677592732574
CE_PIECECOORDINATION:0.5010046541307829
CE_MATERIAL:0.5138458069201013
CE_KINGSAFETY:0.5083689922953667
C_PIECESQUARETABLES:0.5071402167133826
C_MOBILITY:0.48847400616407377
C_KINGSAFETY:0.5028758363208248
C_PAWNSTRUCTURE:0.501274539570128
C_PIECECOORDINATION:0.4889842963051138
C_ROOKANDPAWNMOVEMENT:0.4889842963051138
C_CENTERCONTROL:0.4948577545734378
C_DEVELOPPIECES:0.5084186742221541
C_MATERIAL:0.491438447965093
