ELO:671
CE_PASSEDPAWNS:0.4938502923401075
CE_PAWNWEAKNESSES:0.5660730715185673
CE_PIECEACTIVITY:0.34905635471109897
CE_KINGPAWNSHIELD:0.5016385173661837
CE_PIECECOORDINATION:0.42993135573514674
CE_MATERIAL:0.4470379135218136
CE_KINGSAFETY:0.48262778311787274
C_PIECESQUARETABLES:0.5013546029071564
C_MOBILITY:0.5470975921768294
C_KINGSAFETY:0.47683709268591323
C_PAWNSTRUCTURE:0.5632516089376681
C_PIECECOORDINATION:0.44551972026093123
C_ROOKANDPAWNMOVEMENT:0.44551972026093123
C_CENTERCONTROL:0.4667502176573103
C_DEVELOPPIECES:0.4460648991949252
C_MATERIAL:0.5134381824151356
C_MOVECOUNT:0.5152598365443135
