ELO:1022
CE_PASSEDPAWNS:0.4401727437574496
CE_PAWNWEAKNESSES:0.520452099575662
CE_PIECEACTIVITY:0.5188145924915404
CE_KINGPAWNSHIELD:0.5139660425082319
CE_PIECECOORDINATION:0.4879108086881128
CE_MATERIAL:0.48789120580461787
CE_KINGSAFETY:0.5564275734634831
C_PIECESQUARETABLES:0.47527357924842484
C_MOBILITY:0.46726845072605416
C_KINGSAFETY:0.49202825069474193
C_PAWNSTRUCTURE:0.48558224660330035
C_PIECECOORDINATION:0.520725717342486
C_ROOKANDPAWNMOVEMENT:0.520725717342486
C_CENTERCONTROL:0.4406428163969016
C_DEVELOPPIECES:0.5380396753369013
C_MATERIAL:0.4792909924878059
