ELO:934
CE_PASSEDPAWNS:0.4404852989768291
CE_PAWNWEAKNESSES:0.46270384498576816
CE_PIECEACTIVITY:0.47192668619707173
CE_KINGPAWNSHIELD:0.4669320471803246
CE_PIECECOORDINATION:0.4902012118322102
CE_MATERIAL:0.4219103841932003
CE_KINGSAFETY:0.4799116214882854
C_PIECESQUARETABLES:0.5060266056506506
C_MOBILITY:0.47903755621364785
C_KINGSAFETY:0.4827416490027907
C_PAWNSTRUCTURE:0.5312846287366847
C_PIECECOORDINATION:0.4055883241483834
C_ROOKANDPAWNMOVEMENT:0.4055883241483834
C_CENTERCONTROL:0.5606438320603263
C_DEVELOPPIECES:0.4191724347942853
C_MATERIAL:0.5301469743536822
