ELO:1050
CE_PASSEDPAWNS:0.5
CE_PAWNWEAKNESSES:0.5006371033553221
CE_PIECEACTIVITY:0.5077183852040708
CE_KINGPAWNSHIELD:0.49754092330172345
CE_PIECECOORDINATION:0.5084812773586571
CE_MATERIAL:0.47627593291314285
CE_KINGSAFETY:0.5055187012758224
C_PIECESQUARETABLES:0.5
C_MOBILITY:0.5058221875965263
C_KINGSAFETY:0.5
C_PAWNSTRUCTURE:0.5203979785313994
C_PIECECOORDINATION:0.5191738623334785
C_ROOKANDPAWNMOVEMENT:0.5191738623334785
C_CENTERCONTROL:0.5024534246088876
C_DEVELOPPIECES:0.5110399839826686
C_MATERIAL:0.5150867969365417
C_MOVECOUNT:0.5
