ELO:830
CE_PASSEDPAWNS:0.47823051125634286
CE_PAWNWEAKNESSES:0.5241318974181939
CE_PIECEACTIVITY:0.4558160795893036
CE_KINGPAWNSHIELD:0.5294792487039954
CE_PIECECOORDINATION:0.4997803405042013
CE_MATERIAL:0.4140579695782203
CE_KINGSAFETY:0.4966007477056964
C_PIECESQUARETABLES:0.4997324434315051
C_MOBILITY:0.5265675478179058
C_KINGSAFETY:0.5579156865518343
C_PAWNSTRUCTURE:0.5160449849744712
C_PIECECOORDINATION:0.5154339860982364
C_ROOKANDPAWNMOVEMENT:0.5154339860982364
C_CENTERCONTROL:0.48704310020604824
C_DEVELOPPIECES:0.5139689471725879
C_MATERIAL:0.5078414155085363
C_MOVECOUNT:0.5
