ELO:1006
CE_PASSEDPAWNS:0.5055085941345078
CE_PAWNWEAKNESSES:0.5124756532578099
CE_PIECEACTIVITY:0.503698223429749
CE_KINGPAWNSHIELD:0.5
CE_PIECECOORDINATION:0.5018340799415553
CE_MATERIAL:0.5077608694239025
CE_KINGSAFETY:0.5
C_PIECESQUARETABLES:0.5
C_MOBILITY:0.5084634123103398
C_KINGSAFETY:0.5088098085443163
C_PAWNSTRUCTURE:0.5146208519847121
C_PIECECOORDINATION:0.5264015503130914
C_ROOKANDPAWNMOVEMENT:0.5264015503130914
C_CENTERCONTROL:0.5
C_DEVELOPPIECES:0.49807797072248167
C_MATERIAL:0.48985643630259723
C_MOVECOUNT:0.4929348085639066
