ELO:990
CE_PASSEDPAWNS:0.36384036494343525
CE_PAWNWEAKNESSES:0.5126890358274858
CE_PIECEACTIVITY:0.5088817620719461
CE_KINGPAWNSHIELD:0.473271664251929
CE_PIECECOORDINATION:0.44538019471221774
CE_MATERIAL:0.5561775794490093
CE_KINGSAFETY:0.4904245997401529
C_PIECESQUARETABLES:0.4964479679596775
C_MOBILITY:0.4992790731444436
C_KINGSAFETY:0.5017663362919055
C_PAWNSTRUCTURE:0.32150269927195163
C_PIECECOORDINATION:0.4455295289066636
C_ROOKANDPAWNMOVEMENT:0.4455295289066636
C_CENTERCONTROL:0.3976101602692124
C_DEVELOPPIECES:0.48749158738902765
C_MATERIAL:0.6833586956569498
