ELO:867
CE_PASSEDPAWNS:0.4977348554041886
CE_PAWNWEAKNESSES:0.508959672478197
CE_PIECEACTIVITY:0.558978168541855
CE_KINGPAWNSHIELD:0.4860881747449411
CE_PIECECOORDINATION:0.4626734396766844
CE_MATERIAL:0.4449642697654932
CE_KINGSAFETY:0.47775491525666614
C_PIECESQUARETABLES:0.49110135244404857
C_MOBILITY:0.4984694083026551
C_KINGSAFETY:0.5103997643810753
C_PAWNSTRUCTURE:0.4603917464993556
C_PIECECOORDINATION:0.6241507649979154
C_ROOKANDPAWNMOVEMENT:0.6241507649979154
C_CENTERCONTROL:0.488866629644226
C_DEVELOPPIECES:0.47921779130143033
C_MATERIAL:0.4888502897161702
C_MOVECOUNT:0.5064280407576566
