ELO:933
CE_PASSEDPAWNS:0.3526315540875003
CE_PAWNWEAKNESSES:0.44853922214507014
CE_PIECEACTIVITY:0.5568360051354272
CE_KINGPAWNSHIELD:0.5312730402592251
CE_PIECECOORDINATION:0.4963800830419256
CE_MATERIAL:0.4658883387225049
CE_KINGSAFETY:0.481330092531512
C_PIECESQUARETABLES:0.5194752740722771
C_MOBILITY:0.5067611543527561
C_KINGSAFETY:0.48856998783331107
C_PAWNSTRUCTURE:0.5203884408273673
C_PIECECOORDINATION:0.5461562746903579
C_ROOKANDPAWNMOVEMENT:0.5461562746903579
C_CENTERCONTROL:0.5678950679267921
C_DEVELOPPIECES:0.5596201362822677
C_MATERIAL:0.42061718738299575
