ELO:1058
CE_PASSEDPAWNS:0.509627366259295
CE_PAWNWEAKNESSES:0.4972065024037839
CE_PIECEACTIVITY:0.5177337443179966
CE_KINGPAWNSHIELD:0.5093482941268347
CE_PIECECOORDINATION:0.5051767071925631
CE_MATERIAL:0.4970967322552941
CE_KINGSAFETY:0.5
C_PIECESQUARETABLES:0.5
C_MOBILITY:0.5
C_KINGSAFETY:0.4795235616541757
C_PAWNSTRUCTURE:0.5035318901192946
C_PIECECOORDINATION:0.5172284595140588
C_ROOK:0.4863793706532083
CE_ROOK:0.5085086838710242
C_CENTERCONTROL:0.5094226295869053
C_DEVELOPPIECES:0.5169049356104082
C_MATERIAL:0.5
C_MOVECOUNT:0.5083426054011211
C_PAWNMOVEMENT:0.5260459540625663
