ELO:956
CE_PASSEDPAWNS:0.49608184029939273
CE_PAWNWEAKNESSES:0.48979192464123406
CE_PIECEACTIVITY:0.47647802808996714
CE_KINGPAWNSHIELD:0.46210255424326835
CE_PIECECOORDINATION:0.48431584911923725
CE_MATERIAL:0.4384630376870617
CE_KINGSAFETY:0.5167853765661385
C_PIECESQUARETABLES:0.5165562249668976
C_MOBILITY:0.49896780985723266
C_KINGSAFETY:0.447625041637197
C_PAWNSTRUCTURE:0.5231214048184837
C_PIECECOORDINATION:0.41645546267647665
C_ROOKANDPAWNMOVEMENT:0.41645546267647665
C_CENTERCONTROL:0.558307222395392
C_DEVELOPPIECES:0.46457866276048126
C_MATERIAL:0.5091005126008548
