ELO:1000
CE_PASSEDPAWNS:0.5013503647095727
CE_PAWNWEAKNESSES:0.5074645094230774
CE_PIECEACTIVITY:0.49579337433921755
CE_KINGPAWNSHIELD:0.48967810709234905
CE_PIECECOORDINATION:0.5052290044964067
CE_MATERIAL:0.45211229338352443
CE_KINGSAFETY:0.535263688300285
C_PIECESQUARETABLES:0.47589468921448447
C_MOBILITY:0.5027909722499511
C_KINGSAFETY:0.4701200366683091
C_PAWNSTRUCTURE:0.5109026684230988
C_PIECECOORDINATION:0.4567485447184961
C_ROOKANDPAWNMOVEMENT:0.4567485447184961
C_CENTERCONTROL:0.4972359667098369
C_DEVELOPPIECES:0.5070499887940825
C_MATERIAL:0.5116921014492509
