ELO:1029
CE_PASSEDPAWNS:0.4875142720850526
CE_PAWNWEAKNESSES:0.485223110808736
CE_PIECEACTIVITY:0.5067601457155742
CE_KINGPAWNSHIELD:0.4998219103617872
CE_PIECECOORDINATION:0.49845514478123043
CE_MATERIAL:0.5031413412348756
CE_KINGSAFETY:0.49601986462252884
C_PIECESQUARETABLES:0.5
C_MOBILITY:0.4797922490752784
C_KINGSAFETY:0.4998486566130445
C_PAWNSTRUCTURE:0.5
C_PIECECOORDINATION:0.5109841086042487
C_ROOKANDPAWNMOVEMENT:0.5109841086042487
C_CENTERCONTROL:0.502424884295727
C_DEVELOPPIECES:0.4476396959057294
C_MATERIAL:0.5095662347524706
C_MOVECOUNT:0.5
