ELO:931
CE_PASSEDPAWNS:0.43841577029517875
CE_PAWNWEAKNESSES:0.44618125521203383
CE_PIECEACTIVITY:0.4672913437407747
CE_KINGPAWNSHIELD:0.4774947514763832
CE_PIECECOORDINATION:0.4732317688663018
CE_MATERIAL:0.4401498677013662
CE_KINGSAFETY:0.4600597101961952
C_PIECESQUARETABLES:0.5084065645465253
C_MOBILITY:0.44710671767185034
C_KINGSAFETY:0.4736009213865305
C_PAWNSTRUCTURE:0.5216181628145976
C_PIECECOORDINATION:0.41144555868357496
C_ROOKANDPAWNMOVEMENT:0.41144555868357496
C_CENTERCONTROL:0.5605496829328249
C_DEVELOPPIECES:0.39453336163499647
C_MATERIAL:0.5125338903339713
