ELO:1018
CE_PASSEDPAWNS:0.5
CE_PAWNWEAKNESSES:0.49421411096196166
CE_PIECEACTIVITY:0.5
CE_KINGPAWNSHIELD:0.4918818943323937
CE_PIECECOORDINATION:0.5
CE_MATERIAL:0.5182980191597273
CE_KINGSAFETY:0.5
C_PIECESQUARETABLES:0.48286028994225977
C_MOBILITY:0.5125752030887047
C_KINGSAFETY:0.4898707025249439
C_PAWNSTRUCTURE:0.48783453018311573
C_PIECECOORDINATION:0.48956768401649137
C_ROOK:0.5022838547809677
CE_ROOK:0.5
C_CENTERCONTROL:0.5
C_DEVELOPPIECES:0.4838133919428205
C_MATERIAL:0.5
C_MOVECOUNT:0.5
C_PAWNMOVEMENT:0.4876739096797538
