ELO:985
CE_PASSEDPAWNS:0.49832782445110635
CE_PAWNWEAKNESSES:0.5102249986493637
CE_PIECEACTIVITY:0.4747230219578058
CE_KINGPAWNSHIELD:0.4369754159042324
CE_PIECECOORDINATION:0.5146852374707558
CE_MATERIAL:0.4011587911646432
CE_KINGSAFETY:0.5453563727901217
C_PIECESQUARETABLES:0.4548953920705784
C_MOBILITY:0.489145276701597
C_KINGSAFETY:0.47684905582446624
C_PAWNSTRUCTURE:0.4835129455869339
C_PIECECOORDINATION:0.42172543588498357
C_ROOKANDPAWNMOVEMENT:0.42172543588498357
C_CENTERCONTROL:0.5732948825420542
C_DEVELOPPIECES:0.4531715695010695
C_MATERIAL:0.5194003832628789
