ELO:819
CE_PASSEDPAWNS:0.5681405626308436
CE_PAWNWEAKNESSES:0.5683679096208863
CE_PIECEACTIVITY:0.4832316292217451
CE_KINGPAWNSHIELD:0.5257620463868772
CE_PIECECOORDINATION:0.4810864303104477
CE_MATERIAL:0.5712715875755098
CE_KINGSAFETY:0.46420579866889583
C_PIECESQUARETABLES:0.5118224734878062
C_MOBILITY:0.4517038491165304
C_KINGSAFETY:0.5406047779537757
C_PAWNSTRUCTURE:0.5516568944217609
C_PIECECOORDINATION:0.5232227879078961
C_ROOKANDPAWNMOVEMENT:0.5232227879078961
C_CENTERCONTROL:0.5266770907680466
C_DEVELOPPIECES:0.5204616583359567
C_MATERIAL:0.4972272645905172
