ELO:800
CE_PASSEDPAWNS:0.5900691953964496
CE_PAWNWEAKNESSES:0.5750704235214124
CE_PIECEACTIVITY:0.4689178303474722
CE_KINGPAWNSHIELD:0.5187139797412044
CE_PIECECOORDINATION:0.4792162694679014
CE_MATERIAL:0.5729767766879211
CE_KINGSAFETY:0.4762599585623958
C_PIECESQUARETABLES:0.5124952178616264
C_MOBILITY:0.4574424087860027
C_KINGSAFETY:0.542956991803471
C_PAWNSTRUCTURE:0.539507404003232
C_PIECECOORDINATION:0.49286876092014953
C_ROOKANDPAWNMOVEMENT:0.49286876092014953
C_CENTERCONTROL:0.5105704918864157
C_DEVELOPPIECES:0.525979966704039
C_MATERIAL:0.4780003469652542
