ELO:1049
CE_PASSEDPAWNS:0.5065790784845459
CE_PAWNWEAKNESSES:0.5
CE_PIECEACTIVITY:0.5
CE_KINGPAWNSHIELD:0.4998219103617872
CE_PIECECOORDINATION:0.48930233228246317
CE_MATERIAL:0.47328716106836
CE_KINGSAFETY:0.4894901817843167
C_PIECESQUARETABLES:0.5110461253143206
C_MOBILITY:0.5208547446083857
C_KINGSAFETY:0.4871396258959687
C_PAWNSTRUCTURE:0.49985067223834934
C_PIECECOORDINATION:0.4810489044076505
C_ROOKANDPAWNMOVEMENT:0.4810489044076505
C_CENTERCONTROL:0.4873151793354562
C_DEVELOPPIECES:0.4561110614391536
C_MATERIAL:0.5171288501257149
C_MOVECOUNT:0.5
