ELO:921
CE_PASSEDPAWNS:0.4784902089480857
CE_PAWNWEAKNESSES:0.49744987309587185
CE_PIECEACTIVITY:0.49242294682668103
CE_KINGPAWNSHIELD:0.5067147185198347
CE_PIECECOORDINATION:0.5092664599478082
CE_MATERIAL:0.49849879244117956
CE_KINGSAFETY:0.5241526178441288
C_PIECESQUARETABLES:0.5166651528441373
C_MOBILITY:0.5017308593349157
C_KINGSAFETY:0.4773020620817476
C_PAWNSTRUCTURE:0.4803172482202213
C_PIECECOORDINATION:0.49992655531053437
C_ROOKANDPAWNMOVEMENT:0.49992655531053437
C_CENTERCONTROL:0.4774712606049225
C_DEVELOPPIECES:0.4868327669285644
C_MATERIAL:0.4647883024120239
