ELO:921
CE_PASSEDPAWNS:0.43323656701035773
CE_PAWNWEAKNESSES:0.477835378551323
CE_PIECEACTIVITY:0.4810974687597869
CE_KINGPAWNSHIELD:0.5919218158167202
CE_PIECECOORDINATION:0.40326791694595676
CE_MATERIAL:0.5802497603348749
CE_KINGSAFETY:0.4757211419166499
C_PIECESQUARETABLES:0.5616825771775534
C_MOBILITY:0.483322348995899
C_KINGSAFETY:0.5095822813667058
C_PAWNSTRUCTURE:0.47947083596999984
C_PIECECOORDINATION:0.6304117787077074
C_ROOKANDPAWNMOVEMENT:0.6304117787077074
C_CENTERCONTROL:0.48759436001005324
C_DEVELOPPIECES:0.5196711928321212
C_MATERIAL:0.5915415245147436
