ELO:982
CE_PASSEDPAWNS:0.49832782445110635
CE_PAWNWEAKNESSES:0.5102249986493637
CE_PIECEACTIVITY:0.47322260301287433
CE_KINGPAWNSHIELD:0.4481814483896767
CE_PIECECOORDINATION:0.5109811052505042
CE_MATERIAL:0.4011587911646432
CE_KINGSAFETY:0.5
C_PIECESQUARETABLES:0.5095721228751257
C_MOBILITY:0.48669198986243467
C_KINGSAFETY:0.45464744011677133
C_PAWNSTRUCTURE:0.4897977184468674
C_PIECECOORDINATION:0.413249737069551
C_ROOKANDPAWNMOVEMENT:0.413249737069551
C_CENTERCONTROL:0.5639151497382666
C_DEVELOPPIECES:0.453185766312896
C_MATERIAL:0.5086300251471824
