ELO:1020
CE_PASSEDPAWNS:0.5055752404449525
CE_PAWNWEAKNESSES:0.4957519266187272
CE_PIECEACTIVITY:0.4996157051673918
CE_KINGPAWNSHIELD:0.5179883651661399
CE_PIECECOORDINATION:0.5053223456183804
CE_MATERIAL:0.5000466357657618
CE_KINGSAFETY:0.5
C_PIECESQUARETABLES:0.5
C_MOBILITY:0.5011988795025285
C_KINGSAFETY:0.49354428455914456
C_PAWNSTRUCTURE:0.5133619870326541
C_PIECECOORDINATION:0.5010565797952407
C_ROOK:0.49942828541685225
CE_ROOK:0.4721512202863491
C_CENTERCONTROL:0.49650807884561055
C_DEVELOPPIECES:0.5114122477393036
C_MATERIAL:0.4821774539182075
C_MOVECOUNT:0.5010862674562695
C_PAWNMOVEMENT:0.530027731652139
