ELO:691
CE_PASSEDPAWNS:0.48703964726234533
CE_PAWNWEAKNESSES:0.5633618863967862
CE_PIECEACTIVITY:0.34695919577895706
CE_KINGPAWNSHIELD:0.48981705602729725
CE_PIECECOORDINATION:0.42750784161066185
CE_MATERIAL:0.43583341405056053
CE_KINGSAFETY:0.47716282590187376
C_PIECESQUARETABLES:0.5179335289808649
C_MOBILITY:0.5470975921768294
C_KINGSAFETY:0.474368036239386
C_PAWNSTRUCTURE:0.5589008984898978
C_PIECECOORDINATION:0.43990732222017004
C_ROOKANDPAWNMOVEMENT:0.43990732222017004
C_CENTERCONTROL:0.4586789917770386
C_DEVELOPPIECES:0.4498950166489728
C_MATERIAL:0.5257194951815726
C_MOVECOUNT:0.5179630499493597
