ELO:986
CE_PASSEDPAWNS:0.4122456514807557
CE_PAWNWEAKNESSES:0.4687630187733894
CE_PIECEACTIVITY:0.559957317168786
CE_KINGPAWNSHIELD:0.49190024091983087
CE_PIECECOORDINATION:0.4641682743186019
CE_MATERIAL:0.4722812024315069
CE_KINGSAFETY:0.5832661926479158
C_PIECESQUARETABLES:0.46548286168139696
C_MOBILITY:0.4702448572350248
C_KINGSAFETY:0.5003505898671249
C_PAWNSTRUCTURE:0.49129739208224804
C_PIECECOORDINATION:0.5357341402723715
C_ROOKANDPAWNMOVEMENT:0.5357341402723715
C_CENTERCONTROL:0.46638424659681615
C_DEVELOPPIECES:0.5206166744866588
C_MATERIAL:0.44526916222043755
