ELO:998
CE_PASSEDPAWNS:0.5
CE_PAWNWEAKNESSES:0.5
CE_PIECEACTIVITY:0.5108966318463589
CE_KINGPAWNSHIELD:0.4803024189219407
CE_PIECECOORDINATION:0.5056748041887827
CE_MATERIAL:0.5
CE_KINGSAFETY:0.5
C_PIECESQUARETABLES:0.4905131004062063
C_MOBILITY:0.509427791387476
C_KINGSAFETY:0.5
C_PAWNSTRUCTURE:0.4996817048258965
C_PIECECOORDINATION:0.48148946514237606
C_ROOKANDPAWNMOVEMENT:0.48148946514237606
C_CENTERCONTROL:0.5096547268509648
C_DEVELOPPIECES:0.48863710965469326
C_MATERIAL:0.4905898119929626
