ELO:1041
CE_PASSEDPAWNS:0.4979797585875339
CE_PAWNWEAKNESSES:0.5029335473364235
CE_PIECEACTIVITY:0.4846295378443273
CE_KINGPAWNSHIELD:0.4940484174454118
CE_PIECECOORDINATION:0.49845514478123043
CE_MATERIAL:0.5031413412348756
CE_KINGSAFETY:0.49601986462252884
C_PIECESQUARETABLES:0.5
C_MOBILITY:0.4797922490752784
C_KINGSAFETY:0.5047160977237543
C_PAWNSTRUCTURE:0.5127002290046653
C_PIECECOORDINATION:0.5159423427094448
C_ROOKANDPAWNMOVEMENT:0.5159423427094448
C_CENTERCONTROL:0.502424884295727
C_DEVELOPPIECES:0.4476396959057294
C_MATERIAL:0.45744823192635764
C_MOVECOUNT:0.5
