ELO:1000
CE_PASSEDPAWNS:0.500970283842285
CE_PAWNWEAKNESSES:0.5020869859143074
CE_PIECEACTIVITY:0.49804519747101816
CE_KINGPAWNSHIELD:0.49238416085485
CE_PIECECOORDINATION:0.5080828667590866
CE_MATERIAL:0.5201618889309415
CE_KINGSAFETY:0.508465265074809
C_PIECESQUARETABLES:0.5119108224116566
C_MOBILITY:0.473690610181974
C_KINGSAFETY:0.5120135431319136
C_PAWNSTRUCTURE:0.5018089046381479
C_PIECECOORDINATION:0.5055072160165912
C_ROOKANDPAWNMOVEMENT:0.5055072160165912
C_CENTERCONTROL:0.4948577545734378
C_DEVELOPPIECES:0.5132424546083397
C_MATERIAL:0.5046212257041468
