ELO:1061
CE_PASSEDPAWNS:0.5263766509271866
CE_PAWNWEAKNESSES:0.506642754522303
CE_PIECEACTIVITY:0.5
CE_KINGPAWNSHIELD:0.4934832073901321
CE_PIECECOORDINATION:0.5079671768032734
CE_MATERIAL:0.5
CE_KINGSAFETY:0.5
C_PIECESQUARETABLES:0.5
C_MOBILITY:0.5242855971024735
C_KINGSAFETY:0.4833327887955052
C_PAWNSTRUCTURE:0.49677725629861014
C_PIECECOORDINATION:0.5328339974409297
C_ROOK:0.48960068424671976
CE_ROOK:0.5085086838710242
C_CENTERCONTROL:0.5029010550684012
C_DEVELOPPIECES:0.49547520755593566
C_MATERIAL:0.5136957097552839
C_MOVECOUNT:0.5041077650228579
C_PAWNMOVEMENT:0.4947520521633653
