ELO:1003
CE_PASSEDPAWNS:0.4998093520255458
CE_PAWNWEAKNESSES:0.47498388282465814
CE_PIECEACTIVITY:0.5
CE_KINGPAWNSHIELD:0.5
CE_PIECECOORDINATION:0.5068198689420264
CE_MATERIAL:0.4960019889633287
CE_KINGSAFETY:0.5057571832236317
C_PIECESQUARETABLES:0.511392250650876
C_MOBILITY:0.5
C_KINGSAFETY:0.5050174935779994
C_PAWNSTRUCTURE:0.49594347753631335
C_PIECECOORDINATION:0.4985973029749623
C_ROOKANDPAWNMOVEMENT:0.4985973029749623
C_CENTERCONTROL:0.5103572524992434
C_DEVELOPPIECES:0.4896651997489098
C_MATERIAL:0.5082350804306927
C_MOVECOUNT:0.4975301368634175
