ELO:1000
CE_PASSEDPAWNS:0.46061013909317305
CE_PAWNWEAKNESSES:0.49544832525099736
CE_PIECEACTIVITY:0.5003513048489465
CE_KINGPAWNSHIELD:0.5142919990708231
CE_PIECECOORDINATION:0.48921172523258627
CE_MATERIAL:0.517083613947793
CE_KINGSAFETY:0.43817749379395426
C_PIECESQUARETABLES:0.5389124940375759
C_MOBILITY:0.49435593367685987
C_KINGSAFETY:0.5229080455709066
C_PAWNSTRUCTURE:0.5419991111294905
C_PIECECOORDINATION:0.48354965289749563
C_ROOKANDPAWNMOVEMENT:0.48354965289749563
C_CENTERCONTROL:0.5100319177185293
C_DEVELOPPIECES:0.5223732761221608
C_MATERIAL:0.4928332041767647
