ELO:988
CE_PASSEDPAWNS:0.520730952021386
CE_PAWNWEAKNESSES:0.5207292266239506
CE_PIECEACTIVITY:0.5115517959390631
CE_KINGPAWNSHIELD:0.4076561608377238
CE_PIECECOORDINATION:0.4494655420067696
CE_MATERIAL:0.5494374673169167
CE_KINGSAFETY:0.5051194341529343
C_PIECESQUARETABLES:0.502081741597079
C_MOBILITY:0.49816549280442246
C_KINGSAFETY:0.5125284158109645
C_PAWNSTRUCTURE:0.5036899796735939
C_PIECECOORDINATION:0.5260945715499948
C_ROOKANDPAWNMOVEMENT:0.5260945715499948
C_CENTERCONTROL:0.3976101602692124
C_DEVELOPPIECES:0.5067495606305472
C_MATERIAL:0.5859692747107864
