ELO:1102
CE_PASSEDPAWNS:0.6216628427623379
CE_PAWNWEAKNESSES:0.4913955703625296
CE_PIECEACTIVITY:0.4750373463730111
CE_KINGPAWNSHIELD:0.47773738059533344
CE_PIECECOORDINATION:0.47863965086132443
CE_MATERIAL:0.45808571458854913
CE_KINGSAFETY:0.49267202543187966
C_PIECESQUARETABLES:0.49450863311904175
C_MOBILITY:0.42105203460517804
C_KINGSAFETY:0.5164009243433535
C_PAWNSTRUCTURE:0.4187276442770985
C_PIECECOORDINATION:0.47863206872267633
C_ROOKANDPAWNMOVEMENT:0.47863206872267633
C_CENTERCONTROL:0.5285984376316188
C_DEVELOPPIECES:0.585925719062439
C_MATERIAL:0.4145219179955627
