ELO:978
CE_PASSEDPAWNS:0.5477570488528436
CE_PAWNWEAKNESSES:0.5059947618864057
CE_PIECEACTIVITY:0.5170352704146628
CE_KINGPAWNSHIELD:0.4959552912925622
CE_PIECECOORDINATION:0.5062082332387661
CE_MATERIAL:0.4536154958486935
CE_KINGSAFETY:0.4781603097994063
C_PIECESQUARETABLES:0.48944106465644494
C_MOBILITY:0.49502543110164926
C_KINGSAFETY:0.4028103600255709
C_PAWNSTRUCTURE:0.42930564722671405
C_PIECECOORDINATION:0.5644954149960018
C_ROOKANDPAWNMOVEMENT:0.5644954149960018
C_CENTERCONTROL:0.5233763090594375
C_DEVELOPPIECES:0.559589968810754
C_MATERIAL:0.5524016588147236
