ELO:950
CE_PASSEDPAWNS:0.511040826216172
CE_PAWNWEAKNESSES:0.48376149510624
CE_PIECEACTIVITY:0.45734329437689614
CE_KINGPAWNSHIELD:0.5614843947219413
CE_PIECECOORDINATION:0.5060384375108402
CE_MATERIAL:0.49051157102621545
CE_KINGSAFETY:0.5
C_PIECESQUARETABLES:0.5
C_MOBILITY:0.5305977985536119
C_KINGSAFETY:0.5131877875320211
C_PAWNSTRUCTURE:0.5337046361234388
C_PIECECOORDINATION:0.48650035393729835
C_ROOK:0.49511964240783235
CE_ROOK:0.4569866695387568
C_CENTERCONTROL:0.5006835733762673
C_DEVELOPPIECES:0.5141989953661699
C_MATERIAL:0.48135539271702427
C_MOVECOUNT:0.5252256211948814
C_PAWNMOVEMENT:0.5076190720989552
