ELO:928
CE_PASSEDPAWNS:0.5232647474546995
CE_PAWNWEAKNESSES:0.5166711628458738
CE_PIECEACTIVITY:0.4378331178198483
CE_KINGPAWNSHIELD:0.4822237289071008
CE_PIECECOORDINATION:0.49979835325532695
CE_MATERIAL:0.5104766220857507
CE_KINGSAFETY:0.4898322714465064
C_PIECESQUARETABLES:0.5039432294263086
C_MOBILITY:0.4905036972940352
C_KINGSAFETY:0.5096232763925711
C_PAWNSTRUCTURE:0.45560842972307414
C_PIECECOORDINATION:0.48973002805993826
C_ROOKANDPAWNMOVEMENT:0.48973002805993826
C_CENTERCONTROL:0.49534327065335154
C_DEVELOPPIECES:0.4758708795262828
C_MATERIAL:0.5252177154214602
C_MOVECOUNT:0.5
