ELO:1000
CE_PASSEDPAWNS:0.5058248693727205
CE_PAWNWEAKNESSES:0.5
CE_PIECEACTIVITY:0.5
CE_KINGPAWNSHIELD:0.48714426070384237
CE_PIECECOORDINATION:0.496857194074719
CE_MATERIAL:0.5
CE_KINGSAFETY:0.49061884816609186
C_PIECESQUARETABLES:0.5
C_MOBILITY:0.49565167844659563
C_KINGSAFETY:0.49764325627233147
C_PAWNSTRUCTURE:0.5
C_PIECECOORDINATION:0.48963977365636274
C_ROOKANDPAWNMOVEMENT:0.48963977365636274
C_CENTERCONTROL:0.5
C_DEVELOPPIECES:0.4985561552335282
C_MATERIAL:0.5
