ELO:963
CE_PASSEDPAWNS:0.5288887260516946
CE_PAWNWEAKNESSES:0.49356294450690613
CE_PIECEACTIVITY:0.5013919218445276
CE_KINGPAWNSHIELD:0.586707701476035
CE_PIECECOORDINATION:0.5201981171484154
CE_MATERIAL:0.49986707642310146
CE_KINGSAFETY:0.48793930415665854
C_PIECESQUARETABLES:0.5
C_MOBILITY:0.5366048225069543
C_KINGSAFETY:0.5001543912521641
C_PAWNSTRUCTURE:0.5208719059298913
C_PIECECOORDINATION:0.4924954584206374
C_ROOK:0.5215762199461141
CE_ROOK:0.4285713482958596
C_CENTERCONTROL:0.4997673434254506
C_DEVELOPPIECES:0.5438221543359238
C_MATERIAL:0.477443458729436
C_MOVECOUNT:0.49905453701562685
C_PAWNMOVEMENT:0.5140551757705483
