ELO:752
CE_PASSEDPAWNS:0.5242134676498704
CE_PAWNWEAKNESSES:0.46133406764184404
CE_PIECEACTIVITY:0.4735403219317707
CE_KINGPAWNSHIELD:0.379556461722086
CE_PIECECOORDINATION:0.5581019370148325
CE_MATERIAL:0.5588281666759897
CE_KINGSAFETY:0.5213353951735449
C_PIECESQUARETABLES:0.521971885100334
C_MOBILITY:0.5338155475644197
C_KINGSAFETY:0.5219896704433621
C_PAWNSTRUCTURE:0.5148228705011546
C_PIECECOORDINATION:0.6031510568913518
C_ROOKANDPAWNMOVEMENT:0.6031510568913518
C_CENTERCONTROL:0.3667545642659176
C_DEVELOPPIECES:0.5471263665961318
C_MATERIAL:0.5172255323541892
C_MOVECOUNT:0.43805879203418746
