ELO:832
CE_PASSEDPAWNS:0.5215914340080583
CE_PAWNWEAKNESSES:0.544318513436217
CE_PIECEACTIVITY:0.44146691246861525
CE_KINGPAWNSHIELD:0.46999079313928555
CE_PIECECOORDINATION:0.5462723993529948
CE_MATERIAL:0.5050411763530397
CE_KINGSAFETY:0.46748684244971667
C_PIECESQUARETABLES:0.4929478029783608
C_MOBILITY:0.5012306352821586
C_KINGSAFETY:0.5208792980136311
C_PAWNSTRUCTURE:0.4745420357405881
C_PIECECOORDINATION:0.5067015445034203
C_ROOKANDPAWNMOVEMENT:0.5067015445034203
C_CENTERCONTROL:0.4968898653674147
C_DEVELOPPIECES:0.46904884041759026
C_MATERIAL:0.5511556366219504
C_MOVECOUNT:0.5
