ELO:1028
CE_PASSEDPAWNS:0.5033625682171142
CE_PAWNWEAKNESSES:0.5190126666842155
CE_PIECEACTIVITY:0.4891768152958047
CE_KINGPAWNSHIELD:0.5222044572201847
CE_PIECECOORDINATION:0.4975921743677684
CE_MATERIAL:0.5130710067684311
CE_KINGSAFETY:0.5040451758754483
C_PIECESQUARETABLES:0.5113651227103649
C_MOBILITY:0.5044350659109379
C_KINGSAFETY:0.5084182799609127
C_PAWNSTRUCTURE:0.5
C_PIECECOORDINATION:0.49444330209467785
C_ROOK:0.5
CE_ROOK:0.5236502111383496
C_CENTERCONTROL:0.5107726029083937
C_DEVELOPPIECES:0.4900101945511022
C_MATERIAL:0.5036102244421781
C_MOVECOUNT:0.5068460870873959
C_PAWNMOVEMENT:0.5041781980806217
