ELO:973
CE_PASSEDPAWNS:0.4441067854529803
CE_PAWNWEAKNESSES:0.4711515564785658
CE_PIECEACTIVITY:0.558857815756945
CE_KINGPAWNSHIELD:0.5471024504825788
CE_PIECECOORDINATION:0.5223254691381093
CE_MATERIAL:0.5242537221466484
CE_KINGSAFETY:0.4700065944852556
C_PIECESQUARETABLES:0.4459648614128211
C_MOBILITY:0.5228327546672111
C_KINGSAFETY:0.4639898919243532
C_PAWNSTRUCTURE:0.5779084356783742
C_PIECECOORDINATION:0.4710284188412655
C_ROOKANDPAWNMOVEMENT:0.4710284188412655
C_CENTERCONTROL:0.5078795260842291
C_DEVELOPPIECES:0.5243170278659829
C_MATERIAL:0.4887524865714659
