ELO:821
CE_PASSEDPAWNS:0.5068969909042326
CE_PAWNWEAKNESSES:0.3999696913026158
CE_PIECEACTIVITY:0.5221066634137169
CE_KINGPAWNSHIELD:0.4976984935782008
CE_PIECECOORDINATION:0.4242831852133833
CE_MATERIAL:0.36412667017430855
CE_KINGSAFETY:0.5477622826956443
C_PIECESQUARETABLES:0.4253156254236739
C_MOBILITY:0.5125512968394017
C_KINGSAFETY:0.3500613318737674
C_PAWNSTRUCTURE:0.41205338465576696
C_PIECECOORDINATION:0.5353514953080352
C_ROOKANDPAWNMOVEMENT:0.5353514953080352
C_CENTERCONTROL:0.4669254512576362
C_DEVELOPPIECES:0.5656881880808653
C_MATERIAL:0.6712948692511707
