ELO:938
CE_PASSEDPAWNS:0.43145292393711193
CE_PAWNWEAKNESSES:0.44953015393349555
CE_PIECEACTIVITY:0.577367373050105
CE_KINGPAWNSHIELD:0.5675079870715184
CE_PIECECOORDINATION:0.5060743988591389
CE_MATERIAL:0.5560628832666942
CE_KINGSAFETY:0.5006507391137972
C_PIECESQUARETABLES:0.49032568582563
C_MOBILITY:0.5032101967960512
C_KINGSAFETY:0.5049192071121004
C_PAWNSTRUCTURE:0.5764299167377787
C_PIECECOORDINATION:0.5287424986919078
C_ROOKANDPAWNMOVEMENT:0.5287424986919078
C_CENTERCONTROL:0.5184461191850042
C_DEVELOPPIECES:0.5008172427823325
C_MATERIAL:0.44742582609189663
