ELO:983
CE_PASSEDPAWNS:0.5183780282257214
CE_PAWNWEAKNESSES:0.49988875397086885
CE_PIECEACTIVITY:0.5459475848527194
CE_KINGPAWNSHIELD:0.49396426453158865
CE_PIECECOORDINATION:0.5048321029391261
CE_MATERIAL:0.5090774899364716
CE_KINGSAFETY:0.47709140678034695
C_PIECESQUARETABLES:0.5200576177429289
C_MOBILITY:0.5422283927582287
C_KINGSAFETY:0.5152585769881592
C_PAWNSTRUCTURE:0.5303394479955647
C_PIECECOORDINATION:0.480355315145667
C_ROOKANDPAWNMOVEMENT:0.480355315145667
C_CENTERCONTROL:0.5030271986975708
C_DEVELOPPIECES:0.5024150381185759
C_MATERIAL:0.4712723436102836
