ELO:1000
CE_PASSEDPAWNS:0.5100963428654872
CE_PAWNWEAKNESSES:0.5205302314433725
CE_PIECEACTIVITY:0.5144549104653009
CE_KINGPAWNSHIELD:0.5113996984597271
CE_PIECECOORDINATION:0.46342805031958034
CE_MATERIAL:0.505431948799365
CE_KINGSAFETY:0.48954392137167674
C_PIECESQUARETABLES:0.5086677123857303
C_MOBILITY:0.5067359650694945
C_KINGSAFETY:0.5015719315995643
C_PAWNSTRUCTURE:0.49780687763074033
C_PIECECOORDINATION:0.5
C_ROOKANDPAWNMOVEMENT:0.5
C_CENTERCONTROL:0.4931207761877529
C_DEVELOPPIECES:0.5071951645634543
C_MATERIAL:0.49613671553899297
C_MOVECOUNT:0.5111033652491012
