ELO:982
CE_PASSEDPAWNS:0.5001678251406987
CE_PAWNWEAKNESSES:0.491380883573263
CE_PIECEACTIVITY:0.501095042681773
CE_KINGPAWNSHIELD:0.49282973780770484
CE_PIECECOORDINATION:0.506763464663647
CE_MATERIAL:0.5019514341904765
CE_KINGSAFETY:0.5194899664607893
C_PIECESQUARETABLES:0.4885088946012648
C_MOBILITY:0.5099299300936888
C_KINGSAFETY:0.5097789662117026
C_PAWNSTRUCTURE:0.5
C_PIECECOORDINATION:0.5076119868493217
C_ROOKANDPAWNMOVEMENT:0.5076119868493217
C_CENTERCONTROL:0.5221216305783727
C_DEVELOPPIECES:0.4943053574972565
C_MATERIAL:0.4935717853600789
C_MOVECOUNT:0.5
