ELO:996
CE_PASSEDPAWNS:0.5181613193039826
CE_PAWNWEAKNESSES:0.5011198479996312
CE_PIECEACTIVITY:0.45202716690404365
CE_KINGPAWNSHIELD:0.4646676566475911
CE_PIECECOORDINATION:0.48732251570300195
CE_MATERIAL:0.51857345459196
CE_KINGSAFETY:0.5
C_PIECESQUARETABLES:0.5116660678347063
C_MOBILITY:0.5134463138338983
C_KINGSAFETY:0.5253574368761139
C_PAWNSTRUCTURE:0.4830947678265539
C_PIECECOORDINATION:0.4710357225378823
C_ROOK:0.4922825441035227
CE_ROOK:0.4715276168325364
C_CENTERCONTROL:0.5072211676320122
C_DEVELOPPIECES:0.5393505470872896
C_MATERIAL:0.493558950881213
C_MOVECOUNT:0.45523423474275165
C_PAWNMOVEMENT:0.46867574683922963
