ELO:981
CE_PASSEDPAWNS:0.509340544296477
CE_PAWNWEAKNESSES:0.5116280401965128
CE_PIECEACTIVITY:0.492335286985487
CE_KINGPAWNSHIELD:0.5108278701848533
CE_PIECECOORDINATION:0.5123614499393107
CE_MATERIAL:0.4892971751709965
CE_KINGSAFETY:0.5
C_PIECESQUARETABLES:0.5
C_MOBILITY:0.5
C_KINGSAFETY:0.4931124720676772
C_PAWNSTRUCTURE:0.5
C_PIECECOORDINATION:0.4916360487114467
C_ROOKANDPAWNMOVEMENT:0.4916360487114467
C_CENTERCONTROL:0.501115558342066
C_DEVELOPPIECES:0.5
C_MATERIAL:0.5216319864562166
C_MOVECOUNT:0.4922990721141538
