ELO:1000
CE_PASSEDPAWNS:0.4689671196337788
CE_PAWNWEAKNESSES:0.4815808102951107
CE_PIECEACTIVITY:0.5171746309556102
CE_KINGPAWNSHIELD:0.5262489716648368
CE_PIECECOORDINATION:0.5017473638228053
CE_MATERIAL:0.5139819174078397
CE_KINGSAFETY:0.4782139382722344
C_PIECESQUARETABLES:0.5465686111423624
C_MOBILITY:0.48000281971672615
C_KINGSAFETY:0.5320630876819766
C_PAWNSTRUCTURE:0.5153503125172443
C_PIECECOORDINATION:0.5151689740564074
C_ROOKANDPAWNMOVEMENT:0.5151689740564074
C_CENTERCONTROL:0.5107002172552608
C_DEVELOPPIECES:0.515167838459217
C_MATERIAL:0.4928332041767647
