ELO:899
CE_PASSEDPAWNS:0.41310055932559525
CE_PAWNWEAKNESSES:0.46504308230331115
CE_PIECEACTIVITY:0.5012457254715192
CE_KINGPAWNSHIELD:0.486491230704234
CE_PIECECOORDINATION:0.5108695701691119
CE_MATERIAL:0.5248593653654515
CE_KINGSAFETY:0.5100000514745436
C_PIECESQUARETABLES:0.5255156118639926
C_MOBILITY:0.526981963154345
C_KINGSAFETY:0.5690188824129213
C_PAWNSTRUCTURE:0.49805272024386177
C_PIECECOORDINATION:0.5584705373620718
C_ROOKANDPAWNMOVEMENT:0.5584705373620718
C_CENTERCONTROL:0.47781124440669953
C_DEVELOPPIECES:0.4753295803305758
C_MATERIAL:0.4902676970339511
C_MOVECOUNT:0.4641967082281833
