ELO:985
CE_PASSEDPAWNS:0.5200705386960032
CE_PAWNWEAKNESSES:0.5367998416970122
CE_PIECEACTIVITY:0.5389920970668391
CE_KINGPAWNSHIELD:0.49100820201400214
CE_PIECECOORDINATION:0.4979503339423836
CE_MATERIAL:0.46519859961668836
CE_KINGSAFETY:0.47454362692619545
C_PIECESQUARETABLES:0.5035536104791046
C_MOBILITY:0.46969089620254295
C_KINGSAFETY:0.40938189190929386
C_PAWNSTRUCTURE:0.4347248224531234
C_PIECECOORDINATION:0.5460206894666738
C_ROOKANDPAWNMOVEMENT:0.5460206894666738
C_CENTERCONTROL:0.5076119525738223
C_DEVELOPPIECES:0.5665970918881899
C_MATERIAL:0.5228107616406403
