ELO:960
CE_PASSEDPAWNS:0.48664877364174697
CE_PAWNWEAKNESSES:0.5054482691507438
CE_PIECEACTIVITY:0.5182064462535528
CE_KINGPAWNSHIELD:0.517244980872155
CE_PIECECOORDINATION:0.48105704880491373
CE_MATERIAL:0.503199918080495
CE_KINGSAFETY:0.5
C_PIECESQUARETABLES:0.4906294644277805
C_MOBILITY:0.45136233653429475
C_KINGSAFETY:0.5018824929707596
C_PAWNSTRUCTURE:0.4763961177753318
C_PIECECOORDINATION:0.4721715463476042
C_ROOKANDPAWNMOVEMENT:0.4721715463476042
C_CENTERCONTROL:0.46470816476700477
C_DEVELOPPIECES:0.486744321688935
C_MATERIAL:0.49697930882839547
C_MOVECOUNT:0.505577219678152
