ELO:909
CE_PASSEDPAWNS:0.5252688531251997
CE_PAWNWEAKNESSES:0.43740828944544413
CE_PIECEACTIVITY:0.5064240600102161
CE_KINGPAWNSHIELD:0.5008451589155025
CE_PIECECOORDINATION:0.45218458460793187
CE_MATERIAL:0.3696736029585883
CE_KINGSAFETY:0.5087892549329336
C_PIECESQUARETABLES:0.43789042812659956
C_MOBILITY:0.5145048035307114
C_KINGSAFETY:0.36128302022924524
C_PAWNSTRUCTURE:0.43563247722367787
C_PIECECOORDINATION:0.5752661545573683
C_ROOKANDPAWNMOVEMENT:0.5752661545573683
C_CENTERCONTROL:0.47897945479897625
C_DEVELOPPIECES:0.5567002034824643
C_MATERIAL:0.6746272533604455
