ELO:858
CE_PASSEDPAWNS:0.5088814672344776
CE_PAWNWEAKNESSES:0.5398968691353352
CE_PIECEACTIVITY:0.4676197975635818
CE_KINGPAWNSHIELD:0.46235097578669454
CE_PIECECOORDINATION:0.5406605343884536
CE_MATERIAL:0.5122828207089937
CE_KINGSAFETY:0.5010549169416304
C_PIECESQUARETABLES:0.4915669832090848
C_MOBILITY:0.563145420046857
C_KINGSAFETY:0.5003500695599773
C_PAWNSTRUCTURE:0.4473849191275875
C_PIECECOORDINATION:0.5411814057714117
C_ROOKANDPAWNMOVEMENT:0.5411814057714117
C_CENTERCONTROL:0.4967290140174881
C_DEVELOPPIECES:0.4878646867489869
C_MATERIAL:0.5863979236439658
C_MOVECOUNT:0.5
