ELO:971
CE_PASSEDPAWNS:0.4743223113362243
CE_PAWNWEAKNESSES:0.4156576860877508
CE_PIECEACTIVITY:0.5033950908044756
CE_KINGPAWNSHIELD:0.5551568480638643
CE_PIECECOORDINATION:0.49265861338676525
CE_MATERIAL:0.5315932397812694
CE_KINGSAFETY:0.5
C_PIECESQUARETABLES:0.5
C_MOBILITY:0.44839758384510536
C_KINGSAFETY:0.5305928267864757
C_PAWNSTRUCTURE:0.4990826721516586
C_PIECECOORDINATION:0.4646600127190287
C_ROOKANDPAWNMOVEMENT:0.4646600127190287
C_CENTERCONTROL:0.4892159748478409
C_DEVELOPPIECES:0.5092582959206459
C_MATERIAL:0.48735774361741313
C_MOVECOUNT:0.5
