ELO:925
CE_PASSEDPAWNS:0.4551222847648232
CE_PAWNWEAKNESSES:0.5075806788840087
CE_PIECEACTIVITY:0.5430981912847241
CE_KINGPAWNSHIELD:0.45421724159453125
CE_PIECECOORDINATION:0.5327463032204134
CE_MATERIAL:0.4340761757643313
CE_KINGSAFETY:0.5030859907312228
C_PIECESQUARETABLES:0.4562389037945945
C_MOBILITY:0.47797254072941
C_KINGSAFETY:0.5355309337667828
C_PAWNSTRUCTURE:0.4573298459903127
C_PIECECOORDINATION:0.44991651930643933
C_ROOKANDPAWNMOVEMENT:0.44991651930643933
C_CENTERCONTROL:0.5133272993903647
C_DEVELOPPIECES:0.49948735396497373
C_MATERIAL:0.4517549897496144
C_MOVECOUNT:0.52758190243106
