ELO:859
CE_PASSEDPAWNS:0.5137641468783374
CE_PAWNWEAKNESSES:0.5497603564830501
CE_PIECEACTIVITY:0.4727280916335963
CE_KINGPAWNSHIELD:0.44904534340880586
CE_PIECECOORDINATION:0.5247317000263518
CE_MATERIAL:0.5031035984175524
CE_KINGSAFETY:0.5102471858920253
C_PIECESQUARETABLES:0.5064298076705159
C_MOBILITY:0.595272158836841
C_KINGSAFETY:0.47353683130485397
C_PAWNSTRUCTURE:0.45243980325005145
C_PIECECOORDINATION:0.5622456659508362
C_ROOKANDPAWNMOVEMENT:0.5622456659508362
C_CENTERCONTROL:0.5163654088011675
C_DEVELOPPIECES:0.4820437840871868
C_MATERIAL:0.5574628384462782
C_MOVECOUNT:0.5
