ELO:989
CE_PASSEDPAWNS:0.5410178978709875
CE_PAWNWEAKNESSES:0.5556584963587567
CE_PIECEACTIVITY:0.5273073549086925
CE_KINGPAWNSHIELD:0.5122149258623753
CE_PIECECOORDINATION:0.49271135535154015
CE_MATERIAL:0.45915001960530183
CE_KINGSAFETY:0.4821920987298475
C_PIECESQUARETABLES:0.5039269105880286
C_MOBILITY:0.46313138757680533
C_KINGSAFETY:0.40464128086559714
C_PAWNSTRUCTURE:0.4494376752224301
C_PIECECOORDINATION:0.5280236116120016
C_ROOKANDPAWNMOVEMENT:0.5280236116120016
C_CENTERCONTROL:0.49603012147910963
C_DEVELOPPIECES:0.5697717726192283
C_MATERIAL:0.5340419659941513
