ELO:1000
CE_PASSEDPAWNS:0.4734755852726067
CE_PAWNWEAKNESSES:0.48071026410268125
CE_PIECEACTIVITY:0.5181387955078041
CE_KINGPAWNSHIELD:0.508366820892663
CE_PIECECOORDINATION:0.4858944119776056
CE_MATERIAL:0.5234714233245562
CE_KINGSAFETY:0.4806697437196565
C_PIECESQUARETABLES:0.459973388327095
C_MOBILITY:0.5459070704953192
C_KINGSAFETY:0.4980649425498036
C_PAWNSTRUCTURE:0.5577388878600026
C_PIECECOORDINATION:0.4702219119581232
C_ROOKANDPAWNMOVEMENT:0.4702219119581232
C_CENTERCONTROL:0.4969635703751242
C_DEVELOPPIECES:0.5171907818779765
C_MATERIAL:0.49831990933372644
