ELO:865
CE_PASSEDPAWNS:0.495007158847835
CE_PAWNWEAKNESSES:0.5241656368966738
CE_PIECEACTIVITY:0.4804088515931897
CE_KINGPAWNSHIELD:0.4741013742816158
CE_PIECECOORDINATION:0.5551533905015564
CE_MATERIAL:0.5340428685823533
CE_KINGSAFETY:0.49626101059447963
C_PIECESQUARETABLES:0.48006900231445876
C_MOBILITY:0.5147662101254117
C_KINGSAFETY:0.5054705322374607
C_PAWNSTRUCTURE:0.46219681621714276
C_PIECECOORDINATION:0.5249552307579045
C_ROOKANDPAWNMOVEMENT:0.5249552307579045
C_CENTERCONTROL:0.4833481409192441
C_DEVELOPPIECES:0.4871232605999455
C_MATERIAL:0.5641308288593917
C_MOVECOUNT:0.5
