ELO:996
CE_PASSEDPAWNS:0.3671258369474086
CE_PAWNWEAKNESSES:0.5244765098021761
CE_PIECEACTIVITY:0.5273689005966412
CE_KINGPAWNSHIELD:0.40759144484080706
CE_PIECECOORDINATION:0.44657635317083544
CE_MATERIAL:0.5608210040130506
CE_KINGSAFETY:0.5112899109944471
C_PIECESQUARETABLES:0.48827226036121163
C_MOBILITY:0.6106431556756368
C_KINGSAFETY:0.5125284158109645
C_PAWNSTRUCTURE:0.3974960377332616
C_PIECECOORDINATION:0.4332815383079589
C_ROOKANDPAWNMOVEMENT:0.4332815383079589
C_CENTERCONTROL:0.4038590333209949
C_DEVELOPPIECES:0.5933423053266473
C_MATERIAL:0.5868682024870738
