ELO:843
CE_PASSEDPAWNS:0.5099473316493688
CE_PAWNWEAKNESSES:0.5607301986112706
CE_PIECEACTIVITY:0.46843194690233786
CE_KINGPAWNSHIELD:0.44856543606492416
CE_PIECECOORDINATION:0.523474053886938
CE_MATERIAL:0.5232945222112763
CE_KINGSAFETY:0.5077115841605587
C_PIECESQUARETABLES:0.505729075596397
C_MOBILITY:0.5870443431141439
C_KINGSAFETY:0.4831755742205921
C_PAWNSTRUCTURE:0.43253071853964575
C_PIECECOORDINATION:0.5496569051834821
C_ROOKANDPAWNMOVEMENT:0.5496569051834821
C_CENTERCONTROL:0.508069367984773
C_DEVELOPPIECES:0.5134247437989647
C_MATERIAL:0.5655497085709819
C_MOVECOUNT:0.5
