ELO:1079
CE_PASSEDPAWNS:0.4250482009701485
CE_PAWNWEAKNESSES:0.5108031172526699
CE_PIECEACTIVITY:0.5682609743180923
CE_KINGPAWNSHIELD:0.45776479681301846
CE_PIECECOORDINATION:0.4325715795433748
CE_MATERIAL:0.4520243316659687
CE_KINGSAFETY:0.5
C_PIECESQUARETABLES:0.48783595349698566
C_MOBILITY:0.4419275950548253
C_KINGSAFETY:0.610215365116759
C_PAWNSTRUCTURE:0.41040599071577993
C_PIECECOORDINATION:0.4932781834773922
C_ROOKANDPAWNMOVEMENT:0.4932781834773922
C_CENTERCONTROL:0.5939422757748375
C_DEVELOPPIECES:0.5034004472324135
C_MATERIAL:0.4038450904256072
