ELO:971
CE_PASSEDPAWNS:0.5043544470121853
CE_PAWNWEAKNESSES:0.48374149751006484
CE_PIECEACTIVITY:0.5008090538753496
CE_KINGPAWNSHIELD:0.5006585840085543
CE_PIECECOORDINATION:0.5071759585338798
CE_MATERIAL:0.4973833628239749
CE_KINGSAFETY:0.5178558235434877
C_PIECESQUARETABLES:0.48814259031815244
C_MOBILITY:0.4979780290231325
C_KINGSAFETY:0.5019646797148789
C_PAWNSTRUCTURE:0.48312416644282014
C_PIECECOORDINATION:0.511698409496428
C_ROOKANDPAWNMOVEMENT:0.511698409496428
C_CENTERCONTROL:0.5074834458467807
C_DEVELOPPIECES:0.4927187203574784
C_MATERIAL:0.4999527069249781
C_MOVECOUNT:0.5020718940881981
