ELO:985
CE_PASSEDPAWNS:0.5143448416966688
CE_PAWNWEAKNESSES:0.5134427244746982
CE_PIECEACTIVITY:0.49318122716774415
CE_KINGPAWNSHIELD:0.5094299849361422
CE_PIECECOORDINATION:0.4904639630419481
CE_MATERIAL:0.48942554264960286
CE_KINGSAFETY:0.5076409769453388
C_PIECESQUARETABLES:0.5
C_MOBILITY:0.5
C_KINGSAFETY:0.5
C_PAWNSTRUCTURE:0.5054384488847392
C_PIECECOORDINATION:0.4988289472599742
C_ROOKANDPAWNMOVEMENT:0.4988289472599742
C_CENTERCONTROL:0.5
C_DEVELOPPIECES:0.5073478958877093
C_MATERIAL:0.48524015313346874
