ELO:831
CE_PASSEDPAWNS:0.4228192935519865
CE_PAWNWEAKNESSES:0.4431318221904024
CE_PIECEACTIVITY:0.5159347144574136
CE_KINGPAWNSHIELD:0.605844708349126
CE_PIECECOORDINATION:0.45224305616157223
CE_MATERIAL:0.5873307542097193
CE_KINGSAFETY:0.5290897928324458
C_PIECESQUARETABLES:0.457666235485195
C_MOBILITY:0.47978593627614713
C_KINGSAFETY:0.5697724135893167
C_PAWNSTRUCTURE:0.5386426397472293
C_PIECECOORDINATION:0.4889390821685891
C_ROOKANDPAWNMOVEMENT:0.4889390821685891
C_CENTERCONTROL:0.5252461608625668
C_DEVELOPPIECES:0.46267058414019147
C_MATERIAL:0.38608285151860383
