ELO:887
CE_PASSEDPAWNS:0.5192358616942363
CE_PAWNWEAKNESSES:0.5231436747185078
CE_PIECEACTIVITY:0.5112073312347335
CE_KINGPAWNSHIELD:0.4964617477108491
CE_PIECECOORDINATION:0.4913444745262977
CE_MATERIAL:0.46997459111780954
CE_KINGSAFETY:0.5
C_PIECESQUARETABLES:0.4997131403881396
C_MOBILITY:0.5056583039389108
C_KINGSAFETY:0.48955380673169835
C_PAWNSTRUCTURE:0.5241271519035022
C_PIECECOORDINATION:0.5202674339934937
C_ROOKANDPAWNMOVEMENT:0.5202674339934937
C_CENTERCONTROL:0.5287314885353025
C_DEVELOPPIECES:0.4858828937288326
C_MATERIAL:0.5140559135732259
C_MOVECOUNT:0.49702741402276446
