ELO:1023
CE_PASSEDPAWNS:0.5
CE_PAWNWEAKNESSES:0.49914851563414614
CE_PIECEACTIVITY:0.4963753295534319
CE_KINGPAWNSHIELD:0.5
CE_PIECECOORDINATION:0.5025316279826835
CE_MATERIAL:0.5
CE_KINGSAFETY:0.5
C_PIECESQUARETABLES:0.5
C_MOBILITY:0.5
C_KINGSAFETY:0.5
C_PAWNSTRUCTURE:0.5
C_PIECECOORDINATION:0.49444330209467785
C_ROOK:0.5
CE_ROOK:0.5037655901268441
C_CENTERCONTROL:0.5062802752128492
C_DEVELOPPIECES:0.4904135643661216
C_MATERIAL:0.5121608666681015
C_MOVECOUNT:0.5
C_PAWNMOVEMENT:0.505592676874522
