ELO:947
CE_PASSEDPAWNS:0.5039820002874097
CE_PAWNWEAKNESSES:0.4957952112298704
CE_PIECEACTIVITY:0.5175430636707468
CE_KINGPAWNSHIELD:0.4904532653659211
CE_PIECECOORDINATION:0.48894664344299144
CE_MATERIAL:0.5129107380167406
CE_KINGSAFETY:0.51292108689752
C_PIECESQUARETABLES:0.5273908311864481
C_MOBILITY:0.5400004631892539
C_KINGSAFETY:0.48400366909389014
C_PAWNSTRUCTURE:0.4797936199770009
C_PIECECOORDINATION:0.4923176282392255
C_ROOKANDPAWNMOVEMENT:0.4923176282392255
C_CENTERCONTROL:0.5114276487159857
C_DEVELOPPIECES:0.49454836103048516
C_MATERIAL:0.48028733675330315
C_MOVECOUNT:0.5132979213975158
