ELO:802
CE_PASSEDPAWNS:0.41462680806649405
CE_PAWNWEAKNESSES:0.45220573716782536
CE_PIECEACTIVITY:0.5302920661084597
CE_KINGPAWNSHIELD:0.5906818530972062
CE_PIECECOORDINATION:0.4485516963408984
CE_MATERIAL:0.5990870824947248
CE_KINGSAFETY:0.5253487802567371
C_PIECESQUARETABLES:0.46389959281661924
C_MOBILITY:0.4678281818704851
C_KINGSAFETY:0.6075090381616508
C_PAWNSTRUCTURE:0.5231475185427831
C_PIECECOORDINATION:0.49983251241510057
C_ROOKANDPAWNMOVEMENT:0.49983251241510057
C_CENTERCONTROL:0.5249102095307313
C_DEVELOPPIECES:0.4856528144048589
C_MATERIAL:0.40092706242279436
