ELO:963
CE_PASSEDPAWNS:0.48664877364174697
CE_PAWNWEAKNESSES:0.49793986969847703
CE_PIECEACTIVITY:0.5128243712504263
CE_KINGPAWNSHIELD:0.517244980872155
CE_PIECECOORDINATION:0.48284244879984617
CE_MATERIAL:0.503199918080495
CE_KINGSAFETY:0.48315701736553124
C_PIECESQUARETABLES:0.4901160868727127
C_MOBILITY:0.4339999795044688
C_KINGSAFETY:0.4944826601116927
C_PAWNSTRUCTURE:0.4670583229091298
C_PIECECOORDINATION:0.4801552407242691
C_ROOKANDPAWNMOVEMENT:0.4801552407242691
C_CENTERCONTROL:0.46470816476700477
C_DEVELOPPIECES:0.4839615752759615
C_MATERIAL:0.49743938890606565
C_MOVECOUNT:0.49980608454657144
