ELO:892
CE_PASSEDPAWNS:0.5686004877478475
CE_PAWNWEAKNESSES:0.4751565899989533
CE_PIECEACTIVITY:0.49882589777991626
CE_KINGPAWNSHIELD:0.4724472862607563
CE_PIECECOORDINATION:0.4931484498021174
CE_MATERIAL:0.5076631002205938
CE_KINGSAFETY:0.5902701890016436
C_PIECESQUARETABLES:0.5
C_MOBILITY:0.48804439224094837
C_KINGSAFETY:0.4569232137195134
C_PAWNSTRUCTURE:0.5313815995170805
C_PIECECOORDINATION:0.4968742682318569
C_ROOKANDPAWNMOVEMENT:0.4968742682318569
C_CENTERCONTROL:0.4813612197902274
C_DEVELOPPIECES:0.48483114344646366
C_MATERIAL:0.4708434099915567
C_MOVECOUNT:0.5
