ELO:953
CE_PASSEDPAWNS:0.511040826216172
CE_PAWNWEAKNESSES:0.47055378940589876
CE_PIECEACTIVITY:0.45734329437689614
CE_KINGPAWNSHIELD:0.5614843947219413
CE_PIECECOORDINATION:0.5060384375108402
CE_MATERIAL:0.5128393656151502
CE_KINGSAFETY:0.4985670757886054
C_PIECESQUARETABLES:0.5084448034830045
C_MOBILITY:0.531388675029889
C_KINGSAFETY:0.5094826390721748
C_PAWNSTRUCTURE:0.5245039402989277
C_PIECECOORDINATION:0.48237866767283905
C_ROOK:0.49511964240783235
CE_ROOK:0.4569866695387568
C_CENTERCONTROL:0.49447847419445906
C_DEVELOPPIECES:0.5141989953661699
C_MATERIAL:0.47853909102283365
C_MOVECOUNT:0.5217061774493505
C_PAWNMOVEMENT:0.5087374434409524
