ELO:1000
CE_PASSEDPAWNS:0.4754697964551319
CE_PAWNWEAKNESSES:0.49441270336047494
CE_PIECEACTIVITY:0.4988209977428312
CE_KINGPAWNSHIELD:0.48815259385726356
CE_PIECECOORDINATION:0.5127605122959977
CE_MATERIAL:0.49895500389849456
CE_KINGSAFETY:0.47676899525885486
C_PIECESQUARETABLES:0.486436484966329
C_MOBILITY:0.4879798561171856
C_KINGSAFETY:0.5272489960015261
C_PAWNSTRUCTURE:0.5135187720317426
C_PIECECOORDINATION:0.516155893019625
C_ROOKANDPAWNMOVEMENT:0.516155893019625
C_CENTERCONTROL:0.5016029693011287
C_DEVELOPPIECES:0.5080762206672179
C_MATERIAL:0.49348634842256306
