ELO:935
CE_PASSEDPAWNS:0.4619077496771386
CE_PAWNWEAKNESSES:0.50362775733855
CE_PIECEACTIVITY:0.4931880810251654
CE_KINGPAWNSHIELD:0.5779429167584382
CE_PIECECOORDINATION:0.5728193151741195
CE_MATERIAL:0.6101454338183806
CE_KINGSAFETY:0.5459165229681224
C_PIECESQUARETABLES:0.47278001455513624
C_MOBILITY:0.46700590146863613
C_KINGSAFETY:0.49205501100498467
C_PAWNSTRUCTURE:0.46531331940457143
C_PIECECOORDINATION:0.4550745646127792
C_ROOKANDPAWNMOVEMENT:0.4550745646127792
C_CENTERCONTROL:0.5418524283357065
C_DEVELOPPIECES:0.4305409737553376
C_MATERIAL:0.5731500683395377
