ELO:1000
CE_PASSEDPAWNS:0.4996285671902928
CE_PAWNWEAKNESSES:0.6020535292802369
CE_PIECEACTIVITY:0.49409693712338687
CE_KINGPAWNSHIELD:0.5104123065995051
CE_PIECECOORDINATION:0.517478397979882
CE_MATERIAL:0.46073348547571846
CE_KINGSAFETY:0.5237788879731402
C_PIECESQUARETABLES:0.48937909793285483
C_MOBILITY:0.47602164009472386
C_KINGSAFETY:0.45267069519293857
C_PAWNSTRUCTURE:0.44621009362979275
C_PIECECOORDINATION:0.5518071530456227
C_ROOKANDPAWNMOVEMENT:0.5518071530456227
C_CENTERCONTROL:0.48320052683365117
C_DEVELOPPIECES:0.48519539039725385
C_MATERIAL:0.5470461488587028
