ELO:904
CE_PASSEDPAWNS:0.5026865702711496
CE_PAWNWEAKNESSES:0.5485676137158477
CE_PIECEACTIVITY:0.4758628637851323
CE_KINGPAWNSHIELD:0.541039921263287
CE_PIECECOORDINATION:0.6067513735310227
CE_MATERIAL:0.5572152986809922
CE_KINGSAFETY:0.4873452700000161
C_PIECESQUARETABLES:0.44996586659995486
C_MOBILITY:0.44083046050690855
C_KINGSAFETY:0.4327477922878633
C_PAWNSTRUCTURE:0.4478104240412039
C_PIECECOORDINATION:0.4493550525519677
C_ROOKANDPAWNMOVEMENT:0.4493550525519677
C_CENTERCONTROL:0.5424039091721146
C_DEVELOPPIECES:0.41364848825083844
C_MATERIAL:0.6114335404298866
