ELO:1000
CE_PASSEDPAWNS:0.49070893672959776
CE_PAWNWEAKNESSES:0.5054911338348022
CE_PIECEACTIVITY:0.5115760727754223
CE_KINGPAWNSHIELD:0.4893457532386814
CE_PIECECOORDINATION:0.4942098632259795
CE_MATERIAL:0.5
CE_KINGSAFETY:0.4945991239638501
C_PIECESQUARETABLES:0.5028725467219516
C_MOBILITY:0.5
C_KINGSAFETY:0.5
C_PAWNSTRUCTURE:0.4854339507300003
C_PIECECOORDINATION:0.5
C_ROOKANDPAWNMOVEMENT:0.5
C_CENTERCONTROL:0.5027498039607758
C_DEVELOPPIECES:0.5
C_MATERIAL:0.5014043793929103
