ELO:920
CE_PASSEDPAWNS:0.5035404556221871
CE_PAWNWEAKNESSES:0.49398370563547134
CE_PIECEACTIVITY:0.48725311296077006
CE_KINGPAWNSHIELD:0.4982356783431448
CE_PIECECOORDINATION:0.5070848725765335
CE_MATERIAL:0.5006542404655853
CE_KINGSAFETY:0.4816263033757262
C_PIECESQUARETABLES:0.5128005628688592
C_MOBILITY:0.4998286585687885
C_KINGSAFETY:0.4951604675571674
C_PAWNSTRUCTURE:0.4958387042570465
C_PIECECOORDINATION:0.5240524543669215
C_ROOKANDPAWNMOVEMENT:0.5240524543669215
C_CENTERCONTROL:0.524936632521539
C_DEVELOPPIECES:0.49013785077793415
C_MATERIAL:0.45328156105082407
C_MOVECOUNT:0.4973794510321656
