ELO:923
CE_PASSEDPAWNS:0.4810747825931683
CE_PAWNWEAKNESSES:0.494057763799838
CE_PIECEACTIVITY:0.5465048052919673
CE_KINGPAWNSHIELD:0.4844838820167149
CE_PIECECOORDINATION:0.5205209166369397
CE_MATERIAL:0.4833435085390697
CE_KINGSAFETY:0.5
C_PIECESQUARETABLES:0.5243464055482034
C_MOBILITY:0.4845056474954928
C_KINGSAFETY:0.47159404799157517
C_PAWNSTRUCTURE:0.5260462654596572
C_PIECECOORDINATION:0.48773355660662454
C_ROOK:0.49160887548921034
CE_ROOK:0.47298912261780934
C_CENTERCONTROL:0.4883939568436796
C_DEVELOPPIECES:0.4851507516796396
C_MATERIAL:0.4721141542733464
C_MOVECOUNT:0.49722353412408477
C_PAWNMOVEMENT:0.4950904581905617
