ELO:981
CE_PASSEDPAWNS:0.5252568415302732
CE_PAWNWEAKNESSES:0.4730075314640283
CE_PIECEACTIVITY:0.49208180879970465
CE_KINGPAWNSHIELD:0.5102822188404356
CE_PIECECOORDINATION:0.4944838204216377
CE_MATERIAL:0.5098240732644215
CE_KINGSAFETY:0.49015109550940683
C_PIECESQUARETABLES:0.4849040794339345
C_MOBILITY:0.4941692247437077
C_KINGSAFETY:0.5082029651434942
C_PAWNSTRUCTURE:0.4966773642029046
C_PIECECOORDINATION:0.4830938144833673
C_ROOKANDPAWNMOVEMENT:0.4830938144833673
C_CENTERCONTROL:0.5102697072858039
C_DEVELOPPIECES:0.49983133788725104
C_MATERIAL:0.49290027467534486
C_MOVECOUNT:0.5
