ELO:988
CE_PASSEDPAWNS:0.49855900930723634
CE_PAWNWEAKNESSES:0.4947726458596008
CE_PIECEACTIVITY:0.502510033974231
CE_KINGPAWNSHIELD:0.5021526041788551
CE_PIECECOORDINATION:0.5075371445304289
CE_MATERIAL:0.5065768234980607
CE_KINGSAFETY:0.48987676730252544
C_PIECESQUARETABLES:0.5122755448878492
C_MOBILITY:0.497373448218697
C_KINGSAFETY:0.49701240600146634
C_PAWNSTRUCTURE:0.4882083489807371
C_PIECECOORDINATION:0.4903589804179484
C_ROOK:0.48728318523506586
CE_ROOK:0.48309056464266364
C_CENTERCONTROL:0.5045920184736845
C_DEVELOPPIECES:0.504190617254167
C_MATERIAL:0.49374402868289025
C_MOVECOUNT:0.5029977380298427
C_PAWNMOVEMENT:0.5
