ELO:1041
CE_PASSEDPAWNS:0.5
CE_PAWNWEAKNESSES:0.490509111892448
CE_PIECEACTIVITY:0.5
CE_KINGPAWNSHIELD:0.5108755530286745
CE_PIECECOORDINATION:0.5024664189293215
CE_MATERIAL:0.5
CE_KINGSAFETY:0.5
C_PIECESQUARETABLES:0.5
C_MOBILITY:0.5095601988034608
C_KINGSAFETY:0.5035352839992336
C_PAWNSTRUCTURE:0.5
C_PIECECOORDINATION:0.5
C_ROOKANDPAWNMOVEMENT:0.5
C_CENTERCONTROL:0.511812446043038
C_DEVELOPPIECES:0.5
C_MATERIAL:0.5
C_MOVECOUNT:0.5
