ELO:1097
CE_PASSEDPAWNS:0.6163346755717495
CE_PAWNWEAKNESSES:0.4941827501557761
CE_PIECEACTIVITY:0.45864716858872484
CE_KINGPAWNSHIELD:0.4912531680413721
CE_PIECECOORDINATION:0.47181017198399244
CE_MATERIAL:0.45531314427650593
CE_KINGSAFETY:0.5
C_PIECESQUARETABLES:0.5
C_MOBILITY:0.42078919064763914
C_KINGSAFETY:0.5938414912365518
C_PAWNSTRUCTURE:0.43180575994460413
C_PIECECOORDINATION:0.4893234860683534
C_ROOKANDPAWNMOVEMENT:0.4893234860683534
C_CENTERCONTROL:0.5164699041367563
C_DEVELOPPIECES:0.5677924369746974
C_MATERIAL:0.40317100364090824
