ELO:968
CE_PASSEDPAWNS:0.5065229137309708
CE_PAWNWEAKNESSES:0.4821762858640991
CE_PIECEACTIVITY:0.4810837907787122
CE_KINGPAWNSHIELD:0.5082048986772619
CE_PIECECOORDINATION:0.5042239615452105
CE_MATERIAL:0.47392756623632204
CE_KINGSAFETY:0.49846757349333076
C_PIECESQUARETABLES:0.4833786870820423
C_MOBILITY:0.4908611616932545
C_KINGSAFETY:0.48488647904105203
C_PAWNSTRUCTURE:0.49478814949079547
C_PIECECOORDINATION:0.4916364767620239
C_ROOKANDPAWNMOVEMENT:0.4916364767620239
C_CENTERCONTROL:0.5440548969339661
C_DEVELOPPIECES:0.5
C_MATERIAL:0.5129401253233903
