ELO:951
CE_PASSEDPAWNS:0.5041011500209216
CE_PAWNWEAKNESSES:0.4870430744298425
CE_PIECEACTIVITY:0.5061074996146834
CE_KINGPAWNSHIELD:0.48103268814032596
CE_PIECECOORDINATION:0.5008127051471823
CE_MATERIAL:0.5052249471319686
CE_KINGSAFETY:0.486401293770225
C_PIECESQUARETABLES:0.4820738064667192
C_MOBILITY:0.5045501979814834
C_KINGSAFETY:0.5169564833549243
C_PAWNSTRUCTURE:0.4841967520881971
C_PIECECOORDINATION:0.5277638304215619
C_ROOKANDPAWNMOVEMENT:0.5277638304215619
C_CENTERCONTROL:0.5123556264711995
C_DEVELOPPIECES:0.4913659387657436
C_MATERIAL:0.46814897618939705
C_MOVECOUNT:0.5088180367189785
