ELO:974
CE_PASSEDPAWNS:0.486437579695583
CE_PAWNWEAKNESSES:0.5382870253142329
CE_PIECEACTIVITY:0.5305593691145414
CE_KINGPAWNSHIELD:0.508768944104311
CE_PIECECOORDINATION:0.5133714720071623
CE_MATERIAL:0.5713318508721865
CE_KINGSAFETY:0.5046189676420487
C_PIECESQUARETABLES:0.5114152931264601
C_MOBILITY:0.5536451948000349
C_KINGSAFETY:0.6040409684058549
C_PAWNSTRUCTURE:0.5175705610005169
C_PIECECOORDINATION:0.557454661763305
C_ROOKANDPAWNMOVEMENT:0.557454661763305
C_CENTERCONTROL:0.5859757389333692
C_DEVELOPPIECES:0.4342040252439536
C_MATERIAL:0.594137335997751
