ELO:796
CE_PASSEDPAWNS:0.5
CE_PAWNWEAKNESSES:0.4845709148387089
CE_PIECEACTIVITY:0.4860053472518601
CE_KINGPAWNSHIELD:0.4230521407747902
CE_PIECECOORDINATION:0.5716107867754476
CE_MATERIAL:0.4320617721613043
CE_KINGSAFETY:0.46782497420703356
C_PIECESQUARETABLES:0.5153240229259334
C_MOBILITY:0.5355383670113459
C_KINGSAFETY:0.5828907576275434
C_PAWNSTRUCTURE:0.5098241041949779
C_PIECECOORDINATION:0.47580904448378375
C_ROOKANDPAWNMOVEMENT:0.47580904448378375
C_CENTERCONTROL:0.5268689718151072
C_DEVELOPPIECES:0.49426686718161866
C_MATERIAL:0.6233861056973363
C_MOVECOUNT:0.49542985909627896
