ELO:918
CE_PASSEDPAWNS:0.4912707634512833
CE_PAWNWEAKNESSES:0.4838633292748144
CE_PIECEACTIVITY:0.5264726653289581
CE_KINGPAWNSHIELD:0.48404238051775783
CE_PIECECOORDINATION:0.4928199777820823
CE_MATERIAL:0.4412741135577172
CE_KINGSAFETY:0.49049323290346136
C_PIECESQUARETABLES:0.5002716242861921
C_MOBILITY:0.4619855965049304
C_KINGSAFETY:0.47548813127309925
C_PAWNSTRUCTURE:0.5670348656063587
C_PIECECOORDINATION:0.5036859359158995
C_ROOK:0.4650802872218749
CE_ROOK:0.4720100040912514
C_CENTERCONTROL:0.46374019494465807
C_DEVELOPPIECES:0.5049733202873499
C_MATERIAL:0.47665332876870736
C_MOVECOUNT:0.5086316175756156
C_PAWNMOVEMENT:0.5047392099215311
