ELO:936
CE_PASSEDPAWNS:0.4817608499226798
CE_PAWNWEAKNESSES:0.4810188817520603
CE_PIECEACTIVITY:0.5306287925279989
CE_KINGPAWNSHIELD:0.47445719017196913
CE_PIECECOORDINATION:0.4991392269777356
CE_MATERIAL:0.4478794956324283
CE_KINGSAFETY:0.5129518955052385
C_PIECESQUARETABLES:0.5
C_MOBILITY:0.48373473360825026
C_KINGSAFETY:0.47548813127309925
C_PAWNSTRUCTURE:0.5301324801474754
C_PIECECOORDINATION:0.5023124705357703
C_ROOK:0.4902550402821993
CE_ROOK:0.45804869320835123
C_CENTERCONTROL:0.45803022805537863
C_DEVELOPPIECES:0.5050892704938741
C_MATERIAL:0.47665332876870736
C_MOVECOUNT:0.49783745512653044
C_PAWNMOVEMENT:0.5084139831603441
