ELO:838
CE_PASSEDPAWNS:0.40714207093443544
CE_PAWNWEAKNESSES:0.5183952949414281
CE_PIECEACTIVITY:0.45956781122024076
CE_KINGPAWNSHIELD:0.4165433855521394
CE_PIECECOORDINATION:0.4911553745576456
CE_MATERIAL:0.5301616304833664
CE_KINGSAFETY:0.5863021464082812
C_PIECESQUARETABLES:0.5091139537322172
C_MOBILITY:0.5841194989722682
C_KINGSAFETY:0.5414769636792329
C_PAWNSTRUCTURE:0.5269162361133144
C_PIECECOORDINATION:0.4632995106438463
C_ROOKANDPAWNMOVEMENT:0.4632995106438463
C_CENTERCONTROL:0.44264549331802266
C_DEVELOPPIECES:0.5238445149317597
C_MATERIAL:0.47967918038948854
C_MOVECOUNT:0.5
