ELO:977
CE_PASSEDPAWNS:0.5204617708272163
CE_PAWNWEAKNESSES:0.4488986996714817
CE_PIECEACTIVITY:0.48131211411629654
CE_KINGPAWNSHIELD:0.5092764710475498
CE_PIECECOORDINATION:0.49940435590585375
CE_MATERIAL:0.4679617081829038
CE_KINGSAFETY:0.48530115240082
C_PIECESQUARETABLES:0.5119236834494987
C_MOBILITY:0.5213876858494724
C_KINGSAFETY:0.4618333478368017
C_PAWNSTRUCTURE:0.590573289487021
C_PIECECOORDINATION:0.44214564480763097
C_ROOKANDPAWNMOVEMENT:0.44214564480763097
C_CENTERCONTROL:0.5306371400387272
C_DEVELOPPIECES:0.480427530377547
C_MATERIAL:0.48577248433458103
