ELO:1000
CE_PASSEDPAWNS:0.4968944728058373
CE_PAWNWEAKNESSES:0.5818547745878724
CE_PIECEACTIVITY:0.4703459095708771
CE_KINGPAWNSHIELD:0.5170715184074303
CE_PIECECOORDINATION:0.47423820832711616
CE_MATERIAL:0.5102531260272215
CE_KINGSAFETY:0.5053581883574615
C_PIECESQUARETABLES:0.539221869218739
C_MOBILITY:0.42533465351408045
C_KINGSAFETY:0.4619953356878438
C_PAWNSTRUCTURE:0.4420527887278681
C_PIECECOORDINATION:0.5011438583918633
C_ROOKANDPAWNMOVEMENT:0.5011438583918633
C_CENTERCONTROL:0.48681574426381946
C_DEVELOPPIECES:0.49312199255295225
C_MATERIAL:0.5084532591552241
