ELO:954
CE_PASSEDPAWNS:0.4770749441347502
CE_PAWNWEAKNESSES:0.4830807161135151
CE_PIECEACTIVITY:0.5214605855755035
CE_KINGPAWNSHIELD:0.500625459320691
CE_PIECECOORDINATION:0.5143104961616961
CE_MATERIAL:0.48657496414258095
CE_KINGSAFETY:0.5
C_PIECESQUARETABLES:0.5
C_MOBILITY:0.4900442055781717
C_KINGSAFETY:0.48649386942058026
C_PAWNSTRUCTURE:0.4936306088464197
C_PIECECOORDINATION:0.47844130176543814
C_ROOK:0.5008256825088936
CE_ROOK:0.4762819443133827
C_CENTERCONTROL:0.47427903458863707
C_DEVELOPPIECES:0.4849133108049947
C_MATERIAL:0.47076540366759456
C_MOVECOUNT:0.5009297056183213
C_PAWNMOVEMENT:0.4725481440809004
