ELO:942
CE_PASSEDPAWNS:0.4864104340365724
CE_PAWNWEAKNESSES:0.43590572137965033
CE_PIECEACTIVITY:0.49109967578081604
CE_KINGPAWNSHIELD:0.4449502009428093
CE_PIECECOORDINATION:0.43430725317252494
CE_MATERIAL:0.5787546776810822
CE_KINGSAFETY:0.5
C_PIECESQUARETABLES:0.5
C_MOBILITY:0.5727534225976854
C_KINGSAFETY:0.43413540679038304
C_PAWNSTRUCTURE:0.4853910737984602
C_PIECECOORDINATION:0.4182910721288125
C_ROOKANDPAWNMOVEMENT:0.4182910721288125
C_CENTERCONTROL:0.4626689110516123
C_DEVELOPPIECES:0.49747783787837696
C_MATERIAL:0.6082322423683421
