ELO:926
CE_PASSEDPAWNS:0.5058693647361531
CE_PAWNWEAKNESSES:0.4654992864135914
CE_PIECEACTIVITY:0.44805914994099455
CE_KINGPAWNSHIELD:0.5077134658608794
CE_PIECECOORDINATION:0.4820134578361207
CE_MATERIAL:0.5163984589559634
CE_KINGSAFETY:0.5
C_PIECESQUARETABLES:0.5
C_MOBILITY:0.47601702317990796
C_KINGSAFETY:0.5420521834726272
C_PAWNSTRUCTURE:0.5027160055672114
C_PIECECOORDINATION:0.509634045703733
C_ROOKANDPAWNMOVEMENT:0.509634045703733
C_CENTERCONTROL:0.47485933502514416
C_DEVELOPPIECES:0.5
C_MATERIAL:0.5125043405585936
C_MOVECOUNT:0.5
