ELO:836
CE_PASSEDPAWNS:0.4883039144714596
CE_PAWNWEAKNESSES:0.4554708307442998
CE_PIECEACTIVITY:0.5173493245418158
CE_KINGPAWNSHIELD:0.5001912837840988
CE_PIECECOORDINATION:0.5118031166104527
CE_MATERIAL:0.5084465459055404
CE_KINGSAFETY:0.49021487636058786
C_PIECESQUARETABLES:0.5
C_MOBILITY:0.4591896228053532
C_KINGSAFETY:0.5190474490468198
C_PAWNSTRUCTURE:0.4733660026089819
C_PIECECOORDINATION:0.5187432239302293
C_ROOKANDPAWNMOVEMENT:0.5187432239302293
C_CENTERCONTROL:0.5037589896948987
C_DEVELOPPIECES:0.508517102213329
C_MATERIAL:0.4708434099915567
C_MOVECOUNT:0.5
