ELO:907
CE_PASSEDPAWNS:0.4912707634512833
CE_PAWNWEAKNESSES:0.4940997511773178
CE_PIECEACTIVITY:0.5147613646301217
CE_KINGPAWNSHIELD:0.47824501407524717
CE_PIECECOORDINATION:0.49406043701653835
CE_MATERIAL:0.4574443141857596
CE_KINGSAFETY:0.5015202813290862
C_PIECESQUARETABLES:0.5
C_MOBILITY:0.4583680762416908
C_KINGSAFETY:0.4837315646280203
C_PAWNSTRUCTURE:0.5682870908185303
C_PIECECOORDINATION:0.4971105129090169
C_ROOK:0.4697694948857788
CE_ROOK:0.4752828432027226
C_CENTERCONTROL:0.46374019494465807
C_DEVELOPPIECES:0.5049733202873499
C_MATERIAL:0.46709424530547594
C_MOVECOUNT:0.5086316175756156
C_PAWNMOVEMENT:0.48711708389964975
