ELO:821
CE_PASSEDPAWNS:0.4977278607281803
CE_PAWNWEAKNESSES:0.35489760572776524
CE_PIECEACTIVITY:0.4589669324870239
CE_KINGPAWNSHIELD:0.5347241310653488
CE_PIECECOORDINATION:0.5451767048491479
CE_MATERIAL:0.564435553780566
CE_KINGSAFETY:0.42919652253059193
C_PIECESQUARETABLES:0.5012904703258267
C_MOBILITY:0.5775839373273345
C_KINGSAFETY:0.5105027288746714
C_PAWNSTRUCTURE:0.5445705727411331
C_PIECECOORDINATION:0.5558462608228574
C_ROOKANDPAWNMOVEMENT:0.5558462608228574
C_CENTERCONTROL:0.4673931416899017
C_DEVELOPPIECES:0.5001274547014957
C_MATERIAL:0.5664007393176322
C_MOVECOUNT:0.4837453918398821
