ELO:988
CE_PASSEDPAWNS:0.5
CE_PAWNWEAKNESSES:0.5
CE_PIECEACTIVITY:0.4953851301263085
CE_KINGPAWNSHIELD:0.5109413709584677
CE_PIECECOORDINATION:0.550459832242452
CE_MATERIAL:0.5013727966328142
CE_KINGSAFETY:0.4338698241599672
C_PIECESQUARETABLES:0.5
C_MOBILITY:0.5150974152998588
C_KINGSAFETY:0.4848460696814588
C_PAWNSTRUCTURE:0.5
C_PIECECOORDINATION:0.48766183832276283
C_ROOKANDPAWNMOVEMENT:0.48766183832276283
C_CENTERCONTROL:0.4781918262268755
C_DEVELOPPIECES:0.5133142682043891
C_MATERIAL:0.5168320576365488
C_MOVECOUNT:0.5
