ELO:984
CE_PASSEDPAWNS:0.49916308932863396
CE_PAWNWEAKNESSES:0.507625033903853
CE_PIECEACTIVITY:0.49595723637870925
CE_KINGPAWNSHIELD:0.5141348866516419
CE_PIECECOORDINATION:0.5
CE_MATERIAL:0.49515600174295865
CE_KINGSAFETY:0.5
C_PIECESQUARETABLES:0.4991555939916425
C_MOBILITY:0.49630919234918
C_KINGSAFETY:0.5
C_PAWNSTRUCTURE:0.5
C_PIECECOORDINATION:0.519119141939763
C_ROOKANDPAWNMOVEMENT:0.519119141939763
C_CENTERCONTROL:0.5098251699446016
C_DEVELOPPIECES:0.5
C_MATERIAL:0.5
