ELO:996
CE_PASSEDPAWNS:0.5
CE_PAWNWEAKNESSES:0.512203530544362
CE_PIECEACTIVITY:0.5
CE_KINGPAWNSHIELD:0.5
CE_PIECECOORDINATION:0.5144196918808982
CE_MATERIAL:0.46144641990871865
CE_KINGSAFETY:0.5
C_PIECESQUARETABLES:0.5065222488575529
C_MOBILITY:0.4835711219589973
C_KINGSAFETY:0.4612843353180342
C_PAWNSTRUCTURE:0.52510869612327
C_PIECECOORDINATION:0.5
C_ROOKANDPAWNMOVEMENT:0.5
C_CENTERCONTROL:0.48541255074743855
C_DEVELOPPIECES:0.49380366154961225
C_MATERIAL:0.4989261495144291
C_MOVECOUNT:0.45672998950879323
