ELO:1002
CE_PASSEDPAWNS:0.5207781198568497
CE_PAWNWEAKNESSES:0.5090166992888512
CE_PIECEACTIVITY:0.49882589777991626
CE_KINGPAWNSHIELD:0.542148652346541
CE_PIECECOORDINATION:0.5029888331603619
CE_MATERIAL:0.5147507315432769
CE_KINGSAFETY:0.5384926679064516
C_PIECESQUARETABLES:0.5116173357656754
C_MOBILITY:0.49611453511893305
C_KINGSAFETY:0.5138498981655016
C_PAWNSTRUCTURE:0.4989260943635633
C_PIECECOORDINATION:0.5
C_ROOKANDPAWNMOVEMENT:0.5
C_CENTERCONTROL:0.4498623388159271
C_DEVELOPPIECES:0.5033602081306519
C_MATERIAL:0.47206612333634945
C_MOVECOUNT:0.5
