ELO:840
CE_PASSEDPAWNS:0.4004002187242659
CE_PAWNWEAKNESSES:0.5183952949414281
CE_PIECEACTIVITY:0.491119980343125
CE_KINGPAWNSHIELD:0.4375829041613503
CE_PIECECOORDINATION:0.41784377459717476
CE_MATERIAL:0.5231672773169926
CE_KINGSAFETY:0.5840263413290276
C_PIECESQUARETABLES:0.4653988691954376
C_MOBILITY:0.593093626724058
C_KINGSAFETY:0.5308083176700185
C_PAWNSTRUCTURE:0.5467707996553814
C_PIECECOORDINATION:0.4714373823084342
C_ROOKANDPAWNMOVEMENT:0.4714373823084342
C_CENTERCONTROL:0.5272503768510951
C_DEVELOPPIECES:0.5261581784390088
C_MATERIAL:0.4881478573553632
C_MOVECOUNT:0.5
