ELO:962
CE_PASSEDPAWNS:0.4635043412222562
CE_PAWNWEAKNESSES:0.5427265832464884
CE_PIECEACTIVITY:0.4919814111666601
CE_KINGPAWNSHIELD:0.5203308512413283
CE_PIECECOORDINATION:0.5777333883965674
CE_MATERIAL:0.534752690349512
CE_KINGSAFETY:0.4969671166516725
C_PIECESQUARETABLES:0.4958293472006655
C_MOBILITY:0.4700659641344715
C_KINGSAFETY:0.4687724941176588
C_PAWNSTRUCTURE:0.4923054144431736
C_PIECECOORDINATION:0.4643447805752256
C_ROOKANDPAWNMOVEMENT:0.4643447805752256
C_CENTERCONTROL:0.5619258280716497
C_DEVELOPPIECES:0.4474132287652021
C_MATERIAL:0.58669873229678
