ELO:968
CE_PASSEDPAWNS:0.5361084125758475
CE_PAWNWEAKNESSES:0.5370262480693911
CE_PIECEACTIVITY:0.45331102742407975
CE_KINGPAWNSHIELD:0.48748713488164774
CE_PIECECOORDINATION:0.44757329503556204
CE_MATERIAL:0.3709377220456449
CE_KINGSAFETY:0.5366523809476806
C_PIECESQUARETABLES:0.4779613770518093
C_MOBILITY:0.4582464213110245
C_KINGSAFETY:0.5077087654596292
C_PAWNSTRUCTURE:0.49328935077305763
C_PIECECOORDINATION:0.5019648727235364
C_ROOKANDPAWNMOVEMENT:0.5019648727235364
C_CENTERCONTROL:0.5973424342054678
C_DEVELOPPIECES:0.554812538437416
C_MATERIAL:0.5961630701883155
