ELO:1000
CE_PASSEDPAWNS:0.5071991959473513
CE_PAWNWEAKNESSES:0.5212935915569732
CE_PIECEACTIVITY:0.48245457145264914
CE_KINGPAWNSHIELD:0.5226273274790703
CE_PIECECOORDINATION:0.4885228347411553
CE_MATERIAL:0.49942672711954417
CE_KINGSAFETY:0.5051925579669452
C_PIECESQUARETABLES:0.5254128012595586
C_MOBILITY:0.4369298820870958
C_KINGSAFETY:0.4971970269986428
C_PAWNSTRUCTURE:0.4727863578362272
C_PIECECOORDINATION:0.5132597494804222
C_ROOKANDPAWNMOVEMENT:0.5132597494804222
C_CENTERCONTROL:0.5168789959251026
C_DEVELOPPIECES:0.48005176553592427
C_MATERIAL:0.4911259370766149
