ELO:955
CE_PASSEDPAWNS:0.4671618937957063
CE_PAWNWEAKNESSES:0.5127502664287236
CE_PIECEACTIVITY:0.49053307365797766
CE_KINGPAWNSHIELD:0.505286395628106
CE_PIECECOORDINATION:0.464916179316999
CE_MATERIAL:0.5123295040386359
CE_KINGSAFETY:0.4982649211597868
C_PIECESQUARETABLES:0.5
C_MOBILITY:0.4856243515060583
C_KINGSAFETY:0.5186073860118167
C_PAWNSTRUCTURE:0.48688468831176585
C_PIECECOORDINATION:0.49812621802392126
C_ROOK:0.4767961614332897
CE_ROOK:0.4930688678474882
C_CENTERCONTROL:0.456306594946416
C_DEVELOPPIECES:0.48818437613091353
C_MATERIAL:0.5146319634124484
C_MOVECOUNT:0.5091738347231843
C_PAWNMOVEMENT:0.505585718945784
