ELO:1015
CE_PASSEDPAWNS:0.5154772786028577
CE_PAWNWEAKNESSES:0.5
CE_PIECEACTIVITY:0.482217414836652
CE_KINGPAWNSHIELD:0.5001108174848418
CE_PIECECOORDINATION:0.49521597760119135
CE_MATERIAL:0.4895679011208996
CE_KINGSAFETY:0.5
C_PIECESQUARETABLES:0.5
C_MOBILITY:0.5
C_KINGSAFETY:0.5
C_PAWNSTRUCTURE:0.528613899565202
C_PIECECOORDINATION:0.4998259120316295
C_ROOKANDPAWNMOVEMENT:0.4998259120316295
C_CENTERCONTROL:0.5165719208004657
C_DEVELOPPIECES:0.5057429985901432
C_MATERIAL:0.5010807072530449
C_MOVECOUNT:0.5045827812539575
