ELO:993
CE_PASSEDPAWNS:0.5142705937575432
CE_PAWNWEAKNESSES:0.48224886353781576
CE_PIECEACTIVITY:0.45322997768147555
CE_KINGPAWNSHIELD:0.5057871211724964
CE_PIECECOORDINATION:0.43923662339892955
CE_MATERIAL:0.5032320733490845
CE_KINGSAFETY:0.48932499231160387
C_PIECESQUARETABLES:0.5
C_MOBILITY:0.5690997868049475
C_KINGSAFETY:0.5260571540492349
C_PAWNSTRUCTURE:0.43337021491798206
C_PIECECOORDINATION:0.557454661763305
C_ROOKANDPAWNMOVEMENT:0.557454661763305
C_CENTERCONTROL:0.5140107547191766
C_DEVELOPPIECES:0.4709474145277263
C_MATERIAL:0.5961630701883155
