ELO:1111
CE_PASSEDPAWNS:0.4088687092280628
CE_PAWNWEAKNESSES:0.4543294826691411
CE_PIECEACTIVITY:0.4673069828793285
CE_KINGPAWNSHIELD:0.48572080800005396
CE_PIECECOORDINATION:0.5779587763853717
CE_MATERIAL:0.3963786524687434
CE_KINGSAFETY:0.5
C_PIECESQUARETABLES:0.5
C_MOBILITY:0.4455170774255024
C_KINGSAFETY:0.5045740804551385
C_PAWNSTRUCTURE:0.4210018737219219
C_PIECECOORDINATION:0.48943621454342756
C_ROOKANDPAWNMOVEMENT:0.48943621454342756
C_CENTERCONTROL:0.5937278259383029
C_DEVELOPPIECES:0.5362869495822291
C_MATERIAL:0.4166085340772297
