ELO:1021
CE_PASSEDPAWNS:0.5
CE_PAWNWEAKNESSES:0.5138284537383717
CE_PIECEACTIVITY:0.49097297303125975
CE_KINGPAWNSHIELD:0.5
CE_PIECECOORDINATION:0.5065857341208359
CE_MATERIAL:0.49910319349396143
CE_KINGSAFETY:0.4980576604413889
C_PIECESQUARETABLES:0.5058917162774976
C_MOBILITY:0.5063048060335281
C_KINGSAFETY:0.5
C_PAWNSTRUCTURE:0.5166182091224474
C_PIECECOORDINATION:0.5052326581780047
C_ROOKANDPAWNMOVEMENT:0.5052326581780047
C_CENTERCONTROL:0.48672362590232654
C_DEVELOPPIECES:0.5
C_MATERIAL:0.48324104639946563
C_MOVECOUNT:0.5027284986752557
