ELO:831
CE_PASSEDPAWNS:0.4937912612867687
CE_PAWNWEAKNESSES:0.5769773858561899
CE_PIECEACTIVITY:0.5021165956769557
CE_KINGPAWNSHIELD:0.5123115648212255
CE_PIECECOORDINATION:0.5535801691925389
CE_MATERIAL:0.5611416483409265
CE_KINGSAFETY:0.499291938535301
C_PIECESQUARETABLES:0.4812600533447991
C_MOBILITY:0.48804439224094837
C_KINGSAFETY:0.4003078171263969
C_PAWNSTRUCTURE:0.4831049689397164
C_PIECECOORDINATION:0.4275801197473687
C_ROOKANDPAWNMOVEMENT:0.4275801197473687
C_CENTERCONTROL:0.5086821790670047
C_DEVELOPPIECES:0.5300670815647216
C_MATERIAL:0.42549653647861024
C_MOVECOUNT:0.498605381623639
