ELO:999
CE_PASSEDPAWNS:0.5031966503335072
CE_PAWNWEAKNESSES:0.484191242298047
CE_PIECEACTIVITY:0.5195868781196279
CE_KINGPAWNSHIELD:0.5108961295879193
CE_PIECECOORDINATION:0.5
CE_MATERIAL:0.494896717347735
CE_KINGSAFETY:0.5108064779401018
C_PIECESQUARETABLES:0.4805913411630687
C_MOBILITY:0.49920362395123374
C_KINGSAFETY:0.49748058155473446
C_PAWNSTRUCTURE:0.5003831626691563
C_PIECECOORDINATION:0.5070759380177102
C_ROOKANDPAWNMOVEMENT:0.5070759380177102
C_CENTERCONTROL:0.5095455763509628
C_DEVELOPPIECES:0.5
C_MATERIAL:0.51139960170607
