ELO:932
CE_PASSEDPAWNS:0.4770749441347502
CE_PAWNWEAKNESSES:0.4830807161135151
CE_PIECEACTIVITY:0.5345745223987162
CE_KINGPAWNSHIELD:0.500625459320691
CE_PIECECOORDINATION:0.5143104961616961
CE_MATERIAL:0.48657496414258095
CE_KINGSAFETY:0.490826451515459
C_PIECESQUARETABLES:0.5
C_MOBILITY:0.4900442055781717
C_KINGSAFETY:0.4832099915489298
C_PAWNSTRUCTURE:0.4936306088464197
C_PIECECOORDINATION:0.47844130176543814
C_ROOK:0.5100448383310718
CE_ROOK:0.4762819443133827
C_CENTERCONTROL:0.4638923062057082
C_DEVELOPPIECES:0.4851507516796396
C_MATERIAL:0.4803941971779444
C_MOVECOUNT:0.5009297056183213
C_PAWNMOVEMENT:0.4770583824227445
