ELO:1000
CE_PASSEDPAWNS:0.4894777892228706
CE_PAWNWEAKNESSES:0.4680577238352626
CE_PIECEACTIVITY:0.45218967128883036
CE_KINGPAWNSHIELD:0.4721311675661294
CE_PIECECOORDINATION:0.4794383989043698
CE_MATERIAL:0.49304237669834416
CE_KINGSAFETY:0.49645639986728995
C_PIECESQUARETABLES:0.5171674157384473
C_MOBILITY:0.5124077786012441
C_KINGSAFETY:0.4732463524725494
C_PAWNSTRUCTURE:0.5179413422805051
C_PIECECOORDINATION:0.4816295010923376
C_ROOKANDPAWNMOVEMENT:0.4816295010923376
C_CENTERCONTROL:0.47102178031956726
C_DEVELOPPIECES:0.4978873610809919
C_MATERIAL:0.5087468778976268
