ELO:1000
CE_PASSEDPAWNS:0.46913032903586727
CE_PAWNWEAKNESSES:0.4824281375494358
CE_PIECEACTIVITY:0.5449860485720877
CE_KINGPAWNSHIELD:0.4258418499925802
CE_PIECECOORDINATION:0.4634405029881405
CE_MATERIAL:0.46981264131670086
CE_KINGSAFETY:0.48932499231160387
C_PIECESQUARETABLES:0.5
C_MOBILITY:0.5690997868049475
C_KINGSAFETY:0.4033003971499331
C_PAWNSTRUCTURE:0.5509158966496409
C_PIECECOORDINATION:0.5947067428619455
C_ROOKANDPAWNMOVEMENT:0.5947067428619455
C_CENTERCONTROL:0.5358444197719792
C_DEVELOPPIECES:0.4281158774827463
C_MATERIAL:0.6485194340339826
