ELO:910
CE_PASSEDPAWNS:0.502332902266103
CE_PAWNWEAKNESSES:0.49398370563547134
CE_PIECEACTIVITY:0.48725311296077006
CE_KINGPAWNSHIELD:0.48103268814032596
CE_PIECECOORDINATION:0.4994020526006386
CE_MATERIAL:0.5013566585274213
CE_KINGSAFETY:0.5042667817466902
C_PIECESQUARETABLES:0.5143256248144729
C_MOBILITY:0.5045501979814834
C_KINGSAFETY:0.5122769725577067
C_PAWNSTRUCTURE:0.48355284048658215
C_PIECECOORDINATION:0.5336020182564731
C_ROOKANDPAWNMOVEMENT:0.5336020182564731
C_CENTERCONTROL:0.5186016337840283
C_DEVELOPPIECES:0.4963749262934955
C_MATERIAL:0.45748551101997215
C_MOVECOUNT:0.5002679956810689
