ELO:989
CE_PASSEDPAWNS:0.5376351043491346
CE_PAWNWEAKNESSES:0.4715398827506601
CE_PIECEACTIVITY:0.48932773756842235
CE_KINGPAWNSHIELD:0.5170414489803371
CE_PIECECOORDINATION:0.4950145149065556
CE_MATERIAL:0.44944553924147673
CE_KINGSAFETY:0.4872233117472735
C_PIECESQUARETABLES:0.5053837721233094
C_MOBILITY:0.5213876858494724
C_KINGSAFETY:0.46568951716961243
C_PAWNSTRUCTURE:0.5922498686676438
C_PIECECOORDINATION:0.4473776247463315
C_ROOKANDPAWNMOVEMENT:0.4473776247463315
C_CENTERCONTROL:0.510120503103441
C_DEVELOPPIECES:0.47271384597849586
C_MATERIAL:0.4919170980854627
