ELO:988
CE_PASSEDPAWNS:0.4888088876177697
CE_PAWNWEAKNESSES:0.5847175963233349
CE_PIECEACTIVITY:0.504731184486828
CE_KINGPAWNSHIELD:0.48989651490575686
CE_PIECECOORDINATION:0.5543518772761251
CE_MATERIAL:0.5323629604270294
CE_KINGSAFETY:0.5448468147140593
C_PIECESQUARETABLES:0.4497596559906614
C_MOBILITY:0.4708790552787504
C_KINGSAFETY:0.4736685989076926
C_PAWNSTRUCTURE:0.5119521908991345
C_PIECECOORDINATION:0.489746435882515
C_ROOKANDPAWNMOVEMENT:0.489746435882515
C_CENTERCONTROL:0.5802284329177607
C_DEVELOPPIECES:0.46139395816727496
C_MATERIAL:0.5591132466278216
