ELO:864
CE_PASSEDPAWNS:0.4636311503555229
CE_PAWNWEAKNESSES:0.4800769191187145
CE_PIECEACTIVITY:0.48394159019264765
CE_KINGPAWNSHIELD:0.5117682873103099
CE_PIECECOORDINATION:0.49699211479537836
CE_MATERIAL:0.5111974920683591
CE_KINGSAFETY:0.47914330331340704
C_PIECESQUARETABLES:0.46064883246949934
C_MOBILITY:0.5024176477855606
C_KINGSAFETY:0.47293913260154313
C_PAWNSTRUCTURE:0.5272552934171302
C_PIECECOORDINATION:0.4762062184632267
C_ROOKANDPAWNMOVEMENT:0.4762062184632267
C_CENTERCONTROL:0.5917284364393185
C_DEVELOPPIECES:0.5221870543237263
C_MATERIAL:0.46709139781875947
