ELO:923
CE_PASSEDPAWNS:0.4810747825931683
CE_PAWNWEAKNESSES:0.4827994926139295
CE_PIECEACTIVITY:0.5268177319287799
CE_KINGPAWNSHIELD:0.4844838820167149
CE_PIECECOORDINATION:0.5140840329465208
CE_MATERIAL:0.4849209902072797
CE_KINGSAFETY:0.5039128712751564
C_PIECESQUARETABLES:0.5013777195984894
C_MOBILITY:0.4874538780123431
C_KINGSAFETY:0.47544328815837555
C_PAWNSTRUCTURE:0.5301324801474754
C_PIECECOORDINATION:0.5001138350122566
C_ROOK:0.4895242672702875
CE_ROOK:0.4690091770391783
C_CENTERCONTROL:0.4863201457110767
C_DEVELOPPIECES:0.4851507516796396
C_MATERIAL:0.4721141542733464
C_MOVECOUNT:0.49783745512653044
C_PAWNMOVEMENT:0.4845605731198229
