ELO:924
CE_PASSEDPAWNS:0.49667265698084967
CE_PAWNWEAKNESSES:0.4791569193294947
CE_PIECEACTIVITY:0.5257600742504275
CE_KINGPAWNSHIELD:0.47445719017196913
CE_PIECECOORDINATION:0.5140840329465208
CE_MATERIAL:0.4633342062726228
CE_KINGSAFETY:0.5031616746382263
C_PIECESQUARETABLES:0.5013777195984894
C_MOBILITY:0.48132554868870076
C_KINGSAFETY:0.47544328815837555
C_PAWNSTRUCTURE:0.5301324801474754
C_PIECECOORDINATION:0.5023124705357703
C_ROOK:0.4895242672702875
CE_ROOK:0.4682631495572544
C_CENTERCONTROL:0.47134666132121295
C_DEVELOPPIECES:0.49694001190344617
C_MATERIAL:0.4778277042982522
C_MOVECOUNT:0.49783745512653044
C_PAWNMOVEMENT:0.49680484564339783
