ELO:988
CE_PASSEDPAWNS:0.49002286533595696
CE_PAWNWEAKNESSES:0.4869280377145606
CE_PIECEACTIVITY:0.5147644704540045
CE_KINGPAWNSHIELD:0.4920234003198097
CE_PIECECOORDINATION:0.5074961401396587
CE_MATERIAL:0.5019748788445058
CE_KINGSAFETY:0.48997399948046005
C_PIECESQUARETABLES:0.5
C_MOBILITY:0.4954251448488291
C_KINGSAFETY:0.49701240600146634
C_PAWNSTRUCTURE:0.4882083489807371
C_PIECECOORDINATION:0.48070369444949324
C_ROOK:0.4822648162836657
CE_ROOK:0.4919533986748277
C_CENTERCONTROL:0.5045920184736845
C_DEVELOPPIECES:0.504190617254167
C_MATERIAL:0.4831104677051544
C_MOVECOUNT:0.5029977380298427
C_PAWNMOVEMENT:0.48992601265864144
