ELO:1008
CE_PASSEDPAWNS:0.5
CE_PAWNWEAKNESSES:0.48969615551444007
CE_PIECEACTIVITY:0.5352512683266858
CE_KINGPAWNSHIELD:0.5205198635874314
CE_PIECECOORDINATION:0.550160451994786
CE_MATERIAL:0.5009952691228198
CE_KINGSAFETY:0.4908006376637631
C_PIECESQUARETABLES:0.5042272601493275
C_MOBILITY:0.5
C_KINGSAFETY:0.49715020368813634
C_PAWNSTRUCTURE:0.49821317396912257
C_PIECECOORDINATION:0.4858112760684979
C_ROOKANDPAWNMOVEMENT:0.4858112760684979
C_CENTERCONTROL:0.5097430822245885
C_DEVELOPPIECES:0.495651994710638
C_MATERIAL:0.4443046695931072
C_MOVECOUNT:0.5
