ELO:904
CE_PASSEDPAWNS:0.47683632678920423
CE_PAWNWEAKNESSES:0.5396251786207579
CE_PIECEACTIVITY:0.4628069924446441
CE_KINGPAWNSHIELD:0.5549296244939872
CE_PIECECOORDINATION:0.6027689229362728
CE_MATERIAL:0.5728396546081717
CE_KINGSAFETY:0.4693419495035822
C_PIECESQUARETABLES:0.45676739941757594
C_MOBILITY:0.45066802826668617
C_KINGSAFETY:0.4555950089121762
C_PAWNSTRUCTURE:0.44643361586360014
C_PIECECOORDINATION:0.4495158702237024
C_ROOKANDPAWNMOVEMENT:0.4495158702237024
C_CENTERCONTROL:0.508345253389391
C_DEVELOPPIECES:0.41480307880281236
C_MATERIAL:0.615930755587307
