ELO:1042
CE_PASSEDPAWNS:0.5102138582923686
CE_PAWNWEAKNESSES:0.4565510696416432
CE_PIECEACTIVITY:0.5309746171436114
CE_KINGPAWNSHIELD:0.5
CE_PIECECOORDINATION:0.5075335895907983
CE_MATERIAL:0.4785003198673047
CE_KINGSAFETY:0.5
C_PIECESQUARETABLES:0.5
C_MOBILITY:0.49375600138893516
C_KINGSAFETY:0.5295698394720856
C_PAWNSTRUCTURE:0.5
C_PIECECOORDINATION:0.4859048740406785
C_ROOKANDPAWNMOVEMENT:0.4859048740406785
C_CENTERCONTROL:0.44184066897319596
C_DEVELOPPIECES:0.4838503878383764
C_MATERIAL:0.5608722598656009
C_MOVECOUNT:0.5
