ELO:832
CE_PASSEDPAWNS:0.561714544179889
CE_PAWNWEAKNESSES:0.41225234461400745
CE_PIECEACTIVITY:0.467065675740968
CE_KINGPAWNSHIELD:0.477934314047252
CE_PIECECOORDINATION:0.4864721531795435
CE_MATERIAL:0.48421401836310607
CE_KINGSAFETY:0.4969549618103747
C_PIECESQUARETABLES:0.4933384268135655
C_MOBILITY:0.5259110334665417
C_KINGSAFETY:0.5472691352415705
C_PAWNSTRUCTURE:0.5365159862279284
C_PIECECOORDINATION:0.47982639009691214
C_ROOKANDPAWNMOVEMENT:0.47982639009691214
C_CENTERCONTROL:0.5071473681795383
C_DEVELOPPIECES:0.4503095233071609
C_MATERIAL:0.47783658014373626
C_MOVECOUNT:0.488894395727821
