ELO:1063
CE_PASSEDPAWNS:0.5001626516234368
CE_PAWNWEAKNESSES:0.49361338677041
CE_PIECEACTIVITY:0.4901255804542996
CE_KINGPAWNSHIELD:0.4704594744463047
CE_PIECECOORDINATION:0.4607364017660297
CE_MATERIAL:0.543392502788642
CE_KINGSAFETY:0.5
C_PIECESQUARETABLES:0.5
C_MOBILITY:0.4432581515462705
C_KINGSAFETY:0.6075490778232138
C_PAWNSTRUCTURE:0.4721728404820108
C_PIECECOORDINATION:0.524077738163501
C_ROOKANDPAWNMOVEMENT:0.524077738163501
C_CENTERCONTROL:0.4594265797022971
C_DEVELOPPIECES:0.5117666142496838
C_MATERIAL:0.5041089656500961
