ELO:907
CE_PASSEDPAWNS:0.41828607321347405
CE_PAWNWEAKNESSES:0.45365696995694826
CE_PIECEACTIVITY:0.5068525249927309
CE_KINGPAWNSHIELD:0.44237448015146885
CE_PIECECOORDINATION:0.5294375641034078
CE_MATERIAL:0.48801975531264113
CE_KINGSAFETY:0.5238604578838422
C_PIECESQUARETABLES:0.5177481974425204
C_MOBILITY:0.34400490238332354
C_KINGSAFETY:0.5010808741757664
C_PAWNSTRUCTURE:0.5034345736120239
C_PIECECOORDINATION:0.5845727898313378
C_ROOKANDPAWNMOVEMENT:0.5845727898313378
C_CENTERCONTROL:0.4345956746052144
C_DEVELOPPIECES:0.6059218854316001
C_MATERIAL:0.4948456440132603
