ELO:915
CE_PASSEDPAWNS:0.4370776828577331
CE_PAWNWEAKNESSES:0.5092164703930094
CE_PIECEACTIVITY:0.4715905229414527
CE_KINGPAWNSHIELD:0.5036309391951322
CE_PIECECOORDINATION:0.5432575724974728
CE_MATERIAL:0.41647788070077774
CE_KINGSAFETY:0.4747461574915298
C_PIECESQUARETABLES:0.4813470593739563
C_MOBILITY:0.5158897509376119
C_KINGSAFETY:0.4546265986614419
C_PAWNSTRUCTURE:0.5613259891625524
C_PIECECOORDINATION:0.4571866665357379
C_ROOKANDPAWNMOVEMENT:0.4571866665357379
C_CENTERCONTROL:0.5544515786154296
C_DEVELOPPIECES:0.473497770262184
C_MATERIAL:0.4491454405822388
