ELO:975
CE_PASSEDPAWNS:0.5233552035739616
CE_PAWNWEAKNESSES:0.5082253339734364
CE_PIECEACTIVITY:0.5114675666680015
CE_KINGPAWNSHIELD:0.5254758451145375
CE_PIECECOORDINATION:0.49775003714846205
CE_MATERIAL:0.495877130524226
CE_KINGSAFETY:0.49025397535391446
C_PIECESQUARETABLES:0.5054543848011538
C_MOBILITY:0.5055642731097496
C_KINGSAFETY:0.49346665046056076
C_PAWNSTRUCTURE:0.5235288090028084
C_PIECECOORDINATION:0.4864784195884182
C_ROOKANDPAWNMOVEMENT:0.4864784195884182
C_CENTERCONTROL:0.4851958622075965
C_DEVELOPPIECES:0.5268765851371855
C_MATERIAL:0.5020939966967332
C_MOVECOUNT:0.5258187658049079
