ELO:975
CE_PASSEDPAWNS:0.49649550439649176
CE_PAWNWEAKNESSES:0.5013992548210408
CE_PIECEACTIVITY:0.49012451002767504
CE_KINGPAWNSHIELD:0.5015301062611043
CE_PIECECOORDINATION:0.5
CE_MATERIAL:0.5
CE_KINGSAFETY:0.5055936472325001
C_PIECESQUARETABLES:0.5022957285305506
C_MOBILITY:0.4897842736416196
C_KINGSAFETY:0.5033086009873142
C_PAWNSTRUCTURE:0.48867908447539543
C_PIECECOORDINATION:0.4901313293526353
C_ROOKANDPAWNMOVEMENT:0.4901313293526353
C_CENTERCONTROL:0.5012997650304407
C_DEVELOPPIECES:0.4904257244963176
C_MATERIAL:0.5145750832712618
C_MOVECOUNT:0.503149576000676
