ELO:842
CE_PASSEDPAWNS:0.5538797529221471
CE_PAWNWEAKNESSES:0.48072262157465107
CE_PIECEACTIVITY:0.49672966425278386
CE_KINGPAWNSHIELD:0.4864027029070243
CE_PIECECOORDINATION:0.430692356614865
CE_MATERIAL:0.5519588244909032
CE_KINGSAFETY:0.5206832163021323
C_PIECESQUARETABLES:0.49813229053305424
C_MOBILITY:0.4561676109316489
C_KINGSAFETY:0.4651503516260544
C_PAWNSTRUCTURE:0.5306690894133709
C_PIECECOORDINATION:0.47247140224126183
C_ROOKANDPAWNMOVEMENT:0.47247140224126183
C_CENTERCONTROL:0.5187406340560228
C_DEVELOPPIECES:0.5289831806078393
C_MATERIAL:0.5638904907908537
C_MOVECOUNT:0.5
