ELO:936
CE_PASSEDPAWNS:0.542414857688422
CE_PAWNWEAKNESSES:0.5109547088349335
CE_PIECEACTIVITY:0.5198563179527798
CE_KINGPAWNSHIELD:0.4953938150230709
CE_PIECECOORDINATION:0.5234301765299173
CE_MATERIAL:0.5005988303830585
CE_KINGSAFETY:0.4871316470937029
C_PIECESQUARETABLES:0.49170539988628836
C_MOBILITY:0.5250012415124907
C_KINGSAFETY:0.4917737805572953
C_PAWNSTRUCTURE:0.49564954242905285
C_PIECECOORDINATION:0.4962746189504314
C_ROOKANDPAWNMOVEMENT:0.4962746189504314
C_CENTERCONTROL:0.485923562147237
C_DEVELOPPIECES:0.5067072213359259
C_MATERIAL:0.505879027886159
C_MOVECOUNT:0.5
