ELO:1077
CE_PASSEDPAWNS:0.6209264681712788
CE_PAWNWEAKNESSES:0.4996913771941748
CE_PIECEACTIVITY:0.4466527629027946
CE_KINGPAWNSHIELD:0.45656789087311495
CE_PIECECOORDINATION:0.475712801858932
CE_MATERIAL:0.5023188405044935
CE_KINGSAFETY:0.5264738778553888
C_PIECESQUARETABLES:0.5092774986039114
C_MOBILITY:0.42344412503299633
C_KINGSAFETY:0.47694380896334015
C_PAWNSTRUCTURE:0.4172149013821084
C_PIECECOORDINATION:0.46215937774651045
C_ROOKANDPAWNMOVEMENT:0.46215937774651045
C_CENTERCONTROL:0.5250446531270913
C_DEVELOPPIECES:0.5538753296171705
C_MATERIAL:0.4337303783516282
