ELO:734
CE_PASSEDPAWNS:0.477883508059801
CE_PAWNWEAKNESSES:0.5039165096103694
CE_PIECEACTIVITY:0.46647947684846097
CE_KINGPAWNSHIELD:0.4807186091303124
CE_PIECECOORDINATION:0.5853522314881077
CE_MATERIAL:0.6178799852973766
CE_KINGSAFETY:0.48788145179061687
C_PIECESQUARETABLES:0.49710403925701896
C_MOBILITY:0.5055949626112024
C_KINGSAFETY:0.5060996128264915
C_PAWNSTRUCTURE:0.3985511471915506
C_PIECECOORDINATION:0.6048555497500481
C_ROOKANDPAWNMOVEMENT:0.6048555497500481
C_CENTERCONTROL:0.5185427459987728
C_DEVELOPPIECES:0.5805741449800708
C_MATERIAL:0.5883575749948805
C_MOVECOUNT:0.5338647099779321
