ELO:968
CE_PASSEDPAWNS:0.5151999972765251
CE_PAWNWEAKNESSES:0.4970512415939188
CE_PIECEACTIVITY:0.5098618742290946
CE_KINGPAWNSHIELD:0.5301744117349277
CE_PIECECOORDINATION:0.48613709850260445
CE_MATERIAL:0.4908450061391275
CE_KINGSAFETY:0.4846253114955651
C_PIECESQUARETABLES:0.5087030674797138
C_MOBILITY:0.5248488869241583
C_KINGSAFETY:0.5000771641615058
C_PAWNSTRUCTURE:0.5153839041096274
C_PIECECOORDINATION:0.5023106483287432
C_ROOKANDPAWNMOVEMENT:0.5023106483287432
C_CENTERCONTROL:0.4750590818385355
C_DEVELOPPIECES:0.500083242455022
C_MATERIAL:0.5305100592049995
C_MOVECOUNT:0.5
