ELO:967
CE_PASSEDPAWNS:0.3671258369474086
CE_PAWNWEAKNESSES:0.4860619887188758
CE_PIECEACTIVITY:0.5145285367849094
CE_KINGPAWNSHIELD:0.48735749600000094
CE_PIECECOORDINATION:0.5413387408924575
CE_MATERIAL:0.5954574469548259
CE_KINGSAFETY:0.4651637286926741
C_PIECESQUARETABLES:0.5099774124251877
C_MOBILITY:0.49383548292440765
C_KINGSAFETY:0.45255481794382574
C_PAWNSTRUCTURE:0.6077939588232654
C_PIECECOORDINATION:0.4054602626293423
C_ROOKANDPAWNMOVEMENT:0.4054602626293423
C_CENTERCONTROL:0.35488331713916
C_DEVELOPPIECES:0.4985616791061792
C_MATERIAL:0.34099385454202835
