ELO:852
CE_PASSEDPAWNS:0.4570178165889917
CE_PAWNWEAKNESSES:0.572395408505321
CE_PIECEACTIVITY:0.4403366087111946
CE_KINGPAWNSHIELD:0.448511440602144
CE_PIECECOORDINATION:0.6032210483503601
CE_MATERIAL:0.4605570462793231
CE_KINGSAFETY:0.45621131137981114
C_PIECESQUARETABLES:0.5578749736627342
C_MOBILITY:0.3931871065954923
C_KINGSAFETY:0.5128230663383492
C_PAWNSTRUCTURE:0.5313815995170805
C_PIECECOORDINATION:0.48579483242239935
C_ROOKANDPAWNMOVEMENT:0.48579483242239935
C_CENTERCONTROL:0.4989220851233772
C_DEVELOPPIECES:0.4390710991216021
C_MATERIAL:0.4604309574384487
C_MOVECOUNT:0.5
