ELO:810
CE_PASSEDPAWNS:0.49347032686020037
CE_PAWNWEAKNESSES:0.4428048912229517
CE_PIECEACTIVITY:0.582208897682613
CE_KINGPAWNSHIELD:0.48384004821294646
CE_PIECECOORDINATION:0.4689961503860309
CE_MATERIAL:0.5259569617534504
CE_KINGSAFETY:0.4857504968747577
C_PIECESQUARETABLES:0.5107615575201747
C_MOBILITY:0.5461825053272585
C_KINGSAFETY:0.4373012667939294
C_PAWNSTRUCTURE:0.4829239321668806
C_PIECECOORDINATION:0.5146772388147851
C_ROOKANDPAWNMOVEMENT:0.5146772388147851
C_CENTERCONTROL:0.5230685321312776
C_DEVELOPPIECES:0.5323447230959221
C_MATERIAL:0.5242125135458806
C_MOVECOUNT:0.482386545028364
