ELO:1057
CE_PASSEDPAWNS:0.48510904093551194
CE_PAWNWEAKNESSES:0.47597898574676983
CE_PIECEACTIVITY:0.5538675049209835
CE_KINGPAWNSHIELD:0.4655037621708044
CE_PIECECOORDINATION:0.5044982868754488
CE_MATERIAL:0.5281792600335993
CE_KINGSAFETY:0.5
C_PIECESQUARETABLES:0.5
C_MOBILITY:0.5307360386759357
C_KINGSAFETY:0.4334803575933409
C_PAWNSTRUCTURE:0.49454198753339484
C_PIECECOORDINATION:0.4622137664692044
C_ROOKANDPAWNMOVEMENT:0.4622137664692044
C_CENTERCONTROL:0.4809881471454767
C_DEVELOPPIECES:0.4161931111231357
C_MATERIAL:0.5085756696771824
