ELO:965
CE_PASSEDPAWNS:0.44136126512990864
CE_PAWNWEAKNESSES:0.4367222247258211
CE_PIECEACTIVITY:0.49016031286092065
CE_KINGPAWNSHIELD:0.47129532967956
CE_PIECECOORDINATION:0.5361381622567576
CE_MATERIAL:0.44991843080319943
CE_KINGSAFETY:0.49799148455324954
C_PIECESQUARETABLES:0.5114836879945984
C_MOBILITY:0.40902970347448697
C_KINGSAFETY:0.5332691018949751
C_PAWNSTRUCTURE:0.5157638353083361
C_PIECECOORDINATION:0.5548099459697726
C_ROOKANDPAWNMOVEMENT:0.5548099459697726
C_CENTERCONTROL:0.5166162185830061
C_DEVELOPPIECES:0.5838251348323417
C_MATERIAL:0.47845412829800227
