ELO:878
CE_PASSEDPAWNS:0.579507639960254
CE_PAWNWEAKNESSES:0.47758530616531425
CE_PIECEACTIVITY:0.5126684587072923
CE_KINGPAWNSHIELD:0.5008831304956218
CE_PIECECOORDINATION:0.4468049464619854
CE_MATERIAL:0.5529431217020161
CE_KINGSAFETY:0.501816821602985
C_PIECESQUARETABLES:0.476300992799454
C_MOBILITY:0.46600211854895496
C_KINGSAFETY:0.4760298170017592
C_PAWNSTRUCTURE:0.5350621843436861
C_PIECECOORDINATION:0.5024609861967703
C_ROOKANDPAWNMOVEMENT:0.5024609861967703
C_CENTERCONTROL:0.5175462949999341
C_DEVELOPPIECES:0.5136488285450036
C_MATERIAL:0.5586211077949912
C_MOVECOUNT:0.5
