ELO:987
CE_PASSEDPAWNS:0.5118922258018765
CE_PAWNWEAKNESSES:0.5016295108525799
CE_PIECEACTIVITY:0.4619494909750238
CE_KINGPAWNSHIELD:0.5295620283710175
CE_PIECECOORDINATION:0.4594387441349249
CE_MATERIAL:0.5023542603302643
CE_KINGSAFETY:0.5595772091184665
C_PIECESQUARETABLES:0.483128885049759
C_MOBILITY:0.5243016692728192
C_KINGSAFETY:0.5449282043701017
C_PAWNSTRUCTURE:0.4923014917516601
C_PIECECOORDINATION:0.43613546920087065
C_ROOKANDPAWNMOVEMENT:0.43613546920087065
C_CENTERCONTROL:0.5701501513218388
C_DEVELOPPIECES:0.5101970660740303
C_MATERIAL:0.43126424256300594
