ELO:845
CE_PASSEDPAWNS:0.49932274613892796
CE_PAWNWEAKNESSES:0.483523390310807
CE_PIECEACTIVITY:0.537740068623183
CE_KINGPAWNSHIELD:0.49604994602429087
CE_PIECECOORDINATION:0.4677146448344621
CE_MATERIAL:0.4981508195909877
CE_KINGSAFETY:0.49290664788723293
C_PIECESQUARETABLES:0.4528394649713212
C_MOBILITY:0.5176823984286697
C_KINGSAFETY:0.47345295869196713
C_PAWNSTRUCTURE:0.5082016710189294
C_PIECECOORDINATION:0.5183024087328377
C_ROOKANDPAWNMOVEMENT:0.5183024087328377
C_CENTERCONTROL:0.4395543382778929
C_DEVELOPPIECES:0.46477143925453634
C_MATERIAL:0.5087562833069388
C_MOVECOUNT:0.5
