ELO:1071
CE_PASSEDPAWNS:0.536022763840558
CE_PAWNWEAKNESSES:0.47597898574676983
CE_PIECEACTIVITY:0.5691207324765991
CE_KINGPAWNSHIELD:0.5273801126414114
CE_PIECECOORDINATION:0.4986479316490109
CE_MATERIAL:0.5281792600335993
CE_KINGSAFETY:0.5
C_PIECESQUARETABLES:0.5
C_MOBILITY:0.5779313164691857
C_KINGSAFETY:0.4334803575933409
C_PAWNSTRUCTURE:0.5882445149092184
C_PIECECOORDINATION:0.4920077477585968
C_ROOKANDPAWNMOVEMENT:0.4920077477585968
C_CENTERCONTROL:0.5014188595021803
C_DEVELOPPIECES:0.4161931111231357
C_MATERIAL:0.4874801464397682
