ELO:985
CE_PASSEDPAWNS:0.48850671391824463
CE_PAWNWEAKNESSES:0.5002574789044947
CE_PIECEACTIVITY:0.4898041831431378
CE_KINGPAWNSHIELD:0.46545312004695455
CE_PIECECOORDINATION:0.5245382786070253
CE_MATERIAL:0.4893753554832148
CE_KINGSAFETY:0.5045344920790428
C_PIECESQUARETABLES:0.5266821899570784
C_MOBILITY:0.49933879923708285
C_KINGSAFETY:0.48451323058665613
C_PAWNSTRUCTURE:0.4715839165831775
C_PIECECOORDINATION:0.4972540026873444
C_ROOKANDPAWNMOVEMENT:0.4972540026873444
C_CENTERCONTROL:0.48460070795265864
C_DEVELOPPIECES:0.48736487340265666
C_MATERIAL:0.513905035410387
C_MOVECOUNT:0.5027524197331883
