ELO:934
CE_PASSEDPAWNS:0.49187803557051246
CE_PAWNWEAKNESSES:0.508246892474604
CE_PIECEACTIVITY:0.4893307831543631
CE_KINGPAWNSHIELD:0.5102607292503674
CE_PIECECOORDINATION:0.5123003789029893
CE_MATERIAL:0.514582036607577
CE_KINGSAFETY:0.5064915759451804
C_PIECESQUARETABLES:0.4190834402952049
C_MOBILITY:0.46765971975395115
C_KINGSAFETY:0.4751459696925684
C_PAWNSTRUCTURE:0.47351233555680006
C_PIECECOORDINATION:0.5032940705271495
C_ROOKANDPAWNMOVEMENT:0.5032940705271495
C_CENTERCONTROL:0.4738192391246248
C_DEVELOPPIECES:0.5282667620353325
C_MATERIAL:0.4714983967363173
C_MOVECOUNT:0.5
