ELO:1040
CE_PASSEDPAWNS:0.49318009983413225
CE_PAWNWEAKNESSES:0.4972065024037839
CE_PIECEACTIVITY:0.5093018100212628
CE_KINGPAWNSHIELD:0.49125752202934697
CE_PIECECOORDINATION:0.5100237706681233
CE_MATERIAL:0.5115864410838993
CE_KINGSAFETY:0.5
C_PIECESQUARETABLES:0.5
C_MOBILITY:0.48278550530959863
C_KINGSAFETY:0.5014489995702224
C_PAWNSTRUCTURE:0.5047636744040566
C_PIECECOORDINATION:0.5108851191526319
C_ROOK:0.46530445132280457
CE_ROOK:0.4823086312696092
C_CENTERCONTROL:0.5025822292455111
C_DEVELOPPIECES:0.4903803641151362
C_MATERIAL:0.5201168843147016
C_MOVECOUNT:0.5074212407980186
C_PAWNMOVEMENT:0.4940662195207169
