ELO:788
CE_PASSEDPAWNS:0.5042542742655384
CE_PAWNWEAKNESSES:0.48001489381191836
CE_PIECEACTIVITY:0.5364453442402022
CE_KINGPAWNSHIELD:0.45664867968741957
CE_PIECECOORDINATION:0.3817544785683182
CE_MATERIAL:0.4866087369152571
CE_KINGSAFETY:0.4746155245603957
C_PIECESQUARETABLES:0.5712848855695964
C_MOBILITY:0.38151519163471564
C_KINGSAFETY:0.3879301071246536
C_PAWNSTRUCTURE:0.49865893377622816
C_PIECECOORDINATION:0.5050802391206947
C_ROOKANDPAWNMOVEMENT:0.5050802391206947
C_CENTERCONTROL:0.48627288891566867
C_DEVELOPPIECES:0.5998219040913629
C_MATERIAL:0.4935989728152321
C_MOVECOUNT:0.5
