ELO:979
CE_PASSEDPAWNS:0.5
CE_PAWNWEAKNESSES:0.49926265493110433
CE_PIECEACTIVITY:0.5098618742290946
CE_KINGPAWNSHIELD:0.49621020097023033
CE_PIECECOORDINATION:0.49508276248518235
CE_MATERIAL:0.4996951670152673
CE_KINGSAFETY:0.5133974884882533
C_PIECESQUARETABLES:0.49067685240479736
C_MOBILITY:0.5248488869241583
C_KINGSAFETY:0.4971523267726997
C_PAWNSTRUCTURE:0.4844027365176181
C_PIECECOORDINATION:0.5023106483287432
C_ROOKANDPAWNMOVEMENT:0.5023106483287432
C_CENTERCONTROL:0.4750590818385355
C_DEVELOPPIECES:0.4862452964826861
C_MATERIAL:0.49593905363700636
C_MOVECOUNT:0.5
