ELO:947
CE_PASSEDPAWNS:0.453257864614651
CE_PAWNWEAKNESSES:0.47019043168569236
CE_PIECEACTIVITY:0.510446762561544
CE_KINGPAWNSHIELD:0.4350210314017503
CE_PIECECOORDINATION:0.5138406851409203
CE_MATERIAL:0.45641390788248376
CE_KINGSAFETY:0.47296682205995483
C_PIECESQUARETABLES:0.4899505423811351
C_MOBILITY:0.3793829360626215
C_KINGSAFETY:0.5355718489882777
C_PAWNSTRUCTURE:0.5244784769800035
C_PIECECOORDINATION:0.5485045837784013
C_ROOKANDPAWNMOVEMENT:0.5485045837784013
C_CENTERCONTROL:0.47279754696091625
C_DEVELOPPIECES:0.5637180263516034
C_MATERIAL:0.4956751092175362
