ELO:991
CE_PASSEDPAWNS:0.5
CE_PAWNWEAKNESSES:0.4890510196749284
CE_PIECEACTIVITY:0.5
CE_KINGPAWNSHIELD:0.49420073899978817
CE_PIECECOORDINATION:0.48654309401812446
CE_MATERIAL:0.49521341516817347
CE_KINGSAFETY:0.5
C_PIECESQUARETABLES:0.5
C_MOBILITY:0.5
C_KINGSAFETY:0.49484935295392113
C_PAWNSTRUCTURE:0.48607960550532087
C_PIECECOORDINATION:0.49155329016240634
C_ROOKANDPAWNMOVEMENT:0.49155329016240634
C_CENTERCONTROL:0.47734455487296495
C_DEVELOPPIECES:0.5
C_MATERIAL:0.5024067833034895
C_MOVECOUNT:0.5144833539169446
