ELO:1005
CE_PASSEDPAWNS:0.4742436328663964
CE_PAWNWEAKNESSES:0.5247287781109924
CE_PIECEACTIVITY:0.5353494129309075
CE_KINGPAWNSHIELD:0.479173758562018
CE_PIECECOORDINATION:0.5159505491453478
CE_MATERIAL:0.5310752986766782
CE_KINGSAFETY:0.5
C_PIECESQUARETABLES:0.5
C_MOBILITY:0.4857340728633006
C_KINGSAFETY:0.4804449345539835
C_PAWNSTRUCTURE:0.523359645266641
C_PIECECOORDINATION:0.524081871863375
C_ROOK:0.4462540991636439
CE_ROOK:0.536552208764063
C_CENTERCONTROL:0.5218613973040136
C_DEVELOPPIECES:0.49383403657542363
C_MATERIAL:0.530457144098952
C_MOVECOUNT:0.48577196235767534
C_PAWNMOVEMENT:0.46372474942036457
