ELO:970
CE_PASSEDPAWNS:0.43221348041541297
CE_PAWNWEAKNESSES:0.43405805317703394
CE_PIECEACTIVITY:0.49016031286092065
CE_KINGPAWNSHIELD:0.45897107689925937
CE_PIECECOORDINATION:0.5435423256490285
CE_MATERIAL:0.448612390680959
CE_KINGSAFETY:0.46715239394113506
C_PIECESQUARETABLES:0.38609801497220153
C_MOBILITY:0.4034807288422956
C_KINGSAFETY:0.518712029114307
C_PAWNSTRUCTURE:0.5258551182639118
C_PIECECOORDINATION:0.5455956520800644
C_ROOKANDPAWNMOVEMENT:0.5455956520800644
C_CENTERCONTROL:0.5204791784250986
C_DEVELOPPIECES:0.5838251348323417
C_MATERIAL:0.4672322069071853
