ELO:1058
CE_PASSEDPAWNS:0.49244450137678064
CE_PAWNWEAKNESSES:0.506642754522303
CE_PIECEACTIVITY:0.45641853827048906
CE_KINGPAWNSHIELD:0.49711923057826723
CE_PIECECOORDINATION:0.5197609347530578
CE_MATERIAL:0.5
CE_KINGSAFETY:0.5
C_PIECESQUARETABLES:0.5
C_MOBILITY:0.5167331414723906
C_KINGSAFETY:0.5
C_PAWNSTRUCTURE:0.5241934706612111
C_PIECECOORDINATION:0.5165029931183787
C_ROOK:0.48960068424671976
CE_ROOK:0.4955141820428924
C_CENTERCONTROL:0.5
C_DEVELOPPIECES:0.5000989285159063
C_MATERIAL:0.4797243308268542
C_MOVECOUNT:0.48163558042647137
C_PAWNMOVEMENT:0.5
