ELO:1043
CE_PASSEDPAWNS:0.5425519136707369
CE_PAWNWEAKNESSES:0.5983112310713612
CE_PIECEACTIVITY:0.4648097607110585
CE_KINGPAWNSHIELD:0.5444522290573259
CE_PIECECOORDINATION:0.45002483751863387
CE_MATERIAL:0.41165349124594175
CE_KINGSAFETY:0.5050975094463261
C_PIECESQUARETABLES:0.5
C_MOBILITY:0.5519682455961757
C_KINGSAFETY:0.5338910640254981
C_PAWNSTRUCTURE:0.5472721461625651
C_PIECECOORDINATION:0.49746237814923977
C_ROOKANDPAWNMOVEMENT:0.49746237814923977
C_CENTERCONTROL:0.5026463604473153
C_DEVELOPPIECES:0.5777227163754834
C_MATERIAL:0.40545060761464813
