ELO:994
CE_PASSEDPAWNS:0.399707010934364
CE_PAWNWEAKNESSES:0.5168129643831
CE_PIECEACTIVITY:0.5140252850115078
CE_KINGPAWNSHIELD:0.40795761560508575
CE_PIECECOORDINATION:0.5138962178399454
CE_MATERIAL:0.5556382002176206
CE_KINGSAFETY:0.5
C_PIECESQUARETABLES:0.5
C_MOBILITY:0.49816549280442246
C_KINGSAFETY:0.5153453516322468
C_PAWNSTRUCTURE:0.3974960377332616
C_PIECECOORDINATION:0.6166183344986241
C_ROOKANDPAWNMOVEMENT:0.6166183344986241
C_CENTERCONTROL:0.3628208528192532
C_DEVELOPPIECES:0.5933423053266473
C_MATERIAL:0.5927059010775729
