ELO:990
CE_PASSEDPAWNS:0.5018854937589741
CE_PAWNWEAKNESSES:0.47304718046592203
CE_PIECEACTIVITY:0.5058666518111795
CE_KINGPAWNSHIELD:0.5034845391703335
CE_PIECECOORDINATION:0.5
CE_MATERIAL:0.4873815252550526
CE_KINGSAFETY:0.5270496285671684
C_PIECESQUARETABLES:0.4969557277659327
C_MOBILITY:0.49884992612801493
C_KINGSAFETY:0.5126393847160862
C_PAWNSTRUCTURE:0.4856444915557166
C_PIECECOORDINATION:0.5
C_ROOKANDPAWNMOVEMENT:0.5
C_CENTERCONTROL:0.507343343206125
C_DEVELOPPIECES:0.49726606846307164
C_MATERIAL:0.5046693753309964
