ELO:966
CE_PASSEDPAWNS:0.5570183731080347
CE_PAWNWEAKNESSES:0.5219350989926019
CE_PIECEACTIVITY:0.5317934677093066
CE_KINGPAWNSHIELD:0.512720965260844
CE_PIECECOORDINATION:0.5762654579371934
CE_MATERIAL:0.4870812493786158
CE_KINGSAFETY:0.4828587790311133
C_PIECESQUARETABLES:0.5114152931264601
C_MOBILITY:0.4582464213110245
C_KINGSAFETY:0.40220539142586287
C_PAWNSTRUCTURE:0.5092475238271553
C_PIECECOORDINATION:0.4065568246499328
C_ROOKANDPAWNMOVEMENT:0.4065568246499328
C_CENTERCONTROL:0.5654943626933141
C_DEVELOPPIECES:0.4262195422799493
C_MATERIAL:0.5696784276596701
