ELO:1089
CE_PASSEDPAWNS:0.6174569052396875
CE_PAWNWEAKNESSES:0.48374279151391325
CE_PIECEACTIVITY:0.46358676587151515
CE_KINGPAWNSHIELD:0.46266713851527846
CE_PIECECOORDINATION:0.4735950957189544
CE_MATERIAL:0.4682050773967382
CE_KINGSAFETY:0.5259697375049119
C_PIECESQUARETABLES:0.5044119089350977
C_MOBILITY:0.41587225394381405
C_KINGSAFETY:0.5348763555873662
C_PAWNSTRUCTURE:0.4195969514544884
C_PIECECOORDINATION:0.46282322653170926
C_ROOKANDPAWNMOVEMENT:0.46282322653170926
C_CENTERCONTROL:0.5095240986780774
C_DEVELOPPIECES:0.5630604623997919
C_MATERIAL:0.42263502199183733
