ELO:937
CE_PASSEDPAWNS:0.4436268295075066
CE_PAWNWEAKNESSES:0.44465861969915943
CE_PIECEACTIVITY:0.4947908008723283
CE_KINGPAWNSHIELD:0.431908942639445
CE_PIECECOORDINATION:0.5448637959919936
CE_MATERIAL:0.45317561778090143
CE_KINGSAFETY:0.4276119853732166
C_PIECESQUARETABLES:0.47146199187551985
C_MOBILITY:0.34944636951201635
C_KINGSAFETY:0.5263549354586903
C_PAWNSTRUCTURE:0.5011267614276436
C_PIECECOORDINATION:0.5308163316568284
C_ROOKANDPAWNMOVEMENT:0.5308163316568284
C_CENTERCONTROL:0.4636134130579412
C_DEVELOPPIECES:0.5628857974280661
C_MATERIAL:0.48199442915602747
