ELO:796
CE_PASSEDPAWNS:0.488290167439211
CE_PAWNWEAKNESSES:0.45040241430276384
CE_PIECEACTIVITY:0.610130966046412
CE_KINGPAWNSHIELD:0.4854810456641446
CE_PIECECOORDINATION:0.47513288813975074
CE_MATERIAL:0.5103949883293114
CE_KINGSAFETY:0.4838446914319106
C_PIECESQUARETABLES:0.5119966642847732
C_MOBILITY:0.5458013013271025
C_KINGSAFETY:0.4358365996236166
C_PAWNSTRUCTURE:0.4955764389618581
C_PIECECOORDINATION:0.49458171908737947
C_ROOKANDPAWNMOVEMENT:0.49458171908737947
C_CENTERCONTROL:0.5365744233193357
C_DEVELOPPIECES:0.5370277428736038
C_MATERIAL:0.5269089820839693
C_MOVECOUNT:0.49295267557096883
