ELO:1010
CE_PASSEDPAWNS:0.49563574270285277
CE_PAWNWEAKNESSES:0.5118978792362076
CE_PIECEACTIVITY:0.5
CE_KINGPAWNSHIELD:0.5033827834263676
CE_PIECECOORDINATION:0.5009427473807805
CE_MATERIAL:0.5
CE_KINGSAFETY:0.48451500745133885
C_PIECESQUARETABLES:0.5
C_MOBILITY:0.4716397342687318
C_KINGSAFETY:0.5
C_PAWNSTRUCTURE:0.5120491069709738
C_PIECECOORDINATION:0.5105934754311924
C_ROOK:0.4833103198968392
CE_ROOK:0.4864019474804661
C_CENTERCONTROL:0.4987772163562711
C_DEVELOPPIECES:0.47704382091465325
C_MATERIAL:0.499554118281984
C_MOVECOUNT:0.48863258899970724
C_PAWNMOVEMENT:0.5025465000406083
