ELO:1046
CE_PASSEDPAWNS:0.5013787131414988
CE_PAWNWEAKNESSES:0.5143739487374894
CE_PIECEACTIVITY:0.5116046402440652
CE_KINGPAWNSHIELD:0.48152885942246226
CE_PIECECOORDINATION:0.5037283460926225
CE_MATERIAL:0.48057989748130914
CE_KINGSAFETY:0.5
C_PIECESQUARETABLES:0.5
C_MOBILITY:0.5
C_KINGSAFETY:0.4980573762221772
C_PAWNSTRUCTURE:0.5
C_PIECECOORDINATION:0.5108340780944686
C_ROOK:0.4908040969293647
CE_ROOK:0.4960860099806561
C_CENTERCONTROL:0.4953970785441792
C_DEVELOPPIECES:0.4925283032106535
C_MATERIAL:0.5030436899418252
C_MOVECOUNT:0.509723540237199
C_PAWNMOVEMENT:0.5141172219421226
