ELO:962
CE_PASSEDPAWNS:0.45291332689364805
CE_PAWNWEAKNESSES:0.4507099834228878
CE_PIECEACTIVITY:0.4973250225062591
CE_KINGPAWNSHIELD:0.4729911092730178
CE_PIECECOORDINATION:0.5347738016739426
CE_MATERIAL:0.4399793332508886
CE_KINGSAFETY:0.5102689417568139
C_PIECESQUARETABLES:0.5
C_MOBILITY:0.3837629587960243
C_KINGSAFETY:0.5336041242465508
C_PAWNSTRUCTURE:0.5180232602910142
C_PIECECOORDINATION:0.5550649931937794
C_ROOKANDPAWNMOVEMENT:0.5550649931937794
C_CENTERCONTROL:0.5087114530732136
C_DEVELOPPIECES:0.5832019664071536
C_MATERIAL:0.49701338101347386
