ELO:1060
CE_PASSEDPAWNS:0.5240686301312975
CE_PAWNWEAKNESSES:0.5027046348385833
CE_PIECEACTIVITY:0.48140017169021143
CE_KINGPAWNSHIELD:0.5342163056301819
CE_PIECECOORDINATION:0.4607364017660297
CE_MATERIAL:0.4870316157511659
CE_KINGSAFETY:0.5689843986609702
C_PIECESQUARETABLES:0.47505222685570064
C_MOBILITY:0.5197938388151383
C_KINGSAFETY:0.6029393669027606
C_PAWNSTRUCTURE:0.48073518785224484
C_PIECECOORDINATION:0.4920077477585968
C_ROOKANDPAWNMOVEMENT:0.4920077477585968
C_CENTERCONTROL:0.5000301427197603
C_DEVELOPPIECES:0.5117666142496838
C_MATERIAL:0.4841748301746779
