ELO:1046
CE_PASSEDPAWNS:0.5089511830834902
CE_PAWNWEAKNESSES:0.4650133829237785
CE_PIECEACTIVITY:0.5011412424490588
CE_KINGPAWNSHIELD:0.48152885942246226
CE_PIECECOORDINATION:0.5037283460926225
CE_MATERIAL:0.5043812163470417
CE_KINGSAFETY:0.5
C_PIECESQUARETABLES:0.5
C_MOBILITY:0.48278550530959863
C_KINGSAFETY:0.4778837742082676
C_PAWNSTRUCTURE:0.5
C_PIECECOORDINATION:0.5108340780944686
C_ROOK:0.4908040969293647
CE_ROOK:0.5108056098386401
C_CENTERCONTROL:0.4953970785441792
C_DEVELOPPIECES:0.5018244956320536
C_MATERIAL:0.48826105598907077
C_MOVECOUNT:0.5074212407980186
C_PAWNMOVEMENT:0.49754667027655064
