ELO:969
CE_PASSEDPAWNS:0.5127458586740992
CE_PAWNWEAKNESSES:0.5131847399952526
CE_PIECEACTIVITY:0.5149909539019223
CE_KINGPAWNSHIELD:0.497037736117527
CE_PIECECOORDINATION:0.5042246322754109
CE_MATERIAL:0.49558223924699424
CE_KINGSAFETY:0.4919912361353558
C_PIECESQUARETABLES:0.49406737421153135
C_MOBILITY:0.4651469311132911
C_KINGSAFETY:0.5116700471235559
C_PAWNSTRUCTURE:0.5086811225424038
C_PIECECOORDINATION:0.5
C_ROOKANDPAWNMOVEMENT:0.5
C_CENTERCONTROL:0.5491836512583975
C_DEVELOPPIECES:0.5183641097826552
C_MATERIAL:0.49873220965168613
C_MOVECOUNT:0.4717749847730842
