ELO:1022
CE_PASSEDPAWNS:0.49318009983413225
CE_PAWNWEAKNESSES:0.5163043396134022
CE_PIECEACTIVITY:0.49607853506020144
CE_KINGPAWNSHIELD:0.4942099565315767
CE_PIECECOORDINATION:0.5097066680735108
CE_MATERIAL:0.48745270515829425
CE_KINGSAFETY:0.5
C_PIECESQUARETABLES:0.484978697582657
C_MOBILITY:0.5
C_KINGSAFETY:0.4925469210949234
C_PAWNSTRUCTURE:0.5
C_PIECECOORDINATION:0.5117530500500119
C_ROOK:0.48473326904920266
CE_ROOK:0.49562898093476404
C_CENTERCONTROL:0.5138805772355112
C_DEVELOPPIECES:0.5
C_MATERIAL:0.48767837049896284
C_MOVECOUNT:0.5261196762813662
C_PAWNMOVEMENT:0.4953020681581354
