ELO:945
CE_PASSEDPAWNS:0.4508113761873901
CE_PAWNWEAKNESSES:0.4418553727879554
CE_PIECEACTIVITY:0.5004208688210384
CE_KINGPAWNSHIELD:0.4523815930542873
CE_PIECECOORDINATION:0.5368188044144541
CE_MATERIAL:0.4506588026815483
CE_KINGSAFETY:0.505970825010216
C_PIECESQUARETABLES:0.4979664005658344
C_MOBILITY:0.3742055618312533
C_KINGSAFETY:0.514343151212058
C_PAWNSTRUCTURE:0.5058730610672157
C_PIECECOORDINATION:0.5513436545028603
C_ROOKANDPAWNMOVEMENT:0.5513436545028603
C_CENTERCONTROL:0.4604560307856424
C_DEVELOPPIECES:0.5791044761138147
C_MATERIAL:0.4756038099814997
