ELO:1031
CE_PASSEDPAWNS:0.5014383419152028
CE_PAWNWEAKNESSES:0.5195716976273007
CE_PIECEACTIVITY:0.5085548564614705
CE_KINGPAWNSHIELD:0.5050914370919352
CE_PIECECOORDINATION:0.5009427473807805
CE_MATERIAL:0.4936647227553223
CE_KINGSAFETY:0.5
C_PIECESQUARETABLES:0.5
C_MOBILITY:0.4746793432388589
C_KINGSAFETY:0.5
C_PAWNSTRUCTURE:0.4984238162774086
C_PIECECOORDINATION:0.5257981221988419
C_ROOK:0.4962057312857581
CE_ROOK:0.479067990043031
C_CENTERCONTROL:0.5073653899107631
C_DEVELOPPIECES:0.4727473771815632
C_MATERIAL:0.499554118281984
C_MOVECOUNT:0.5097475948095455
C_PAWNMOVEMENT:0.5066463254037898
