ELO:944
CE_PASSEDPAWNS:0.5040039576286562
CE_PAWNWEAKNESSES:0.5191875086386151
CE_PIECEACTIVITY:0.4965871604733203
CE_KINGPAWNSHIELD:0.5103439748129203
CE_PIECECOORDINATION:0.5002091702217725
CE_MATERIAL:0.47364853346928465
CE_KINGSAFETY:0.5
C_PIECESQUARETABLES:0.5116926011593156
C_MOBILITY:0.5061586075147709
C_KINGSAFETY:0.5027155463703973
C_PAWNSTRUCTURE:0.5119201825824322
C_PIECECOORDINATION:0.5118555789994403
C_ROOKANDPAWNMOVEMENT:0.5118555789994403
C_CENTERCONTROL:0.4844108609213588
C_DEVELOPPIECES:0.48198818469990035
C_MATERIAL:0.5036251157429837
C_MOVECOUNT:0.5012940607876722
