ELO:1000
CE_PASSEDPAWNS:0.5088474561139112
CE_PAWNWEAKNESSES:0.4472377013641141
CE_PIECEACTIVITY:0.47625470142912685
CE_KINGPAWNSHIELD:0.5416159344790072
CE_PIECECOORDINATION:0.47485700370009504
CE_MATERIAL:0.5090501182463477
CE_KINGSAFETY:0.5280822245750769
C_PIECESQUARETABLES:0.5118488570536454
C_MOBILITY:0.5540645386152885
C_KINGSAFETY:0.5178762695936752
C_PAWNSTRUCTURE:0.5094346196049033
C_PIECECOORDINATION:0.553837514385067
C_ROOKANDPAWNMOVEMENT:0.553837514385067
C_CENTERCONTROL:0.49346521783196257
C_DEVELOPPIECES:0.5223261069145626
C_MATERIAL:0.46443212885275204
