ELO:981
CE_PASSEDPAWNS:0.49071448479940993
CE_PAWNWEAKNESSES:0.5014683541646042
CE_PIECEACTIVITY:0.5023258113561125
CE_KINGPAWNSHIELD:0.5041333401435651
CE_PIECECOORDINATION:0.49937146037863617
CE_MATERIAL:0.4893730124001781
CE_KINGSAFETY:0.5027739838842482
C_PIECESQUARETABLES:0.4932230596506769
C_MOBILITY:0.5001897842663523
C_KINGSAFETY:0.4963139636797169
C_PAWNSTRUCTURE:0.4959250383940217
C_PIECECOORDINATION:0.508005049358327
C_ROOKANDPAWNMOVEMENT:0.508005049358327
C_CENTERCONTROL:0.5110683111907349
C_DEVELOPPIECES:0.5135477923930657
C_MATERIAL:0.5260261967024715
C_MOVECOUNT:0.5
