ELO:958
CE_PASSEDPAWNS:0.519353799786835
CE_PAWNWEAKNESSES:0.5102296222527651
CE_PIECEACTIVITY:0.5033631827522727
CE_KINGPAWNSHIELD:0.4867389508541295
CE_PIECECOORDINATION:0.5055133038887701
CE_MATERIAL:0.4981568005671553
CE_KINGSAFETY:0.5159121060479104
C_PIECESQUARETABLES:0.5023623563456389
C_MOBILITY:0.49070406818998974
C_KINGSAFETY:0.5091055200850175
C_PAWNSTRUCTURE:0.5093503398543963
C_PIECECOORDINATION:0.4858663959342548
C_ROOK:0.47238408834826096
CE_ROOK:0.5450559945987022
C_CENTERCONTROL:0.502527065719455
C_DEVELOPPIECES:0.5180261133236987
C_MATERIAL:0.4820204281495511
C_MOVECOUNT:0.49663753722095544
C_PAWNMOVEMENT:0.5108719982655192
