ELO:988
CE_PASSEDPAWNS:0.5257783658202835
CE_PAWNWEAKNESSES:0.5260120227856582
CE_PIECEACTIVITY:0.5115517959390631
CE_KINGPAWNSHIELD:0.4151116027499946
CE_PIECECOORDINATION:0.4494655420067696
CE_MATERIAL:0.5591178123754207
CE_KINGSAFETY:0.4904245997401529
C_PIECESQUARETABLES:0.5215787006690716
C_MOBILITY:0.5087694361736878
C_KINGSAFETY:0.5019980533450243
C_PAWNSTRUCTURE:0.4999721312725596
C_PIECECOORDINATION:0.5293505383468318
C_ROOKANDPAWNMOVEMENT:0.5293505383468318
C_CENTERCONTROL:0.3899717487682713
C_DEVELOPPIECES:0.5179445318682142
C_MATERIAL:0.5856257613059224
