ELO:971
CE_PASSEDPAWNS:0.5202379756787971
CE_PAWNWEAKNESSES:0.5185060457746979
CE_PIECEACTIVITY:0.5041556312106126
CE_KINGPAWNSHIELD:0.49052204589345616
CE_PIECECOORDINATION:0.49057936211055797
CE_MATERIAL:0.5159641697015228
CE_KINGSAFETY:0.47567479270298707
C_PIECESQUARETABLES:0.5
C_MOBILITY:0.5087653798948008
C_KINGSAFETY:0.5096914965842909
C_PAWNSTRUCTURE:0.5074867114787899
C_PIECECOORDINATION:0.4899489354631116
C_ROOK:0.48503881060204873
CE_ROOK:0.5421498505611692
C_CENTERCONTROL:0.5177805993453436
C_DEVELOPPIECES:0.5069810440949242
C_MATERIAL:0.4674070592162781
C_MOVECOUNT:0.49663753722095544
C_PAWNMOVEMENT:0.5179064253040189
