ELO:979
CE_PASSEDPAWNS:0.4780246459236774
CE_PAWNWEAKNESSES:0.50728613889233
CE_PIECEACTIVITY:0.5213783093009869
CE_KINGPAWNSHIELD:0.5113844113115746
CE_PIECECOORDINATION:0.45076617077422243
CE_MATERIAL:0.4646074633260434
CE_KINGSAFETY:0.49782017416921776
C_PIECESQUARETABLES:0.5
C_MOBILITY:0.5450216864259249
C_KINGSAFETY:0.5223105102660069
C_PAWNSTRUCTURE:0.4983115944077633
C_PIECECOORDINATION:0.49275043153174874
C_ROOK:0.524521558015471
CE_ROOK:0.48975641178599444
C_CENTERCONTROL:0.521052619977016
C_DEVELOPPIECES:0.4858495044135315
C_MATERIAL:0.5024675932608175
C_MOVECOUNT:0.4551431673987417
C_PAWNMOVEMENT:0.5177488574877056
