ELO:971
CE_PASSEDPAWNS:0.5337668341401881
CE_PAWNWEAKNESSES:0.5014744263301216
CE_PIECEACTIVITY:0.4891653181378997
CE_KINGPAWNSHIELD:0.5094844657861219
CE_PIECECOORDINATION:0.5056767928157617
CE_MATERIAL:0.4989173164230598
CE_KINGSAFETY:0.528643348322224
C_PIECESQUARETABLES:0.5342500305269371
C_MOBILITY:0.5576882495679711
C_KINGSAFETY:0.48489365534866136
C_PAWNSTRUCTURE:0.5609544696950214
C_PIECECOORDINATION:0.5340960147469385
C_ROOKANDPAWNMOVEMENT:0.5340960147469385
C_CENTERCONTROL:0.4662577239481335
C_DEVELOPPIECES:0.5008542478522887
C_MATERIAL:0.5254931998623075
