ELO:973
CE_PASSEDPAWNS:0.5070248114958906
CE_PAWNWEAKNESSES:0.4959681768487079
CE_PIECEACTIVITY:0.49428221878390494
CE_KINGPAWNSHIELD:0.4964813383639115
CE_PIECECOORDINATION:0.5090021093611062
CE_MATERIAL:0.49907876115942823
CE_KINGSAFETY:0.4873035231136665
C_PIECESQUARETABLES:0.5023623563456389
C_MOBILITY:0.47294444017530635
C_KINGSAFETY:0.5111433864344413
C_PAWNSTRUCTURE:0.5063936755108258
C_PIECECOORDINATION:0.4921439387938335
C_ROOK:0.48088876623440757
CE_ROOK:0.5285896176699446
C_CENTERCONTROL:0.5
C_DEVELOPPIECES:0.499976242622499
C_MATERIAL:0.4981905911892774
C_MOVECOUNT:0.4901582192544365
C_PAWNMOVEMENT:0.515928985342279
