ELO:1009
CE_PASSEDPAWNS:0.4835902987305851
CE_PAWNWEAKNESSES:0.5090154098603628
CE_PIECEACTIVITY:0.4991285794129984
CE_KINGPAWNSHIELD:0.4823628138785092
CE_PIECECOORDINATION:0.5068169610967067
CE_MATERIAL:0.4977259009846548
CE_KINGSAFETY:0.5099139899652123
C_PIECESQUARETABLES:0.5051547128996736
C_MOBILITY:0.511134687555992
C_KINGSAFETY:0.4907005975283677
C_PAWNSTRUCTURE:0.5046466953023275
C_PIECECOORDINATION:0.48391086671874534
C_ROOK:0.4885146638454606
CE_ROOK:0.5
C_CENTERCONTROL:0.4892933621511906
C_DEVELOPPIECES:0.49204778556959844
C_MATERIAL:0.4911423407453949
C_MOVECOUNT:0.5063577518617769
C_PAWNMOVEMENT:0.4953771352357697
