ELO:1000
CE_PASSEDPAWNS:0.5188000957476873
CE_PAWNWEAKNESSES:0.46759753556028516
CE_PIECEACTIVITY:0.47475141635229956
CE_KINGPAWNSHIELD:0.5081003466303484
CE_PIECECOORDINATION:0.4942010218018568
CE_MATERIAL:0.5072916272223439
CE_KINGSAFETY:0.47548621894941345
C_PIECESQUARETABLES:0.5144815897192844
C_MOBILITY:0.47522446976539456
C_KINGSAFETY:0.46252204246831286
C_PAWNSTRUCTURE:0.48518270883193054
C_PIECECOORDINATION:0.47407620799620975
C_ROOKANDPAWNMOVEMENT:0.47407620799620975
C_CENTERCONTROL:0.5167858271919195
C_DEVELOPPIECES:0.5266820182567427
C_MATERIAL:0.5519107554264474
