ELO:1000
CE_PASSEDPAWNS:0.5
CE_PAWNWEAKNESSES:0.5
CE_PIECEACTIVITY:0.5
CE_KINGPAWNSHIELD:0.5038894854199728
CE_PIECECOORDINATION:0.49703188896181094
CE_MATERIAL:0.5
CE_KINGSAFETY:0.4971612691971696
C_PIECESQUARETABLES:0.49037802107279466
C_MOBILITY:0.5000250201114431
C_KINGSAFETY:0.5035980176681008
C_PAWNSTRUCTURE:0.4960395001520587
C_PIECECOORDINATION:0.489558839981116
C_ROOK:0.5028006256392688
CE_ROOK:0.5025396020845343
C_CENTERCONTROL:0.5
C_DEVELOPPIECES:0.4974629950645802
C_MATERIAL:0.5
C_MOVECOUNT:0.5
C_PAWNMOVEMENT:0.5105403345834514
