ELO:989
CE_PASSEDPAWNS:0.508435888292463
CE_PAWNWEAKNESSES:0.5
CE_PIECEACTIVITY:0.50850372357117
CE_KINGPAWNSHIELD:0.49972879116353125
CE_PIECECOORDINATION:0.5070268792479037
CE_MATERIAL:0.5081394733395879
CE_KINGSAFETY:0.4830396753398532
C_PIECESQUARETABLES:0.49829855212640817
C_MOBILITY:0.49103006018280027
C_KINGSAFETY:0.5081784197471511
C_PAWNSTRUCTURE:0.49858308463753565
C_PIECECOORDINATION:0.47432341691286883
C_ROOKANDPAWNMOVEMENT:0.47432341691286883
C_CENTERCONTROL:0.4827444958050533
C_DEVELOPPIECES:0.513794426153165
C_MATERIAL:0.5016048398209704
