ELO:1000
CE_PASSEDPAWNS:0.49290710742478155
CE_PAWNWEAKNESSES:0.4633946431082865
CE_PIECEACTIVITY:0.4824667574483773
CE_KINGPAWNSHIELD:0.5475341833035876
CE_PIECECOORDINATION:0.4689398885584456
CE_MATERIAL:0.5328239501192084
CE_KINGSAFETY:0.5287176730252546
C_PIECESQUARETABLES:0.5088084659393863
C_MOBILITY:0.5430640079519202
C_KINGSAFETY:0.5056769963559123
C_PAWNSTRUCTURE:0.4690421568280655
C_PIECECOORDINATION:0.5408129858431675
C_ROOKANDPAWNMOVEMENT:0.5408129858431675
C_CENTERCONTROL:0.48839061378044857
C_DEVELOPPIECES:0.5193500353155596
C_MATERIAL:0.4587848123897185
