ELO:955
CE_PASSEDPAWNS:0.5053471439407083
CE_PAWNWEAKNESSES:0.4996034797517459
CE_PIECEACTIVITY:0.4974195734758165
CE_KINGPAWNSHIELD:0.5297636327086425
CE_PIECECOORDINATION:0.5157563380591461
CE_MATERIAL:0.49945129551534967
CE_KINGSAFETY:0.4927701307450824
C_PIECESQUARETABLES:0.5068092837091333
C_MOBILITY:0.48290414038303975
C_KINGSAFETY:0.5098551358910186
C_PAWNSTRUCTURE:0.4937371746718532
C_PIECECOORDINATION:0.5606439331329587
C_ROOKANDPAWNMOVEMENT:0.5606439331329587
C_CENTERCONTROL:0.5010243061460845
C_DEVELOPPIECES:0.4900840600514339
C_MATERIAL:0.4724876719781773
C_MOVECOUNT:0.5
