ELO:838
CE_PASSEDPAWNS:0.5332847760659642
CE_PAWNWEAKNESSES:0.46061883673024123
CE_PIECEACTIVITY:0.4537704760536656
CE_KINGPAWNSHIELD:0.46602472340173057
CE_PIECECOORDINATION:0.49203287410638485
CE_MATERIAL:0.45066807164181527
CE_KINGSAFETY:0.4858789984674719
C_PIECESQUARETABLES:0.5095607133352487
C_MOBILITY:0.5340126603993282
C_KINGSAFETY:0.46254195791631353
C_PAWNSTRUCTURE:0.49009600617402194
C_PIECECOORDINATION:0.6549561229374422
C_ROOKANDPAWNMOVEMENT:0.6549561229374422
C_CENTERCONTROL:0.4969572461928249
C_DEVELOPPIECES:0.5609247734684851
C_MATERIAL:0.5174116426119094
