ELO:991
CE_PASSEDPAWNS:0.5040926501111562
CE_PAWNWEAKNESSES:0.48733457608431685
CE_PIECEACTIVITY:0.5067629412245425
CE_KINGPAWNSHIELD:0.5
CE_PIECECOORDINATION:0.5042137227275557
CE_MATERIAL:0.5261754492287215
CE_KINGSAFETY:0.48629861358897575
C_PIECESQUARETABLES:0.5114340121030344
C_MOBILITY:0.5092664794871804
C_KINGSAFETY:0.5018824929707596
C_PAWNSTRUCTURE:0.5092496285541545
C_PIECECOORDINATION:0.5075550983376358
C_ROOKANDPAWNMOVEMENT:0.5075550983376358
C_CENTERCONTROL:0.5068479921508523
C_DEVELOPPIECES:0.4797193347394293
C_MATERIAL:0.5220452987675831
C_MOVECOUNT:0.5067277220253856
