ELO:1000
CE_PASSEDPAWNS:0.5090569765309201
CE_PAWNWEAKNESSES:0.4525365305702834
CE_PIECEACTIVITY:0.47675674724582556
CE_KINGPAWNSHIELD:0.5416159344790072
CE_PIECECOORDINATION:0.47762377587688626
CE_MATERIAL:0.4842767608322659
CE_KINGSAFETY:0.5282005464880657
C_PIECESQUARETABLES:0.5115860046360854
C_MOBILITY:0.5687273716263912
C_KINGSAFETY:0.498140496711805
C_PAWNSTRUCTURE:0.5177299515400356
C_PIECECOORDINATION:0.5637303731674764
C_ROOKANDPAWNMOVEMENT:0.5637303731674764
C_CENTERCONTROL:0.5007928460922937
C_DEVELOPPIECES:0.5191462339486075
C_MATERIAL:0.4887249806787859
