ELO:1008
CE_PASSEDPAWNS:0.5012077503114988
CE_PAWNWEAKNESSES:0.5060274585721147
CE_PIECEACTIVITY:0.5195241149094761
CE_KINGPAWNSHIELD:0.49525901697977637
CE_PIECECOORDINATION:0.5116237691119538
CE_MATERIAL:0.5013543483469419
CE_KINGSAFETY:0.4962457823613136
C_PIECESQUARETABLES:0.4957311212407601
C_MOBILITY:0.5
C_KINGSAFETY:0.5
C_PAWNSTRUCTURE:0.5
C_PIECECOORDINATION:0.5
C_ROOKANDPAWNMOVEMENT:0.5
C_CENTERCONTROL:0.4882979414982226
C_DEVELOPPIECES:0.5
C_MATERIAL:0.4949445711859152
