ELO:988
CE_PASSEDPAWNS:0.5156839845540195
CE_PAWNWEAKNESSES:0.4982194383470715
CE_PIECEACTIVITY:0.5091860368694535
CE_KINGPAWNSHIELD:0.4206669464628437
CE_PIECECOORDINATION:0.4560611399748295
CE_MATERIAL:0.5485853661872585
CE_KINGSAFETY:0.5023226965551749
C_PIECESQUARETABLES:0.5106335876316154
C_MOBILITY:0.49092207688600964
C_KINGSAFETY:0.5079857523581277
C_PAWNSTRUCTURE:0.5006281247243053
C_PIECECOORDINATION:0.5343790984637731
C_ROOKANDPAWNMOVEMENT:0.5343790984637731
C_CENTERCONTROL:0.39281761722089903
C_DEVELOPPIECES:0.4968200715906562
C_MATERIAL:0.5966813610868258
