ELO:964
CE_PASSEDPAWNS:0.4953649202803105
CE_PAWNWEAKNESSES:0.47555527375423273
CE_PIECEACTIVITY:0.5023258113561125
CE_KINGPAWNSHIELD:0.5
CE_PIECECOORDINATION:0.4957724793000936
CE_MATERIAL:0.5163052293262678
CE_KINGSAFETY:0.505415445777417
C_PIECESQUARETABLES:0.48584875056819815
C_MOBILITY:0.5081423116884255
C_KINGSAFETY:0.5125907214541656
C_PAWNSTRUCTURE:0.4853390224508647
C_PIECECOORDINATION:0.5504955709622131
C_ROOKANDPAWNMOVEMENT:0.5504955709622131
C_CENTERCONTROL:0.5025603346331446
C_DEVELOPPIECES:0.49492810966238576
C_MATERIAL:0.5208958350652847
C_MOVECOUNT:0.5
