ELO:996
CE_PASSEDPAWNS:0.514290737305709
CE_PAWNWEAKNESSES:0.5050323266501714
CE_PIECEACTIVITY:0.46075177965240216
CE_KINGPAWNSHIELD:0.537184170379029
CE_PIECECOORDINATION:0.4398633836284272
CE_MATERIAL:0.4305501982832303
CE_KINGSAFETY:0.5310328120784541
C_PIECESQUARETABLES:0.5125501653435786
C_MOBILITY:0.4609768537300371
C_KINGSAFETY:0.4443530410801982
C_PAWNSTRUCTURE:0.5255327620617956
C_PIECECOORDINATION:0.4883154552393304
C_ROOKANDPAWNMOVEMENT:0.4883154552393304
C_CENTERCONTROL:0.592394794598749
C_DEVELOPPIECES:0.4967937273598105
C_MATERIAL:0.5261001877909334
