ELO:992
CE_PASSEDPAWNS:0.49193480123545125
CE_PAWNWEAKNESSES:0.49032103013829104
CE_PIECEACTIVITY:0.49882589777991626
CE_KINGPAWNSHIELD:0.49532825216966814
CE_PIECECOORDINATION:0.5085899924413093
CE_MATERIAL:0.48858147075941893
CE_KINGSAFETY:0.5256279980669694
C_PIECESQUARETABLES:0.5
C_MOBILITY:0.4958943711530901
C_KINGSAFETY:0.493204011064009
C_PAWNSTRUCTURE:0.5
C_PIECECOORDINATION:0.5
C_ROOKANDPAWNMOVEMENT:0.5
C_CENTERCONTROL:0.4973230125833624
C_DEVELOPPIECES:0.49587299412756447
C_MATERIAL:0.5032321126162457
C_MOVECOUNT:0.5
