ELO:877
CE_PASSEDPAWNS:0.4819682372095191
CE_PAWNWEAKNESSES:0.46697141970017336
CE_PIECEACTIVITY:0.48085664810449197
CE_KINGPAWNSHIELD:0.49592321612977686
CE_PIECECOORDINATION:0.4826174177942289
CE_MATERIAL:0.44757013751643515
CE_KINGSAFETY:0.5
C_PIECESQUARETABLES:0.5113839562665241
C_MOBILITY:0.5340126603993282
C_KINGSAFETY:0.45125681353267816
C_PAWNSTRUCTURE:0.4888232205727839
C_PIECECOORDINATION:0.6563453403618921
C_ROOKANDPAWNMOVEMENT:0.6563453403618921
C_CENTERCONTROL:0.5053191948112998
C_DEVELOPPIECES:0.5578300774204166
C_MATERIAL:0.5228013138782032
