ELO:938
CE_PASSEDPAWNS:0.5555268106965102
CE_PAWNWEAKNESSES:0.5149389193733495
CE_PIECEACTIVITY:0.43992598853596643
CE_KINGPAWNSHIELD:0.6034321539782209
CE_PIECECOORDINATION:0.45023587627077344
CE_MATERIAL:0.44853571532771325
CE_KINGSAFETY:0.48463841723983486
C_PIECESQUARETABLES:0.529809691677495
C_MOBILITY:0.4303755370046457
C_KINGSAFETY:0.39239529560611813
C_PAWNSTRUCTURE:0.5210145768863871
C_PIECECOORDINATION:0.4820925514451896
C_ROOKANDPAWNMOVEMENT:0.4820925514451896
C_CENTERCONTROL:0.5810107165753339
C_DEVELOPPIECES:0.5762414440460643
C_MATERIAL:0.5030486854379095
