ELO:1000
CE_PASSEDPAWNS:0.5006536655505087
CE_PAWNWEAKNESSES:0.4950219166482665
CE_PIECEACTIVITY:0.48625691634614093
CE_KINGPAWNSHIELD:0.49832561545918763
CE_PIECECOORDINATION:0.47597317423854996
CE_MATERIAL:0.4987521908572692
CE_KINGSAFETY:0.5102663734327977
C_PIECESQUARETABLES:0.5034593535592266
C_MOBILITY:0.4863081469440175
C_KINGSAFETY:0.49040830329498336
C_PAWNSTRUCTURE:0.49272581782553443
C_PIECECOORDINATION:0.4885966304486339
C_ROOKANDPAWNMOVEMENT:0.4885966304486339
C_CENTERCONTROL:0.5115270728846076
C_DEVELOPPIECES:0.4931398681487371
C_MATERIAL:0.4959177203348607
