ELO:1066
CE_PASSEDPAWNS:0.504902823420743
CE_PAWNWEAKNESSES:0.49914851563414614
CE_PIECEACTIVITY:0.5083995822293013
CE_KINGPAWNSHIELD:0.48263633342017165
CE_PIECECOORDINATION:0.5
CE_MATERIAL:0.4983173786852715
CE_KINGSAFETY:0.5012569841632551
C_PIECESQUARETABLES:0.49982288501342226
C_MOBILITY:0.4936815510663044
C_KINGSAFETY:0.5105973294660315
C_PAWNSTRUCTURE:0.5381673023803122
C_PIECECOORDINATION:0.49840769061166196
C_ROOK:0.5150311997311932
CE_ROOK:0.5282491129225639
C_CENTERCONTROL:0.5198585388856336
C_DEVELOPPIECES:0.49394016146202
C_MATERIAL:0.509546643516747
C_MOVECOUNT:0.5
C_PAWNMOVEMENT:0.4814348321429012
