ELO:935
CE_PASSEDPAWNS:0.49325641256385877
CE_PAWNWEAKNESSES:0.47311564282781493
CE_PIECEACTIVITY:0.5465404582844704
CE_KINGPAWNSHIELD:0.4665462093936091
CE_PIECECOORDINATION:0.5443303377350625
CE_MATERIAL:0.43172492993340794
CE_KINGSAFETY:0.5059636068390153
C_PIECESQUARETABLES:0.4737161392883248
C_MOBILITY:0.49791958541399256
C_KINGSAFETY:0.46065285320888644
C_PAWNSTRUCTURE:0.5720503153151613
C_PIECECOORDINATION:0.49156288365859385
C_ROOKANDPAWNMOVEMENT:0.49156288365859385
C_CENTERCONTROL:0.494013982021968
C_DEVELOPPIECES:0.5183463575231091
C_MATERIAL:0.4696085434107079
C_MOVECOUNT:0.5771683666586604
