ELO:732
CE_PASSEDPAWNS:0.4491874344977845
CE_PAWNWEAKNESSES:0.478233343362987
CE_PIECEACTIVITY:0.5281839533537148
CE_KINGPAWNSHIELD:0.5032699625626919
CE_PIECECOORDINATION:0.5758527690009648
CE_MATERIAL:0.48526634648092837
CE_KINGSAFETY:0.529178602153567
C_PIECESQUARETABLES:0.4877380822704487
C_MOBILITY:0.5173754366700726
C_KINGSAFETY:0.5402963517252836
C_PAWNSTRUCTURE:0.41810508382145606
C_PIECECOORDINATION:0.6021160205249225
C_ROOKANDPAWNMOVEMENT:0.6021160205249225
C_CENTERCONTROL:0.550797335419193
C_DEVELOPPIECES:0.5569529480283013
C_MATERIAL:0.48923758265671036
C_MOVECOUNT:0.49306360133878785
