ELO:972
CE_PASSEDPAWNS:0.4882294741311506
CE_PAWNWEAKNESSES:0.5449654788588044
CE_PIECEACTIVITY:0.5522530691119719
CE_KINGPAWNSHIELD:0.4968574954129647
CE_PIECECOORDINATION:0.4606527228556042
CE_MATERIAL:0.48841163043833513
CE_KINGSAFETY:0.5
C_PIECESQUARETABLES:0.5
C_MOBILITY:0.4838322175608395
C_KINGSAFETY:0.5286625062752959
C_PAWNSTRUCTURE:0.4631749657677071
C_PIECECOORDINATION:0.5277205392789782
C_ROOK:0.5297210892489224
CE_ROOK:0.4679065200494525
C_CENTERCONTROL:0.5191594541185843
C_DEVELOPPIECES:0.49406540277436256
C_MATERIAL:0.521620934607245
C_MOVECOUNT:0.5354316458024518
C_PAWNMOVEMENT:0.4780333753496678
