ELO:1000
CE_PASSEDPAWNS:0.5080599262399744
CE_PAWNWEAKNESSES:0.4996427957600015
CE_PIECEACTIVITY:0.46834431939869015
CE_KINGPAWNSHIELD:0.49916822036135544
CE_PIECECOORDINATION:0.4946579615790527
CE_MATERIAL:0.5105427585639857
CE_KINGSAFETY:0.49697230807492077
C_PIECESQUARETABLES:0.5021773932065183
C_MOBILITY:0.4890193788211991
C_KINGSAFETY:0.4608829411354731
C_PAWNSTRUCTURE:0.4987138753321708
C_PIECECOORDINATION:0.4951892319836253
C_ROOKANDPAWNMOVEMENT:0.4951892319836253
C_CENTERCONTROL:0.4929973589843409
C_DEVELOPPIECES:0.5046681765577354
C_MATERIAL:0.5199379967365141
