ELO:890
CE_PASSEDPAWNS:0.4716774597143796
CE_PAWNWEAKNESSES:0.46980383286171945
CE_PIECEACTIVITY:0.48963521897979856
CE_KINGPAWNSHIELD:0.585725121372212
CE_PIECECOORDINATION:0.4539746954680025
CE_MATERIAL:0.5059138953679724
CE_KINGSAFETY:0.5004015403026734
C_PIECESQUARETABLES:0.49104653612949734
C_MOBILITY:0.5012270689977604
C_KINGSAFETY:0.5044296218362136
C_PAWNSTRUCTURE:0.4445990498293373
C_PIECECOORDINATION:0.5327033320513378
C_ROOKANDPAWNMOVEMENT:0.5327033320513378
C_CENTERCONTROL:0.4972463959446226
C_DEVELOPPIECES:0.5001596037509846
C_MATERIAL:0.45158238452159033
C_MOVECOUNT:0.5
