ELO:1010
CE_PASSEDPAWNS:0.49517120016438854
CE_PAWNWEAKNESSES:0.45055251555702586
CE_PIECEACTIVITY:0.5077312330497874
CE_KINGPAWNSHIELD:0.45129349255670376
CE_PIECECOORDINATION:0.4965143443457355
CE_MATERIAL:0.5027906780355499
CE_KINGSAFETY:0.5
C_PIECESQUARETABLES:0.5
C_MOBILITY:0.5053430782932701
C_KINGSAFETY:0.5003541742414567
C_PAWNSTRUCTURE:0.5157177899555178
C_PIECECOORDINATION:0.49565537645741137
C_ROOKANDPAWNMOVEMENT:0.49565537645741137
C_CENTERCONTROL:0.5
C_DEVELOPPIECES:0.5030104506744931
C_MATERIAL:0.5
C_MOVECOUNT:0.5
