ELO:948
CE_PASSEDPAWNS:0.5153382886204209
CE_PAWNWEAKNESSES:0.5276017267685211
CE_PIECEACTIVITY:0.4336496225937464
CE_KINGPAWNSHIELD:0.6234450012325342
CE_PIECECOORDINATION:0.465096067023062
CE_MATERIAL:0.47251513924093647
CE_KINGSAFETY:0.48487503486017886
C_PIECESQUARETABLES:0.5367491733989711
C_MOBILITY:0.43294998598795287
C_KINGSAFETY:0.3711117284399814
C_PAWNSTRUCTURE:0.47771948675096637
C_PIECECOORDINATION:0.5065080334404689
C_ROOKANDPAWNMOVEMENT:0.5065080334404689
C_CENTERCONTROL:0.5222362033533271
C_DEVELOPPIECES:0.5835023760517943
C_MATERIAL:0.504975677339192
