ELO:975
CE_PASSEDPAWNS:0.4979818737564489
CE_PAWNWEAKNESSES:0.49727556907014364
CE_PIECEACTIVITY:0.5155477555723266
CE_KINGPAWNSHIELD:0.5143381890347255
CE_PIECECOORDINATION:0.49576269120806704
CE_MATERIAL:0.4936399879356535
CE_KINGSAFETY:0.5
C_PIECESQUARETABLES:0.5
C_MOBILITY:0.5084902339546888
C_KINGSAFETY:0.4907906059933966
C_PAWNSTRUCTURE:0.5201197176122956
C_PIECECOORDINATION:0.5074109789370523
C_ROOKANDPAWNMOVEMENT:0.5074109789370523
C_CENTERCONTROL:0.49856513504128014
C_DEVELOPPIECES:0.4797648623011533
C_MATERIAL:0.49435601120038647
C_MOVECOUNT:0.508559251306436
