ELO:789
CE_PASSEDPAWNS:0.536235538975636
CE_PAWNWEAKNESSES:0.4901240503723948
CE_PIECEACTIVITY:0.45630511140874763
CE_KINGPAWNSHIELD:0.4651136956127528
CE_PIECECOORDINATION:0.44922920797923005
CE_MATERIAL:0.40213724499618275
CE_KINGSAFETY:0.47580379923109356
C_PIECESQUARETABLES:0.4925688665678676
C_MOBILITY:0.5631798467873657
C_KINGSAFETY:0.47647101879513687
C_PAWNSTRUCTURE:0.4768715464428796
C_PIECECOORDINATION:0.6809794038243151
C_ROOKANDPAWNMOVEMENT:0.6809794038243151
C_CENTERCONTROL:0.5415009134142078
C_DEVELOPPIECES:0.5347588750485052
C_MATERIAL:0.5349891572881265
