ELO:803
CE_PASSEDPAWNS:0.5363399797038487
CE_PAWNWEAKNESSES:0.4302567001372729
CE_PIECEACTIVITY:0.375651008175711
CE_KINGPAWNSHIELD:0.47230412804423294
CE_PIECECOORDINATION:0.44613457001924045
CE_MATERIAL:0.4969712654960594
CE_KINGSAFETY:0.5
C_PIECESQUARETABLES:0.5047929547074725
C_MOBILITY:0.46068446949139485
C_KINGSAFETY:0.4720005434502013
C_PAWNSTRUCTURE:0.4785266498247909
C_PIECECOORDINATION:0.4722416673612676
C_ROOKANDPAWNMOVEMENT:0.4722416673612676
C_CENTERCONTROL:0.4479033668148358
C_DEVELOPPIECES:0.5032788495645691
C_MATERIAL:0.48367200295994517
C_MOVECOUNT:0.4863671545730083
