ELO:896
CE_PASSEDPAWNS:0.5208340594649297
CE_PAWNWEAKNESSES:0.4823438822432219
CE_PIECEACTIVITY:0.47976646796927375
CE_KINGPAWNSHIELD:0.511461665699489
CE_PIECECOORDINATION:0.45977383358625423
CE_MATERIAL:0.5463066252897113
CE_KINGSAFETY:0.4977891687446932
C_PIECESQUARETABLES:0.5415707553932662
C_MOBILITY:0.4521499114343352
C_KINGSAFETY:0.486836445734193
C_PAWNSTRUCTURE:0.4987673927092725
C_PIECECOORDINATION:0.506604239190831
C_ROOKANDPAWNMOVEMENT:0.506604239190831
C_CENTERCONTROL:0.49738367417436585
C_DEVELOPPIECES:0.4868003916338923
C_MATERIAL:0.46619315491451213
C_MOVECOUNT:0.5
