ELO:988
CE_PASSEDPAWNS:0.5119757018366862
CE_PAWNWEAKNESSES:0.454412729656843
CE_PIECEACTIVITY:0.4930634057433579
CE_KINGPAWNSHIELD:0.5390547733372868
CE_PIECECOORDINATION:0.45142557686995416
CE_MATERIAL:0.49034621947332424
CE_KINGSAFETY:0.5113079120936009
C_PIECESQUARETABLES:0.5083165493326725
C_MOBILITY:0.567490641883169
C_KINGSAFETY:0.5085164083291241
C_PAWNSTRUCTURE:0.5353691775921112
C_PIECECOORDINATION:0.5351359803600527
C_ROOKANDPAWNMOVEMENT:0.5351359803600527
C_CENTERCONTROL:0.5030086097456531
C_DEVELOPPIECES:0.5190337837221422
C_MATERIAL:0.5194570595548694
