ELO:983
CE_PASSEDPAWNS:0.5041494671044586
CE_PAWNWEAKNESSES:0.5
CE_PIECEACTIVITY:0.5038364792262477
CE_KINGPAWNSHIELD:0.49738975268522284
CE_PIECECOORDINATION:0.5212575454773402
CE_MATERIAL:0.4921724239880278
CE_KINGSAFETY:0.5065548984508241
C_PIECESQUARETABLES:0.5
C_MOBILITY:0.5062552932402882
C_KINGSAFETY:0.5070873982993236
C_PAWNSTRUCTURE:0.5196707305378725
C_PIECECOORDINATION:0.504301089786548
C_ROOKANDPAWNMOVEMENT:0.504301089786548
C_CENTERCONTROL:0.506665296571439
C_DEVELOPPIECES:0.4838806313951013
C_MATERIAL:0.4932632510408549
C_MOVECOUNT:0.5
