ELO:1000
CE_PASSEDPAWNS:0.49761769794941413
CE_PAWNWEAKNESSES:0.46947837959696304
CE_PIECEACTIVITY:0.47240516297820734
CE_KINGPAWNSHIELD:0.5056799634486704
CE_PIECECOORDINATION:0.49643281960219593
CE_MATERIAL:0.4995407289083414
CE_KINGSAFETY:0.49629871757039035
C_PIECESQUARETABLES:0.4932188207900216
C_MOBILITY:0.4809197652678778
C_KINGSAFETY:0.4538902492255878
C_PAWNSTRUCTURE:0.49215625944114744
C_PIECECOORDINATION:0.47483415759283604
C_ROOKANDPAWNMOVEMENT:0.47483415759283604
C_CENTERCONTROL:0.5015736468419851
C_DEVELOPPIECES:0.5080698793886846
C_MATERIAL:0.5332847791332865
