ELO:855
CE_PASSEDPAWNS:0.4877245895183029
CE_PAWNWEAKNESSES:0.489498456444532
CE_PIECEACTIVITY:0.5361033906263085
CE_KINGPAWNSHIELD:0.4651224255653741
CE_PIECECOORDINATION:0.5403741916175326
CE_MATERIAL:0.44040713466248654
CE_KINGSAFETY:0.5042241052963883
C_PIECESQUARETABLES:0.4737161392883248
C_MOBILITY:0.4963073647598765
C_KINGSAFETY:0.4590164462121969
C_PAWNSTRUCTURE:0.5658785254876655
C_PIECECOORDINATION:0.49936298881727936
C_ROOKANDPAWNMOVEMENT:0.49936298881727936
C_CENTERCONTROL:0.5125307106170363
C_DEVELOPPIECES:0.525251110979713
C_MATERIAL:0.4829105877901191
C_MOVECOUNT:0.5455043235158231
