ELO:969
CE_PASSEDPAWNS:0.5060151660976853
CE_PAWNWEAKNESSES:0.4890141726314319
CE_PIECEACTIVITY:0.49239074138455796
CE_KINGPAWNSHIELD:0.496217576543874
CE_PIECECOORDINATION:0.5118524994730201
CE_MATERIAL:0.5174980591970063
CE_KINGSAFETY:0.5000916753720511
C_PIECESQUARETABLES:0.5099966967600268
C_MOBILITY:0.49318566087328297
C_KINGSAFETY:0.5090789843653436
C_PAWNSTRUCTURE:0.514258231355568
C_PIECECOORDINATION:0.5
C_ROOKANDPAWNMOVEMENT:0.5
C_CENTERCONTROL:0.5020548019064405
C_DEVELOPPIECES:0.49874897790305267
C_MATERIAL:0.49936522360255603
C_MOVECOUNT:0.48956962532500403
