ELO:966
CE_PASSEDPAWNS:0.4957960304759015
CE_PAWNWEAKNESSES:0.5098614816485854
CE_PIECEACTIVITY:0.49999247118596896
CE_KINGPAWNSHIELD:0.4764972485163524
CE_PIECECOORDINATION:0.5111036686370785
CE_MATERIAL:0.5209354052916438
CE_KINGSAFETY:0.5
C_PIECESQUARETABLES:0.5
C_MOBILITY:0.5012672738945042
C_KINGSAFETY:0.4762344473877797
C_PAWNSTRUCTURE:0.4689459559264822
C_PIECECOORDINATION:0.48303919438069126
C_ROOK:0.5418873167460089
CE_ROOK:0.5522692038478779
C_CENTERCONTROL:0.5004615007856439
C_DEVELOPPIECES:0.5038329928544867
C_MATERIAL:0.5259117974519621
C_MOVECOUNT:0.5243269316219629
C_PAWNMOVEMENT:0.4881798154950746
