ELO:980
CE_PASSEDPAWNS:0.5151151890399892
CE_PAWNWEAKNESSES:0.4770050724156417
CE_PIECEACTIVITY:0.4835433211127223
CE_KINGPAWNSHIELD:0.5245706120385838
CE_PIECECOORDINATION:0.4931367002916482
CE_MATERIAL:0.4925492140232756
CE_KINGSAFETY:0.5174450649681818
C_PIECESQUARETABLES:0.5190799164568799
C_MOBILITY:0.5551871555097675
C_KINGSAFETY:0.4785676801444534
C_PAWNSTRUCTURE:0.557648709540698
C_PIECECOORDINATION:0.5223282001457438
C_ROOKANDPAWNMOVEMENT:0.5223282001457438
C_CENTERCONTROL:0.4980818588596968
C_DEVELOPPIECES:0.5111446274684605
C_MATERIAL:0.5246780273595864
