ELO:899
CE_PASSEDPAWNS:0.502455143274652
CE_PAWNWEAKNESSES:0.5479655386403889
CE_PIECEACTIVITY:0.47321402492302017
CE_KINGPAWNSHIELD:0.497351413924269
CE_PIECECOORDINATION:0.4678358898080878
CE_MATERIAL:0.5678658074096695
CE_KINGSAFETY:0.5196821123562894
C_PIECESQUARETABLES:0.5327257380450752
C_MOBILITY:0.599089594772918
C_KINGSAFETY:0.4894556046256881
C_PAWNSTRUCTURE:0.4987916664926562
C_PIECECOORDINATION:0.5126232450461381
C_ROOKANDPAWNMOVEMENT:0.5126232450461381
C_CENTERCONTROL:0.5304672320513899
C_DEVELOPPIECES:0.48958353796897036
C_MATERIAL:0.46303865131611577
C_MOVECOUNT:0.5
