ELO:948
CE_PASSEDPAWNS:0.5366563428597854
CE_PAWNWEAKNESSES:0.5034406333193214
CE_PIECEACTIVITY:0.49035637688220574
CE_KINGPAWNSHIELD:0.49947241171523027
CE_PIECECOORDINATION:0.5216843968824798
CE_MATERIAL:0.5062772922173046
CE_KINGSAFETY:0.5372233574836351
C_PIECESQUARETABLES:0.5702071830020592
C_MOBILITY:0.5319969123815925
C_KINGSAFETY:0.46085343542995266
C_PAWNSTRUCTURE:0.5802401007653311
C_PIECECOORDINATION:0.5335042068310584
C_ROOKANDPAWNMOVEMENT:0.5335042068310584
C_CENTERCONTROL:0.46829621162719925
C_DEVELOPPIECES:0.5061090474547945
C_MATERIAL:0.5288691932848125
