ELO:923
CE_PASSEDPAWNS:0.6041419367519519
CE_PAWNWEAKNESSES:0.5115511199121822
CE_PIECEACTIVITY:0.49822901487547905
CE_KINGPAWNSHIELD:0.4655226560079157
CE_PIECECOORDINATION:0.554937251797741
CE_MATERIAL:0.5207639093798617
CE_KINGSAFETY:0.5405354421199573
C_PIECESQUARETABLES:0.49629985942367266
C_MOBILITY:0.5243485908367145
C_KINGSAFETY:0.4682865458363322
C_PAWNSTRUCTURE:0.6277925558906569
C_PIECECOORDINATION:0.5164057301111097
C_ROOKANDPAWNMOVEMENT:0.5164057301111097
C_CENTERCONTROL:0.465944848092348
C_DEVELOPPIECES:0.5003261093800977
C_MATERIAL:0.5519027481093399
