ELO:767
CE_PASSEDPAWNS:0.46052291978521503
CE_PAWNWEAKNESSES:0.4771827597852223
CE_PIECEACTIVITY:0.5132597550170641
CE_KINGPAWNSHIELD:0.48590346879866997
CE_PIECECOORDINATION:0.5797189653154907
CE_MATERIAL:0.4654961438065833
CE_KINGSAFETY:0.5174891781564263
C_PIECESQUARETABLES:0.4993947453875754
C_MOBILITY:0.5048186252802437
C_KINGSAFETY:0.54519640828401
C_PAWNSTRUCTURE:0.4496000040962147
C_PIECECOORDINATION:0.5998807418357794
C_ROOKANDPAWNMOVEMENT:0.5998807418357794
C_CENTERCONTROL:0.5258129798272316
C_DEVELOPPIECES:0.5627778580760708
C_MATERIAL:0.47911884771101193
C_MOVECOUNT:0.475563100156052
