ELO:1005
CE_PASSEDPAWNS:0.5
CE_PAWNWEAKNESSES:0.512211579667035
CE_PIECEACTIVITY:0.4997308048653125
CE_KINGPAWNSHIELD:0.5255353447416328
CE_PIECECOORDINATION:0.5012723039435474
CE_MATERIAL:0.5015343043533854
CE_KINGSAFETY:0.5
C_PIECESQUARETABLES:0.49751038204309583
C_MOBILITY:0.5042615137898224
C_KINGSAFETY:0.5037618510300387
C_PAWNSTRUCTURE:0.5211401123962863
C_PIECECOORDINATION:0.5106906108550268
C_ROOKANDPAWNMOVEMENT:0.5106906108550268
C_CENTERCONTROL:0.49793863501752467
C_DEVELOPPIECES:0.5018411985643059
C_MATERIAL:0.5
C_MOVECOUNT:0.48705357222468376
