ELO:827
CE_PASSEDPAWNS:0.5366310060560809
CE_PAWNWEAKNESSES:0.4826393009782256
CE_PIECEACTIVITY:0.45977166015917076
CE_KINGPAWNSHIELD:0.46402647319517487
CE_PIECECOORDINATION:0.48808983411489215
CE_MATERIAL:0.4298360541914816
CE_KINGSAFETY:0.4858789984674719
C_PIECESQUARETABLES:0.5047998193315608
C_MOBILITY:0.5429948938480269
C_KINGSAFETY:0.4715318782892981
C_PAWNSTRUCTURE:0.478685823566379
C_PIECECOORDINATION:0.6675370491987014
C_ROOKANDPAWNMOVEMENT:0.6675370491987014
C_CENTERCONTROL:0.5157410195604922
C_DEVELOPPIECES:0.5347588750485052
C_MATERIAL:0.5374600921976064
