ELO:962
CE_PASSEDPAWNS:0.5100982097710616
CE_PAWNWEAKNESSES:0.5847803518347515
CE_PIECEACTIVITY:0.42795353385783524
CE_KINGPAWNSHIELD:0.4789818034206568
CE_PIECECOORDINATION:0.5301861676106945
CE_MATERIAL:0.5646348793924829
CE_KINGSAFETY:0.5
C_PIECESQUARETABLES:0.5
C_MOBILITY:0.6076327737009805
C_KINGSAFETY:0.4127781793206238
C_PAWNSTRUCTURE:0.4919821571418584
C_PIECECOORDINATION:0.5556856238484833
C_ROOKANDPAWNMOVEMENT:0.5556856238484833
C_CENTERCONTROL:0.5379770539866923
C_DEVELOPPIECES:0.4678115621077499
C_MATERIAL:0.6208478746626689
