ELO:1000
CE_PASSEDPAWNS:0.49237641594485226
CE_PAWNWEAKNESSES:0.498513880535376
CE_PIECEACTIVITY:0.4757690040457911
CE_KINGPAWNSHIELD:0.4922908464391351
CE_PIECECOORDINATION:0.49710281607852763
CE_MATERIAL:0.5006828368089786
CE_KINGSAFETY:0.48925088981504467
C_PIECESQUARETABLES:0.5
C_MOBILITY:0.4960797209859284
C_KINGSAFETY:0.504953366329341
C_PAWNSTRUCTURE:0.5088167543648205
C_PIECECOORDINATION:0.5
C_ROOKANDPAWNMOVEMENT:0.5
C_CENTERCONTROL:0.4975683500760511
C_DEVELOPPIECES:0.5125807089234952
C_MATERIAL:0.49065856165429245
