ELO:1002
CE_PASSEDPAWNS:0.502499889822809
CE_PAWNWEAKNESSES:0.5110238768890837
CE_PIECEACTIVITY:0.5009191335917517
CE_KINGPAWNSHIELD:0.47553927789317674
CE_PIECECOORDINATION:0.5318352147662153
CE_MATERIAL:0.4887157009083188
CE_KINGSAFETY:0.49037042797249353
C_PIECESQUARETABLES:0.5252117279242912
C_MOBILITY:0.5171961861105956
C_KINGSAFETY:0.48364546394874014
C_PAWNSTRUCTURE:0.493800168567377
C_PIECECOORDINATION:0.5286364888660213
C_ROOK:0.4888632972223888
CE_ROOK:0.4788438337428083
C_CENTERCONTROL:0.4927435454870311
C_DEVELOPPIECES:0.47104448440850943
C_MATERIAL:0.5244111220125648
C_MOVECOUNT:0.5011757850194616
C_PAWNMOVEMENT:0.48166362070105234
