ELO:1000
CE_PASSEDPAWNS:0.5014272679370653
CE_PAWNWEAKNESSES:0.5121878847644467
CE_PIECEACTIVITY:0.45785791370826096
CE_KINGPAWNSHIELD:0.5187582333683691
CE_PIECECOORDINATION:0.4995090728537656
CE_MATERIAL:0.4932923916545148
CE_KINGSAFETY:0.4930501286080675
C_PIECESQUARETABLES:0.5
C_MOBILITY:0.5379881063941802
C_KINGSAFETY:0.4947860194417085
C_PAWNSTRUCTURE:0.5477461926920727
C_PIECECOORDINATION:0.525478084445416
C_ROOKANDPAWNMOVEMENT:0.525478084445416
C_CENTERCONTROL:0.47457792411184596
C_DEVELOPPIECES:0.4484969445107261
C_MATERIAL:0.5412304995071392
