ELO:641
CE_PASSEDPAWNS:0.544078061437747
CE_PAWNWEAKNESSES:0.47109838334481124
CE_PIECEACTIVITY:0.42314046660718907
CE_KINGPAWNSHIELD:0.489537038744891
CE_PIECECOORDINATION:0.4601117818296979
CE_MATERIAL:0.45655432497510934
CE_KINGSAFETY:0.5087729485537436
C_PIECESQUARETABLES:0.469016031744635
C_MOBILITY:0.4455051945358126
C_KINGSAFETY:0.515362786417875
C_PAWNSTRUCTURE:0.5596028267598534
C_PIECECOORDINATION:0.4741599984734277
C_ROOKANDPAWNMOVEMENT:0.4741599984734277
C_CENTERCONTROL:0.48757431127845635
C_DEVELOPPIECES:0.49453079042970893
C_MATERIAL:0.5254950420145239
C_MOVECOUNT:0.5
