ELO:643
CE_PASSEDPAWNS:0.5719969472389169
CE_PAWNWEAKNESSES:0.531515971010591
CE_PIECEACTIVITY:0.45405194237935903
CE_KINGPAWNSHIELD:0.49070864189990737
CE_PIECECOORDINATION:0.49871871539548995
CE_MATERIAL:0.5013082529545845
CE_KINGSAFETY:0.5107520682360339
C_PIECESQUARETABLES:0.5035308739338806
C_MOBILITY:0.4190967265770048
C_KINGSAFETY:0.498720073194783
C_PAWNSTRUCTURE:0.5567572140398411
C_PIECECOORDINATION:0.45894340103715897
C_ROOKANDPAWNMOVEMENT:0.45894340103715897
C_CENTERCONTROL:0.4376682669814318
C_DEVELOPPIECES:0.5006392100529982
C_MATERIAL:0.5429290994000799
C_MOVECOUNT:0.5015060577793172
