ELO:950
CE_PASSEDPAWNS:0.4990863164405303
CE_PAWNWEAKNESSES:0.4727394544498767
CE_PIECEACTIVITY:0.5172455887890887
CE_KINGPAWNSHIELD:0.46809980843035165
CE_PIECECOORDINATION:0.4479233208172908
CE_MATERIAL:0.5231720757931825
CE_KINGSAFETY:0.490890356389158
C_PIECESQUARETABLES:0.5106964350051395
C_MOBILITY:0.48140907852975745
C_KINGSAFETY:0.48653339203001106
C_PAWNSTRUCTURE:0.48173548549816503
C_PIECECOORDINATION:0.5102750676433714
C_ROOKANDPAWNMOVEMENT:0.5102750676433714
C_CENTERCONTROL:0.48221146347997557
C_DEVELOPPIECES:0.4657070948473654
C_MATERIAL:0.5091041675349349
C_MOVECOUNT:0.5
