ELO:976
CE_PASSEDPAWNS:0.49842408809491606
CE_PAWNWEAKNESSES:0.48597479904390883
CE_PIECEACTIVITY:0.5357574724141031
CE_KINGPAWNSHIELD:0.5295225138196212
CE_PIECECOORDINATION:0.4963670077354095
CE_MATERIAL:0.5008988355843641
CE_KINGSAFETY:0.5079725663912141
C_PIECESQUARETABLES:0.5095091461103984
C_MOBILITY:0.49795459365231626
C_KINGSAFETY:0.4929349403749764
C_PAWNSTRUCTURE:0.498017652435222
C_PIECECOORDINATION:0.5097645142285236
C_ROOKANDPAWNMOVEMENT:0.5097645142285236
C_CENTERCONTROL:0.4846935897866945
C_DEVELOPPIECES:0.5406092853376799
C_MATERIAL:0.515883108797714
C_MOVECOUNT:0.5129243653856305
