ELO:1000
CE_PASSEDPAWNS:0.4607941336258748
CE_PAWNWEAKNESSES:0.4717848465403515
CE_PIECEACTIVITY:0.4526504088713159
CE_KINGPAWNSHIELD:0.5232318623808044
CE_PIECECOORDINATION:0.5476101453464642
CE_MATERIAL:0.5238061555722144
CE_KINGSAFETY:0.5772216583107587
C_PIECESQUARETABLES:0.4996217893545651
C_MOBILITY:0.47934730962282135
C_KINGSAFETY:0.42747798301155787
C_PAWNSTRUCTURE:0.5717103387283177
C_PIECECOORDINATION:0.4755371901904673
C_ROOKANDPAWNMOVEMENT:0.4755371901904673
C_CENTERCONTROL:0.45363804965423915
C_DEVELOPPIECES:0.5374746203604089
C_MATERIAL:0.47496315424571683
