ELO:889
CE_PASSEDPAWNS:0.5030097950819391
CE_PAWNWEAKNESSES:0.4975223358919643
CE_PIECEACTIVITY:0.48481941355356417
CE_KINGPAWNSHIELD:0.4747555287232624
CE_PIECECOORDINATION:0.4578675342835378
CE_MATERIAL:0.49299249720749944
CE_KINGSAFETY:0.4987420284041762
C_PIECESQUARETABLES:0.500706402380197
C_MOBILITY:0.5068065919117439
C_KINGSAFETY:0.4939587686462496
C_PAWNSTRUCTURE:0.4983645536593478
C_PIECECOORDINATION:0.46923216396899137
C_ROOKANDPAWNMOVEMENT:0.46923216396899137
C_CENTERCONTROL:0.4395137691267157
C_DEVELOPPIECES:0.5096159367729755
C_MATERIAL:0.5018348349368856
C_MOVECOUNT:0.5
