ELO:991
CE_PASSEDPAWNS:0.4893625628909846
CE_PAWNWEAKNESSES:0.4596813068295733
CE_PIECEACTIVITY:0.5
CE_KINGPAWNSHIELD:0.5
CE_PIECECOORDINATION:0.5075210101460471
CE_MATERIAL:0.48334981731956256
CE_KINGSAFETY:0.5
C_PIECESQUARETABLES:0.5187023218921076
C_MOBILITY:0.4816150952492944
C_KINGSAFETY:0.4824995548472886
C_PAWNSTRUCTURE:0.5
C_PIECECOORDINATION:0.48313349427667235
C_ROOKANDPAWNMOVEMENT:0.48313349427667235
C_CENTERCONTROL:0.46485940185392616
C_DEVELOPPIECES:0.5221733252402069
C_MATERIAL:0.4887024044767712
C_MOVECOUNT:0.5
