ELO:1009
CE_PASSEDPAWNS:0.49287951532188656
CE_PAWNWEAKNESSES:0.5024684218683422
CE_PIECEACTIVITY:0.50709152057394
CE_KINGPAWNSHIELD:0.5050914370919352
CE_PIECECOORDINATION:0.49556511454275265
CE_MATERIAL:0.5028443239665714
CE_KINGSAFETY:0.5
C_PIECESQUARETABLES:0.5
C_MOBILITY:0.4933320160321936
C_KINGSAFETY:0.4954625497641407
C_PAWNSTRUCTURE:0.4886953176764991
C_PIECECOORDINATION:0.5116622621777641
C_ROOK:0.5020343500247283
CE_ROOK:0.4929858600598511
C_CENTERCONTROL:0.48483617519675914
C_DEVELOPPIECES:0.5
C_MATERIAL:0.5044921782071224
C_MOVECOUNT:0.5
C_PAWNMOVEMENT:0.5169761618927339
