ELO:1000
CE_PASSEDPAWNS:0.45605954514405234
CE_PAWNWEAKNESSES:0.467124524383593
CE_PIECEACTIVITY:0.45208267182007406
CE_KINGPAWNSHIELD:0.5109748591718106
CE_PIECECOORDINATION:0.5505040702338737
CE_MATERIAL:0.518543569039865
CE_KINGSAFETY:0.5635946082157046
C_PIECESQUARETABLES:0.49606344635292393
C_MOBILITY:0.47432790462611246
C_KINGSAFETY:0.4179751449906886
C_PAWNSTRUCTURE:0.5604737229961468
C_PIECECOORDINATION:0.4755371901904673
C_ROOKANDPAWNMOVEMENT:0.4755371901904673
C_CENTERCONTROL:0.4402504795666725
C_DEVELOPPIECES:0.5374746203604089
C_MATERIAL:0.4741989977612939
