ELO:993
CE_PASSEDPAWNS:0.48936087955615765
CE_PAWNWEAKNESSES:0.5830400009060653
CE_PIECEACTIVITY:0.5281434081966566
CE_KINGPAWNSHIELD:0.37184093292361364
CE_PIECECOORDINATION:0.5134303947909039
CE_MATERIAL:0.44459720447907625
CE_KINGSAFETY:0.5
C_PIECESQUARETABLES:0.4973834415932001
C_MOBILITY:0.5855369917671921
C_KINGSAFETY:0.3612025180063923
C_PAWNSTRUCTURE:0.3519788038958173
C_PIECECOORDINATION:0.5280342735497159
C_ROOKANDPAWNMOVEMENT:0.5280342735497159
C_CENTERCONTROL:0.42114295796177303
C_DEVELOPPIECES:0.49271680245207605
C_MATERIAL:0.6161131086160526
