ELO:1000
CE_PASSEDPAWNS:0.5114570129673824
CE_PAWNWEAKNESSES:0.5104773551453847
CE_PIECEACTIVITY:0.48581758327840807
CE_KINGPAWNSHIELD:0.505190090899724
CE_PIECECOORDINATION:0.48782802178554346
CE_MATERIAL:0.4905112861099455
CE_KINGSAFETY:0.49773322445671647
C_PIECESQUARETABLES:0.49674902680239896
C_MOBILITY:0.5255162640542563
C_KINGSAFETY:0.49755638862774987
C_PAWNSTRUCTURE:0.5054705982247143
C_PIECECOORDINATION:0.5016348229650732
C_ROOKANDPAWNMOVEMENT:0.5016348229650732
C_CENTERCONTROL:0.4940861807468006
C_DEVELOPPIECES:0.5136069426859284
C_MATERIAL:0.497019896766753
