ELO:956
CE_PASSEDPAWNS:0.389586071869427
CE_PAWNWEAKNESSES:0.43265143165226155
CE_PIECEACTIVITY:0.46574856490782013
CE_KINGPAWNSHIELD:0.5276155661778982
CE_PIECECOORDINATION:0.5601663903117865
CE_MATERIAL:0.5027691459456122
CE_KINGSAFETY:0.5085650941281218
C_PIECESQUARETABLES:0.5013496540299773
C_MOBILITY:0.4397672847548006
C_KINGSAFETY:0.39963117774878165
C_PAWNSTRUCTURE:0.5600744344305262
C_PIECECOORDINATION:0.4964736492188553
C_ROOKANDPAWNMOVEMENT:0.4964736492188553
C_CENTERCONTROL:0.504788018285997
C_DEVELOPPIECES:0.5479210709405998
C_MATERIAL:0.5106443916260497
