ELO:926
CE_PASSEDPAWNS:0.4028198534490191
CE_PAWNWEAKNESSES:0.4278799994904396
CE_PIECEACTIVITY:0.4828379641395886
CE_KINGPAWNSHIELD:0.5480937488473484
CE_PIECECOORDINATION:0.5693108666810821
CE_MATERIAL:0.5379932738566809
CE_KINGSAFETY:0.4887864114621222
C_PIECESQUARETABLES:0.4823511105662488
C_MOBILITY:0.5019990465063161
C_KINGSAFETY:0.4271379946234198
C_PAWNSTRUCTURE:0.5463512517992459
C_PIECECOORDINATION:0.46012393163901405
C_ROOKANDPAWNMOVEMENT:0.46012393163901405
C_CENTERCONTROL:0.5346730253106415
C_DEVELOPPIECES:0.49961508246945235
C_MATERIAL:0.5177082538174196
