ELO:934
CE_PASSEDPAWNS:0.40916123728699894
CE_PAWNWEAKNESSES:0.43750967061157536
CE_PIECEACTIVITY:0.4777659534531477
CE_KINGPAWNSHIELD:0.5586487972573458
CE_PIECECOORDINATION:0.5611820979066027
CE_MATERIAL:0.507236566550881
CE_KINGSAFETY:0.5
C_PIECESQUARETABLES:0.49297161320181127
C_MOBILITY:0.485957857934707
C_KINGSAFETY:0.4084370822510082
C_PAWNSTRUCTURE:0.5457012628580882
C_PIECECOORDINATION:0.4745115237228779
C_ROOKANDPAWNMOVEMENT:0.4745115237228779
C_CENTERCONTROL:0.557701438706156
C_DEVELOPPIECES:0.48304834300759597
C_MATERIAL:0.5051263937460192
