ELO:970
CE_PASSEDPAWNS:0.5009112913620354
CE_PAWNWEAKNESSES:0.5050661449031624
CE_PIECEACTIVITY:0.51025353441635
CE_KINGPAWNSHIELD:0.5145705095394115
CE_PIECECOORDINATION:0.4944056868717523
CE_MATERIAL:0.5145909345828199
CE_KINGSAFETY:0.49440441710581695
C_PIECESQUARETABLES:0.5040343308917292
C_MOBILITY:0.5
C_KINGSAFETY:0.5
C_PAWNSTRUCTURE:0.4962195193337762
C_PIECECOORDINATION:0.5049110607414601
C_ROOKANDPAWNMOVEMENT:0.5049110607414601
C_CENTERCONTROL:0.495801849534136
C_DEVELOPPIECES:0.5249611777268025
C_MATERIAL:0.501914866693996
C_MOVECOUNT:0.5066370041804382
