ELO:1021
CE_PASSEDPAWNS:0.6214635500337654
CE_PAWNWEAKNESSES:0.49650434184655884
CE_PIECEACTIVITY:0.4653760613912562
CE_KINGPAWNSHIELD:0.49801484467493673
CE_PIECECOORDINATION:0.49749955494564024
CE_MATERIAL:0.45347235909204986
CE_KINGSAFETY:0.4786668772933009
C_PIECESQUARETABLES:0.5056222501629721
C_MOBILITY:0.458173443238481
C_KINGSAFETY:0.515283920224774
C_PAWNSTRUCTURE:0.42613289870513066
C_PIECECOORDINATION:0.4642148930193915
C_ROOKANDPAWNMOVEMENT:0.4642148930193915
C_CENTERCONTROL:0.4980975224780322
C_DEVELOPPIECES:0.6147216339803119
C_MATERIAL:0.45694232394174883
