ELO:1018
CE_PASSEDPAWNS:0.5099475568232564
CE_PAWNWEAKNESSES:0.5151759641575235
CE_PIECEACTIVITY:0.5017214434079537
CE_KINGPAWNSHIELD:0.48494180170640855
CE_PIECECOORDINATION:0.49556511454275265
CE_MATERIAL:0.4775750740388604
CE_KINGSAFETY:0.5
C_PIECESQUARETABLES:0.5
C_MOBILITY:0.4827234044324066
C_KINGSAFETY:0.48933139120265184
C_PAWNSTRUCTURE:0.5061358828922746
C_PIECECOORDINATION:0.5069238934225515
C_ROOK:0.4824846614181877
CE_ROOK:0.4957669600006969
C_CENTERCONTROL:0.4793060624995957
C_DEVELOPPIECES:0.5011399628889531
C_MATERIAL:0.5014318985786516
C_MOVECOUNT:0.5
C_PAWNMOVEMENT:0.5352994265651394
