ELO:990
CE_PASSEDPAWNS:0.4984143832757354
CE_PAWNWEAKNESSES:0.4838429480007987
CE_PIECEACTIVITY:0.4852046985727929
CE_KINGPAWNSHIELD:0.575067289874657
CE_PIECECOORDINATION:0.45319400227000456
CE_MATERIAL:0.4874423497874799
CE_KINGSAFETY:0.4822838802798756
C_PIECESQUARETABLES:0.5106004704012832
C_MOBILITY:0.49311585128107077
C_KINGSAFETY:0.5121417240148028
C_PAWNSTRUCTURE:0.5731309888259359
C_PIECECOORDINATION:0.5255026956688781
C_ROOKANDPAWNMOVEMENT:0.5255026956688781
C_CENTERCONTROL:0.46744410529480745
C_DEVELOPPIECES:0.43585083317298234
C_MATERIAL:0.5682904216647996
