ELO:935
CE_PASSEDPAWNS:0.40839622898868094
CE_PAWNWEAKNESSES:0.43750967061157536
CE_PIECEACTIVITY:0.48414820168139794
CE_KINGPAWNSHIELD:0.5435594187923336
CE_PIECECOORDINATION:0.5642087244541567
CE_MATERIAL:0.5036779801717916
CE_KINGSAFETY:0.5116948523878113
C_PIECESQUARETABLES:0.47334162485424064
C_MOBILITY:0.5013472526416894
C_KINGSAFETY:0.4033933035918385
C_PAWNSTRUCTURE:0.5457012628580882
C_PIECECOORDINATION:0.47312758403441413
C_ROOKANDPAWNMOVEMENT:0.47312758403441413
C_CENTERCONTROL:0.5478950122806237
C_DEVELOPPIECES:0.48639775645088223
C_MATERIAL:0.5169557056894747
