ELO:967
CE_PASSEDPAWNS:0.536275909312842
CE_PAWNWEAKNESSES:0.449169349433922
CE_PIECEACTIVITY:0.48727310060376533
CE_KINGPAWNSHIELD:0.6411857257038351
CE_PIECECOORDINATION:0.43519325631372724
CE_MATERIAL:0.4740420118142704
CE_KINGSAFETY:0.47460525616404575
C_PIECESQUARETABLES:0.48745254881349653
C_MOBILITY:0.505361721407947
C_KINGSAFETY:0.4897880055618209
C_PAWNSTRUCTURE:0.5318083438908334
C_PIECECOORDINATION:0.5680163267023531
C_ROOKANDPAWNMOVEMENT:0.5680163267023531
C_CENTERCONTROL:0.5284968446153179
C_DEVELOPPIECES:0.43938907371813407
C_MATERIAL:0.654294431297079
