ELO:946
CE_PASSEDPAWNS:0.5007617761651063
CE_PAWNWEAKNESSES:0.49009512614628303
CE_PIECEACTIVITY:0.5081766361447045
CE_KINGPAWNSHIELD:0.47075436830022716
CE_PIECECOORDINATION:0.4693535184424414
CE_MATERIAL:0.5076227440738907
CE_KINGSAFETY:0.486855175776278
C_PIECESQUARETABLES:0.5
C_MOBILITY:0.4807160012554231
C_KINGSAFETY:0.48769452929172946
C_PAWNSTRUCTURE:0.47301589577482916
C_PIECECOORDINATION:0.4993670083849094
C_ROOKANDPAWNMOVEMENT:0.4993670083849094
C_CENTERCONTROL:0.4886758682718076
C_DEVELOPPIECES:0.48437196819697664
C_MATERIAL:0.5042767529464803
C_MOVECOUNT:0.5
