ELO:948
CE_PASSEDPAWNS:0.4271339491974158
CE_PAWNWEAKNESSES:0.5862320488089731
CE_PIECEACTIVITY:0.43269501473301736
CE_KINGPAWNSHIELD:0.5100996726142139
CE_PIECECOORDINATION:0.509565917356441
CE_MATERIAL:0.5182844056021899
CE_KINGSAFETY:0.5
C_PIECESQUARETABLES:0.5
C_MOBILITY:0.5318425363661216
C_KINGSAFETY:0.43975215105188076
C_PAWNSTRUCTURE:0.47970952507852116
C_PIECECOORDINATION:0.5940449574630327
C_ROOKANDPAWNMOVEMENT:0.5940449574630327
C_CENTERCONTROL:0.5654943626933141
C_DEVELOPPIECES:0.3806451752331747
C_MATERIAL:0.5992517095791154
