ELO:948
CE_PASSEDPAWNS:0.3861404925663641
CE_PAWNWEAKNESSES:0.45231066978448325
CE_PIECEACTIVITY:0.4705919719322929
CE_KINGPAWNSHIELD:0.5384187605436723
CE_PIECECOORDINATION:0.5324101848000948
CE_MATERIAL:0.5091361106610937
CE_KINGSAFETY:0.5012759883817
C_PIECESQUARETABLES:0.521987170276757
C_MOBILITY:0.465156850565627
C_KINGSAFETY:0.43529414385001824
C_PAWNSTRUCTURE:0.5443227716412087
C_PIECECOORDINATION:0.4471906143497756
C_ROOKANDPAWNMOVEMENT:0.4471906143497756
C_CENTERCONTROL:0.525857016457155
C_DEVELOPPIECES:0.48666082562015034
C_MATERIAL:0.49790352237071084
