ELO:985
CE_PASSEDPAWNS:0.46385174179082916
CE_PAWNWEAKNESSES:0.5527347948692238
CE_PIECEACTIVITY:0.5580846597125007
CE_KINGPAWNSHIELD:0.46867865011332427
CE_PIECECOORDINATION:0.42015052510937145
CE_MATERIAL:0.4023148031977088
CE_KINGSAFETY:0.5138995116065025
C_PIECESQUARETABLES:0.4757530832346535
C_MOBILITY:0.5914577007250165
C_KINGSAFETY:0.6040409684058549
C_PAWNSTRUCTURE:0.5130662081588679
C_PIECECOORDINATION:0.5029005162526695
C_ROOKANDPAWNMOVEMENT:0.5029005162526695
C_CENTERCONTROL:0.5200534090186267
C_DEVELOPPIECES:0.38486751856559076
C_MATERIAL:0.6251970777337466
