ELO:513
CE_PASSEDPAWNS:0.6021950086393759
CE_PAWNWEAKNESSES:0.5310563014521765
CE_PIECEACTIVITY:0.4349166007009147
CE_KINGPAWNSHIELD:0.5001991057172246
CE_PIECECOORDINATION:0.47934421070863825
CE_MATERIAL:0.5533510796891613
CE_KINGSAFETY:0.5383295942227657
C_PIECESQUARETABLES:0.4797614616865512
C_MOBILITY:0.4797199874450375
C_KINGSAFETY:0.5380696850683233
C_PAWNSTRUCTURE:0.5378714714406604
C_PIECECOORDINATION:0.4540831437432531
C_ROOKANDPAWNMOVEMENT:0.4540831437432531
C_CENTERCONTROL:0.4439534376332311
C_DEVELOPPIECES:0.4579872728448769
C_MATERIAL:0.533415423829227
C_MOVECOUNT:0.528647853176957
