ELO:990
CE_PASSEDPAWNS:0.44749870354253773
CE_PAWNWEAKNESSES:0.5382870253142329
CE_PIECEACTIVITY:0.4654847215975276
CE_KINGPAWNSHIELD:0.3813208074745807
CE_PIECECOORDINATION:0.46419580099866437
CE_MATERIAL:0.5553341547308711
CE_KINGSAFETY:0.5
C_PIECESQUARETABLES:0.5
C_MOBILITY:0.5421914025000707
C_KINGSAFETY:0.4258746242255982
C_PAWNSTRUCTURE:0.45231842453783
C_PIECECOORDINATION:0.5562674503149065
C_ROOKANDPAWNMOVEMENT:0.5562674503149065
C_CENTERCONTROL:0.3867788289847833
C_DEVELOPPIECES:0.4528871175720382
C_MATERIAL:0.6466627684671102
