ELO:1024
CE_PASSEDPAWNS:0.5172142507225177
CE_PAWNWEAKNESSES:0.5178407664392699
CE_PIECEACTIVITY:0.5054269034939335
CE_KINGPAWNSHIELD:0.5220819546302787
CE_PIECECOORDINATION:0.5003591470819672
CE_MATERIAL:0.4947834588701829
CE_KINGSAFETY:0.5
C_PIECESQUARETABLES:0.5
C_MOBILITY:0.4674381605665924
C_KINGSAFETY:0.4866629361882198
C_PAWNSTRUCTURE:0.49700647051795827
C_PIECECOORDINATION:0.5245577126553166
C_ROOK:0.4823274963624567
CE_ROOK:0.49793802045010266
C_CENTERCONTROL:0.4914732669025888
C_DEVELOPPIECES:0.5
C_MATERIAL:0.5244111220125648
C_MOVECOUNT:0.49683841815212487
C_PAWNMOVEMENT:0.5080830858080705
