ELO:1051
CE_PASSEDPAWNS:0.48928014119418894
CE_PAWNWEAKNESSES:0.4871207369913077
CE_PIECEACTIVITY:0.5093833470198572
CE_KINGPAWNSHIELD:0.5
CE_PIECECOORDINATION:0.49681725462868376
CE_MATERIAL:0.4809255569441087
CE_KINGSAFETY:0.46535617270053686
C_PIECESQUARETABLES:0.5
C_MOBILITY:0.5
C_KINGSAFETY:0.5
C_PAWNSTRUCTURE:0.5
C_PIECECOORDINATION:0.5023181869044465
C_ROOKANDPAWNMOVEMENT:0.5023181869044465
C_CENTERCONTROL:0.48822102147458
C_DEVELOPPIECES:0.5
C_MATERIAL:0.5
C_MOVECOUNT:0.5
