ELO:980
CE_PASSEDPAWNS:0.5457345729423272
CE_PAWNWEAKNESSES:0.45193649360951393
CE_PIECEACTIVITY:0.4908778613804224
CE_KINGPAWNSHIELD:0.6276868047360715
CE_PIECECOORDINATION:0.41879337890204765
CE_MATERIAL:0.46557349797687525
CE_KINGSAFETY:0.514205353741269
C_PIECESQUARETABLES:0.5
C_MOBILITY:0.5120455685004389
C_KINGSAFETY:0.5001046240044642
C_PAWNSTRUCTURE:0.5493926639334709
C_PIECECOORDINATION:0.5667419552835132
C_ROOKANDPAWNMOVEMENT:0.5667419552835132
C_CENTERCONTROL:0.5358444197719792
C_DEVELOPPIECES:0.4316410045001881
C_MATERIAL:0.6593832216741972
