ELO:944
CE_PASSEDPAWNS:0.549702468167258
CE_PAWNWEAKNESSES:0.4523290553234423
CE_PIECEACTIVITY:0.49729506518869065
CE_KINGPAWNSHIELD:0.621512357110463
CE_PIECECOORDINATION:0.45774342123684214
CE_MATERIAL:0.4603602152623441
CE_KINGSAFETY:0.4797974538023613
C_PIECESQUARETABLES:0.4906761616804232
C_MOBILITY:0.4933859045748503
C_KINGSAFETY:0.46850690403906137
C_PAWNSTRUCTURE:0.5354894648726097
C_PIECECOORDINATION:0.5593060416705502
C_ROOKANDPAWNMOVEMENT:0.5593060416705502
C_CENTERCONTROL:0.5171562602227191
C_DEVELOPPIECES:0.43421731103069333
C_MATERIAL:0.6281856331271509
