ELO:929
CE_PASSEDPAWNS:0.5570183731080347
CE_PAWNWEAKNESSES:0.40074414379379897
CE_PIECEACTIVITY:0.5393502910993561
CE_KINGPAWNSHIELD:0.48748713488164774
CE_PIECECOORDINATION:0.5027841994303496
CE_MATERIAL:0.5233726682997726
CE_KINGSAFETY:0.5
C_PIECESQUARETABLES:0.5
C_MOBILITY:0.4186977652796325
C_KINGSAFETY:0.3322834262776044
C_PAWNSTRUCTURE:0.5091255696156703
C_PIECECOORDINATION:0.6651803449750925
C_ROOKANDPAWNMOVEMENT:0.6651803449750925
C_CENTERCONTROL:0.5101201672153985
C_DEVELOPPIECES:0.43315964958583353
C_MATERIAL:0.6483276723767488
