ELO:1003
CE_PASSEDPAWNS:0.49867527545966017
CE_PAWNWEAKNESSES:0.5110238768890837
CE_PIECEACTIVITY:0.5009191335917517
CE_KINGPAWNSHIELD:0.48020142741329813
CE_PIECECOORDINATION:0.5318352147662153
CE_MATERIAL:0.4857179863277638
CE_KINGSAFETY:0.49037042797249353
C_PIECESQUARETABLES:0.5252117279242912
C_MOBILITY:0.4941175199615238
C_KINGSAFETY:0.48364546394874014
C_PAWNSTRUCTURE:0.5008865193623283
C_PIECECOORDINATION:0.5286364888660213
C_ROOK:0.4888632972223888
CE_ROOK:0.4891568952312105
C_CENTERCONTROL:0.4666380946708698
C_DEVELOPPIECES:0.5044471711289261
C_MATERIAL:0.4623483898530284
C_MOVECOUNT:0.5011757850194616
C_PAWNMOVEMENT:0.48166362070105234
