ELO:1000
CE_PASSEDPAWNS:0.49369822596077156
CE_PAWNWEAKNESSES:0.5071865829210563
CE_PIECEACTIVITY:0.47609680441251806
CE_KINGPAWNSHIELD:0.5302812267129458
CE_PIECECOORDINATION:0.5074345387916399
CE_MATERIAL:0.4805460961494575
CE_KINGSAFETY:0.48585004696479406
C_PIECESQUARETABLES:0.4985181904144146
C_MOBILITY:0.5292329097631102
C_KINGSAFETY:0.48477218617887274
C_PAWNSTRUCTURE:0.5416893649728782
C_PIECECOORDINATION:0.5162456373968917
C_ROOKANDPAWNMOVEMENT:0.5162456373968917
C_CENTERCONTROL:0.47460380935631696
C_DEVELOPPIECES:0.4270127354739968
C_MATERIAL:0.5522150027771978
