ELO:1003
CE_PASSEDPAWNS:0.5089268127553802
CE_PAWNWEAKNESSES:0.5075219293571074
CE_PIECEACTIVITY:0.49533680239102373
CE_KINGPAWNSHIELD:0.5330397863848632
CE_PIECECOORDINATION:0.4909957492834017
CE_MATERIAL:0.4612100503322199
CE_KINGSAFETY:0.5045385736311946
C_PIECESQUARETABLES:0.47823951883304694
C_MOBILITY:0.5527642773997253
C_KINGSAFETY:0.49385283700676835
C_PAWNSTRUCTURE:0.5301083308159377
C_PIECECOORDINATION:0.5046829168043965
C_ROOKANDPAWNMOVEMENT:0.5046829168043965
C_CENTERCONTROL:0.49287944321013116
C_DEVELOPPIECES:0.44029635169068426
C_MATERIAL:0.541794785587955
