ELO:1002
CE_PASSEDPAWNS:0.5027230560981786
CE_PAWNWEAKNESSES:0.4872052166016934
CE_PIECEACTIVITY:0.49733231679523277
CE_KINGPAWNSHIELD:0.48345804756710326
CE_PIECECOORDINATION:0.5146556660273499
CE_MATERIAL:0.5045231842581254
CE_KINGSAFETY:0.5
C_PIECESQUARETABLES:0.5
C_MOBILITY:0.47865898097989457
C_KINGSAFETY:0.5084518352635756
C_PAWNSTRUCTURE:0.502385628220245
C_PIECECOORDINATION:0.5009852795487845
C_ROOK:0.5245312914270226
CE_ROOK:0.4898928659705995
C_CENTERCONTROL:0.5356153810659864
C_DEVELOPPIECES:0.5167549349874657
C_MATERIAL:0.5025734843635191
C_MOVECOUNT:0.49632982623610516
C_PAWNMOVEMENT:0.5083217540250716
