ELO:1022
CE_PASSEDPAWNS:0.49287951532188656
CE_PAWNWEAKNESSES:0.5024684218683422
CE_PIECEACTIVITY:0.4801140643040157
CE_KINGPAWNSHIELD:0.48888972532864156
CE_PIECECOORDINATION:0.4925057744021683
CE_MATERIAL:0.5123183569460061
CE_KINGSAFETY:0.4956261141031729
C_PIECESQUARETABLES:0.5
C_MOBILITY:0.4933320160321936
C_KINGSAFETY:0.4954625497641407
C_PAWNSTRUCTURE:0.4886953176764991
C_PIECECOORDINATION:0.5193826094744081
C_ROOK:0.5020343500247283
CE_ROOK:0.48573123569766186
C_CENTERCONTROL:0.511033440622748
C_DEVELOPPIECES:0.5
C_MATERIAL:0.4897276880922563
C_MOVECOUNT:0.5
C_PAWNMOVEMENT:0.5053260638098329
