ELO:959
CE_PASSEDPAWNS:0.4818518425878936
CE_PAWNWEAKNESSES:0.5069572879260544
CE_PIECEACTIVITY:0.5030920118102998
CE_KINGPAWNSHIELD:0.5592331706816297
CE_PIECECOORDINATION:0.5033112089246126
CE_MATERIAL:0.4866112135666247
CE_KINGSAFETY:0.4696957250065266
C_PIECESQUARETABLES:0.5118234275672212
C_MOBILITY:0.5017380235225228
C_KINGSAFETY:0.532869572220588
C_PAWNSTRUCTURE:0.5477954899070294
C_PIECECOORDINATION:0.5036823960024448
C_ROOKANDPAWNMOVEMENT:0.5036823960024448
C_CENTERCONTROL:0.5
C_DEVELOPPIECES:0.5033602081306519
C_MATERIAL:0.4288870887686325
C_MOVECOUNT:0.5
