ELO:668
CE_PASSEDPAWNS:0.5566010868900549
CE_PAWNWEAKNESSES:0.5221836013438975
CE_PIECEACTIVITY:0.45870545459175505
CE_KINGPAWNSHIELD:0.4765735762096571
CE_PIECECOORDINATION:0.48621828563381125
CE_MATERIAL:0.4918390452609241
CE_KINGSAFETY:0.5
C_PIECESQUARETABLES:0.5042865511210005
C_MOBILITY:0.41990608339351193
C_KINGSAFETY:0.4732843814406973
C_PAWNSTRUCTURE:0.5501662033601729
C_PIECECOORDINATION:0.44443306560270046
C_ROOKANDPAWNMOVEMENT:0.44443306560270046
C_CENTERCONTROL:0.46695193333469154
C_DEVELOPPIECES:0.4994173492159969
C_MATERIAL:0.5373781477543589
C_MOVECOUNT:0.49304493381206316
