ELO:1024
CE_PASSEDPAWNS:0.521696994521181
CE_PAWNWEAKNESSES:0.48569496198713685
CE_PIECEACTIVITY:0.4799488361370788
CE_KINGPAWNSHIELD:0.5039237798685455
CE_PIECECOORDINATION:0.4820318374666213
CE_MATERIAL:0.5024922298471148
CE_KINGSAFETY:0.5
C_PIECESQUARETABLES:0.5
C_MOBILITY:0.49390518534533817
C_KINGSAFETY:0.49861860869754215
C_PAWNSTRUCTURE:0.4793097430515872
C_PIECECOORDINATION:0.5020939457019299
C_ROOK:0.4925649765274797
CE_ROOK:0.5
C_CENTERCONTROL:0.4680482895041957
C_DEVELOPPIECES:0.528437156584265
C_MATERIAL:0.5436247333253104
C_MOVECOUNT:0.5113318730333895
C_PAWNMOVEMENT:0.521382475953272
