ELO:989
CE_PASSEDPAWNS:0.5062692656804205
CE_PAWNWEAKNESSES:0.4909651087698253
CE_PIECEACTIVITY:0.4834686700253451
CE_KINGPAWNSHIELD:0.5686016154224386
CE_PIECECOORDINATION:0.44305921778195645
CE_MATERIAL:0.48001455696200535
CE_KINGSAFETY:0.48297241386597917
C_PIECESQUARETABLES:0.5172755288402183
C_MOBILITY:0.48890656279195793
C_KINGSAFETY:0.5110566131345012
C_PAWNSTRUCTURE:0.5906932077145414
C_PIECECOORDINATION:0.5263265031630938
C_ROOKANDPAWNMOVEMENT:0.5263265031630938
C_CENTERCONTROL:0.4791330633315366
C_DEVELOPPIECES:0.4537528646522973
C_MATERIAL:0.5671901160459848
