ELO:1000
CE_PASSEDPAWNS:0.48281427708991453
CE_PAWNWEAKNESSES:0.4671083765829672
CE_PIECEACTIVITY:0.4920781312613191
CE_KINGPAWNSHIELD:0.500003152473257
CE_PIECECOORDINATION:0.5079187496900188
CE_MATERIAL:0.5280866588583559
CE_KINGSAFETY:0.4915278628046707
C_PIECESQUARETABLES:0.4731168827982841
C_MOBILITY:0.4960230907641806
C_KINGSAFETY:0.45323434262728063
C_PAWNSTRUCTURE:0.505309265960162
C_PIECECOORDINATION:0.4771165062934251
C_ROOKANDPAWNMOVEMENT:0.4771165062934251
C_CENTERCONTROL:0.4719007912163672
C_DEVELOPPIECES:0.5193164814978654
C_MATERIAL:0.5093205303308341
