ELO:952
CE_PASSEDPAWNS:0.38972953527049137
CE_PAWNWEAKNESSES:0.45245013962424036
CE_PIECEACTIVITY:0.4731412525106852
CE_KINGPAWNSHIELD:0.522497987430655
CE_PIECECOORDINATION:0.5335988169827476
CE_MATERIAL:0.5051155470280233
CE_KINGSAFETY:0.513719284766835
C_PIECESQUARETABLES:0.5240515876605548
C_MOBILITY:0.45030390856423186
C_KINGSAFETY:0.4124165773849166
C_PAWNSTRUCTURE:0.5451175797618638
C_PIECECOORDINATION:0.4533276606053336
C_ROOKANDPAWNMOVEMENT:0.4533276606053336
C_CENTERCONTROL:0.5044899094895701
C_DEVELOPPIECES:0.497546806850745
C_MATERIAL:0.5018896033480689
