ELO:1003
CE_PASSEDPAWNS:0.49867527545966017
CE_PAWNWEAKNESSES:0.5033017305731182
CE_PIECEACTIVITY:0.5016245473231088
CE_KINGPAWNSHIELD:0.4758543808091745
CE_PIECECOORDINATION:0.5318352147662153
CE_MATERIAL:0.5184561047668086
CE_KINGSAFETY:0.5
C_PIECESQUARETABLES:0.5
C_MOBILITY:0.5176628714258021
C_KINGSAFETY:0.49300306790806625
C_PAWNSTRUCTURE:0.5084365287501169
C_PIECECOORDINATION:0.5408224394220434
C_ROOK:0.4760767077068308
CE_ROOK:0.5045513532771174
C_CENTERCONTROL:0.5191717400063509
C_DEVELOPPIECES:0.5243083717079432
C_MATERIAL:0.5313469601825206
C_MOVECOUNT:0.49593440745849443
C_PAWNMOVEMENT:0.5060951471904528
