ELO:1010
CE_PASSEDPAWNS:0.49287951532188656
CE_PAWNWEAKNESSES:0.5024684218683422
CE_PIECEACTIVITY:0.48060334732915255
CE_KINGPAWNSHIELD:0.48888972532864156
CE_PIECECOORDINATION:0.4925057744021683
CE_MATERIAL:0.5123183569460061
CE_KINGSAFETY:0.4956261141031729
C_PIECESQUARETABLES:0.5
C_MOBILITY:0.49567569616315943
C_KINGSAFETY:0.4954625497641407
C_PAWNSTRUCTURE:0.4877981264160549
C_PIECECOORDINATION:0.5173174748802812
C_ROOK:0.5020343500247283
CE_ROOK:0.4826556266889521
C_CENTERCONTROL:0.511033440622748
C_DEVELOPPIECES:0.5
C_MATERIAL:0.4897276880922563
C_MOVECOUNT:0.5
C_PAWNMOVEMENT:0.5053260638098329
