ELO:1002
CE_PASSEDPAWNS:0.4920896759916136
CE_PAWNWEAKNESSES:0.5178407664392699
CE_PIECEACTIVITY:0.4735029863248786
CE_KINGPAWNSHIELD:0.4803339191772181
CE_PIECECOORDINATION:0.5053223456183804
CE_MATERIAL:0.5305126008560768
CE_KINGSAFETY:0.5
C_PIECESQUARETABLES:0.5
C_MOBILITY:0.5097074898209483
C_KINGSAFETY:0.48134692463070256
C_PAWNSTRUCTURE:0.5206221487950914
C_PIECECOORDINATION:0.5270441091816901
C_ROOK:0.5130814578685717
CE_ROOK:0.5222310596759884
C_CENTERCONTROL:0.49821869684108055
C_DEVELOPPIECES:0.5028874463203526
C_MATERIAL:0.46500655325353324
C_MOVECOUNT:0.4930500736196206
C_PAWNMOVEMENT:0.5162947389573952
