ELO:971
CE_PASSEDPAWNS:0.4023801732631076
CE_PAWNWEAKNESSES:0.4983810414999214
CE_PIECEACTIVITY:0.6082214396619684
CE_KINGPAWNSHIELD:0.48311644223689015
CE_PIECECOORDINATION:0.49968634835354825
CE_MATERIAL:0.5423471159035785
CE_KINGSAFETY:0.4930903113347722
C_PIECESQUARETABLES:0.5019810573345075
C_MOBILITY:0.5316254516538774
C_KINGSAFETY:0.48847741037537884
C_PAWNSTRUCTURE:0.5406098182771049
C_PIECECOORDINATION:0.38337506203665084
C_ROOKANDPAWNMOVEMENT:0.38337506203665084
C_CENTERCONTROL:0.5291993111708442
C_DEVELOPPIECES:0.39291214053423984
C_MATERIAL:0.5441352921693912
