ELO:1000
CE_PASSEDPAWNS:0.48511290859434913
CE_PAWNWEAKNESSES:0.4672696876467745
CE_PIECEACTIVITY:0.48985411617014823
CE_KINGPAWNSHIELD:0.5386877628046821
CE_PIECECOORDINATION:0.510013408130524
CE_MATERIAL:0.5170493853071786
CE_KINGSAFETY:0.46708913446345746
C_PIECESQUARETABLES:0.5330579980751796
C_MOBILITY:0.44987992697717477
C_KINGSAFETY:0.4992276153869641
C_PAWNSTRUCTURE:0.5054373526553702
C_PIECECOORDINATION:0.45597925117513183
C_ROOKANDPAWNMOVEMENT:0.45597925117513183
C_CENTERCONTROL:0.4768661935795938
C_DEVELOPPIECES:0.5023339524029085
C_MATERIAL:0.48932249316054527
