ELO:999
CE_PASSEDPAWNS:0.5
CE_PAWNWEAKNESSES:0.5
CE_PIECEACTIVITY:0.502198244989694
CE_KINGPAWNSHIELD:0.5
CE_PIECECOORDINATION:0.5083515429535316
CE_MATERIAL:0.4926962773200337
CE_KINGSAFETY:0.5
C_PIECESQUARETABLES:0.5057599363795753
C_MOBILITY:0.4975687967868808
C_KINGSAFETY:0.4899040403613066
C_PAWNSTRUCTURE:0.5
C_PIECECOORDINATION:0.48774512808550596
C_ROOKANDPAWNMOVEMENT:0.48774512808550596
C_CENTERCONTROL:0.5
C_DEVELOPPIECES:0.5080682470264164
C_MATERIAL:0.49998927340546584
C_MOVECOUNT:0.5
