ELO:996
CE_PASSEDPAWNS:0.4942769584981758
CE_PAWNWEAKNESSES:0.49848762376073846
CE_PIECEACTIVITY:0.5137194667387263
CE_KINGPAWNSHIELD:0.5039398357244769
CE_PIECECOORDINATION:0.49947374476486595
CE_MATERIAL:0.5009952691228198
CE_KINGSAFETY:0.5136503520434992
C_PIECESQUARETABLES:0.48583410603797733
C_MOBILITY:0.4677626337013742
C_KINGSAFETY:0.5472834012696451
C_PAWNSTRUCTURE:0.5221543894551163
C_PIECECOORDINATION:0.49708274484867876
C_ROOKANDPAWNMOVEMENT:0.49708274484867876
C_CENTERCONTROL:0.5040359217499499
C_DEVELOPPIECES:0.44050650998912266
C_MATERIAL:0.5
C_MOVECOUNT:0.5
