ELO:983
CE_PASSEDPAWNS:0.4860912733387115
CE_PAWNWEAKNESSES:0.45729954660729777
CE_PIECEACTIVITY:0.44060123392252787
CE_KINGPAWNSHIELD:0.5107105859757924
CE_PIECECOORDINATION:0.5336711562317705
CE_MATERIAL:0.5016163887002021
CE_KINGSAFETY:0.5120752496118536
C_PIECESQUARETABLES:0.49818229732748154
C_MOBILITY:0.45349938972425385
C_KINGSAFETY:0.5290095486937523
C_PAWNSTRUCTURE:0.5281519544930731
C_PIECECOORDINATION:0.44522454185179605
C_ROOKANDPAWNMOVEMENT:0.44522454185179605
C_CENTERCONTROL:0.4904281245593801
C_DEVELOPPIECES:0.4653788069741373
C_MATERIAL:0.4691216120588857
