ELO:919
CE_PASSEDPAWNS:0.36496757838206595
CE_PAWNWEAKNESSES:0.5012257956415491
CE_PIECEACTIVITY:0.5679265487301361
CE_KINGPAWNSHIELD:0.4914259103499276
CE_PIECECOORDINATION:0.5490569525364054
CE_MATERIAL:0.5881181546622354
CE_KINGSAFETY:0.48816984220015275
C_PIECESQUARETABLES:0.47188574534190053
C_MOBILITY:0.567900400493263
C_KINGSAFETY:0.5767433140524496
C_PAWNSTRUCTURE:0.5339114086248782
C_PIECECOORDINATION:0.29293993421215114
C_ROOKANDPAWNMOVEMENT:0.29293993421215114
C_CENTERCONTROL:0.5057507885804563
C_DEVELOPPIECES:0.41958316831892195
C_MATERIAL:0.5172479257624271
