ELO:988
CE_PASSEDPAWNS:0.5156839845540195
CE_PAWNWEAKNESSES:0.5106708332464013
CE_PIECEACTIVITY:0.5221812135698585
CE_KINGPAWNSHIELD:0.4161401479322606
CE_PIECECOORDINATION:0.4540022943211297
CE_MATERIAL:0.5561775794490093
CE_KINGSAFETY:0.5
C_PIECESQUARETABLES:0.501667285731063
C_MOBILITY:0.49816549280442246
C_KINGSAFETY:0.516146028599055
C_PAWNSTRUCTURE:0.5125975335626219
C_PIECECOORDINATION:0.5350567576815112
C_ROOKANDPAWNMOVEMENT:0.5350567576815112
C_CENTERCONTROL:0.40826612371076276
C_DEVELOPPIECES:0.5067495606305472
C_MATERIAL:0.5966813610868258
