ELO:919
CE_PASSEDPAWNS:0.4911130166841329
CE_PAWNWEAKNESSES:0.5408999082991126
CE_PIECEACTIVITY:0.44988352335354403
CE_KINGPAWNSHIELD:0.5332366929365591
CE_PIECECOORDINATION:0.4828551737148807
CE_MATERIAL:0.4977798603499348
CE_KINGSAFETY:0.5038529969702733
C_PIECESQUARETABLES:0.46450457418133373
C_MOBILITY:0.5377271112398103
C_KINGSAFETY:0.4813401107446776
C_PAWNSTRUCTURE:0.4237832591008626
C_PIECECOORDINATION:0.49648231731882086
C_ROOKANDPAWNMOVEMENT:0.49648231731882086
C_CENTERCONTROL:0.5320771846582203
C_DEVELOPPIECES:0.5099260927851023
C_MATERIAL:0.49402431937056324
C_MOVECOUNT:0.5
