ELO:892
CE_PASSEDPAWNS:0.3827694821389769
CE_PAWNWEAKNESSES:0.5069268261453463
CE_PIECEACTIVITY:0.5690557061040779
CE_KINGPAWNSHIELD:0.4876682080065965
CE_PIECECOORDINATION:0.5168590660388533
CE_MATERIAL:0.5511563614326854
CE_KINGSAFETY:0.4759128222155759
C_PIECESQUARETABLES:0.5308857841864233
C_MOBILITY:0.5413134034872643
C_KINGSAFETY:0.5270675613818196
C_PAWNSTRUCTURE:0.5184203531779201
C_PIECECOORDINATION:0.2876828237056135
C_ROOKANDPAWNMOVEMENT:0.2876828237056135
C_CENTERCONTROL:0.5034323348138819
C_DEVELOPPIECES:0.4004479528062823
C_MATERIAL:0.5394593749871486
