ELO:1031
CE_PASSEDPAWNS:0.610933699632376
CE_PAWNWEAKNESSES:0.4759076129277045
CE_PIECEACTIVITY:0.4749362909216822
CE_KINGPAWNSHIELD:0.49605893598984957
CE_PIECECOORDINATION:0.47730074615320545
CE_MATERIAL:0.4478989751095031
CE_KINGSAFETY:0.5104904250064031
C_PIECESQUARETABLES:0.48627462938329796
C_MOBILITY:0.4173745250912355
C_KINGSAFETY:0.5129887394960295
C_PAWNSTRUCTURE:0.41912490030790334
C_PIECECOORDINATION:0.47084818999925104
C_ROOKANDPAWNMOVEMENT:0.47084818999925104
C_CENTERCONTROL:0.5324848966401408
C_DEVELOPPIECES:0.5743871083681288
C_MATERIAL:0.42538286694109595
