ELO:812
CE_PASSEDPAWNS:0.4726154652217855
CE_PAWNWEAKNESSES:0.5542342739815498
CE_PIECEACTIVITY:0.501682566501841
CE_KINGPAWNSHIELD:0.5856749432857136
CE_PIECECOORDINATION:0.5157315109503078
CE_MATERIAL:0.49030202827255787
CE_KINGSAFETY:0.504232467434225
C_PIECESQUARETABLES:0.5114106006373874
C_MOBILITY:0.546278605923071
C_KINGSAFETY:0.41499830200526894
C_PAWNSTRUCTURE:0.5143141405475578
C_PIECECOORDINATION:0.5686255369313068
C_ROOKANDPAWNMOVEMENT:0.5686255369313068
C_CENTERCONTROL:0.4688814152415848
C_DEVELOPPIECES:0.4394175626049492
C_MATERIAL:0.5705003073406508
C_MOVECOUNT:0.5
