ELO:958
CE_PASSEDPAWNS:0.5296671265916154
CE_PAWNWEAKNESSES:0.5373130749715059
CE_PIECEACTIVITY:0.5300703283146355
CE_KINGPAWNSHIELD:0.4688640203545561
CE_PIECECOORDINATION:0.47320830524184176
CE_MATERIAL:0.4550080244148867
CE_KINGSAFETY:0.5000497714165189
C_PIECESQUARETABLES:0.5
C_MOBILITY:0.4865370594299619
C_KINGSAFETY:0.5322190403967403
C_PAWNSTRUCTURE:0.5114802080309652
C_PIECECOORDINATION:0.5200211482879018
C_ROOK:0.4899394157034751
CE_ROOK:0.4937329323517055
C_CENTERCONTROL:0.5148666149627744
C_DEVELOPPIECES:0.5045737083419698
C_MATERIAL:0.5034041763697906
C_MOVECOUNT:0.5060056067276939
C_PAWNMOVEMENT:0.47390276561572814
