ELO:928
CE_PASSEDPAWNS:0.5427616453448724
CE_PAWNWEAKNESSES:0.5456549698039694
CE_PIECEACTIVITY:0.5277912824716813
CE_KINGPAWNSHIELD:0.4725242738272975
CE_PIECECOORDINATION:0.46635713945407703
CE_MATERIAL:0.4734056519589202
CE_KINGSAFETY:0.5
C_PIECESQUARETABLES:0.48161535277685236
C_MOBILITY:0.5041809067113648
C_KINGSAFETY:0.5461953757886159
C_PAWNSTRUCTURE:0.49271664407216864
C_PIECECOORDINATION:0.51015005884683
C_ROOK:0.5151847377450308
CE_ROOK:0.5191608412196237
C_CENTERCONTROL:0.49137776212897094
C_DEVELOPPIECES:0.5045737083419698
C_MATERIAL:0.5116554175557436
C_MOVECOUNT:0.5213764346865172
C_PAWNMOVEMENT:0.46853407907534883
