ELO:999
CE_PASSEDPAWNS:0.47410396523394976
CE_PAWNWEAKNESSES:0.45440121426875846
CE_PIECEACTIVITY:0.4683669011051192
CE_KINGPAWNSHIELD:0.5400342284329778
CE_PIECECOORDINATION:0.5228633993256321
CE_MATERIAL:0.49732830555055074
CE_KINGSAFETY:0.5135317460923143
C_PIECESQUARETABLES:0.5408252467983109
C_MOBILITY:0.444534316422432
C_KINGSAFETY:0.5064976620690341
C_PAWNSTRUCTURE:0.5083014544464329
C_PIECECOORDINATION:0.47364236372829244
C_ROOKANDPAWNMOVEMENT:0.47364236372829244
C_CENTERCONTROL:0.5091927832479597
C_DEVELOPPIECES:0.4771879901066632
C_MATERIAL:0.48039463877275446
