ELO:1036
CE_PASSEDPAWNS:0.4672286731661639
CE_PAWNWEAKNESSES:0.5079959318821118
CE_PIECEACTIVITY:0.5027966210675653
CE_KINGPAWNSHIELD:0.4502453231894733
CE_PIECECOORDINATION:0.5031163349370524
CE_MATERIAL:0.47328716106836
CE_KINGSAFETY:0.4991944393924865
C_PIECESQUARETABLES:0.5
C_MOBILITY:0.4835164013050288
C_KINGSAFETY:0.5252171715570149
C_PAWNSTRUCTURE:0.5085328306194568
C_PIECECOORDINATION:0.5414174651498439
C_ROOKANDPAWNMOVEMENT:0.5414174651498439
C_CENTERCONTROL:0.49546902313878655
C_DEVELOPPIECES:0.49526610626094875
C_MATERIAL:0.5
C_MOVECOUNT:0.5
