ELO:874
CE_PASSEDPAWNS:0.3415436268053597
CE_PAWNWEAKNESSES:0.4590791473474128
CE_PIECEACTIVITY:0.3353829747371683
CE_KINGPAWNSHIELD:0.5028374561651539
CE_PIECECOORDINATION:0.633460243564505
CE_MATERIAL:0.4220751713774937
CE_KINGSAFETY:0.497477525816771
C_PIECESQUARETABLES:0.49195261108399063
C_MOBILITY:0.42941445852503396
C_KINGSAFETY:0.4854503251520133
C_PAWNSTRUCTURE:0.5419585425733026
C_PIECECOORDINATION:0.5063314096318333
C_ROOKANDPAWNMOVEMENT:0.5063314096318333
C_CENTERCONTROL:0.5547472069474627
C_DEVELOPPIECES:0.38447296110818796
C_MATERIAL:0.5278065186073515
