ELO:1051
CE_PASSEDPAWNS:0.5055632912407966
CE_PAWNWEAKNESSES:0.5
CE_PIECEACTIVITY:0.5225131191240701
CE_KINGPAWNSHIELD:0.5
CE_PIECECOORDINATION:0.5
CE_MATERIAL:0.5008027984116347
CE_KINGSAFETY:0.5
C_PIECESQUARETABLES:0.5
C_MOBILITY:0.48209961149271363
C_KINGSAFETY:0.4914442754823171
C_PAWNSTRUCTURE:0.5
C_PIECECOORDINATION:0.4999234557590279
C_ROOKANDPAWNMOVEMENT:0.4999234557590279
C_CENTERCONTROL:0.4974388592140491
C_DEVELOPPIECES:0.5112389930153715
C_MATERIAL:0.5
C_MOVECOUNT:0.5405695627381272
