ELO:913
CE_PASSEDPAWNS:0.4933896207565106
CE_PAWNWEAKNESSES:0.454269517156629
CE_PIECEACTIVITY:0.47444378100104917
CE_KINGPAWNSHIELD:0.5320626707741745
CE_PIECECOORDINATION:0.4847636839230561
CE_MATERIAL:0.4831315350379854
CE_KINGSAFETY:0.48742432557288856
C_PIECESQUARETABLES:0.46044739858647155
C_MOBILITY:0.4196787038918289
C_KINGSAFETY:0.5402344170410096
C_PAWNSTRUCTURE:0.5664468763625293
C_PIECECOORDINATION:0.5016767348890298
C_ROOKANDPAWNMOVEMENT:0.5016767348890298
C_CENTERCONTROL:0.3553280028429977
C_DEVELOPPIECES:0.4544912220473095
C_MATERIAL:0.40754850938433246
