ELO:993
CE_PASSEDPAWNS:0.46762513462482774
CE_PAWNWEAKNESSES:0.48501549785183723
CE_PIECEACTIVITY:0.5071382570163774
CE_KINGPAWNSHIELD:0.49537115973779433
CE_PIECECOORDINATION:0.529577749311118
CE_MATERIAL:0.4980024557928338
CE_KINGSAFETY:0.5181771821565927
C_PIECESQUARETABLES:0.5
C_MOBILITY:0.5032531709036056
C_KINGSAFETY:0.5010536719176765
C_PAWNSTRUCTURE:0.4264791442429882
C_PIECECOORDINATION:0.4978055148514124
C_ROOKANDPAWNMOVEMENT:0.4978055148514124
C_CENTERCONTROL:0.5771913920543247
C_DEVELOPPIECES:0.49526610626094875
C_MATERIAL:0.49412966069004244
C_MOVECOUNT:0.5
