ELO:1000
CE_PASSEDPAWNS:0.4701105079107756
CE_PAWNWEAKNESSES:0.498066678125332
CE_PIECEACTIVITY:0.5643165563858551
CE_KINGPAWNSHIELD:0.5131107183293936
CE_PIECECOORDINATION:0.5571025656152344
CE_MATERIAL:0.500798614507424
CE_KINGSAFETY:0.47457139326123815
C_PIECESQUARETABLES:0.4931488469776144
C_MOBILITY:0.5039898949614848
C_KINGSAFETY:0.5309484600828414
C_PAWNSTRUCTURE:0.5304842111673409
C_PIECECOORDINATION:0.3991720731042278
C_ROOKANDPAWNMOVEMENT:0.3991720731042278
C_CENTERCONTROL:0.4901862147600544
C_DEVELOPPIECES:0.39564426909287764
C_MATERIAL:0.5455783809743922
