ELO:951
CE_PASSEDPAWNS:0.5000382209410895
CE_PAWNWEAKNESSES:0.433065496803243
CE_PIECEACTIVITY:0.4578510036333676
CE_KINGPAWNSHIELD:0.4658865292235163
CE_PIECECOORDINATION:0.4485956125357362
CE_MATERIAL:0.4987872024677092
CE_KINGSAFETY:0.5
C_PIECESQUARETABLES:0.5002784227406832
C_MOBILITY:0.48906804098171075
C_KINGSAFETY:0.511991037314945
C_PAWNSTRUCTURE:0.5206624065768257
C_PIECECOORDINATION:0.5376618651037446
C_ROOKANDPAWNMOVEMENT:0.5376618651037446
C_CENTERCONTROL:0.5124644017253579
C_DEVELOPPIECES:0.45771548783717503
C_MATERIAL:0.5277833285797703
C_MOVECOUNT:0.5
