ELO:869
CE_PASSEDPAWNS:0.480546209759764
CE_PAWNWEAKNESSES:0.4369951119709159
CE_PIECEACTIVITY:0.5181555323287682
CE_KINGPAWNSHIELD:0.5295561165732736
CE_PIECECOORDINATION:0.50544135660595
CE_MATERIAL:0.5184818852990125
CE_KINGSAFETY:0.5008150177418448
C_PIECESQUARETABLES:0.4812316704474566
C_MOBILITY:0.4936268208395549
C_KINGSAFETY:0.4096577288121566
C_PAWNSTRUCTURE:0.49693720727115226
C_PIECECOORDINATION:0.5643997446253953
C_ROOKANDPAWNMOVEMENT:0.5643997446253953
C_CENTERCONTROL:0.573511212574773
C_DEVELOPPIECES:0.40007697827433214
C_MATERIAL:0.4628966468063752
C_MOVECOUNT:0.5
