ELO:1011
CE_PASSEDPAWNS:0.4877910464420779
CE_PAWNWEAKNESSES:0.5089262315892731
CE_PIECEACTIVITY:0.5345377262834891
CE_KINGPAWNSHIELD:0.5121598557673049
CE_PIECECOORDINATION:0.5271848354878939
CE_MATERIAL:0.5553762284867769
CE_KINGSAFETY:0.5
C_PIECESQUARETABLES:0.5
C_MOBILITY:0.5003187329585503
C_KINGSAFETY:0.5018360826401095
C_PAWNSTRUCTURE:0.5175700024782027
C_PIECECOORDINATION:0.524081871863375
C_ROOK:0.4869485698655712
CE_ROOK:0.5054023041133433
C_CENTERCONTROL:0.49908000958574095
C_DEVELOPPIECES:0.5243083717079432
C_MATERIAL:0.48436583696894464
C_MOVECOUNT:0.4892403575327782
C_PAWNMOVEMENT:0.48166362070105234
