ELO:1029
CE_PASSEDPAWNS:0.4980132739315103
CE_PAWNWEAKNESSES:0.5101787995395966
CE_PIECEACTIVITY:0.48563211591379185
CE_KINGPAWNSHIELD:0.5
CE_PIECECOORDINATION:0.4790392871273164
CE_MATERIAL:0.5049024293638609
CE_KINGSAFETY:0.5
C_PIECESQUARETABLES:0.5
C_MOBILITY:0.5001917002116572
C_KINGSAFETY:0.49467298267621646
C_PAWNSTRUCTURE:0.490871339121346
C_PIECECOORDINATION:0.5
C_ROOKANDPAWNMOVEMENT:0.5
C_CENTERCONTROL:0.5064402069144418
C_DEVELOPPIECES:0.5108152459390728
C_MATERIAL:0.49831507192468644
C_MOVECOUNT:0.5
