ELO:914
CE_PASSEDPAWNS:0.47583130350429703
CE_PAWNWEAKNESSES:0.4506180284544158
CE_PIECEACTIVITY:0.4466734740768627
CE_KINGPAWNSHIELD:0.5473980233984517
CE_PIECECOORDINATION:0.5271847358794277
CE_MATERIAL:0.4567100333231044
CE_KINGSAFETY:0.5233316999970692
C_PIECESQUARETABLES:0.5058337980395843
C_MOBILITY:0.4379736202994997
C_KINGSAFETY:0.5345704393104002
C_PAWNSTRUCTURE:0.5730940738137585
C_PIECECOORDINATION:0.4604316538659259
C_ROOKANDPAWNMOVEMENT:0.4604316538659259
C_CENTERCONTROL:0.4134123336636998
C_DEVELOPPIECES:0.476331239191242
C_MATERIAL:0.4594512075045747
