ELO:1043
CE_PASSEDPAWNS:0.5055632912407966
CE_PAWNWEAKNESSES:0.5
CE_PIECEACTIVITY:0.5025520061296506
CE_KINGPAWNSHIELD:0.5092878330827633
CE_PIECECOORDINATION:0.48715998810015215
CE_MATERIAL:0.5053911028705211
CE_KINGSAFETY:0.49262335263663715
C_PIECESQUARETABLES:0.5063522510200276
C_MOBILITY:0.511146782599002
C_KINGSAFETY:0.49660141923861395
C_PAWNSTRUCTURE:0.5033802586424942
C_PIECECOORDINATION:0.5
C_ROOKANDPAWNMOVEMENT:0.5
C_CENTERCONTROL:0.5
C_DEVELOPPIECES:0.5
C_MATERIAL:0.48945903271923635
C_MOVECOUNT:0.5229714544760637
