ELO:940
CE_PASSEDPAWNS:0.3747980660827213
CE_PAWNWEAKNESSES:0.5148589679887191
CE_PIECEACTIVITY:0.5860966991551898
CE_KINGPAWNSHIELD:0.4712735038865154
CE_PIECECOORDINATION:0.4870395421735181
CE_MATERIAL:0.5709424083564784
CE_KINGSAFETY:0.5012869557205477
C_PIECESQUARETABLES:0.5304105005424999
C_MOBILITY:0.5615886117718839
C_KINGSAFETY:0.5278974497097704
C_PAWNSTRUCTURE:0.5197610116763768
C_PIECECOORDINATION:0.3181980145473526
C_ROOKANDPAWNMOVEMENT:0.3181980145473526
C_CENTERCONTROL:0.5036374998929557
C_DEVELOPPIECES:0.3857435641305819
C_MATERIAL:0.5592460811854765
