ELO:878
CE_PASSEDPAWNS:0.33494805250831927
CE_PAWNWEAKNESSES:0.4594933675035146
CE_PIECEACTIVITY:0.33281071674784424
CE_KINGPAWNSHIELD:0.4836478256137938
CE_PIECECOORDINATION:0.6239112005380069
CE_MATERIAL:0.4406398455455776
CE_KINGSAFETY:0.5241780309835978
C_PIECESQUARETABLES:0.49195261108399063
C_MOBILITY:0.41326192981472126
C_KINGSAFETY:0.463682928278799
C_PAWNSTRUCTURE:0.5259787816216462
C_PIECECOORDINATION:0.5142122371407308
C_ROOKANDPAWNMOVEMENT:0.5142122371407308
C_CENTERCONTROL:0.5673487871772189
C_DEVELOPPIECES:0.3682045028425937
C_MATERIAL:0.5459179672467748
