ELO:996
CE_PASSEDPAWNS:0.48107003959111194
CE_PAWNWEAKNESSES:0.4932744189608847
CE_PIECEACTIVITY:0.53870938671459
CE_KINGPAWNSHIELD:0.4804316952168571
CE_PIECECOORDINATION:0.5553859012338814
CE_MATERIAL:0.5319500017956883
CE_KINGSAFETY:0.4757219643441482
C_PIECESQUARETABLES:0.5257192959579623
C_MOBILITY:0.526148078953121
C_KINGSAFETY:0.5191200394977716
C_PAWNSTRUCTURE:0.4883766697472684
C_PIECECOORDINATION:0.3859385143926836
C_ROOKANDPAWNMOVEMENT:0.3859385143926836
C_CENTERCONTROL:0.5429224300732425
C_DEVELOPPIECES:0.4225010623618968
C_MATERIAL:0.5802541353726135
