ELO:918
CE_PASSEDPAWNS:0.46819152163535427
CE_PAWNWEAKNESSES:0.5574698824594913
CE_PIECEACTIVITY:0.4467519159098263
CE_KINGPAWNSHIELD:0.55718110910401
CE_PIECECOORDINATION:0.5065579955378443
CE_MATERIAL:0.49539880566721495
CE_KINGSAFETY:0.5102160957702394
C_PIECESQUARETABLES:0.475070068983249
C_MOBILITY:0.5447787816222148
C_KINGSAFETY:0.4750346260386809
C_PAWNSTRUCTURE:0.436537050106697
C_PIECECOORDINATION:0.5026421913042903
C_ROOKANDPAWNMOVEMENT:0.5026421913042903
C_CENTERCONTROL:0.5103567897916296
C_DEVELOPPIECES:0.5026079562756542
C_MATERIAL:0.49263038198389414
C_MOVECOUNT:0.5
