ELO:1033
CE_PASSEDPAWNS:0.5
CE_PAWNWEAKNESSES:0.5048067700413517
CE_PIECEACTIVITY:0.5
CE_KINGPAWNSHIELD:0.5029412579915408
CE_PIECECOORDINATION:0.492394006924876
CE_MATERIAL:0.46144641990871865
CE_KINGSAFETY:0.5
C_PIECESQUARETABLES:0.5
C_MOBILITY:0.5
C_KINGSAFETY:0.48894686486102423
C_PAWNSTRUCTURE:0.5
C_PIECECOORDINATION:0.5051203524958939
C_ROOKANDPAWNMOVEMENT:0.5051203524958939
C_CENTERCONTROL:0.4886081753656035
C_DEVELOPPIECES:0.5112389930153715
C_MATERIAL:0.5173445366851689
C_MOVECOUNT:0.47371704641626494
