ELO:997
CE_PASSEDPAWNS:0.5083633532702051
CE_PAWNWEAKNESSES:0.5
CE_PIECEACTIVITY:0.4951053738672911
CE_KINGPAWNSHIELD:0.5085741806937977
CE_PIECECOORDINATION:0.5026480798503975
CE_MATERIAL:0.48511125856018195
CE_KINGSAFETY:0.4943487754316585
C_PIECESQUARETABLES:0.5
C_MOBILITY:0.49881700429147496
C_KINGSAFETY:0.50990589591313
C_PAWNSTRUCTURE:0.5064962473128263
C_PIECECOORDINATION:0.48767535967200243
C_ROOK:0.5170307099151437
CE_ROOK:0.504752736444157
C_CENTERCONTROL:0.5092728506750606
C_DEVELOPPIECES:0.4977936990824719
C_MATERIAL:0.505601483515234
C_MOVECOUNT:0.48477209940975946
C_PAWNMOVEMENT:0.5050535199169308
