ELO:1020
CE_PASSEDPAWNS:0.49665471019196156
CE_PAWNWEAKNESSES:0.5058922181009035
CE_PIECEACTIVITY:0.48184201556346357
CE_KINGPAWNSHIELD:0.48345804756710326
CE_PIECECOORDINATION:0.5017789695501722
CE_MATERIAL:0.5184561047668086
CE_KINGSAFETY:0.5
C_PIECESQUARETABLES:0.5
C_MOBILITY:0.5014640266235872
C_KINGSAFETY:0.4840205380456301
C_PAWNSTRUCTURE:0.5084033372933106
C_PIECECOORDINATION:0.53854140304175
C_ROOK:0.4955225921970349
CE_ROOK:0.49556302697218296
C_CENTERCONTROL:0.5
C_DEVELOPPIECES:0.4961384099354208
C_MATERIAL:0.5063430896814836
C_MOVECOUNT:0.5
C_PAWNMOVEMENT:0.5171284594586478
