ELO:983
CE_PASSEDPAWNS:0.5132183266975906
CE_PAWNWEAKNESSES:0.467165188704794
CE_PIECEACTIVITY:0.4816386851989286
CE_KINGPAWNSHIELD:0.47705785505677895
CE_PIECECOORDINATION:0.5112109392465111
CE_MATERIAL:0.5
CE_KINGSAFETY:0.4879297511472136
C_PIECESQUARETABLES:0.4721400527034566
C_MOBILITY:0.4864441678421682
C_KINGSAFETY:0.48623109372889284
C_PAWNSTRUCTURE:0.5083858902928045
C_PIECECOORDINATION:0.5
C_ROOKANDPAWNMOVEMENT:0.5
C_CENTERCONTROL:0.5104485574232813
C_DEVELOPPIECES:0.5070352997638259
C_MATERIAL:0.5
C_MOVECOUNT:0.4693977428499654
