ELO:975
CE_PASSEDPAWNS:0.42964105225716304
CE_PAWNWEAKNESSES:0.5163569384597541
CE_PIECEACTIVITY:0.5797258728027427
CE_KINGPAWNSHIELD:0.4817559916589333
CE_PIECECOORDINATION:0.5247008203382147
CE_MATERIAL:0.5336878021600341
CE_KINGSAFETY:0.41899378005743027
C_PIECESQUARETABLES:0.5004469271102492
C_MOBILITY:0.5090197036165355
C_KINGSAFETY:0.47811543302650733
C_PAWNSTRUCTURE:0.5224009744721982
C_PIECECOORDINATION:0.380213616711576
C_ROOKANDPAWNMOVEMENT:0.380213616711576
C_CENTERCONTROL:0.5432299767614831
C_DEVELOPPIECES:0.4070143394568026
C_MATERIAL:0.5361025369744206
