ELO:919
CE_PASSEDPAWNS:0.4911130166841329
CE_PAWNWEAKNESSES:0.5500719812846931
CE_PIECEACTIVITY:0.45460192703993746
CE_KINGPAWNSHIELD:0.5337876601161052
CE_PIECECOORDINATION:0.4828551737148807
CE_MATERIAL:0.49196887691729635
CE_KINGSAFETY:0.5137471957829248
C_PIECESQUARETABLES:0.4641936219237711
C_MOBILITY:0.5270215614680013
C_KINGSAFETY:0.48188970727592045
C_PAWNSTRUCTURE:0.43591985387338594
C_PIECECOORDINATION:0.49651310535069165
C_ROOKANDPAWNMOVEMENT:0.49651310535069165
C_CENTERCONTROL:0.5284531781333025
C_DEVELOPPIECES:0.4948824928180468
C_MATERIAL:0.49402431937056324
C_MOVECOUNT:0.5
