ELO:999
CE_PASSEDPAWNS:0.5083633532702051
CE_PAWNWEAKNESSES:0.5
CE_PIECEACTIVITY:0.5042354760647343
CE_KINGPAWNSHIELD:0.5154098190116554
CE_PIECECOORDINATION:0.5026480798503975
CE_MATERIAL:0.49409617415911977
CE_KINGSAFETY:0.5
C_PIECESQUARETABLES:0.5
C_MOBILITY:0.49881700429147496
C_KINGSAFETY:0.49994688961428396
C_PAWNSTRUCTURE:0.5064962473128263
C_PIECECOORDINATION:0.4845222667947347
C_ROOK:0.5055165026556527
CE_ROOK:0.5047378759250445
C_CENTERCONTROL:0.5223671795770386
C_DEVELOPPIECES:0.5
C_MATERIAL:0.5101067534479273
C_MOVECOUNT:0.49273743204394665
C_PAWNMOVEMENT:0.499896534171598
