ELO:872
CE_PASSEDPAWNS:0.46559619806374436
CE_PAWNWEAKNESSES:0.5909986661413766
CE_PIECEACTIVITY:0.4625817295512875
CE_KINGPAWNSHIELD:0.47655753498752507
CE_PIECECOORDINATION:0.4118084515871663
CE_MATERIAL:0.48254568112375396
CE_KINGSAFETY:0.5433990207893294
C_PIECESQUARETABLES:0.49282811728020043
C_MOBILITY:0.5243561354337385
C_KINGSAFETY:0.536215564690758
C_PAWNSTRUCTURE:0.5133685378751882
C_PIECECOORDINATION:0.4370062930610892
C_ROOKANDPAWNMOVEMENT:0.4370062930610892
C_CENTERCONTROL:0.48777818380027177
C_DEVELOPPIECES:0.5558614654293239
C_MATERIAL:0.46601833879683835
C_MOVECOUNT:0.41263000869602506
