ELO:968
CE_PASSEDPAWNS:0.519977925417494
CE_PAWNWEAKNESSES:0.4612937150052296
CE_PIECEACTIVITY:0.5023620424599479
CE_KINGPAWNSHIELD:0.4720098900148727
CE_PIECECOORDINATION:0.5180365825639333
CE_MATERIAL:0.49012026125640845
CE_KINGSAFETY:0.481302095192869
C_PIECESQUARETABLES:0.5
C_MOBILITY:0.4747097647828534
C_KINGSAFETY:0.4819924822192244
C_PAWNSTRUCTURE:0.502779444823325
C_PIECECOORDINATION:0.49209377687104894
C_ROOKANDPAWNMOVEMENT:0.49209377687104894
C_CENTERCONTROL:0.5235426518995554
C_DEVELOPPIECES:0.5026521558110782
C_MATERIAL:0.49218339089888047
C_MOVECOUNT:0.4603018235982
