ELO:1000
CE_PASSEDPAWNS:0.503776900000721
CE_PAWNWEAKNESSES:0.48943260378358916
CE_PIECEACTIVITY:0.49110315801520793
CE_KINGPAWNSHIELD:0.4900402527272286
CE_PIECECOORDINATION:0.5028834387430304
CE_MATERIAL:0.5136214231516452
CE_KINGSAFETY:0.5031793460625722
C_PIECESQUARETABLES:0.4969617467145236
C_MOBILITY:0.4864545337847969
C_KINGSAFETY:0.5046135237325334
C_PAWNSTRUCTURE:0.4879822413417408
C_PIECECOORDINATION:0.4911653635919525
C_ROOKANDPAWNMOVEMENT:0.4911653635919525
C_CENTERCONTROL:0.4789827394763559
C_DEVELOPPIECES:0.511001387003758
C_MATERIAL:0.505960547381997
