ELO:873
CE_PASSEDPAWNS:0.45098152372370054
CE_PAWNWEAKNESSES:0.5784128327382098
CE_PIECEACTIVITY:0.48577779338690635
CE_KINGPAWNSHIELD:0.46830145810009677
CE_PIECECOORDINATION:0.4041432376510941
CE_MATERIAL:0.4752987307532812
CE_KINGSAFETY:0.5567050462532617
C_PIECESQUARETABLES:0.49818704185528884
C_MOBILITY:0.5282465276737927
C_KINGSAFETY:0.5323504123405863
C_PAWNSTRUCTURE:0.4896796188997986
C_PIECECOORDINATION:0.4533819400879782
C_ROOKANDPAWNMOVEMENT:0.4533819400879782
C_CENTERCONTROL:0.46047256070899495
C_DEVELOPPIECES:0.5384853379787882
C_MATERIAL:0.4723564543335216
C_MOVECOUNT:0.43439819200243024
