ELO:1000
CE_PASSEDPAWNS:0.4593481583357956
CE_PAWNWEAKNESSES:0.49695253520140337
CE_PIECEACTIVITY:0.5016369321595568
CE_KINGPAWNSHIELD:0.4830776670482471
CE_PIECECOORDINATION:0.49723163594603964
CE_MATERIAL:0.5096473053221221
CE_KINGSAFETY:0.512776616142366
C_PIECESQUARETABLES:0.4768968458327823
C_MOBILITY:0.5103249926833144
C_KINGSAFETY:0.5332364121830089
C_PAWNSTRUCTURE:0.5177218527043961
C_PIECECOORDINATION:0.46185061219920076
C_ROOKANDPAWNMOVEMENT:0.46185061219920076
C_CENTERCONTROL:0.5026572793183915
C_DEVELOPPIECES:0.4487478853030282
C_MATERIAL:0.532926848005983
