ELO:847
CE_PASSEDPAWNS:0.4583093097709361
CE_PAWNWEAKNESSES:0.5428537945633694
CE_PIECEACTIVITY:0.49202943621348166
CE_KINGPAWNSHIELD:0.563653589914269
CE_PIECECOORDINATION:0.5322330497795923
CE_MATERIAL:0.5054679588867078
CE_KINGSAFETY:0.5126390328675343
C_PIECESQUARETABLES:0.5087906912421063
C_MOBILITY:0.5543205369065527
C_KINGSAFETY:0.4167923801990967
C_PAWNSTRUCTURE:0.48925848729917004
C_PIECECOORDINATION:0.5607750309700642
C_ROOKANDPAWNMOVEMENT:0.5607750309700642
C_CENTERCONTROL:0.5027198069671713
C_DEVELOPPIECES:0.4303038260182369
C_MATERIAL:0.5802257659765881
C_MOVECOUNT:0.5
