ELO:1008
CE_PASSEDPAWNS:0.4918606520034574
CE_PAWNWEAKNESSES:0.5033017305731182
CE_PIECEACTIVITY:0.536126537828116
CE_KINGPAWNSHIELD:0.5122363856683062
CE_PIECECOORDINATION:0.5271848354878939
CE_MATERIAL:0.5022992900921144
CE_KINGSAFETY:0.5
C_PIECESQUARETABLES:0.5
C_MOBILITY:0.5211265398890225
C_KINGSAFETY:0.482503523626669
C_PAWNSTRUCTURE:0.5165695141646971
C_PIECECOORDINATION:0.5163762076300153
C_ROOK:0.4869485698655712
CE_ROOK:0.5054023041133433
C_CENTERCONTROL:0.5096254495975724
C_DEVELOPPIECES:0.5271781048189464
C_MATERIAL:0.48436583696894464
C_MOVECOUNT:0.5
C_PAWNMOVEMENT:0.5059912779636543
