ELO:1000
CE_PASSEDPAWNS:0.47415406953503525
CE_PAWNWEAKNESSES:0.48819964955116135
CE_PIECEACTIVITY:0.5330786065325251
CE_KINGPAWNSHIELD:0.49527574573862276
CE_PIECECOORDINATION:0.5070786629841926
CE_MATERIAL:0.5066925012614693
CE_KINGSAFETY:0.5202201957253559
C_PIECESQUARETABLES:0.4974156125382575
C_MOBILITY:0.5083766914493231
C_KINGSAFETY:0.5406206667563289
C_PAWNSTRUCTURE:0.5154294871449652
C_PIECECOORDINATION:0.4505181041722315
C_ROOKANDPAWNMOVEMENT:0.4505181041722315
C_CENTERCONTROL:0.5216455267941683
C_DEVELOPPIECES:0.425198131014951
C_MATERIAL:0.5015773288558663
