ELO:920
CE_PASSEDPAWNS:0.5084145608139371
CE_PAWNWEAKNESSES:0.4553878850470271
CE_PIECEACTIVITY:0.46120689636064166
CE_KINGPAWNSHIELD:0.5470928060878842
CE_PIECECOORDINATION:0.5069009944669235
CE_MATERIAL:0.471944497356503
CE_KINGSAFETY:0.5303969085455029
C_PIECESQUARETABLES:0.49973220298083193
C_MOBILITY:0.4281359098358113
C_KINGSAFETY:0.5017459903023079
C_PAWNSTRUCTURE:0.5558105270555741
C_PIECECOORDINATION:0.46851309454687023
C_ROOKANDPAWNMOVEMENT:0.46851309454687023
C_CENTERCONTROL:0.3840954028000445
C_DEVELOPPIECES:0.4509175915757646
C_MATERIAL:0.4182559072770304
