ELO:885
CE_PASSEDPAWNS:0.47301085780012986
CE_PAWNWEAKNESSES:0.5005032209654497
CE_PIECEACTIVITY:0.47284574716923294
CE_KINGPAWNSHIELD:0.5259736607630698
CE_PIECECOORDINATION:0.4956751526930657
CE_MATERIAL:0.5483508743241776
CE_KINGSAFETY:0.5486615316346716
C_PIECESQUARETABLES:0.5019947755446159
C_MOBILITY:0.5379428340600221
C_KINGSAFETY:0.5091391797900091
C_PAWNSTRUCTURE:0.5130365222876045
C_PIECECOORDINATION:0.49736439402681853
C_ROOKANDPAWNMOVEMENT:0.49736439402681853
C_CENTERCONTROL:0.4729627042700349
C_DEVELOPPIECES:0.4760779802634495
C_MATERIAL:0.5021366317153783
