ELO:960
CE_PASSEDPAWNS:0.5296671265916154
CE_PAWNWEAKNESSES:0.5373130749715059
CE_PIECEACTIVITY:0.5378467446332724
CE_KINGPAWNSHIELD:0.4781534387530069
CE_PIECECOORDINATION:0.47320830524184176
CE_MATERIAL:0.4550080244148867
CE_KINGSAFETY:0.5
C_PIECESQUARETABLES:0.5084624354461103
C_MOBILITY:0.4978479249275258
C_KINGSAFETY:0.5288686700265669
C_PAWNSTRUCTURE:0.5114802080309652
C_PIECECOORDINATION:0.5200211482879018
C_ROOK:0.4871771213232622
CE_ROOK:0.4937329323517055
C_CENTERCONTROL:0.4995520548321699
C_DEVELOPPIECES:0.4980310513068434
C_MATERIAL:0.488730185018909
C_MOVECOUNT:0.5060056067276939
C_PAWNMOVEMENT:0.47390276561572814
