ELO:962
CE_PASSEDPAWNS:0.5012652902152605
CE_PAWNWEAKNESSES:0.4928163532516332
CE_PIECEACTIVITY:0.5201937523083359
CE_KINGPAWNSHIELD:0.4942969264447194
CE_PIECECOORDINATION:0.48576156512127416
CE_MATERIAL:0.4845710899908726
CE_KINGSAFETY:0.4604962059256876
C_PIECESQUARETABLES:0.5118292768146441
C_MOBILITY:0.5035372536954204
C_KINGSAFETY:0.5122888163635125
C_PAWNSTRUCTURE:0.49028270883034075
C_PIECECOORDINATION:0.5020317138678574
C_ROOK:0.4791827469448082
CE_ROOK:0.5012324172245458
C_CENTERCONTROL:0.519588015433227
C_DEVELOPPIECES:0.46764126142911777
C_MATERIAL:0.4970493236918562
C_MOVECOUNT:0.5040616507983684
C_PAWNMOVEMENT:0.49030543909580304
