ELO:994
CE_PASSEDPAWNS:0.4604390096453624
CE_PAWNWEAKNESSES:0.49126612651923046
CE_PIECEACTIVITY:0.5330896558684636
CE_KINGPAWNSHIELD:0.49534758650761906
CE_PIECECOORDINATION:0.552935620711549
CE_MATERIAL:0.5319500017956883
CE_KINGSAFETY:0.4517846498628182
C_PIECESQUARETABLES:0.5062003508995704
C_MOBILITY:0.5505596150947848
C_KINGSAFETY:0.5113785890955438
C_PAWNSTRUCTURE:0.4943532307415704
C_PIECECOORDINATION:0.40699081110094554
C_ROOKANDPAWNMOVEMENT:0.40699081110094554
C_CENTERCONTROL:0.5446701694555856
C_DEVELOPPIECES:0.4226596067934603
C_MATERIAL:0.5626784556417672
