ELO:1049
CE_PASSEDPAWNS:0.4959931609355616
CE_PAWNWEAKNESSES:0.5089262315892731
CE_PIECEACTIVITY:0.511042485622021
CE_KINGPAWNSHIELD:0.4689954011660321
CE_PIECECOORDINATION:0.49100496749295786
CE_MATERIAL:0.5428991659799375
CE_KINGSAFETY:0.5
C_PIECESQUARETABLES:0.5
C_MOBILITY:0.5080002006717624
C_KINGSAFETY:0.4881133443909849
C_PAWNSTRUCTURE:0.5020962607104891
C_PIECECOORDINATION:0.5330439623367109
C_ROOK:0.5
CE_ROOK:0.5032317218143227
C_CENTERCONTROL:0.47943340078692964
C_DEVELOPPIECES:0.5025489035147771
C_MATERIAL:0.5028110968219632
C_MOVECOUNT:0.4615734026604893
C_PAWNMOVEMENT:0.4870259075401598
