ELO:1000
CE_PASSEDPAWNS:0.5
CE_PAWNWEAKNESSES:0.5
CE_PIECEACTIVITY:0.5
CE_KINGPAWNSHIELD:0.5134035504738218
CE_PIECECOORDINATION:0.4971058879357306
CE_MATERIAL:0.4901266137453741
CE_KINGSAFETY:0.5008783391580859
C_PIECESQUARETABLES:0.5109302438304167
C_MOBILITY:0.5
C_KINGSAFETY:0.5
C_PAWNSTRUCTURE:0.5
C_PIECECOORDINATION:0.49786290573228614
C_ROOK:0.4940271264762448
CE_ROOK:0.5099686541283109
C_CENTERCONTROL:0.5120301473368757
C_DEVELOPPIECES:0.5
C_MATERIAL:0.5
C_MOVECOUNT:0.5000459756568171
C_PAWNMOVEMENT:0.5
