ELO:992
CE_PASSEDPAWNS:0.44593050084180763
CE_PAWNWEAKNESSES:0.49167256391691877
CE_PIECEACTIVITY:0.513548150817312
CE_KINGPAWNSHIELD:0.4596052584950482
CE_PIECECOORDINATION:0.5063091720338955
CE_MATERIAL:0.519435309694125
CE_KINGSAFETY:0.5
C_PIECESQUARETABLES:0.5
C_MOBILITY:0.49680657775462084
C_KINGSAFETY:0.4796782585905045
C_PAWNSTRUCTURE:0.5229952033914971
C_PIECECOORDINATION:0.4602228078974826
C_ROOK:0.4869485698655712
CE_ROOK:0.5012328256061186
C_CENTERCONTROL:0.5101088073423136
C_DEVELOPPIECES:0.549462979607161
C_MATERIAL:0.5108719326789923
C_MOVECOUNT:0.5089546770745416
C_PAWNMOVEMENT:0.4905319168883052
