ELO:1000
CE_PASSEDPAWNS:0.5204737081300338
CE_PAWNWEAKNESSES:0.4755315620828309
CE_PIECEACTIVITY:0.48132000145473797
CE_KINGPAWNSHIELD:0.4999358294849741
CE_PIECECOORDINATION:0.5243164060445481
CE_MATERIAL:0.5004984611825288
CE_KINGSAFETY:0.45721791525959343
C_PIECESQUARETABLES:0.5164206964409711
C_MOBILITY:0.4689416023576583
C_KINGSAFETY:0.5139966760317191
C_PAWNSTRUCTURE:0.5020414068294441
C_PIECECOORDINATION:0.47821161150995045
C_ROOKANDPAWNMOVEMENT:0.47821161150995045
C_CENTERCONTROL:0.4928198965962929
C_DEVELOPPIECES:0.4789807120835938
C_MATERIAL:0.5045963940944809
