ELO:986
CE_PASSEDPAWNS:0.49894589741559625
CE_PAWNWEAKNESSES:0.4815019874223021
CE_PIECEACTIVITY:0.502292084500146
CE_KINGPAWNSHIELD:0.5
CE_PIECECOORDINATION:0.5005831146250023
CE_MATERIAL:0.501887960075651
CE_KINGSAFETY:0.5
C_PIECESQUARETABLES:0.5
C_MOBILITY:0.4995916696924098
C_KINGSAFETY:0.505792428464121
C_PAWNSTRUCTURE:0.49900569981566073
C_PIECECOORDINATION:0.49314016762096924
C_ROOKANDPAWNMOVEMENT:0.49314016762096924
C_CENTERCONTROL:0.5
C_DEVELOPPIECES:0.48401097448909813
C_MATERIAL:0.5164820583470658
C_MOVECOUNT:0.5
