ELO:735
CE_PASSEDPAWNS:0.4714040069958046
CE_PAWNWEAKNESSES:0.5909941451283488
CE_PIECEACTIVITY:0.4791603634166166
CE_KINGPAWNSHIELD:0.40546761237790985
CE_PIECECOORDINATION:0.4855327899404499
CE_MATERIAL:0.4195680705713064
CE_KINGSAFETY:0.5059545329978041
C_PIECESQUARETABLES:0.4876775793414213
C_MOBILITY:0.4092035717603725
C_KINGSAFETY:0.594130733310774
C_PAWNSTRUCTURE:0.47405159307125416
C_PIECECOORDINATION:0.5837108666322839
C_ROOKANDPAWNMOVEMENT:0.5837108666322839
C_CENTERCONTROL:0.4667567651692845
C_DEVELOPPIECES:0.4688411770440911
C_MATERIAL:0.5099119396236649
C_MOVECOUNT:0.45489239935847764
