ELO:918
CE_PASSEDPAWNS:0.5514289359445645
CE_PAWNWEAKNESSES:0.48580902605704157
CE_PIECEACTIVITY:0.5101471565401346
CE_KINGPAWNSHIELD:0.5116502507036261
CE_PIECECOORDINATION:0.48485714585535167
CE_MATERIAL:0.4876020891076431
CE_KINGSAFETY:0.5112738845850996
C_PIECESQUARETABLES:0.4865796439950127
C_MOBILITY:0.5029182287551905
C_KINGSAFETY:0.5307842091581407
C_PAWNSTRUCTURE:0.4910450854662454
C_PIECECOORDINATION:0.5196019091453778
C_ROOKANDPAWNMOVEMENT:0.5196019091453778
C_CENTERCONTROL:0.5181366636572251
C_DEVELOPPIECES:0.4872557691846044
C_MATERIAL:0.5040859639179018
C_MOVECOUNT:0.48755544316465027
