ELO:946
CE_PASSEDPAWNS:0.40503976580191264
CE_PAWNWEAKNESSES:0.5563079919528381
CE_PIECEACTIVITY:0.5706691045096328
CE_KINGPAWNSHIELD:0.6012338552775609
CE_PIECECOORDINATION:0.542736166769508
CE_MATERIAL:0.5488033551589637
CE_KINGSAFETY:0.5293832767997351
C_PIECESQUARETABLES:0.5156545192831886
C_MOBILITY:0.47789843046293856
C_KINGSAFETY:0.5826155414643768
C_PAWNSTRUCTURE:0.48532392858473805
C_PIECECOORDINATION:0.5016556127391657
C_ROOKANDPAWNMOVEMENT:0.5016556127391657
C_CENTERCONTROL:0.44716093381067556
C_DEVELOPPIECES:0.5184834474344467
C_MATERIAL:0.44270234966277716
