ELO:939
CE_PASSEDPAWNS:0.38246583639446097
CE_PAWNWEAKNESSES:0.5643383284982204
CE_PIECEACTIVITY:0.609781202011369
CE_KINGPAWNSHIELD:0.46507737487218537
CE_PIECECOORDINATION:0.4937013019164168
CE_MATERIAL:0.49199932079025943
CE_KINGSAFETY:0.507034389446883
C_PIECESQUARETABLES:0.5060806864469889
C_MOBILITY:0.5430548797548331
C_KINGSAFETY:0.3828252831783249
C_PAWNSTRUCTURE:0.5790509875490716
C_PIECECOORDINATION:0.48081525703663175
C_ROOKANDPAWNMOVEMENT:0.48081525703663175
C_CENTERCONTROL:0.6001650670413192
C_DEVELOPPIECES:0.34119269832121657
C_MATERIAL:0.4428198565458835
