ELO:1009
CE_PASSEDPAWNS:0.4157730840768304
CE_PAWNWEAKNESSES:0.5455747176695002
CE_PIECEACTIVITY:0.5587332471039818
CE_KINGPAWNSHIELD:0.46848208291007115
CE_PIECECOORDINATION:0.5228665876218258
CE_MATERIAL:0.4862853408153808
CE_KINGSAFETY:0.4820248481965586
C_PIECESQUARETABLES:0.5
C_MOBILITY:0.5477868719664
C_KINGSAFETY:0.409518513168951
C_PAWNSTRUCTURE:0.5669648723719483
C_PIECECOORDINATION:0.5442086312443407
C_ROOKANDPAWNMOVEMENT:0.5442086312443407
C_CENTERCONTROL:0.5622524144664689
C_DEVELOPPIECES:0.403627517235098
C_MATERIAL:0.4250035609178325
