ELO:1050
CE_PASSEDPAWNS:0.5283349004096736
CE_PAWNWEAKNESSES:0.5422516812858434
CE_PIECEACTIVITY:0.46894908371965477
CE_KINGPAWNSHIELD:0.48051525125990646
CE_PIECECOORDINATION:0.44391762504103244
CE_MATERIAL:0.517554593006939
CE_KINGSAFETY:0.48903933193900234
C_PIECESQUARETABLES:0.5381928049028575
C_MOBILITY:0.4902976899229671
C_KINGSAFETY:0.485780373762755
C_PAWNSTRUCTURE:0.475900388769208
C_PIECECOORDINATION:0.45515470380073153
C_ROOKANDPAWNMOVEMENT:0.45515470380073153
C_CENTERCONTROL:0.4862912899315871
C_DEVELOPPIECES:0.5169844535019309
C_MATERIAL:0.47872967006854444
