ELO:910
CE_PASSEDPAWNS:0.48899700365380305
CE_PAWNWEAKNESSES:0.48902293583221823
CE_PIECEACTIVITY:0.5398449740035487
CE_KINGPAWNSHIELD:0.5031610282732021
CE_PIECECOORDINATION:0.4806332275514015
CE_MATERIAL:0.5737258463130328
CE_KINGSAFETY:0.4916255693298099
C_PIECESQUARETABLES:0.5
C_MOBILITY:0.5189170806041454
C_KINGSAFETY:0.5243368257024571
C_PAWNSTRUCTURE:0.5186165457464809
C_PIECECOORDINATION:0.4783731103846124
C_ROOK:0.5578069973770624
CE_ROOK:0.5016604511514475
C_CENTERCONTROL:0.48891210060092505
C_DEVELOPPIECES:0.5045365464664944
C_MATERIAL:0.5254671699669737
C_MOVECOUNT:0.5130392377209646
C_PAWNMOVEMENT:0.485202042678497
