ELO:809
CE_PASSEDPAWNS:0.4756468582041157
CE_PAWNWEAKNESSES:0.5692904236983894
CE_PIECEACTIVITY:0.4556169162846938
CE_KINGPAWNSHIELD:0.4459188551564792
CE_PIECECOORDINATION:0.46894363961858654
CE_MATERIAL:0.48231012247943067
CE_KINGSAFETY:0.47139492768274704
C_PIECESQUARETABLES:0.5179448483688098
C_MOBILITY:0.525093621324943
C_KINGSAFETY:0.5099401029080549
C_PAWNSTRUCTURE:0.4987068469006051
C_PIECECOORDINATION:0.5196637587832095
C_ROOKANDPAWNMOVEMENT:0.5196637587832095
C_CENTERCONTROL:0.49666272714515547
C_DEVELOPPIECES:0.5002585965590358
C_MATERIAL:0.510982741687924
C_MOVECOUNT:0.5
