ELO:954
CE_PASSEDPAWNS:0.48906566029734067
CE_PAWNWEAKNESSES:0.49576372587877376
CE_PIECEACTIVITY:0.5422981512855636
CE_KINGPAWNSHIELD:0.49730509673677215
CE_PIECECOORDINATION:0.4976432789632221
CE_MATERIAL:0.5424341285851945
CE_KINGSAFETY:0.5
C_PIECESQUARETABLES:0.5042493601128433
C_MOBILITY:0.5069658200694517
C_KINGSAFETY:0.5076437973052043
C_PAWNSTRUCTURE:0.5119837203750158
C_PIECECOORDINATION:0.48499400413660926
C_ROOK:0.5804200933656753
CE_ROOK:0.5251441009986427
C_CENTERCONTROL:0.48990257341845206
C_DEVELOPPIECES:0.4889108615526606
C_MATERIAL:0.5131479323750814
C_MOVECOUNT:0.5362794440427577
C_PAWNMOVEMENT:0.4960495242660044
