ELO:936
CE_PASSEDPAWNS:0.40131998223041176
CE_PAWNWEAKNESSES:0.5899135691081421
CE_PIECEACTIVITY:0.5621930303818057
CE_KINGPAWNSHIELD:0.6074720718652198
CE_PIECECOORDINATION:0.5254401331342022
CE_MATERIAL:0.5535327783287163
CE_KINGSAFETY:0.4766202892512741
C_PIECESQUARETABLES:0.5031331658070181
C_MOBILITY:0.47128933175402793
C_KINGSAFETY:0.5965256048287849
C_PAWNSTRUCTURE:0.4581283734824796
C_PIECECOORDINATION:0.4923014508635225
C_ROOKANDPAWNMOVEMENT:0.4923014508635225
C_CENTERCONTROL:0.46663185601545804
C_DEVELOPPIECES:0.5038023708644784
C_MATERIAL:0.4773350339825683
