ELO:928
CE_PASSEDPAWNS:0.5009995714556957
CE_PAWNWEAKNESSES:0.48902293583221823
CE_PIECEACTIVITY:0.5422981512855636
CE_KINGPAWNSHIELD:0.5031610282732021
CE_PIECECOORDINATION:0.48839651803942097
CE_MATERIAL:0.5518593741214598
CE_KINGSAFETY:0.49212899585408776
C_PIECESQUARETABLES:0.5158873196657906
C_MOBILITY:0.5133557196123018
C_KINGSAFETY:0.5055648642935007
C_PAWNSTRUCTURE:0.5201743856653119
C_PIECECOORDINATION:0.491215540581211
C_ROOK:0.5750997360586853
CE_ROOK:0.5083763971878252
C_CENTERCONTROL:0.48990257341845206
C_DEVELOPPIECES:0.4971830537568326
C_MATERIAL:0.5278388328391443
C_MOVECOUNT:0.5198895413038758
C_PAWNMOVEMENT:0.4883895849988071
