ELO:988
CE_PASSEDPAWNS:0.5253937798712667
CE_PAWNWEAKNESSES:0.5128889835512717
CE_PIECEACTIVITY:0.5152906807208459
CE_KINGPAWNSHIELD:0.4076561608377238
CE_PIECECOORDINATION:0.44288533717478745
CE_MATERIAL:0.5547328671116138
CE_KINGSAFETY:0.5
C_PIECESQUARETABLES:0.5108502908320962
C_MOBILITY:0.49816549280442246
C_KINGSAFETY:0.5043911323298057
C_PAWNSTRUCTURE:0.4848126580324998
C_PIECECOORDINATION:0.5224054938398036
C_ROOKANDPAWNMOVEMENT:0.5224054938398036
C_CENTERCONTROL:0.3976101602692124
C_DEVELOPPIECES:0.5051413407083851
C_MATERIAL:0.5821381798814019
