ELO:966
CE_PASSEDPAWNS:0.5244318651511659
CE_PAWNWEAKNESSES:0.512012157817169
CE_PIECEACTIVITY:0.5147112653960013
CE_KINGPAWNSHIELD:0.5149306826998881
CE_PIECECOORDINATION:0.5106174280746019
CE_MATERIAL:0.5248704102024251
CE_KINGSAFETY:0.5075548207823284
C_PIECESQUARETABLES:0.5040591339015122
C_MOBILITY:0.4834745991225925
C_KINGSAFETY:0.4987180335790769
C_PAWNSTRUCTURE:0.48266091372646547
C_PIECECOORDINATION:0.5101690967181828
C_ROOKANDPAWNMOVEMENT:0.5101690967181828
C_CENTERCONTROL:0.4886081753656035
C_DEVELOPPIECES:0.5133087294666574
C_MATERIAL:0.5297810638928172
C_MOVECOUNT:0.5028877078664538
