ELO:976
CE_PASSEDPAWNS:0.40556886597863956
CE_PAWNWEAKNESSES:0.547029653694063
CE_PIECEACTIVITY:0.5463063329181771
CE_KINGPAWNSHIELD:0.5916611680028533
CE_PIECECOORDINATION:0.5287892052785487
CE_MATERIAL:0.5400073045042418
CE_KINGSAFETY:0.48852502292888217
C_PIECESQUARETABLES:0.49317641119352223
C_MOBILITY:0.49586153906873554
C_KINGSAFETY:0.5594800693993579
C_PAWNSTRUCTURE:0.48339152897192494
C_PIECECOORDINATION:0.4929061776816434
C_ROOKANDPAWNMOVEMENT:0.4929061776816434
C_CENTERCONTROL:0.4536954115608783
C_DEVELOPPIECES:0.5226407487707231
C_MATERIAL:0.4805555979873655
