ELO:1000
CE_PASSEDPAWNS:0.4840247235091861
CE_PAWNWEAKNESSES:0.502196905371878
CE_PIECEACTIVITY:0.49533295148549905
CE_KINGPAWNSHIELD:0.4917362432421348
CE_PIECECOORDINATION:0.47557397985709565
CE_MATERIAL:0.49467653437796416
CE_KINGSAFETY:0.5054513991584648
C_PIECESQUARETABLES:0.4807226990129903
C_MOBILITY:0.4931944193350434
C_KINGSAFETY:0.5125479386438592
C_PAWNSTRUCTURE:0.5
C_PIECECOORDINATION:0.4959772450711005
C_ROOKANDPAWNMOVEMENT:0.4959772450711005
C_CENTERCONTROL:0.5
C_DEVELOPPIECES:0.512848369138877
C_MATERIAL:0.4817758159645153
