ELO:1000
CE_PASSEDPAWNS:0.4841200917074827
CE_PAWNWEAKNESSES:0.502196905371878
CE_PIECEACTIVITY:0.49533295148549905
CE_KINGPAWNSHIELD:0.4917362432421348
CE_PIECECOORDINATION:0.4651166326682902
CE_MATERIAL:0.49467653437796416
CE_KINGSAFETY:0.5095574890330903
C_PIECESQUARETABLES:0.4807226990129903
C_MOBILITY:0.4931944193350434
C_KINGSAFETY:0.5003964893192776
C_PAWNSTRUCTURE:0.501452036713684
C_PIECECOORDINATION:0.49332980567859425
C_ROOKANDPAWNMOVEMENT:0.49332980567859425
C_CENTERCONTROL:0.4970362566900997
C_DEVELOPPIECES:0.5202865132838392
C_MATERIAL:0.4817758159645153
