ELO:894
CE_PASSEDPAWNS:0.34326507151530694
CE_PAWNWEAKNESSES:0.5944069210107149
CE_PIECEACTIVITY:0.5808934329600274
CE_KINGPAWNSHIELD:0.6115943402130553
CE_PIECECOORDINATION:0.5584426365491825
CE_MATERIAL:0.5181770097485372
CE_KINGSAFETY:0.47907360692988654
C_PIECESQUARETABLES:0.48468956304003374
C_MOBILITY:0.48095384187366513
C_KINGSAFETY:0.6192698844847764
C_PAWNSTRUCTURE:0.49778970383254656
C_PIECECOORDINATION:0.5222581057643199
C_ROOKANDPAWNMOVEMENT:0.5222581057643199
C_CENTERCONTROL:0.47754366517062735
C_DEVELOPPIECES:0.4747701540931027
C_MATERIAL:0.4976546530972344
