ELO:1000
CE_PASSEDPAWNS:0.5
CE_PAWNWEAKNESSES:0.506014077381331
CE_PIECEACTIVITY:0.5
CE_KINGPAWNSHIELD:0.49560351575703604
CE_PIECECOORDINATION:0.5072619168048128
CE_MATERIAL:0.5014872330607278
CE_KINGSAFETY:0.5
C_PIECESQUARETABLES:0.5
C_MOBILITY:0.5
C_KINGSAFETY:0.5
C_PAWNSTRUCTURE:0.5028992503116543
C_PIECECOORDINATION:0.5
C_ROOKANDPAWNMOVEMENT:0.5
C_CENTERCONTROL:0.5090746847310758
C_DEVELOPPIECES:0.5
C_MATERIAL:0.5
C_MOVECOUNT:0.5
