ELO:976
CE_PASSEDPAWNS:0.4067862514630359
CE_PAWNWEAKNESSES:0.5418097088111948
CE_PIECEACTIVITY:0.5903040241918811
CE_KINGPAWNSHIELD:0.4605600865440365
CE_PIECECOORDINATION:0.5053798755980237
CE_MATERIAL:0.5151261616234624
CE_KINGSAFETY:0.4747110955652803
C_PIECESQUARETABLES:0.4783579223033133
C_MOBILITY:0.5129827484433629
C_KINGSAFETY:0.3787449666168183
C_PAWNSTRUCTURE:0.5750021821972462
C_PIECECOORDINATION:0.540692075862169
C_ROOKANDPAWNMOVEMENT:0.540692075862169
C_CENTERCONTROL:0.5880408793052356
C_DEVELOPPIECES:0.3764552661559628
C_MATERIAL:0.43565826206911207
