ELO:900
CE_PASSEDPAWNS:0.3840954395616749
CE_PAWNWEAKNESSES:0.5976333070249407
CE_PIECEACTIVITY:0.5768916003189463
CE_KINGPAWNSHIELD:0.6127507609991836
CE_PIECECOORDINATION:0.558760288893625
CE_MATERIAL:0.5272946716609123
CE_KINGSAFETY:0.5050087106645681
C_PIECESQUARETABLES:0.485658054632774
C_MOBILITY:0.4483545886906422
C_KINGSAFETY:0.6321403141384663
C_PAWNSTRUCTURE:0.49453278693882685
C_PIECECOORDINATION:0.5224108152367659
C_ROOKANDPAWNMOVEMENT:0.5224108152367659
C_CENTERCONTROL:0.46227531919726744
C_DEVELOPPIECES:0.485931937520756
C_MATERIAL:0.47687649048108
