ELO:789
CE_PASSEDPAWNS:0.4787215824046879
CE_PAWNWEAKNESSES:0.560652696576887
CE_PIECEACTIVITY:0.44018401500696214
CE_KINGPAWNSHIELD:0.46768045405264913
CE_PIECECOORDINATION:0.4829599729767735
CE_MATERIAL:0.4639442460677509
CE_KINGSAFETY:0.5180205634117101
C_PIECESQUARETABLES:0.4852449639889236
C_MOBILITY:0.4883373995363747
C_KINGSAFETY:0.5169168405110639
C_PAWNSTRUCTURE:0.4928120511161602
C_PIECECOORDINATION:0.545340318047892
C_ROOKANDPAWNMOVEMENT:0.545340318047892
C_CENTERCONTROL:0.501888503068139
C_DEVELOPPIECES:0.49803776388736515
C_MATERIAL:0.5172791804958774
C_MOVECOUNT:0.5
