ELO:992
CE_PASSEDPAWNS:0.503134404356649
CE_PAWNWEAKNESSES:0.5074389306431851
CE_PIECEACTIVITY:0.5078838724780482
CE_KINGPAWNSHIELD:0.49902645775231963
CE_PIECECOORDINATION:0.5
CE_MATERIAL:0.5092412682677229
CE_KINGSAFETY:0.5028665471231483
C_PIECESQUARETABLES:0.5
C_MOBILITY:0.5068775902435027
C_KINGSAFETY:0.48969277004505146
C_PAWNSTRUCTURE:0.49612400771628345
C_PIECECOORDINATION:0.5369994920121435
C_ROOKANDPAWNMOVEMENT:0.5369994920121435
C_CENTERCONTROL:0.5220977833383476
C_DEVELOPPIECES:0.4893127448732432
C_MATERIAL:0.48013528725317733
C_MOVECOUNT:0.5057492310181771
