ELO:957
CE_PASSEDPAWNS:0.4201584920772754
CE_PAWNWEAKNESSES:0.5196059196362093
CE_PIECEACTIVITY:0.5569685400230107
CE_KINGPAWNSHIELD:0.5894015880227417
CE_PIECECOORDINATION:0.528069943487582
CE_MATERIAL:0.5340000137958154
CE_KINGSAFETY:0.5026610513493541
C_PIECESQUARETABLES:0.5128676169294332
C_MOBILITY:0.4863356171312396
C_KINGSAFETY:0.5710817082699844
C_PAWNSTRUCTURE:0.48872018125974204
C_PIECECOORDINATION:0.4826515463226956
C_ROOKANDPAWNMOVEMENT:0.4826515463226956
C_CENTERCONTROL:0.4510707908817424
C_DEVELOPPIECES:0.520515579102092
C_MATERIAL:0.4600673238963274
