ELO:975
CE_PASSEDPAWNS:0.4614196145209244
CE_PAWNWEAKNESSES:0.5250236941507166
CE_PIECEACTIVITY:0.51791395268618
CE_KINGPAWNSHIELD:0.5
CE_PIECECOORDINATION:0.49867864892938896
CE_MATERIAL:0.5
CE_KINGSAFETY:0.5
C_PIECESQUARETABLES:0.5
C_MOBILITY:0.5021188975785209
C_KINGSAFETY:0.4900103777839744
C_PAWNSTRUCTURE:0.4888357240043523
C_PIECECOORDINATION:0.4701160632855126
C_ROOKANDPAWNMOVEMENT:0.4701160632855126
C_CENTERCONTROL:0.4974247493259514
C_DEVELOPPIECES:0.4913475993598211
C_MATERIAL:0.4815587806153487
C_MOVECOUNT:0.5
