ELO:784
CE_PASSEDPAWNS:0.44057684984492157
CE_PAWNWEAKNESSES:0.49242825566422577
CE_PIECEACTIVITY:0.5097987567486946
CE_KINGPAWNSHIELD:0.4355407178669484
CE_PIECECOORDINATION:0.555306446904081
CE_MATERIAL:0.40467447402056417
CE_KINGSAFETY:0.5252297598099559
C_PIECESQUARETABLES:0.4870319345892259
C_MOBILITY:0.46314138996875776
C_KINGSAFETY:0.5349795552038688
C_PAWNSTRUCTURE:0.5671734074741662
C_PIECECOORDINATION:0.48132652177605095
C_ROOKANDPAWNMOVEMENT:0.48132652177605095
C_CENTERCONTROL:0.5614598466222533
C_DEVELOPPIECES:0.5226611861589024
C_MATERIAL:0.4930941313861245
C_MOVECOUNT:0.5048910198222053
