ELO:1066
CE_PASSEDPAWNS:0.5130818980151959
CE_PAWNWEAKNESSES:0.4944346532272651
CE_PIECEACTIVITY:0.5218414838946512
CE_KINGPAWNSHIELD:0.47855493155832246
CE_PIECECOORDINATION:0.5326037592562186
CE_MATERIAL:0.4789051282993241
CE_KINGSAFETY:0.5242232178233169
C_PIECESQUARETABLES:0.5
C_MOBILITY:0.4877373389429647
C_KINGSAFETY:0.5356838262536046
C_PAWNSTRUCTURE:0.4744152541688166
C_PIECECOORDINATION:0.4477489718710694
C_ROOKANDPAWNMOVEMENT:0.4477489718710694
C_CENTERCONTROL:0.4385048617886418
C_DEVELOPPIECES:0.4845200729253041
C_MATERIAL:0.48859089983064385
C_MOVECOUNT:0.530744870005986
