ELO:1089
CE_PASSEDPAWNS:0.4718053242545432
CE_PAWNWEAKNESSES:0.4629804204260446
CE_PIECEACTIVITY:0.5582240559659959
CE_KINGPAWNSHIELD:0.4887692377501839
CE_PIECECOORDINATION:0.479780512085947
CE_MATERIAL:0.4577360934394652
CE_KINGSAFETY:0.5217715144239068
C_PIECESQUARETABLES:0.5
C_MOBILITY:0.5
C_KINGSAFETY:0.522809225104277
C_PAWNSTRUCTURE:0.4166034811699906
C_PIECECOORDINATION:0.49111760486514994
C_ROOKANDPAWNMOVEMENT:0.49111760486514994
C_CENTERCONTROL:0.4670083201707996
C_DEVELOPPIECES:0.49212518288427776
C_MATERIAL:0.5243816434393418
C_MOVECOUNT:0.5121073011159746
