ELO:1032
CE_PASSEDPAWNS:0.5123521526191792
CE_PAWNWEAKNESSES:0.5057101583479351
CE_PIECEACTIVITY:0.5
CE_KINGPAWNSHIELD:0.48785739262435907
CE_PIECECOORDINATION:0.5
CE_MATERIAL:0.5019759787623986
CE_KINGSAFETY:0.5
C_PIECESQUARETABLES:0.5
C_MOBILITY:0.49749466983580803
C_KINGSAFETY:0.5
C_PAWNSTRUCTURE:0.5034295710072186
C_PIECECOORDINATION:0.5
C_ROOKANDPAWNMOVEMENT:0.5
C_CENTERCONTROL:0.5
C_DEVELOPPIECES:0.5
C_MATERIAL:0.5
