ELO:988
CE_PASSEDPAWNS:0.5253937798712667
CE_PAWNWEAKNESSES:0.49767540603864135
CE_PIECEACTIVITY:0.5115517959390631
CE_KINGPAWNSHIELD:0.4151116027499946
CE_PIECECOORDINATION:0.44538019471221774
CE_MATERIAL:0.5511833925449504
CE_KINGSAFETY:0.5
C_PIECESQUARETABLES:0.4964479679596775
C_MOBILITY:0.49816549280442246
C_KINGSAFETY:0.5019980533450243
C_PAWNSTRUCTURE:0.5113650069977819
C_PIECECOORDINATION:0.5224054938398036
C_ROOKANDPAWNMOVEMENT:0.5224054938398036
C_CENTERCONTROL:0.3899717487682713
C_DEVELOPPIECES:0.5136023139159448
C_MATERIAL:0.5860768609654412
