ELO:1000
CE_PASSEDPAWNS:0.49168594996931586
CE_PAWNWEAKNESSES:0.4897912084757452
CE_PIECEACTIVITY:0.5237622288474496
CE_KINGPAWNSHIELD:0.5158520867259306
CE_PIECECOORDINATION:0.5243533423543574
CE_MATERIAL:0.5035682196923708
CE_KINGSAFETY:0.49880182467573847
C_PIECESQUARETABLES:0.48495275420326284
C_MOBILITY:0.5126470936199352
C_KINGSAFETY:0.5254242730528267
C_PAWNSTRUCTURE:0.49495312647499257
C_PIECECOORDINATION:0.5072399628048586
C_ROOKANDPAWNMOVEMENT:0.5072399628048586
C_CENTERCONTROL:0.5059592559703553
C_DEVELOPPIECES:0.5000688665249299
C_MATERIAL:0.5100758430795653
