ELO:1000
CE_PASSEDPAWNS:0.49845760895118635
CE_PAWNWEAKNESSES:0.5156584482445781
CE_PIECEACTIVITY:0.4985957396041837
CE_KINGPAWNSHIELD:0.5200364470138726
CE_PIECECOORDINATION:0.5112139699177188
CE_MATERIAL:0.5
CE_KINGSAFETY:0.4848812554348761
C_PIECESQUARETABLES:0.5097700213381035
C_MOBILITY:0.5203999058723892
C_KINGSAFETY:0.5
C_PAWNSTRUCTURE:0.5
C_PIECECOORDINATION:0.5
C_ROOKANDPAWNMOVEMENT:0.5
C_CENTERCONTROL:0.5
C_DEVELOPPIECES:0.5109826707448251
C_MATERIAL:0.4853406112175798
C_MOVECOUNT:0.5
