ELO:1021
CE_PASSEDPAWNS:0.41417204749913855
CE_PAWNWEAKNESSES:0.5117895027831865
CE_PIECEACTIVITY:0.5339611356691563
CE_KINGPAWNSHIELD:0.5931845490595935
CE_PIECECOORDINATION:0.5221057109884176
CE_MATERIAL:0.5296994244557959
CE_KINGSAFETY:0.5251995671844818
C_PIECESQUARETABLES:0.6191522838243121
C_MOBILITY:0.5267576426363679
C_KINGSAFETY:0.5465244062691363
C_PAWNSTRUCTURE:0.44336980496914075
C_PIECECOORDINATION:0.5175970279235735
C_ROOKANDPAWNMOVEMENT:0.5175970279235735
C_CENTERCONTROL:0.47194748450542334
C_DEVELOPPIECES:0.489500398008574
C_MATERIAL:0.5083614980280652
