ELO:993
CE_PASSEDPAWNS:0.502618375130069
CE_PAWNWEAKNESSES:0.5011725184993452
CE_PIECEACTIVITY:0.49621071539631173
CE_KINGPAWNSHIELD:0.49103109573495696
CE_PIECECOORDINATION:0.48712024269794446
CE_MATERIAL:0.49367331684191046
CE_KINGSAFETY:0.493580758238544
C_PIECESQUARETABLES:0.49786293198547693
C_MOBILITY:0.5
C_KINGSAFETY:0.5071132123908371
C_PAWNSTRUCTURE:0.48778872234989734
C_PIECECOORDINATION:0.5071532398115933
C_ROOKANDPAWNMOVEMENT:0.5071532398115933
C_CENTERCONTROL:0.5
C_DEVELOPPIECES:0.4989189779682284
C_MATERIAL:0.5
C_MOVECOUNT:0.5050301985217475
