ELO:929
CE_PASSEDPAWNS:0.48906566029734067
CE_PAWNWEAKNESSES:0.4888444223883428
CE_PIECEACTIVITY:0.5422981512855636
CE_KINGPAWNSHIELD:0.5031610282732021
CE_PIECECOORDINATION:0.49921694753449763
CE_MATERIAL:0.5518593741214598
CE_KINGSAFETY:0.5
C_PIECESQUARETABLES:0.5158873196657906
C_MOBILITY:0.5102318238470711
C_KINGSAFETY:0.5008166233930621
C_PAWNSTRUCTURE:0.5201743856653119
C_PIECECOORDINATION:0.48499400413660926
C_ROOK:0.5750997360586853
CE_ROOK:0.5083763971878252
C_CENTERCONTROL:0.48990257341845206
C_DEVELOPPIECES:0.4928577550180606
C_MATERIAL:0.5216542959427266
C_MOVECOUNT:0.5198895413038758
C_PAWNMOVEMENT:0.4899374819829889
