ELO:948
CE_PASSEDPAWNS:0.5014100538758698
CE_PAWNWEAKNESSES:0.43590572137965033
CE_PIECEACTIVITY:0.5409573553165711
CE_KINGPAWNSHIELD:0.46336628180083395
CE_PIECECOORDINATION:0.4578559185484865
CE_MATERIAL:0.4204702142371954
CE_KINGSAFETY:0.47391717885426565
C_PIECESQUARETABLES:0.5333114149175545
C_MOBILITY:0.46744295516434853
C_KINGSAFETY:0.5640037284657623
C_PAWNSTRUCTURE:0.516733008335623
C_PIECECOORDINATION:0.4941779849555414
C_ROOKANDPAWNMOVEMENT:0.4941779849555414
C_CENTERCONTROL:0.41476847965738217
C_DEVELOPPIECES:0.6198707821028978
C_MATERIAL:0.4194000789954695
