ELO:884
CE_PASSEDPAWNS:0.5146225688984052
CE_PAWNWEAKNESSES:0.5454961385550153
CE_PIECEACTIVITY:0.4485821524889917
CE_KINGPAWNSHIELD:0.4710333298118583
CE_PIECECOORDINATION:0.48824811915877026
CE_MATERIAL:0.48646271395390583
CE_KINGSAFETY:0.47596930675061094
C_PIECESQUARETABLES:0.5017483778650682
C_MOBILITY:0.5208424278881406
C_KINGSAFETY:0.47711523898220565
C_PAWNSTRUCTURE:0.47534224512199313
C_PIECECOORDINATION:0.5247301470983589
C_ROOKANDPAWNMOVEMENT:0.5247301470983589
C_CENTERCONTROL:0.4904775312528117
C_DEVELOPPIECES:0.48962769789056326
C_MATERIAL:0.5226806712399547
C_MOVECOUNT:0.5
