ELO:880
CE_PASSEDPAWNS:0.32568685654467633
CE_PAWNWEAKNESSES:0.5763170433411677
CE_PIECEACTIVITY:0.5923016645357485
CE_KINGPAWNSHIELD:0.6114536012203172
CE_PIECECOORDINATION:0.5636149896402448
CE_MATERIAL:0.5123846741101532
CE_KINGSAFETY:0.4757734284035814
C_PIECESQUARETABLES:0.48705655220431365
C_MOBILITY:0.42624506663806383
C_KINGSAFETY:0.6010303803613504
C_PAWNSTRUCTURE:0.49648905166402996
C_PIECECOORDINATION:0.5225040897512523
C_ROOKANDPAWNMOVEMENT:0.5225040897512523
C_CENTERCONTROL:0.4728034662024078
C_DEVELOPPIECES:0.48897714943208387
C_MATERIAL:0.4828939815481165
