ELO:1018
CE_PASSEDPAWNS:0.494274889654991
CE_PAWNWEAKNESSES:0.5043231146384756
CE_PIECEACTIVITY:0.5044375011886773
CE_KINGPAWNSHIELD:0.5058450179680622
CE_PIECECOORDINATION:0.5
CE_MATERIAL:0.5075193045354037
CE_KINGSAFETY:0.49676169024589173
C_PIECESQUARETABLES:0.48604124449989555
C_MOBILITY:0.5098157911667237
C_KINGSAFETY:0.527287549481569
C_PAWNSTRUCTURE:0.4906270869787809
C_PIECECOORDINATION:0.5125957148779843
C_ROOKANDPAWNMOVEMENT:0.5125957148779843
C_CENTERCONTROL:0.5017671746096842
C_DEVELOPPIECES:0.4947504668852132
C_MATERIAL:0.5089171695686799
