ELO:682
CE_PASSEDPAWNS:0.47063878759184136
CE_PAWNWEAKNESSES:0.5700478360872103
CE_PIECEACTIVITY:0.46846494423956725
CE_KINGPAWNSHIELD:0.3885778548231936
CE_PIECECOORDINATION:0.48766805171658756
CE_MATERIAL:0.4089858744918058
CE_KINGSAFETY:0.4913558176405021
C_PIECESQUARETABLES:0.4774304940490543
C_MOBILITY:0.4590786288750232
C_KINGSAFETY:0.561383869164422
C_PAWNSTRUCTURE:0.47485465028988494
C_PIECECOORDINATION:0.601947997767738
C_ROOKANDPAWNMOVEMENT:0.601947997767738
C_CENTERCONTROL:0.44217205628584827
C_DEVELOPPIECES:0.442017587883746
C_MATERIAL:0.5193814283938175
C_MOVECOUNT:0.4615658993422507
