ELO:699
CE_PASSEDPAWNS:0.51639516569261
CE_PAWNWEAKNESSES:0.5509819679145319
CE_PIECEACTIVITY:0.41103917679756813
CE_KINGPAWNSHIELD:0.5433068547846546
CE_PIECECOORDINATION:0.504260311767765
CE_MATERIAL:0.44773964571188685
CE_KINGSAFETY:0.5159223370576949
C_PIECESQUARETABLES:0.5075982917475949
C_MOBILITY:0.5388079949595287
C_KINGSAFETY:0.495627789567206
C_PAWNSTRUCTURE:0.46216082893639004
C_PIECECOORDINATION:0.5676956113183155
C_ROOKANDPAWNMOVEMENT:0.5676956113183155
C_CENTERCONTROL:0.5873307378269336
C_DEVELOPPIECES:0.5425450158204845
C_MATERIAL:0.5386390409811177
C_MOVECOUNT:0.5
