ELO:995
CE_PASSEDPAWNS:0.4975164103163173
CE_PAWNWEAKNESSES:0.4962566229536241
CE_PIECEACTIVITY:0.5083086646943425
CE_KINGPAWNSHIELD:0.5022956809614881
CE_PIECECOORDINATION:0.5
CE_MATERIAL:0.5
CE_KINGSAFETY:0.4996158551476113
C_PIECESQUARETABLES:0.5077703290392092
C_MOBILITY:0.5
C_KINGSAFETY:0.4997813833891127
C_PAWNSTRUCTURE:0.5
C_PIECECOORDINATION:0.48482281339116484
C_ROOKANDPAWNMOVEMENT:0.48482281339116484
C_CENTERCONTROL:0.5024689395471762
C_DEVELOPPIECES:0.4964621659729268
C_MATERIAL:0.5099524235614894
C_MOVECOUNT:0.5046717179986355
