ELO:1000
CE_PASSEDPAWNS:0.49179917686288493
CE_PAWNWEAKNESSES:0.5045859586944837
CE_PIECEACTIVITY:0.4763597866296338
CE_KINGPAWNSHIELD:0.5017454518762847
CE_PIECECOORDINATION:0.4947542820844476
CE_MATERIAL:0.5081294233349547
CE_KINGSAFETY:0.4937977658908639
C_PIECESQUARETABLES:0.4941748774298849
C_MOBILITY:0.4761534799764118
C_KINGSAFETY:0.4362949292719677
C_PAWNSTRUCTURE:0.4176576102657557
C_PIECECOORDINATION:0.4477972303686045
C_ROOKANDPAWNMOVEMENT:0.4477972303686045
C_CENTERCONTROL:0.488992340217558
C_DEVELOPPIECES:0.503629213028173
C_MATERIAL:0.5014367794135436
