ELO:982
CE_PASSEDPAWNS:0.47443985800060945
CE_PAWNWEAKNESSES:0.48480116289748
CE_PIECEACTIVITY:0.4988096257431277
CE_KINGPAWNSHIELD:0.49734005215671023
CE_PIECECOORDINATION:0.48104352202768086
CE_MATERIAL:0.4943305498388842
CE_KINGSAFETY:0.5
C_PIECESQUARETABLES:0.5042254424892335
C_MOBILITY:0.49863649096373003
C_KINGSAFETY:0.4854351602543372
C_PAWNSTRUCTURE:0.4805896742037106
C_PIECECOORDINATION:0.5029486433068907
C_ROOK:0.510765321974814
CE_ROOK:0.4878997763337479
C_CENTERCONTROL:0.48932406886295604
C_DEVELOPPIECES:0.49823655828677355
C_MATERIAL:0.4839782322109361
C_MOVECOUNT:0.4873587697301521
C_PAWNMOVEMENT:0.49653921161330294
