ELO:930
CE_PASSEDPAWNS:0.5147140093563075
CE_PAWNWEAKNESSES:0.5162221799368867
CE_PIECEACTIVITY:0.49751792533004424
CE_KINGPAWNSHIELD:0.506694710375376
CE_PIECECOORDINATION:0.5374559521226102
CE_MATERIAL:0.45905847626294427
CE_KINGSAFETY:0.5073974579927368
C_PIECESQUARETABLES:0.5026513828126031
C_MOBILITY:0.47689044797058533
C_KINGSAFETY:0.5007155913102598
C_PAWNSTRUCTURE:0.5165276033788206
C_PIECECOORDINATION:0.4607350453975653
C_ROOKANDPAWNMOVEMENT:0.4607350453975653
C_CENTERCONTROL:0.5311829467324714
C_DEVELOPPIECES:0.5354677078384285
C_MATERIAL:0.5108651203710963
C_MOVECOUNT:0.5
