ELO:914
CE_PASSEDPAWNS:0.5147242255379728
CE_PAWNWEAKNESSES:0.4943805415340569
CE_PIECEACTIVITY:0.4934986469432285
CE_KINGPAWNSHIELD:0.4871181146140055
CE_PIECECOORDINATION:0.5557792367925415
CE_MATERIAL:0.47007709216249677
CE_KINGSAFETY:0.5539279891939204
C_PIECESQUARETABLES:0.5000695002065662
C_MOBILITY:0.4806862200401283
C_KINGSAFETY:0.4935278052777876
C_PAWNSTRUCTURE:0.5165276033788206
C_PIECECOORDINATION:0.45895277670405904
C_ROOKANDPAWNMOVEMENT:0.45895277670405904
C_CENTERCONTROL:0.5218513118526388
C_DEVELOPPIECES:0.5390423385157646
C_MATERIAL:0.5117923645696616
C_MOVECOUNT:0.5
