ELO:1000
CE_PASSEDPAWNS:0.43216306552416756
CE_PAWNWEAKNESSES:0.5015599102286138
CE_PIECEACTIVITY:0.44647950183772916
CE_KINGPAWNSHIELD:0.50768624771554
CE_PIECECOORDINATION:0.5371257045641823
CE_MATERIAL:0.4894650010598118
CE_KINGSAFETY:0.49305590496334567
C_PIECESQUARETABLES:0.5222859609432169
C_MOBILITY:0.46574241820268214
C_KINGSAFETY:0.41588294487051
C_PAWNSTRUCTURE:0.38304779680466866
C_PIECECOORDINATION:0.4665964501188127
C_ROOKANDPAWNMOVEMENT:0.4665964501188127
C_CENTERCONTROL:0.5318939096256023
C_DEVELOPPIECES:0.5239642346365966
C_MATERIAL:0.5106088469208222
