ELO:988
CE_PASSEDPAWNS:0.5130862799742755
CE_PAWNWEAKNESSES:0.49767540603864135
CE_PIECEACTIVITY:0.5075336805804957
CE_KINGPAWNSHIELD:0.4206669464628437
CE_PIECECOORDINATION:0.44538019471221774
CE_MATERIAL:0.5547659001694182
CE_KINGSAFETY:0.4967523270807754
C_PIECESQUARETABLES:0.5106335876316154
C_MOBILITY:0.5015133509871036
C_KINGSAFETY:0.5116754657988196
C_PAWNSTRUCTURE:0.4983872358225049
C_PIECECOORDINATION:0.5381652355742876
C_ROOKANDPAWNMOVEMENT:0.5381652355742876
C_CENTERCONTROL:0.40532986505586893
C_DEVELOPPIECES:0.5018015519636071
C_MATERIAL:0.590048871842884
