ELO:960
CE_PASSEDPAWNS:0.491912621570218
CE_PAWNWEAKNESSES:0.5472096533532492
CE_PIECEACTIVITY:0.46216380228943144
CE_KINGPAWNSHIELD:0.5394916957165371
CE_PIECECOORDINATION:0.5868828761039827
CE_MATERIAL:0.5273042558995737
CE_KINGSAFETY:0.5059116807571247
C_PIECESQUARETABLES:0.5053340099394984
C_MOBILITY:0.45803749820876577
C_KINGSAFETY:0.5325138474700797
C_PAWNSTRUCTURE:0.5971409100518787
C_PIECECOORDINATION:0.5940264613471321
C_ROOKANDPAWNMOVEMENT:0.5940264613471321
C_CENTERCONTROL:0.5539642523038133
C_DEVELOPPIECES:0.554405880029273
C_MATERIAL:0.5019337529485268
