ELO:886
CE_PASSEDPAWNS:0.5105861728408804
CE_PAWNWEAKNESSES:0.5081050290379173
CE_PIECEACTIVITY:0.4911776593894835
CE_KINGPAWNSHIELD:0.5119826384615465
CE_PIECECOORDINATION:0.49103320160332686
CE_MATERIAL:0.5009174400614225
CE_KINGSAFETY:0.49718053587818983
C_PIECESQUARETABLES:0.4558325388277024
C_MOBILITY:0.5367240672760963
C_KINGSAFETY:0.48747057084159423
C_PAWNSTRUCTURE:0.49614968503314594
C_PIECECOORDINATION:0.5020933032835692
C_ROOKANDPAWNMOVEMENT:0.5020933032835692
C_CENTERCONTROL:0.5165673699120527
C_DEVELOPPIECES:0.47871367124965974
C_MATERIAL:0.48004624938920065
C_MOVECOUNT:0.5
