ELO:811
CE_PASSEDPAWNS:0.5000844917047974
CE_PAWNWEAKNESSES:0.51649101685544
CE_PIECEACTIVITY:0.4582951488618093
CE_KINGPAWNSHIELD:0.4933807410594304
CE_PIECECOORDINATION:0.5222643427284792
CE_MATERIAL:0.5109864229004479
CE_KINGSAFETY:0.4817803750909108
C_PIECESQUARETABLES:0.514701307051137
C_MOBILITY:0.47627534689440154
C_KINGSAFETY:0.5015660295740728
C_PAWNSTRUCTURE:0.5392154677359579
C_PIECECOORDINATION:0.566889705396591
C_ROOK:0.47522078347287533
CE_ROOK:0.4561013686089566
C_CENTERCONTROL:0.45183889254302256
C_DEVELOPPIECES:0.5093679716162889
C_MATERIAL:0.5005099026075739
C_MOVECOUNT:0.49669425694111197
C_PAWNMOVEMENT:0.47667279945552016
