ELO:969
CE_PASSEDPAWNS:0.4969630252348336
CE_PAWNWEAKNESSES:0.5226795067143012
CE_PIECEACTIVITY:0.4728074421748167
CE_KINGPAWNSHIELD:0.5123921651193101
CE_PIECECOORDINATION:0.5146921027419662
CE_MATERIAL:0.4903118871762489
CE_KINGSAFETY:0.5
C_PIECESQUARETABLES:0.5
C_MOBILITY:0.4980028429302612
C_KINGSAFETY:0.5365692076128988
C_PAWNSTRUCTURE:0.5473364428473836
C_PIECECOORDINATION:0.5031554396624268
C_ROOKANDPAWNMOVEMENT:0.5031554396624268
C_CENTERCONTROL:0.4604907885099149
C_DEVELOPPIECES:0.49794760493377227
C_MATERIAL:0.4989720314933179
C_MOVECOUNT:0.49676710341213426
