ELO:957
CE_PASSEDPAWNS:0.48496612412994966
CE_PAWNWEAKNESSES:0.4579645775435584
CE_PIECEACTIVITY:0.5152833329914122
CE_KINGPAWNSHIELD:0.5
CE_PIECECOORDINATION:0.5
CE_MATERIAL:0.5097718992535257
CE_KINGSAFETY:0.509032760700951
C_PIECESQUARETABLES:0.5
C_MOBILITY:0.5060961530449548
C_KINGSAFETY:0.5071132123908371
C_PAWNSTRUCTURE:0.49431588870111887
C_PIECECOORDINATION:0.5017371106567716
C_ROOKANDPAWNMOVEMENT:0.5017371106567716
C_CENTERCONTROL:0.5222527633897405
C_DEVELOPPIECES:0.49475879203848355
C_MATERIAL:0.5
C_MOVECOUNT:0.5058130787924909
