ELO:935
CE_PASSEDPAWNS:0.5242683344931766
CE_PAWNWEAKNESSES:0.5443903952440982
CE_PIECEACTIVITY:0.48846745542392955
CE_KINGPAWNSHIELD:0.5531462075096929
CE_PIECECOORDINATION:0.561059571724171
CE_MATERIAL:0.5074675235626228
CE_KINGSAFETY:0.494379414369696
C_PIECESQUARETABLES:0.4932425891928186
C_MOBILITY:0.4502232323546716
C_KINGSAFETY:0.5511157018695536
C_PAWNSTRUCTURE:0.6037353338673503
C_PIECECOORDINATION:0.6091964870263513
C_ROOKANDPAWNMOVEMENT:0.6091964870263513
C_CENTERCONTROL:0.5479573112949829
C_DEVELOPPIECES:0.5537418983006875
C_MATERIAL:0.4775581981168103
