ELO:1000
CE_PASSEDPAWNS:0.4757047391260824
CE_PAWNWEAKNESSES:0.4920457594243977
CE_PIECEACTIVITY:0.4959315930090948
CE_KINGPAWNSHIELD:0.5110171274139413
CE_PIECECOORDINATION:0.5055918247038086
CE_MATERIAL:0.4972060304088462
CE_KINGSAFETY:0.4871021870474087
C_PIECESQUARETABLES:0.508439301801677
C_MOBILITY:0.4865688732006675
C_KINGSAFETY:0.46960098544162543
C_PAWNSTRUCTURE:0.4611242216564478
C_PIECECOORDINATION:0.4546915748554519
C_ROOKANDPAWNMOVEMENT:0.4546915748554519
C_CENTERCONTROL:0.5025560298719853
C_DEVELOPPIECES:0.5066764799771762
C_MATERIAL:0.5017763695524199
