ELO:944
CE_PASSEDPAWNS:0.5184684823510793
CE_PAWNWEAKNESSES:0.5176967883504003
CE_PIECEACTIVITY:0.4994900881029064
CE_KINGPAWNSHIELD:0.5012368970820104
CE_PIECECOORDINATION:0.48666845138584114
CE_MATERIAL:0.514207554042929
CE_KINGSAFETY:0.5068492281552404
C_PIECESQUARETABLES:0.5
C_MOBILITY:0.5409553098753871
C_KINGSAFETY:0.5108698974224646
C_PAWNSTRUCTURE:0.5041840442004527
C_PIECECOORDINATION:0.47589256267891167
C_ROOK:0.518256369592763
CE_ROOK:0.49173339792315435
C_CENTERCONTROL:0.520858870960874
C_DEVELOPPIECES:0.4773734320145213
C_MATERIAL:0.5083530987104294
C_MOVECOUNT:0.5084966225696134
C_PAWNMOVEMENT:0.5410265713496601
