ELO:959
CE_PASSEDPAWNS:0.5054165047577035
CE_PAWNWEAKNESSES:0.5055244057910797
CE_PIECEACTIVITY:0.4975800800439321
CE_KINGPAWNSHIELD:0.5248407176696643
CE_PIECECOORDINATION:0.5283358259826314
CE_MATERIAL:0.5006363525308056
CE_KINGSAFETY:0.49015375691048496
C_PIECESQUARETABLES:0.5076189047337608
C_MOBILITY:0.5023561255386537
C_KINGSAFETY:0.5013424247644601
C_PAWNSTRUCTURE:0.5233397591537242
C_PIECECOORDINATION:0.4994325812097971
C_ROOKANDPAWNMOVEMENT:0.4994325812097971
C_CENTERCONTROL:0.47784030515447473
C_DEVELOPPIECES:0.511822974525329
C_MATERIAL:0.4921246931737326
C_MOVECOUNT:0.5109291386888416
