ELO:967
CE_PASSEDPAWNS:0.4648848689460252
CE_PAWNWEAKNESSES:0.5393492734472102
CE_PIECEACTIVITY:0.4306829378874972
CE_KINGPAWNSHIELD:0.4918516624696257
CE_PIECECOORDINATION:0.5964535657081347
CE_MATERIAL:0.5137812180186414
CE_KINGSAFETY:0.48390373667696046
C_PIECESQUARETABLES:0.4875987734649712
C_MOBILITY:0.4505272932652453
C_KINGSAFETY:0.4447549689822951
C_PAWNSTRUCTURE:0.4213718906381443
C_PIECECOORDINATION:0.5081517692702698
C_ROOKANDPAWNMOVEMENT:0.5081517692702698
C_CENTERCONTROL:0.5407783850802054
C_DEVELOPPIECES:0.5441080626085826
C_MATERIAL:0.516780994545188
