ELO:943
CE_PASSEDPAWNS:0.46996195356492493
CE_PAWNWEAKNESSES:0.49207566246586987
CE_PIECEACTIVITY:0.5051009203290987
CE_KINGPAWNSHIELD:0.49633321744299247
CE_PIECECOORDINATION:0.5275731118564855
CE_MATERIAL:0.5345390377040137
CE_KINGSAFETY:0.5249070963079223
C_PIECESQUARETABLES:0.5522885847498447
C_MOBILITY:0.500596503782616
C_KINGSAFETY:0.492715828430666
C_PAWNSTRUCTURE:0.4853907947204858
C_PIECECOORDINATION:0.47243049630765577
C_ROOKANDPAWNMOVEMENT:0.47243049630765577
C_CENTERCONTROL:0.532013854763416
C_DEVELOPPIECES:0.5121152478082002
C_MATERIAL:0.5130713787489701
C_MOVECOUNT:0.5002845490662967
