ELO:1098
CE_PASSEDPAWNS:0.6159174992096742
CE_PAWNWEAKNESSES:0.5063843734396721
CE_PIECEACTIVITY:0.4712241425031383
CE_KINGPAWNSHIELD:0.426100174287423
CE_PIECECOORDINATION:0.4626855500567104
CE_MATERIAL:0.47944284564499845
CE_KINGSAFETY:0.5179402228478779
C_PIECESQUARETABLES:0.5076496911729756
C_MOBILITY:0.43635698065208806
C_KINGSAFETY:0.4853234263536242
C_PAWNSTRUCTURE:0.41319512224072
C_PIECECOORDINATION:0.497597448356691
C_ROOKANDPAWNMOVEMENT:0.497597448356691
C_CENTERCONTROL:0.5102233321132703
C_DEVELOPPIECES:0.5425489350262817
C_MATERIAL:0.4081454729976627
