ELO:991
CE_PASSEDPAWNS:0.4195698406460538
CE_PAWNWEAKNESSES:0.5386476751494265
CE_PIECEACTIVITY:0.4404142936085137
CE_KINGPAWNSHIELD:0.497597567368285
CE_PIECECOORDINATION:0.5781795164386473
CE_MATERIAL:0.4873878780308368
CE_KINGSAFETY:0.4724277983331712
C_PIECESQUARETABLES:0.5298070280309677
C_MOBILITY:0.4480881707295585
C_KINGSAFETY:0.41004907726541406
C_PAWNSTRUCTURE:0.38968212654259954
C_PIECECOORDINATION:0.4892000152998388
C_ROOKANDPAWNMOVEMENT:0.4892000152998388
C_CENTERCONTROL:0.5527354944343305
C_DEVELOPPIECES:0.5468921709254826
C_MATERIAL:0.5461782565089923
