ELO:977
CE_PASSEDPAWNS:0.47885658184026375
CE_PAWNWEAKNESSES:0.48480116289748
CE_PIECEACTIVITY:0.4988096257431277
CE_KINGPAWNSHIELD:0.49734005215671023
CE_PIECECOORDINATION:0.4931419971369207
CE_MATERIAL:0.5052748293691721
CE_KINGSAFETY:0.5
C_PIECESQUARETABLES:0.4957877353221839
C_MOBILITY:0.4868992548711839
C_KINGSAFETY:0.4862715461779557
C_PAWNSTRUCTURE:0.47551565702984694
C_PIECECOORDINATION:0.49570302899339647
C_ROOK:0.510765321974814
CE_ROOK:0.4762756570343408
C_CENTERCONTROL:0.4884765936457423
C_DEVELOPPIECES:0.49311534497812787
C_MATERIAL:0.4811173576288975
C_MOVECOUNT:0.48560898046106854
C_PAWNMOVEMENT:0.49756033501154673
