ELO:988
CE_PASSEDPAWNS:0.49245868326091846
CE_PAWNWEAKNESSES:0.49058574548045697
CE_PIECEACTIVITY:0.5264351391009586
CE_KINGPAWNSHIELD:0.5531399174081735
CE_PIECECOORDINATION:0.5200704433389741
CE_MATERIAL:0.5049154460846125
CE_KINGSAFETY:0.5421751111669741
C_PIECESQUARETABLES:0.48829159540676675
C_MOBILITY:0.4754018411739846
C_KINGSAFETY:0.541942761305391
C_PAWNSTRUCTURE:0.49940850707773343
C_PIECECOORDINATION:0.564659209674028
C_ROOKANDPAWNMOVEMENT:0.564659209674028
C_CENTERCONTROL:0.48815130575165877
C_DEVELOPPIECES:0.5233416724852865
C_MATERIAL:0.4869700702561006
