ELO:925
CE_PASSEDPAWNS:0.49135001375751525
CE_PAWNWEAKNESSES:0.4948484048398178
CE_PIECEACTIVITY:0.5356263506942306
CE_KINGPAWNSHIELD:0.5057715017590433
CE_PIECECOORDINATION:0.4968127785932259
CE_MATERIAL:0.48201352782389095
CE_KINGSAFETY:0.5033948457244212
C_PIECESQUARETABLES:0.5
C_MOBILITY:0.4858428978755627
C_KINGSAFETY:0.4600724179742881
C_PAWNSTRUCTURE:0.48116490234926906
C_PIECECOORDINATION:0.5018464448867415
C_ROOKANDPAWNMOVEMENT:0.5018464448867415
C_CENTERCONTROL:0.47367988635036956
C_DEVELOPPIECES:0.5355575363243981
C_MATERIAL:0.5108085153380444
C_MOVECOUNT:0.49462268916424273
