ELO:986
CE_PASSEDPAWNS:0.5014282603864685
CE_PAWNWEAKNESSES:0.5
CE_PIECEACTIVITY:0.4763279183116796
CE_KINGPAWNSHIELD:0.47929850898937487
CE_PIECECOORDINATION:0.5084755689263537
CE_MATERIAL:0.5010520367866158
CE_KINGSAFETY:0.5014090009346472
C_PIECESQUARETABLES:0.5
C_MOBILITY:0.4930850719002962
C_KINGSAFETY:0.4904139402955246
C_PAWNSTRUCTURE:0.5121600279302289
C_PIECECOORDINATION:0.5246498342596849
C_ROOK:0.4771327391249091
CE_ROOK:0.4903873484960236
C_CENTERCONTROL:0.47741188090866393
C_DEVELOPPIECES:0.4974037138841582
C_MATERIAL:0.5107333367930353
C_MOVECOUNT:0.49126965513352744
C_PAWNMOVEMENT:0.4767840827872973
