ELO:924
CE_PASSEDPAWNS:0.4919941756593982
CE_PAWNWEAKNESSES:0.5174841131867486
CE_PIECEACTIVITY:0.44795625212354373
CE_KINGPAWNSHIELD:0.5419098480874031
CE_PIECECOORDINATION:0.5548130387768093
CE_MATERIAL:0.5649469377390317
CE_KINGSAFETY:0.45544997290510597
C_PIECESQUARETABLES:0.456930641171166
C_MOBILITY:0.4553323794057169
C_KINGSAFETY:0.4186794686221641
C_PAWNSTRUCTURE:0.39241626005066255
C_PIECECOORDINATION:0.4465295373764653
C_ROOKANDPAWNMOVEMENT:0.4465295373764653
C_CENTERCONTROL:0.5748662201527152
C_DEVELOPPIECES:0.5256181027962614
C_MATERIAL:0.46253981022862867
