ELO:1063
CE_PASSEDPAWNS:0.6209387451511991
CE_PAWNWEAKNESSES:0.4800823464910471
CE_PIECEACTIVITY:0.575373454696265
CE_KINGPAWNSHIELD:0.5476183624269677
CE_PIECECOORDINATION:0.5377518774001953
CE_MATERIAL:0.4967357802350824
CE_KINGSAFETY:0.504380505487003
C_PIECESQUARETABLES:0.500399290258185
C_MOBILITY:0.423485004672049
C_KINGSAFETY:0.47660565678204825
C_PAWNSTRUCTURE:0.4094870855872035
C_PIECECOORDINATION:0.4745566145845273
C_ROOKANDPAWNMOVEMENT:0.4745566145845273
C_CENTERCONTROL:0.47476236877667877
C_DEVELOPPIECES:0.5368110728610986
C_MATERIAL:0.40433515499508743
