ELO:995
CE_PASSEDPAWNS:0.48592856638633525
CE_PAWNWEAKNESSES:0.5
CE_PIECEACTIVITY:0.5072169869190275
CE_KINGPAWNSHIELD:0.49019278442079034
CE_PIECECOORDINATION:0.4944828188828331
CE_MATERIAL:0.5014574693118874
CE_KINGSAFETY:0.4932972507804552
C_PIECESQUARETABLES:0.5
C_MOBILITY:0.5011120315744043
C_KINGSAFETY:0.4951326654357337
C_PAWNSTRUCTURE:0.4914968569838564
C_PIECECOORDINATION:0.4966282255648632
C_ROOK:0.5175144298039879
CE_ROOK:0.5036716978315219
C_CENTERCONTROL:0.5
C_DEVELOPPIECES:0.4878688170386465
C_MATERIAL:0.5067813539853211
C_MOVECOUNT:0.4873587697301521
C_PAWNMOVEMENT:0.48483460207461393
