ELO:955
CE_PASSEDPAWNS:0.4808487501139527
CE_PAWNWEAKNESSES:0.4807937595554918
CE_PIECEACTIVITY:0.4815143021810089
CE_KINGPAWNSHIELD:0.5271845610973027
CE_PIECECOORDINATION:0.5044676245728066
CE_MATERIAL:0.47273789738937355
CE_KINGSAFETY:0.49231878061823475
C_PIECESQUARETABLES:0.49947250173101887
C_MOBILITY:0.5020555690382986
C_KINGSAFETY:0.5235171798540058
C_PAWNSTRUCTURE:0.48915766144074596
C_PIECECOORDINATION:0.4675836189189601
C_ROOK:0.5195879708775327
CE_ROOK:0.49774119377840964
C_CENTERCONTROL:0.472525536675295
C_DEVELOPPIECES:0.48768588052495043
C_MATERIAL:0.4893008913115564
C_MOVECOUNT:0.4729853998648675
C_PAWNMOVEMENT:0.494804823964172
