ELO:903
CE_PASSEDPAWNS:0.5008444526130156
CE_PAWNWEAKNESSES:0.48776651687561823
CE_PIECEACTIVITY:0.4449226162607723
CE_KINGPAWNSHIELD:0.4865769308067748
CE_PIECECOORDINATION:0.48387258116539056
CE_MATERIAL:0.44107456364843867
CE_KINGSAFETY:0.501305172458904
C_PIECESQUARETABLES:0.4725911677699946
C_MOBILITY:0.6020754295580558
C_KINGSAFETY:0.5063393123405466
C_PAWNSTRUCTURE:0.4929608921253576
C_PIECECOORDINATION:0.4915091119280776
C_ROOKANDPAWNMOVEMENT:0.4915091119280776
C_CENTERCONTROL:0.46417646083609865
C_DEVELOPPIECES:0.5161763852640215
C_MATERIAL:0.49448184528713507
C_MOVECOUNT:0.48343272693940365
