ELO:1006
CE_PASSEDPAWNS:0.5022455023610201
CE_PAWNWEAKNESSES:0.4976523538457363
CE_PIECEACTIVITY:0.4944729613494444
CE_KINGPAWNSHIELD:0.4925624238600917
CE_PIECECOORDINATION:0.5020366342774535
CE_MATERIAL:0.49109854504870987
CE_KINGSAFETY:0.5065462769317401
C_PIECESQUARETABLES:0.5022662849526779
C_MOBILITY:0.5022597044586974
C_KINGSAFETY:0.5059599792692002
C_PAWNSTRUCTURE:0.4971739944824448
C_PIECECOORDINATION:0.5
C_ROOKANDPAWNMOVEMENT:0.5
C_CENTERCONTROL:0.5016189749654559
C_DEVELOPPIECES:0.5087420713995832
C_MATERIAL:0.48913029428976645
