ELO:823
CE_PASSEDPAWNS:0.5009911852350729
CE_PAWNWEAKNESSES:0.4942087617701256
CE_PIECEACTIVITY:0.45482121781821144
CE_KINGPAWNSHIELD:0.4920051886933461
CE_PIECECOORDINATION:0.5354655921696472
CE_MATERIAL:0.4872424963501579
CE_KINGSAFETY:0.5
C_PIECESQUARETABLES:0.5063412223799142
C_MOBILITY:0.5230677152961661
C_KINGSAFETY:0.5156085511226939
C_PAWNSTRUCTURE:0.48325291553878713
C_PIECECOORDINATION:0.47654947269634534
C_ROOKANDPAWNMOVEMENT:0.47654947269634534
C_CENTERCONTROL:0.4902256992074718
C_DEVELOPPIECES:0.5012145128914786
C_MATERIAL:0.5160659613262011
C_MOVECOUNT:0.5
