ELO:978
CE_PASSEDPAWNS:0.49282693498671953
CE_PAWNWEAKNESSES:0.5422169836223408
CE_PIECEACTIVITY:0.46867517147262644
CE_KINGPAWNSHIELD:0.5293420477070943
CE_PIECECOORDINATION:0.5564033700782839
CE_MATERIAL:0.5356997946856609
CE_KINGSAFETY:0.5077916794882803
C_PIECESQUARETABLES:0.5032937685815063
C_MOBILITY:0.4644899544064549
C_KINGSAFETY:0.5602674379958441
C_PAWNSTRUCTURE:0.5676394665404343
C_PIECECOORDINATION:0.5813828749841217
C_ROOKANDPAWNMOVEMENT:0.5813828749841217
C_CENTERCONTROL:0.560163354551212
C_DEVELOPPIECES:0.5287339786761324
C_MATERIAL:0.5028831746610644
