ELO:942
CE_PASSEDPAWNS:0.4624940422100713
CE_PAWNWEAKNESSES:0.49273789815125146
CE_PIECEACTIVITY:0.4564813684316219
CE_KINGPAWNSHIELD:0.49528803255699627
CE_PIECECOORDINATION:0.5909049556703597
CE_MATERIAL:0.5348062177821864
CE_KINGSAFETY:0.4541175542244561
C_PIECESQUARETABLES:0.4874157226826588
C_MOBILITY:0.47896723935429586
C_KINGSAFETY:0.45874955443592247
C_PAWNSTRUCTURE:0.4033471127670837
C_PIECECOORDINATION:0.4827659983969405
C_ROOKANDPAWNMOVEMENT:0.4827659983969405
C_CENTERCONTROL:0.5502606109975541
C_DEVELOPPIECES:0.5442430251366951
C_MATERIAL:0.4775607308636543
