ELO:900
CE_PASSEDPAWNS:0.5326609022216872
CE_PAWNWEAKNESSES:0.6102382096157934
CE_PIECEACTIVITY:0.45945078557119295
CE_KINGPAWNSHIELD:0.4829336990952403
CE_PIECECOORDINATION:0.5564567383246973
CE_MATERIAL:0.4598558139304965
CE_KINGSAFETY:0.4735620324259045
C_PIECESQUARETABLES:0.5536410400442187
C_MOBILITY:0.41529388180277377
C_KINGSAFETY:0.5000017436142047
C_PAWNSTRUCTURE:0.586698447233488
C_PIECECOORDINATION:0.5703196783063744
C_ROOKANDPAWNMOVEMENT:0.5703196783063744
C_CENTERCONTROL:0.5300518696435471
C_DEVELOPPIECES:0.49848692844034787
C_MATERIAL:0.488364554696064
