ELO:859
CE_PASSEDPAWNS:0.5226481074634808
CE_PAWNWEAKNESSES:0.4965607975467749
CE_PIECEACTIVITY:0.4305492076553953
CE_KINGPAWNSHIELD:0.5287721682619825
CE_PIECECOORDINATION:0.5059555011093412
CE_MATERIAL:0.4690326140623724
CE_KINGSAFETY:0.505465141370076
C_PIECESQUARETABLES:0.4816298215752106
C_MOBILITY:0.6293485731116023
C_KINGSAFETY:0.48890528203979977
C_PAWNSTRUCTURE:0.4852025263024605
C_PIECECOORDINATION:0.4404259826773737
C_ROOKANDPAWNMOVEMENT:0.4404259826773737
C_CENTERCONTROL:0.478055313445666
C_DEVELOPPIECES:0.5264627761778634
C_MATERIAL:0.4888970819808431
C_MOVECOUNT:0.5055059656279683
