ELO:615
CE_PASSEDPAWNS:0.5667985294476527
CE_PAWNWEAKNESSES:0.5947055355822097
CE_PIECEACTIVITY:0.4406849596430302
CE_KINGPAWNSHIELD:0.5773998044471716
CE_PIECECOORDINATION:0.5434483653811581
CE_MATERIAL:0.47158081195147206
CE_KINGSAFETY:0.45758313540983775
C_PIECESQUARETABLES:0.4999824544629786
C_MOBILITY:0.575177416849337
C_KINGSAFETY:0.4860093805105598
C_PAWNSTRUCTURE:0.45945759913186246
C_PIECECOORDINATION:0.5878091955504502
C_ROOKANDPAWNMOVEMENT:0.5878091955504502
C_CENTERCONTROL:0.5446962636258014
C_DEVELOPPIECES:0.5861300107302543
C_MATERIAL:0.5537698254949202
C_MOVECOUNT:0.49185963877709227
