ELO:1008
CE_PASSEDPAWNS:0.5080749929008598
CE_PAWNWEAKNESSES:0.49622140533135145
CE_PIECEACTIVITY:0.5084448997972002
CE_KINGPAWNSHIELD:0.5
CE_PIECECOORDINATION:0.5
CE_MATERIAL:0.5050220713713223
CE_KINGSAFETY:0.5065462769317401
C_PIECESQUARETABLES:0.49053695075235554
C_MOBILITY:0.511927406007761
C_KINGSAFETY:0.4886892541486558
C_PAWNSTRUCTURE:0.5116738322590104
C_PIECECOORDINATION:0.512164378908608
C_ROOKANDPAWNMOVEMENT:0.512164378908608
C_CENTERCONTROL:0.5123392179661808
C_DEVELOPPIECES:0.5075684096107238
C_MATERIAL:0.5124180688341894
