ELO:988
CE_PASSEDPAWNS:0.5253937798712667
CE_PAWNWEAKNESSES:0.49767540603864135
CE_PIECEACTIVITY:0.5075336805804957
CE_KINGPAWNSHIELD:0.4206669464628437
CE_PIECECOORDINATION:0.4362285149362695
CE_MATERIAL:0.5633718883316834
CE_KINGSAFETY:0.4967523270807754
C_PIECESQUARETABLES:0.49614312832955837
C_MOBILITY:0.5057386129983886
C_KINGSAFETY:0.5116754657988196
C_PAWNSTRUCTURE:0.4848126580324998
C_PIECECOORDINATION:0.5475949243931593
C_ROOKANDPAWNMOVEMENT:0.5475949243931593
C_CENTERCONTROL:0.3976101602692124
C_DEVELOPPIECES:0.5179445318682142
C_MATERIAL:0.5859692747107864
