ELO:988
CE_PASSEDPAWNS:0.5156839845540195
CE_PAWNWEAKNESSES:0.5128889835512717
CE_PIECEACTIVITY:0.5065846510475029
CE_KINGPAWNSHIELD:0.4206669464628437
CE_PIECECOORDINATION:0.46629718262631825
CE_MATERIAL:0.5547659001694182
CE_KINGSAFETY:0.5023226965551749
C_PIECESQUARETABLES:0.502081741597079
C_MOBILITY:0.4987468968522341
C_KINGSAFETY:0.5146272065354888
C_PAWNSTRUCTURE:0.5210575103955976
C_PIECECOORDINATION:0.5224054938398036
C_ROOKANDPAWNMOVEMENT:0.5224054938398036
C_CENTERCONTROL:0.40826612371076276
C_DEVELOPPIECES:0.5067495606305472
C_MATERIAL:0.5758012963040124
