ELO:956
CE_PASSEDPAWNS:0.5184684823510793
CE_PAWNWEAKNESSES:0.5176967883504003
CE_PIECEACTIVITY:0.494585361978338
CE_KINGPAWNSHIELD:0.5044887666320478
CE_PIECECOORDINATION:0.48666845138584114
CE_MATERIAL:0.514207554042929
CE_KINGSAFETY:0.5
C_PIECESQUARETABLES:0.5
C_MOBILITY:0.5409553098753871
C_KINGSAFETY:0.5052886215917612
C_PAWNSTRUCTURE:0.4973442938938453
C_PIECECOORDINATION:0.47589256267891167
C_ROOK:0.5134887298886388
CE_ROOK:0.49173339792315435
C_CENTERCONTROL:0.5322466849929178
C_DEVELOPPIECES:0.4773734320145213
C_MATERIAL:0.5083530987104294
C_MOVECOUNT:0.5097475948095455
C_PAWNMOVEMENT:0.5410265713496601
