ELO:976
CE_PASSEDPAWNS:0.4695371935178065
CE_PAWNWEAKNESSES:0.5138214248638996
CE_PIECEACTIVITY:0.4186219666437577
CE_KINGPAWNSHIELD:0.5110354041202259
CE_PIECECOORDINATION:0.6074754502579301
CE_MATERIAL:0.5423214805589522
CE_KINGSAFETY:0.4917921121911485
C_PIECESQUARETABLES:0.5050289782754032
C_MOBILITY:0.4368771187392341
C_KINGSAFETY:0.43963466797836115
C_PAWNSTRUCTURE:0.40015194094090517
C_PIECECOORDINATION:0.49368311816702704
C_ROOKANDPAWNMOVEMENT:0.49368311816702704
C_CENTERCONTROL:0.5320370174409159
C_DEVELOPPIECES:0.5566976602501813
C_MATERIAL:0.5216155352798056
