ELO:996
CE_PASSEDPAWNS:0.5090746247106019
CE_PAWNWEAKNESSES:0.5
CE_PIECEACTIVITY:0.5005419436260273
CE_KINGPAWNSHIELD:0.5091110605841124
CE_PIECECOORDINATION:0.5120403514545678
CE_MATERIAL:0.504432085740742
CE_KINGSAFETY:0.5
C_PIECESQUARETABLES:0.5
C_MOBILITY:0.5091683661874958
C_KINGSAFETY:0.5005506194344148
C_PAWNSTRUCTURE:0.5036222846163949
C_PIECECOORDINATION:0.49697388370689344
C_ROOKANDPAWNMOVEMENT:0.49697388370689344
C_CENTERCONTROL:0.47812605389507656
C_DEVELOPPIECES:0.5029154386117277
C_MATERIAL:0.5065263893307775
C_MOVECOUNT:0.5
