ELO:727
CE_PASSEDPAWNS:0.5201807977649735
CE_PAWNWEAKNESSES:0.5049183320272465
CE_PIECEACTIVITY:0.45706959359579813
CE_KINGPAWNSHIELD:0.48437958308695356
CE_PIECECOORDINATION:0.5190174197807119
CE_MATERIAL:0.4916644635684716
CE_KINGSAFETY:0.5027860742247091
C_PIECESQUARETABLES:0.4787490728204472
C_MOBILITY:0.5573472157168269
C_KINGSAFETY:0.49842901311269505
C_PAWNSTRUCTURE:0.477539263673051
C_PIECECOORDINATION:0.5437914034066673
C_ROOKANDPAWNMOVEMENT:0.5437914034066673
C_CENTERCONTROL:0.5384373309017506
C_DEVELOPPIECES:0.5502074123071427
C_MATERIAL:0.5247319195359963
C_MOVECOUNT:0.5
