ELO:959
CE_PASSEDPAWNS:0.5054165047577035
CE_PAWNWEAKNESSES:0.5055244057910797
CE_PIECEACTIVITY:0.4975800800439321
CE_KINGPAWNSHIELD:0.5095634195972795
CE_PIECECOORDINATION:0.5229279599424672
CE_MATERIAL:0.5006363525308056
CE_KINGSAFETY:0.5
C_PIECESQUARETABLES:0.5
C_MOBILITY:0.5020572873578176
C_KINGSAFETY:0.48588755607483247
C_PAWNSTRUCTURE:0.5187498413852945
C_PIECECOORDINATION:0.4994325812097971
C_ROOKANDPAWNMOVEMENT:0.4994325812097971
C_CENTERCONTROL:0.4758531930471787
C_DEVELOPPIECES:0.511822974525329
C_MATERIAL:0.5
C_MOVECOUNT:0.5109291386888416
