ELO:967
CE_PASSEDPAWNS:0.4864519052856083
CE_PAWNWEAKNESSES:0.48229506677571704
CE_PIECEACTIVITY:0.5101016239103382
CE_KINGPAWNSHIELD:0.5251821178325118
CE_PIECECOORDINATION:0.5478944604152947
CE_MATERIAL:0.557412225126711
CE_KINGSAFETY:0.5298198268493647
C_PIECESQUARETABLES:0.4849662646477846
C_MOBILITY:0.5068512732772287
C_KINGSAFETY:0.433995963684291
C_PAWNSTRUCTURE:0.47946932351061006
C_PIECECOORDINATION:0.5431028129589329
C_ROOKANDPAWNMOVEMENT:0.5431028129589329
C_CENTERCONTROL:0.49002271026311445
C_DEVELOPPIECES:0.5350678700484096
C_MATERIAL:0.4687192913286443
