ELO:946
CE_PASSEDPAWNS:0.5725510375160258
CE_PAWNWEAKNESSES:0.5287552652158066
CE_PIECEACTIVITY:0.4842135350724905
CE_KINGPAWNSHIELD:0.5245647461117326
CE_PIECECOORDINATION:0.43156722700574246
CE_MATERIAL:0.4694181679613265
CE_KINGSAFETY:0.5418919727106304
C_PIECESQUARETABLES:0.48499088776552646
C_MOBILITY:0.38948754780964834
C_KINGSAFETY:0.5011277239072527
C_PAWNSTRUCTURE:0.4500583683435403
C_PIECECOORDINATION:0.5029005162526695
C_ROOKANDPAWNMOVEMENT:0.5029005162526695
C_CENTERCONTROL:0.4400983777905391
C_DEVELOPPIECES:0.413937274552191
C_MATERIAL:0.5856771209116564
