ELO:960
CE_PASSEDPAWNS:0.4813163068739329
CE_PAWNWEAKNESSES:0.45228292706335516
CE_PIECEACTIVITY:0.47987084671244096
CE_KINGPAWNSHIELD:0.4598388545362257
CE_PIECECOORDINATION:0.4962592954832055
CE_MATERIAL:0.49754285428065564
CE_KINGSAFETY:0.5281794619099481
C_PIECESQUARETABLES:0.5135159436230828
C_MOBILITY:0.4731559503297774
C_KINGSAFETY:0.48286617292885675
C_PAWNSTRUCTURE:0.5041459981909265
C_PIECECOORDINATION:0.5099962234197882
C_ROOKANDPAWNMOVEMENT:0.5099962234197882
C_CENTERCONTROL:0.49310920310506057
C_DEVELOPPIECES:0.4883155577951879
C_MATERIAL:0.5031763432012534
C_MOVECOUNT:0.5
