ELO:1006
CE_PASSEDPAWNS:0.4927791374825561
CE_PAWNWEAKNESSES:0.5
CE_PIECEACTIVITY:0.5142311634874581
CE_KINGPAWNSHIELD:0.5079142200124107
CE_PIECECOORDINATION:0.49541517450247996
CE_MATERIAL:0.5115126555252048
CE_KINGSAFETY:0.509304645277642
C_PIECESQUARETABLES:0.5085636343162677
C_MOBILITY:0.5
C_KINGSAFETY:0.5
C_PAWNSTRUCTURE:0.5056383848836509
C_PIECECOORDINATION:0.4945613206259756
C_ROOKANDPAWNMOVEMENT:0.4945613206259756
C_CENTERCONTROL:0.5
C_DEVELOPPIECES:0.5253359441959117
C_MATERIAL:0.5
C_MOVECOUNT:0.5
