ELO:892
CE_PASSEDPAWNS:0.4959932774059021
CE_PAWNWEAKNESSES:0.434917946454979
CE_PIECEACTIVITY:0.5620806648336162
CE_KINGPAWNSHIELD:0.5263382598185473
CE_PIECECOORDINATION:0.5949565702613443
CE_MATERIAL:0.563420918903631
CE_KINGSAFETY:0.5132163024580553
C_PIECESQUARETABLES:0.5242042497665198
C_MOBILITY:0.39073549992709194
C_KINGSAFETY:0.5558808435650365
C_PAWNSTRUCTURE:0.49713701358554213
C_PIECECOORDINATION:0.36236093028744687
C_ROOKANDPAWNMOVEMENT:0.36236093028744687
C_CENTERCONTROL:0.49757684321882684
C_DEVELOPPIECES:0.4956851221362301
C_MATERIAL:0.6201380436925855
