ELO:975
CE_PASSEDPAWNS:0.5
CE_PAWNWEAKNESSES:0.4975951865168755
CE_PIECEACTIVITY:0.48289200298492496
CE_KINGPAWNSHIELD:0.5259690400179495
CE_PIECECOORDINATION:0.5
CE_MATERIAL:0.5083371336035334
CE_KINGSAFETY:0.4934950601502152
C_PIECESQUARETABLES:0.5008149686946425
C_MOBILITY:0.49785993644921245
C_KINGSAFETY:0.4914442754823171
C_PAWNSTRUCTURE:0.4908073899000603
C_PIECECOORDINATION:0.521761833478351
C_ROOKANDPAWNMOVEMENT:0.521761833478351
C_CENTERCONTROL:0.5081150651880167
C_DEVELOPPIECES:0.509043706174155
C_MATERIAL:0.5084947088931515
C_MOVECOUNT:0.5089791252362041
