ELO:933
CE_PASSEDPAWNS:0.5906983292674199
CE_PAWNWEAKNESSES:0.4388514288066914
CE_PIECEACTIVITY:0.581893058986966
CE_KINGPAWNSHIELD:0.5332713456862427
CE_PIECECOORDINATION:0.40577547872533004
CE_MATERIAL:0.5700474763285981
CE_KINGSAFETY:0.5092403945669487
C_PIECESQUARETABLES:0.4949814901464473
C_MOBILITY:0.4497805392389555
C_KINGSAFETY:0.5412250920252569
C_PAWNSTRUCTURE:0.5606836305369288
C_PIECECOORDINATION:0.4325050199636844
C_ROOKANDPAWNMOVEMENT:0.4325050199636844
C_CENTERCONTROL:0.49096324519023044
C_DEVELOPPIECES:0.46802932931930724
C_MATERIAL:0.5144438503030414
