ELO:972
CE_PASSEDPAWNS:0.4721935016826237
CE_PAWNWEAKNESSES:0.50029597923559
CE_PIECEACTIVITY:0.513902908217367
CE_KINGPAWNSHIELD:0.5070151675870502
CE_PIECECOORDINATION:0.5399673462560218
CE_MATERIAL:0.5727356865047291
CE_KINGSAFETY:0.5021857403537615
C_PIECESQUARETABLES:0.46037661084325526
C_MOBILITY:0.5295216706726329
C_KINGSAFETY:0.44824829019979245
C_PAWNSTRUCTURE:0.5034677433149697
C_PIECECOORDINATION:0.5494018128162396
C_ROOKANDPAWNMOVEMENT:0.5494018128162396
C_CENTERCONTROL:0.520350867240773
C_DEVELOPPIECES:0.5398105272865449
C_MATERIAL:0.4789274213865534
