ELO:973
CE_PASSEDPAWNS:0.4793108253744825
CE_PAWNWEAKNESSES:0.5065198029884581
CE_PIECEACTIVITY:0.4857030378185814
CE_KINGPAWNSHIELD:0.46452651993750516
CE_PIECECOORDINATION:0.4881190932943889
CE_MATERIAL:0.5
CE_KINGSAFETY:0.501805208758559
C_PIECESQUARETABLES:0.48521341171692217
C_MOBILITY:0.49108590396710355
C_KINGSAFETY:0.49141479951764416
C_PAWNSTRUCTURE:0.5
C_PIECECOORDINATION:0.5113375757043717
C_ROOKANDPAWNMOVEMENT:0.5113375757043717
C_CENTERCONTROL:0.5
C_DEVELOPPIECES:0.5187502902076063
C_MATERIAL:0.4882616838219988
C_MOVECOUNT:0.5
