ELO:1010
CE_PASSEDPAWNS:0.5
CE_PAWNWEAKNESSES:0.48885861905876593
CE_PIECEACTIVITY:0.5
CE_KINGPAWNSHIELD:0.5
CE_PIECECOORDINATION:0.5067289790349844
CE_MATERIAL:0.5
CE_KINGSAFETY:0.5
C_PIECESQUARETABLES:0.5
C_MOBILITY:0.5
C_KINGSAFETY:0.4982817447798161
C_PAWNSTRUCTURE:0.490663229831365
C_PIECECOORDINATION:0.5104261793102629
C_ROOK:0.5
CE_ROOK:0.5
C_CENTERCONTROL:0.5103114884324631
C_DEVELOPPIECES:0.5062155232727209
C_MATERIAL:0.4786684663682127
C_MOVECOUNT:0.5
C_PAWNMOVEMENT:0.49758546745073307
