ELO:1006
CE_PASSEDPAWNS:0.5065593231786861
CE_PAWNWEAKNESSES:0.49574577066329806
CE_PIECEACTIVITY:0.48310424324589046
CE_KINGPAWNSHIELD:0.4955419174468468
CE_PIECECOORDINATION:0.4961217920211382
CE_MATERIAL:0.5037698820179148
CE_KINGSAFETY:0.5
C_PIECESQUARETABLES:0.5
C_MOBILITY:0.5290924728822648
C_KINGSAFETY:0.4762344473877797
C_PAWNSTRUCTURE:0.4653767522849376
C_PIECECOORDINATION:0.5575992214602619
C_ROOK:0.4826055649049862
CE_ROOK:0.46942771092257596
C_CENTERCONTROL:0.5117148113767311
C_DEVELOPPIECES:0.5007667440019551
C_MATERIAL:0.4482163663892376
C_MOVECOUNT:0.5249548896683783
C_PAWNMOVEMENT:0.4985179262279614
