ELO:931
CE_PASSEDPAWNS:0.600810123041445
CE_PAWNWEAKNESSES:0.4388514288066914
CE_PIECEACTIVITY:0.5741558820948495
CE_KINGPAWNSHIELD:0.5332713456862427
CE_PIECECOORDINATION:0.40577547872533004
CE_MATERIAL:0.5653247013547174
CE_KINGSAFETY:0.5092403945669487
C_PIECESQUARETABLES:0.4949814901464473
C_MOBILITY:0.4497805392389555
C_KINGSAFETY:0.5378627207818585
C_PAWNSTRUCTURE:0.5606836305369288
C_PIECECOORDINATION:0.4431453871547394
C_ROOKANDPAWNMOVEMENT:0.4431453871547394
C_CENTERCONTROL:0.5012236052800557
C_DEVELOPPIECES:0.46802932931930724
C_MATERIAL:0.5144438503030414
