ELO:799
CE_PASSEDPAWNS:0.45913350707046713
CE_PAWNWEAKNESSES:0.4255905688269558
CE_PIECEACTIVITY:0.5314671659775733
CE_KINGPAWNSHIELD:0.5297381421928029
CE_PIECECOORDINATION:0.5858484091371926
CE_MATERIAL:0.563678620450811
CE_KINGSAFETY:0.49125298287002056
C_PIECESQUARETABLES:0.513627453105934
C_MOBILITY:0.40632887267529955
C_KINGSAFETY:0.5974632353395314
C_PAWNSTRUCTURE:0.48043690627718355
C_PIECECOORDINATION:0.33142010842013936
C_ROOKANDPAWNMOVEMENT:0.33142010842013936
C_CENTERCONTROL:0.48099281407693406
C_DEVELOPPIECES:0.4490590496140249
C_MATERIAL:0.650750997045613
