ELO:1060
CE_PASSEDPAWNS:0.4252726010080512
CE_PAWNWEAKNESSES:0.4366475387004314
CE_PIECEACTIVITY:0.44527536166687953
CE_KINGPAWNSHIELD:0.5193975284710797
CE_PIECECOORDINATION:0.5036484429874644
CE_MATERIAL:0.45154016501307226
CE_KINGSAFETY:0.5
C_PIECESQUARETABLES:0.5
C_MOBILITY:0.5883672385649751
C_KINGSAFETY:0.35557480878985126
C_PAWNSTRUCTURE:0.5511810051279755
C_PIECECOORDINATION:0.5951343058150271
C_ROOKANDPAWNMOVEMENT:0.5951343058150271
C_CENTERCONTROL:0.4995846817616017
C_DEVELOPPIECES:0.5191082021615518
C_MATERIAL:0.5636378109575684
