ELO:1094
CE_PASSEDPAWNS:0.4252726010080512
CE_PAWNWEAKNESSES:0.5363286875609813
CE_PIECEACTIVITY:0.4381841345240536
CE_KINGPAWNSHIELD:0.4018912664076091
CE_PIECECOORDINATION:0.47241335711600324
CE_MATERIAL:0.370861545389503
CE_KINGSAFETY:0.5
C_PIECESQUARETABLES:0.504649134088341
C_MOBILITY:0.3728157766794673
C_KINGSAFETY:0.3863153114154106
C_PAWNSTRUCTURE:0.5336263995800835
C_PIECECOORDINATION:0.5889764467176994
C_ROOKANDPAWNMOVEMENT:0.5889764467176994
C_CENTERCONTROL:0.5405540755029983
C_DEVELOPPIECES:0.41887494399922753
C_MATERIAL:0.5483384372176751
