ELO:1018
CE_PASSEDPAWNS:0.5071907421726984
CE_PAWNWEAKNESSES:0.5
CE_PIECEACTIVITY:0.49028919346179567
CE_KINGPAWNSHIELD:0.504400561642841
CE_PIECECOORDINATION:0.5079334526907575
CE_MATERIAL:0.5234377286736973
CE_KINGSAFETY:0.5
C_PIECESQUARETABLES:0.5
C_MOBILITY:0.48278550530959863
C_KINGSAFETY:0.4908372989742058
C_PAWNSTRUCTURE:0.4716170197161177
C_PIECECOORDINATION:0.5079180652024708
C_ROOK:0.5162458546038714
CE_ROOK:0.5099838664214744
C_CENTERCONTROL:0.5149384765969142
C_DEVELOPPIECES:0.4647401750342283
C_MATERIAL:0.481006766873375
C_MOVECOUNT:0.4906244269306584
C_PAWNMOVEMENT:0.5
