ELO:984
CE_PASSEDPAWNS:0.5115395298564562
CE_PAWNWEAKNESSES:0.49438487955265015
CE_PIECEACTIVITY:0.5
CE_KINGPAWNSHIELD:0.5123287670603919
CE_PIECECOORDINATION:0.5027924608504283
CE_MATERIAL:0.5
CE_KINGSAFETY:0.5
C_PIECESQUARETABLES:0.504606524143741
C_MOBILITY:0.5034094478799165
C_KINGSAFETY:0.501237318682171
C_PAWNSTRUCTURE:0.5123561585141733
C_PIECECOORDINATION:0.5
C_ROOKANDPAWNMOVEMENT:0.5
C_CENTERCONTROL:0.49807960489388614
C_DEVELOPPIECES:0.5
C_MATERIAL:0.5124797550407907
