ELO:958
CE_PASSEDPAWNS:0.4720910243967298
CE_PAWNWEAKNESSES:0.4995776315885412
CE_PIECEACTIVITY:0.2993390311527149
CE_KINGPAWNSHIELD:0.5129605205804415
CE_PIECECOORDINATION:0.3909338180628902
CE_MATERIAL:0.530288907940491
CE_KINGSAFETY:0.4958792230235734
C_PIECESQUARETABLES:0.4849117202231672
C_MOBILITY:0.5445459877090671
C_KINGSAFETY:0.44946798725468745
C_PAWNSTRUCTURE:0.38122629612819703
C_PIECECOORDINATION:0.4911229889351448
C_ROOKANDPAWNMOVEMENT:0.4911229889351448
C_CENTERCONTROL:0.5963350096420129
C_DEVELOPPIECES:0.5065122623453628
C_MATERIAL:0.6005274916010397
