ELO:937
CE_PASSEDPAWNS:0.5000081922014574
CE_PAWNWEAKNESSES:0.42787905389595404
CE_PIECEACTIVITY:0.5476597446900275
CE_KINGPAWNSHIELD:0.5245548380770052
CE_PIECECOORDINATION:0.5806088715201261
CE_MATERIAL:0.5583066304904097
CE_KINGSAFETY:0.49696778080805537
C_PIECESQUARETABLES:0.526259281290063
C_MOBILITY:0.3867672271000041
C_KINGSAFETY:0.569386975362384
C_PAWNSTRUCTURE:0.4754013268875228
C_PIECECOORDINATION:0.3475101308004921
C_ROOKANDPAWNMOVEMENT:0.3475101308004921
C_CENTERCONTROL:0.4933123011308228
C_DEVELOPPIECES:0.5027525443394625
C_MATERIAL:0.6109503064309069
