ELO:1012
CE_PASSEDPAWNS:0.46808090462519203
CE_PAWNWEAKNESSES:0.41900676812394605
CE_PIECEACTIVITY:0.5312991461729686
CE_KINGPAWNSHIELD:0.5114643553547591
CE_PIECECOORDINATION:0.5115126964966032
CE_MATERIAL:0.5369476878049806
CE_KINGSAFETY:0.482678431618909
C_PIECESQUARETABLES:0.49968818641639196
C_MOBILITY:0.5264563363928435
C_KINGSAFETY:0.4738552783801339
C_PAWNSTRUCTURE:0.48888183746293035
C_PIECECOORDINATION:0.5333198095639978
C_ROOKANDPAWNMOVEMENT:0.5333198095639978
C_CENTERCONTROL:0.4747652803377429
C_DEVELOPPIECES:0.44385588137612564
C_MATERIAL:0.5054910253217647
