ELO:944
CE_PASSEDPAWNS:0.572208516117212
CE_PAWNWEAKNESSES:0.4175001411303865
CE_PIECEACTIVITY:0.5841665503110923
CE_KINGPAWNSHIELD:0.5511784604232541
CE_PIECECOORDINATION:0.4454814924144965
CE_MATERIAL:0.5495456991630022
CE_KINGSAFETY:0.4692439705769696
C_PIECESQUARETABLES:0.5166636884776845
C_MOBILITY:0.4579997683334153
C_KINGSAFETY:0.5175236343483487
C_PAWNSTRUCTURE:0.560242964323102
C_PIECECOORDINATION:0.4379446812208231
C_ROOKANDPAWNMOVEMENT:0.4379446812208231
C_CENTERCONTROL:0.493092169471789
C_DEVELOPPIECES:0.4700446745273681
C_MATERIAL:0.4986259629368288
