ELO:1018
CE_PASSEDPAWNS:0.5124114087825085
CE_PAWNWEAKNESSES:0.5048478451585008
CE_PIECEACTIVITY:0.5005003024177547
CE_KINGPAWNSHIELD:0.5002952438967593
CE_PIECECOORDINATION:0.5115494327112352
CE_MATERIAL:0.49762829187284807
CE_KINGSAFETY:0.49902337041434314
C_PIECESQUARETABLES:0.4928095051343429
C_MOBILITY:0.5
C_KINGSAFETY:0.5023484239155966
C_PAWNSTRUCTURE:0.5
C_PIECECOORDINATION:0.5037788516502851
C_ROOK:0.5113805869576735
CE_ROOK:0.5064275077420857
C_CENTERCONTROL:0.4916569914771524
C_DEVELOPPIECES:0.497112990438159
C_MATERIAL:0.5062499403219147
C_MOVECOUNT:0.49525861447350256
C_PAWNMOVEMENT:0.5109003960059832
