ELO:1000
CE_PASSEDPAWNS:0.4956701979777998
CE_PAWNWEAKNESSES:0.45011950047834387
CE_PIECEACTIVITY:0.526965487093235
CE_KINGPAWNSHIELD:0.5009410654502187
CE_PIECECOORDINATION:0.508433187227815
CE_MATERIAL:0.5131881612997861
CE_KINGSAFETY:0.5109898582841008
C_PIECESQUARETABLES:0.5138542236271264
C_MOBILITY:0.5
C_KINGSAFETY:0.48572043732838627
C_PAWNSTRUCTURE:0.507248953218462
C_PIECECOORDINATION:0.510855120557577
C_ROOKANDPAWNMOVEMENT:0.510855120557577
C_CENTERCONTROL:0.4976150528141809
C_DEVELOPPIECES:0.4705394510548494
C_MATERIAL:0.492154330305084
