ELO:1089
CE_PASSEDPAWNS:0.6171148086765234
CE_PAWNWEAKNESSES:0.4984622511247543
CE_PIECEACTIVITY:0.4699907080487532
CE_KINGPAWNSHIELD:0.47738595356753744
CE_PIECECOORDINATION:0.470934976806796
CE_MATERIAL:0.46107987501427616
CE_KINGSAFETY:0.5
C_PIECESQUARETABLES:0.5
C_MOBILITY:0.42105203460517804
C_KINGSAFETY:0.5176662850011866
C_PAWNSTRUCTURE:0.41159374709656454
C_PIECECOORDINATION:0.47863206872267633
C_ROOKANDPAWNMOVEMENT:0.47863206872267633
C_CENTERCONTROL:0.5142547496629287
C_DEVELOPPIECES:0.5823466293687107
C_MATERIAL:0.42037145141469806
