ELO:974
CE_PASSEDPAWNS:0.46772848269921197
CE_PAWNWEAKNESSES:0.507604284210651
CE_PIECEACTIVITY:0.5063947693177594
CE_KINGPAWNSHIELD:0.5140849513535789
CE_PIECECOORDINATION:0.5279471117274738
CE_MATERIAL:0.5658294710561876
CE_KINGSAFETY:0.509741163222273
C_PIECESQUARETABLES:0.46037661084325526
C_MOBILITY:0.53894390767256
C_KINGSAFETY:0.45315655489881745
C_PAWNSTRUCTURE:0.5158655974776135
C_PIECECOORDINATION:0.5388153090131428
C_ROOKANDPAWNMOVEMENT:0.5388153090131428
C_CENTERCONTROL:0.520350867240773
C_DEVELOPPIECES:0.5450422548741563
C_MATERIAL:0.4720438007106145
