ELO:1000
CE_PASSEDPAWNS:0.4938085508193985
CE_PAWNWEAKNESSES:0.5044084873282998
CE_PIECEACTIVITY:0.49692549514042406
CE_KINGPAWNSHIELD:0.49259077519183375
CE_PIECECOORDINATION:0.5265919051170221
CE_MATERIAL:0.580763052819743
CE_KINGSAFETY:0.48875017068736387
C_PIECESQUARETABLES:0.4692659111882378
C_MOBILITY:0.5430156202946737
C_KINGSAFETY:0.44912282216931815
C_PAWNSTRUCTURE:0.4994339901466969
C_PIECECOORDINATION:0.5397024489120957
C_ROOKANDPAWNMOVEMENT:0.5397024489120957
C_CENTERCONTROL:0.5048253604150437
C_DEVELOPPIECES:0.5246836407235183
C_MATERIAL:0.4796742619800415
