ELO:853
CE_PASSEDPAWNS:0.4843281293309424
CE_PAWNWEAKNESSES:0.4211845685452616
CE_PIECEACTIVITY:0.5496191111795455
CE_KINGPAWNSHIELD:0.5260231409376983
CE_PIECECOORDINATION:0.6034862522882485
CE_MATERIAL:0.5739461380567206
CE_KINGSAFETY:0.5
C_PIECESQUARETABLES:0.5
C_MOBILITY:0.3921857742741074
C_KINGSAFETY:0.5636305005990434
C_PAWNSTRUCTURE:0.47699897277757225
C_PIECECOORDINATION:0.3542661423845672
C_ROOKANDPAWNMOVEMENT:0.3542661423845672
C_CENTERCONTROL:0.49851950326547045
C_DEVELOPPIECES:0.4754556992088579
C_MATERIAL:0.6428241854885618
