ELO:801
CE_PASSEDPAWNS:0.49127111174063925
CE_PAWNWEAKNESSES:0.47628835810784936
CE_PIECEACTIVITY:0.4735339245466217
CE_KINGPAWNSHIELD:0.5148583078608143
CE_PIECECOORDINATION:0.469471158432719
CE_MATERIAL:0.5425311526832103
CE_KINGSAFETY:0.5343948725720085
C_PIECESQUARETABLES:0.5040827689974711
C_MOBILITY:0.4749702104683769
C_KINGSAFETY:0.548308753085302
C_PAWNSTRUCTURE:0.5279010143625266
C_PIECECOORDINATION:0.4302692504192731
C_ROOKANDPAWNMOVEMENT:0.4302692504192731
C_CENTERCONTROL:0.5039307504932087
C_DEVELOPPIECES:0.5113272726484949
C_MATERIAL:0.47460966365482005
C_MOVECOUNT:0.495577637214429
