ELO:980
CE_PASSEDPAWNS:0.5021638000693192
CE_PAWNWEAKNESSES:0.48912335655233724
CE_PIECEACTIVITY:0.5077821315994733
CE_KINGPAWNSHIELD:0.4960293025308902
CE_PIECECOORDINATION:0.5455210289900893
CE_MATERIAL:0.5574364138790283
CE_KINGSAFETY:0.5
C_PIECESQUARETABLES:0.5
C_MOBILITY:0.5141857781045578
C_KINGSAFETY:0.43042139011435976
C_PAWNSTRUCTURE:0.4645447515580861
C_PIECECOORDINATION:0.5550535814284364
C_ROOKANDPAWNMOVEMENT:0.5550535814284364
C_CENTERCONTROL:0.5019365872062168
C_DEVELOPPIECES:0.5237795800370033
C_MATERIAL:0.4636403639903826
