ELO:766
CE_PASSEDPAWNS:0.4746605619857672
CE_PAWNWEAKNESSES:0.5165153385266346
CE_PIECEACTIVITY:0.40631780011950297
CE_KINGPAWNSHIELD:0.5212304102104732
CE_PIECECOORDINATION:0.46052873912525527
CE_MATERIAL:0.5169779443248039
CE_KINGSAFETY:0.4668031419186799
C_PIECESQUARETABLES:0.5415997635397074
C_MOBILITY:0.5208018529881177
C_KINGSAFETY:0.5368150080034677
C_PAWNSTRUCTURE:0.5034393610787119
C_PIECECOORDINATION:0.4258726331747841
C_ROOKANDPAWNMOVEMENT:0.4258726331747841
C_CENTERCONTROL:0.4652309624485838
C_DEVELOPPIECES:0.6286384429150885
C_MATERIAL:0.5864387252503469
C_MOVECOUNT:0.5
