ELO:942
CE_PASSEDPAWNS:0.5243108614884638
CE_PAWNWEAKNESSES:0.48403060600708464
CE_PIECEACTIVITY:0.47706886312486046
CE_KINGPAWNSHIELD:0.516519007104912
CE_PIECECOORDINATION:0.5022032690851127
CE_MATERIAL:0.4858681982687827
CE_KINGSAFETY:0.48038280063777306
C_PIECESQUARETABLES:0.5017169017164577
C_MOBILITY:0.48259344576762164
C_KINGSAFETY:0.4768912038414601
C_PAWNSTRUCTURE:0.5036583625621498
C_PIECECOORDINATION:0.4827100265963535
C_ROOKANDPAWNMOVEMENT:0.4827100265963535
C_CENTERCONTROL:0.5261645053588904
C_DEVELOPPIECES:0.503902480637924
C_MATERIAL:0.5284358510123187
C_MOVECOUNT:0.5
