ELO:886
CE_PASSEDPAWNS:0.46002544480165625
CE_PAWNWEAKNESSES:0.4323567256434593
CE_PIECEACTIVITY:0.5253566405611859
CE_KINGPAWNSHIELD:0.5118271846888905
CE_PIECECOORDINATION:0.587893294498667
CE_MATERIAL:0.572103590622834
CE_KINGSAFETY:0.4871592451758318
C_PIECESQUARETABLES:0.5238262852119623
C_MOBILITY:0.4038132840570752
C_KINGSAFETY:0.6381915007968317
C_PAWNSTRUCTURE:0.5067088528212793
C_PIECECOORDINATION:0.3124922086801101
C_ROOKANDPAWNMOVEMENT:0.3124922086801101
C_CENTERCONTROL:0.4777308633588816
C_DEVELOPPIECES:0.4682604254600522
C_MATERIAL:0.6498528386757882
