ELO:1060
CE_PASSEDPAWNS:0.3884433492842242
CE_PAWNWEAKNESSES:0.4366475387004314
CE_PIECEACTIVITY:0.4268297285407068
CE_KINGPAWNSHIELD:0.39452144957275465
CE_PIECECOORDINATION:0.5036484429874644
CE_MATERIAL:0.4818623963373173
CE_KINGSAFETY:0.5
C_PIECESQUARETABLES:0.5
C_MOBILITY:0.528458234858237
C_KINGSAFETY:0.35557480878985126
C_PAWNSTRUCTURE:0.5961825152383865
C_PIECECOORDINATION:0.5951343058150271
C_ROOKANDPAWNMOVEMENT:0.5951343058150271
C_CENTERCONTROL:0.4995846817616017
C_DEVELOPPIECES:0.4824137655574824
C_MATERIAL:0.6163064287211142
