ELO:797
CE_PASSEDPAWNS:0.4651364004878805
CE_PAWNWEAKNESSES:0.4167448970259262
CE_PIECEACTIVITY:0.5219674944588096
CE_KINGPAWNSHIELD:0.5299315798332978
CE_PIECECOORDINATION:0.6085069057012664
CE_MATERIAL:0.5490498917566431
CE_KINGSAFETY:0.47234117334912457
C_PIECESQUARETABLES:0.5059832097589638
C_MOBILITY:0.3975071198296526
C_KINGSAFETY:0.592440387909132
C_PAWNSTRUCTURE:0.47342886740371987
C_PIECECOORDINATION:0.3428792671199506
C_ROOKANDPAWNMOVEMENT:0.3428792671199506
C_CENTERCONTROL:0.49017782576650326
C_DEVELOPPIECES:0.44317022573834153
C_MATERIAL:0.640064406847483
