ELO:667
CE_PASSEDPAWNS:0.5002027799966301
CE_PAWNWEAKNESSES:0.4616356214558271
CE_PIECEACTIVITY:0.3964056061576771
CE_KINGPAWNSHIELD:0.47813802939680616
CE_PIECECOORDINATION:0.47425835046169795
CE_MATERIAL:0.5367179497516518
CE_KINGSAFETY:0.48014444200782824
C_PIECESQUARETABLES:0.5053994122305451
C_MOBILITY:0.5332647697476702
C_KINGSAFETY:0.5572840803097592
C_PAWNSTRUCTURE:0.4212346409083189
C_PIECECOORDINATION:0.41938716857919534
C_ROOKANDPAWNMOVEMENT:0.41938716857919534
C_CENTERCONTROL:0.41784722243948963
C_DEVELOPPIECES:0.6474021372028187
C_MATERIAL:0.5815138211084206
C_MOVECOUNT:0.4811455287859698
