ELO:939
CE_PASSEDPAWNS:0.4702109368309451
CE_PAWNWEAKNESSES:0.4425528073120591
CE_PIECEACTIVITY:0.535179559540471
CE_KINGPAWNSHIELD:0.48612765945274566
CE_PIECECOORDINATION:0.5802822677094871
CE_MATERIAL:0.5614424857881392
CE_KINGSAFETY:0.49829087999411065
C_PIECESQUARETABLES:0.5221772629811694
C_MOBILITY:0.3986871766391683
C_KINGSAFETY:0.6280542809277769
C_PAWNSTRUCTURE:0.5056262346254876
C_PIECECOORDINATION:0.31257008729243724
C_ROOKANDPAWNMOVEMENT:0.31257008729243724
C_CENTERCONTROL:0.4817543439293634
C_DEVELOPPIECES:0.44421741447476576
C_MATERIAL:0.6523992342996723
