ELO:982
CE_PASSEDPAWNS:0.5200827495367728
CE_PAWNWEAKNESSES:0.5216455404990378
CE_PIECEACTIVITY:0.47337865798659745
CE_KINGPAWNSHIELD:0.5223091071042263
CE_PIECECOORDINATION:0.5208433877884806
CE_MATERIAL:0.5006854047120125
CE_KINGSAFETY:0.5
C_PIECESQUARETABLES:0.5
C_MOBILITY:0.47415434442110677
C_KINGSAFETY:0.49723960976070763
C_PAWNSTRUCTURE:0.5095644676388512
C_PIECECOORDINATION:0.5002738625061558
C_ROOK:0.4928266083733946
CE_ROOK:0.5301883095063069
C_CENTERCONTROL:0.5299982789373977
C_DEVELOPPIECES:0.48870942002576345
C_MATERIAL:0.5286458717464537
C_MOVECOUNT:0.4655966820062668
C_PAWNMOVEMENT:0.4985179262279614
