ELO:1032
CE_PASSEDPAWNS:0.48474012380992215
CE_PAWNWEAKNESSES:0.4890510196749284
CE_PIECEACTIVITY:0.4965050794124588
CE_KINGPAWNSHIELD:0.4863888059810869
CE_PIECECOORDINATION:0.4985000793705205
CE_MATERIAL:0.5
CE_KINGSAFETY:0.5
C_PIECESQUARETABLES:0.5
C_MOBILITY:0.511146782599002
C_KINGSAFETY:0.5393137080023415
C_PAWNSTRUCTURE:0.5188020855249098
C_PIECECOORDINATION:0.4838976599166956
C_ROOKANDPAWNMOVEMENT:0.4838976599166956
C_CENTERCONTROL:0.48007119968217665
C_DEVELOPPIECES:0.48908588136172904
C_MATERIAL:0.5
C_MOVECOUNT:0.5
