ELO:814
CE_PASSEDPAWNS:0.4810360578161304
CE_PAWNWEAKNESSES:0.42766344949387736
CE_PIECEACTIVITY:0.5212661025593911
CE_KINGPAWNSHIELD:0.5333910175484939
CE_PIECECOORDINATION:0.5980748081523695
CE_MATERIAL:0.5540684708181889
CE_KINGSAFETY:0.48757888746593975
C_PIECESQUARETABLES:0.506461063671412
C_MOBILITY:0.3802294704128682
C_KINGSAFETY:0.5710554148867023
C_PAWNSTRUCTURE:0.4802441411554209
C_PIECECOORDINATION:0.33264520372839207
C_ROOKANDPAWNMOVEMENT:0.33264520372839207
C_CENTERCONTROL:0.4892429420217643
C_DEVELOPPIECES:0.47074563591748836
C_MATERIAL:0.6358338042980334
