ELO:850
CE_PASSEDPAWNS:0.48348848215587203
CE_PAWNWEAKNESSES:0.5111253165872665
CE_PIECEACTIVITY:0.48278277283335996
CE_KINGPAWNSHIELD:0.5851445959882311
CE_PIECECOORDINATION:0.4952374430905441
CE_MATERIAL:0.4996051144579181
CE_KINGSAFETY:0.5233867821676679
C_PIECESQUARETABLES:0.5019496034691168
C_MOBILITY:0.5154151411107089
C_KINGSAFETY:0.49895466743629585
C_PAWNSTRUCTURE:0.4952081582595317
C_PIECECOORDINATION:0.4791435751262444
C_ROOKANDPAWNMOVEMENT:0.4791435751262444
C_CENTERCONTROL:0.5092435918011371
C_DEVELOPPIECES:0.5917299350029458
C_MATERIAL:0.5672099954750439
C_MOVECOUNT:0.5
