ELO:933
CE_PASSEDPAWNS:0.5256352635045907
CE_PAWNWEAKNESSES:0.5035525217744559
CE_PIECEACTIVITY:0.5334038742242628
CE_KINGPAWNSHIELD:0.5121072862566738
CE_PIECECOORDINATION:0.5114212782489123
CE_MATERIAL:0.4866488697081022
CE_KINGSAFETY:0.544628795817131
C_PIECESQUARETABLES:0.5172437269036427
C_MOBILITY:0.4881840275944368
C_KINGSAFETY:0.506131821452318
C_PAWNSTRUCTURE:0.493272259843621
C_PIECECOORDINATION:0.5133867833419707
C_ROOKANDPAWNMOVEMENT:0.5133867833419707
C_CENTERCONTROL:0.5037969273878738
C_DEVELOPPIECES:0.5244171185218041
C_MATERIAL:0.511623473238617
C_MOVECOUNT:0.5006470648085823
