ELO:910
CE_PASSEDPAWNS:0.5180269050330415
CE_PAWNWEAKNESSES:0.503362451732791
CE_PIECEACTIVITY:0.46555863971600114
CE_KINGPAWNSHIELD:0.442962559440371
CE_PIECECOORDINATION:0.47289581559953264
CE_MATERIAL:0.5374142952305669
CE_KINGSAFETY:0.4598253715385598
C_PIECESQUARETABLES:0.4822632657137555
C_MOBILITY:0.548003138460919
C_KINGSAFETY:0.517508419939099
C_PAWNSTRUCTURE:0.4937976375251986
C_PIECECOORDINATION:0.4720190601556884
C_ROOKANDPAWNMOVEMENT:0.4720190601556884
C_CENTERCONTROL:0.5062166368208859
C_DEVELOPPIECES:0.5025426979681262
C_MATERIAL:0.5055835000404472
C_MOVECOUNT:0.5162859040838554
