ELO:837
CE_PASSEDPAWNS:0.6002806385727988
CE_PAWNWEAKNESSES:0.5362680891553457
CE_PIECEACTIVITY:0.5174603709076597
CE_KINGPAWNSHIELD:0.4942839028871038
CE_PIECECOORDINATION:0.48887812563453215
CE_MATERIAL:0.47923406062737367
CE_KINGSAFETY:0.5157331578693444
C_PIECESQUARETABLES:0.5127300180762611
C_MOBILITY:0.5920998114704746
C_KINGSAFETY:0.5291961336448163
C_PAWNSTRUCTURE:0.48418395390850005
C_PIECECOORDINATION:0.5694525090294844
C_ROOKANDPAWNMOVEMENT:0.5694525090294844
C_CENTERCONTROL:0.4945365178209524
C_DEVELOPPIECES:0.5367469485371449
C_MATERIAL:0.49990140046644876
C_MOVECOUNT:0.5
