ELO:998
CE_PASSEDPAWNS:0.5267681927168674
CE_PAWNWEAKNESSES:0.5070104174727319
CE_PIECEACTIVITY:0.5502722360848454
CE_KINGPAWNSHIELD:0.4604514807731078
CE_PIECECOORDINATION:0.47872074529745806
CE_MATERIAL:0.5749482597398102
CE_KINGSAFETY:0.47348050976850803
C_PIECESQUARETABLES:0.524673479372881
C_MOBILITY:0.46423162330247913
C_KINGSAFETY:0.5493806497594671
C_PAWNSTRUCTURE:0.5030646235935035
C_PIECECOORDINATION:0.47192643192884787
C_ROOKANDPAWNMOVEMENT:0.47192643192884787
C_CENTERCONTROL:0.45593161669179194
C_DEVELOPPIECES:0.5450792767012373
C_MATERIAL:0.5408656132149028
