ELO:1005
CE_PASSEDPAWNS:0.5179411527617938
CE_PAWNWEAKNESSES:0.48872948971372643
CE_PIECEACTIVITY:0.5
CE_KINGPAWNSHIELD:0.49738787782138855
CE_PIECECOORDINATION:0.5015152762050227
CE_MATERIAL:0.49279674784590377
CE_KINGSAFETY:0.5
C_PIECESQUARETABLES:0.48960489118644246
C_MOBILITY:0.49248944351025487
C_KINGSAFETY:0.48080121805281884
C_PAWNSTRUCTURE:0.5061951641169354
C_PIECECOORDINATION:0.4989869063861329
C_ROOKANDPAWNMOVEMENT:0.4989869063861329
C_CENTERCONTROL:0.49686710686900704
C_DEVELOPPIECES:0.5080370056142792
C_MATERIAL:0.5047831453030621
C_MOVECOUNT:0.5013725050161331
