ELO:988
CE_PASSEDPAWNS:0.5165481190590225
CE_PAWNWEAKNESSES:0.5359800497472602
CE_PIECEACTIVITY:0.5156080784422441
CE_KINGPAWNSHIELD:0.5234658546529247
CE_PIECECOORDINATION:0.4983528553799089
CE_MATERIAL:0.5098113377579697
CE_KINGSAFETY:0.5
C_PIECESQUARETABLES:0.4892860937231005
C_MOBILITY:0.49503272447333846
C_KINGSAFETY:0.5252807989512821
C_PAWNSTRUCTURE:0.5478400776200912
C_PIECECOORDINATION:0.4746600537062769
C_ROOKANDPAWNMOVEMENT:0.4746600537062769
C_CENTERCONTROL:0.4955146791710639
C_DEVELOPPIECES:0.5012373877325974
C_MATERIAL:0.5129665885831385
