ELO:1005
CE_PASSEDPAWNS:0.5
CE_PAWNWEAKNESSES:0.5045519761063899
CE_PIECEACTIVITY:0.5052934095897249
CE_KINGPAWNSHIELD:0.5144412548938194
CE_PIECECOORDINATION:0.5078273181067455
CE_MATERIAL:0.49279674784590377
CE_KINGSAFETY:0.5
C_PIECESQUARETABLES:0.48960489118644246
C_MOBILITY:0.49248944351025487
C_KINGSAFETY:0.4863834508761901
C_PAWNSTRUCTURE:0.4960874973762316
C_PIECECOORDINATION:0.5
C_ROOKANDPAWNMOVEMENT:0.5
C_CENTERCONTROL:0.48708801822032516
C_DEVELOPPIECES:0.5080370056142792
C_MATERIAL:0.503458650498227
C_MOVECOUNT:0.5
