ELO:964
CE_PASSEDPAWNS:0.46777092758049027
CE_PAWNWEAKNESSES:0.4822855923368413
CE_PIECEACTIVITY:0.5817005174367847
CE_KINGPAWNSHIELD:0.4257040097631467
CE_PIECECOORDINATION:0.45069051073649347
CE_MATERIAL:0.4087384068878964
CE_KINGSAFETY:0.49499537562679624
C_PIECESQUARETABLES:0.47665898268350215
C_MOBILITY:0.43395845801041977
C_KINGSAFETY:0.4989209637932615
C_PAWNSTRUCTURE:0.5168515428801577
C_PIECECOORDINATION:0.4862429819175368
C_ROOKANDPAWNMOVEMENT:0.4862429819175368
C_CENTERCONTROL:0.5357430371646037
C_DEVELOPPIECES:0.5643588671615348
C_MATERIAL:0.44495675521722877
