ELO:700
CE_PASSEDPAWNS:0.49547880483400303
CE_PAWNWEAKNESSES:0.5291584813106307
CE_PIECEACTIVITY:0.5620202324167852
CE_KINGPAWNSHIELD:0.5572550512096043
CE_PIECECOORDINATION:0.5455030413710598
CE_MATERIAL:0.5549599948237474
CE_KINGSAFETY:0.5018296351786745
C_PIECESQUARETABLES:0.503524022519373
C_MOBILITY:0.5008129305108715
C_KINGSAFETY:0.4882274320422145
C_PAWNSTRUCTURE:0.4937698827867373
C_PIECECOORDINATION:0.4001476595333335
C_ROOKANDPAWNMOVEMENT:0.4001476595333335
C_CENTERCONTROL:0.5215881193562786
C_DEVELOPPIECES:0.5481448129407083
C_MATERIAL:0.5468319584146765
C_MOVECOUNT:0.46703334338404184
