ELO:967
CE_PASSEDPAWNS:0.5054455726671548
CE_PAWNWEAKNESSES:0.5272689708204689
CE_PIECEACTIVITY:0.48238738474428905
CE_KINGPAWNSHIELD:0.5406205396929766
CE_PIECECOORDINATION:0.4815544205295553
CE_MATERIAL:0.4501425482991187
CE_KINGSAFETY:0.5066399719893477
C_PIECESQUARETABLES:0.49029651186317974
C_MOBILITY:0.4566582248284328
C_KINGSAFETY:0.521142136290696
C_PAWNSTRUCTURE:0.5735751154366633
C_PIECECOORDINATION:0.47639658353111797
C_ROOKANDPAWNMOVEMENT:0.47639658353111797
C_CENTERCONTROL:0.520131701185088
C_DEVELOPPIECES:0.5067943438051138
C_MATERIAL:0.43231898870873914
