ELO:974
CE_PASSEDPAWNS:0.5421277844286632
CE_PAWNWEAKNESSES:0.4893429729539854
CE_PIECEACTIVITY:0.5052771341839453
CE_KINGPAWNSHIELD:0.5363100940671377
CE_PIECECOORDINATION:0.4439680077798122
CE_MATERIAL:0.48941235745729095
CE_KINGSAFETY:0.5193555578558932
C_PIECESQUARETABLES:0.49308520608349593
C_MOBILITY:0.44247266802777935
C_KINGSAFETY:0.5496379641301086
C_PAWNSTRUCTURE:0.527737938415309
C_PIECECOORDINATION:0.5
C_ROOKANDPAWNMOVEMENT:0.5
C_CENTERCONTROL:0.4625746268689182
C_DEVELOPPIECES:0.4213869663536853
C_MATERIAL:0.49607324003361747
C_MOVECOUNT:0.49533923412687525
