ELO:978
CE_PASSEDPAWNS:0.5462835678176639
CE_PAWNWEAKNESSES:0.5052788003009371
CE_PIECEACTIVITY:0.5519358288549666
CE_KINGPAWNSHIELD:0.46086925556646835
CE_PIECECOORDINATION:0.48638417215365026
CE_MATERIAL:0.5663281195528665
CE_KINGSAFETY:0.5007221142941999
C_PIECESQUARETABLES:0.5
C_MOBILITY:0.4786403742817232
C_KINGSAFETY:0.5608732620993822
C_PAWNSTRUCTURE:0.5142655574813576
C_PIECECOORDINATION:0.478204940214287
C_ROOKANDPAWNMOVEMENT:0.478204940214287
C_CENTERCONTROL:0.4688336304304979
C_DEVELOPPIECES:0.5255124270988328
C_MATERIAL:0.571561413211432
