ELO:954
CE_PASSEDPAWNS:0.4888847656568116
CE_PAWNWEAKNESSES:0.526946395151168
CE_PIECEACTIVITY:0.5502811704214864
CE_KINGPAWNSHIELD:0.43376601506658585
CE_PIECECOORDINATION:0.5202509927476933
CE_MATERIAL:0.4238715040181019
CE_KINGSAFETY:0.4912105883064929
C_PIECESQUARETABLES:0.5
C_MOBILITY:0.45767833981204953
C_KINGSAFETY:0.49186666849591976
C_PAWNSTRUCTURE:0.545764629203078
C_PIECECOORDINATION:0.5080609426222634
C_ROOKANDPAWNMOVEMENT:0.5080609426222634
C_CENTERCONTROL:0.5455648310912043
C_DEVELOPPIECES:0.5609211473448528
C_MATERIAL:0.44332001382309444
