ELO:979
CE_PASSEDPAWNS:0.5266567707869065
CE_PAWNWEAKNESSES:0.5431423628090452
CE_PIECEACTIVITY:0.4902264623947502
CE_KINGPAWNSHIELD:0.5338277778670301
CE_PIECECOORDINATION:0.5143647355949802
CE_MATERIAL:0.4272261311799922
CE_KINGSAFETY:0.5059693867605188
C_PIECESQUARETABLES:0.4579153795982872
C_MOBILITY:0.4630449013396305
C_KINGSAFETY:0.5425443529829359
C_PAWNSTRUCTURE:0.5315552838691435
C_PIECECOORDINATION:0.5101722134951452
C_ROOKANDPAWNMOVEMENT:0.5101722134951452
C_CENTERCONTROL:0.5296510172567624
C_DEVELOPPIECES:0.5098789022010808
C_MATERIAL:0.4732817029826004
