ELO:873
CE_PASSEDPAWNS:0.49422454991216447
CE_PAWNWEAKNESSES:0.46430239066398044
CE_PIECEACTIVITY:0.46295238375508735
CE_KINGPAWNSHIELD:0.5927706945080442
CE_PIECECOORDINATION:0.567162454982443
CE_MATERIAL:0.47045276579476475
CE_KINGSAFETY:0.4725855710440016
C_PIECESQUARETABLES:0.4897135048987507
C_MOBILITY:0.4721869263225741
C_KINGSAFETY:0.5105423512623243
C_PAWNSTRUCTURE:0.5127812816059252
C_PIECECOORDINATION:0.5149628236575613
C_ROOKANDPAWNMOVEMENT:0.5149628236575613
C_CENTERCONTROL:0.47470819191304503
C_DEVELOPPIECES:0.4760132137895911
C_MATERIAL:0.5147271349109709
C_MOVECOUNT:0.5
