ELO:1029
CE_PASSEDPAWNS:0.4902550476904165
CE_PAWNWEAKNESSES:0.4972065024037839
CE_PIECEACTIVITY:0.5057975023153496
CE_KINGPAWNSHIELD:0.505918352301808
CE_PIECECOORDINATION:0.48425377922660406
CE_MATERIAL:0.4938144320304941
CE_KINGSAFETY:0.5
C_PIECESQUARETABLES:0.5
C_MOBILITY:0.4906554847187669
C_KINGSAFETY:0.5
C_PAWNSTRUCTURE:0.48856699834121636
C_PIECECOORDINATION:0.5102384125149871
C_ROOK:0.49942828541685225
CE_ROOK:0.49858103859278646
C_CENTERCONTROL:0.4810832353263226
C_DEVELOPPIECES:0.5
C_MATERIAL:0.49310984108194894
C_MOVECOUNT:0.48775097414123053
C_PAWNMOVEMENT:0.49482089210243535
