ELO:978
CE_PASSEDPAWNS:0.4866744769363237
CE_PAWNWEAKNESSES:0.501642396972718
CE_PIECEACTIVITY:0.5184423334426702
CE_KINGPAWNSHIELD:0.4964789843871054
CE_PIECECOORDINATION:0.5040292313368289
CE_MATERIAL:0.5006325033064608
CE_KINGSAFETY:0.49644860872494634
C_PIECESQUARETABLES:0.4951083098405013
C_MOBILITY:0.5
C_KINGSAFETY:0.4879298732941535
C_PAWNSTRUCTURE:0.5
C_PIECECOORDINATION:0.49895149428044755
C_ROOKANDPAWNMOVEMENT:0.49895149428044755
C_CENTERCONTROL:0.5
C_DEVELOPPIECES:0.5028260942755104
C_MATERIAL:0.48380620886113845
C_MOVECOUNT:0.5
