ELO:967
CE_PASSEDPAWNS:0.4977624571265787
CE_PAWNWEAKNESSES:0.5311026030266645
CE_PIECEACTIVITY:0.5573186255680459
CE_KINGPAWNSHIELD:0.49039256722188646
CE_PIECECOORDINATION:0.5017894515483888
CE_MATERIAL:0.39613805587509326
CE_KINGSAFETY:0.49962562919836656
C_PIECESQUARETABLES:0.47850209603465343
C_MOBILITY:0.49370801716541496
C_KINGSAFETY:0.5448230544155079
C_PAWNSTRUCTURE:0.5536619839871192
C_PIECECOORDINATION:0.4923400483666926
C_ROOKANDPAWNMOVEMENT:0.4923400483666926
C_CENTERCONTROL:0.5278231163709899
C_DEVELOPPIECES:0.493812527164168
C_MATERIAL:0.45746599935235216
