ELO:715
CE_PASSEDPAWNS:0.6462548803565219
CE_PAWNWEAKNESSES:0.5249484677463938
CE_PIECEACTIVITY:0.4991450099111713
CE_KINGPAWNSHIELD:0.4583407299092716
CE_PIECECOORDINATION:0.49280961403802753
CE_MATERIAL:0.46273134885005435
CE_KINGSAFETY:0.5106451675701207
C_PIECESQUARETABLES:0.5388504688165152
C_MOBILITY:0.5970234648769637
C_KINGSAFETY:0.5296627801024759
C_PAWNSTRUCTURE:0.46794465610504304
C_PIECECOORDINATION:0.5669503416220695
C_ROOKANDPAWNMOVEMENT:0.5669503416220695
C_CENTERCONTROL:0.4990862753631769
C_DEVELOPPIECES:0.527468898812668
C_MATERIAL:0.49226579439616774
C_MOVECOUNT:0.5
