ELO:952
CE_PASSEDPAWNS:0.5592500816402577
CE_PAWNWEAKNESSES:0.5108765556672612
CE_PIECEACTIVITY:0.521359707878898
CE_KINGPAWNSHIELD:0.421398632908202
CE_PIECECOORDINATION:0.5131430488065393
CE_MATERIAL:0.5674401508747656
CE_KINGSAFETY:0.5
C_PIECESQUARETABLES:0.508307726084506
C_MOBILITY:0.4496377056371532
C_KINGSAFETY:0.5514608000012835
C_PAWNSTRUCTURE:0.5234286194024182
C_PIECECOORDINATION:0.4867320644022242
C_ROOKANDPAWNMOVEMENT:0.4867320644022242
C_CENTERCONTROL:0.49466864490093443
C_DEVELOPPIECES:0.5430945044232945
C_MATERIAL:0.5735386156588622
