ELO:1000
CE_PASSEDPAWNS:0.5068896409915032
CE_PAWNWEAKNESSES:0.5
CE_PIECEACTIVITY:0.5087851248536142
CE_KINGPAWNSHIELD:0.5182729003200722
CE_PIECECOORDINATION:0.5
CE_MATERIAL:0.5051199408366551
CE_KINGSAFETY:0.5
C_PIECESQUARETABLES:0.5106827506218571
C_MOBILITY:0.4821135079816822
C_KINGSAFETY:0.5040409487336508
C_PAWNSTRUCTURE:0.5232726504461929
C_PIECECOORDINATION:0.4897642528309076
C_ROOKANDPAWNMOVEMENT:0.4897642528309076
C_CENTERCONTROL:0.49692650619301026
C_DEVELOPPIECES:0.5140163944375054
C_MATERIAL:0.4945537282169983
