ELO:976
CE_PASSEDPAWNS:0.537508577609125
CE_PAWNWEAKNESSES:0.5390400413933829
CE_PIECEACTIVITY:0.501673513645071
CE_KINGPAWNSHIELD:0.5331313860380755
CE_PIECECOORDINATION:0.5041382357267928
CE_MATERIAL:0.4532594926278888
CE_KINGSAFETY:0.46314148420529216
C_PIECESQUARETABLES:0.47836928701954645
C_MOBILITY:0.45844902522343695
C_KINGSAFETY:0.4975658111054097
C_PAWNSTRUCTURE:0.5622592167396487
C_PIECECOORDINATION:0.48651135172670246
C_ROOKANDPAWNMOVEMENT:0.48651135172670246
C_CENTERCONTROL:0.5026295409008416
C_DEVELOPPIECES:0.49846670236545815
C_MATERIAL:0.45824646886069764
