ELO:996
CE_PASSEDPAWNS:0.4514776764318032
CE_PAWNWEAKNESSES:0.4846923981430401
CE_PIECEACTIVITY:0.49441439737291626
CE_KINGPAWNSHIELD:0.5272742573895244
CE_PIECECOORDINATION:0.5188763325597202
CE_MATERIAL:0.5040607744168634
CE_KINGSAFETY:0.5077295727781432
C_PIECESQUARETABLES:0.5104536898355813
C_MOBILITY:0.5124022539398191
C_KINGSAFETY:0.5004408130999484
C_PAWNSTRUCTURE:0.5102455240699711
C_PIECECOORDINATION:0.45996329152527254
C_ROOKANDPAWNMOVEMENT:0.45996329152527254
C_CENTERCONTROL:0.5144573964079405
C_DEVELOPPIECES:0.49320682372772756
C_MATERIAL:0.5062496305058379
C_MOVECOUNT:0.5
