ELO:1063
CE_PASSEDPAWNS:0.5
CE_PAWNWEAKNESSES:0.4924254503572776
CE_PIECEACTIVITY:0.5235231028364252
CE_KINGPAWNSHIELD:0.49593712777323334
CE_PIECECOORDINATION:0.5247762638321302
CE_MATERIAL:0.4968670686508753
CE_KINGSAFETY:0.5
C_PIECESQUARETABLES:0.5
C_MOBILITY:0.47869077114981246
C_KINGSAFETY:0.5144133679387982
C_PAWNSTRUCTURE:0.5035318901192946
C_PIECECOORDINATION:0.5172284595140588
C_ROOK:0.4755938012153554
CE_ROOK:0.5099838664214744
C_CENTERCONTROL:0.4869144050227749
C_DEVELOPPIECES:0.5127138055121028
C_MATERIAL:0.502655588704928
C_MOVECOUNT:0.4779607710318535
C_PAWNMOVEMENT:0.5033146514761775
