ELO:1000
CE_PASSEDPAWNS:0.5
CE_PAWNWEAKNESSES:0.4966392776441001
CE_PIECEACTIVITY:0.4998440943078041
CE_KINGPAWNSHIELD:0.49588863352303536
CE_PIECECOORDINATION:0.49821887189061564
CE_MATERIAL:0.5
CE_KINGSAFETY:0.5
C_PIECESQUARETABLES:0.5
C_MOBILITY:0.49312357065098483
C_KINGSAFETY:0.48338656446395917
C_PAWNSTRUCTURE:0.4950691684730475
C_PIECECOORDINATION:0.4902060327981139
C_ROOKANDPAWNMOVEMENT:0.4902060327981139
C_CENTERCONTROL:0.4998491280751346
C_DEVELOPPIECES:0.5096835485515071
C_MATERIAL:0.48258425428383667
C_MOVECOUNT:0.5
