ELO:967
CE_PASSEDPAWNS:0.4855697907748301
CE_PAWNWEAKNESSES:0.53544867476235
CE_PIECEACTIVITY:0.5514898864079829
CE_KINGPAWNSHIELD:0.4728445713721291
CE_PIECECOORDINATION:0.50838280697802
CE_MATERIAL:0.4091833659948721
CE_KINGSAFETY:0.5014484421707464
C_PIECESQUARETABLES:0.4821469566157118
C_MOBILITY:0.49370801716541496
C_KINGSAFETY:0.5298742782435674
C_PAWNSTRUCTURE:0.5405012575426562
C_PIECECOORDINATION:0.4871666779474238
C_ROOKANDPAWNMOVEMENT:0.4871666779474238
C_CENTERCONTROL:0.5421585871227711
C_DEVELOPPIECES:0.5099402171056109
C_MATERIAL:0.4557765091386773
