ELO:1006
CE_PASSEDPAWNS:0.5038170566621142
CE_PAWNWEAKNESSES:0.49342604932455447
CE_PIECEACTIVITY:0.4885688071544359
CE_KINGPAWNSHIELD:0.5017555369770544
CE_PIECECOORDINATION:0.5180701530105952
CE_MATERIAL:0.504191369536568
CE_KINGSAFETY:0.479863394576894
C_PIECESQUARETABLES:0.5045813005344592
C_MOBILITY:0.5008060531450285
C_KINGSAFETY:0.5
C_PAWNSTRUCTURE:0.48896444730631067
C_PIECECOORDINATION:0.5138166548454028
C_ROOKANDPAWNMOVEMENT:0.5138166548454028
C_CENTERCONTROL:0.5123392179661808
C_DEVELOPPIECES:0.49078067002758646
C_MATERIAL:0.5094849044072975
