ELO:967
CE_PASSEDPAWNS:0.5419591585751039
CE_PAWNWEAKNESSES:0.5291690171055977
CE_PIECEACTIVITY:0.5352611619242058
CE_KINGPAWNSHIELD:0.5140820140813949
CE_PIECECOORDINATION:0.5120986366711793
CE_MATERIAL:0.4109288638474437
CE_KINGSAFETY:0.4975502944229066
C_PIECESQUARETABLES:0.4880262199894977
C_MOBILITY:0.4876270105825196
C_KINGSAFETY:0.5368722302827756
C_PAWNSTRUCTURE:0.5540438704030496
C_PIECECOORDINATION:0.5051230760860884
C_ROOKANDPAWNMOVEMENT:0.5051230760860884
C_CENTERCONTROL:0.5143341181132539
C_DEVELOPPIECES:0.4986496303110889
C_MATERIAL:0.454093931009553
