ELO:968
CE_PASSEDPAWNS:0.5028592804108826
CE_PAWNWEAKNESSES:0.49223548245298904
CE_PIECEACTIVITY:0.5286379241045509
CE_KINGPAWNSHIELD:0.48112253574577113
CE_PIECECOORDINATION:0.4998058424396993
CE_MATERIAL:0.4895084298881926
CE_KINGSAFETY:0.5080690361105615
C_PIECESQUARETABLES:0.5062497340307265
C_MOBILITY:0.5085105927910754
C_KINGSAFETY:0.5234329963749828
C_PAWNSTRUCTURE:0.5012329876365689
C_PIECECOORDINATION:0.49750728087903984
C_ROOKANDPAWNMOVEMENT:0.49750728087903984
C_CENTERCONTROL:0.5154366344484831
C_DEVELOPPIECES:0.49436147224482946
C_MATERIAL:0.5139381973046957
C_MOVECOUNT:0.5
