ELO:1057
CE_PASSEDPAWNS:0.5
CE_PAWNWEAKNESSES:0.5
CE_PIECEACTIVITY:0.49393142336746904
CE_KINGPAWNSHIELD:0.49651369110174554
CE_PIECECOORDINATION:0.4960286398334244
CE_MATERIAL:0.5
CE_KINGSAFETY:0.5
C_PIECESQUARETABLES:0.5
C_MOBILITY:0.4906554847187669
C_KINGSAFETY:0.5
C_PAWNSTRUCTURE:0.514647517378171
C_PIECECOORDINATION:0.5212354776553324
C_ROOK:0.49274793368790865
CE_ROOK:0.4898928659705995
C_CENTERCONTROL:0.4907813124566971
C_DEVELOPPIECES:0.49224300431925777
C_MATERIAL:0.49207381283421175
C_MOVECOUNT:0.49181151571208087
C_PAWNMOVEMENT:0.4878275624337509
