ELO:918
CE_PASSEDPAWNS:0.543213166676155
CE_PAWNWEAKNESSES:0.5059512310230412
CE_PIECEACTIVITY:0.4988041966634388
CE_KINGPAWNSHIELD:0.44957520572388715
CE_PIECECOORDINATION:0.4943820550790645
CE_MATERIAL:0.5572762150979214
CE_KINGSAFETY:0.5234958745881885
C_PIECESQUARETABLES:0.5172820689536233
C_MOBILITY:0.47657472495279246
C_KINGSAFETY:0.5334923522161855
C_PAWNSTRUCTURE:0.5297401445827161
C_PIECECOORDINATION:0.4941084696063941
C_ROOKANDPAWNMOVEMENT:0.4941084696063941
C_CENTERCONTROL:0.48906021277907036
C_DEVELOPPIECES:0.5811622697143324
C_MATERIAL:0.5725772838852606
