ELO:1000
CE_PASSEDPAWNS:0.5
CE_PAWNWEAKNESSES:0.5
CE_PIECEACTIVITY:0.5057975023153496
CE_KINGPAWNSHIELD:0.5
CE_PIECECOORDINATION:0.49974273221038734
CE_MATERIAL:0.5
CE_KINGSAFETY:0.5
C_PIECESQUARETABLES:0.5024149649538223
C_MOBILITY:0.5
C_KINGSAFETY:0.5
C_PAWNSTRUCTURE:0.4985456200339568
C_PIECECOORDINATION:0.5010780590287234
C_ROOK:0.5108398751082712
CE_ROOK:0.49858103859278646
C_CENTERCONTROL:0.5
C_DEVELOPPIECES:0.49620295871462133
C_MATERIAL:0.5
C_MOVECOUNT:0.4871707351420597
C_PAWNMOVEMENT:0.49998462868164634
