ELO:967
CE_PASSEDPAWNS:0.4980290061260778
CE_PAWNWEAKNESSES:0.5084979020352594
CE_PIECEACTIVITY:0.49689152829016614
CE_KINGPAWNSHIELD:0.4969096918396451
CE_PIECECOORDINATION:0.516531636169715
CE_MATERIAL:0.5110297752828897
CE_KINGSAFETY:0.5
C_PIECESQUARETABLES:0.4883821093078717
C_MOBILITY:0.49213270399626025
C_KINGSAFETY:0.48451323058665613
C_PAWNSTRUCTURE:0.4997662140277121
C_PIECECOORDINATION:0.48863248786042013
C_ROOKANDPAWNMOVEMENT:0.48863248786042013
C_CENTERCONTROL:0.5172953087190788
C_DEVELOPPIECES:0.4875107528704126
C_MATERIAL:0.5124460079511575
C_MOVECOUNT:0.523387178105666
