ELO:705
CE_PASSEDPAWNS:0.6683303962352706
CE_PAWNWEAKNESSES:0.5268816625914973
CE_PIECEACTIVITY:0.4806733126842577
CE_KINGPAWNSHIELD:0.4489574180537062
CE_PIECECOORDINATION:0.5027531097476449
CE_MATERIAL:0.46282732636854595
CE_KINGSAFETY:0.48650776161780057
C_PIECESQUARETABLES:0.5259308089345663
C_MOBILITY:0.5838859863972271
C_KINGSAFETY:0.5431678989559096
C_PAWNSTRUCTURE:0.4681271404968621
C_PIECECOORDINATION:0.5745720128374703
C_ROOKANDPAWNMOVEMENT:0.5745720128374703
C_CENTERCONTROL:0.5006585289057089
C_DEVELOPPIECES:0.5143583641880878
C_MATERIAL:0.5029485319059945
C_MOVECOUNT:0.5
