ELO:1010
CE_PASSEDPAWNS:0.5025598397174498
CE_PAWNWEAKNESSES:0.49114809463795345
CE_PIECEACTIVITY:0.5058666518111795
CE_KINGPAWNSHIELD:0.4856214174155541
CE_PIECECOORDINATION:0.46521742952494044
CE_MATERIAL:0.5021014904540383
CE_KINGSAFETY:0.5248810299302561
C_PIECESQUARETABLES:0.5080118065499016
C_MOBILITY:0.5
C_KINGSAFETY:0.4988402819774198
C_PAWNSTRUCTURE:0.446221099013918
C_PIECECOORDINATION:0.5
C_ROOKANDPAWNMOVEMENT:0.5
C_CENTERCONTROL:0.48888396509011495
C_DEVELOPPIECES:0.5005844271940463
C_MATERIAL:0.49919973126157535
