ELO:1060
CE_PASSEDPAWNS:0.5046019565154025
CE_PAWNWEAKNESSES:0.5
CE_PIECEACTIVITY:0.5
CE_KINGPAWNSHIELD:0.5
CE_PIECECOORDINATION:0.4814612698700367
CE_MATERIAL:0.49551802391845684
CE_KINGSAFETY:0.5
C_PIECESQUARETABLES:0.5
C_MOBILITY:0.5
C_KINGSAFETY:0.49660141923861395
C_PAWNSTRUCTURE:0.5
C_PIECECOORDINATION:0.4918366363414878
C_ROOKANDPAWNMOVEMENT:0.4918366363414878
C_CENTERCONTROL:0.5
C_DEVELOPPIECES:0.5010025042799379
C_MATERIAL:0.49355632752321127
C_MOVECOUNT:0.5113826300674094
