ELO:1000
CE_PASSEDPAWNS:0.5185777543363939
CE_PAWNWEAKNESSES:0.4725719538698253
CE_PIECEACTIVITY:0.5292477809813869
CE_KINGPAWNSHIELD:0.4646933267582719
CE_PIECECOORDINATION:0.45753904051817945
CE_MATERIAL:0.5835985376720821
CE_KINGSAFETY:0.491633147522259
C_PIECESQUARETABLES:0.529960107314584
C_MOBILITY:0.4922772158807614
C_KINGSAFETY:0.5505224135198143
C_PAWNSTRUCTURE:0.49897994692507935
C_PIECECOORDINATION:0.4791646401951088
C_ROOKANDPAWNMOVEMENT:0.4791646401951088
C_CENTERCONTROL:0.47696820434971376
C_DEVELOPPIECES:0.5518662685910346
C_MATERIAL:0.5177624488176306
