ELO:988
CE_PASSEDPAWNS:0.5133276655151856
CE_PAWNWEAKNESSES:0.5221512520453567
CE_PIECEACTIVITY:0.5273689005966412
CE_KINGPAWNSHIELD:0.40795761560508575
CE_PIECECOORDINATION:0.44538019471221774
CE_MATERIAL:0.5459676164494777
CE_KINGSAFETY:0.5051203373330353
C_PIECESQUARETABLES:0.4900250465837189
C_MOBILITY:0.5050077965526334
C_KINGSAFETY:0.516146028599055
C_PAWNSTRUCTURE:0.5050151542157126
C_PIECECOORDINATION:0.5259822580486404
C_ROOKANDPAWNMOVEMENT:0.5259822580486404
C_CENTERCONTROL:0.3948568522515838
C_DEVELOPPIECES:0.5136023139159448
C_MATERIAL:0.5758012963040124
