ELO:857
CE_PASSEDPAWNS:0.5927152096315536
CE_PAWNWEAKNESSES:0.5304764039312402
CE_PIECEACTIVITY:0.4327890774459098
CE_KINGPAWNSHIELD:0.4990009502869865
CE_PIECECOORDINATION:0.44307641604828363
CE_MATERIAL:0.5671334387310627
CE_KINGSAFETY:0.5183580981558058
C_PIECESQUARETABLES:0.48989639383453343
C_MOBILITY:0.5346286743764372
C_KINGSAFETY:0.5266739852814816
C_PAWNSTRUCTURE:0.4532717499079035
C_PIECECOORDINATION:0.5629248009983631
C_ROOKANDPAWNMOVEMENT:0.5629248009983631
C_CENTERCONTROL:0.5011766168962869
C_DEVELOPPIECES:0.49096764841114054
C_MATERIAL:0.4895837248960507
C_MOVECOUNT:0.5
