ELO:993
CE_PASSEDPAWNS:0.5007232476876202
CE_PAWNWEAKNESSES:0.5
CE_PIECEACTIVITY:0.49866338506081204
CE_KINGPAWNSHIELD:0.5044418452912949
CE_PIECECOORDINATION:0.4675833816494164
CE_MATERIAL:0.5040302165579851
CE_KINGSAFETY:0.5136431185617792
C_PIECESQUARETABLES:0.5
C_MOBILITY:0.5123190959584488
C_KINGSAFETY:0.48538577874009803
C_PAWNSTRUCTURE:0.5022508572422902
C_PIECECOORDINATION:0.4920198082915448
C_ROOKANDPAWNMOVEMENT:0.4920198082915448
C_CENTERCONTROL:0.5007997004149878
C_DEVELOPPIECES:0.5083458136025532
C_MATERIAL:0.5
C_MOVECOUNT:0.5
