ELO:1060
CE_PASSEDPAWNS:0.5263766509271866
CE_PAWNWEAKNESSES:0.4957004956992261
CE_PIECEACTIVITY:0.5177337443179966
CE_KINGPAWNSHIELD:0.49711923057826723
CE_PIECECOORDINATION:0.5
CE_MATERIAL:0.5
CE_KINGSAFETY:0.5
C_PIECESQUARETABLES:0.5
C_MOBILITY:0.5
C_KINGSAFETY:0.5038692944332201
C_PAWNSTRUCTURE:0.5
C_PIECECOORDINATION:0.5138827603328362
C_ROOK:0.4863793706532083
CE_ROOK:0.5
C_CENTERCONTROL:0.5074812663278238
C_DEVELOPPIECES:0.5018244956320536
C_MATERIAL:0.4995791646442188
C_MOVECOUNT:0.5041077650228579
C_PAWNMOVEMENT:0.48715733345721796
