ELO:1058
CE_PASSEDPAWNS:0.503341552644952
CE_PAWNWEAKNESSES:0.47353082878713215
CE_PIECEACTIVITY:0.48608314872715286
CE_KINGPAWNSHIELD:0.49593712777323334
CE_PIECECOORDINATION:0.5051767071925631
CE_MATERIAL:0.5
CE_KINGSAFETY:0.5
C_PIECESQUARETABLES:0.5
C_MOBILITY:0.5082413240203919
C_KINGSAFETY:0.5033238579174952
C_PAWNSTRUCTURE:0.5140965380153382
C_PIECECOORDINATION:0.5151692227716856
C_ROOK:0.5
CE_ROOK:0.5
C_CENTERCONTROL:0.49450810470261913
C_DEVELOPPIECES:0.5018244956320536
C_MATERIAL:0.5
C_MOVECOUNT:0.49110702908087334
C_PAWNMOVEMENT:0.5
