ELO:1069
CE_PASSEDPAWNS:0.5120010759533716
CE_PAWNWEAKNESSES:0.49519779712999273
CE_PIECEACTIVITY:0.49393142336746904
CE_KINGPAWNSHIELD:0.5039237798685455
CE_PIECECOORDINATION:0.5
CE_MATERIAL:0.5163929973762303
CE_KINGSAFETY:0.5
C_PIECESQUARETABLES:0.5
C_MOBILITY:0.5068923201911351
C_KINGSAFETY:0.498844026533024
C_PAWNSTRUCTURE:0.49718218628047534
C_PIECECOORDINATION:0.5196892275294726
C_ROOK:0.5021610458470172
CE_ROOK:0.5
C_CENTERCONTROL:0.5039788871700898
C_DEVELOPPIECES:0.5074205319448555
C_MATERIAL:0.5083641418491158
C_MOVECOUNT:0.4883094125499912
C_PAWNMOVEMENT:0.49521221761728357
