ELO:976
CE_PASSEDPAWNS:0.5398739998229373
CE_PAWNWEAKNESSES:0.5336313996655146
CE_PIECEACTIVITY:0.509329963724862
CE_KINGPAWNSHIELD:0.5106063374390286
CE_PIECECOORDINATION:0.49081403544687724
CE_MATERIAL:0.4829137298052195
CE_KINGSAFETY:0.4823775282891212
C_PIECESQUARETABLES:0.4892860937231005
C_MOBILITY:0.47945481749974916
C_KINGSAFETY:0.5254174560005593
C_PAWNSTRUCTURE:0.5518474311238974
C_PIECECOORDINATION:0.4833987768870172
C_ROOKANDPAWNMOVEMENT:0.4833987768870172
C_CENTERCONTROL:0.5020482299273528
C_DEVELOPPIECES:0.49876348535345255
C_MATERIAL:0.4849699491358092
