ELO:824
CE_PASSEDPAWNS:0.4450645958007774
CE_PAWNWEAKNESSES:0.5914178751808613
CE_PIECEACTIVITY:0.40828380370170003
CE_KINGPAWNSHIELD:0.37629087888055596
CE_PIECECOORDINATION:0.5350816486595559
CE_MATERIAL:0.4697796897923129
CE_KINGSAFETY:0.4387370828052979
C_PIECESQUARETABLES:0.5138154000477685
C_MOBILITY:0.47381747912607836
C_KINGSAFETY:0.5343521544784179
C_PAWNSTRUCTURE:0.5177355715031903
C_PIECECOORDINATION:0.506996458055862
C_ROOKANDPAWNMOVEMENT:0.506996458055862
C_CENTERCONTROL:0.4298735842435334
C_DEVELOPPIECES:0.46967935228739
C_MATERIAL:0.5350328290205761
