ELO:976
CE_PASSEDPAWNS:0.5508808110118917
CE_PAWNWEAKNESSES:0.5283247398649888
CE_PIECEACTIVITY:0.509329963724862
CE_KINGPAWNSHIELD:0.5146783137459272
CE_PIECECOORDINATION:0.49081403544687724
CE_MATERIAL:0.4829137298052195
CE_KINGSAFETY:0.4808484167083985
C_PIECESQUARETABLES:0.4892860937231005
C_MOBILITY:0.4880247647237997
C_KINGSAFETY:0.5123901243693535
C_PAWNSTRUCTURE:0.5518474311238974
C_PIECECOORDINATION:0.4833987768870172
C_ROOKANDPAWNMOVEMENT:0.4833987768870172
C_CENTERCONTROL:0.5020482299273528
C_DEVELOPPIECES:0.49562886850127796
C_MATERIAL:0.48540692027497134
