ELO:1000
CE_PASSEDPAWNS:0.5115621513963861
CE_PAWNWEAKNESSES:0.5083053021890953
CE_PIECEACTIVITY:0.500085552243297
CE_KINGPAWNSHIELD:0.5203853033225747
CE_PIECECOORDINATION:0.5162018574422822
CE_MATERIAL:0.5168857564778649
CE_KINGSAFETY:0.48282096890708
C_PIECESQUARETABLES:0.4847001315542454
C_MOBILITY:0.49274817830438844
C_KINGSAFETY:0.5199959838350092
C_PAWNSTRUCTURE:0.5414295357506073
C_PIECECOORDINATION:0.48368001761988
C_ROOKANDPAWNMOVEMENT:0.48368001761988
C_CENTERCONTROL:0.49053196632204044
C_DEVELOPPIECES:0.5144125546281019
C_MATERIAL:0.4851110435349892
