ELO:948
CE_PASSEDPAWNS:0.41902691272254805
CE_PAWNWEAKNESSES:0.45882207298622285
CE_PIECEACTIVITY:0.5441055376578126
CE_KINGPAWNSHIELD:0.5
CE_PIECECOORDINATION:0.5017448828440982
CE_MATERIAL:0.5905295023430323
CE_KINGSAFETY:0.5401861722088774
C_PIECESQUARETABLES:0.544002229047446
C_MOBILITY:0.535212919802997
C_KINGSAFETY:0.468617365219065
C_PAWNSTRUCTURE:0.4829981465351591
C_PIECECOORDINATION:0.5122431859318949
C_ROOKANDPAWNMOVEMENT:0.5122431859318949
C_CENTERCONTROL:0.5019000857534976
C_DEVELOPPIECES:0.510065229761916
C_MATERIAL:0.5124276507570644
C_MOVECOUNT:0.48081509790776505
