ELO:884
CE_PASSEDPAWNS:0.5520197333319553
CE_PAWNWEAKNESSES:0.5567633016168997
CE_PIECEACTIVITY:0.47128944084173974
CE_KINGPAWNSHIELD:0.4838459959695587
CE_PIECECOORDINATION:0.6080548664381573
CE_MATERIAL:0.45889890916913173
CE_KINGSAFETY:0.5230785287233908
C_PIECESQUARETABLES:0.4745757844926026
C_MOBILITY:0.5118855634894959
C_KINGSAFETY:0.5278494489261991
C_PAWNSTRUCTURE:0.48022782809699766
C_PIECECOORDINATION:0.5512164084527237
C_ROOKANDPAWNMOVEMENT:0.5512164084527237
C_CENTERCONTROL:0.4685902449122903
C_DEVELOPPIECES:0.49972830245261424
C_MATERIAL:0.5334121956059897
C_MOVECOUNT:0.5
