ELO:1063
CE_PASSEDPAWNS:0.5014383419152028
CE_PAWNWEAKNESSES:0.46158925539644685
CE_PIECEACTIVITY:0.5177337443179966
CE_KINGPAWNSHIELD:0.4662986907521495
CE_PIECECOORDINATION:0.5120168469824028
CE_MATERIAL:0.4955799859334924
CE_KINGSAFETY:0.5
C_PIECESQUARETABLES:0.5
C_MOBILITY:0.5167778231301341
C_KINGSAFETY:0.49574419396020497
C_PAWNSTRUCTURE:0.5028808292882461
C_PIECECOORDINATION:0.5291701892332789
C_ROOK:0.4904586565037176
CE_ROOK:0.5070996351986368
C_CENTERCONTROL:0.49174161712371234
C_DEVELOPPIECES:0.4896603053056364
C_MATERIAL:0.49797995460073996
C_MOVECOUNT:0.4883094125499912
C_PAWNMOVEMENT:0.530027731652139
