ELO:1007
CE_PASSEDPAWNS:0.5
CE_PAWNWEAKNESSES:0.5
CE_PIECEACTIVITY:0.49989882603428737
CE_KINGPAWNSHIELD:0.503739778800363
CE_PIECECOORDINATION:0.5
CE_MATERIAL:0.5
CE_KINGSAFETY:0.5
C_PIECESQUARETABLES:0.5
C_MOBILITY:0.5
C_KINGSAFETY:0.5320555547750236
C_PAWNSTRUCTURE:0.5126996148334191
C_PIECECOORDINATION:0.4875580296770557
C_ROOKANDPAWNMOVEMENT:0.4875580296770557
C_CENTERCONTROL:0.504899391189381
C_DEVELOPPIECES:0.49149840239338216
C_MATERIAL:0.48933291083832375
C_MOVECOUNT:0.5
