ELO:1066
CE_PASSEDPAWNS:0.5014383419152028
CE_PAWNWEAKNESSES:0.5090073923529249
CE_PIECEACTIVITY:0.5177337443179966
CE_KINGPAWNSHIELD:0.4662986907521495
CE_PIECECOORDINATION:0.5127208638421643
CE_MATERIAL:0.49117272036972864
CE_KINGSAFETY:0.5
C_PIECESQUARETABLES:0.5
C_MOBILITY:0.5242855971024735
C_KINGSAFETY:0.5038692944332201
C_PAWNSTRUCTURE:0.49817597534023766
C_PIECECOORDINATION:0.5201293915503789
C_ROOK:0.5118138365292105
CE_ROOK:0.5046425883952697
C_CENTERCONTROL:0.49174161712371234
C_DEVELOPPIECES:0.509493895522361
C_MATERIAL:0.5085119268006085
C_MOVECOUNT:0.4846707064941805
C_PAWNMOVEMENT:0.4804229145699416
