ELO:969
CE_PASSEDPAWNS:0.5562836864858367
CE_PAWNWEAKNESSES:0.5099720532714835
CE_PIECEACTIVITY:0.5452691674279093
CE_KINGPAWNSHIELD:0.4337367358218358
CE_PIECECOORDINATION:0.5033284231922206
CE_MATERIAL:0.5776224343363989
CE_KINGSAFETY:0.5155889606986374
C_PIECESQUARETABLES:0.5
C_MOBILITY:0.4670342589600258
C_KINGSAFETY:0.5615718258095844
C_PAWNSTRUCTURE:0.5495775780786877
C_PIECECOORDINATION:0.47784136474486777
C_ROOKANDPAWNMOVEMENT:0.47784136474486777
C_CENTERCONTROL:0.476848914300495
C_DEVELOPPIECES:0.5512125688490405
C_MATERIAL:0.5889511316088953
