ELO:985
CE_PASSEDPAWNS:0.5265607724537498
CE_PAWNWEAKNESSES:0.6333079378149166
CE_PIECEACTIVITY:0.5456757195466069
CE_KINGPAWNSHIELD:0.5392637577917025
CE_PIECECOORDINATION:0.5193559841747004
CE_MATERIAL:0.4713755378017411
CE_KINGSAFETY:0.5424905938200945
C_PIECESQUARETABLES:0.5202164205429676
C_MOBILITY:0.570955004563002
C_KINGSAFETY:0.49756324797849266
C_PAWNSTRUCTURE:0.46061484857906765
C_PIECECOORDINATION:0.5196660508733731
C_ROOKANDPAWNMOVEMENT:0.5196660508733731
C_CENTERCONTROL:0.5653049951468109
C_DEVELOPPIECES:0.5077036352586325
C_MATERIAL:0.44447972303615063
