ELO:736
CE_PASSEDPAWNS:0.5242524433243316
CE_PAWNWEAKNESSES:0.41456191095375416
CE_PIECEACTIVITY:0.4700950965220176
CE_KINGPAWNSHIELD:0.500976551302843
CE_PIECECOORDINATION:0.49482420336633337
CE_MATERIAL:0.3852204759620534
CE_KINGSAFETY:0.4913897895028479
C_PIECESQUARETABLES:0.5
C_MOBILITY:0.5234065772916131
C_KINGSAFETY:0.43563199647516343
C_PAWNSTRUCTURE:0.4714266552425366
C_PIECECOORDINATION:0.530738359543092
C_ROOKANDPAWNMOVEMENT:0.530738359543092
C_CENTERCONTROL:0.4249824310415588
C_DEVELOPPIECES:0.5563815519168437
C_MATERIAL:0.4098674320605785
C_MOVECOUNT:0.5
