ELO:974
CE_PASSEDPAWNS:0.4930606491233163
CE_PAWNWEAKNESSES:0.5125213015545156
CE_PIECEACTIVITY:0.4944974216328523
CE_KINGPAWNSHIELD:0.4745003928772935
CE_PIECECOORDINATION:0.46959175302975975
CE_MATERIAL:0.5335875216057041
CE_KINGSAFETY:0.5
C_PIECESQUARETABLES:0.5002083540644516
C_MOBILITY:0.4814461582223982
C_KINGSAFETY:0.4810662559165697
C_PAWNSTRUCTURE:0.4645590072286439
C_PIECECOORDINATION:0.4904634693441674
C_ROOK:0.4708057793659111
CE_ROOK:0.5020078863354348
C_CENTERCONTROL:0.4885014735325812
C_DEVELOPPIECES:0.49200133137540597
C_MATERIAL:0.4994669780542227
C_MOVECOUNT:0.5048785338263173
C_PAWNMOVEMENT:0.5012137985066331
