ELO:988
CE_PASSEDPAWNS:0.4993230982814977
CE_PAWNWEAKNESSES:0.5178523503929584
CE_PIECEACTIVITY:0.5101190841718919
CE_KINGPAWNSHIELD:0.3977019834234938
CE_PIECECOORDINATION:0.44538019471221774
CE_MATERIAL:0.5556782272251335
CE_KINGSAFETY:0.4959141412694743
C_PIECESQUARETABLES:0.5106335876316154
C_MOBILITY:0.5050077965526334
C_KINGSAFETY:0.5047134359846391
C_PAWNSTRUCTURE:0.5162335109455113
C_PIECECOORDINATION:0.5392806373079977
C_ROOKANDPAWNMOVEMENT:0.5392806373079977
C_CENTERCONTROL:0.4032312726827785
C_DEVELOPPIECES:0.5067495606305472
C_MATERIAL:0.5961651856192628
