ELO:874
CE_PASSEDPAWNS:0.5136951161696424
CE_PAWNWEAKNESSES:0.6468383003016552
CE_PIECEACTIVITY:0.4647633466634499
CE_KINGPAWNSHIELD:0.40246895258908466
CE_PIECECOORDINATION:0.36281123711274554
CE_MATERIAL:0.5919681106605883
CE_KINGSAFETY:0.487689041451139
C_PIECESQUARETABLES:0.5021682249756093
C_MOBILITY:0.44408584861345074
C_KINGSAFETY:0.4347920784989855
C_PAWNSTRUCTURE:0.4591079161895096
C_PIECECOORDINATION:0.49505699765843314
C_ROOKANDPAWNMOVEMENT:0.49505699765843314
C_CENTERCONTROL:0.46422313819624195
C_DEVELOPPIECES:0.5613181303812346
C_MATERIAL:0.43621561489985944
