ELO:971
CE_PASSEDPAWNS:0.520135847649852
CE_PAWNWEAKNESSES:0.5016297383123064
CE_PIECEACTIVITY:0.5
CE_KINGPAWNSHIELD:0.4853412247072855
CE_PIECECOORDINATION:0.48947306295385534
CE_MATERIAL:0.5086849325750472
CE_KINGSAFETY:0.5354979426709354
C_PIECESQUARETABLES:0.48121822229477756
C_MOBILITY:0.5083817617868159
C_KINGSAFETY:0.4881270577870416
C_PAWNSTRUCTURE:0.5069066301014531
C_PIECECOORDINATION:0.5044297648447278
C_ROOK:0.5
CE_ROOK:0.5
C_CENTERCONTROL:0.5041472878135831
C_DEVELOPPIECES:0.499329820529831
C_MATERIAL:0.5136924822180191
C_MOVECOUNT:0.5153434647702504
C_PAWNMOVEMENT:0.5
