ELO:967
CE_PASSEDPAWNS:0.5067027386173468
CE_PAWNWEAKNESSES:0.4934070670432811
CE_PIECEACTIVITY:0.46171939474441653
CE_KINGPAWNSHIELD:0.5058758267560709
CE_PIECECOORDINATION:0.5021235985649752
CE_MATERIAL:0.4790042995702263
CE_KINGSAFETY:0.49642475453156343
C_PIECESQUARETABLES:0.494220759479175
C_MOBILITY:0.5195910541942693
C_KINGSAFETY:0.5191736240888607
C_PAWNSTRUCTURE:0.48427946343031186
C_PIECECOORDINATION:0.4809483457118015
C_ROOK:0.4939620955555346
CE_ROOK:0.4895994787062202
C_CENTERCONTROL:0.47630585892766564
C_DEVELOPPIECES:0.5417653675452162
C_MATERIAL:0.5295547804883076
C_MOVECOUNT:0.48091028717288375
C_PAWNMOVEMENT:0.4860952948794195
