ELO:1010
CE_PASSEDPAWNS:0.5123521526191792
CE_PAWNWEAKNESSES:0.5134731024977444
CE_PIECEACTIVITY:0.5
CE_KINGPAWNSHIELD:0.49607325315132733
CE_PIECECOORDINATION:0.5
CE_MATERIAL:0.5079103267080004
CE_KINGSAFETY:0.5
C_PIECESQUARETABLES:0.488243647214958
C_MOBILITY:0.49749466983580803
C_KINGSAFETY:0.5
C_PAWNSTRUCTURE:0.5
C_PIECECOORDINATION:0.5
C_ROOKANDPAWNMOVEMENT:0.5
C_CENTERCONTROL:0.49511150959172046
C_DEVELOPPIECES:0.4999998594160304
C_MATERIAL:0.48244732451777755
