ELO:965
CE_PASSEDPAWNS:0.5214647848462428
CE_PAWNWEAKNESSES:0.48207708485314155
CE_PIECEACTIVITY:0.5574287921517119
CE_KINGPAWNSHIELD:0.49910047142142056
CE_PIECECOORDINATION:0.48122230163037244
CE_MATERIAL:0.5068626537030787
CE_KINGSAFETY:0.498939965404473
C_PIECESQUARETABLES:0.4896392706170916
C_MOBILITY:0.5056063232251192
C_KINGSAFETY:0.5488517569608509
C_PAWNSTRUCTURE:0.47961497704849215
C_PIECECOORDINATION:0.5026382701210361
C_ROOKANDPAWNMOVEMENT:0.5026382701210361
C_CENTERCONTROL:0.5054188848193635
C_DEVELOPPIECES:0.5430413913346805
C_MATERIAL:0.5243845690888751
