ELO:839
CE_PASSEDPAWNS:0.5644686644570823
CE_PAWNWEAKNESSES:0.5520603136115081
CE_PIECEACTIVITY:0.4914952382561217
CE_KINGPAWNSHIELD:0.6255401113174341
CE_PIECECOORDINATION:0.5222403752692758
CE_MATERIAL:0.5374381505186144
CE_KINGSAFETY:0.5
C_PIECESQUARETABLES:0.4827888588007258
C_MOBILITY:0.522887464696145
C_KINGSAFETY:0.5322767723178451
C_PAWNSTRUCTURE:0.48418409463271117
C_PIECECOORDINATION:0.5794992746309678
C_ROOKANDPAWNMOVEMENT:0.5794992746309678
C_CENTERCONTROL:0.5591209878288531
C_DEVELOPPIECES:0.5087337523350309
C_MATERIAL:0.4905774341101773
C_MOVECOUNT:0.49241538296307885
