ELO:867
CE_PASSEDPAWNS:0.5575686390394227
CE_PAWNWEAKNESSES:0.49645725917228234
CE_PIECEACTIVITY:0.4139237112873756
CE_KINGPAWNSHIELD:0.47667486584248414
CE_PIECECOORDINATION:0.48914657977700077
CE_MATERIAL:0.42981918541201375
CE_KINGSAFETY:0.4943014908673785
C_PIECESQUARETABLES:0.47560995086151225
C_MOBILITY:0.521592757201624
C_KINGSAFETY:0.4477624575712624
C_PAWNSTRUCTURE:0.5012319291234786
C_PIECECOORDINATION:0.47159851706949557
C_ROOKANDPAWNMOVEMENT:0.47159851706949557
C_CENTERCONTROL:0.5220307840394623
C_DEVELOPPIECES:0.48046037404036374
C_MATERIAL:0.47775161982564024
C_MOVECOUNT:0.48559368598289676
