ELO:798
CE_PASSEDPAWNS:0.5689949510163514
CE_PAWNWEAKNESSES:0.5319198406665555
CE_PIECEACTIVITY:0.4927278633237471
CE_KINGPAWNSHIELD:0.4927412551254364
CE_PIECECOORDINATION:0.5018863024562835
CE_MATERIAL:0.39707394958324504
CE_KINGSAFETY:0.5036101617884151
C_PIECESQUARETABLES:0.4923770579289163
C_MOBILITY:0.43656027352413806
C_KINGSAFETY:0.4731874851950564
C_PAWNSTRUCTURE:0.4912144892420607
C_PIECECOORDINATION:0.5023530598733897
C_ROOKANDPAWNMOVEMENT:0.5023530598733897
C_CENTERCONTROL:0.4944437191877621
C_DEVELOPPIECES:0.5338281615709073
C_MATERIAL:0.39068951349395037
C_MOVECOUNT:0.5
