ELO:876
CE_PASSEDPAWNS:0.515122042248455
CE_PAWNWEAKNESSES:0.5051505757655715
CE_PIECEACTIVITY:0.5277030258710369
CE_KINGPAWNSHIELD:0.49999216035082195
CE_PIECECOORDINATION:0.4552589420902482
CE_MATERIAL:0.4908189159905488
CE_KINGSAFETY:0.484955022664415
C_PIECESQUARETABLES:0.47125986964621835
C_MOBILITY:0.4896342025928991
C_KINGSAFETY:0.4706997008091698
C_PAWNSTRUCTURE:0.5092096873887639
C_PIECECOORDINATION:0.5153676422784308
C_ROOKANDPAWNMOVEMENT:0.5153676422784308
C_CENTERCONTROL:0.47983226994818273
C_DEVELOPPIECES:0.48778778626326974
C_MATERIAL:0.4877302142185503
C_MOVECOUNT:0.5
