ELO:901
CE_PASSEDPAWNS:0.5042991701527871
CE_PAWNWEAKNESSES:0.5421722615548165
CE_PIECEACTIVITY:0.5003337252352946
CE_KINGPAWNSHIELD:0.5001787863248162
CE_PIECECOORDINATION:0.4807955197943619
CE_MATERIAL:0.49164614902078413
CE_KINGSAFETY:0.47470707665466866
C_PIECESQUARETABLES:0.48375918083604963
C_MOBILITY:0.49187742209359325
C_KINGSAFETY:0.46190725304921304
C_PAWNSTRUCTURE:0.5087426773808804
C_PIECECOORDINATION:0.5196600045776667
C_ROOKANDPAWNMOVEMENT:0.5196600045776667
C_CENTERCONTROL:0.4971513687673262
C_DEVELOPPIECES:0.48778778626326974
C_MATERIAL:0.4683313128865922
C_MOVECOUNT:0.5
