ELO:878
CE_PASSEDPAWNS:0.5744239564331388
CE_PAWNWEAKNESSES:0.45122334222709676
CE_PIECEACTIVITY:0.390582808287399
CE_KINGPAWNSHIELD:0.5391239855901758
CE_PIECECOORDINATION:0.5112513324082651
CE_MATERIAL:0.44157394651127274
CE_KINGSAFETY:0.4667731153602966
C_PIECESQUARETABLES:0.47813345717066674
C_MOBILITY:0.5674573238137559
C_KINGSAFETY:0.47359798061868397
C_PAWNSTRUCTURE:0.52864330999537
C_PIECECOORDINATION:0.4786100024650425
C_ROOKANDPAWNMOVEMENT:0.4786100024650425
C_CENTERCONTROL:0.5080144193035636
C_DEVELOPPIECES:0.4866561658367997
C_MATERIAL:0.5080739306176221
C_MOVECOUNT:0.46061653542798014
