ELO:956
CE_PASSEDPAWNS:0.515966850545213
CE_PAWNWEAKNESSES:0.5084469879361767
CE_PIECEACTIVITY:0.5600889758543182
CE_KINGPAWNSHIELD:0.4885779387754389
CE_PIECECOORDINATION:0.504176775154551
CE_MATERIAL:0.5156729940266553
CE_KINGSAFETY:0.5
C_PIECESQUARETABLES:0.49858507401393515
C_MOBILITY:0.47951499956922233
C_KINGSAFETY:0.5086823228816952
C_PAWNSTRUCTURE:0.5247840182821865
C_PIECECOORDINATION:0.5112898725095755
C_ROOK:0.4708057793659111
CE_ROOK:0.47465749865250634
C_CENTERCONTROL:0.4885014735325812
C_DEVELOPPIECES:0.49200133137540597
C_MATERIAL:0.502426850880021
C_MOVECOUNT:0.4838696226696883
C_PAWNMOVEMENT:0.5012137985066331
