ELO:984
CE_PASSEDPAWNS:0.5164452692048097
CE_PAWNWEAKNESSES:0.5015705249167122
CE_PIECEACTIVITY:0.4935009041220627
CE_KINGPAWNSHIELD:0.5077472161146731
CE_PIECECOORDINATION:0.5085825181020238
CE_MATERIAL:0.476665661811023
CE_KINGSAFETY:0.5120632124546239
C_PIECESQUARETABLES:0.5101215912890561
C_MOBILITY:0.5128185507121042
C_KINGSAFETY:0.4938756866825831
C_PAWNSTRUCTURE:0.492251061547242
C_PIECECOORDINATION:0.5
C_ROOKANDPAWNMOVEMENT:0.5
C_CENTERCONTROL:0.4959595530733469
C_DEVELOPPIECES:0.49074031856213624
C_MATERIAL:0.4911498130123444
C_MOVECOUNT:0.5178379776120628
