ELO:992
CE_PASSEDPAWNS:0.4960956385069039
CE_PAWNWEAKNESSES:0.5
CE_PIECEACTIVITY:0.5
CE_KINGPAWNSHIELD:0.5121742382884976
CE_PIECECOORDINATION:0.4918080647217315
CE_MATERIAL:0.505525788591725
CE_KINGSAFETY:0.5
C_PIECESQUARETABLES:0.5089025235804618
C_MOBILITY:0.5017673988266981
C_KINGSAFETY:0.5175372811743415
C_PAWNSTRUCTURE:0.5037430225581855
C_PIECECOORDINATION:0.5
C_ROOKANDPAWNMOVEMENT:0.5
C_CENTERCONTROL:0.4959641144719133
C_DEVELOPPIECES:0.49721038114049776
C_MATERIAL:0.5105515399345569
C_MOVECOUNT:0.49394921430023997
