ELO:831
CE_PASSEDPAWNS:0.4771987404919514
CE_PAWNWEAKNESSES:0.6992048895485049
CE_PIECEACTIVITY:0.45518312636419195
CE_KINGPAWNSHIELD:0.6417393736677951
CE_PIECECOORDINATION:0.5185077654592243
CE_MATERIAL:0.4659905635377061
CE_KINGSAFETY:0.4942942202219166
C_PIECESQUARETABLES:0.4687801469937826
C_MOBILITY:0.49274734317644925
C_KINGSAFETY:0.49414537406502074
C_PAWNSTRUCTURE:0.5532817034647529
C_PIECECOORDINATION:0.47472292926599663
C_ROOKANDPAWNMOVEMENT:0.47472292926599663
C_CENTERCONTROL:0.5017821865469035
C_DEVELOPPIECES:0.5095023409008994
C_MATERIAL:0.46462625318679013
