ELO:1089
CE_PASSEDPAWNS:0.44850354343773596
CE_PAWNWEAKNESSES:0.48827545736992317
CE_PIECEACTIVITY:0.479872964707433
CE_KINGPAWNSHIELD:0.4672427115930771
CE_PIECECOORDINATION:0.46651235466869995
CE_MATERIAL:0.4426280157769828
CE_KINGSAFETY:0.5167936173241906
C_PIECESQUARETABLES:0.5221093423908253
C_MOBILITY:0.4345370760155616
C_KINGSAFETY:0.6173760342152256
C_PAWNSTRUCTURE:0.4023031805152712
C_PIECECOORDINATION:0.49391676511134935
C_ROOKANDPAWNMOVEMENT:0.49391676511134935
C_CENTERCONTROL:0.49222049727735656
C_DEVELOPPIECES:0.5693151269555272
C_MATERIAL:0.4180418077514418
