ELO:1008
CE_PASSEDPAWNS:0.5
CE_PAWNWEAKNESSES:0.5
CE_PIECEACTIVITY:0.5
CE_KINGPAWNSHIELD:0.5
CE_PIECECOORDINATION:0.5
CE_MATERIAL:0.514126629934745
CE_KINGSAFETY:0.5
C_PIECESQUARETABLES:0.4999145142545604
C_MOBILITY:0.48147907259038997
C_KINGSAFETY:0.5099730108188103
C_PAWNSTRUCTURE:0.5
C_PIECECOORDINATION:0.5004302291532601
C_ROOKANDPAWNMOVEMENT:0.5004302291532601
C_CENTERCONTROL:0.5092177175191951
C_DEVELOPPIECES:0.4999998594160304
C_MATERIAL:0.5179165904044422
