ELO:978
CE_PASSEDPAWNS:0.5194008911453453
CE_PAWNWEAKNESSES:0.4948541644586812
CE_PIECEACTIVITY:0.5004342108937719
CE_KINGPAWNSHIELD:0.5
CE_PIECECOORDINATION:0.502422079127405
CE_MATERIAL:0.5160371064046528
CE_KINGSAFETY:0.5
C_PIECESQUARETABLES:0.5
C_MOBILITY:0.5
C_KINGSAFETY:0.5067783950781599
C_PAWNSTRUCTURE:0.4538788829927125
C_PIECECOORDINATION:0.5057791723666945
C_ROOKANDPAWNMOVEMENT:0.5057791723666945
C_CENTERCONTROL:0.48575489790450616
C_DEVELOPPIECES:0.5236051687802415
C_MATERIAL:0.5
C_MOVECOUNT:0.5
