ELO:954
CE_PASSEDPAWNS:0.5171467123139942
CE_PAWNWEAKNESSES:0.5019608833124758
CE_PIECEACTIVITY:0.46171939474441653
CE_KINGPAWNSHIELD:0.5054068558400017
CE_PIECECOORDINATION:0.5014896750066626
CE_MATERIAL:0.4790042995702263
CE_KINGSAFETY:0.49642475453156343
C_PIECESQUARETABLES:0.494220759479175
C_MOBILITY:0.5195910541942693
C_KINGSAFETY:0.5191736240888607
C_PAWNSTRUCTURE:0.4835012677941629
C_PIECECOORDINATION:0.4809483457118015
C_ROOK:0.4939620955555346
CE_ROOK:0.5007853778091199
C_CENTERCONTROL:0.47630585892766564
C_DEVELOPPIECES:0.5417653675452162
C_MATERIAL:0.5261631856217586
C_MOVECOUNT:0.46891694115906374
C_PAWNMOVEMENT:0.4860952948794195
