ELO:993
CE_PASSEDPAWNS:0.5120181038728013
CE_PAWNWEAKNESSES:0.5062237445661766
CE_PIECEACTIVITY:0.4905425174728621
CE_KINGPAWNSHIELD:0.5063561060770897
CE_PIECECOORDINATION:0.4916610946830515
CE_MATERIAL:0.5092619590330955
CE_KINGSAFETY:0.5013331162367392
C_PIECESQUARETABLES:0.5180502730601662
C_MOBILITY:0.5058952683098947
C_KINGSAFETY:0.4950707136674928
C_PAWNSTRUCTURE:0.5
C_PIECECOORDINATION:0.48457943991324554
C_ROOKANDPAWNMOVEMENT:0.48457943991324554
C_CENTERCONTROL:0.509486600857128
C_DEVELOPPIECES:0.5
C_MATERIAL:0.5007934809183949
C_MOVECOUNT:0.5146920319769093
