ELO:933
CE_PASSEDPAWNS:0.5564412381030425
CE_PAWNWEAKNESSES:0.6920531066299557
CE_PIECEACTIVITY:0.46337025920513625
CE_KINGPAWNSHIELD:0.47397876813428924
CE_PIECECOORDINATION:0.4402459903606424
CE_MATERIAL:0.45727434619562585
CE_KINGSAFETY:0.48805284202776444
C_PIECESQUARETABLES:0.4992191011747029
C_MOBILITY:0.565224221720715
C_KINGSAFETY:0.5074013624713839
C_PAWNSTRUCTURE:0.5231033805411599
C_PIECECOORDINATION:0.5693626537347336
C_ROOKANDPAWNMOVEMENT:0.5693626537347336
C_CENTERCONTROL:0.579484570439524
C_DEVELOPPIECES:0.481757431590048
C_MATERIAL:0.40105208616428734
