ELO:970
CE_PASSEDPAWNS:0.5211688083179653
CE_PAWNWEAKNESSES:0.507222707306903
CE_PIECEACTIVITY:0.4929774195292653
CE_KINGPAWNSHIELD:0.5118375133051751
CE_PIECECOORDINATION:0.5122577898618031
CE_MATERIAL:0.4777183686478702
CE_KINGSAFETY:0.4966491930680657
C_PIECESQUARETABLES:0.5
C_MOBILITY:0.49865673543818356
C_KINGSAFETY:0.49058859326293663
C_PAWNSTRUCTURE:0.48479308267802207
C_PIECECOORDINATION:0.492037533069507
C_ROOK:0.5155005383683637
CE_ROOK:0.5078597939717447
C_CENTERCONTROL:0.4739964727842898
C_DEVELOPPIECES:0.5210998878771713
C_MATERIAL:0.516201206518174
C_MOVECOUNT:0.48768933793273656
C_PAWNMOVEMENT:0.5066769105144024
