ELO:927
CE_PASSEDPAWNS:0.5231381998451322
CE_PAWNWEAKNESSES:0.4999552201422514
CE_PIECEACTIVITY:0.4775159462599813
CE_KINGPAWNSHIELD:0.5015471535824202
CE_PIECECOORDINATION:0.48035572915323527
CE_MATERIAL:0.5573310812155924
CE_KINGSAFETY:0.510555798137084
C_PIECESQUARETABLES:0.5094119710008121
C_MOBILITY:0.5287022175143851
C_KINGSAFETY:0.49885883023978245
C_PAWNSTRUCTURE:0.4790237786471384
C_PIECECOORDINATION:0.4962183467866117
C_ROOK:0.4832849790126053
CE_ROOK:0.5247767011688395
C_CENTERCONTROL:0.4943269920962536
C_DEVELOPPIECES:0.5174385122277437
C_MATERIAL:0.49536010625402843
C_MOVECOUNT:0.5234499159026617
C_PAWNMOVEMENT:0.5088180392226838
