ELO:989
CE_PASSEDPAWNS:0.48862552687601024
CE_PAWNWEAKNESSES:0.5539831491749427
CE_PIECEACTIVITY:0.5128243174647886
CE_KINGPAWNSHIELD:0.4986449696006853
CE_PIECECOORDINATION:0.4897803767390058
CE_MATERIAL:0.4764743048149955
CE_KINGSAFETY:0.48435271886069414
C_PIECESQUARETABLES:0.5345732340025724
C_MOBILITY:0.5334197663122376
C_KINGSAFETY:0.506776388684044
C_PAWNSTRUCTURE:0.5283829204249098
C_PIECECOORDINATION:0.5089510890993237
C_ROOKANDPAWNMOVEMENT:0.5089510890993237
C_CENTERCONTROL:0.49283251849522175
C_DEVELOPPIECES:0.4911179964499584
C_MATERIAL:0.45790378496425527
