ELO:968
CE_PASSEDPAWNS:0.5299643950244948
CE_PAWNWEAKNESSES:0.5030214113345831
CE_PIECEACTIVITY:0.4757575025677454
CE_KINGPAWNSHIELD:0.5044224104438925
CE_PIECECOORDINATION:0.5233517020091661
CE_MATERIAL:0.4717018709730011
CE_KINGSAFETY:0.5
C_PIECESQUARETABLES:0.5
C_MOBILITY:0.5178411103143726
C_KINGSAFETY:0.49058859326293663
C_PAWNSTRUCTURE:0.47189872704211333
C_PIECECOORDINATION:0.4741525710650778
C_ROOK:0.5023071943302804
CE_ROOK:0.47949566129024906
C_CENTERCONTROL:0.47431485287498876
C_DEVELOPPIECES:0.528838361434933
C_MATERIAL:0.5256728838725118
C_MOVECOUNT:0.48387010937624264
C_PAWNMOVEMENT:0.4975560648803288
