ELO:989
CE_PASSEDPAWNS:0.5290565828173873
CE_PAWNWEAKNESSES:0.6241266072598579
CE_PIECEACTIVITY:0.5499744476781937
CE_KINGPAWNSHIELD:0.5133277051198013
CE_PIECECOORDINATION:0.5055955054450262
CE_MATERIAL:0.4695455043821072
CE_KINGSAFETY:0.5333072608290438
C_PIECESQUARETABLES:0.530681474660449
C_MOBILITY:0.5770120411357189
C_KINGSAFETY:0.4975753225384752
C_PAWNSTRUCTURE:0.4678235585580944
C_PIECECOORDINATION:0.5100246379560832
C_ROOKANDPAWNMOVEMENT:0.5100246379560832
C_CENTERCONTROL:0.5447146815242178
C_DEVELOPPIECES:0.48093209768860645
C_MATERIAL:0.45513345194532007
