ELO:1006
CE_PASSEDPAWNS:0.48338157751129557
CE_PAWNWEAKNESSES:0.5
CE_PIECEACTIVITY:0.5233197676981333
CE_KINGPAWNSHIELD:0.4859234993312027
CE_PIECECOORDINATION:0.5119834086722385
CE_MATERIAL:0.5
CE_KINGSAFETY:0.49230185293036205
C_PIECESQUARETABLES:0.5200576177429289
C_MOBILITY:0.49465240504371966
C_KINGSAFETY:0.516648406673823
C_PAWNSTRUCTURE:0.4943624044978838
C_PIECECOORDINATION:0.5013615576610606
C_ROOKANDPAWNMOVEMENT:0.5013615576610606
C_CENTERCONTROL:0.4677490909094454
C_DEVELOPPIECES:0.48588688436805
C_MATERIAL:0.5267596338638287
