ELO:770
CE_PASSEDPAWNS:0.5013755685733399
CE_PAWNWEAKNESSES:0.41947204115680353
CE_PIECEACTIVITY:0.47906869947751946
CE_KINGPAWNSHIELD:0.5088953236574629
CE_PIECECOORDINATION:0.4995117953128438
CE_MATERIAL:0.3826041690097276
CE_KINGSAFETY:0.4767957416395402
C_PIECESQUARETABLES:0.5086785918807571
C_MOBILITY:0.5108229182297583
C_KINGSAFETY:0.44754489579528745
C_PAWNSTRUCTURE:0.47300194158336695
C_PIECECOORDINATION:0.5192422185316409
C_ROOKANDPAWNMOVEMENT:0.5192422185316409
C_CENTERCONTROL:0.4428413120856349
C_DEVELOPPIECES:0.5763755195137447
C_MATERIAL:0.41751862656338706
C_MOVECOUNT:0.5052640208481866
