ELO:985
CE_PASSEDPAWNS:0.5074353645013329
CE_PAWNWEAKNESSES:0.5376194027616433
CE_PIECEACTIVITY:0.5490110787993967
CE_KINGPAWNSHIELD:0.49650765482626286
CE_PIECECOORDINATION:0.5602456961134298
CE_MATERIAL:0.61302131795098
CE_KINGSAFETY:0.48054430705040824
C_PIECESQUARETABLES:0.5008388373803487
C_MOBILITY:0.4887986699586011
C_KINGSAFETY:0.4168940857804253
C_PAWNSTRUCTURE:0.4929929791520391
C_PIECECOORDINATION:0.4266509035611862
C_ROOKANDPAWNMOVEMENT:0.4266509035611862
C_CENTERCONTROL:0.475094714388775
C_DEVELOPPIECES:0.46069202382643964
C_MATERIAL:0.5289599077210467
