ELO:937
CE_PASSEDPAWNS:0.5295910984535186
CE_PAWNWEAKNESSES:0.7041839798305404
CE_PIECEACTIVITY:0.4873034140064238
CE_KINGPAWNSHIELD:0.47472881768527164
CE_PIECECOORDINATION:0.4984103735757021
CE_MATERIAL:0.4897574546262155
CE_KINGSAFETY:0.5062116448005761
C_PIECESQUARETABLES:0.5114862323459708
C_MOBILITY:0.5821663706015335
C_KINGSAFETY:0.5044060852157003
C_PAWNSTRUCTURE:0.48689545456046107
C_PIECECOORDINATION:0.5916922371566197
C_ROOKANDPAWNMOVEMENT:0.5916922371566197
C_CENTERCONTROL:0.5829356889758617
C_DEVELOPPIECES:0.49371031927414705
C_MATERIAL:0.41895833313316605
