ELO:850
CE_PASSEDPAWNS:0.47807113651437877
CE_PAWNWEAKNESSES:0.7070218292708493
CE_PIECEACTIVITY:0.46220511738222425
CE_KINGPAWNSHIELD:0.6293228137914373
CE_PIECECOORDINATION:0.5114203706617056
CE_MATERIAL:0.4585088658432584
CE_KINGSAFETY:0.5115490040176776
C_PIECESQUARETABLES:0.4616302558823357
C_MOBILITY:0.4891167924491811
C_KINGSAFETY:0.4786053162038032
C_PAWNSTRUCTURE:0.5612226841019613
C_PIECECOORDINATION:0.473997202513987
C_ROOKANDPAWNMOVEMENT:0.473997202513987
C_CENTERCONTROL:0.5282555177757249
C_DEVELOPPIECES:0.5208930991916442
C_MATERIAL:0.4726759462017712
