ELO:1023
CE_PASSEDPAWNS:0.5
CE_PAWNWEAKNESSES:0.5096396441468295
CE_PIECEACTIVITY:0.5
CE_KINGPAWNSHIELD:0.502989799343693
CE_PIECECOORDINATION:0.5
CE_MATERIAL:0.5
CE_KINGSAFETY:0.5
C_PIECESQUARETABLES:0.48870421968800154
C_MOBILITY:0.5
C_KINGSAFETY:0.4954284780198703
C_PAWNSTRUCTURE:0.5
C_PIECECOORDINATION:0.4820004543418327
C_ROOKANDPAWNMOVEMENT:0.4820004543418327
C_CENTERCONTROL:0.5
C_DEVELOPPIECES:0.5
C_MATERIAL:0.4897534307940533
C_MOVECOUNT:0.5
