ELO:999
CE_PASSEDPAWNS:0.5101584777950255
CE_PAWNWEAKNESSES:0.5
CE_PIECEACTIVITY:0.4964595850109889
CE_KINGPAWNSHIELD:0.49695810212144576
CE_PIECECOORDINATION:0.5221627112706672
CE_MATERIAL:0.4756604283463172
CE_KINGSAFETY:0.5
C_PIECESQUARETABLES:0.5
C_MOBILITY:0.4994136588151064
C_KINGSAFETY:0.49555130511192086
C_PAWNSTRUCTURE:0.5
C_PIECECOORDINATION:0.4982977628954708
C_ROOK:0.512327165163014
CE_ROOK:0.4963888682025826
C_CENTERCONTROL:0.4972485868965591
C_DEVELOPPIECES:0.5081247580473444
C_MATERIAL:0.5126656183475001
C_MOVECOUNT:0.4896137231895401
C_PAWNMOVEMENT:0.5
