ELO:944
CE_PASSEDPAWNS:0.5482070809058953
CE_PAWNWEAKNESSES:0.6064739142456536
CE_PIECEACTIVITY:0.5711592246906345
CE_KINGPAWNSHIELD:0.5218238490788294
CE_PIECECOORDINATION:0.552379844633556
CE_MATERIAL:0.6531492510720328
CE_KINGSAFETY:0.4613525166805017
C_PIECESQUARETABLES:0.48409612974731936
C_MOBILITY:0.4645427989029808
C_KINGSAFETY:0.3988835223338975
C_PAWNSTRUCTURE:0.5079639821826829
C_PIECECOORDINATION:0.40596505718077885
C_ROOKANDPAWNMOVEMENT:0.40596505718077885
C_CENTERCONTROL:0.4862026056645332
C_DEVELOPPIECES:0.4117486606648865
C_MATERIAL:0.5204318422810917
