ELO:945
CE_PASSEDPAWNS:0.5340673288455594
CE_PAWNWEAKNESSES:0.5749365308538341
CE_PIECEACTIVITY:0.5601404891324621
CE_KINGPAWNSHIELD:0.5170592039818506
CE_PIECECOORDINATION:0.542461596838037
CE_MATERIAL:0.6479483782465348
CE_KINGSAFETY:0.46809611834144216
C_PIECESQUARETABLES:0.49851889685419654
C_MOBILITY:0.4641663151807966
C_KINGSAFETY:0.3988835223338975
C_PAWNSTRUCTURE:0.513170882147771
C_PIECECOORDINATION:0.3901733978479532
C_ROOKANDPAWNMOVEMENT:0.3901733978479532
C_CENTERCONTROL:0.4860642514673673
C_DEVELOPPIECES:0.41378045280061926
C_MATERIAL:0.5117161983698718
