ELO:981
CE_PASSEDPAWNS:0.5168335828348822
CE_PAWNWEAKNESSES:0.4999552201422514
CE_PIECEACTIVITY:0.4650692142317879
CE_KINGPAWNSHIELD:0.5015471535824202
CE_PIECECOORDINATION:0.5143621151532964
CE_MATERIAL:0.5478855862618599
CE_KINGSAFETY:0.5
C_PIECESQUARETABLES:0.5066173189457315
C_MOBILITY:0.531353214090432
C_KINGSAFETY:0.5191736240888607
C_PAWNSTRUCTURE:0.47727222369253464
C_PIECECOORDINATION:0.4881434135672457
C_ROOK:0.493029974570172
CE_ROOK:0.4895994787062202
C_CENTERCONTROL:0.5003657567361729
C_DEVELOPPIECES:0.5068972884202297
C_MATERIAL:0.5408209540316342
C_MOVECOUNT:0.48091028717288375
C_PAWNMOVEMENT:0.5238971052422602
