ELO:963
CE_PASSEDPAWNS:0.5294767968252067
CE_PAWNWEAKNESSES:0.6889142617983826
CE_PIECEACTIVITY:0.5050278017904755
CE_KINGPAWNSHIELD:0.5151158441160779
CE_PIECECOORDINATION:0.5030500868292643
CE_MATERIAL:0.4979122627606323
CE_KINGSAFETY:0.5075985248335457
C_PIECESQUARETABLES:0.485843195021777
C_MOBILITY:0.5791267637918468
C_KINGSAFETY:0.5455808682649713
C_PAWNSTRUCTURE:0.4898288768946655
C_PIECECOORDINATION:0.5657914948093711
C_ROOKANDPAWNMOVEMENT:0.5657914948093711
C_CENTERCONTROL:0.5730777021300525
C_DEVELOPPIECES:0.5286571178107544
C_MATERIAL:0.4231656373807066
