ELO:1018
CE_PASSEDPAWNS:0.4973927294236227
CE_PAWNWEAKNESSES:0.46882150327940103
CE_PIECEACTIVITY:0.5123026365231745
CE_KINGPAWNSHIELD:0.4969588492296317
CE_PIECECOORDINATION:0.5224686511783688
CE_MATERIAL:0.5
CE_KINGSAFETY:0.5486528154196159
C_PIECESQUARETABLES:0.5345038368822459
C_MOBILITY:0.4007208209705376
C_KINGSAFETY:0.5201536192007441
C_PAWNSTRUCTURE:0.451977894627521
C_PIECECOORDINATION:0.5338153998584109
C_ROOKANDPAWNMOVEMENT:0.5338153998584109
C_CENTERCONTROL:0.47006794696527593
C_DEVELOPPIECES:0.47328929352902427
C_MATERIAL:0.46718968954581724
C_MOVECOUNT:0.5185912269528332
