ELO:767
CE_PASSEDPAWNS:0.4455154663040923
CE_PAWNWEAKNESSES:0.5163663473655851
CE_PIECEACTIVITY:0.5067577973910161
CE_KINGPAWNSHIELD:0.5356182616734708
CE_PIECECOORDINATION:0.5512963734700093
CE_MATERIAL:0.5273248973373571
CE_KINGSAFETY:0.4422476645686208
C_PIECESQUARETABLES:0.5112918418806331
C_MOBILITY:0.4410230564506601
C_KINGSAFETY:0.44510212365215135
C_PAWNSTRUCTURE:0.4817536845660763
C_PIECECOORDINATION:0.5362766150924744
C_ROOKANDPAWNMOVEMENT:0.5362766150924744
C_CENTERCONTROL:0.4507302290745481
C_DEVELOPPIECES:0.5638755642843051
C_MATERIAL:0.5302213907760739
C_MOVECOUNT:0.5
