ELO:1000
CE_PASSEDPAWNS:0.5434846817019489
CE_PAWNWEAKNESSES:0.49236638196948457
CE_PIECEACTIVITY:0.4945123427159983
CE_KINGPAWNSHIELD:0.48191774009605887
CE_PIECECOORDINATION:0.48324500511996965
CE_MATERIAL:0.506797800338177
CE_KINGSAFETY:0.5057189090935623
C_PIECESQUARETABLES:0.4902492951062803
C_MOBILITY:0.4777273465670747
C_KINGSAFETY:0.5127453829353686
C_PAWNSTRUCTURE:0.4315266799669546
C_PIECECOORDINATION:0.49085058573362994
C_ROOKANDPAWNMOVEMENT:0.49085058573362994
C_CENTERCONTROL:0.5071540940087009
C_DEVELOPPIECES:0.5181731400274006
C_MATERIAL:0.477770874632074
