ELO:941
CE_PASSEDPAWNS:0.5467953775668972
CE_PAWNWEAKNESSES:0.5209375617151402
CE_PIECEACTIVITY:0.5253979975182068
CE_KINGPAWNSHIELD:0.5189807113916203
CE_PIECECOORDINATION:0.5133578798728461
CE_MATERIAL:0.5060345177304095
CE_KINGSAFETY:0.49837293887057205
C_PIECESQUARETABLES:0.48170961576486443
C_MOBILITY:0.5216316186931996
C_KINGSAFETY:0.47324158140071504
C_PAWNSTRUCTURE:0.5253811727057178
C_PIECECOORDINATION:0.47634755316644783
C_ROOKANDPAWNMOVEMENT:0.47634755316644783
C_CENTERCONTROL:0.5395103088403883
C_DEVELOPPIECES:0.4777422375434589
C_MATERIAL:0.494941728841173
C_MOVECOUNT:0.5
