ELO:782
CE_PASSEDPAWNS:0.3337448210003936
CE_PAWNWEAKNESSES:0.3894554950146976
CE_PIECEACTIVITY:0.36318733374123896
CE_KINGPAWNSHIELD:0.5368009417355778
CE_PIECECOORDINATION:0.41581429884615045
CE_MATERIAL:0.6404276465599651
CE_KINGSAFETY:0.5050446505422569
C_PIECESQUARETABLES:0.5051876344148217
C_MOBILITY:0.4486759636190014
C_KINGSAFETY:0.5140443352269723
C_PAWNSTRUCTURE:0.49631699012216496
C_PIECECOORDINATION:0.3605638940332508
C_ROOKANDPAWNMOVEMENT:0.3605638940332508
C_CENTERCONTROL:0.5412400108053175
C_DEVELOPPIECES:0.6231439289189848
C_MATERIAL:0.48910446532866
