ELO:958
CE_PASSEDPAWNS:0.44343950130054843
CE_PAWNWEAKNESSES:0.41619313386253354
CE_PIECEACTIVITY:0.40756505272186344
CE_KINGPAWNSHIELD:0.5043142293648489
CE_PIECECOORDINATION:0.4724743617022719
CE_MATERIAL:0.6171794329179829
CE_KINGSAFETY:0.49124192224946284
C_PIECESQUARETABLES:0.49573158932536454
C_MOBILITY:0.4970950985957136
C_KINGSAFETY:0.5188612132635552
C_PAWNSTRUCTURE:0.4908315506407226
C_PIECECOORDINATION:0.4513521702969624
C_ROOKANDPAWNMOVEMENT:0.4513521702969624
C_CENTERCONTROL:0.5436812568853608
C_DEVELOPPIECES:0.5950017547213817
C_MATERIAL:0.4487690323238234
