ELO:1011
CE_PASSEDPAWNS:0.5089008671253583
CE_PAWNWEAKNESSES:0.5
CE_PIECEACTIVITY:0.5053486613386222
CE_KINGPAWNSHIELD:0.5
CE_PIECECOORDINATION:0.505956758345117
CE_MATERIAL:0.505528267688606
CE_KINGSAFETY:0.5
C_PIECESQUARETABLES:0.5
C_MOBILITY:0.5114074977280486
C_KINGSAFETY:0.5
C_PAWNSTRUCTURE:0.4936957436278755
C_PIECECOORDINATION:0.5
C_ROOKANDPAWNMOVEMENT:0.5
C_CENTERCONTROL:0.5196989153218629
C_DEVELOPPIECES:0.48874297200151895
C_MATERIAL:0.5
C_MOVECOUNT:0.49992898146062864
