ELO:934
CE_PASSEDPAWNS:0.5137403556200741
CE_PAWNWEAKNESSES:0.48320620315759466
CE_PIECEACTIVITY:0.4749894115716336
CE_KINGPAWNSHIELD:0.4561518944416539
CE_PIECECOORDINATION:0.4542249212758018
CE_MATERIAL:0.4765242021614545
CE_KINGSAFETY:0.5113298389072729
C_PIECESQUARETABLES:0.5060017627478496
C_MOBILITY:0.44995842747289266
C_KINGSAFETY:0.5076252361599253
C_PAWNSTRUCTURE:0.5085485551937944
C_PIECECOORDINATION:0.5058470003570502
C_ROOK:0.48069143373739176
CE_ROOK:0.5418916132601217
C_CENTERCONTROL:0.44501507906487137
C_DEVELOPPIECES:0.524759515421372
C_MATERIAL:0.5900529660507706
C_MOVECOUNT:0.4740519138417633
C_PAWNMOVEMENT:0.5330428748792879
