ELO:895
CE_PASSEDPAWNS:0.6515565352793141
CE_PAWNWEAKNESSES:0.543194959696913
CE_PIECEACTIVITY:0.4445899100243694
CE_KINGPAWNSHIELD:0.4717509878221568
CE_PIECECOORDINATION:0.4916819101603178
CE_MATERIAL:0.5880511339335698
CE_KINGSAFETY:0.5213376391173059
C_PIECESQUARETABLES:0.5460121503583256
C_MOBILITY:0.4894285770914935
C_KINGSAFETY:0.4547343609844356
C_PAWNSTRUCTURE:0.4937653920577419
C_PIECECOORDINATION:0.4292847276009352
C_ROOKANDPAWNMOVEMENT:0.4292847276009352
C_CENTERCONTROL:0.4971884352875522
C_DEVELOPPIECES:0.5253793791268797
C_MATERIAL:0.4971285635021042
