ELO:803
CE_PASSEDPAWNS:0.6174904012430311
CE_PAWNWEAKNESSES:0.5209375617151402
CE_PIECEACTIVITY:0.4053436992752305
CE_KINGPAWNSHIELD:0.4945802365747001
CE_PIECECOORDINATION:0.3917274130732878
CE_MATERIAL:0.4699618592494867
CE_KINGSAFETY:0.47287663134035013
C_PIECESQUARETABLES:0.5096913646634784
C_MOBILITY:0.4286521411142356
C_KINGSAFETY:0.555965224192529
C_PAWNSTRUCTURE:0.5732688047958685
C_PIECECOORDINATION:0.5176924376377028
C_ROOKANDPAWNMOVEMENT:0.5176924376377028
C_CENTERCONTROL:0.5723145177553668
C_DEVELOPPIECES:0.5223188734525168
C_MATERIAL:0.5896630889697594
C_MOVECOUNT:0.4943712562184226
