ELO:1021
CE_PASSEDPAWNS:0.4408013506850117
CE_PAWNWEAKNESSES:0.4696482993198729
CE_PIECEACTIVITY:0.509091307839263
CE_KINGPAWNSHIELD:0.5231058468760366
CE_PIECECOORDINATION:0.4811270897912486
CE_MATERIAL:0.45478698938965245
CE_KINGSAFETY:0.45605272181919565
C_PIECESQUARETABLES:0.5112642656252416
C_MOBILITY:0.5520654307867789
C_KINGSAFETY:0.47716758724108876
C_PAWNSTRUCTURE:0.4469223086395229
C_PIECECOORDINATION:0.5088949807501649
C_ROOKANDPAWNMOVEMENT:0.5088949807501649
C_CENTERCONTROL:0.47515776419833333
C_DEVELOPPIECES:0.48264414617183815
C_MATERIAL:0.5765601509198527
