ELO:973
CE_PASSEDPAWNS:0.48735602311162296
CE_PAWNWEAKNESSES:0.5036608408734888
CE_PIECEACTIVITY:0.5452350942734
CE_KINGPAWNSHIELD:0.4872598308049646
CE_PIECECOORDINATION:0.5076964801135169
CE_MATERIAL:0.5128450937562619
CE_KINGSAFETY:0.4950997416845705
C_PIECESQUARETABLES:0.4977306569160535
C_MOBILITY:0.5150974298443023
C_KINGSAFETY:0.46235039943088196
C_PAWNSTRUCTURE:0.5021590933050479
C_PIECECOORDINATION:0.48017668984014866
C_ROOK:0.47855476567245436
CE_ROOK:0.4679065200494525
C_CENTERCONTROL:0.5025620765278697
C_DEVELOPPIECES:0.47135591392337695
C_MATERIAL:0.4742070628391705
C_MOVECOUNT:0.4908997420402082
C_PAWNMOVEMENT:0.5004330362345518
