ELO:981
CE_PASSEDPAWNS:0.4883514526839017
CE_PAWNWEAKNESSES:0.5105860448868877
CE_PIECEACTIVITY:0.5119705324717531
CE_KINGPAWNSHIELD:0.5223091071042263
CE_PIECECOORDINATION:0.5208433877884806
CE_MATERIAL:0.48202887935892647
CE_KINGSAFETY:0.5
C_PIECESQUARETABLES:0.5
C_MOBILITY:0.5491744198532802
C_KINGSAFETY:0.502621076820108
C_PAWNSTRUCTURE:0.47708857137034705
C_PIECECOORDINATION:0.5113876526875692
C_ROOK:0.5210928017021096
CE_ROOK:0.4759214876456734
C_CENTERCONTROL:0.4790640109904083
C_DEVELOPPIECES:0.48870942002576345
C_MATERIAL:0.5279302358418805
C_MOVECOUNT:0.4655966820062668
C_PAWNMOVEMENT:0.4606636445402162
