ELO:984
CE_PASSEDPAWNS:0.5102725531394218
CE_PAWNWEAKNESSES:0.5410318306411962
CE_PIECEACTIVITY:0.5184160729348016
CE_KINGPAWNSHIELD:0.4954193653943847
CE_PIECECOORDINATION:0.5024729050828024
CE_MATERIAL:0.4985980125156811
CE_KINGSAFETY:0.5
C_PIECESQUARETABLES:0.5
C_MOBILITY:0.49358298231183845
C_KINGSAFETY:0.5519169929926283
C_PAWNSTRUCTURE:0.4925946136719331
C_PIECECOORDINATION:0.470581401082026
C_ROOK:0.5272298454178094
CE_ROOK:0.5243961737878999
C_CENTERCONTROL:0.5006688284442861
C_DEVELOPPIECES:0.5294645058078725
C_MATERIAL:0.4840162761466999
C_MOVECOUNT:0.49707727937085766
C_PAWNMOVEMENT:0.4959987243568744
