ELO:987
CE_PASSEDPAWNS:0.41779300251592116
CE_PAWNWEAKNESSES:0.4187423843365222
CE_PIECEACTIVITY:0.3987837862366244
CE_KINGPAWNSHIELD:0.5104890571895984
CE_PIECECOORDINATION:0.47873258420957787
CE_MATERIAL:0.6236656965811285
CE_KINGSAFETY:0.49576658503732013
C_PIECESQUARETABLES:0.5033370587156096
C_MOBILITY:0.4741488308070084
C_KINGSAFETY:0.5231780186868534
C_PAWNSTRUCTURE:0.5298790217407952
C_PIECECOORDINATION:0.4378152942849992
C_ROOKANDPAWNMOVEMENT:0.4378152942849992
C_CENTERCONTROL:0.5265224277276003
C_DEVELOPPIECES:0.6051386006969874
C_MATERIAL:0.487430648381207
