ELO:1076
CE_PASSEDPAWNS:0.5965798712226461
CE_PAWNWEAKNESSES:0.49430537354532034
CE_PIECEACTIVITY:0.4545898082388534
CE_KINGPAWNSHIELD:0.5018612713240761
CE_PIECECOORDINATION:0.5327101574116997
CE_MATERIAL:0.44532622374463793
CE_KINGSAFETY:0.530989637399844
C_PIECESQUARETABLES:0.5096027592608701
C_MOBILITY:0.5224352356089474
C_KINGSAFETY:0.6078896560036096
C_PAWNSTRUCTURE:0.4118787294889163
C_PIECECOORDINATION:0.45319136112678254
C_ROOKANDPAWNMOVEMENT:0.45319136112678254
C_CENTERCONTROL:0.48849520476077973
C_DEVELOPPIECES:0.5154443652916326
C_MATERIAL:0.41776408658125674
