ELO:1009
CE_PASSEDPAWNS:0.5
CE_PAWNWEAKNESSES:0.5134731024977444
CE_PIECEACTIVITY:0.5000442102249717
CE_KINGPAWNSHIELD:0.4966934445856597
CE_PIECECOORDINATION:0.5
CE_MATERIAL:0.49230585151709
CE_KINGSAFETY:0.4879845705773178
C_PIECESQUARETABLES:0.48811721649952394
C_MOBILITY:0.5
C_KINGSAFETY:0.49593136445744496
C_PAWNSTRUCTURE:0.5009752897869987
C_PIECECOORDINATION:0.5
C_ROOKANDPAWNMOVEMENT:0.5
C_CENTERCONTROL:0.5
C_DEVELOPPIECES:0.5111145637674882
C_MATERIAL:0.5
