ELO:985
CE_PASSEDPAWNS:0.5141402848495494
CE_PAWNWEAKNESSES:0.5007458591434849
CE_PIECEACTIVITY:0.49189030463831185
CE_KINGPAWNSHIELD:0.49937766130500827
CE_PIECECOORDINATION:0.5
CE_MATERIAL:0.5107197231725852
CE_KINGSAFETY:0.5034478336057276
C_PIECESQUARETABLES:0.5096255888975095
C_MOBILITY:0.4899866461035823
C_KINGSAFETY:0.5
C_PAWNSTRUCTURE:0.5031559625396848
C_PIECECOORDINATION:0.4863539591525488
C_ROOKANDPAWNMOVEMENT:0.4863539591525488
C_CENTERCONTROL:0.5096047847853664
C_DEVELOPPIECES:0.4930049255577536
C_MATERIAL:0.4827663677378011
C_MOVECOUNT:0.5074474028720963
