ELO:1061
CE_PASSEDPAWNS:0.5701260136695502
CE_PAWNWEAKNESSES:0.5075763442734517
CE_PIECEACTIVITY:0.44878033930591577
CE_KINGPAWNSHIELD:0.48957611683933816
CE_PIECECOORDINATION:0.5182241357187563
CE_MATERIAL:0.45053370693954187
CE_KINGSAFETY:0.48859272033736495
C_PIECESQUARETABLES:0.5051722537003057
C_MOBILITY:0.4999772405558907
C_KINGSAFETY:0.5869734073360398
C_PAWNSTRUCTURE:0.3915179169348477
C_PIECECOORDINATION:0.45945094782362256
C_ROOKANDPAWNMOVEMENT:0.45945094782362256
C_CENTERCONTROL:0.4833437003891955
C_DEVELOPPIECES:0.5139958160828124
C_MATERIAL:0.41444891441444626
