ELO:978
CE_PASSEDPAWNS:0.5268426635986065
CE_PAWNWEAKNESSES:0.5211423914672536
CE_PIECEACTIVITY:0.5
CE_KINGPAWNSHIELD:0.46256855660135443
CE_PIECECOORDINATION:0.49682280158518544
CE_MATERIAL:0.520271727202347
CE_KINGSAFETY:0.5
C_PIECESQUARETABLES:0.48024609614997404
C_MOBILITY:0.5125135394957986
C_KINGSAFETY:0.4799828852726205
C_PAWNSTRUCTURE:0.5142923355651906
C_PIECECOORDINATION:0.48905256136717373
C_ROOKANDPAWNMOVEMENT:0.48905256136717373
C_CENTERCONTROL:0.5191501100290565
C_DEVELOPPIECES:0.46577858395519367
C_MATERIAL:0.4869585010909063
C_MOVECOUNT:0.5
