ELO:1006
CE_PASSEDPAWNS:0.49447455536673607
CE_PAWNWEAKNESSES:0.5
CE_PIECEACTIVITY:0.5021453969900513
CE_KINGPAWNSHIELD:0.5030267285573115
CE_PIECECOORDINATION:0.5073726337685659
CE_MATERIAL:0.49865814791100305
CE_KINGSAFETY:0.5087383770285192
C_PIECESQUARETABLES:0.5020626386565784
C_MOBILITY:0.5
C_KINGSAFETY:0.503661675475461
C_PAWNSTRUCTURE:0.5078915571066317
C_PIECECOORDINATION:0.5078287135296871
C_ROOKANDPAWNMOVEMENT:0.5078287135296871
C_CENTERCONTROL:0.4959046034586645
C_DEVELOPPIECES:0.5103411953853907
C_MATERIAL:0.49556002408472394
C_MOVECOUNT:0.5
