ELO:1012
CE_PASSEDPAWNS:0.5147179857563028
CE_PAWNWEAKNESSES:0.4629804204260446
CE_PIECEACTIVITY:0.5047241448627764
CE_KINGPAWNSHIELD:0.5189450084591096
CE_PIECECOORDINATION:0.5
CE_MATERIAL:0.5703685973460395
CE_KINGSAFETY:0.4931212935019786
C_PIECESQUARETABLES:0.493700752187752
C_MOBILITY:0.41693084070008396
C_KINGSAFETY:0.5341623067241824
C_PAWNSTRUCTURE:0.510723216977439
C_PIECECOORDINATION:0.47276151165128116
C_ROOKANDPAWNMOVEMENT:0.47276151165128116
C_CENTERCONTROL:0.48508265200756395
C_DEVELOPPIECES:0.4780932818635463
C_MATERIAL:0.49432693101215436
C_MOVECOUNT:0.5382847196750267
