ELO:934
CE_PASSEDPAWNS:0.3943046214194078
CE_PAWNWEAKNESSES:0.3918110890428337
CE_PIECEACTIVITY:0.3957963066198573
CE_KINGPAWNSHIELD:0.51118798134425
CE_PIECECOORDINATION:0.43756251840612387
CE_MATERIAL:0.6268846039085114
CE_KINGSAFETY:0.5053588061722292
C_PIECESQUARETABLES:0.47699717303798755
C_MOBILITY:0.5255451612411225
C_KINGSAFETY:0.5083155292191884
C_PAWNSTRUCTURE:0.45188220028719484
C_PIECECOORDINATION:0.3990032262566264
C_ROOKANDPAWNMOVEMENT:0.3990032262566264
C_CENTERCONTROL:0.5270040113184147
C_DEVELOPPIECES:0.6054310123742673
C_MATERIAL:0.4951449375936324
