ELO:971
CE_PASSEDPAWNS:0.5877672433801806
CE_PAWNWEAKNESSES:0.5200379781643919
CE_PIECEACTIVITY:0.4501734650647726
CE_KINGPAWNSHIELD:0.4777962184813906
CE_PIECECOORDINATION:0.4930444119025814
CE_MATERIAL:0.5650870999663122
CE_KINGSAFETY:0.4871137238939117
C_PIECESQUARETABLES:0.4691890138366728
C_MOBILITY:0.4990266892405001
C_KINGSAFETY:0.42993264438424555
C_PAWNSTRUCTURE:0.4587473533033696
C_PIECECOORDINATION:0.4553241814490036
C_ROOKANDPAWNMOVEMENT:0.4553241814490036
C_CENTERCONTROL:0.49394521345057246
C_DEVELOPPIECES:0.5083472670277116
C_MATERIAL:0.45068277291823694
