ELO:989
CE_PASSEDPAWNS:0.5148833064512536
CE_PAWNWEAKNESSES:0.48733457608431685
CE_PIECEACTIVITY:0.48432551729994644
CE_KINGPAWNSHIELD:0.49203704057497205
CE_PIECECOORDINATION:0.5138892227859216
CE_MATERIAL:0.514365981883165
CE_KINGSAFETY:0.5
C_PIECESQUARETABLES:0.5093106539877019
C_MOBILITY:0.52292945458929
C_KINGSAFETY:0.5017388887723835
C_PAWNSTRUCTURE:0.5
C_PIECECOORDINATION:0.505044642302975
C_ROOKANDPAWNMOVEMENT:0.505044642302975
C_CENTERCONTROL:0.49527834159752515
C_DEVELOPPIECES:0.4790912879601392
C_MATERIAL:0.5032189914455285
C_MOVECOUNT:0.48835698250566206
