ELO:971
CE_PASSEDPAWNS:0.48735602311162296
CE_PAWNWEAKNESSES:0.5118227730782597
CE_PIECEACTIVITY:0.544386694083679
CE_KINGPAWNSHIELD:0.4957537280395388
CE_PIECECOORDINATION:0.4981293260857799
CE_MATERIAL:0.5157412594743321
CE_KINGSAFETY:0.4950997416845705
C_PIECESQUARETABLES:0.4977306569160535
C_MOBILITY:0.5268166274174996
C_KINGSAFETY:0.46235039943088196
C_PAWNSTRUCTURE:0.5021590933050479
C_PIECECOORDINATION:0.48017668984014866
C_ROOK:0.47370345062797053
CE_ROOK:0.4679065200494525
C_CENTERCONTROL:0.5131492033966669
C_DEVELOPPIECES:0.46215320916022007
C_MATERIAL:0.4742070628391705
C_MOVECOUNT:0.4908997420402082
C_PAWNMOVEMENT:0.4985893876218254
