ELO:986
CE_PASSEDPAWNS:0.5141402848495494
CE_PAWNWEAKNESSES:0.5
CE_PIECEACTIVITY:0.49189030463831185
CE_KINGPAWNSHIELD:0.49937766130500827
CE_PIECECOORDINATION:0.5
CE_MATERIAL:0.5
CE_KINGSAFETY:0.5
C_PIECESQUARETABLES:0.4910257180702359
C_MOBILITY:0.4899866461035823
C_KINGSAFETY:0.5
C_PAWNSTRUCTURE:0.5027976230357311
C_PIECECOORDINATION:0.4863539591525488
C_ROOKANDPAWNMOVEMENT:0.4863539591525488
C_CENTERCONTROL:0.5034717031479957
C_DEVELOPPIECES:0.5
C_MATERIAL:0.4827663677378011
C_MOVECOUNT:0.5
