ELO:903
CE_PASSEDPAWNS:0.35241075231023106
CE_PAWNWEAKNESSES:0.3850516719764296
CE_PIECEACTIVITY:0.4109535256556611
CE_KINGPAWNSHIELD:0.5028963264532279
CE_PIECECOORDINATION:0.44037085908827583
CE_MATERIAL:0.6288137320597968
CE_KINGSAFETY:0.5139336515737508
C_PIECESQUARETABLES:0.49113683876512826
C_MOBILITY:0.5184076836332819
C_KINGSAFETY:0.5045651842034816
C_PAWNSTRUCTURE:0.4523293954535096
C_PIECECOORDINATION:0.3986685666471116
C_ROOKANDPAWNMOVEMENT:0.3986685666471116
C_CENTERCONTROL:0.5485744307656939
C_DEVELOPPIECES:0.5914114975569267
C_MATERIAL:0.48024416448650076
