ELO:902
CE_PASSEDPAWNS:0.5227368944711341
CE_PAWNWEAKNESSES:0.5088683665311939
CE_PIECEACTIVITY:0.5067598394720839
CE_KINGPAWNSHIELD:0.512101595304169
CE_PIECECOORDINATION:0.5260955088524137
CE_MATERIAL:0.5165662945597965
CE_KINGSAFETY:0.4610335703013971
C_PIECESQUARETABLES:0.49018566661646706
C_MOBILITY:0.480366528099058
C_KINGSAFETY:0.4765143369923517
C_PAWNSTRUCTURE:0.49955967429805626
C_PIECECOORDINATION:0.45329595388814375
C_ROOKANDPAWNMOVEMENT:0.45329595388814375
C_CENTERCONTROL:0.5421973828434269
C_DEVELOPPIECES:0.5225165169046905
C_MATERIAL:0.5133310025667015
C_MOVECOUNT:0.5442178190751449
