ELO:888
CE_PASSEDPAWNS:0.6497020872562366
CE_PAWNWEAKNESSES:0.5526855248228949
CE_PIECEACTIVITY:0.464707972171333
CE_KINGPAWNSHIELD:0.5038813894381585
CE_PIECECOORDINATION:0.48084869559782284
CE_MATERIAL:0.5620923729942752
CE_KINGSAFETY:0.5346934542631253
C_PIECESQUARETABLES:0.5849337693753864
C_MOBILITY:0.48314565147955185
C_KINGSAFETY:0.4317647587448782
C_PAWNSTRUCTURE:0.5013086100384071
C_PIECECOORDINATION:0.4153782456393941
C_ROOKANDPAWNMOVEMENT:0.4153782456393941
C_CENTERCONTROL:0.5030324145509917
C_DEVELOPPIECES:0.514071407906042
C_MATERIAL:0.4900176918030623
