ELO:955
CE_PASSEDPAWNS:0.5087089956012613
CE_PAWNWEAKNESSES:0.4875813700826844
CE_PIECEACTIVITY:0.4987132440169257
CE_KINGPAWNSHIELD:0.5
CE_PIECECOORDINATION:0.4913397563172471
CE_MATERIAL:0.4895524605480274
CE_KINGSAFETY:0.5186137860312453
C_PIECESQUARETABLES:0.5
C_MOBILITY:0.4494825325847286
C_KINGSAFETY:0.477769449433376
C_PAWNSTRUCTURE:0.49344895362988744
C_PIECECOORDINATION:0.4900481789161118
C_ROOKANDPAWNMOVEMENT:0.4900481789161118
C_CENTERCONTROL:0.47211802285808235
C_DEVELOPPIECES:0.4539560933288462
C_MATERIAL:0.5065263893307775
C_MOVECOUNT:0.5
