ELO:900
CE_PASSEDPAWNS:0.5084372185977749
CE_PAWNWEAKNESSES:0.5205857029046266
CE_PIECEACTIVITY:0.4907589028268101
CE_KINGPAWNSHIELD:0.5011692979962584
CE_PIECECOORDINATION:0.5061015992730825
CE_MATERIAL:0.4978877448012778
CE_KINGSAFETY:0.47963018961691806
C_PIECESQUARETABLES:0.504995910938256
C_MOBILITY:0.480366528099058
C_KINGSAFETY:0.45183664926753275
C_PAWNSTRUCTURE:0.5051523443346999
C_PIECECOORDINATION:0.43919903875301947
C_ROOKANDPAWNMOVEMENT:0.43919903875301947
C_CENTERCONTROL:0.525237645488563
C_DEVELOPPIECES:0.5175315893158551
C_MATERIAL:0.5210442951408729
C_MOVECOUNT:0.5266566479719397
