ELO:798
CE_PASSEDPAWNS:0.4484502506662213
CE_PAWNWEAKNESSES:0.5378168793025974
CE_PIECEACTIVITY:0.5053207964093394
CE_KINGPAWNSHIELD:0.533703377290465
CE_PIECECOORDINATION:0.5437377465583554
CE_MATERIAL:0.5348929377007761
CE_KINGSAFETY:0.41645898943648085
C_PIECESQUARETABLES:0.5287240024357337
C_MOBILITY:0.4233690351742396
C_KINGSAFETY:0.43941324318690855
C_PAWNSTRUCTURE:0.4905300475457053
C_PIECECOORDINATION:0.5299367949538369
C_ROOKANDPAWNMOVEMENT:0.5299367949538369
C_CENTERCONTROL:0.4493641253218544
C_DEVELOPPIECES:0.5736248829408417
C_MATERIAL:0.5501677097730339
C_MOVECOUNT:0.5
