ELO:1002
CE_PASSEDPAWNS:0.49288310852184286
CE_PAWNWEAKNESSES:0.4963481698203787
CE_PIECEACTIVITY:0.5145856624739005
CE_KINGPAWNSHIELD:0.5061331782621136
CE_PIECECOORDINATION:0.5018328382756541
CE_MATERIAL:0.49648313552444384
CE_KINGSAFETY:0.5025230505331285
C_PIECESQUARETABLES:0.4937267093017915
C_MOBILITY:0.5173870514267646
C_KINGSAFETY:0.49135326064370294
C_PAWNSTRUCTURE:0.511570906167866
C_PIECECOORDINATION:0.49835497994366845
C_ROOK:0.4778729389686684
CE_ROOK:0.4806784023673062
C_CENTERCONTROL:0.48614317581368366
C_DEVELOPPIECES:0.4808858963868099
C_MATERIAL:0.5082645783208841
C_MOVECOUNT:0.5067505659084216
C_PAWNMOVEMENT:0.47526614489334007
