ELO:917
CE_PASSEDPAWNS:0.5083844920559626
CE_PAWNWEAKNESSES:0.5305302888349052
CE_PIECEACTIVITY:0.5064561307541017
CE_KINGPAWNSHIELD:0.5123148592594312
CE_PIECECOORDINATION:0.521589520283724
CE_MATERIAL:0.4690991678591014
CE_KINGSAFETY:0.5291552166123582
C_PIECESQUARETABLES:0.4832497842316668
C_MOBILITY:0.4828961499982098
C_KINGSAFETY:0.5370463245648632
C_PAWNSTRUCTURE:0.4920013083237498
C_PIECECOORDINATION:0.5284336966585389
C_ROOKANDPAWNMOVEMENT:0.5284336966585389
C_CENTERCONTROL:0.5323267486145621
C_DEVELOPPIECES:0.46408097202793874
C_MATERIAL:0.5005107880920293
C_MOVECOUNT:0.5
