ELO:968
CE_PASSEDPAWNS:0.4829659835083622
CE_PAWNWEAKNESSES:0.4915248426339209
CE_PIECEACTIVITY:0.541312735447387
CE_KINGPAWNSHIELD:0.49751298733130117
CE_PIECECOORDINATION:0.527175237185702
CE_MATERIAL:0.508824989784269
CE_KINGSAFETY:0.512226870589477
C_PIECESQUARETABLES:0.506976910557643
C_MOBILITY:0.5067821098135751
C_KINGSAFETY:0.4732110558337298
C_PAWNSTRUCTURE:0.49209518597890656
C_PIECECOORDINATION:0.48900259775833055
C_ROOK:0.47828866811547155
CE_ROOK:0.47446835879627836
C_CENTERCONTROL:0.505962434787952
C_DEVELOPPIECES:0.4771992848780022
C_MATERIAL:0.4994346970389774
C_MOVECOUNT:0.5008151711141442
C_PAWNMOVEMENT:0.491700967729175
