ELO:978
CE_PASSEDPAWNS:0.5186607684357578
CE_PAWNWEAKNESSES:0.4596111327178817
CE_PIECEACTIVITY:0.5253631343474783
CE_KINGPAWNSHIELD:0.4769414116665576
CE_PIECECOORDINATION:0.5024729050828024
CE_MATERIAL:0.5157412594743321
CE_KINGSAFETY:0.5
C_PIECESQUARETABLES:0.5
C_MOBILITY:0.5172077349624725
C_KINGSAFETY:0.525636592926838
C_PAWNSTRUCTURE:0.5250436326843444
C_PIECECOORDINATION:0.5238651092196642
C_ROOK:0.5099479016942009
CE_ROOK:0.5419681990233189
C_CENTERCONTROL:0.49345887108622544
C_DEVELOPPIECES:0.5294645058078725
C_MATERIAL:0.49469357712805306
C_MOVECOUNT:0.4884360273380129
C_PAWNMOVEMENT:0.5191277456000347
