ELO:1000
CE_PASSEDPAWNS:0.45836500630247823
CE_PAWNWEAKNESSES:0.48784283306608495
CE_PIECEACTIVITY:0.510881947631402
CE_KINGPAWNSHIELD:0.5060340720897134
CE_PIECECOORDINATION:0.5080005448287862
CE_MATERIAL:0.47822648635184734
CE_KINGSAFETY:0.5025088345325096
C_PIECESQUARETABLES:0.49108255027887027
C_MOBILITY:0.5032049072795174
C_KINGSAFETY:0.4826242525868331
C_PAWNSTRUCTURE:0.5028448161601804
C_PIECECOORDINATION:0.5055312746239656
C_ROOKANDPAWNMOVEMENT:0.5055312746239656
C_CENTERCONTROL:0.5055100790169157
C_DEVELOPPIECES:0.48424932797973624
C_MATERIAL:0.5116547099079756
