ELO:1007
CE_PASSEDPAWNS:0.5029330913936986
CE_PAWNWEAKNESSES:0.49808066364187614
CE_PIECEACTIVITY:0.4991024100408944
CE_KINGPAWNSHIELD:0.5
CE_PIECECOORDINATION:0.502090254793505
CE_MATERIAL:0.49648313552444384
CE_KINGSAFETY:0.5
C_PIECESQUARETABLES:0.5
C_MOBILITY:0.4990985547885751
C_KINGSAFETY:0.4914279379083035
C_PAWNSTRUCTURE:0.5
C_PIECECOORDINATION:0.5056736206863978
C_ROOK:0.4876148160724428
CE_ROOK:0.4905768936733076
C_CENTERCONTROL:0.5
C_DEVELOPPIECES:0.48174483019060144
C_MATERIAL:0.485525467333877
C_MOVECOUNT:0.5
C_PAWNMOVEMENT:0.47330762068310855
