ELO:973
CE_PASSEDPAWNS:0.5186607684357578
CE_PAWNWEAKNESSES:0.4596111327178817
CE_PIECEACTIVITY:0.4765199819348908
CE_KINGPAWNSHIELD:0.5044708707005318
CE_PIECECOORDINATION:0.5029084943262581
CE_MATERIAL:0.5
CE_KINGSAFETY:0.5
C_PIECESQUARETABLES:0.5009272439994512
C_MOBILITY:0.4900899847976275
C_KINGSAFETY:0.4577159948099228
C_PAWNSTRUCTURE:0.5007620113084754
C_PIECECOORDINATION:0.5214992159631375
C_ROOK:0.4970426389739722
CE_ROOK:0.4811255299024671
C_CENTERCONTROL:0.49928006934993263
C_DEVELOPPIECES:0.5116790496228046
C_MATERIAL:0.5420573123192556
C_MOVECOUNT:0.4983452634178509
C_PAWNMOVEMENT:0.49087059143425005
