ELO:784
CE_PASSEDPAWNS:0.35494042988880403
CE_PAWNWEAKNESSES:0.385435621259236
CE_PIECEACTIVITY:0.3732140891542661
CE_KINGPAWNSHIELD:0.5805866270112874
CE_PIECECOORDINATION:0.42157760207158146
CE_MATERIAL:0.5989477066460697
CE_KINGSAFETY:0.5220076077228298
C_PIECESQUARETABLES:0.49703598971893154
C_MOBILITY:0.4621177095894631
C_KINGSAFETY:0.48492423745451774
C_PAWNSTRUCTURE:0.4698045235386166
C_PIECECOORDINATION:0.38103212225098176
C_ROOKANDPAWNMOVEMENT:0.38103212225098176
C_CENTERCONTROL:0.5645746387083111
C_DEVELOPPIECES:0.6253811691230885
C_MATERIAL:0.5083807891762018
