ELO:1000
CE_PASSEDPAWNS:0.545729168893288
CE_PAWNWEAKNESSES:0.5132401678341898
CE_PIECEACTIVITY:0.4432842684757226
CE_KINGPAWNSHIELD:0.4535514099967201
CE_PIECECOORDINATION:0.49053861770450286
CE_MATERIAL:0.4990687920931909
CE_KINGSAFETY:0.5421989399783261
C_PIECESQUARETABLES:0.449153661953769
C_MOBILITY:0.4264865527092188
C_KINGSAFETY:0.5034859153303264
C_PAWNSTRUCTURE:0.4265845792628618
C_PIECECOORDINATION:0.5019093017094189
C_ROOKANDPAWNMOVEMENT:0.5019093017094189
C_CENTERCONTROL:0.5185481276021894
C_DEVELOPPIECES:0.5690959971563273
C_MATERIAL:0.4653558584248972
