ELO:728
CE_PASSEDPAWNS:0.5692859310688474
CE_PAWNWEAKNESSES:0.49991938932811425
CE_PIECEACTIVITY:0.47015016150661215
CE_KINGPAWNSHIELD:0.48192287659169203
CE_PIECECOORDINATION:0.3793408814583324
CE_MATERIAL:0.5352934130165053
CE_KINGSAFETY:0.4895154359197983
C_PIECESQUARETABLES:0.5348145647681363
C_MOBILITY:0.4369601122985671
C_KINGSAFETY:0.5266028797427484
C_PAWNSTRUCTURE:0.5568412788755208
C_PIECECOORDINATION:0.5155532472822328
C_ROOKANDPAWNMOVEMENT:0.5155532472822328
C_CENTERCONTROL:0.43918060676298276
C_DEVELOPPIECES:0.5162568313001984
C_MATERIAL:0.43522469129526176
C_MOVECOUNT:0.5104210386199789
