ELO:991
CE_PASSEDPAWNS:0.4851191109619199
CE_PAWNWEAKNESSES:0.4991847084607974
CE_PIECEACTIVITY:0.5113048563310775
CE_KINGPAWNSHIELD:0.5033297169536327
CE_PIECECOORDINATION:0.4996308870827431
CE_MATERIAL:0.5
CE_KINGSAFETY:0.5
C_PIECESQUARETABLES:0.5001202563721089
C_MOBILITY:0.44763567795482323
C_KINGSAFETY:0.4909376259627646
C_PAWNSTRUCTURE:0.4900787662932126
C_PIECECOORDINATION:0.4856520187728009
C_ROOKANDPAWNMOVEMENT:0.4856520187728009
C_CENTERCONTROL:0.5
C_DEVELOPPIECES:0.5058502735664616
C_MATERIAL:0.469996355831616
C_MOVECOUNT:0.5031105629569803
