ELO:1008
CE_PASSEDPAWNS:0.48857319804015825
CE_PAWNWEAKNESSES:0.5074784141006
CE_PIECEACTIVITY:0.4885688071544359
CE_KINGPAWNSHIELD:0.5
CE_PIECECOORDINATION:0.5064078007048467
CE_MATERIAL:0.4976421202253923
CE_KINGSAFETY:0.4922924067567748
C_PIECESQUARETABLES:0.5
C_MOBILITY:0.5
C_KINGSAFETY:0.5
C_PAWNSTRUCTURE:0.48896444730631067
C_PIECECOORDINATION:0.5150068551893073
C_ROOKANDPAWNMOVEMENT:0.5150068551893073
C_CENTERCONTROL:0.5031246984447781
C_DEVELOPPIECES:0.5
C_MATERIAL:0.5
