ELO:934
CE_PASSEDPAWNS:0.5126148306624327
CE_PAWNWEAKNESSES:0.48366896785416735
CE_PIECEACTIVITY:0.47903411730615025
CE_KINGPAWNSHIELD:0.5122118218314475
CE_PIECECOORDINATION:0.5005416252534304
CE_MATERIAL:0.5045462434981306
CE_KINGSAFETY:0.5106353859540683
C_PIECESQUARETABLES:0.5078727959183317
C_MOBILITY:0.47981066685614115
C_KINGSAFETY:0.47964608182547297
C_PAWNSTRUCTURE:0.45649715508492167
C_PIECECOORDINATION:0.476663096982174
C_ROOKANDPAWNMOVEMENT:0.476663096982174
C_CENTERCONTROL:0.48592676710085103
C_DEVELOPPIECES:0.5128736648474437
C_MATERIAL:0.5164862797158378
C_MOVECOUNT:0.5223957013928058
