ELO:955
CE_PASSEDPAWNS:0.47432860635890556
CE_PAWNWEAKNESSES:0.4865625852813517
CE_PIECEACTIVITY:0.4926690480675356
CE_KINGPAWNSHIELD:0.5293384949140163
CE_PIECECOORDINATION:0.49636540573938165
CE_MATERIAL:0.47706902982152666
CE_KINGSAFETY:0.5
C_PIECESQUARETABLES:0.5096960390646824
C_MOBILITY:0.5243379940086942
C_KINGSAFETY:0.5223909484014799
C_PAWNSTRUCTURE:0.47585776910635125
C_PIECECOORDINATION:0.4947523292429497
C_ROOK:0.5528721541550136
CE_ROOK:0.5147962476850949
C_CENTERCONTROL:0.4902871206227205
C_DEVELOPPIECES:0.5369346940779678
C_MATERIAL:0.5221552628691789
C_MOVECOUNT:0.4729853998648675
C_PAWNMOVEMENT:0.5149167161705553
