ELO:923
CE_PASSEDPAWNS:0.5024304593997087
CE_PAWNWEAKNESSES:0.4960199717731224
CE_PIECEACTIVITY:0.5344828717317215
CE_KINGPAWNSHIELD:0.5401120786987498
CE_PIECECOORDINATION:0.5421825843681085
CE_MATERIAL:0.4755056350021088
CE_KINGSAFETY:0.45971988446150136
C_PIECESQUARETABLES:0.49549636270569997
C_MOBILITY:0.4910319033939157
C_KINGSAFETY:0.5431487771515773
C_PAWNSTRUCTURE:0.49034252257353506
C_PIECECOORDINATION:0.538364563313066
C_ROOKANDPAWNMOVEMENT:0.538364563313066
C_CENTERCONTROL:0.511740678589922
C_DEVELOPPIECES:0.4639424613644049
C_MATERIAL:0.5180309489584514
C_MOVECOUNT:0.5
