ELO:919
CE_PASSEDPAWNS:0.4927778479021322
CE_PAWNWEAKNESSES:0.5123988445613376
CE_PIECEACTIVITY:0.5288406079783183
CE_KINGPAWNSHIELD:0.5175327452018723
CE_PIECECOORDINATION:0.5218719821744133
CE_MATERIAL:0.4816938027923319
CE_KINGSAFETY:0.5104165119655187
C_PIECESQUARETABLES:0.47197148552852874
C_MOBILITY:0.48819933152738365
C_KINGSAFETY:0.5642540247176514
C_PAWNSTRUCTURE:0.48594097691751487
C_PIECECOORDINATION:0.5167449863488924
C_ROOKANDPAWNMOVEMENT:0.5167449863488924
C_CENTERCONTROL:0.4884789709336207
C_DEVELOPPIECES:0.47262760457633274
C_MATERIAL:0.5048087399397247
C_MOVECOUNT:0.5
