ELO:938
CE_PASSEDPAWNS:0.4932453067024393
CE_PAWNWEAKNESSES:0.5158070644475581
CE_PIECEACTIVITY:0.478556678249758
CE_KINGPAWNSHIELD:0.5200385487339626
CE_PIECECOORDINATION:0.4781668330182114
CE_MATERIAL:0.4500831998851336
CE_KINGSAFETY:0.4734790234573737
C_PIECESQUARETABLES:0.5042278838838603
C_MOBILITY:0.46201548605186665
C_KINGSAFETY:0.4970847194193412
C_PAWNSTRUCTURE:0.5134987115667564
C_PIECECOORDINATION:0.5008687921318771
C_ROOKANDPAWNMOVEMENT:0.5008687921318771
C_CENTERCONTROL:0.4981678354135916
C_DEVELOPPIECES:0.5037948766212856
C_MATERIAL:0.49486780642032596
