ELO:992
CE_PASSEDPAWNS:0.49652043033503424
CE_PAWNWEAKNESSES:0.5143549404874841
CE_PIECEACTIVITY:0.5028450556399184
CE_KINGPAWNSHIELD:0.5148249166251698
CE_PIECECOORDINATION:0.5098269628373954
CE_MATERIAL:0.5105929275696611
CE_KINGSAFETY:0.5057395484305436
C_PIECESQUARETABLES:0.51822780683295
C_MOBILITY:0.500370694281958
C_KINGSAFETY:0.49431674462162134
C_PAWNSTRUCTURE:0.4944077677739284
C_PIECECOORDINATION:0.4879180339109536
C_ROOK:0.5
CE_ROOK:0.5
C_CENTERCONTROL:0.5127120135706855
C_DEVELOPPIECES:0.48972601310928066
C_MATERIAL:0.4828530537074017
C_MOVECOUNT:0.5067516603351908
C_PAWNMOVEMENT:0.5
