ELO:832
CE_PASSEDPAWNS:0.32522376213077864
CE_PAWNWEAKNESSES:0.39601644621511184
CE_PIECEACTIVITY:0.3871002903334471
CE_KINGPAWNSHIELD:0.5330719022095509
CE_PIECECOORDINATION:0.4187400244889063
CE_MATERIAL:0.6268687740844887
CE_KINGSAFETY:0.5351501794953907
C_PIECESQUARETABLES:0.5181130469496256
C_MOBILITY:0.5050384100924716
C_KINGSAFETY:0.5016614739955151
C_PAWNSTRUCTURE:0.49402989645613415
C_PIECECOORDINATION:0.3828083926758553
C_ROOKANDPAWNMOVEMENT:0.3828083926758553
C_CENTERCONTROL:0.5278293642035647
C_DEVELOPPIECES:0.608087440353295
C_MATERIAL:0.46973914713041776
