ELO:961
CE_PASSEDPAWNS:0.4988146992901225
CE_PAWNWEAKNESSES:0.49944009138203466
CE_PIECEACTIVITY:0.5317501211023501
CE_KINGPAWNSHIELD:0.5075468472439931
CE_PIECECOORDINATION:0.5176459904643077
CE_MATERIAL:0.513101307255139
CE_KINGSAFETY:0.47704027371138613
C_PIECESQUARETABLES:0.5119556941387151
C_MOBILITY:0.5129958844174168
C_KINGSAFETY:0.4846214347828025
C_PAWNSTRUCTURE:0.503098900307118
C_PIECECOORDINATION:0.4936901219809224
C_ROOK:0.4677304826363572
CE_ROOK:0.4703614029939923
C_CENTERCONTROL:0.4993387079044648
C_DEVELOPPIECES:0.4771992848780022
C_MATERIAL:0.5033850010866743
C_MOVECOUNT:0.5015919874884602
C_PAWNMOVEMENT:0.475303468184894
