ELO:1000
CE_PASSEDPAWNS:0.5296997348498106
CE_PAWNWEAKNESSES:0.5095034676152423
CE_PIECEACTIVITY:0.44804160489824457
CE_KINGPAWNSHIELD:0.4683489351718288
CE_PIECECOORDINATION:0.48478432990083475
CE_MATERIAL:0.505922475953127
CE_KINGSAFETY:0.510841010645306
C_PIECESQUARETABLES:0.4829105944566969
C_MOBILITY:0.459893169065763
C_KINGSAFETY:0.5196647656600083
C_PAWNSTRUCTURE:0.4507016489702195
C_PIECECOORDINATION:0.5124487573922608
C_ROOKANDPAWNMOVEMENT:0.5124487573922608
C_CENTERCONTROL:0.524310141488352
C_DEVELOPPIECES:0.5471303858349966
C_MATERIAL:0.4652732832883397
