ELO:954
CE_PASSEDPAWNS:0.5229098713879812
CE_PAWNWEAKNESSES:0.5233797334417246
CE_PIECEACTIVITY:0.5497420695884634
CE_KINGPAWNSHIELD:0.5029907083122879
CE_PIECECOORDINATION:0.5458923449744001
CE_MATERIAL:0.4830525196531982
CE_KINGSAFETY:0.49336756456775055
C_PIECESQUARETABLES:0.48008232684116886
C_MOBILITY:0.48874431091409704
C_KINGSAFETY:0.5154390658660565
C_PAWNSTRUCTURE:0.5158102814448947
C_PIECECOORDINATION:0.5045051087719576
C_ROOK:0.46838783190568417
CE_ROOK:0.49469680119350806
C_CENTERCONTROL:0.5214881551855896
C_DEVELOPPIECES:0.4945875335684432
C_MATERIAL:0.49665287606272646
C_MOVECOUNT:0.45228650903658757
C_PAWNMOVEMENT:0.5295545998342454
