ELO:993
CE_PASSEDPAWNS:0.4975164103163173
CE_PAWNWEAKNESSES:0.5063266149764932
CE_PIECEACTIVITY:0.5083086646943425
CE_KINGPAWNSHIELD:0.5081799038711846
CE_PIECECOORDINATION:0.5069660761739498
CE_MATERIAL:0.5055591817372811
CE_KINGSAFETY:0.49498544857893567
C_PIECESQUARETABLES:0.5077703290392092
C_MOBILITY:0.49062849337286907
C_KINGSAFETY:0.5076933546917867
C_PAWNSTRUCTURE:0.49440820286858805
C_PIECECOORDINATION:0.48482281339116484
C_ROOKANDPAWNMOVEMENT:0.48482281339116484
C_CENTERCONTROL:0.5028475627251081
C_DEVELOPPIECES:0.49575955341412564
C_MATERIAL:0.5009743194207072
C_MOVECOUNT:0.48213300507271345
