ELO:1000
CE_PASSEDPAWNS:0.5
CE_PAWNWEAKNESSES:0.479780253925961
CE_PIECEACTIVITY:0.5093494409833722
CE_KINGPAWNSHIELD:0.49369052168352595
CE_PIECECOORDINATION:0.5078511371891433
CE_MATERIAL:0.48869472843930545
CE_KINGSAFETY:0.5038703024730953
C_PIECESQUARETABLES:0.49469911769033326
C_MOBILITY:0.5003225389216146
C_KINGSAFETY:0.5062485898419804
C_PAWNSTRUCTURE:0.4962991212912047
C_PIECECOORDINATION:0.5
C_ROOKANDPAWNMOVEMENT:0.5
C_CENTERCONTROL:0.49779489877300903
C_DEVELOPPIECES:0.4948576598469276
C_MATERIAL:0.5174218687343416
