ELO:928
CE_PASSEDPAWNS:0.5116548171814996
CE_PAWNWEAKNESSES:0.5132339869400804
CE_PIECEACTIVITY:0.512358508032119
CE_KINGPAWNSHIELD:0.5299965436841535
CE_PIECECOORDINATION:0.5422608092094989
CE_MATERIAL:0.46905119720881217
CE_KINGSAFETY:0.49223697155671625
C_PIECESQUARETABLES:0.49394445939270376
C_MOBILITY:0.486685289588231
C_KINGSAFETY:0.5456998679702612
C_PAWNSTRUCTURE:0.4911764659821314
C_PIECECOORDINATION:0.5400209884792593
C_ROOKANDPAWNMOVEMENT:0.5400209884792593
C_CENTERCONTROL:0.5130565937803783
C_DEVELOPPIECES:0.45760486628784813
C_MATERIAL:0.5118389864121936
C_MOVECOUNT:0.5
