ELO:973
CE_PASSEDPAWNS:0.5137210685431899
CE_PAWNWEAKNESSES:0.5148128911974165
CE_PIECEACTIVITY:0.4680229667091125
CE_KINGPAWNSHIELD:0.547544213435744
CE_PIECECOORDINATION:0.47210832600390484
CE_MATERIAL:0.4445022653191272
CE_KINGSAFETY:0.4650619935711966
C_PIECESQUARETABLES:0.4903930956809188
C_MOBILITY:0.4453953681325547
C_KINGSAFETY:0.4970847194193412
C_PAWNSTRUCTURE:0.5108692630046514
C_PIECECOORDINATION:0.4927092419193305
C_ROOKANDPAWNMOVEMENT:0.4927092419193305
C_CENTERCONTROL:0.49493292950716633
C_DEVELOPPIECES:0.5014346238707154
C_MATERIAL:0.4834187090122218
