ELO:980
CE_PASSEDPAWNS:0.5011525318716598
CE_PAWNWEAKNESSES:0.5130707299337715
CE_PIECEACTIVITY:0.488974040958764
CE_KINGPAWNSHIELD:0.5014094859149442
CE_PIECECOORDINATION:0.47611661987465714
CE_MATERIAL:0.4931508363599142
CE_KINGSAFETY:0.48903451500708567
C_PIECESQUARETABLES:0.5083662832238058
C_MOBILITY:0.46740819942326506
C_KINGSAFETY:0.4997972364999115
C_PAWNSTRUCTURE:0.5
C_PIECECOORDINATION:0.5098402252725908
C_ROOKANDPAWNMOVEMENT:0.5098402252725908
C_CENTERCONTROL:0.488675137992903
C_DEVELOPPIECES:0.5039505486028351
C_MATERIAL:0.48991982994561056
