ELO:990
CE_PASSEDPAWNS:0.5610272980868444
CE_PAWNWEAKNESSES:0.5203324991621303
CE_PIECEACTIVITY:0.4890098079504659
CE_KINGPAWNSHIELD:0.4641934562530389
CE_PIECECOORDINATION:0.4944594873892426
CE_MATERIAL:0.5258373544927876
CE_KINGSAFETY:0.5
C_PIECESQUARETABLES:0.5090910369201983
C_MOBILITY:0.4432436118235298
C_KINGSAFETY:0.46837216125753134
C_PAWNSTRUCTURE:0.4316426054802744
C_PIECECOORDINATION:0.49088013608459646
C_ROOKANDPAWNMOVEMENT:0.49088013608459646
C_CENTERCONTROL:0.4867579186070493
C_DEVELOPPIECES:0.5246715717336479
C_MATERIAL:0.45333192667683303
