ELO:961
CE_PASSEDPAWNS:0.3807292942009527
CE_PAWNWEAKNESSES:0.5106029429306488
CE_PIECEACTIVITY:0.5290691871999462
CE_KINGPAWNSHIELD:0.5258683711211855
CE_PIECECOORDINATION:0.4931744011632827
CE_MATERIAL:0.40070044136985483
CE_KINGSAFETY:0.4941996887317723
C_PIECESQUARETABLES:0.5064606356408402
C_MOBILITY:0.5109362580726593
C_KINGSAFETY:0.4819903014209897
C_PAWNSTRUCTURE:0.4169395756346036
C_PIECECOORDINATION:0.4467173442314187
C_ROOKANDPAWNMOVEMENT:0.4467173442314187
C_CENTERCONTROL:0.5412691191486715
C_DEVELOPPIECES:0.3717099984690199
C_MATERIAL:0.5185534035379572
