ELO:879
CE_PASSEDPAWNS:0.5454225226167688
CE_PAWNWEAKNESSES:0.5363829665961888
CE_PIECEACTIVITY:0.49655307534672377
CE_KINGPAWNSHIELD:0.5245654470553202
CE_PIECECOORDINATION:0.4508447746098987
CE_MATERIAL:0.5249242136767981
CE_KINGSAFETY:0.5032179877088814
C_PIECESQUARETABLES:0.4971167439663116
C_MOBILITY:0.5001917002116572
C_KINGSAFETY:0.5053702567948923
C_PAWNSTRUCTURE:0.48476684899858596
C_PIECECOORDINATION:0.5208855437010105
C_ROOKANDPAWNMOVEMENT:0.5208855437010105
C_CENTERCONTROL:0.49546704791217694
C_DEVELOPPIECES:0.5084992448436536
C_MATERIAL:0.555492256531171
C_MOVECOUNT:0.5
