ELO:974
CE_PASSEDPAWNS:0.4845822495813136
CE_PAWNWEAKNESSES:0.4895931422665805
CE_PIECEACTIVITY:0.5
CE_KINGPAWNSHIELD:0.511194120852225
CE_PIECECOORDINATION:0.5242978712796654
CE_MATERIAL:0.5030662905052339
CE_KINGSAFETY:0.5
C_PIECESQUARETABLES:0.5
C_MOBILITY:0.49964944660415256
C_KINGSAFETY:0.486419903542752
C_PAWNSTRUCTURE:0.5021153880064922
C_PIECECOORDINATION:0.4972540026873444
C_ROOKANDPAWNMOVEMENT:0.4972540026873444
C_CENTERCONTROL:0.5080456213587433
C_DEVELOPPIECES:0.48803566628022094
C_MATERIAL:0.4832340944444947
C_MOVECOUNT:0.4905184715851881
