ELO:1000
CE_PASSEDPAWNS:0.498093525445384
CE_PAWNWEAKNESSES:0.5133219558653138
CE_PIECEACTIVITY:0.5049129268987147
CE_KINGPAWNSHIELD:0.5071100086559067
CE_PIECECOORDINATION:0.5231795592542771
CE_MATERIAL:0.5098724029924929
CE_KINGSAFETY:0.4997886257238299
C_PIECESQUARETABLES:0.4937965116533496
C_MOBILITY:0.4944206151159552
C_KINGSAFETY:0.4825032857680173
C_PAWNSTRUCTURE:0.51385442153764
C_PIECECOORDINATION:0.4899212822466843
C_ROOKANDPAWNMOVEMENT:0.4899212822466843
C_CENTERCONTROL:0.5323991040170357
C_DEVELOPPIECES:0.5127397097630171
C_MATERIAL:0.47913808646503614
