ELO:998
CE_PASSEDPAWNS:0.5096675313272356
CE_PAWNWEAKNESSES:0.5081533900562797
CE_PIECEACTIVITY:0.5243860905953495
CE_KINGPAWNSHIELD:0.4695425906478662
CE_PIECECOORDINATION:0.47649555088981205
CE_MATERIAL:0.48857636472926436
CE_KINGSAFETY:0.5
C_PIECESQUARETABLES:0.5
C_MOBILITY:0.5026488487209159
C_KINGSAFETY:0.5235439499677566
C_PAWNSTRUCTURE:0.5257721983851996
C_PIECECOORDINATION:0.4877811577854683
C_ROOK:0.5125433088455889
CE_ROOK:0.5140675743201198
C_CENTERCONTROL:0.5047456699532995
C_DEVELOPPIECES:0.5249502262436926
C_MATERIAL:0.48734904163133397
C_MOVECOUNT:0.500310434883921
C_PAWNMOVEMENT:0.4715682428502351
