ELO:1011
CE_PASSEDPAWNS:0.5183426270832615
CE_PAWNWEAKNESSES:0.49153747739782117
CE_PIECEACTIVITY:0.4989660628873137
CE_KINGPAWNSHIELD:0.5158028199227129
CE_PIECECOORDINATION:0.5063329275755295
CE_MATERIAL:0.48857636472926436
CE_KINGSAFETY:0.5
C_PIECESQUARETABLES:0.5
C_MOBILITY:0.4941184934948356
C_KINGSAFETY:0.4811413664804936
C_PAWNSTRUCTURE:0.5014195538812061
C_PIECECOORDINATION:0.48149893100913777
C_ROOK:0.4928266083733946
CE_ROOK:0.5134895539361527
C_CENTERCONTROL:0.49908000958574095
C_DEVELOPPIECES:0.49550618521369744
C_MATERIAL:0.508708589878563
C_MOVECOUNT:0.4984823842569433
C_PAWNMOVEMENT:0.5049960021239764
