ELO:1029
CE_PASSEDPAWNS:0.5773704689386693
CE_PAWNWEAKNESSES:0.5457197117055603
CE_PIECEACTIVITY:0.49581028497284346
CE_KINGPAWNSHIELD:0.4882426477911459
CE_PIECECOORDINATION:0.5133833416734407
CE_MATERIAL:0.5097619971772743
CE_KINGSAFETY:0.5061982709506024
C_PIECESQUARETABLES:0.4963053697877078
C_MOBILITY:0.4655574624484774
C_KINGSAFETY:0.49532190402828896
C_PAWNSTRUCTURE:0.49138264275615723
C_PIECECOORDINATION:0.49477011989921993
C_ROOKANDPAWNMOVEMENT:0.49477011989921993
C_CENTERCONTROL:0.4856413295892669
C_DEVELOPPIECES:0.4501165951521419
C_MATERIAL:0.5390832432647479
