ELO:911
CE_PASSEDPAWNS:0.4907698089222871
CE_PAWNWEAKNESSES:0.49115868987738515
CE_PIECEACTIVITY:0.4710866803527747
CE_KINGPAWNSHIELD:0.4719875513106909
CE_PIECECOORDINATION:0.5061386446056155
CE_MATERIAL:0.507869902984685
CE_KINGSAFETY:0.47954883875535925
C_PIECESQUARETABLES:0.49578859449398555
C_MOBILITY:0.5060466876907259
C_KINGSAFETY:0.4733633349256025
C_PAWNSTRUCTURE:0.5599590823471619
C_PIECECOORDINATION:0.5060871614851008
C_ROOKANDPAWNMOVEMENT:0.5060871614851008
C_CENTERCONTROL:0.48889809252816896
C_DEVELOPPIECES:0.5103054390179088
C_MATERIAL:0.49613163681972106
