ELO:1000
CE_PASSEDPAWNS:0.5240497593228225
CE_PAWNWEAKNESSES:0.5077025613658501
CE_PIECEACTIVITY:0.5253561931678009
CE_KINGPAWNSHIELD:0.5007783969557931
CE_PIECECOORDINATION:0.48092574212350225
CE_MATERIAL:0.4848825794286335
CE_KINGSAFETY:0.4917144742030891
C_PIECESQUARETABLES:0.48459207785902997
C_MOBILITY:0.4989356339653235
C_KINGSAFETY:0.49620905302125845
C_PAWNSTRUCTURE:0.5097962272343757
C_PIECECOORDINATION:0.5113824285502654
C_ROOKANDPAWNMOVEMENT:0.5113824285502654
C_CENTERCONTROL:0.49260209951915934
C_DEVELOPPIECES:0.5071968807698571
C_MATERIAL:0.48861335405051753
