ELO:987
CE_PASSEDPAWNS:0.5542961841336528
CE_PAWNWEAKNESSES:0.579296234946335
CE_PIECEACTIVITY:0.46500900303836984
CE_KINGPAWNSHIELD:0.42406259504527954
CE_PIECECOORDINATION:0.49261491863552975
CE_MATERIAL:0.30689187081947966
CE_KINGSAFETY:0.4635828303652644
C_PIECESQUARETABLES:0.4140147798955298
C_MOBILITY:0.5320767921568668
C_KINGSAFETY:0.4206673164409223
C_PAWNSTRUCTURE:0.4845541315168519
C_PIECECOORDINATION:0.5521490891632443
C_ROOKANDPAWNMOVEMENT:0.5521490891632443
C_CENTERCONTROL:0.4923431894300662
C_DEVELOPPIECES:0.4770010476102746
C_MATERIAL:0.46196284021678624
