ELO:794
CE_PASSEDPAWNS:0.573452832629406
CE_PAWNWEAKNESSES:0.5395394075567653
CE_PIECEACTIVITY:0.4405688067171581
CE_KINGPAWNSHIELD:0.49890066147999057
CE_PIECECOORDINATION:0.5367980662854246
CE_MATERIAL:0.527669252780421
CE_KINGSAFETY:0.5
C_PIECESQUARETABLES:0.5037397214908136
C_MOBILITY:0.528995451485001
C_KINGSAFETY:0.5238893841705928
C_PAWNSTRUCTURE:0.47527789412678745
C_PIECECOORDINATION:0.48996459597447
C_ROOKANDPAWNMOVEMENT:0.48996459597447
C_CENTERCONTROL:0.48827507966132916
C_DEVELOPPIECES:0.5571052328648475
C_MATERIAL:0.5782454326018703
C_MOVECOUNT:0.5041889763156796
