ELO:1012
CE_PASSEDPAWNS:0.5026822638532017
CE_PAWNWEAKNESSES:0.5081533900562797
CE_PIECEACTIVITY:0.4928218180599236
CE_KINGPAWNSHIELD:0.5070139003127128
CE_PIECECOORDINATION:0.48732251570300195
CE_MATERIAL:0.48815775451456217
CE_KINGSAFETY:0.5
C_PIECESQUARETABLES:0.5067716388418726
C_MOBILITY:0.5120783598521339
C_KINGSAFETY:0.5235439499677566
C_PAWNSTRUCTURE:0.5158150803164551
C_PIECECOORDINATION:0.4877811577854683
C_ROOK:0.4731768837174072
CE_ROOK:0.5140675743201198
C_CENTERCONTROL:0.5047456699532995
C_DEVELOPPIECES:0.47770290067884724
C_MATERIAL:0.48734904163133397
C_MOVECOUNT:0.4939827515543085
C_PAWNMOVEMENT:0.4715682428502351
