ELO:1025
CE_PASSEDPAWNS:0.4465301570729089
CE_PAWNWEAKNESSES:0.4582744579609716
CE_PIECEACTIVITY:0.48449022823751164
CE_KINGPAWNSHIELD:0.4580033764808573
CE_PIECECOORDINATION:0.46130740253172775
CE_MATERIAL:0.5134624149190306
CE_KINGSAFETY:0.4589833781839697
C_PIECESQUARETABLES:0.4338319937278927
C_MOBILITY:0.3465104698062914
C_KINGSAFETY:0.47436303791109596
C_PAWNSTRUCTURE:0.4679396046690562
C_PIECECOORDINATION:0.6034186844261449
C_ROOKANDPAWNMOVEMENT:0.6034186844261449
C_CENTERCONTROL:0.4165895203314673
C_DEVELOPPIECES:0.4653363221135906
C_MATERIAL:0.49523337089933195
