ELO:1029
CE_PASSEDPAWNS:0.5765538149606269
CE_PAWNWEAKNESSES:0.5324367164709154
CE_PIECEACTIVITY:0.48952938461352297
CE_KINGPAWNSHIELD:0.47526607599931936
CE_PIECECOORDINATION:0.5133833416734407
CE_MATERIAL:0.4908231131037095
CE_KINGSAFETY:0.49670244415080284
C_PIECESQUARETABLES:0.48944537983403696
C_MOBILITY:0.4539974909785198
C_KINGSAFETY:0.48802982695523833
C_PAWNSTRUCTURE:0.48186589595897733
C_PIECECOORDINATION:0.4922316482334329
C_ROOKANDPAWNMOVEMENT:0.4922316482334329
C_CENTERCONTROL:0.4932803704119876
C_DEVELOPPIECES:0.44100840635996147
C_MATERIAL:0.5504606909140901
