ELO:904
CE_PASSEDPAWNS:0.5918194951279105
CE_PAWNWEAKNESSES:0.5300559951556433
CE_PIECEACTIVITY:0.49401257058358633
CE_KINGPAWNSHIELD:0.38571365979300837
CE_PIECECOORDINATION:0.5450756252239813
CE_MATERIAL:0.3030981918574966
CE_KINGSAFETY:0.4839528004309815
C_PIECESQUARETABLES:0.5251109995950707
C_MOBILITY:0.47537917273025093
C_KINGSAFETY:0.42693608964756086
C_PAWNSTRUCTURE:0.3892590151989341
C_PIECECOORDINATION:0.5220247383120447
C_ROOKANDPAWNMOVEMENT:0.5220247383120447
C_CENTERCONTROL:0.4721090784242425
C_DEVELOPPIECES:0.5042636771238888
C_MATERIAL:0.4561505523402188
