ELO:1000
CE_PASSEDPAWNS:0.4823622487410302
CE_PAWNWEAKNESSES:0.4998870690311374
CE_PIECEACTIVITY:0.5009513153117426
CE_KINGPAWNSHIELD:0.4893178359044675
CE_PIECECOORDINATION:0.5121831614019073
CE_MATERIAL:0.5
CE_KINGSAFETY:0.5083060637783866
C_PIECESQUARETABLES:0.5
C_MOBILITY:0.48993632996978204
C_KINGSAFETY:0.4865045125023432
C_PAWNSTRUCTURE:0.4960851415002105
C_PIECECOORDINATION:0.4946686643275289
C_ROOKANDPAWNMOVEMENT:0.4946686643275289
C_CENTERCONTROL:0.5102968431734309
C_DEVELOPPIECES:0.5127397097630171
C_MATERIAL:0.49960637243509337
