ELO:972
CE_PASSEDPAWNS:0.44508674003797793
CE_PAWNWEAKNESSES:0.5164026582756029
CE_PIECEACTIVITY:0.4924288856848414
CE_KINGPAWNSHIELD:0.5368070171447465
CE_PIECECOORDINATION:0.49305066262948954
CE_MATERIAL:0.5215701252880488
CE_KINGSAFETY:0.4971530851537612
C_PIECESQUARETABLES:0.5
C_MOBILITY:0.4834463289833312
C_KINGSAFETY:0.4941976522659682
C_PAWNSTRUCTURE:0.4786048843939465
C_PIECECOORDINATION:0.4820239120314477
C_ROOKANDPAWNMOVEMENT:0.4820239120314477
C_CENTERCONTROL:0.48736499658918014
C_DEVELOPPIECES:0.4805129026415754
C_MATERIAL:0.46938658145398143
C_MOVECOUNT:0.5
