ELO:1005
CE_PASSEDPAWNS:0.5024172426947833
CE_PAWNWEAKNESSES:0.4992698066081498
CE_PIECEACTIVITY:0.46606249897115726
CE_KINGPAWNSHIELD:0.5189720414777266
CE_PIECECOORDINATION:0.47363901754510823
CE_MATERIAL:0.5111747087094843
CE_KINGSAFETY:0.47774275188191606
C_PIECESQUARETABLES:0.508275537074002
C_MOBILITY:0.5101190964187103
C_KINGSAFETY:0.5013580911140901
C_PAWNSTRUCTURE:0.5039057571418583
C_PIECECOORDINATION:0.45923972311535516
C_ROOKANDPAWNMOVEMENT:0.45923972311535516
C_CENTERCONTROL:0.5007997004149878
C_DEVELOPPIECES:0.5202430726606043
C_MATERIAL:0.5
C_MOVECOUNT:0.5
