ELO:1009
CE_PASSEDPAWNS:0.4894433734883546
CE_PAWNWEAKNESSES:0.5037763764781445
CE_PIECEACTIVITY:0.5
CE_KINGPAWNSHIELD:0.5
CE_PIECECOORDINATION:0.5360633189006563
CE_MATERIAL:0.4877075213857993
CE_KINGSAFETY:0.5
C_PIECESQUARETABLES:0.5
C_MOBILITY:0.5097692551312917
C_KINGSAFETY:0.49943770659589076
C_PAWNSTRUCTURE:0.5084741092877568
C_PIECECOORDINATION:0.5
C_ROOKANDPAWNMOVEMENT:0.5
C_CENTERCONTROL:0.5086743867069744
C_DEVELOPPIECES:0.5217427212450777
C_MATERIAL:0.5011496159286368
C_MOVECOUNT:0.5
