ELO:938
CE_PASSEDPAWNS:0.5478784082948552
CE_PAWNWEAKNESSES:0.5630738970846189
CE_PIECEACTIVITY:0.48843467575955485
CE_KINGPAWNSHIELD:0.4089547183690582
CE_PIECECOORDINATION:0.5150936726294074
CE_MATERIAL:0.31075511222647395
CE_KINGSAFETY:0.5
C_PIECESQUARETABLES:0.4959608503270569
C_MOBILITY:0.533575139104964
C_KINGSAFETY:0.4092569931725685
C_PAWNSTRUCTURE:0.46977135698724404
C_PIECECOORDINATION:0.5629432931561117
C_ROOKANDPAWNMOVEMENT:0.5629432931561117
C_CENTERCONTROL:0.4865351504751009
C_DEVELOPPIECES:0.4816914234363204
C_MATERIAL:0.43204233975683026
