ELO:987
CE_PASSEDPAWNS:0.5101925187145652
CE_PAWNWEAKNESSES:0.5043251784531174
CE_PIECEACTIVITY:0.5133761646402318
CE_KINGPAWNSHIELD:0.5047574602278802
CE_PIECECOORDINATION:0.5178759733321334
CE_MATERIAL:0.5111582407671073
CE_KINGSAFETY:0.5057135341515382
C_PIECESQUARETABLES:0.4985920194245098
C_MOBILITY:0.5268291984537178
C_KINGSAFETY:0.49786374466892513
C_PAWNSTRUCTURE:0.5024749751470392
C_PIECECOORDINATION:0.497783646704053
C_ROOKANDPAWNMOVEMENT:0.497783646704053
C_CENTERCONTROL:0.49264684867733644
C_DEVELOPPIECES:0.4851283523002484
C_MATERIAL:0.4942751853448861
C_MOVECOUNT:0.49974048458700393
