ELO:888
CE_PASSEDPAWNS:0.4424666402779705
CE_PAWNWEAKNESSES:0.5122082404663109
CE_PIECEACTIVITY:0.5338835449395526
CE_KINGPAWNSHIELD:0.4596414922022739
CE_PIECECOORDINATION:0.5320898409874952
CE_MATERIAL:0.5332505060372564
CE_KINGSAFETY:0.5116269917378383
C_PIECESQUARETABLES:0.5379053491815069
C_MOBILITY:0.48024178230666315
C_KINGSAFETY:0.5041916066698046
C_PAWNSTRUCTURE:0.5679778425258316
C_PIECECOORDINATION:0.4547829811110037
C_ROOKANDPAWNMOVEMENT:0.4547829811110037
C_CENTERCONTROL:0.4914949471894663
C_DEVELOPPIECES:0.49806069946380643
C_MATERIAL:0.5172485212497195
C_MOVECOUNT:0.5307572137034111
