ELO:1001
CE_PASSEDPAWNS:0.46582365081365684
CE_PAWNWEAKNESSES:0.49153747739782117
CE_PIECEACTIVITY:0.4840140107414309
CE_KINGPAWNSHIELD:0.4963099288799084
CE_PIECECOORDINATION:0.45940476837782396
CE_MATERIAL:0.5342114296838673
CE_KINGSAFETY:0.5
C_PIECESQUARETABLES:0.5
C_MOBILITY:0.47658603123304555
C_KINGSAFETY:0.5123723694021942
C_PAWNSTRUCTURE:0.4475307980337445
C_PIECECOORDINATION:0.5164738090207023
C_ROOK:0.46530445132280457
CE_ROOK:0.5115540037442572
C_CENTERCONTROL:0.5
C_DEVELOPPIECES:0.47092924696712696
C_MATERIAL:0.4782613691640225
C_MOVECOUNT:0.4881414214500726
C_PAWNMOVEMENT:0.4832878211660598
