ELO:1008
CE_PASSEDPAWNS:0.5500486491864542
CE_PAWNWEAKNESSES:0.488601554400612
CE_PIECEACTIVITY:0.49291996616513006
CE_KINGPAWNSHIELD:0.4485322913451443
CE_PIECECOORDINATION:0.5916529446096601
CE_MATERIAL:0.5620673933375545
CE_KINGSAFETY:0.5046354155221305
C_PIECESQUARETABLES:0.4957981560855829
C_MOBILITY:0.515371867529738
C_KINGSAFETY:0.44716635733098153
C_PAWNSTRUCTURE:0.5475025535133079
C_PIECECOORDINATION:0.5582868971918887
C_ROOKANDPAWNMOVEMENT:0.5582868971918887
C_CENTERCONTROL:0.4720224136616442
C_DEVELOPPIECES:0.5739249176932028
C_MATERIAL:0.4820166795477306
