ELO:1002
CE_PASSEDPAWNS:0.4975810271489044
CE_PAWNWEAKNESSES:0.5
CE_PIECEACTIVITY:0.5068887103038718
CE_KINGPAWNSHIELD:0.5
CE_PIECECOORDINATION:0.4970437103121356
CE_MATERIAL:0.5
CE_KINGSAFETY:0.4880294670115303
C_PIECESQUARETABLES:0.48799581436709855
C_MOBILITY:0.5027343471110791
C_KINGSAFETY:0.5
C_PAWNSTRUCTURE:0.4980166955612101
C_PIECECOORDINATION:0.49044240148216794
C_ROOKANDPAWNMOVEMENT:0.49044240148216794
C_CENTERCONTROL:0.5
C_DEVELOPPIECES:0.4697464111650068
C_MATERIAL:0.5
C_MOVECOUNT:0.5080525367504611
