ELO:1144
CE_PASSEDPAWNS:0.44324707006557373
CE_PAWNWEAKNESSES:0.5049538678398092
CE_PIECEACTIVITY:0.5813878528841205
CE_KINGPAWNSHIELD:0.6208131797722044
CE_PIECECOORDINATION:0.5449900128502336
CE_MATERIAL:0.39783305558335186
CE_KINGSAFETY:0.5
C_PIECESQUARETABLES:0.4889805242567828
C_MOBILITY:0.42105203460517804
C_KINGSAFETY:0.517176359478015
C_PAWNSTRUCTURE:0.41040599071577993
C_PIECECOORDINATION:0.46888671445077085
C_ROOKANDPAWNMOVEMENT:0.46888671445077085
C_CENTERCONTROL:0.5006477558235511
C_DEVELOPPIECES:0.464302331748555
C_MATERIAL:0.4063918105112338
