ELO:823
CE_PASSEDPAWNS:0.590487696892313
CE_PAWNWEAKNESSES:0.5231983819729581
CE_PIECEACTIVITY:0.49207007783937773
CE_KINGPAWNSHIELD:0.38422871695290955
CE_PIECECOORDINATION:0.5608203705740066
CE_MATERIAL:0.3139079843087385
CE_KINGSAFETY:0.5221062097254008
C_PIECESQUARETABLES:0.550663782760268
C_MOBILITY:0.4711775631945015
C_KINGSAFETY:0.4823361660385407
C_PAWNSTRUCTURE:0.36888087669269476
C_PIECECOORDINATION:0.520401465174049
C_ROOKANDPAWNMOVEMENT:0.520401465174049
C_CENTERCONTROL:0.4777583780911747
C_DEVELOPPIECES:0.4750062468351594
C_MATERIAL:0.47746622035963926
