ELO:844
CE_PASSEDPAWNS:0.5843456559857403
CE_PAWNWEAKNESSES:0.5365191269294269
CE_PIECEACTIVITY:0.5033478899111004
CE_KINGPAWNSHIELD:0.36636825956919666
CE_PIECECOORDINATION:0.5773237054514045
CE_MATERIAL:0.3174903499644412
CE_KINGSAFETY:0.4982581299294407
C_PIECESQUARETABLES:0.5436157770321538
C_MOBILITY:0.4732047147954358
C_KINGSAFETY:0.4511979039554739
C_PAWNSTRUCTURE:0.37981189308170793
C_PIECECOORDINATION:0.5065320700329753
C_ROOKANDPAWNMOVEMENT:0.5065320700329753
C_CENTERCONTROL:0.4947897095619887
C_DEVELOPPIECES:0.4991709882156249
C_MATERIAL:0.4873270235639518
