ELO:873
CE_PASSEDPAWNS:0.5229354144769176
CE_PAWNWEAKNESSES:0.5768469662549071
CE_PIECEACTIVITY:0.42717606704636746
CE_KINGPAWNSHIELD:0.40142723257475643
CE_PIECECOORDINATION:0.5513372369532734
CE_MATERIAL:0.30469903828908634
CE_KINGSAFETY:0.5653553040132866
C_PIECESQUARETABLES:0.4774442588886373
C_MOBILITY:0.48107917821165985
C_KINGSAFETY:0.49827517210370675
C_PAWNSTRUCTURE:0.3459664875434978
C_PIECECOORDINATION:0.5113235212861934
C_ROOKANDPAWNMOVEMENT:0.5113235212861934
C_CENTERCONTROL:0.4960341645804331
C_DEVELOPPIECES:0.47168249990629857
C_MATERIAL:0.4775832673294918
