ELO:1016
CE_PASSEDPAWNS:0.5111149673532346
CE_PAWNWEAKNESSES:0.5144282406224909
CE_PIECEACTIVITY:0.5
CE_KINGPAWNSHIELD:0.5082752360963054
CE_PIECECOORDINATION:0.5099862208455264
CE_MATERIAL:0.5168195112840839
CE_KINGSAFETY:0.5
C_PIECESQUARETABLES:0.5
C_MOBILITY:0.5050819751964495
C_KINGSAFETY:0.49723960976070763
C_PAWNSTRUCTURE:0.5025349218084607
C_PIECECOORDINATION:0.5024062923218431
C_ROOK:0.46687634147408036
CE_ROOK:0.498203700551621
C_CENTERCONTROL:0.5259603426439946
C_DEVELOPPIECES:0.5157819092913437
C_MATERIAL:0.5028110968219632
C_MOVECOUNT:0.5160966464623759
C_PAWNMOVEMENT:0.5072186104954414
