ELO:985
CE_PASSEDPAWNS:0.5043240515370632
CE_PAWNWEAKNESSES:0.5
CE_PIECEACTIVITY:0.4927205573375461
CE_KINGPAWNSHIELD:0.5065853881823724
CE_PIECECOORDINATION:0.5174238094899455
CE_MATERIAL:0.4647206513247176
CE_KINGSAFETY:0.5
C_PIECESQUARETABLES:0.49207304573910365
C_MOBILITY:0.4984074077406125
C_KINGSAFETY:0.5272865791457345
C_PAWNSTRUCTURE:0.49752079222523476
C_PIECECOORDINATION:0.4956323053033462
C_ROOKANDPAWNMOVEMENT:0.4956323053033462
C_CENTERCONTROL:0.5003174035303025
C_DEVELOPPIECES:0.47281764670357845
C_MATERIAL:0.5
C_MOVECOUNT:0.5067862900615655
