ELO:1009
CE_PASSEDPAWNS:0.5107961514303412
CE_PAWNWEAKNESSES:0.5081533900562797
CE_PIECEACTIVITY:0.49558962566582854
CE_KINGPAWNSHIELD:0.49164275933931634
CE_PIECECOORDINATION:0.4073481356949236
CE_MATERIAL:0.47471549401862834
CE_KINGSAFETY:0.5
C_PIECESQUARETABLES:0.5
C_MOBILITY:0.5026488487209159
C_KINGSAFETY:0.49723960976070763
C_PAWNSTRUCTURE:0.5257721983851996
C_PIECECOORDINATION:0.5133516354288787
C_ROOK:0.47911671830964603
CE_ROOK:0.49173339792315435
C_CENTERCONTROL:0.5047456699532995
C_DEVELOPPIECES:0.4848943518283027
C_MATERIAL:0.48734904163133397
C_MOVECOUNT:0.4980037723595362
C_PAWNMOVEMENT:0.48312005244132805
