ELO:996
CE_PASSEDPAWNS:0.5017873810479345
CE_PAWNWEAKNESSES:0.518243541276286
CE_PIECEACTIVITY:0.49689906127898653
CE_KINGPAWNSHIELD:0.5059845223584594
CE_PIECECOORDINATION:0.4793206030126517
CE_MATERIAL:0.5037250609913574
CE_KINGSAFETY:0.48076932875695577
C_PIECESQUARETABLES:0.5082598413204976
C_MOBILITY:0.5070281603327611
C_KINGSAFETY:0.5187388374936213
C_PAWNSTRUCTURE:0.507587057925234
C_PIECECOORDINATION:0.5110783549058838
C_ROOKANDPAWNMOVEMENT:0.5110783549058838
C_CENTERCONTROL:0.5055880998153313
C_DEVELOPPIECES:0.5328274035664642
C_MATERIAL:0.501326670357809
C_MOVECOUNT:0.5
