ELO:1023
CE_PASSEDPAWNS:0.5500034315510345
CE_PAWNWEAKNESSES:0.5298054120236073
CE_PIECEACTIVITY:0.5005067291873136
CE_KINGPAWNSHIELD:0.49145047284638205
CE_PIECECOORDINATION:0.5086600058135076
CE_MATERIAL:0.4736485387625415
CE_KINGSAFETY:0.5
C_PIECESQUARETABLES:0.5
C_MOBILITY:0.44997503398686933
C_KINGSAFETY:0.4730577194024786
C_PAWNSTRUCTURE:0.5140388997786214
C_PIECECOORDINATION:0.5124505130025703
C_ROOK:0.5101313938642177
CE_ROOK:0.5065067117715811
C_CENTERCONTROL:0.49450810470261913
C_DEVELOPPIECES:0.49383403657542363
C_MATERIAL:0.5
C_MOVECOUNT:0.4892403575327782
C_PAWNMOVEMENT:0.4804229145699416
