ELO:1006
CE_PASSEDPAWNS:0.5183426270832615
CE_PAWNWEAKNESSES:0.5144282406224909
CE_PIECEACTIVITY:0.4840140107414309
CE_KINGPAWNSHIELD:0.5070139003127128
CE_PIECECOORDINATION:0.5
CE_MATERIAL:0.49874231397883834
CE_KINGSAFETY:0.5
C_PIECESQUARETABLES:0.5
C_MOBILITY:0.49924117268537715
C_KINGSAFETY:0.4840205380456301
C_PAWNSTRUCTURE:0.502385628220245
C_PIECECOORDINATION:0.5088175621277743
C_ROOK:0.4928266083733946
CE_ROOK:0.498203700551621
C_CENTERCONTROL:0.5011855693911038
C_DEVELOPPIECES:0.49984471286244797
C_MATERIAL:0.4899455021876946
C_MOVECOUNT:0.4693380993017222
C_PAWNMOVEMENT:0.4985179262279614
