ELO:915
CE_PASSEDPAWNS:0.4419717624285735
CE_PAWNWEAKNESSES:0.4788155552502221
CE_PIECEACTIVITY:0.5460004914766752
CE_KINGPAWNSHIELD:0.5087720389410395
CE_PIECECOORDINATION:0.48097639451740454
CE_MATERIAL:0.4828306138171765
CE_KINGSAFETY:0.5031724065261088
C_PIECESQUARETABLES:0.5505767695902261
C_MOBILITY:0.5231209956774292
C_KINGSAFETY:0.4350317998016245
C_PAWNSTRUCTURE:0.47199828169360625
C_PIECECOORDINATION:0.5079752490360915
C_ROOKANDPAWNMOVEMENT:0.5079752490360915
C_CENTERCONTROL:0.496133899476336
C_DEVELOPPIECES:0.4928681233237184
C_MATERIAL:0.4873625126914571
C_MOVECOUNT:0.5
