ELO:1013
CE_PASSEDPAWNS:0.5026822638532017
CE_PAWNWEAKNESSES:0.4924320025808494
CE_PIECEACTIVITY:0.5044483528572965
CE_KINGPAWNSHIELD:0.5070139003127128
CE_PIECECOORDINATION:0.5207082048196396
CE_MATERIAL:0.4842056406862006
CE_KINGSAFETY:0.5
C_PIECESQUARETABLES:0.5
C_MOBILITY:0.5026488487209159
C_KINGSAFETY:0.5010396651413015
C_PAWNSTRUCTURE:0.4752434061058694
C_PIECECOORDINATION:0.4877811577854683
C_ROOK:0.47911671830964603
CE_ROOK:0.5140675743201198
C_CENTERCONTROL:0.5047456699532995
C_DEVELOPPIECES:0.5008670740254423
C_MATERIAL:0.5180800039458637
C_MOVECOUNT:0.484254033797517
C_PAWNMOVEMENT:0.501825826357947
