ELO:1008
CE_PASSEDPAWNS:0.5086262574477011
CE_PAWNWEAKNESSES:0.49595388320669737
CE_PIECEACTIVITY:0.5
CE_KINGPAWNSHIELD:0.5
CE_PIECECOORDINATION:0.5034963065493251
CE_MATERIAL:0.4937385872800715
CE_KINGSAFETY:0.5041148488169785
C_PIECESQUARETABLES:0.5
C_MOBILITY:0.5042299430401925
C_KINGSAFETY:0.5116559790108891
C_PAWNSTRUCTURE:0.5049979864780462
C_PIECECOORDINATION:0.4898899232880464
C_ROOKANDPAWNMOVEMENT:0.4898899232880464
C_CENTERCONTROL:0.49390488131246835
C_DEVELOPPIECES:0.48137237984263004
C_MATERIAL:0.509959319268394
