ELO:1023
CE_PASSEDPAWNS:0.48152937654177397
CE_PAWNWEAKNESSES:0.49881948352447586
CE_PIECEACTIVITY:0.5
CE_KINGPAWNSHIELD:0.5091188190514694
CE_PIECECOORDINATION:0.5044016480172067
CE_MATERIAL:0.5056579388074746
CE_KINGSAFETY:0.5
C_PIECESQUARETABLES:0.5
C_MOBILITY:0.49387561959435256
C_KINGSAFETY:0.5
C_PAWNSTRUCTURE:0.5048711331432093
C_PIECECOORDINATION:0.5
C_ROOKANDPAWNMOVEMENT:0.5
C_CENTERCONTROL:0.5
C_DEVELOPPIECES:0.5
C_MATERIAL:0.5
C_MOVECOUNT:0.5
