ELO:1000
CE_PASSEDPAWNS:0.5220980612501342
CE_PAWNWEAKNESSES:0.4745850531011121
CE_PIECEACTIVITY:0.4722985679842894
CE_KINGPAWNSHIELD:0.45754869230208367
CE_PIECECOORDINATION:0.5427884150072646
CE_MATERIAL:0.5572226013138647
CE_KINGSAFETY:0.4765051990595446
C_PIECESQUARETABLES:0.4514098899285544
C_MOBILITY:0.49187144815677064
C_KINGSAFETY:0.4506020929790142
C_PAWNSTRUCTURE:0.5646949280054141
C_PIECECOORDINATION:0.502212829709177
C_ROOKANDPAWNMOVEMENT:0.502212829709177
C_CENTERCONTROL:0.4824348779291518
C_DEVELOPPIECES:0.5619341151345107
C_MATERIAL:0.476272283790155
