ELO:1047
CE_PASSEDPAWNS:0.4007974871065331
CE_PAWNWEAKNESSES:0.6126588636670341
CE_PIECEACTIVITY:0.5472812844335107
CE_KINGPAWNSHIELD:0.4434919210077699
CE_PIECECOORDINATION:0.47134151525289875
CE_MATERIAL:0.4326265186491391
CE_KINGSAFETY:0.5007212198797557
C_PIECESQUARETABLES:0.48461784777776934
C_MOBILITY:0.3910770357088864
C_KINGSAFETY:0.40672919937252344
C_PAWNSTRUCTURE:0.5752865072173613
C_PIECECOORDINATION:0.530973405250158
C_ROOKANDPAWNMOVEMENT:0.530973405250158
C_CENTERCONTROL:0.45834753030025016
C_DEVELOPPIECES:0.4479754420637271
C_MATERIAL:0.5797347259491737
