ELO:988
CE_PASSEDPAWNS:0.5596319267501906
CE_PAWNWEAKNESSES:0.5789382064220605
CE_PIECEACTIVITY:0.4690266188133782
CE_KINGPAWNSHIELD:0.438680296750341
CE_PIECECOORDINATION:0.504871751982418
CE_MATERIAL:0.31252782174585686
CE_KINGSAFETY:0.4635303843472579
C_PIECESQUARETABLES:0.42527476055113267
C_MOBILITY:0.5359375555337131
C_KINGSAFETY:0.4151856096696559
C_PAWNSTRUCTURE:0.48088757172638474
C_PIECECOORDINATION:0.5518004470187632
C_ROOKANDPAWNMOVEMENT:0.5518004470187632
C_CENTERCONTROL:0.5208014135707523
C_DEVELOPPIECES:0.506445546667342
C_MATERIAL:0.4640007261190317
