ELO:999
CE_PASSEDPAWNS:0.5101455694692397
CE_PAWNWEAKNESSES:0.5287275434084923
CE_PIECEACTIVITY:0.4857039810440097
CE_KINGPAWNSHIELD:0.5117670508613658
CE_PIECECOORDINATION:0.49476325965591955
CE_MATERIAL:0.5057674272461364
CE_KINGSAFETY:0.5123744013731686
C_PIECESQUARETABLES:0.5
C_MOBILITY:0.49758776577406455
C_KINGSAFETY:0.478267540220721
C_PAWNSTRUCTURE:0.48411659972078164
C_PIECECOORDINATION:0.5210993137913479
C_ROOK:0.5066372061522213
CE_ROOK:0.5409402676310817
C_CENTERCONTROL:0.5196325251914184
C_DEVELOPPIECES:0.5141989953661699
C_MATERIAL:0.5313004224328107
C_MOVECOUNT:0.5003199788881134
C_PAWNMOVEMENT:0.4662546390468205
