ELO:786
CE_PASSEDPAWNS:0.44941235542390506
CE_PAWNWEAKNESSES:0.5066414998906839
CE_PIECEACTIVITY:0.5125943372249958
CE_KINGPAWNSHIELD:0.45745926208866516
CE_PIECECOORDINATION:0.5383521886899291
CE_MATERIAL:0.5478339979035461
CE_KINGSAFETY:0.5017057993647771
C_PIECESQUARETABLES:0.5180163564262913
C_MOBILITY:0.49073797231298655
C_KINGSAFETY:0.508907676216022
C_PAWNSTRUCTURE:0.5675469450785784
C_PIECECOORDINATION:0.43417827340655185
C_ROOKANDPAWNMOVEMENT:0.43417827340655185
C_CENTERCONTROL:0.5013571856854224
C_DEVELOPPIECES:0.501863848174387
C_MATERIAL:0.5503649378142558
C_MOVECOUNT:0.5268538308259596
