ELO:1000
CE_PASSEDPAWNS:0.48937877677046804
CE_PAWNWEAKNESSES:0.5
CE_PIECEACTIVITY:0.5
CE_KINGPAWNSHIELD:0.49240182962892154
CE_PIECECOORDINATION:0.5
CE_MATERIAL:0.5
CE_KINGSAFETY:0.5019461705349244
C_PIECESQUARETABLES:0.5
C_MOBILITY:0.4857508663904633
C_KINGSAFETY:0.5
C_PAWNSTRUCTURE:0.5
C_PIECECOORDINATION:0.5
C_ROOKANDPAWNMOVEMENT:0.5
C_CENTERCONTROL:0.5
C_DEVELOPPIECES:0.5069689872471776
C_MATERIAL:0.5028540496727231
