ELO:1000
CE_PASSEDPAWNS:0.515535173767894
CE_PAWNWEAKNESSES:0.47434302995818556
CE_PIECEACTIVITY:0.49289035816478766
CE_KINGPAWNSHIELD:0.4599072803466771
CE_PIECECOORDINATION:0.5291965708757363
CE_MATERIAL:0.5446319404284429
CE_KINGSAFETY:0.4839226616826447
C_PIECESQUARETABLES:0.44912159950283714
C_MOBILITY:0.48773098923241975
C_KINGSAFETY:0.45272471173404033
C_PAWNSTRUCTURE:0.5689701415479196
C_PIECECOORDINATION:0.502212829709177
C_ROOKANDPAWNMOVEMENT:0.502212829709177
C_CENTERCONTROL:0.49423346998474427
C_DEVELOPPIECES:0.5452278715046425
C_MATERIAL:0.480886992146659
