ELO:1019
CE_PASSEDPAWNS:0.5
CE_PAWNWEAKNESSES:0.5046852023709752
CE_PIECEACTIVITY:0.49558962566582854
CE_KINGPAWNSHIELD:0.47035427114508144
CE_PIECECOORDINATION:0.49243489196063395
CE_MATERIAL:0.5168195112840839
CE_KINGSAFETY:0.5
C_PIECESQUARETABLES:0.5
C_MOBILITY:0.5050819751964495
C_KINGSAFETY:0.49723960976070763
C_PAWNSTRUCTURE:0.5025349218084607
C_PIECECOORDINATION:0.5133516354288787
C_ROOK:0.4883232172404439
CE_ROOK:0.498203700551621
C_CENTERCONTROL:0.5051137245676748
C_DEVELOPPIECES:0.4961384099354208
C_MATERIAL:0.5028110968219632
C_MOVECOUNT:0.4980037723595362
C_PAWNMOVEMENT:0.5072186104954414
