ELO:897
CE_PASSEDPAWNS:0.35689299540495506
CE_PAWNWEAKNESSES:0.46160721285309486
CE_PIECEACTIVITY:0.5234983046820477
CE_KINGPAWNSHIELD:0.5062307827714253
CE_PIECECOORDINATION:0.4949870282851933
CE_MATERIAL:0.3885974904459307
CE_KINGSAFETY:0.514953476154938
C_PIECESQUARETABLES:0.5286634099945937
C_MOBILITY:0.524930558579696
C_KINGSAFETY:0.4764738812536644
C_PAWNSTRUCTURE:0.3992944836035472
C_PIECECOORDINATION:0.42559579455315855
C_ROOKANDPAWNMOVEMENT:0.42559579455315855
C_CENTERCONTROL:0.5257699620383883
C_DEVELOPPIECES:0.36035055323881826
C_MATERIAL:0.4718374719489373
