ELO:997
CE_PASSEDPAWNS:0.5230737550973249
CE_PAWNWEAKNESSES:0.5002379948578701
CE_PIECEACTIVITY:0.5158778187945382
CE_KINGPAWNSHIELD:0.4987344287033321
CE_PIECECOORDINATION:0.5046828764944739
CE_MATERIAL:0.4877536233416009
CE_KINGSAFETY:0.5
C_PIECESQUARETABLES:0.510698438099622
C_MOBILITY:0.5317423248491594
C_KINGSAFETY:0.4994706175886912
C_PAWNSTRUCTURE:0.5
C_PIECECOORDINATION:0.49984072942285895
C_ROOK:0.5112342127330672
CE_ROOK:0.5035726132689518
C_CENTERCONTROL:0.4941651502614229
C_DEVELOPPIECES:0.5151273631260718
C_MATERIAL:0.5060885178443513
C_MOVECOUNT:0.513765762464606
C_PAWNMOVEMENT:0.5100083047733415
