ELO:1006
CE_PASSEDPAWNS:0.49531891399235334
CE_PAWNWEAKNESSES:0.5
CE_PIECEACTIVITY:0.5077312330497874
CE_KINGPAWNSHIELD:0.499986348299769
CE_PIECECOORDINATION:0.4891574620168601
CE_MATERIAL:0.48294594955633074
CE_KINGSAFETY:0.5
C_PIECESQUARETABLES:0.5
C_MOBILITY:0.4949102405278998
C_KINGSAFETY:0.49927572217029104
C_PAWNSTRUCTURE:0.4916104137017852
C_PIECECOORDINATION:0.47028530575728644
C_ROOKANDPAWNMOVEMENT:0.47028530575728644
C_CENTERCONTROL:0.5
C_DEVELOPPIECES:0.47910264626913285
C_MATERIAL:0.5133675072324158
C_MOVECOUNT:0.5
