ELO:1000
CE_PASSEDPAWNS:0.5385174893025471
CE_PAWNWEAKNESSES:0.46691777830750364
CE_PIECEACTIVITY:0.4603985905964113
CE_KINGPAWNSHIELD:0.4501475085498925
CE_PIECECOORDINATION:0.5518561802901651
CE_MATERIAL:0.5549993100087863
CE_KINGSAFETY:0.4711328833957845
C_PIECESQUARETABLES:0.44390262410320513
C_MOBILITY:0.48329887164377966
C_KINGSAFETY:0.45103037876432645
C_PAWNSTRUCTURE:0.5646949280054141
C_PIECECOORDINATION:0.502212829709177
C_ROOKANDPAWNMOVEMENT:0.502212829709177
C_CENTERCONTROL:0.4824348779291518
C_DEVELOPPIECES:0.5647257729423463
C_MATERIAL:0.47343897082585
