ELO:995
CE_PASSEDPAWNS:0.5024172426947833
CE_PAWNWEAKNESSES:0.4959996029891142
CE_PIECEACTIVITY:0.5062531708650203
CE_KINGPAWNSHIELD:0.4967132338220424
CE_PIECECOORDINATION:0.508349257355291
CE_MATERIAL:0.5
CE_KINGSAFETY:0.49563706678221375
C_PIECESQUARETABLES:0.5036460017802461
C_MOBILITY:0.5056274252843537
C_KINGSAFETY:0.4972756350572112
C_PAWNSTRUCTURE:0.5158602185738282
C_PIECECOORDINATION:0.4837288271936575
C_ROOKANDPAWNMOVEMENT:0.4837288271936575
C_CENTERCONTROL:0.5081234380777085
C_DEVELOPPIECES:0.500493240288951
C_MATERIAL:0.5133502229624555
C_MOVECOUNT:0.5
