ELO:981
CE_PASSEDPAWNS:0.5
CE_PAWNWEAKNESSES:0.4875813700826844
CE_PIECEACTIVITY:0.5460960940988434
CE_KINGPAWNSHIELD:0.43301965493803896
CE_PIECECOORDINATION:0.5743066191397286
CE_MATERIAL:0.5026090058955063
CE_KINGSAFETY:0.4941437753268553
C_PIECESQUARETABLES:0.5162547107917086
C_MOBILITY:0.513979440550616
C_KINGSAFETY:0.5
C_PAWNSTRUCTURE:0.5155985172492672
C_PIECECOORDINATION:0.5240553831216296
C_ROOKANDPAWNMOVEMENT:0.5240553831216296
C_CENTERCONTROL:0.4750590818385355
C_DEVELOPPIECES:0.501670481279622
C_MATERIAL:0.48714922162095964
C_MOVECOUNT:0.5
