ELO:995
CE_PASSEDPAWNS:0.5091034148329712
CE_PAWNWEAKNESSES:0.48586349155810005
CE_PIECEACTIVITY:0.5381708366227803
CE_KINGPAWNSHIELD:0.49784146576342503
CE_PIECECOORDINATION:0.5318352147662153
CE_MATERIAL:0.49130699122501675
CE_KINGSAFETY:0.5
C_PIECESQUARETABLES:0.5
C_MOBILITY:0.5100460025186435
C_KINGSAFETY:0.4811413664804936
C_PAWNSTRUCTURE:0.5014195538812061
C_PIECECOORDINATION:0.5256662003269658
C_ROOK:0.4972203104908796
CE_ROOK:0.4939924255204084
C_CENTERCONTROL:0.48695740813928995
C_DEVELOPPIECES:0.48235580445216464
C_MATERIAL:0.5323491725086331
C_MOVECOUNT:0.5074212407980186
C_PAWNMOVEMENT:0.5350473590518101
