ELO:1000
CE_PASSEDPAWNS:0.5480701838718653
CE_PAWNWEAKNESSES:0.46095747401409526
CE_PIECEACTIVITY:0.4622695026599228
CE_KINGPAWNSHIELD:0.46196966983988
CE_PIECECOORDINATION:0.5569263047542673
CE_MATERIAL:0.5391080740416424
CE_KINGSAFETY:0.5
C_PIECESQUARETABLES:0.4998752287655024
C_MOBILITY:0.4869154544978046
C_KINGSAFETY:0.45006986673543836
C_PAWNSTRUCTURE:0.5623675610575953
C_PIECECOORDINATION:0.5255057243484571
C_ROOKANDPAWNMOVEMENT:0.5255057243484571
C_CENTERCONTROL:0.48640611093559505
C_DEVELOPPIECES:0.5682309413522092
C_MATERIAL:0.4877609770373117
