ELO:704
CE_PASSEDPAWNS:0.5567611112033367
CE_PAWNWEAKNESSES:0.5403979203663365
CE_PIECEACTIVITY:0.46117594897587505
CE_KINGPAWNSHIELD:0.47858856050471693
CE_PIECECOORDINATION:0.5081891995173577
CE_MATERIAL:0.5340342662383233
CE_KINGSAFETY:0.500687272824948
C_PIECESQUARETABLES:0.4989435597384211
C_MOBILITY:0.5211035975913912
C_KINGSAFETY:0.5400500240177829
C_PAWNSTRUCTURE:0.5028049270706926
C_PIECECOORDINATION:0.5191201676403523
C_ROOKANDPAWNMOVEMENT:0.5191201676403523
C_CENTERCONTROL:0.496496811102156
C_DEVELOPPIECES:0.5588499491503536
C_MATERIAL:0.5679623893121769
C_MOVECOUNT:0.48648764936651545
