ELO:940
CE_PASSEDPAWNS:0.40603948059399775
CE_PAWNWEAKNESSES:0.4860306147119398
CE_PIECEACTIVITY:0.5333331027365764
CE_KINGPAWNSHIELD:0.4951659807391529
CE_PIECECOORDINATION:0.5120975574482439
CE_MATERIAL:0.3974214066054035
CE_KINGSAFETY:0.520047647999768
C_PIECESQUARETABLES:0.5304850707416437
C_MOBILITY:0.5067628481898526
C_KINGSAFETY:0.4971810924717267
C_PAWNSTRUCTURE:0.4099459387491948
C_PIECECOORDINATION:0.42750204744441095
C_ROOKANDPAWNMOVEMENT:0.42750204744441095
C_CENTERCONTROL:0.5168397016107306
C_DEVELOPPIECES:0.36590278012970445
C_MATERIAL:0.5130212147242134
