ELO:732
CE_PASSEDPAWNS:0.543966431661197
CE_PAWNWEAKNESSES:0.5470115494217658
CE_PIECEACTIVITY:0.449520702384249
CE_KINGPAWNSHIELD:0.5541861056353878
CE_PIECECOORDINATION:0.48234747186163096
CE_MATERIAL:0.4880309116895831
CE_KINGSAFETY:0.5379986720781219
C_PIECESQUARETABLES:0.5225790105723468
C_MOBILITY:0.5311581816842735
C_KINGSAFETY:0.5217077971034113
C_PAWNSTRUCTURE:0.4585210894924329
C_PIECECOORDINATION:0.5382034804685698
C_ROOKANDPAWNMOVEMENT:0.5382034804685698
C_CENTERCONTROL:0.453312736948282
C_DEVELOPPIECES:0.49465823315147756
C_MATERIAL:0.5503252443092645
C_MOVECOUNT:0.5
