ELO:1007
CE_PASSEDPAWNS:0.41297225760046913
CE_PAWNWEAKNESSES:0.4445560293718253
CE_PIECEACTIVITY:0.5514812432514269
CE_KINGPAWNSHIELD:0.4529861904984574
CE_PIECECOORDINATION:0.47961728275071536
CE_MATERIAL:0.32586085573138995
CE_KINGSAFETY:0.45342152634678556
C_PIECESQUARETABLES:0.49376862000104277
C_MOBILITY:0.5472895485009239
C_KINGSAFETY:0.5647015310849669
C_PAWNSTRUCTURE:0.4919925901550338
C_PIECECOORDINATION:0.5581178176938394
C_ROOKANDPAWNMOVEMENT:0.5581178176938394
C_CENTERCONTROL:0.37489395758238653
C_DEVELOPPIECES:0.5339260906630426
C_MATERIAL:0.46734227660974736
