ELO:958
CE_PASSEDPAWNS:0.4985066807302798
CE_PAWNWEAKNESSES:0.5101461685977337
CE_PIECEACTIVITY:0.5170666168385349
CE_KINGPAWNSHIELD:0.5249822794128137
CE_PIECECOORDINATION:0.5191609774966846
CE_MATERIAL:0.49920791379881446
CE_KINGSAFETY:0.5322551547636029
C_PIECESQUARETABLES:0.4722411903098291
C_MOBILITY:0.4587599005408482
C_KINGSAFETY:0.4985788397080681
C_PAWNSTRUCTURE:0.5134343496613002
C_PIECECOORDINATION:0.5063706932237285
C_ROOKANDPAWNMOVEMENT:0.5063706932237285
C_CENTERCONTROL:0.4797556421016957
C_DEVELOPPIECES:0.5179229220503583
C_MATERIAL:0.46980694862211364
C_MOVECOUNT:0.5
