ELO:926
CE_PASSEDPAWNS:0.5362402210077414
CE_PAWNWEAKNESSES:0.5298242448840993
CE_PIECEACTIVITY:0.5044330553208028
CE_KINGPAWNSHIELD:0.5213088659149585
CE_PIECECOORDINATION:0.5184701473786724
CE_MATERIAL:0.5013975839173821
CE_KINGSAFETY:0.492863901564352
C_PIECESQUARETABLES:0.4966225724152026
C_MOBILITY:0.4859149325244314
C_KINGSAFETY:0.49885238227864
C_PAWNSTRUCTURE:0.5322557306393602
C_PIECECOORDINATION:0.48492203852830235
C_ROOKANDPAWNMOVEMENT:0.48492203852830235
C_CENTERCONTROL:0.4779980289136934
C_DEVELOPPIECES:0.45328718359700004
C_MATERIAL:0.5190228652021702
C_MOVECOUNT:0.5529409517792725
