ELO:1015
CE_PASSEDPAWNS:0.5
CE_PAWNWEAKNESSES:0.4900177938829809
CE_PIECEACTIVITY:0.5041720700572935
CE_KINGPAWNSHIELD:0.48223184510465794
CE_PIECECOORDINATION:0.49873854789698574
CE_MATERIAL:0.5090432845475662
CE_KINGSAFETY:0.47961584324378104
C_PIECESQUARETABLES:0.5015694234186349
C_MOBILITY:0.4940133154259423
C_KINGSAFETY:0.5083003683945351
C_PAWNSTRUCTURE:0.5087318312804379
C_PIECECOORDINATION:0.5117699813004647
C_ROOKANDPAWNMOVEMENT:0.5117699813004647
C_CENTERCONTROL:0.5171821207071163
C_DEVELOPPIECES:0.5089513454094832
C_MATERIAL:0.5
C_MOVECOUNT:0.5163595836432773
