ELO:924
CE_PASSEDPAWNS:0.35075452280562475
CE_PAWNWEAKNESSES:0.47698506091418774
CE_PIECEACTIVITY:0.4621820301789143
CE_KINGPAWNSHIELD:0.5847502222251967
CE_PIECECOORDINATION:0.3864935137101023
CE_MATERIAL:0.592716496250954
CE_KINGSAFETY:0.4970872835669289
C_PIECESQUARETABLES:0.5063347441285655
C_MOBILITY:0.5427965921297356
C_KINGSAFETY:0.5653180066834139
C_PAWNSTRUCTURE:0.5200409428961545
C_PIECECOORDINATION:0.5961197316506865
C_ROOKANDPAWNMOVEMENT:0.5961197316506865
C_CENTERCONTROL:0.6151573684604185
C_DEVELOPPIECES:0.5106162235112204
C_MATERIAL:0.5452584635399095
