ELO:1016
CE_PASSEDPAWNS:0.5108635416913931
CE_PAWNWEAKNESSES:0.4972819066517022
CE_PIECEACTIVITY:0.5059767389474146
CE_KINGPAWNSHIELD:0.5
CE_PIECECOORDINATION:0.4816832260514155
CE_MATERIAL:0.4917517422355021
CE_KINGSAFETY:0.5
C_PIECESQUARETABLES:0.5
C_MOBILITY:0.5057162419801425
C_KINGSAFETY:0.4928766333925145
C_PAWNSTRUCTURE:0.4932151931203243
C_PIECECOORDINATION:0.5117699813004647
C_ROOKANDPAWNMOVEMENT:0.5117699813004647
C_CENTERCONTROL:0.5115869503601391
C_DEVELOPPIECES:0.5092531428414915
C_MATERIAL:0.4929146213694425
C_MOVECOUNT:0.5
