ELO:973
CE_PASSEDPAWNS:0.5
CE_PAWNWEAKNESSES:0.4240260398754959
CE_PIECEACTIVITY:0.5543215688445811
CE_KINGPAWNSHIELD:0.5
CE_PIECECOORDINATION:0.4937259056177772
CE_MATERIAL:0.5295449709115624
CE_KINGSAFETY:0.5
C_PIECESQUARETABLES:0.5
C_MOBILITY:0.5046399608640394
C_KINGSAFETY:0.549260205493267
C_PAWNSTRUCTURE:0.4515996402433376
C_PIECECOORDINATION:0.46258933237358013
C_ROOKANDPAWNMOVEMENT:0.46258933237358013
C_CENTERCONTROL:0.5949008410296197
C_DEVELOPPIECES:0.5260947630710051
C_MATERIAL:0.4521426021158998
C_MOVECOUNT:0.5
