ELO:1099
CE_PASSEDPAWNS:0.4451967913051668
CE_PAWNWEAKNESSES:0.4839543896939202
CE_PIECEACTIVITY:0.4475014133348354
CE_KINGPAWNSHIELD:0.6114104583186329
CE_PIECECOORDINATION:0.46112112884136147
CE_MATERIAL:0.39783305558335186
CE_KINGSAFETY:0.5
C_PIECESQUARETABLES:0.5
C_MOBILITY:0.3833422236323559
C_KINGSAFETY:0.5871157297367907
C_PAWNSTRUCTURE:0.4505588095215348
C_PIECECOORDINATION:0.47176874803052415
C_ROOKANDPAWNMOVEMENT:0.47176874803052415
C_CENTERCONTROL:0.5916556751746048
C_DEVELOPPIECES:0.5642679971828123
C_MATERIAL:0.4063918105112338
