ELO:996
CE_PASSEDPAWNS:0.3671258369474086
CE_PAWNWEAKNESSES:0.44542974891888637
CE_PIECEACTIVITY:0.5975814565428466
CE_KINGPAWNSHIELD:0.5599465954910741
CE_PIECECOORDINATION:0.60597998717024
CE_MATERIAL:0.5561775794490093
CE_KINGSAFETY:0.5
C_PIECESQUARETABLES:0.5
C_MOBILITY:0.580479941274235
C_KINGSAFETY:0.519151789105757
C_PAWNSTRUCTURE:0.3050864386144053
C_PIECECOORDINATION:0.5235184679838126
C_ROOKANDPAWNMOVEMENT:0.5235184679838126
C_CENTERCONTROL:0.3997851853345394
C_DEVELOPPIECES:0.5933423053266473
C_MATERIAL:0.5879960336527592
