ELO:996
CE_PASSEDPAWNS:0.5102762195174267
CE_PAWNWEAKNESSES:0.5244765098021761
CE_PIECEACTIVITY:0.5055534717583172
CE_KINGPAWNSHIELD:0.40759144484080706
CE_PIECECOORDINATION:0.44538019471221774
CE_MATERIAL:0.5030403841932721
CE_KINGSAFETY:0.5
C_PIECESQUARETABLES:0.5040791246182272
C_MOBILITY:0.5054831841261707
C_KINGSAFETY:0.5555396845641076
C_PAWNSTRUCTURE:0.3974960377332616
C_PIECECOORDINATION:0.5178685362773264
C_ROOKANDPAWNMOVEMENT:0.5178685362773264
C_CENTERCONTROL:0.3976101602692124
C_DEVELOPPIECES:0.5933423053266473
C_MATERIAL:0.6201906658387899
