ELO:899
CE_PASSEDPAWNS:0.4986774638921889
CE_PAWNWEAKNESSES:0.4472480501372489
CE_PIECEACTIVITY:0.499035488379388
CE_KINGPAWNSHIELD:0.6138387402933547
CE_PIECECOORDINATION:0.5470874047006203
CE_MATERIAL:0.38739194389264997
CE_KINGSAFETY:0.5
C_PIECESQUARETABLES:0.5
C_MOBILITY:0.4936655387905322
C_KINGSAFETY:0.4752532476730597
C_PAWNSTRUCTURE:0.45099962702778296
C_PIECECOORDINATION:0.5012753871039798
C_ROOKANDPAWNMOVEMENT:0.5012753871039798
C_CENTERCONTROL:0.497859389595594
C_DEVELOPPIECES:0.4630987050520091
C_MATERIAL:0.4944610651511498
C_MOVECOUNT:0.5
