ELO:1138
CE_PASSEDPAWNS:0.5220014652991477
CE_PAWNWEAKNESSES:0.5312405321319169
CE_PIECEACTIVITY:0.46141663230729874
CE_KINGPAWNSHIELD:0.40008057349030945
CE_PIECECOORDINATION:0.5094822262344411
CE_MATERIAL:0.4701053431366152
CE_KINGSAFETY:0.5
C_PIECESQUARETABLES:0.5
C_MOBILITY:0.5741900549396723
C_KINGSAFETY:0.37771878873827036
C_PAWNSTRUCTURE:0.6059616060781821
C_PIECECOORDINATION:0.5960146041974088
C_ROOKANDPAWNMOVEMENT:0.5960146041974088
C_CENTERCONTROL:0.43923677488585294
C_DEVELOPPIECES:0.5528173797779841
C_MATERIAL:0.6828983766046607
