ELO:1099
CE_PASSEDPAWNS:0.4758185173148527
CE_PAWNWEAKNESSES:0.5017511431794623
CE_PIECEACTIVITY:0.5975814565428466
CE_KINGPAWNSHIELD:0.44600764767306644
CE_PIECECOORDINATION:0.5261101980407332
CE_MATERIAL:0.5859162883553349
CE_KINGSAFETY:0.5
C_PIECESQUARETABLES:0.5
C_MOBILITY:0.5836313903895851
C_KINGSAFETY:0.37771878873827036
C_PAWNSTRUCTURE:0.49124294705892413
C_PIECECOORDINATION:0.5827958732663536
C_ROOKANDPAWNMOVEMENT:0.5827958732663536
C_CENTERCONTROL:0.43923677488585294
C_DEVELOPPIECES:0.43315964958583353
C_MATERIAL:0.624181433609084
