ELO:931
CE_PASSEDPAWNS:0.49998537282627664
CE_PAWNWEAKNESSES:0.5021676783177548
CE_PIECEACTIVITY:0.5266199268567029
CE_KINGPAWNSHIELD:0.5152194763493172
CE_PIECECOORDINATION:0.5363201523213906
CE_MATERIAL:0.5201481374306003
CE_KINGSAFETY:0.49089274085623497
C_PIECESQUARETABLES:0.5
C_MOBILITY:0.44239584285763267
C_KINGSAFETY:0.4920051935978239
C_PAWNSTRUCTURE:0.498319786995533
C_PIECECOORDINATION:0.5420587713418833
C_ROOK:0.49670462180078107
CE_ROOK:0.4911731296224128
C_CENTERCONTROL:0.507737043604566
C_DEVELOPPIECES:0.5164127820322835
C_MATERIAL:0.5017955867175891
C_MOVECOUNT:0.4832664848577372
C_PAWNMOVEMENT:0.5103420229886737
