ELO:971
CE_PASSEDPAWNS:0.4886306414406885
CE_PAWNWEAKNESSES:0.5111384615865583
CE_PIECEACTIVITY:0.4956409563779066
CE_KINGPAWNSHIELD:0.46624401861100495
CE_PIECECOORDINATION:0.47320830524184176
CE_MATERIAL:0.49750902054535373
CE_KINGSAFETY:0.5
C_PIECESQUARETABLES:0.5055753678141431
C_MOBILITY:0.48504306482356774
C_KINGSAFETY:0.509757175192614
C_PAWNSTRUCTURE:0.47123736318600723
C_PIECECOORDINATION:0.5133172744940351
C_ROOK:0.48784031982417664
CE_ROOK:0.5055496848482567
C_CENTERCONTROL:0.48062616958380644
C_DEVELOPPIECES:0.4997887473884052
C_MATERIAL:0.5313469601825206
C_MOVECOUNT:0.5076189304992813
C_PAWNMOVEMENT:0.5008857778906792
