ELO:1008
CE_PASSEDPAWNS:0.5244423501098813
CE_PAWNWEAKNESSES:0.4908273960924968
CE_PIECEACTIVITY:0.5353494129309075
CE_KINGPAWNSHIELD:0.5044887666320478
CE_PIECECOORDINATION:0.5029084943262581
CE_MATERIAL:0.5175743768444376
CE_KINGSAFETY:0.5
C_PIECESQUARETABLES:0.5
C_MOBILITY:0.4927072540120888
C_KINGSAFETY:0.5068801504775801
C_PAWNSTRUCTURE:0.4634524577861632
C_PIECECOORDINATION:0.53726239249288
C_ROOK:0.4760767077068308
CE_ROOK:0.5182690383770185
C_CENTERCONTROL:0.4824923619859727
C_DEVELOPPIECES:0.5332997504176217
C_MATERIAL:0.5252441272845891
C_MOVECOUNT:0.5014323903177648
C_PAWNMOVEMENT:0.4733491807054828
