ELO:966
CE_PASSEDPAWNS:0.4179941286400028
CE_PAWNWEAKNESSES:0.48459041325578184
CE_PIECEACTIVITY:0.5059560072384303
CE_KINGPAWNSHIELD:0.550035428973804
CE_PIECECOORDINATION:0.3922286300788257
CE_MATERIAL:0.521129441336245
CE_KINGSAFETY:0.5280219750741291
C_PIECESQUARETABLES:0.5031346985396962
C_MOBILITY:0.5065822666271741
C_KINGSAFETY:0.5256705097996446
C_PAWNSTRUCTURE:0.47957009601840833
C_PIECECOORDINATION:0.5085951522197103
C_ROOKANDPAWNMOVEMENT:0.5085951522197103
C_CENTERCONTROL:0.583753262922912
C_DEVELOPPIECES:0.4921638005818754
C_MATERIAL:0.5261052341603971
