ELO:903
CE_PASSEDPAWNS:0.5121878700258609
CE_PAWNWEAKNESSES:0.5265676602544301
CE_PIECEACTIVITY:0.48495360737405874
CE_KINGPAWNSHIELD:0.48003661806562004
CE_PIECECOORDINATION:0.5095944887130642
CE_MATERIAL:0.5407077151961694
CE_KINGSAFETY:0.5144649498274919
C_PIECESQUARETABLES:0.50722039178686
C_MOBILITY:0.49440780219901675
C_KINGSAFETY:0.5214532172160441
C_PAWNSTRUCTURE:0.49950709343697824
C_PIECECOORDINATION:0.5170826767390223
C_ROOKANDPAWNMOVEMENT:0.5170826767390223
C_CENTERCONTROL:0.48298373046850007
C_DEVELOPPIECES:0.45784008915715435
C_MATERIAL:0.5121274425560604
C_MOVECOUNT:0.5203317771451756
