ELO:970
CE_PASSEDPAWNS:0.533024467198043
CE_PAWNWEAKNESSES:0.5223265756349336
CE_PIECEACTIVITY:0.5919909397481395
CE_KINGPAWNSHIELD:0.4285653979351239
CE_PIECECOORDINATION:0.4366428840177056
CE_MATERIAL:0.464838233527994
CE_KINGSAFETY:0.5422596238819903
C_PIECESQUARETABLES:0.4840609784205478
C_MOBILITY:0.4554796456425593
C_KINGSAFETY:0.42307335860611067
C_PAWNSTRUCTURE:0.5107034277599614
C_PIECECOORDINATION:0.44490335709363854
C_ROOKANDPAWNMOVEMENT:0.44490335709363854
C_CENTERCONTROL:0.5424830571698707
C_DEVELOPPIECES:0.38486751856559076
C_MATERIAL:0.6208478746626689
