ELO:940
CE_PASSEDPAWNS:0.47185947407348544
CE_PAWNWEAKNESSES:0.4792342985551015
CE_PIECEACTIVITY:0.48572562830411076
CE_KINGPAWNSHIELD:0.5132786753743975
CE_PIECECOORDINATION:0.5056930175628351
CE_MATERIAL:0.5338001535390873
CE_KINGSAFETY:0.484667583506885
C_PIECESQUARETABLES:0.48952745821626015
C_MOBILITY:0.4910206569934666
C_KINGSAFETY:0.49843135290069635
C_PAWNSTRUCTURE:0.5008231963388711
C_PIECECOORDINATION:0.5171188553405682
C_ROOKANDPAWNMOVEMENT:0.5171188553405682
C_CENTERCONTROL:0.4908661591694797
C_DEVELOPPIECES:0.4866368696384264
C_MATERIAL:0.5139267498821691
C_MOVECOUNT:0.5043190054879992
