ELO:1000
CE_PASSEDPAWNS:0.4357222944977916
CE_PAWNWEAKNESSES:0.49247875322604073
CE_PIECEACTIVITY:0.4955904318081775
CE_KINGPAWNSHIELD:0.5943989353414434
CE_PIECECOORDINATION:0.4379814380820543
CE_MATERIAL:0.5233276760639226
CE_KINGSAFETY:0.491129839871999
C_PIECESQUARETABLES:0.4524198315189138
C_MOBILITY:0.5255772632382143
C_KINGSAFETY:0.5521593787815903
C_PAWNSTRUCTURE:0.51678545461698
C_PIECECOORDINATION:0.534233152437315
C_ROOKANDPAWNMOVEMENT:0.534233152437315
C_CENTERCONTROL:0.535201112024821
C_DEVELOPPIECES:0.479632346198467
C_MATERIAL:0.5173573559800435
