ELO:1027
CE_PASSEDPAWNS:0.4906309857632734
CE_PAWNWEAKNESSES:0.5204269870539185
CE_PIECEACTIVITY:0.5
CE_KINGPAWNSHIELD:0.4973442134158641
CE_PIECECOORDINATION:0.5126312133986369
CE_MATERIAL:0.5046515342989748
CE_KINGSAFETY:0.5029243960088176
C_PIECESQUARETABLES:0.4926553212577932
C_MOBILITY:0.5
C_KINGSAFETY:0.4920587867964838
C_PAWNSTRUCTURE:0.5
C_PIECECOORDINATION:0.5217476281082348
C_ROOKANDPAWNMOVEMENT:0.5217476281082348
C_CENTERCONTROL:0.5
C_DEVELOPPIECES:0.5004567294047895
C_MATERIAL:0.4770025414488955
