ELO:1119
CE_PASSEDPAWNS:0.4517168292161211
CE_PAWNWEAKNESSES:0.5936476439564067
CE_PIECEACTIVITY:0.5989710207483733
CE_KINGPAWNSHIELD:0.4675483960701007
CE_PIECECOORDINATION:0.5273831047927284
CE_MATERIAL:0.4701053431366152
CE_KINGSAFETY:0.5
C_PIECESQUARETABLES:0.5
C_MOBILITY:0.54585005835754
C_KINGSAFETY:0.41496517016321266
C_PAWNSTRUCTURE:0.5198595460926635
C_PIECECOORDINATION:0.5726966305992744
C_ROOKANDPAWNMOVEMENT:0.5726966305992744
C_CENTERCONTROL:0.5141888635703844
C_DEVELOPPIECES:0.40461262886758054
C_MATERIAL:0.6249562774005232
