ELO:928
CE_PASSEDPAWNS:0.5096764978833322
CE_PAWNWEAKNESSES:0.5082589721810794
CE_PIECEACTIVITY:0.5001000507407626
CE_KINGPAWNSHIELD:0.47048004455505876
CE_PIECECOORDINATION:0.5107061623809301
CE_MATERIAL:0.5072217746097951
CE_KINGSAFETY:0.494311771430473
C_PIECESQUARETABLES:0.4692947352890917
C_MOBILITY:0.5062913791552793
C_KINGSAFETY:0.5067399279617733
C_PAWNSTRUCTURE:0.5027521403528625
C_PIECECOORDINATION:0.47555282259065357
C_ROOKANDPAWNMOVEMENT:0.47555282259065357
C_CENTERCONTROL:0.5211468320930444
C_DEVELOPPIECES:0.49052708121233324
C_MATERIAL:0.502873326831481
C_MOVECOUNT:0.4950193903416123
