ELO:920
CE_PASSEDPAWNS:0.3583861637760897
CE_PAWNWEAKNESSES:0.46321251003397823
CE_PIECEACTIVITY:0.4243541746989674
CE_KINGPAWNSHIELD:0.5751124278579383
CE_PIECECOORDINATION:0.40374741680193815
CE_MATERIAL:0.576930714198338
CE_KINGSAFETY:0.49719149878053964
C_PIECESQUARETABLES:0.5004628529941331
C_MOBILITY:0.5278365090019331
C_KINGSAFETY:0.574266544480837
C_PAWNSTRUCTURE:0.49373730512416675
C_PIECECOORDINATION:0.5997723369120428
C_ROOKANDPAWNMOVEMENT:0.5997723369120428
C_CENTERCONTROL:0.6493794885455507
C_DEVELOPPIECES:0.4934921432700095
C_MATERIAL:0.5552855727399097
