ELO:965
CE_PASSEDPAWNS:0.5020424778123681
CE_PAWNWEAKNESSES:0.5538477681739522
CE_PIECEACTIVITY:0.5306537259145261
CE_KINGPAWNSHIELD:0.5115443159394397
CE_PIECECOORDINATION:0.506722823060959
CE_MATERIAL:0.49136328711689115
CE_KINGSAFETY:0.5202677116058576
C_PIECESQUARETABLES:0.5066037030156353
C_MOBILITY:0.4789297082079666
C_KINGSAFETY:0.5048695689039429
C_PAWNSTRUCTURE:0.48467173124471524
C_PIECECOORDINATION:0.5090660810467904
C_ROOK:0.531734155580401
CE_ROOK:0.5149866887729597
C_CENTERCONTROL:0.4933408452426459
C_DEVELOPPIECES:0.5097258730369033
C_MATERIAL:0.48070750049667843
C_MOVECOUNT:0.5078884212628851
C_PAWNMOVEMENT:0.46048424683950795
