ELO:919
CE_PASSEDPAWNS:0.4948712548659536
CE_PAWNWEAKNESSES:0.5563293793172177
CE_PIECEACTIVITY:0.45833626651050524
CE_KINGPAWNSHIELD:0.5174449488443066
CE_PIECECOORDINATION:0.5086009342637391
CE_MATERIAL:0.513016502025821
CE_KINGSAFETY:0.5
C_PIECESQUARETABLES:0.5
C_MOBILITY:0.5270298135627571
C_KINGSAFETY:0.4148712532924737
C_PAWNSTRUCTURE:0.4386172728339363
C_PIECECOORDINATION:0.42588810961815476
C_ROOKANDPAWNMOVEMENT:0.42588810961815476
C_CENTERCONTROL:0.4629122729079643
C_DEVELOPPIECES:0.376716386293959
C_MATERIAL:0.5782662609839158
