ELO:975
CE_PASSEDPAWNS:0.5325858336436973
CE_PAWNWEAKNESSES:0.48070495604101604
CE_PIECEACTIVITY:0.547774869998303
CE_KINGPAWNSHIELD:0.45093327300452235
CE_PIECECOORDINATION:0.47727798329113413
CE_MATERIAL:0.440907793554002
CE_KINGSAFETY:0.5124875428832417
C_PIECESQUARETABLES:0.4910282669477546
C_MOBILITY:0.5526616867825894
C_KINGSAFETY:0.43312222513229715
C_PAWNSTRUCTURE:0.46769478809818704
C_PIECECOORDINATION:0.5980686978435039
C_ROOKANDPAWNMOVEMENT:0.5980686978435039
C_CENTERCONTROL:0.45728460221970096
C_DEVELOPPIECES:0.5012480627714357
C_MATERIAL:0.5154161115864498
