ELO:970
CE_PASSEDPAWNS:0.5000137040737219
CE_PAWNWEAKNESSES:0.5337984298248092
CE_PIECEACTIVITY:0.537189069169062
CE_KINGPAWNSHIELD:0.5
CE_PIECECOORDINATION:0.5050560576261519
CE_MATERIAL:0.48484886937522037
CE_KINGSAFETY:0.5058411118462033
C_PIECESQUARETABLES:0.5151502082896817
C_MOBILITY:0.4789297082079666
C_KINGSAFETY:0.5048695689039429
C_PAWNSTRUCTURE:0.48515642039726403
C_PIECECOORDINATION:0.4978820875434489
C_ROOK:0.531734155580401
CE_ROOK:0.5110719422402825
C_CENTERCONTROL:0.48614997175807984
C_DEVELOPPIECES:0.5105728064088546
C_MATERIAL:0.4891762338318429
C_MOVECOUNT:0.5078884212628851
C_PAWNMOVEMENT:0.46048424683950795
