ELO:1008
CE_PASSEDPAWNS:0.5183426270832615
CE_PAWNWEAKNESSES:0.4872052166016934
CE_PIECEACTIVITY:0.5059044144843033
CE_KINGPAWNSHIELD:0.4905748598831768
CE_PIECECOORDINATION:0.505924267188826
CE_MATERIAL:0.4714238126210707
CE_KINGSAFETY:0.5
C_PIECESQUARETABLES:0.5
C_MOBILITY:0.48659007835124873
C_KINGSAFETY:0.48324024530184656
C_PAWNSTRUCTURE:0.49351718152888674
C_PIECECOORDINATION:0.5179105035451986
C_ROOK:0.48168793802197885
CE_ROOK:0.49173339792315435
C_CENTERCONTROL:0.5097061219107921
C_DEVELOPPIECES:0.5077780893406347
C_MATERIAL:0.5244111220125648
C_MOVECOUNT:0.49063625738625116
C_PAWNMOVEMENT:0.4920975290637494
