ELO:1008
CE_PASSEDPAWNS:0.5167361378893672
CE_PAWNWEAKNESSES:0.528696805452044
CE_PIECEACTIVITY:0.5208716238492279
CE_KINGPAWNSHIELD:0.5051582057995394
CE_PIECECOORDINATION:0.5136610720994581
CE_MATERIAL:0.49745337549444735
CE_KINGSAFETY:0.5
C_PIECESQUARETABLES:0.5
C_MOBILITY:0.503329068338103
C_KINGSAFETY:0.49633639915486416
C_PAWNSTRUCTURE:0.4634524577861632
C_PIECECOORDINATION:0.5003177279984702
C_ROOK:0.5250726917518113
CE_ROOK:0.5054023041133433
C_CENTERCONTROL:0.49753629962313195
C_DEVELOPPIECES:0.5
C_MATERIAL:0.499554118281984
C_MOVECOUNT:0.47561913915770543
C_PAWNMOVEMENT:0.509499793086286
