ELO:994
CE_PASSEDPAWNS:0.48936087955615765
CE_PAWNWEAKNESSES:0.6118676375864667
CE_PIECEACTIVITY:0.5256534381721791
CE_KINGPAWNSHIELD:0.37184093292361364
CE_PIECECOORDINATION:0.6189409142779339
CE_MATERIAL:0.5776354809913964
CE_KINGSAFETY:0.5138995116065025
C_PIECESQUARETABLES:0.5
C_MOBILITY:0.49816549280442246
C_KINGSAFETY:0.5760229895615853
C_PAWNSTRUCTURE:0.5314253954442887
C_PIECECOORDINATION:0.5447852188236804
C_ROOKANDPAWNMOVEMENT:0.5447852188236804
C_CENTERCONTROL:0.47417192865301605
C_DEVELOPPIECES:0.5071532489272816
C_MATERIAL:0.6480765086317845
