ELO:999
CE_PASSEDPAWNS:0.4031310673177996
CE_PAWNWEAKNESSES:0.4725373539910803
CE_PIECEACTIVITY:0.49236506030920457
CE_KINGPAWNSHIELD:0.5785535555485497
CE_PIECECOORDINATION:0.40393183646870806
CE_MATERIAL:0.5080479141190447
CE_KINGSAFETY:0.4807645373146594
C_PIECESQUARETABLES:0.4768643560440416
C_MOBILITY:0.5209232239496245
C_KINGSAFETY:0.5322559999177267
C_PAWNSTRUCTURE:0.5125741262565997
C_PIECECOORDINATION:0.51916704008056
C_ROOKANDPAWNMOVEMENT:0.51916704008056
C_CENTERCONTROL:0.5578336626439578
C_DEVELOPPIECES:0.49559783181001005
C_MATERIAL:0.5033405556015774
