ELO:984
CE_PASSEDPAWNS:0.5051446928674241
CE_PAWNWEAKNESSES:0.5337984298248092
CE_PIECEACTIVITY:0.5261360913641124
CE_KINGPAWNSHIELD:0.5
CE_PIECECOORDINATION:0.5013718619712705
CE_MATERIAL:0.4890250839007882
CE_KINGSAFETY:0.5058411118462033
C_PIECESQUARETABLES:0.5094764721186891
C_MOBILITY:0.48864864267064473
C_KINGSAFETY:0.5048695689039429
C_PAWNSTRUCTURE:0.48515642039726403
C_PIECECOORDINATION:0.4978820875434489
C_ROOK:0.531734155580401
CE_ROOK:0.519288274301296
C_CENTERCONTROL:0.48720307913568567
C_DEVELOPPIECES:0.49903751077483816
C_MATERIAL:0.4998744385488151
C_MOVECOUNT:0.5078884212628851
C_PAWNMOVEMENT:0.4832783665840079
