ELO:1136
CE_PASSEDPAWNS:0.4758185173148527
CE_PAWNWEAKNESSES:0.45435529719210543
CE_PIECEACTIVITY:0.5580846597125007
CE_KINGPAWNSHIELD:0.4421222922629271
CE_PIECECOORDINATION:0.5228665876218258
CE_MATERIAL:0.3650657177794257
CE_KINGSAFETY:0.5
C_PIECESQUARETABLES:0.47026854210924623
C_MOBILITY:0.5883672385649751
C_KINGSAFETY:0.39915668343505367
C_PAWNSTRUCTURE:0.5850499534865369
C_PIECECOORDINATION:0.6006523227325677
C_ROOKANDPAWNMOVEMENT:0.6006523227325677
C_CENTERCONTROL:0.5452449990748603
C_DEVELOPPIECES:0.4762473252398372
C_MATERIAL:0.6169075193765221
