ELO:1139
CE_PASSEDPAWNS:0.561227233223466
CE_PAWNWEAKNESSES:0.5089687184514036
CE_PIECEACTIVITY:0.5441015649680677
CE_KINGPAWNSHIELD:0.4873640784077908
CE_PIECECOORDINATION:0.49525090608611594
CE_MATERIAL:0.540383494701908
CE_KINGSAFETY:0.5
C_PIECESQUARETABLES:0.47007680647197797
C_MOBILITY:0.6106431556756368
C_KINGSAFETY:0.40220539142586287
C_PAWNSTRUCTURE:0.5198595460926635
C_PIECECOORDINATION:0.5780803163293589
C_ROOKANDPAWNMOVEMENT:0.5780803163293589
C_CENTERCONTROL:0.4910158207041803
C_DEVELOPPIECES:0.40461262886758054
C_MATERIAL:0.6152375411669072
