ELO:1089
CE_PASSEDPAWNS:0.4385867650476288
CE_PAWNWEAKNESSES:0.5942295058306722
CE_PIECEACTIVITY:0.44626443731579607
CE_KINGPAWNSHIELD:0.4092505595553801
CE_PIECECOORDINATION:0.481062916140994
CE_MATERIAL:0.453394800099207
CE_KINGSAFETY:0.4933156873537437
C_PIECESQUARETABLES:0.49398484096059475
C_MOBILITY:0.39206712355820966
C_KINGSAFETY:0.5123605033529248
C_PAWNSTRUCTURE:0.4417501100211813
C_PIECECOORDINATION:0.45809292855126776
C_ROOKANDPAWNMOVEMENT:0.45809292855126776
C_CENTERCONTROL:0.5123488672113381
C_DEVELOPPIECES:0.5715399860574036
C_MATERIAL:0.4052039534307631
