ELO:966
CE_PASSEDPAWNS:0.41559572709184894
CE_PAWNWEAKNESSES:0.4906477187765324
CE_PIECEACTIVITY:0.4897340614214571
CE_KINGPAWNSHIELD:0.5507508907050226
CE_PIECECOORDINATION:0.3922286300788257
CE_MATERIAL:0.5248114076924096
CE_KINGSAFETY:0.512166378094137
C_PIECESQUARETABLES:0.5028426270769508
C_MOBILITY:0.49406795448480134
C_KINGSAFETY:0.5065018465863105
C_PAWNSTRUCTURE:0.47310039207376947
C_PIECECOORDINATION:0.52080457216345
C_ROOKANDPAWNMOVEMENT:0.52080457216345
C_CENTERCONTROL:0.5734441908318633
C_DEVELOPPIECES:0.491046895116501
C_MATERIAL:0.5086390678080113
