ELO:1121
CE_PASSEDPAWNS:0.414768507815632
CE_PAWNWEAKNESSES:0.5867378535677306
CE_PIECEACTIVITY:0.44561656406994316
CE_KINGPAWNSHIELD:0.4421222922629271
CE_PIECECOORDINATION:0.5138962178399454
CE_MATERIAL:0.3650657177794257
CE_KINGSAFETY:0.5
C_PIECESQUARETABLES:0.5
C_MOBILITY:0.5815278059008262
C_KINGSAFETY:0.40220539142586287
C_PAWNSTRUCTURE:0.6059616060781821
C_PIECECOORDINATION:0.5518949349182378
C_ROOKANDPAWNMOVEMENT:0.5518949349182378
C_CENTERCONTROL:0.5074219612996926
C_DEVELOPPIECES:0.40461262886758054
C_MATERIAL:0.6169075193765221
