ELO:1025
CE_PASSEDPAWNS:0.4956548527732597
CE_PAWNWEAKNESSES:0.49986583336062734
CE_PIECEACTIVITY:0.5
CE_KINGPAWNSHIELD:0.5115914518551117
CE_PIECECOORDINATION:0.4934803767247565
CE_MATERIAL:0.5
CE_KINGSAFETY:0.5
C_PIECESQUARETABLES:0.5
C_MOBILITY:0.49551038450189505
C_KINGSAFETY:0.5
C_PAWNSTRUCTURE:0.5084370552998121
C_PIECECOORDINATION:0.5075848755586629
C_ROOKANDPAWNMOVEMENT:0.5075848755586629
C_CENTERCONTROL:0.5
C_DEVELOPPIECES:0.5
C_MATERIAL:0.5
C_MOVECOUNT:0.5
