ELO:984
CE_PASSEDPAWNS:0.49443775310209565
CE_PAWNWEAKNESSES:0.5111384615865583
CE_PIECEACTIVITY:0.5244108836238115
CE_KINGPAWNSHIELD:0.5157082718388741
CE_PIECECOORDINATION:0.49303858306466297
CE_MATERIAL:0.5262754945889391
CE_KINGSAFETY:0.5
C_PIECESQUARETABLES:0.5
C_MOBILITY:0.5022077532036308
C_KINGSAFETY:0.49801781298653286
C_PAWNSTRUCTURE:0.47123736318600723
C_PIECECOORDINATION:0.5222937313685286
C_ROOK:0.5277144583847722
CE_ROOK:0.49462461461644436
C_CENTERCONTROL:0.5043067833774971
C_DEVELOPPIECES:0.4856601853730584
C_MATERIAL:0.4871968303834133
C_MOVECOUNT:0.5063024472324568
C_PAWNMOVEMENT:0.5261873643466072
