ELO:948
CE_PASSEDPAWNS:0.60027628019357
CE_PAWNWEAKNESSES:0.45255895033560223
CE_PIECEACTIVITY:0.47695881684933505
CE_KINGPAWNSHIELD:0.5044715708832901
CE_PIECECOORDINATION:0.5359363537378022
CE_MATERIAL:0.4595447712461636
CE_KINGSAFETY:0.5657427544431078
C_PIECESQUARETABLES:0.49763793087138536
C_MOBILITY:0.483322348995899
C_KINGSAFETY:0.4610930110973461
C_PAWNSTRUCTURE:0.5641740439833884
C_PIECECOORDINATION:0.3142501981767449
C_ROOKANDPAWNMOVEMENT:0.3142501981767449
C_CENTERCONTROL:0.5596743943897219
C_DEVELOPPIECES:0.524438605895135
C_MATERIAL:0.5717591769535594
