ELO:1188
CE_PASSEDPAWNS:0.4758185173148527
CE_PAWNWEAKNESSES:0.45753908675987287
CE_PIECEACTIVITY:0.46141663230729874
CE_KINGPAWNSHIELD:0.4873640784077908
CE_PIECECOORDINATION:0.48438192449001055
CE_MATERIAL:0.396596065925367
CE_KINGSAFETY:0.5
C_PIECESQUARETABLES:0.5
C_MOBILITY:0.5649940699021165
C_KINGSAFETY:0.4059744259724239
C_PAWNSTRUCTURE:0.5850499534865369
C_PIECECOORDINATION:0.5827958732663536
C_ROOKANDPAWNMOVEMENT:0.5827958732663536
C_CENTERCONTROL:0.5140107547191766
C_DEVELOPPIECES:0.4593697475404217
C_MATERIAL:0.6152375411669072
