ELO:1155
CE_PASSEDPAWNS:0.39792981371987557
CE_PAWNWEAKNESSES:0.590261458922248
CE_PIECEACTIVITY:0.5580846597125007
CE_KINGPAWNSHIELD:0.44600764767306644
CE_PIECECOORDINATION:0.46544225017118723
CE_MATERIAL:0.38609071767747405
CE_KINGSAFETY:0.5
C_PIECESQUARETABLES:0.4685503826156545
C_MOBILITY:0.5741900549396723
C_KINGSAFETY:0.40220539142586287
C_PAWNSTRUCTURE:0.5152773420855528
C_PIECECOORDINATION:0.5686614356759275
C_ROOKANDPAWNMOVEMENT:0.5686614356759275
C_CENTERCONTROL:0.5232826369555287
C_DEVELOPPIECES:0.47008433718429665
C_MATERIAL:0.6152375411669072
