ELO:1111
CE_PASSEDPAWNS:0.4908930861495655
CE_PAWNWEAKNESSES:0.4892926816716441
CE_PIECEACTIVITY:0.4942451485575602
CE_KINGPAWNSHIELD:0.44731962251588964
CE_PIECECOORDINATION:0.4892023209274575
CE_MATERIAL:0.49442374867338035
CE_KINGSAFETY:0.5
C_PIECESQUARETABLES:0.5
C_MOBILITY:0.5019263156106182
C_KINGSAFETY:0.6170932784112692
C_PAWNSTRUCTURE:0.5115051296064201
C_PIECECOORDINATION:0.5047751328764609
C_ROOKANDPAWNMOVEMENT:0.5047751328764609
C_CENTERCONTROL:0.48378495871307964
C_DEVELOPPIECES:0.5
C_MATERIAL:0.5049357095037518
C_MOVECOUNT:0.5
