ELO:924
CE_PASSEDPAWNS:0.3816466424185277
CE_PAWNWEAKNESSES:0.4842718625983058
CE_PIECEACTIVITY:0.4645818835000182
CE_KINGPAWNSHIELD:0.5778440782130083
CE_PIECECOORDINATION:0.3862341353504919
CE_MATERIAL:0.55551395073629
CE_KINGSAFETY:0.4728339551057351
C_PIECESQUARETABLES:0.5021299883749497
C_MOBILITY:0.5263104211656567
C_KINGSAFETY:0.5555743928513057
C_PAWNSTRUCTURE:0.4983298153405074
C_PIECECOORDINATION:0.5614867289986293
C_ROOKANDPAWNMOVEMENT:0.5614867289986293
C_CENTERCONTROL:0.6350457432086516
C_DEVELOPPIECES:0.49463894096175637
C_MATERIAL:0.5469713767167409
