ELO:1009
CE_PASSEDPAWNS:0.5
CE_PAWNWEAKNESSES:0.49124533130076864
CE_PIECEACTIVITY:0.5078644496924499
CE_KINGPAWNSHIELD:0.5160033131204319
CE_PIECECOORDINATION:0.5
CE_MATERIAL:0.4917399307754877
CE_KINGSAFETY:0.48392474238807387
C_PIECESQUARETABLES:0.49722673266778206
C_MOBILITY:0.5055161361614403
C_KINGSAFETY:0.503543256028556
C_PAWNSTRUCTURE:0.48554446611430896
C_PIECECOORDINATION:0.4951988762220312
C_ROOK:0.48374170825370544
CE_ROOK:0.5
C_CENTERCONTROL:0.5103755610076735
C_DEVELOPPIECES:0.48971411843664236
C_MATERIAL:0.5178765213651775
C_MOVECOUNT:0.510341743546385
C_PAWNMOVEMENT:0.48562796003842873
