ELO:982
CE_PASSEDPAWNS:0.5001681398924003
CE_PAWNWEAKNESSES:0.5044042608413546
CE_PIECEACTIVITY:0.5091643814236821
CE_KINGPAWNSHIELD:0.5197860256121741
CE_PIECECOORDINATION:0.5059589619964188
CE_MATERIAL:0.5106708036966561
CE_KINGSAFETY:0.49383115495597596
C_PIECESQUARETABLES:0.5012517480467594
C_MOBILITY:0.4873082103910321
C_KINGSAFETY:0.5070397151032315
C_PAWNSTRUCTURE:0.512655935342795
C_PIECECOORDINATION:0.5033150752100876
C_ROOKANDPAWNMOVEMENT:0.5033150752100876
C_CENTERCONTROL:0.5070636937628429
C_DEVELOPPIECES:0.5056752843525225
C_MATERIAL:0.5111361237090757
