ELO:1155
CE_PASSEDPAWNS:0.5371827852592099
CE_PAWNWEAKNESSES:0.5312405321319169
CE_PIECEACTIVITY:0.5420593615453828
CE_KINGPAWNSHIELD:0.44600764767306644
CE_PIECECOORDINATION:0.5062093759261084
CE_MATERIAL:0.48691058534142634
CE_KINGSAFETY:0.5
C_PIECESQUARETABLES:0.5
C_MOBILITY:0.5741900549396723
C_KINGSAFETY:0.4059744259724239
C_PAWNSTRUCTURE:0.6059616060781821
C_PIECECOORDINATION:0.5960146041974088
C_ROOKANDPAWNMOVEMENT:0.5960146041974088
C_CENTERCONTROL:0.5685522909256078
C_DEVELOPPIECES:0.38631477690984917
C_MATERIAL:0.624181433609084
