ELO:987
CE_PASSEDPAWNS:0.49918987983878127
CE_PAWNWEAKNESSES:0.5370044266640747
CE_PIECEACTIVITY:0.5336678473189338
CE_KINGPAWNSHIELD:0.5157258072716956
CE_PIECECOORDINATION:0.506722823060959
CE_MATERIAL:0.49136328711689115
CE_KINGSAFETY:0.500373859500113
C_PIECESQUARETABLES:0.480424994917653
C_MOBILITY:0.49031010904097455
C_KINGSAFETY:0.49633486080038125
C_PAWNSTRUCTURE:0.48467173124471524
C_PIECECOORDINATION:0.511066338918159
C_ROOK:0.531734155580401
CE_ROOK:0.5248923756093067
C_CENTERCONTROL:0.5000271912428257
C_DEVELOPPIECES:0.5078044851299013
C_MATERIAL:0.4791939341032523
C_MOVECOUNT:0.5232646110090005
C_PAWNMOVEMENT:0.46048424683950795
