ELO:943
CE_PASSEDPAWNS:0.4948712548659536
CE_PAWNWEAKNESSES:0.5187370074478067
CE_PIECEACTIVITY:0.39718862893431217
CE_KINGPAWNSHIELD:0.49150516927422594
CE_PIECECOORDINATION:0.5082464529832694
CE_MATERIAL:0.5500666300984437
CE_KINGSAFETY:0.4486689858897468
C_PIECESQUARETABLES:0.47693188195840513
C_MOBILITY:0.451104732737165
C_KINGSAFETY:0.568225294832899
C_PAWNSTRUCTURE:0.4140149237375222
C_PIECECOORDINATION:0.49464651719760777
C_ROOKANDPAWNMOVEMENT:0.49464651719760777
C_CENTERCONTROL:0.42358002720171933
C_DEVELOPPIECES:0.4871805186026868
C_MATERIAL:0.6434817819299515
