ELO:1118
CE_PASSEDPAWNS:0.5
CE_PAWNWEAKNESSES:0.48153816646299263
CE_PIECEACTIVITY:0.49801539204177525
CE_KINGPAWNSHIELD:0.5
CE_PIECECOORDINATION:0.512350908050682
CE_MATERIAL:0.4788463582798767
CE_KINGSAFETY:0.5793465654345018
C_PIECESQUARETABLES:0.5
C_MOBILITY:0.5141906535571928
C_KINGSAFETY:0.5
C_PAWNSTRUCTURE:0.5104704862187448
C_PIECECOORDINATION:0.5047751328764609
C_ROOKANDPAWNMOVEMENT:0.5047751328764609
C_CENTERCONTROL:0.5
C_DEVELOPPIECES:0.5042637193257786
C_MATERIAL:0.5095662347524706
C_MOVECOUNT:0.5
