ELO:1000
CE_PASSEDPAWNS:0.49440728524715294
CE_PAWNWEAKNESSES:0.5005211194663258
CE_PIECEACTIVITY:0.4950413059251193
CE_KINGPAWNSHIELD:0.4935039981115666
CE_PIECECOORDINATION:0.5022811554316193
CE_MATERIAL:0.4883367286517237
CE_KINGSAFETY:0.49564733370192454
C_PIECESQUARETABLES:0.5
C_MOBILITY:0.5009100365926761
C_KINGSAFETY:0.47593772142806584
C_PAWNSTRUCTURE:0.4965107530016156
C_PIECECOORDINATION:0.4872621350036952
C_ROOKANDPAWNMOVEMENT:0.4872621350036952
C_CENTERCONTROL:0.4917412414500434
C_DEVELOPPIECES:0.476652836372117
C_MATERIAL:0.4973892523030021
