ELO:1080
CE_PASSEDPAWNS:0.6307404596404345
CE_PAWNWEAKNESSES:0.4412460638140943
CE_PIECEACTIVITY:0.6171781851273977
CE_KINGPAWNSHIELD:0.45580579089663614
CE_PIECECOORDINATION:0.512858329965769
CE_MATERIAL:0.3824697195621157
CE_KINGSAFETY:0.5
C_PIECESQUARETABLES:0.5038306363411093
C_MOBILITY:0.42783950211940297
C_KINGSAFETY:0.598178442693441
C_PAWNSTRUCTURE:0.4237716584926908
C_PIECECOORDINATION:0.44263757475716003
C_ROOKANDPAWNMOVEMENT:0.44263757475716003
C_CENTERCONTROL:0.5587690993073603
C_DEVELOPPIECES:0.5807137278486775
C_MATERIAL:0.3996875976254917
