ELO:1166
CE_PASSEDPAWNS:0.4758185173148527
CE_PAWNWEAKNESSES:0.44542974891888637
CE_PIECEACTIVITY:0.5055534717583172
CE_KINGPAWNSHIELD:0.4724108304964183
CE_PIECECOORDINATION:0.49409961300625693
CE_MATERIAL:0.5859162883553349
CE_KINGSAFETY:0.5
C_PIECESQUARETABLES:0.5
C_MOBILITY:0.5836313903895851
C_KINGSAFETY:0.38961952488319945
C_PAWNSTRUCTURE:0.5850499534865369
C_PIECECOORDINATION:0.5780803163293589
C_ROOKANDPAWNMOVEMENT:0.5780803163293589
C_CENTERCONTROL:0.46899401965401094
C_DEVELOPPIECES:0.43315964958583353
C_MATERIAL:0.6154232304150021
