ELO:932
CE_PASSEDPAWNS:0.5316727369449455
CE_PAWNWEAKNESSES:0.44973799893706456
CE_PIECEACTIVITY:0.5328121089361563
CE_KINGPAWNSHIELD:0.5218026679032872
CE_PIECECOORDINATION:0.489353852751209
CE_MATERIAL:0.5169035860547257
CE_KINGSAFETY:0.3665144985989854
C_PIECESQUARETABLES:0.49262092905365396
C_MOBILITY:0.4905195372503393
C_KINGSAFETY:0.5139160814801964
C_PAWNSTRUCTURE:0.5347448498049154
C_PIECECOORDINATION:0.5645630712226544
C_ROOKANDPAWNMOVEMENT:0.5645630712226544
C_CENTERCONTROL:0.5266147891805842
C_DEVELOPPIECES:0.49499831557845886
C_MATERIAL:0.5194001979992218
C_MOVECOUNT:0.46654180768886866
