ELO:1008
CE_PASSEDPAWNS:0.510624593523751
CE_PAWNWEAKNESSES:0.4773770110142628
CE_PIECEACTIVITY:0.5104434148758931
CE_KINGPAWNSHIELD:0.511065297401837
CE_PIECECOORDINATION:0.49508892530879683
CE_MATERIAL:0.4842056406862006
CE_KINGSAFETY:0.5
C_PIECESQUARETABLES:0.5
C_MOBILITY:0.48659007835124873
C_KINGSAFETY:0.4804449345539835
C_PAWNSTRUCTURE:0.4634524577861632
C_PIECECOORDINATION:0.5266591127413877
C_ROOK:0.5031056924103747
CE_ROOK:0.49173339792315435
C_CENTERCONTROL:0.4973729449371697
C_DEVELOPPIECES:0.5332997504176217
C_MATERIAL:0.49745362351644534
C_MOVECOUNT:0.49063625738625116
C_PAWNMOVEMENT:0.5
