ELO:916
CE_PASSEDPAWNS:0.49824775359199314
CE_PAWNWEAKNESSES:0.5198144350109297
CE_PIECEACTIVITY:0.49259569794248037
CE_KINGPAWNSHIELD:0.46036412594970444
CE_PIECECOORDINATION:0.4421806170186143
CE_MATERIAL:0.49536324645896873
CE_KINGSAFETY:0.492772866023636
C_PIECESQUARETABLES:0.5039870775337292
C_MOBILITY:0.526977107184839
C_KINGSAFETY:0.5236515563197605
C_PAWNSTRUCTURE:0.5209692989225176
C_PIECECOORDINATION:0.4917470167653681
C_ROOK:0.453761996565858
CE_ROOK:0.5062442211807403
C_CENTERCONTROL:0.51690306849875
C_DEVELOPPIECES:0.5182892588556465
C_MATERIAL:0.4506752691794687
C_MOVECOUNT:0.5291911439988627
C_PAWNMOVEMENT:0.483942925968588
