ELO:988
CE_PASSEDPAWNS:0.5069982789156979
CE_PAWNWEAKNESSES:0.512731142852886
CE_PIECEACTIVITY:0.5115517959390631
CE_KINGPAWNSHIELD:0.4076561608377238
CE_PIECECOORDINATION:0.4440252809434052
CE_MATERIAL:0.5459676164494777
CE_KINGSAFETY:0.5
C_PIECESQUARETABLES:0.5033186150637797
C_MOBILITY:0.4987468968522341
C_KINGSAFETY:0.5121148057880746
C_PAWNSTRUCTURE:0.48992370823479314
C_PIECECOORDINATION:0.5350567576815112
C_ROOKANDPAWNMOVEMENT:0.5350567576815112
C_CENTERCONTROL:0.3976101602692124
C_DEVELOPPIECES:0.5168597767512775
C_MATERIAL:0.5758012963040124
