ELO:988
CE_PASSEDPAWNS:0.5040112776306572
CE_PAWNWEAKNESSES:0.5152820977254045
CE_PIECEACTIVITY:0.5032692127033677
CE_KINGPAWNSHIELD:0.4161082952810874
CE_PIECECOORDINATION:0.46148418074901465
CE_MATERIAL:0.5532904106511737
CE_KINGSAFETY:0.4913220995180533
C_PIECESQUARETABLES:0.5
C_MOBILITY:0.5002181467903688
C_KINGSAFETY:0.49434756779030675
C_PAWNSTRUCTURE:0.4897985387697945
C_PIECECOORDINATION:0.5255129852987628
C_ROOKANDPAWNMOVEMENT:0.5255129852987628
C_CENTERCONTROL:0.398637119605053
C_DEVELOPPIECES:0.5067495606305472
C_MATERIAL:0.5756012265842274
