ELO:966
CE_PASSEDPAWNS:0.5053516200967346
CE_PAWNWEAKNESSES:0.5115882841114052
CE_PIECEACTIVITY:0.4774790844077618
CE_KINGPAWNSHIELD:0.5688590220261893
CE_PIECECOORDINATION:0.49354677987686096
CE_MATERIAL:0.4980241878380456
CE_KINGSAFETY:0.5011471936129477
C_PIECESQUARETABLES:0.49092916019841076
C_MOBILITY:0.5099001745845059
C_KINGSAFETY:0.4962303493557082
C_PAWNSTRUCTURE:0.4946463197247786
C_PIECECOORDINATION:0.4915764062586722
C_ROOK:0.5144704474653358
CE_ROOK:0.5078489864026474
C_CENTERCONTROL:0.5149078680162787
C_DEVELOPPIECES:0.5038648173471075
C_MATERIAL:0.5201390642584509
C_MOVECOUNT:0.5149724316250036
C_PAWNMOVEMENT:0.5436454111873259
