ELO:936
CE_PASSEDPAWNS:0.4585466606095093
CE_PAWNWEAKNESSES:0.44464472060916327
CE_PIECEACTIVITY:0.502702289441656
CE_KINGPAWNSHIELD:0.5173937953845381
CE_PIECECOORDINATION:0.5098540826658342
CE_MATERIAL:0.4780351439065963
CE_KINGSAFETY:0.5234034844301781
C_PIECESQUARETABLES:0.5229339611736497
C_MOBILITY:0.6014485714433315
C_KINGSAFETY:0.517967752746442
C_PAWNSTRUCTURE:0.46631643211136553
C_PIECECOORDINATION:0.5394528571887584
C_ROOKANDPAWNMOVEMENT:0.5394528571887584
C_CENTERCONTROL:0.5019360160835072
C_DEVELOPPIECES:0.45423888598322726
C_MATERIAL:0.45725060229461045
C_MOVECOUNT:0.47785119377658913
