ELO:573
CE_PASSEDPAWNS:0.47744250281708817
CE_PAWNWEAKNESSES:0.3753718380575569
CE_PIECEACTIVITY:0.4741286615432939
CE_KINGPAWNSHIELD:0.47536849805798254
CE_PIECECOORDINATION:0.4394496678322626
CE_MATERIAL:0.5664881286690618
CE_KINGSAFETY:0.4733849362235417
C_PIECESQUARETABLES:0.45875787108921046
C_MOBILITY:0.48780566992100116
C_KINGSAFETY:0.4251069257894976
C_PAWNSTRUCTURE:0.5658667776922305
C_PIECECOORDINATION:0.3915149305602701
C_ROOKANDPAWNMOVEMENT:0.3915149305602701
C_CENTERCONTROL:0.49882730087221816
C_DEVELOPPIECES:0.5131444624649248
C_MATERIAL:0.5474728543757548
C_MOVECOUNT:0.5104449743470356
