ELO:988
CE_PASSEDPAWNS:0.4844974338866937
CE_PAWNWEAKNESSES:0.4983775082405653
CE_PIECEACTIVITY:0.49753934847544923
CE_KINGPAWNSHIELD:0.5100949539134413
CE_PIECECOORDINATION:0.5
CE_MATERIAL:0.4901404532766816
CE_KINGSAFETY:0.4984522663729636
C_PIECESQUARETABLES:0.5245232838097178
C_MOBILITY:0.4988297089837916
C_KINGSAFETY:0.503605182139762
C_PAWNSTRUCTURE:0.4856276119751731
C_PIECECOORDINATION:0.47159339118039495
C_ROOKANDPAWNMOVEMENT:0.47159339118039495
C_CENTERCONTROL:0.4764859242209556
C_DEVELOPPIECES:0.5025208875105633
C_MATERIAL:0.48036941417343043
C_MOVECOUNT:0.5
