ELO:981
CE_PASSEDPAWNS:0.4160311921900966
CE_PAWNWEAKNESSES:0.5174013757660118
CE_PIECEACTIVITY:0.563367749116193
CE_KINGPAWNSHIELD:0.49703296271637726
CE_PIECECOORDINATION:0.5255538357955905
CE_MATERIAL:0.5505921577458235
CE_KINGSAFETY:0.5018010931295513
C_PIECESQUARETABLES:0.5183165159913902
C_MOBILITY:0.41714036954683736
C_KINGSAFETY:0.5344668788199923
C_PAWNSTRUCTURE:0.4567938001048542
C_PIECECOORDINATION:0.4432136724714793
C_ROOKANDPAWNMOVEMENT:0.4432136724714793
C_CENTERCONTROL:0.4931946342509583
C_DEVELOPPIECES:0.46332140423395235
C_MATERIAL:0.4951249777876888
