ELO:952
CE_PASSEDPAWNS:0.4167595338328325
CE_PAWNWEAKNESSES:0.547403017503067
CE_PIECEACTIVITY:0.58275805966908
CE_KINGPAWNSHIELD:0.4972961331920512
CE_PIECECOORDINATION:0.5754382145190042
CE_MATERIAL:0.5872376812055797
CE_KINGSAFETY:0.4972191081472527
C_PIECESQUARETABLES:0.504118350836867
C_MOBILITY:0.41791319654556763
C_KINGSAFETY:0.5349308229258878
C_PAWNSTRUCTURE:0.45794673811499503
C_PIECECOORDINATION:0.49308920103184406
C_ROOKANDPAWNMOVEMENT:0.49308920103184406
C_CENTERCONTROL:0.48288799313241537
C_DEVELOPPIECES:0.5158333875254856
C_MATERIAL:0.524364373047416
