ELO:991
CE_PASSEDPAWNS:0.41682240452664915
CE_PAWNWEAKNESSES:0.4736962011250733
CE_PIECEACTIVITY:0.45088696961870145
CE_KINGPAWNSHIELD:0.47921927851880536
CE_PIECECOORDINATION:0.42903944843975206
CE_MATERIAL:0.53995005413328
CE_KINGSAFETY:0.4684075040466322
C_PIECESQUARETABLES:0.5389491962806608
C_MOBILITY:0.44726284026031937
C_KINGSAFETY:0.47426787317938957
C_PAWNSTRUCTURE:0.44581438362543757
C_PIECECOORDINATION:0.513257255831379
C_ROOKANDPAWNMOVEMENT:0.513257255831379
C_CENTERCONTROL:0.45657437808933055
C_DEVELOPPIECES:0.4666088954367736
C_MATERIAL:0.5154549905796748
