ELO:902
CE_PASSEDPAWNS:0.4981090164906306
CE_PAWNWEAKNESSES:0.5328692932333091
CE_PIECEACTIVITY:0.49259569794248037
CE_KINGPAWNSHIELD:0.46036412594970444
CE_PIECECOORDINATION:0.4421806170186143
CE_MATERIAL:0.49563541896217284
CE_KINGSAFETY:0.4985154486991435
C_PIECESQUARETABLES:0.5039870775337292
C_MOBILITY:0.5321504325454196
C_KINGSAFETY:0.5295391823578662
C_PAWNSTRUCTURE:0.5209692989225176
C_PIECECOORDINATION:0.5041457906059406
C_ROOK:0.46590897343177046
CE_ROOK:0.5118919253599775
C_CENTERCONTROL:0.5169506473840658
C_DEVELOPPIECES:0.5112411774303467
C_MATERIAL:0.45105269224062033
C_MOVECOUNT:0.5291911439988627
C_PAWNMOVEMENT:0.49377265929420355
