ELO:1006
CE_PASSEDPAWNS:0.5047731656507993
CE_PAWNWEAKNESSES:0.5142700400701486
CE_PIECEACTIVITY:0.4800580699152834
CE_KINGPAWNSHIELD:0.5
CE_PIECECOORDINATION:0.49873854789698574
CE_MATERIAL:0.4945725632402885
CE_KINGSAFETY:0.4868984882417231
C_PIECESQUARETABLES:0.5
C_MOBILITY:0.5194102343866949
C_KINGSAFETY:0.5
C_PAWNSTRUCTURE:0.49721691110065475
C_PIECECOORDINATION:0.5070944394454409
C_ROOKANDPAWNMOVEMENT:0.5070944394454409
C_CENTERCONTROL:0.5239046545131402
C_DEVELOPPIECES:0.5183375110212891
C_MATERIAL:0.5
C_MOVECOUNT:0.4958261554490951
