ELO:1000
CE_PASSEDPAWNS:0.49957183838209035
CE_PAWNWEAKNESSES:0.4806136214678876
CE_PIECEACTIVITY:0.4756149602036942
CE_KINGPAWNSHIELD:0.46549578169057765
CE_PIECECOORDINATION:0.48937056417534075
CE_MATERIAL:0.5216162004958793
CE_KINGSAFETY:0.5054413790796438
C_PIECESQUARETABLES:0.49421860819567237
C_MOBILITY:0.4737439860080212
C_KINGSAFETY:0.518440230120898
C_PAWNSTRUCTURE:0.5072882233624351
C_PIECECOORDINATION:0.49714821242139134
C_ROOKANDPAWNMOVEMENT:0.49714821242139134
C_CENTERCONTROL:0.49672938742977096
C_DEVELOPPIECES:0.525689520848732
C_MATERIAL:0.5170728601780356
