ELO:939
CE_PASSEDPAWNS:0.5137074630461791
CE_PAWNWEAKNESSES:0.4998723899579482
CE_PIECEACTIVITY:0.45926715726304973
CE_KINGPAWNSHIELD:0.47958806001215415
CE_PIECECOORDINATION:0.5085271347754586
CE_MATERIAL:0.4801215679764744
CE_KINGSAFETY:0.5
C_PIECESQUARETABLES:0.5
C_MOBILITY:0.474243109900148
C_KINGSAFETY:0.517859568044526
C_PAWNSTRUCTURE:0.4544346630867536
C_PIECECOORDINATION:0.5291974055176512
C_ROOKANDPAWNMOVEMENT:0.5291974055176512
C_CENTERCONTROL:0.5056086393672923
C_DEVELOPPIECES:0.5097735722367904
C_MATERIAL:0.4755552913916384
C_MOVECOUNT:0.4984307834372747
