ELO:851
CE_PASSEDPAWNS:0.4809147374093189
CE_PAWNWEAKNESSES:0.39983024365707204
CE_PIECEACTIVITY:0.5080885664491814
CE_KINGPAWNSHIELD:0.4678551932902047
CE_PIECECOORDINATION:0.5045207118421493
CE_MATERIAL:0.5441418972617583
CE_KINGSAFETY:0.4905982814869685
C_PIECESQUARETABLES:0.49655623863529535
C_MOBILITY:0.450061095335879
C_KINGSAFETY:0.5047572410408129
C_PAWNSTRUCTURE:0.5196550253079857
C_PIECECOORDINATION:0.4713084644044597
C_ROOKANDPAWNMOVEMENT:0.4713084644044597
C_CENTERCONTROL:0.4523089269060356
C_DEVELOPPIECES:0.4986981836731577
C_MATERIAL:0.49486611439117645
C_MOVECOUNT:0.5
