ELO:910
CE_PASSEDPAWNS:0.4192504046782207
CE_PAWNWEAKNESSES:0.6238705544955719
CE_PIECEACTIVITY:0.6304769117613302
CE_KINGPAWNSHIELD:0.5050176316814948
CE_PIECECOORDINATION:0.5536622120280315
CE_MATERIAL:0.5874423207583099
CE_KINGSAFETY:0.44473701137440697
C_PIECESQUARETABLES:0.4785970594578152
C_MOBILITY:0.37532142982575156
C_KINGSAFETY:0.5673480585469111
C_PAWNSTRUCTURE:0.4836940288650754
C_PIECECOORDINATION:0.4316688637792319
C_ROOKANDPAWNMOVEMENT:0.4316688637792319
C_CENTERCONTROL:0.4878934130510679
C_DEVELOPPIECES:0.5217232508118528
C_MATERIAL:0.5233457577769666
