ELO:803
CE_PASSEDPAWNS:0.5375228799544616
CE_PAWNWEAKNESSES:0.5178436407051731
CE_PIECEACTIVITY:0.46310279371811225
CE_KINGPAWNSHIELD:0.5390133807716512
CE_PIECECOORDINATION:0.4143675357652873
CE_MATERIAL:0.43626761799230707
CE_KINGSAFETY:0.5097789169507585
C_PIECESQUARETABLES:0.4814261457371995
C_MOBILITY:0.45728346246784385
C_KINGSAFETY:0.3549413471743299
C_PAWNSTRUCTURE:0.49633030087330915
C_PIECECOORDINATION:0.36714322590753823
C_ROOKANDPAWNMOVEMENT:0.36714322590753823
C_CENTERCONTROL:0.4668303158984427
C_DEVELOPPIECES:0.47175977010936054
C_MATERIAL:0.4861072084918622
