ELO:911
CE_PASSEDPAWNS:0.46861409615505367
CE_PAWNWEAKNESSES:0.4375643273027087
CE_PIECEACTIVITY:0.4939129307446277
CE_KINGPAWNSHIELD:0.5428300619932542
CE_PIECECOORDINATION:0.534585408143723
CE_MATERIAL:0.46613488924489904
CE_KINGSAFETY:0.5024583779785784
C_PIECESQUARETABLES:0.5197235197214434
C_MOBILITY:0.6130805502768484
C_KINGSAFETY:0.478946371807061
C_PAWNSTRUCTURE:0.45595672062991677
C_PIECECOORDINATION:0.5203679603380092
C_ROOKANDPAWNMOVEMENT:0.5203679603380092
C_CENTERCONTROL:0.5058612498867948
C_DEVELOPPIECES:0.45505720923172444
C_MATERIAL:0.4630735837074316
C_MOVECOUNT:0.499913557718564
