ELO:986
CE_PASSEDPAWNS:0.43964136219990796
CE_PAWNWEAKNESSES:0.4756092595976517
CE_PIECEACTIVITY:0.5440654334950963
CE_KINGPAWNSHIELD:0.4881378034913109
CE_PIECECOORDINATION:0.5139297222313449
CE_MATERIAL:0.5642569122195616
CE_KINGSAFETY:0.48884262418017516
C_PIECESQUARETABLES:0.47300163812619683
C_MOBILITY:0.4571262570025667
C_KINGSAFETY:0.5165252212003749
C_PAWNSTRUCTURE:0.46905072509080414
C_PIECECOORDINATION:0.45065876526325466
C_ROOKANDPAWNMOVEMENT:0.45065876526325466
C_CENTERCONTROL:0.536686395918995
C_DEVELOPPIECES:0.4505676897744904
C_MATERIAL:0.5290854759080922
