ELO:998
CE_PASSEDPAWNS:0.4609045747278285
CE_PAWNWEAKNESSES:0.4918066813499317
CE_PIECEACTIVITY:0.44468094323463686
CE_KINGPAWNSHIELD:0.5031094382372909
CE_PIECECOORDINATION:0.4822099443818846
CE_MATERIAL:0.5257675141633792
CE_KINGSAFETY:0.4754717267777772
C_PIECESQUARETABLES:0.5004091721912026
C_MOBILITY:0.4906628915744747
C_KINGSAFETY:0.5223782054792813
C_PAWNSTRUCTURE:0.48891673125938306
C_PIECECOORDINATION:0.508777101433172
C_ROOKANDPAWNMOVEMENT:0.508777101433172
C_CENTERCONTROL:0.4644495993993338
C_DEVELOPPIECES:0.5104363503859893
C_MATERIAL:0.5282527495359831
