ELO:902
CE_PASSEDPAWNS:0.5037201180770939
CE_PAWNWEAKNESSES:0.5390414971259917
CE_PIECEACTIVITY:0.5035902368706436
CE_KINGPAWNSHIELD:0.46036412594970444
CE_PIECECOORDINATION:0.4449068253607942
CE_MATERIAL:0.49563541896217284
CE_KINGSAFETY:0.4985154486991435
C_PIECESQUARETABLES:0.5039870775337292
C_MOBILITY:0.5321504325454196
C_KINGSAFETY:0.5382069844855522
C_PAWNSTRUCTURE:0.5209692989225176
C_PIECECOORDINATION:0.5041457906059406
C_ROOK:0.47725759882961827
CE_ROOK:0.5118919253599775
C_CENTERCONTROL:0.5169506473840658
C_DEVELOPPIECES:0.5018651761151542
C_MATERIAL:0.45105269224062033
C_MOVECOUNT:0.5412005648956134
C_PAWNMOVEMENT:0.5009918658295971
