ELO:1000
CE_PASSEDPAWNS:0.449422669886649
CE_PAWNWEAKNESSES:0.48305757185435394
CE_PIECEACTIVITY:0.5365415432749964
CE_KINGPAWNSHIELD:0.48340713976238525
CE_PIECECOORDINATION:0.5770679530292112
CE_MATERIAL:0.5250051884707534
CE_KINGSAFETY:0.4820690298404707
C_PIECESQUARETABLES:0.5470927832294002
C_MOBILITY:0.45923826327711514
C_KINGSAFETY:0.521177200588819
C_PAWNSTRUCTURE:0.5325055857326755
C_PIECECOORDINATION:0.48105313319278853
C_ROOKANDPAWNMOVEMENT:0.48105313319278853
C_CENTERCONTROL:0.5109667816071876
C_DEVELOPPIECES:0.45295362140065
C_MATERIAL:0.4598883665610125
