ELO:993
CE_PASSEDPAWNS:0.4908930861495655
CE_PAWNWEAKNESSES:0.5
CE_PIECEACTIVITY:0.5
CE_KINGPAWNSHIELD:0.5
CE_PIECECOORDINATION:0.510698926561333
CE_MATERIAL:0.49660803414340243
CE_KINGSAFETY:0.5
C_PIECESQUARETABLES:0.48482670739351236
C_MOBILITY:0.4958943711530901
C_KINGSAFETY:0.4902328696954263
C_PAWNSTRUCTURE:0.4960609085823956
C_PIECECOORDINATION:0.5
C_ROOKANDPAWNMOVEMENT:0.5
C_CENTERCONTROL:0.5070036941904048
C_DEVELOPPIECES:0.48258997994755465
C_MATERIAL:0.5
C_MOVECOUNT:0.5
