ELO:533
CE_PASSEDPAWNS:0.4598627919460972
CE_PAWNWEAKNESSES:0.3683029079437106
CE_PIECEACTIVITY:0.4873521407442218
CE_KINGPAWNSHIELD:0.4829040211090781
CE_PIECECOORDINATION:0.4496785666059948
CE_MATERIAL:0.5434044414717454
CE_KINGSAFETY:0.4630481596437673
C_PIECESQUARETABLES:0.45562913441714875
C_MOBILITY:0.4837452248596638
C_KINGSAFETY:0.424897569874415
C_PAWNSTRUCTURE:0.5766675757437593
C_PIECECOORDINATION:0.42971741455815643
C_ROOKANDPAWNMOVEMENT:0.42971741455815643
C_CENTERCONTROL:0.503117545277244
C_DEVELOPPIECES:0.5272465146474695
C_MATERIAL:0.5557291018714648
C_MOVECOUNT:0.5028279469331867
