ELO:1034
CE_PASSEDPAWNS:0.5
CE_PAWNWEAKNESSES:0.5066153191782453
CE_PIECEACTIVITY:0.5099979087104214
CE_KINGPAWNSHIELD:0.46452651993750516
CE_PIECECOORDINATION:0.4987931172735833
CE_MATERIAL:0.4893915985208783
CE_KINGSAFETY:0.5
C_PIECESQUARETABLES:0.5049070115639678
C_MOBILITY:0.4980047547304591
C_KINGSAFETY:0.5094345876677581
C_PAWNSTRUCTURE:0.49623414090120804
C_PIECECOORDINATION:0.49279988688705834
C_ROOKANDPAWNMOVEMENT:0.49279988688705834
C_CENTERCONTROL:0.5149426153860373
C_DEVELOPPIECES:0.5
C_MATERIAL:0.5051719347800802
C_MOVECOUNT:0.5
