ELO:934
CE_PASSEDPAWNS:0.4358148414426935
CE_PAWNWEAKNESSES:0.5824317456337267
CE_PIECEACTIVITY:0.5882631779013383
CE_KINGPAWNSHIELD:0.5024273088231415
CE_PIECECOORDINATION:0.5962261698928222
CE_MATERIAL:0.5817825543306784
CE_KINGSAFETY:0.4745719276160395
C_PIECESQUARETABLES:0.4760457428981643
C_MOBILITY:0.42267240233638026
C_KINGSAFETY:0.5225993182654277
C_PAWNSTRUCTURE:0.46220976797641566
C_PIECECOORDINATION:0.46428275622281995
C_ROOKANDPAWNMOVEMENT:0.46428275622281995
C_CENTERCONTROL:0.46569431177607806
C_DEVELOPPIECES:0.49737908124079816
C_MATERIAL:0.538461214753428
