ELO:851
CE_PASSEDPAWNS:0.49221988689161233
CE_PAWNWEAKNESSES:0.4765032055485173
CE_PIECEACTIVITY:0.5164879454688377
CE_KINGPAWNSHIELD:0.41908459917553303
CE_PIECECOORDINATION:0.5234532090648681
CE_MATERIAL:0.47156093620760936
CE_KINGSAFETY:0.4994105307114738
C_PIECESQUARETABLES:0.5040291640511584
C_MOBILITY:0.4866088365937648
C_KINGSAFETY:0.46788173945063655
C_PAWNSTRUCTURE:0.4873619205654209
C_PIECECOORDINATION:0.46557024890595095
C_ROOKANDPAWNMOVEMENT:0.46557024890595095
C_CENTERCONTROL:0.5404447209215647
C_DEVELOPPIECES:0.48804241509742163
C_MATERIAL:0.5176930188670743
C_MOVECOUNT:0.5
