ELO:961
CE_PASSEDPAWNS:0.29972817569464866
CE_PAWNWEAKNESSES:0.48080445513853687
CE_PIECEACTIVITY:0.4417689391485432
CE_KINGPAWNSHIELD:0.5278880543620793
CE_PIECECOORDINATION:0.4536124954854434
CE_MATERIAL:0.5126289825158965
CE_KINGSAFETY:0.46500245520287303
C_PIECESQUARETABLES:0.4848384072650451
C_MOBILITY:0.4726123061979455
C_KINGSAFETY:0.5090916221187828
C_PAWNSTRUCTURE:0.4168367855423289
C_PIECECOORDINATION:0.503826856556719
C_ROOKANDPAWNMOVEMENT:0.503826856556719
C_CENTERCONTROL:0.4947045370736778
C_DEVELOPPIECES:0.464148707806185
C_MATERIAL:0.48245224343194765
