ELO:829
CE_PASSEDPAWNS:0.4921553007332823
CE_PAWNWEAKNESSES:0.4363793948993747
CE_PIECEACTIVITY:0.4794413613610113
CE_KINGPAWNSHIELD:0.4617658731935731
CE_PIECECOORDINATION:0.49466967024107406
CE_MATERIAL:0.562650940035923
CE_KINGSAFETY:0.4622228168939282
C_PIECESQUARETABLES:0.4419582399801038
C_MOBILITY:0.5106889935557223
C_KINGSAFETY:0.4622642888568291
C_PAWNSTRUCTURE:0.5342311748688133
C_PIECECOORDINATION:0.4974847630707917
C_ROOKANDPAWNMOVEMENT:0.4974847630707917
C_CENTERCONTROL:0.45065715368596304
C_DEVELOPPIECES:0.5644323550685736
C_MATERIAL:0.49516281981345606
C_MOVECOUNT:0.5
