ELO:927
CE_PASSEDPAWNS:0.2733510062139071
CE_PAWNWEAKNESSES:0.47204792205371926
CE_PIECEACTIVITY:0.4286238505396957
CE_KINGPAWNSHIELD:0.5234370249929575
CE_PIECECOORDINATION:0.48173288191912716
CE_MATERIAL:0.5440973193134429
CE_KINGSAFETY:0.45980868962811666
C_PIECESQUARETABLES:0.49016990683347617
C_MOBILITY:0.48344670081265717
C_KINGSAFETY:0.5611777967518055
C_PAWNSTRUCTURE:0.38917445911899645
C_PIECECOORDINATION:0.509029544348203
C_ROOKANDPAWNMOVEMENT:0.509029544348203
C_CENTERCONTROL:0.4732205296383558
C_DEVELOPPIECES:0.4698292226638414
C_MATERIAL:0.4384596408976035
