ELO:1000
CE_PASSEDPAWNS:0.49834262589677586
CE_PAWNWEAKNESSES:0.49056400234613395
CE_PIECEACTIVITY:0.45475911959259263
CE_KINGPAWNSHIELD:0.4856362509568264
CE_PIECECOORDINATION:0.47563448437830813
CE_MATERIAL:0.5060897609322644
CE_KINGSAFETY:0.4811696392086802
C_PIECESQUARETABLES:0.5043976482205376
C_MOBILITY:0.4598063837680235
C_KINGSAFETY:0.5222499179719217
C_PAWNSTRUCTURE:0.5299061074790674
C_PIECECOORDINATION:0.5047426374351751
C_ROOKANDPAWNMOVEMENT:0.5047426374351751
C_CENTERCONTROL:0.4814117858577047
C_DEVELOPPIECES:0.533459626168581
C_MATERIAL:0.5213966664690918
