ELO:890
CE_PASSEDPAWNS:0.44409299125175056
CE_PAWNWEAKNESSES:0.5418580571884999
CE_PIECEACTIVITY:0.5123227275254235
CE_KINGPAWNSHIELD:0.5413679699641897
CE_PIECECOORDINATION:0.6232044507587046
CE_MATERIAL:0.49331464379177914
CE_KINGSAFETY:0.4842757123835609
C_PIECESQUARETABLES:0.42657619369672056
C_MOBILITY:0.478607105193648
C_KINGSAFETY:0.440936524296765
C_PAWNSTRUCTURE:0.529391247825746
C_PIECECOORDINATION:0.575772907140755
C_ROOKANDPAWNMOVEMENT:0.575772907140755
C_CENTERCONTROL:0.4766211394080427
C_DEVELOPPIECES:0.43839229870661267
C_MATERIAL:0.4641158982014706
