ELO:1000
CE_PASSEDPAWNS:0.5020941784588534
CE_PAWNWEAKNESSES:0.4859761616616667
CE_PIECEACTIVITY:0.5342927349706204
CE_KINGPAWNSHIELD:0.4876956616803638
CE_PIECECOORDINATION:0.5133294697341215
CE_MATERIAL:0.502361601699789
CE_KINGSAFETY:0.51399388259635
C_PIECESQUARETABLES:0.5099754424190759
C_MOBILITY:0.4988564726319255
C_KINGSAFETY:0.4970456202592975
C_PAWNSTRUCTURE:0.4831198267354212
C_PIECECOORDINATION:0.49814420694522626
C_ROOKANDPAWNMOVEMENT:0.49814420694522626
C_CENTERCONTROL:0.5118206137020617
C_DEVELOPPIECES:0.48901051471910834
C_MATERIAL:0.49916719580528246
