ELO:621
CE_PASSEDPAWNS:0.4913051844375838
CE_PAWNWEAKNESSES:0.39347785564455423
CE_PIECEACTIVITY:0.44940576071475397
CE_KINGPAWNSHIELD:0.4574452578149133
CE_PIECECOORDINATION:0.43882393551559257
CE_MATERIAL:0.5660923206179297
CE_KINGSAFETY:0.5006017902761383
C_PIECESQUARETABLES:0.46965240214945914
C_MOBILITY:0.4953823209446391
C_KINGSAFETY:0.39612868691812164
C_PAWNSTRUCTURE:0.5710697498135205
C_PIECECOORDINATION:0.40014530344013866
C_ROOKANDPAWNMOVEMENT:0.40014530344013866
C_CENTERCONTROL:0.5087277036824516
C_DEVELOPPIECES:0.5180366537620208
C_MATERIAL:0.550239320939429
C_MOVECOUNT:0.5223642270436643
