ELO:1000
CE_PASSEDPAWNS:0.48836360252713606
CE_PAWNWEAKNESSES:0.4971025704884732
CE_PIECEACTIVITY:0.5417268070343665
CE_KINGPAWNSHIELD:0.47981275862548517
CE_PIECECOORDINATION:0.5290248629520634
CE_MATERIAL:0.49578608390704365
CE_KINGSAFETY:0.49186028149864786
C_PIECESQUARETABLES:0.5188122680416762
C_MOBILITY:0.5101049416441144
C_KINGSAFETY:0.537658461495872
C_PAWNSTRUCTURE:0.5145189454863055
C_PIECECOORDINATION:0.4758558131385388
C_ROOKANDPAWNMOVEMENT:0.4758558131385388
C_CENTERCONTROL:0.5114043534888219
C_DEVELOPPIECES:0.47909711495825025
C_MATERIAL:0.4740003221168628
