ELO:878
CE_PASSEDPAWNS:0.5199842203596546
CE_PAWNWEAKNESSES:0.5486049316301045
CE_PIECEACTIVITY:0.5218733690311519
CE_KINGPAWNSHIELD:0.4752326501566261
CE_PIECECOORDINATION:0.4346101418750384
CE_MATERIAL:0.48451480662203933
CE_KINGSAFETY:0.5
C_PIECESQUARETABLES:0.5
C_MOBILITY:0.5408590385284565
C_KINGSAFETY:0.5382069844855522
C_PAWNSTRUCTURE:0.526446188932978
C_PIECECOORDINATION:0.5100117855360662
C_ROOK:0.47217223788987633
CE_ROOK:0.5144159254326011
C_CENTERCONTROL:0.5081773710693621
C_DEVELOPPIECES:0.5018651761151542
C_MATERIAL:0.448199625327957
C_MOVECOUNT:0.5240178836220635
C_PAWNMOVEMENT:0.5009918658295971
