ELO:876
CE_PASSEDPAWNS:0.4813986879528705
CE_PAWNWEAKNESSES:0.4805743981000475
CE_PIECEACTIVITY:0.5255160933857241
CE_KINGPAWNSHIELD:0.417078001192731
CE_PIECECOORDINATION:0.4930263309931494
CE_MATERIAL:0.49234499957571015
CE_KINGSAFETY:0.5035377959284988
C_PIECESQUARETABLES:0.5231715860650684
C_MOBILITY:0.4759151481037698
C_KINGSAFETY:0.473829169800661
C_PAWNSTRUCTURE:0.4789310826173968
C_PIECECOORDINATION:0.48906761225106143
C_ROOKANDPAWNMOVEMENT:0.48906761225106143
C_CENTERCONTROL:0.5186517582489989
C_DEVELOPPIECES:0.4692440485550261
C_MATERIAL:0.5293142262929931
C_MOVECOUNT:0.5
