ELO:850
CE_PASSEDPAWNS:0.47324441004986517
CE_PAWNWEAKNESSES:0.42465935362896506
CE_PIECEACTIVITY:0.5100225493867715
CE_KINGPAWNSHIELD:0.46713405599659735
CE_PIECECOORDINATION:0.5057406026487868
CE_MATERIAL:0.5515570954356775
CE_KINGSAFETY:0.48330576942587217
C_PIECESQUARETABLES:0.499353332634846
C_MOBILITY:0.4688933718064875
C_KINGSAFETY:0.48655291467964285
C_PAWNSTRUCTURE:0.5240204512114451
C_PIECECOORDINATION:0.4786420677777114
C_ROOKANDPAWNMOVEMENT:0.4786420677777114
C_CENTERCONTROL:0.45981836411564625
C_DEVELOPPIECES:0.4973427089771176
C_MATERIAL:0.5105298682249161
C_MOVECOUNT:0.5
