ELO:985
CE_PASSEDPAWNS:0.5083137908133136
CE_PAWNWEAKNESSES:0.5079959318821118
CE_PIECEACTIVITY:0.5104798175431956
CE_KINGPAWNSHIELD:0.46452651993750516
CE_PIECECOORDINATION:0.40080577634416203
CE_MATERIAL:0.5
CE_KINGSAFETY:0.526258054099186
C_PIECESQUARETABLES:0.5166645782905447
C_MOBILITY:0.5
C_KINGSAFETY:0.4888047080436996
C_PAWNSTRUCTURE:0.5034937337060007
C_PIECECOORDINATION:0.4946816776182709
C_ROOKANDPAWNMOVEMENT:0.4946816776182709
C_CENTERCONTROL:0.5041211993201832
C_DEVELOPPIECES:0.5187502902076063
C_MATERIAL:0.5330502147255831
C_MOVECOUNT:0.5
