ELO:876
CE_PASSEDPAWNS:0.5270367580469744
CE_PAWNWEAKNESSES:0.5690705427127386
CE_PIECEACTIVITY:0.5314052921012129
CE_KINGPAWNSHIELD:0.4828468626677729
CE_PIECECOORDINATION:0.4262287555100205
CE_MATERIAL:0.48229011489071727
CE_KINGSAFETY:0.5
C_PIECESQUARETABLES:0.4951995475575485
C_MOBILITY:0.5384467720632762
C_KINGSAFETY:0.5387188860188171
C_PAWNSTRUCTURE:0.5525290015644853
C_PIECECOORDINATION:0.508405634163214
C_ROOK:0.4544974927847368
CE_ROOK:0.5208205753483038
C_CENTERCONTROL:0.5003617839981194
C_DEVELOPPIECES:0.4899612238148917
C_MATERIAL:0.4585917430293321
C_MOVECOUNT:0.518020446082668
C_PAWNMOVEMENT:0.5009918658295971
