ELO:849
CE_PASSEDPAWNS:0.49676790050665093
CE_PAWNWEAKNESSES:0.47516811215777427
CE_PIECEACTIVITY:0.505719293082049
CE_KINGPAWNSHIELD:0.422289589175979
CE_PIECECOORDINATION:0.49098884607972104
CE_MATERIAL:0.44864485133243476
CE_KINGSAFETY:0.4845182818166761
C_PIECESQUARETABLES:0.49189653357648394
C_MOBILITY:0.5073870316626747
C_KINGSAFETY:0.4783910756331238
C_PAWNSTRUCTURE:0.48598058862394533
C_PIECECOORDINATION:0.4734474937827238
C_ROOKANDPAWNMOVEMENT:0.4734474937827238
C_CENTERCONTROL:0.5457466320058354
C_DEVELOPPIECES:0.4999430716076401
C_MATERIAL:0.5345337333803809
C_MOVECOUNT:0.5
