ELO:743
CE_PASSEDPAWNS:0.5047159824740298
CE_PAWNWEAKNESSES:0.4024295138024856
CE_PIECEACTIVITY:0.4565089548517362
CE_KINGPAWNSHIELD:0.4430562921664455
CE_PIECECOORDINATION:0.4592551407906848
CE_MATERIAL:0.5564888603327939
CE_KINGSAFETY:0.4842280778843363
C_PIECESQUARETABLES:0.41086999286029746
C_MOBILITY:0.5123937979420854
C_KINGSAFETY:0.4371805394461307
C_PAWNSTRUCTURE:0.5562910820460168
C_PIECECOORDINATION:0.43527062864315597
C_ROOKANDPAWNMOVEMENT:0.43527062864315597
C_CENTERCONTROL:0.4859783665762366
C_DEVELOPPIECES:0.5510829715904985
C_MATERIAL:0.5100739534378049
C_MOVECOUNT:0.5
