ELO:998
CE_PASSEDPAWNS:0.44061510171432267
CE_PAWNWEAKNESSES:0.48797720191911054
CE_PIECEACTIVITY:0.5284749010931414
CE_KINGPAWNSHIELD:0.4839880258756414
CE_PIECECOORDINATION:0.5670651780574696
CE_MATERIAL:0.5346168730757932
CE_KINGSAFETY:0.5134873739903445
C_PIECESQUARETABLES:0.5465214892304905
C_MOBILITY:0.47401628981448773
C_KINGSAFETY:0.5272301108411374
C_PAWNSTRUCTURE:0.4843128654197098
C_PIECECOORDINATION:0.4627870151588492
C_ROOKANDPAWNMOVEMENT:0.4627870151588492
C_CENTERCONTROL:0.5163680946844039
C_DEVELOPPIECES:0.45340285433385297
C_MATERIAL:0.4754935148708995
