ELO:1000
CE_PASSEDPAWNS:0.46456947158705925
CE_PAWNWEAKNESSES:0.48104241741134957
CE_PIECEACTIVITY:0.5390725094303385
CE_KINGPAWNSHIELD:0.49636043546339104
CE_PIECECOORDINATION:0.5518120088296451
CE_MATERIAL:0.52205341121222
CE_KINGSAFETY:0.4850941943769833
C_PIECESQUARETABLES:0.5334095178968232
C_MOBILITY:0.49138718602758125
C_KINGSAFETY:0.5655161710897322
C_PAWNSTRUCTURE:0.5252217137186271
C_PIECECOORDINATION:0.4783794178799837
C_ROOKANDPAWNMOVEMENT:0.4783794178799837
C_CENTERCONTROL:0.5118676457860719
C_DEVELOPPIECES:0.43267950706652275
C_MATERIAL:0.47386986723949887
