ELO:999
CE_PASSEDPAWNS:0.5
CE_PAWNWEAKNESSES:0.49026282577615277
CE_PIECEACTIVITY:0.48872304171169406
CE_KINGPAWNSHIELD:0.49508359797688534
CE_PIECECOORDINATION:0.49570449557685503
CE_MATERIAL:0.5
CE_KINGSAFETY:0.49866159279208516
C_PIECESQUARETABLES:0.4975480669796417
C_MOBILITY:0.5
C_KINGSAFETY:0.4886330905291488
C_PAWNSTRUCTURE:0.5
C_PIECECOORDINATION:0.4946333138109899
C_ROOKANDPAWNMOVEMENT:0.4946333138109899
C_CENTERCONTROL:0.5
C_DEVELOPPIECES:0.5
C_MATERIAL:0.4979476419354747
C_MOVECOUNT:0.49871607576132626
