ELO:955
CE_PASSEDPAWNS:0.40383565877900185
CE_PAWNWEAKNESSES:0.5322721965467565
CE_PIECEACTIVITY:0.5906771874905935
CE_KINGPAWNSHIELD:0.5017846545034005
CE_PIECECOORDINATION:0.5536595707144515
CE_MATERIAL:0.5940502798606468
CE_KINGSAFETY:0.5059238359120805
C_PIECESQUARETABLES:0.4490720922191648
C_MOBILITY:0.41276922667106575
C_KINGSAFETY:0.529532908181176
C_PAWNSTRUCTURE:0.4587179746836982
C_PIECECOORDINATION:0.4644078998072328
C_ROOKANDPAWNMOVEMENT:0.4644078998072328
C_CENTERCONTROL:0.48288799313241537
C_DEVELOPPIECES:0.498964693827713
C_MATERIAL:0.520031503401641
