ELO:994
CE_PASSEDPAWNS:0.44162196245127294
CE_PAWNWEAKNESSES:0.48074540082948053
CE_PIECEACTIVITY:0.4594409707319694
CE_KINGPAWNSHIELD:0.5052661292677217
CE_PIECECOORDINATION:0.4742070867279413
CE_MATERIAL:0.5246226718910149
CE_KINGSAFETY:0.4854863002175716
C_PIECESQUARETABLES:0.5004091721912026
C_MOBILITY:0.48630474649295297
C_KINGSAFETY:0.49140325605591445
C_PAWNSTRUCTURE:0.48475060471646597
C_PIECECOORDINATION:0.5149191474309652
C_ROOKANDPAWNMOVEMENT:0.5149191474309652
C_CENTERCONTROL:0.4570725574172851
C_DEVELOPPIECES:0.48632009634212964
C_MATERIAL:0.5299783794838234
