ELO:1000
CE_PASSEDPAWNS:0.5
CE_PAWNWEAKNESSES:0.49593225683761594
CE_PIECEACTIVITY:0.5057591119480617
CE_KINGPAWNSHIELD:0.4982753205590002
CE_PIECECOORDINATION:0.5022259856993665
CE_MATERIAL:0.5008845377884511
CE_KINGSAFETY:0.5214956683029542
C_PIECESQUARETABLES:0.5
C_MOBILITY:0.5095766840315223
C_KINGSAFETY:0.4961986404133425
C_PAWNSTRUCTURE:0.4898720529297954
C_PIECECOORDINATION:0.506455066046602
C_ROOKANDPAWNMOVEMENT:0.506455066046602
C_CENTERCONTROL:0.49663213473242934
C_DEVELOPPIECES:0.4974442772106632
C_MATERIAL:0.4978063176764855
