ELO:725
CE_PASSEDPAWNS:0.48322628068796786
CE_PAWNWEAKNESSES:0.38942654603329485
CE_PIECEACTIVITY:0.4811469328800077
CE_KINGPAWNSHIELD:0.41221257377872006
CE_PIECECOORDINATION:0.4524013484060084
CE_MATERIAL:0.559738309953154
CE_KINGSAFETY:0.5
C_PIECESQUARETABLES:0.5
C_MOBILITY:0.4613276773830012
C_KINGSAFETY:0.4010276373013014
C_PAWNSTRUCTURE:0.5478212283511826
C_PIECECOORDINATION:0.40168291456350996
C_ROOKANDPAWNMOVEMENT:0.40168291456350996
C_CENTERCONTROL:0.5031968410660385
C_DEVELOPPIECES:0.5649923181901564
C_MATERIAL:0.534676026746714
C_MOVECOUNT:0.5
