ELO:1000
CE_PASSEDPAWNS:0.5024002226460021
CE_PAWNWEAKNESSES:0.4826589668147512
CE_PIECEACTIVITY:0.47478547683073036
CE_KINGPAWNSHIELD:0.46439894797962367
CE_PIECECOORDINATION:0.49124993239518827
CE_MATERIAL:0.5216162004958793
CE_KINGSAFETY:0.49788191515111657
C_PIECESQUARETABLES:0.49421860819567237
C_MOBILITY:0.4737439860080212
C_KINGSAFETY:0.518440230120898
C_PAWNSTRUCTURE:0.5072882233624351
C_PIECECOORDINATION:0.48785492644183026
C_ROOKANDPAWNMOVEMENT:0.48785492644183026
C_CENTERCONTROL:0.487893662666396
C_DEVELOPPIECES:0.5175511376393139
C_MATERIAL:0.5170728601780356
