ELO:1088
CE_PASSEDPAWNS:0.6381206169332349
CE_PAWNWEAKNESSES:0.5168610033756952
CE_PIECEACTIVITY:0.4954328149889598
CE_KINGPAWNSHIELD:0.49685790202760166
CE_PIECECOORDINATION:0.4827273082519721
CE_MATERIAL:0.43846361282843943
CE_KINGSAFETY:0.4807669548440957
C_PIECESQUARETABLES:0.49374972709106113
C_MOBILITY:0.4140033332782496
C_KINGSAFETY:0.516657319328428
C_PAWNSTRUCTURE:0.42579794063109333
C_PIECECOORDINATION:0.4632714194976908
C_ROOKANDPAWNMOVEMENT:0.4632714194976908
C_CENTERCONTROL:0.5406710167438812
C_DEVELOPPIECES:0.5709340154004455
C_MATERIAL:0.4308661664526055
