ELO:993
CE_PASSEDPAWNS:0.5302388707818531
CE_PAWNWEAKNESSES:0.5153186373499441
CE_PIECEACTIVITY:0.5053373864203553
CE_KINGPAWNSHIELD:0.5355228001664905
CE_PIECECOORDINATION:0.47212613008224286
CE_MATERIAL:0.45152063036940826
CE_KINGSAFETY:0.5046947383725469
C_PIECESQUARETABLES:0.49769303308387347
C_MOBILITY:0.4801833560349883
C_KINGSAFETY:0.47772129553683973
C_PAWNSTRUCTURE:0.46721217111484764
C_PIECECOORDINATION:0.4894989284121743
C_ROOKANDPAWNMOVEMENT:0.4894989284121743
C_CENTERCONTROL:0.5457888465843423
C_DEVELOPPIECES:0.49460880361853893
C_MATERIAL:0.5307708518974437
