ELO:1025
CE_PASSEDPAWNS:0.4657801430383655
CE_PAWNWEAKNESSES:0.49245752696152056
CE_PIECEACTIVITY:0.5037123174502837
CE_KINGPAWNSHIELD:0.5083834171730928
CE_PIECECOORDINATION:0.507527815729606
CE_MATERIAL:0.505024670824354
CE_KINGSAFETY:0.5
C_PIECESQUARETABLES:0.5
C_MOBILITY:0.492589296142665
C_KINGSAFETY:0.5
C_PAWNSTRUCTURE:0.5027970653040572
C_PIECECOORDINATION:0.493941953169733
C_ROOKANDPAWNMOVEMENT:0.493941953169733
C_CENTERCONTROL:0.49893394782779715
C_DEVELOPPIECES:0.48245121078255104
C_MATERIAL:0.5042383834480488
C_MOVECOUNT:0.4992229907758248
