ELO:952
CE_PASSEDPAWNS:0.6209666052830068
CE_PAWNWEAKNESSES:0.5198513443717586
CE_PIECEACTIVITY:0.510843126651879
CE_KINGPAWNSHIELD:0.4702628087559088
CE_PIECECOORDINATION:0.5270791906468245
CE_MATERIAL:0.4133120629302677
CE_KINGSAFETY:0.4725727897807191
C_PIECESQUARETABLES:0.5249061711348595
C_MOBILITY:0.48892511158752616
C_KINGSAFETY:0.4531938618850141
C_PAWNSTRUCTURE:0.5464521026637494
C_PIECECOORDINATION:0.44492754485047886
C_ROOKANDPAWNMOVEMENT:0.44492754485047886
C_CENTERCONTROL:0.5716491904180646
C_DEVELOPPIECES:0.5899208995270119
C_MATERIAL:0.5040952347461413
