ELO:999
CE_PASSEDPAWNS:0.5081090868229402
CE_PAWNWEAKNESSES:0.5
CE_PIECEACTIVITY:0.511615391566246
CE_KINGPAWNSHIELD:0.5007320163646668
CE_PIECECOORDINATION:0.5
CE_MATERIAL:0.49989323921154294
CE_KINGSAFETY:0.5
C_PIECESQUARETABLES:0.5
C_MOBILITY:0.49490669870062665
C_KINGSAFETY:0.5
C_PAWNSTRUCTURE:0.5
C_PIECECOORDINATION:0.5
C_ROOKANDPAWNMOVEMENT:0.5
C_CENTERCONTROL:0.5
C_DEVELOPPIECES:0.5
C_MATERIAL:0.5083589403145872
C_MOVECOUNT:0.5
