ELO:1018
CE_PASSEDPAWNS:0.5019051385009652
CE_PAWNWEAKNESSES:0.4867408776532075
CE_PIECEACTIVITY:0.49330206711091257
CE_KINGPAWNSHIELD:0.5
CE_PIECECOORDINATION:0.48365238371780095
CE_MATERIAL:0.4856107390002796
CE_KINGSAFETY:0.5071427124009579
C_PIECESQUARETABLES:0.49777715660655003
C_MOBILITY:0.5136585405848034
C_KINGSAFETY:0.5
C_PAWNSTRUCTURE:0.5135458307573236
C_PIECECOORDINATION:0.4900352564214155
C_ROOKANDPAWNMOVEMENT:0.4900352564214155
C_CENTERCONTROL:0.5081234380777085
C_DEVELOPPIECES:0.5
C_MATERIAL:0.4933340873421669
C_MOVECOUNT:0.5
