ELO:913
CE_PASSEDPAWNS:0.5900482812019634
CE_PAWNWEAKNESSES:0.5429784656766241
CE_PIECEACTIVITY:0.4792865399787511
CE_KINGPAWNSHIELD:0.45180361044428335
CE_PIECECOORDINATION:0.5417170073939925
CE_MATERIAL:0.41882318697621085
CE_KINGSAFETY:0.4823840594174294
C_PIECESQUARETABLES:0.49414086767283566
C_MOBILITY:0.4818852345969098
C_KINGSAFETY:0.4491757487601375
C_PAWNSTRUCTURE:0.5575554249894722
C_PIECECOORDINATION:0.421535409287933
C_ROOKANDPAWNMOVEMENT:0.421535409287933
C_CENTERCONTROL:0.5605176504573903
C_DEVELOPPIECES:0.6037409785397554
C_MATERIAL:0.5051995599663421
