ELO:829
CE_PASSEDPAWNS:0.5629166623128091
CE_PAWNWEAKNESSES:0.577735846993909
CE_PIECEACTIVITY:0.5180108095836605
CE_KINGPAWNSHIELD:0.46030591886447586
CE_PIECECOORDINATION:0.5606335407013135
CE_MATERIAL:0.4603499975676256
CE_KINGSAFETY:0.5184142702032908
C_PIECESQUARETABLES:0.5132743785440687
C_MOBILITY:0.49094020243388076
C_KINGSAFETY:0.3651873639709981
C_PAWNSTRUCTURE:0.43457097763168917
C_PIECECOORDINATION:0.4423760543508033
C_ROOKANDPAWNMOVEMENT:0.4423760543508033
C_CENTERCONTROL:0.5137994337522402
C_DEVELOPPIECES:0.5524141151114714
C_MATERIAL:0.42680500662492976
