ELO:1009
CE_PASSEDPAWNS:0.4942769584981758
CE_PAWNWEAKNESSES:0.4924356118088759
CE_PIECEACTIVITY:0.5
CE_KINGPAWNSHIELD:0.5021735632967658
CE_PIECECOORDINATION:0.4860092683474119
CE_MATERIAL:0.4879047183619308
CE_KINGSAFETY:0.5408009059881639
C_PIECESQUARETABLES:0.5
C_MOBILITY:0.5480432288699277
C_KINGSAFETY:0.505423796006922
C_PAWNSTRUCTURE:0.5
C_PIECECOORDINATION:0.5399752995987395
C_ROOKANDPAWNMOVEMENT:0.5399752995987395
C_CENTERCONTROL:0.49605906626036383
C_DEVELOPPIECES:0.48948064753392145
C_MATERIAL:0.5092959005522141
C_MOVECOUNT:0.5
