ELO:999
CE_PASSEDPAWNS:0.4945117473350181
CE_PAWNWEAKNESSES:0.4941698744804816
CE_PIECEACTIVITY:0.5080834351870139
CE_KINGPAWNSHIELD:0.5037636291392116
CE_PIECECOORDINATION:0.49178242576015496
CE_MATERIAL:0.49065448876489665
CE_KINGSAFETY:0.5025471633883423
C_PIECESQUARETABLES:0.5008653860256367
C_MOBILITY:0.5144730347932502
C_KINGSAFETY:0.493951383003426
C_PAWNSTRUCTURE:0.4894438182509713
C_PIECECOORDINATION:0.506775084676849
C_ROOK:0.5204832004070843
CE_ROOK:0.4878968401818275
C_CENTERCONTROL:0.5036111664047961
C_DEVELOPPIECES:0.5
C_MATERIAL:0.5079180856559112
C_MOVECOUNT:0.4911455588166461
C_PAWNMOVEMENT:0.5
