ELO:800
CE_PASSEDPAWNS:0.508750996827722
CE_PAWNWEAKNESSES:0.49737019549088596
CE_PIECEACTIVITY:0.4479081242494797
CE_KINGPAWNSHIELD:0.4583242500021152
CE_PIECECOORDINATION:0.49921512970586834
CE_MATERIAL:0.49463058241743824
CE_KINGSAFETY:0.534729311006988
C_PIECESQUARETABLES:0.5007175196485903
C_MOBILITY:0.48700875108260683
C_KINGSAFETY:0.448967962734102
C_PAWNSTRUCTURE:0.5657226112108072
C_PIECECOORDINATION:0.5323774239155481
C_ROOKANDPAWNMOVEMENT:0.5323774239155481
C_CENTERCONTROL:0.4567974702776228
C_DEVELOPPIECES:0.4752141678318098
C_MATERIAL:0.4708795932145997
C_MOVECOUNT:0.4391146613811761
