ELO:1000
CE_PASSEDPAWNS:0.4721137487335803
CE_PAWNWEAKNESSES:0.5083268451106585
CE_PIECEACTIVITY:0.507883014951789
CE_KINGPAWNSHIELD:0.5317869352439741
CE_PIECECOORDINATION:0.4704978989588326
CE_MATERIAL:0.5255745086909713
CE_KINGSAFETY:0.5009719658235399
C_PIECESQUARETABLES:0.5058831080234347
C_MOBILITY:0.4857537875141172
C_KINGSAFETY:0.5098791178635943
C_PAWNSTRUCTURE:0.48550550477771154
C_PIECECOORDINATION:0.5029520263141548
C_ROOKANDPAWNMOVEMENT:0.5029520263141548
C_CENTERCONTROL:0.5173191715007994
C_DEVELOPPIECES:0.5064029680855953
C_MATERIAL:0.49537616400061385
