ELO:933
CE_PASSEDPAWNS:0.5
CE_PAWNWEAKNESSES:0.511708920800963
CE_PIECEACTIVITY:0.5220306632386942
CE_KINGPAWNSHIELD:0.512283353932152
CE_PIECECOORDINATION:0.4934254569498178
CE_MATERIAL:0.5342658412330855
CE_KINGSAFETY:0.5
C_PIECESQUARETABLES:0.5
C_MOBILITY:0.5047510282368869
C_KINGSAFETY:0.5645170203509092
C_PAWNSTRUCTURE:0.5
C_PIECECOORDINATION:0.5161907860233169
C_ROOKANDPAWNMOVEMENT:0.5161907860233169
C_CENTERCONTROL:0.5063585400833926
C_DEVELOPPIECES:0.5133119343445793
C_MATERIAL:0.5
C_MOVECOUNT:0.5
