ELO:980
CE_PASSEDPAWNS:0.5
CE_PAWNWEAKNESSES:0.5095250754014258
CE_PIECEACTIVITY:0.4847218741569774
CE_KINGPAWNSHIELD:0.4799333673485664
CE_PIECECOORDINATION:0.5192632347604299
CE_MATERIAL:0.5028682760654964
CE_KINGSAFETY:0.5
C_PIECESQUARETABLES:0.5
C_MOBILITY:0.48871139654158935
C_KINGSAFETY:0.5018073620274985
C_PAWNSTRUCTURE:0.49567440430891496
C_PIECECOORDINATION:0.5163497816651254
C_ROOKANDPAWNMOVEMENT:0.5163497816651254
C_CENTERCONTROL:0.5012120050875158
C_DEVELOPPIECES:0.48692024719093585
C_MATERIAL:0.4925685683244397
C_MOVECOUNT:0.4992229907758248
