ELO:813
CE_PASSEDPAWNS:0.5519647696297818
CE_PAWNWEAKNESSES:0.5776581075950827
CE_PIECEACTIVITY:0.49658762300912684
CE_KINGPAWNSHIELD:0.45572328812468643
CE_PIECECOORDINATION:0.576155291742268
CE_MATERIAL:0.4600988813227869
CE_KINGSAFETY:0.49695103433316795
C_PIECESQUARETABLES:0.509201600067534
C_MOBILITY:0.47525335721020573
C_KINGSAFETY:0.37805557928431677
C_PAWNSTRUCTURE:0.43390865457045347
C_PIECECOORDINATION:0.42725544264243376
C_ROOKANDPAWNMOVEMENT:0.42725544264243376
C_CENTERCONTROL:0.5277595337481432
C_DEVELOPPIECES:0.5652244384976652
C_MATERIAL:0.43183312026224424
