ELO:975
CE_PASSEDPAWNS:0.47714227760537525
CE_PAWNWEAKNESSES:0.5118447805613096
CE_PIECEACTIVITY:0.5054794746303601
CE_KINGPAWNSHIELD:0.5100949539134413
CE_PIECECOORDINATION:0.47731039537337755
CE_MATERIAL:0.5031057475759783
CE_KINGSAFETY:0.5
C_PIECESQUARETABLES:0.5
C_MOBILITY:0.5055780763957871
C_KINGSAFETY:0.5472834012696451
C_PAWNSTRUCTURE:0.4821335517701167
C_PIECECOORDINATION:0.44119270430865964
C_ROOKANDPAWNMOVEMENT:0.44119270430865964
C_CENTERCONTROL:0.5842071670277783
C_DEVELOPPIECES:0.4946426141996665
C_MATERIAL:0.5564443315854284
C_MOVECOUNT:0.5
