ELO:984
CE_PASSEDPAWNS:0.5980856509714553
CE_PAWNWEAKNESSES:0.5448752348237493
CE_PIECEACTIVITY:0.4788198902608363
CE_KINGPAWNSHIELD:0.5132366439789707
CE_PIECECOORDINATION:0.5244134342197196
CE_MATERIAL:0.41305307412183473
CE_KINGSAFETY:0.45646881410214113
C_PIECESQUARETABLES:0.45302198234549
C_MOBILITY:0.4895684491421983
C_KINGSAFETY:0.5093173677859453
C_PAWNSTRUCTURE:0.5162721219796196
C_PIECECOORDINATION:0.44050947201188506
C_ROOKANDPAWNMOVEMENT:0.44050947201188506
C_CENTERCONTROL:0.5204306728409084
C_DEVELOPPIECES:0.5017415638682284
C_MATERIAL:0.46100354953708417
