ELO:1026
CE_PASSEDPAWNS:0.5
CE_PAWNWEAKNESSES:0.48596883096053656
CE_PIECEACTIVITY:0.5
CE_KINGPAWNSHIELD:0.5036528948935619
CE_PIECECOORDINATION:0.49845514478123043
CE_MATERIAL:0.4945069074449566
CE_KINGSAFETY:0.5
C_PIECESQUARETABLES:0.5
C_MOBILITY:0.503343182060701
C_KINGSAFETY:0.49044561743252846
C_PAWNSTRUCTURE:0.5
C_PIECECOORDINATION:0.4900079274485163
C_ROOKANDPAWNMOVEMENT:0.4900079274485163
C_CENTERCONTROL:0.5096341900967203
C_DEVELOPPIECES:0.5013894901677293
C_MATERIAL:0.5011496159286368
C_MOVECOUNT:0.5
