ELO:990
CE_PASSEDPAWNS:0.5397321461311647
CE_PAWNWEAKNESSES:0.5051522300138005
CE_PIECEACTIVITY:0.511086731203802
CE_KINGPAWNSHIELD:0.5140720928774052
CE_PIECECOORDINATION:0.4824292451743227
CE_MATERIAL:0.5093218122579818
CE_KINGSAFETY:0.495899631636934
C_PIECESQUARETABLES:0.47771844735323465
C_MOBILITY:0.536093026046348
C_KINGSAFETY:0.5005620545113347
C_PAWNSTRUCTURE:0.4975558201379002
C_PIECECOORDINATION:0.4988388398334751
C_ROOKANDPAWNMOVEMENT:0.4988388398334751
C_CENTERCONTROL:0.5011826165947558
C_DEVELOPPIECES:0.5243819890642224
C_MATERIAL:0.48082090003787387
