ELO:946
CE_PASSEDPAWNS:0.48110047434484854
CE_PAWNWEAKNESSES:0.49500963735603426
CE_PIECEACTIVITY:0.4914952382561217
CE_KINGPAWNSHIELD:0.48251236755451066
CE_PIECECOORDINATION:0.49379521822965944
CE_MATERIAL:0.4494338356430803
CE_KINGSAFETY:0.4786008926758292
C_PIECESQUARETABLES:0.4943980035850414
C_MOBILITY:0.5018980721155145
C_KINGSAFETY:0.5515368395602082
C_PAWNSTRUCTURE:0.5
C_PIECECOORDINATION:0.458035529680419
C_ROOKANDPAWNMOVEMENT:0.458035529680419
C_CENTERCONTROL:0.5113478034729969
C_DEVELOPPIECES:0.4153202787119917
C_MATERIAL:0.5
C_MOVECOUNT:0.5
