ELO:960
CE_PASSEDPAWNS:0.5136145066352792
CE_PAWNWEAKNESSES:0.46260235823197493
CE_PIECEACTIVITY:0.4881041776252689
CE_KINGPAWNSHIELD:0.5056016034364755
CE_PIECECOORDINATION:0.48534911069132525
CE_MATERIAL:0.5037549329516184
CE_KINGSAFETY:0.5
C_PIECESQUARETABLES:0.5052364133307671
C_MOBILITY:0.5292468163804714
C_KINGSAFETY:0.4870821424837685
C_PAWNSTRUCTURE:0.4782924460838257
C_PIECECOORDINATION:0.5129114962081429
C_ROOK:0.5029746710606425
CE_ROOK:0.47671977662161114
C_CENTERCONTROL:0.5575059430807306
C_DEVELOPPIECES:0.5205873339254655
C_MATERIAL:0.5028785739091268
C_MOVECOUNT:0.533779907924908
C_PAWNMOVEMENT:0.47884055438552653
