ELO:920
CE_PASSEDPAWNS:0.4939643584239968
CE_PAWNWEAKNESSES:0.5337341659268036
CE_PIECEACTIVITY:0.5082472789223138
CE_KINGPAWNSHIELD:0.4952518469928401
CE_PIECECOORDINATION:0.4212400747649468
CE_MATERIAL:0.47564578308016603
CE_KINGSAFETY:0.5029290833383028
C_PIECESQUARETABLES:0.5032374090646884
C_MOBILITY:0.4493739283535923
C_KINGSAFETY:0.476660494504397
C_PAWNSTRUCTURE:0.47445760995127734
C_PIECECOORDINATION:0.486208267090688
C_ROOKANDPAWNMOVEMENT:0.486208267090688
C_CENTERCONTROL:0.49648199164676127
C_DEVELOPPIECES:0.4781967951473126
C_MATERIAL:0.42266557138419414
