ELO:1088
CE_PASSEDPAWNS:0.6521327940721602
CE_PAWNWEAKNESSES:0.5014725328738031
CE_PIECEACTIVITY:0.46734301140476625
CE_KINGPAWNSHIELD:0.42383004475907204
CE_PIECECOORDINATION:0.4749050174586306
CE_MATERIAL:0.3982294489052931
CE_KINGSAFETY:0.5058608217008775
C_PIECESQUARETABLES:0.5088774659736608
C_MOBILITY:0.5217052598904851
C_KINGSAFETY:0.5546543624950072
C_PAWNSTRUCTURE:0.4512539694517987
C_PIECECOORDINATION:0.45809292855126776
C_ROOKANDPAWNMOVEMENT:0.45809292855126776
C_CENTERCONTROL:0.5894275849155837
C_DEVELOPPIECES:0.5897544072969064
C_MATERIAL:0.40768970503918983
