ELO:894
CE_PASSEDPAWNS:0.5201831341885469
CE_PAWNWEAKNESSES:0.47887837555427876
CE_PIECEACTIVITY:0.465400307363097
CE_KINGPAWNSHIELD:0.5016206017931182
CE_PIECECOORDINATION:0.47469013981495783
CE_MATERIAL:0.481837434462695
CE_KINGSAFETY:0.5032972473492021
C_PIECESQUARETABLES:0.5
C_MOBILITY:0.5514982536100326
C_KINGSAFETY:0.44084554276605176
C_PAWNSTRUCTURE:0.4491685921515011
C_PIECECOORDINATION:0.5365100589351215
C_ROOK:0.5098383780304231
CE_ROOK:0.4315002883072176
C_CENTERCONTROL:0.5430935244860741
C_DEVELOPPIECES:0.5251577875436023
C_MATERIAL:0.48408033670917505
C_MOVECOUNT:0.542989493181562
C_PAWNMOVEMENT:0.4341119186085858
