ELO:965
CE_PASSEDPAWNS:0.5365163957386515
CE_PAWNWEAKNESSES:0.533869405529383
CE_PIECEACTIVITY:0.4680688810337934
CE_KINGPAWNSHIELD:0.5297118647628991
CE_PIECECOORDINATION:0.4749397540114905
CE_MATERIAL:0.43188386088519026
CE_KINGSAFETY:0.5014727649921836
C_PIECESQUARETABLES:0.49002291839886586
C_MOBILITY:0.4860104327628433
C_KINGSAFETY:0.4629605208567738
C_PAWNSTRUCTURE:0.4687477589472636
C_PIECECOORDINATION:0.5339745784068423
C_ROOKANDPAWNMOVEMENT:0.5339745784068423
C_CENTERCONTROL:0.5464745855221721
C_DEVELOPPIECES:0.47872074566558176
C_MATERIAL:0.49114189462028823
