ELO:898
CE_PASSEDPAWNS:0.5204706333752762
CE_PAWNWEAKNESSES:0.4675515463643332
CE_PIECEACTIVITY:0.4964698843525576
CE_KINGPAWNSHIELD:0.4819002435747374
CE_PIECECOORDINATION:0.4812557628049528
CE_MATERIAL:0.4890938996328044
CE_KINGSAFETY:0.5
C_PIECESQUARETABLES:0.49571873865883276
C_MOBILITY:0.5404699184849324
C_KINGSAFETY:0.47100259613604195
C_PAWNSTRUCTURE:0.4634920395527048
C_PIECECOORDINATION:0.5425520665771362
C_ROOK:0.5084719171985368
CE_ROOK:0.45689767182073904
C_CENTERCONTROL:0.548688071968653
C_DEVELOPPIECES:0.5211924682722505
C_MATERIAL:0.5006275057258699
C_MOVECOUNT:0.5366019964699388
C_PAWNMOVEMENT:0.4579003071063749
