ELO:985
CE_PASSEDPAWNS:0.5204776179586543
CE_PAWNWEAKNESSES:0.4894972537680214
CE_PIECEACTIVITY:0.4863881624749162
CE_KINGPAWNSHIELD:0.4987972538677288
CE_PIECECOORDINATION:0.4810943467973874
CE_MATERIAL:0.49553801013524934
CE_KINGSAFETY:0.5
C_PIECESQUARETABLES:0.49245903705350846
C_MOBILITY:0.48941562046700166
C_KINGSAFETY:0.49461830948416047
C_PAWNSTRUCTURE:0.489049116905561
C_PIECECOORDINATION:0.4945118799059764
C_ROOKANDPAWNMOVEMENT:0.4945118799059764
C_CENTERCONTROL:0.49545786331844444
C_DEVELOPPIECES:0.4884988287277198
C_MATERIAL:0.5
C_MOVECOUNT:0.5088332986417545
