ELO:984
CE_PASSEDPAWNS:0.49939627603330583
CE_PAWNWEAKNESSES:0.48108311789713026
CE_PIECEACTIVITY:0.4863881624749162
CE_KINGPAWNSHIELD:0.49543870273630697
CE_PIECECOORDINATION:0.48521224245478534
CE_MATERIAL:0.5092782127670331
CE_KINGSAFETY:0.4983917380492832
C_PIECESQUARETABLES:0.49245903705350846
C_MOBILITY:0.4927051245408702
C_KINGSAFETY:0.49461830948416047
C_PAWNSTRUCTURE:0.5049546748488732
C_PIECECOORDINATION:0.4945118799059764
C_ROOKANDPAWNMOVEMENT:0.4945118799059764
C_CENTERCONTROL:0.4983270493060477
C_DEVELOPPIECES:0.4936906743860235
C_MATERIAL:0.5
C_MOVECOUNT:0.501556340807352
