ELO:870
CE_PASSEDPAWNS:0.5302314710650472
CE_PAWNWEAKNESSES:0.47887837555427876
CE_PIECEACTIVITY:0.46093679117335357
CE_KINGPAWNSHIELD:0.5261106238634093
CE_PIECECOORDINATION:0.48124505549719043
CE_MATERIAL:0.48101014305030215
CE_KINGSAFETY:0.5032972473492021
C_PIECESQUARETABLES:0.4933068866800617
C_MOBILITY:0.5489703199813137
C_KINGSAFETY:0.4411968739107624
C_PAWNSTRUCTURE:0.4525512616287096
C_PIECECOORDINATION:0.5457609722298042
C_ROOK:0.5021317136809179
CE_ROOK:0.4412865385675487
C_CENTERCONTROL:0.5575683775561974
C_DEVELOPPIECES:0.5407921787655301
C_MATERIAL:0.49032018293078405
C_MOVECOUNT:0.5457496511987071
C_PAWNMOVEMENT:0.4337426753632439
