ELO:995
CE_PASSEDPAWNS:0.5037289324082972
CE_PAWNWEAKNESSES:0.47584879449227696
CE_PIECEACTIVITY:0.5080834351870139
CE_KINGPAWNSHIELD:0.512466059075977
CE_PIECECOORDINATION:0.4864888440682056
CE_MATERIAL:0.4863287814201242
CE_KINGSAFETY:0.5
C_PIECESQUARETABLES:0.4889448570370956
C_MOBILITY:0.5109380382234806
C_KINGSAFETY:0.4888878798698303
C_PAWNSTRUCTURE:0.47371511603717226
C_PIECECOORDINATION:0.49432825532165964
C_ROOK:0.5119432349422375
CE_ROOK:0.4764028023066366
C_CENTERCONTROL:0.5112765039098925
C_DEVELOPPIECES:0.5024404036288653
C_MATERIAL:0.5079180856559112
C_MOVECOUNT:0.5176298226950833
C_PAWNMOVEMENT:0.4882506912195301
