ELO:998
CE_PASSEDPAWNS:0.5044754836188713
CE_PAWNWEAKNESSES:0.4751674503975252
CE_PIECEACTIVITY:0.494580829805598
CE_KINGPAWNSHIELD:0.5301272425084005
CE_PIECECOORDINATION:0.5789015783917227
CE_MATERIAL:0.4266609101212962
CE_KINGSAFETY:0.49214384718814647
C_PIECESQUARETABLES:0.4585461763197922
C_MOBILITY:0.4368504427611628
C_KINGSAFETY:0.43923553338029725
C_PAWNSTRUCTURE:0.504149675668605
C_PIECECOORDINATION:0.48732322553670987
C_ROOKANDPAWNMOVEMENT:0.48732322553670987
C_CENTERCONTROL:0.5035881915410331
C_DEVELOPPIECES:0.47600090644211
C_MATERIAL:0.4556860978636906
