ELO:994
CE_PASSEDPAWNS:0.5084432789603598
CE_PAWNWEAKNESSES:0.5168129643831
CE_PIECEACTIVITY:0.5119244686428318
CE_KINGPAWNSHIELD:0.3977019834234938
CE_PIECECOORDINATION:0.4697076332920725
CE_MATERIAL:0.5547328671116138
CE_KINGSAFETY:0.5049956679858703
C_PIECESQUARETABLES:0.4845482677147481
C_MOBILITY:0.50041510722938
C_KINGSAFETY:0.5077087654596292
C_PAWNSTRUCTURE:0.5070765601632771
C_PIECECOORDINATION:0.536466045091839
C_ROOKANDPAWNMOVEMENT:0.536466045091839
C_CENTERCONTROL:0.398637119605053
C_DEVELOPPIECES:0.5152111958543244
C_MATERIAL:0.6729291944039542
