ELO:965
CE_PASSEDPAWNS:0.6147520905002583
CE_PAWNWEAKNESSES:0.5482880964928462
CE_PIECEACTIVITY:0.4991350706592014
CE_KINGPAWNSHIELD:0.47237155638123784
CE_PIECECOORDINATION:0.5176874854368699
CE_MATERIAL:0.4083895515823728
CE_KINGSAFETY:0.47248469521168973
C_PIECESQUARETABLES:0.5025474150066845
C_MOBILITY:0.4637680102362151
C_KINGSAFETY:0.46244354694400697
C_PAWNSTRUCTURE:0.56000162333631
C_PIECECOORDINATION:0.4695916936090169
C_ROOKANDPAWNMOVEMENT:0.4695916936090169
C_CENTERCONTROL:0.5622920766834197
C_DEVELOPPIECES:0.6024750452706467
C_MATERIAL:0.4976382364268653
