ELO:985
CE_PASSEDPAWNS:0.6024385911995426
CE_PAWNWEAKNESSES:0.53796721919956
CE_PIECEACTIVITY:0.4869596210053405
CE_KINGPAWNSHIELD:0.5189112065309025
CE_PIECECOORDINATION:0.5301431198452198
CE_MATERIAL:0.4197254952485668
CE_KINGSAFETY:0.4653499381691568
C_PIECESQUARETABLES:0.4581111738734659
C_MOBILITY:0.5032574823809791
C_KINGSAFETY:0.4881366673508419
C_PAWNSTRUCTURE:0.5113991065342331
C_PIECECOORDINATION:0.42992953024747704
C_ROOKANDPAWNMOVEMENT:0.42992953024747704
C_CENTERCONTROL:0.5204306728409084
C_DEVELOPPIECES:0.5099766944821994
C_MATERIAL:0.4745381844226145
