ELO:895
CE_PASSEDPAWNS:0.5142192527255266
CE_PAWNWEAKNESSES:0.4824182247534605
CE_PIECEACTIVITY:0.49096495329264567
CE_KINGPAWNSHIELD:0.5071327840443364
CE_PIECECOORDINATION:0.47349458165136976
CE_MATERIAL:0.4795059757478629
CE_KINGSAFETY:0.5072352587953027
C_PIECESQUARETABLES:0.4884720222439403
C_MOBILITY:0.5365610854792227
C_KINGSAFETY:0.43868140781315684
C_PAWNSTRUCTURE:0.471264132435066
C_PIECECOORDINATION:0.5295663846099502
C_ROOK:0.505532172385718
CE_ROOK:0.44605943824023664
C_CENTERCONTROL:0.5570819923822434
C_DEVELOPPIECES:0.5294747329150472
C_MATERIAL:0.4985520879109092
C_MOVECOUNT:0.5395702465220825
C_PAWNMOVEMENT:0.4489033113657697
