ELO:936
CE_PASSEDPAWNS:0.4999968940357693
CE_PAWNWEAKNESSES:0.4612632144530259
CE_PIECEACTIVITY:0.48918119791857556
CE_KINGPAWNSHIELD:0.4901298126092577
CE_PIECECOORDINATION:0.49291239963462696
CE_MATERIAL:0.5131680967606413
CE_KINGSAFETY:0.5
C_PIECESQUARETABLES:0.49462070511813644
C_MOBILITY:0.5151504045380183
C_KINGSAFETY:0.4894980470123825
C_PAWNSTRUCTURE:0.48230389842717236
C_PIECECOORDINATION:0.4922475552730903
C_ROOK:0.500969399649055
CE_ROOK:0.46508891130289376
C_CENTERCONTROL:0.523436905963162
C_DEVELOPPIECES:0.5096645823146487
C_MATERIAL:0.48830329492131375
C_MOVECOUNT:0.5290838830819261
C_PAWNMOVEMENT:0.46481052612615154
