ELO:1034
CE_PASSEDPAWNS:0.5033625682171142
CE_PAWNWEAKNESSES:0.47209130688026085
CE_PIECEACTIVITY:0.4886689977096788
CE_KINGPAWNSHIELD:0.5034616563832932
CE_PIECECOORDINATION:0.4895643719454241
CE_MATERIAL:0.5
CE_KINGSAFETY:0.5043377130253136
C_PIECESQUARETABLES:0.5
C_MOBILITY:0.4935415583837537
C_KINGSAFETY:0.5184743021851984
C_PAWNSTRUCTURE:0.4979738874890483
C_PIECECOORDINATION:0.48752273059133067
C_ROOK:0.5
CE_ROOK:0.5
C_CENTERCONTROL:0.5086645810225432
C_DEVELOPPIECES:0.5022892290525865
C_MATERIAL:0.5022313615542142
C_MOVECOUNT:0.5
C_PAWNMOVEMENT:0.5
