ELO:841
CE_PASSEDPAWNS:0.5883630578858886
CE_PAWNWEAKNESSES:0.547341696762765
CE_PIECEACTIVITY:0.4617022394237337
CE_KINGPAWNSHIELD:0.4588527918871696
CE_PIECECOORDINATION:0.5737590906470619
CE_MATERIAL:0.39995499920818683
CE_KINGSAFETY:0.4707761573771844
C_PIECESQUARETABLES:0.5358793192849015
C_MOBILITY:0.45334412812231195
C_KINGSAFETY:0.41174589806575873
C_PAWNSTRUCTURE:0.456728151641119
C_PIECECOORDINATION:0.4020058069488711
C_ROOKANDPAWNMOVEMENT:0.4020058069488711
C_CENTERCONTROL:0.530501465994209
C_DEVELOPPIECES:0.5300456562668631
C_MATERIAL:0.4111604930347432
