ELO:1005
CE_PASSEDPAWNS:0.5120881644183305
CE_PAWNWEAKNESSES:0.5
CE_PIECEACTIVITY:0.5064824963712999
CE_KINGPAWNSHIELD:0.5
CE_PIECECOORDINATION:0.49290264000772865
CE_MATERIAL:0.49001641385530964
CE_KINGSAFETY:0.5037307913056759
C_PIECESQUARETABLES:0.5096878954658782
C_MOBILITY:0.5007605007668062
C_KINGSAFETY:0.498616784766467
C_PAWNSTRUCTURE:0.5093385416981479
C_PIECECOORDINATION:0.5014208290377373
C_ROOK:0.5
CE_ROOK:0.5
C_CENTERCONTROL:0.4846857324133935
C_DEVELOPPIECES:0.4878096018465204
C_MATERIAL:0.4791461169178123
C_MOVECOUNT:0.5084182782149523
C_PAWNMOVEMENT:0.5
