ELO:937
CE_PASSEDPAWNS:0.5213052307060727
CE_PAWNWEAKNESSES:0.5114559289155
CE_PIECEACTIVITY:0.4911378948507953
CE_KINGPAWNSHIELD:0.5
CE_PIECECOORDINATION:0.4798603555724911
CE_MATERIAL:0.5199664482577856
CE_KINGSAFETY:0.4848439153048879
C_PIECESQUARETABLES:0.5018854859973576
C_MOBILITY:0.506489440623579
C_KINGSAFETY:0.5054329901341659
C_PAWNSTRUCTURE:0.4909171604992793
C_PIECECOORDINATION:0.49525163699320046
C_ROOKANDPAWNMOVEMENT:0.49525163699320046
C_CENTERCONTROL:0.4962097383975704
C_DEVELOPPIECES:0.5
C_MATERIAL:0.4907989117274954
