ELO:926
CE_PASSEDPAWNS:0.49365630170000974
CE_PAWNWEAKNESSES:0.5212487149458291
CE_PIECEACTIVITY:0.47796863980397125
CE_KINGPAWNSHIELD:0.45298214367901407
CE_PIECECOORDINATION:0.4830127153929617
CE_MATERIAL:0.5160514902254535
CE_KINGSAFETY:0.503335309195323
C_PIECESQUARETABLES:0.5030047814606671
C_MOBILITY:0.5065302618383606
C_KINGSAFETY:0.473818984745529
C_PAWNSTRUCTURE:0.4780061305301966
C_PIECECOORDINATION:0.5119616518560841
C_ROOKANDPAWNMOVEMENT:0.5119616518560841
C_CENTERCONTROL:0.4906339592767162
C_DEVELOPPIECES:0.47702466775518076
C_MATERIAL:0.5018757770241976
C_MOVECOUNT:0.48108644395181116
