ELO:844
CE_PASSEDPAWNS:0.5513361413490817
CE_PAWNWEAKNESSES:0.5765706919336495
CE_PIECEACTIVITY:0.5186008343543699
CE_KINGPAWNSHIELD:0.4623678459880712
CE_PIECECOORDINATION:0.5493565894646208
CE_MATERIAL:0.4668570253188846
CE_KINGSAFETY:0.5212501775850255
C_PIECESQUARETABLES:0.5119213794917276
C_MOBILITY:0.4917237757847261
C_KINGSAFETY:0.37341130855953264
C_PAWNSTRUCTURE:0.4009464434494162
C_PIECECOORDINATION:0.4358811119979276
C_ROOKANDPAWNMOVEMENT:0.4358811119979276
C_CENTERCONTROL:0.5275303062801401
C_DEVELOPPIECES:0.538691664908633
C_MATERIAL:0.3965412801555568
