ELO:1000
CE_PASSEDPAWNS:0.4610076065018018
CE_PAWNWEAKNESSES:0.5205918042965935
CE_PIECEACTIVITY:0.503544839285782
CE_KINGPAWNSHIELD:0.5382253093897885
CE_PIECECOORDINATION:0.469515633981348
CE_MATERIAL:0.5119368981797094
CE_KINGSAFETY:0.4913030180993715
C_PIECESQUARETABLES:0.5264591855172205
C_MOBILITY:0.4651291373598335
C_KINGSAFETY:0.4864129693131162
C_PAWNSTRUCTURE:0.4334973367256219
C_PIECECOORDINATION:0.4888695157219929
C_ROOKANDPAWNMOVEMENT:0.4888695157219929
C_CENTERCONTROL:0.5372378170660417
C_DEVELOPPIECES:0.4917382702872838
C_MATERIAL:0.4953484051731458
