ELO:987
CE_PASSEDPAWNS:0.513893192824377
CE_PAWNWEAKNESSES:0.4894972537680214
CE_PIECEACTIVITY:0.4941831558152161
CE_KINGPAWNSHIELD:0.5013680001524742
CE_PIECECOORDINATION:0.4876920307278761
CE_MATERIAL:0.49553801013524934
CE_KINGSAFETY:0.5
C_PIECESQUARETABLES:0.4896335581868128
C_MOBILITY:0.48941562046700166
C_KINGSAFETY:0.49461830948416047
C_PAWNSTRUCTURE:0.4965311821538353
C_PIECECOORDINATION:0.4913538306267381
C_ROOKANDPAWNMOVEMENT:0.4913538306267381
C_CENTERCONTROL:0.5
C_DEVELOPPIECES:0.4884988287277198
C_MATERIAL:0.5
C_MOVECOUNT:0.5088332986417545
