ELO:989
CE_PASSEDPAWNS:0.5936295308679019
CE_PAWNWEAKNESSES:0.5023112606689263
CE_PIECEACTIVITY:0.4816623316719256
CE_KINGPAWNSHIELD:0.5388125734682631
CE_PIECECOORDINATION:0.5434186441947627
CE_MATERIAL:0.43792953482296043
CE_KINGSAFETY:0.4662732103869593
C_PIECESQUARETABLES:0.4359351219395748
C_MOBILITY:0.44684585742061966
C_KINGSAFETY:0.501795650155716
C_PAWNSTRUCTURE:0.5151025309015295
C_PIECECOORDINATION:0.4527644143727812
C_ROOKANDPAWNMOVEMENT:0.4527644143727812
C_CENTERCONTROL:0.5213925820435957
C_DEVELOPPIECES:0.48497880789254094
C_MATERIAL:0.45814096442134244
