ELO:926
CE_PASSEDPAWNS:0.4817448390028433
CE_PAWNWEAKNESSES:0.5138563959852078
CE_PIECEACTIVITY:0.5252631983390291
CE_KINGPAWNSHIELD:0.536230651398274
CE_PIECECOORDINATION:0.42198372826868025
CE_MATERIAL:0.45576691068035347
CE_KINGSAFETY:0.4908983149788744
C_PIECESQUARETABLES:0.49397087571504616
C_MOBILITY:0.4492770865547811
C_KINGSAFETY:0.47760816910653564
C_PAWNSTRUCTURE:0.49703895594731246
C_PIECECOORDINATION:0.502113223931626
C_ROOKANDPAWNMOVEMENT:0.502113223931626
C_CENTERCONTROL:0.5161297551974833
C_DEVELOPPIECES:0.486748857837689
C_MATERIAL:0.46578752166624116
