ELO:963
CE_PASSEDPAWNS:0.47772391971824674
CE_PAWNWEAKNESSES:0.4897246598628343
CE_PIECEACTIVITY:0.5094907196276255
CE_KINGPAWNSHIELD:0.5112219370952459
CE_PIECECOORDINATION:0.5063880368160238
CE_MATERIAL:0.4969515768195284
CE_KINGSAFETY:0.5022343344095881
C_PIECESQUARETABLES:0.46974009443592313
C_MOBILITY:0.4847799126920697
C_KINGSAFETY:0.5189849696157386
C_PAWNSTRUCTURE:0.49158097534861867
C_PIECECOORDINATION:0.5235318958021999
C_ROOKANDPAWNMOVEMENT:0.5235318958021999
C_CENTERCONTROL:0.4975929795623627
C_DEVELOPPIECES:0.4969902750696106
C_MATERIAL:0.4835527175409889
C_MOVECOUNT:0.5
