ELO:1003
CE_PASSEDPAWNS:0.5184021598959314
CE_PAWNWEAKNESSES:0.48044970254964814
CE_PIECEACTIVITY:0.5007864129201585
CE_KINGPAWNSHIELD:0.5031064139566253
CE_PIECECOORDINATION:0.4995495784125249
CE_MATERIAL:0.5017776053419655
CE_KINGSAFETY:0.5
C_PIECESQUARETABLES:0.5
C_MOBILITY:0.4991298812753519
C_KINGSAFETY:0.502887358141681
C_PAWNSTRUCTURE:0.5032538718966691
C_PIECECOORDINATION:0.48041066229420215
C_ROOKANDPAWNMOVEMENT:0.48041066229420215
C_CENTERCONTROL:0.5151057053212249
C_DEVELOPPIECES:0.5105054271439102
C_MATERIAL:0.5
C_MOVECOUNT:0.49115120210843366
