ELO:956
CE_PASSEDPAWNS:0.5302621798370983
CE_PAWNWEAKNESSES:0.527093190017003
CE_PIECEACTIVITY:0.5065864056579285
CE_KINGPAWNSHIELD:0.4973023102608695
CE_PIECECOORDINATION:0.5006972088949181
CE_MATERIAL:0.5109917180846185
CE_KINGSAFETY:0.5051407513733489
C_PIECESQUARETABLES:0.4709737651914634
C_MOBILITY:0.4779382782345156
C_KINGSAFETY:0.5231412281057162
C_PAWNSTRUCTURE:0.4977165927753336
C_PIECECOORDINATION:0.5146309186912698
C_ROOKANDPAWNMOVEMENT:0.5146309186912698
C_CENTERCONTROL:0.5135067001696052
C_DEVELOPPIECES:0.5038770800471503
C_MATERIAL:0.5124648117005972
C_MOVECOUNT:0.5120848949277421
