ELO:994
CE_PASSEDPAWNS:0.5053649694425523
CE_PAWNWEAKNESSES:0.5203944526917241
CE_PIECEACTIVITY:0.5975814565428466
CE_KINGPAWNSHIELD:0.47296228941213614
CE_PIECECOORDINATION:0.46544225017118723
CE_MATERIAL:0.5532904106511737
CE_KINGSAFETY:0.5
C_PIECESQUARETABLES:0.5
C_MOBILITY:0.580479941274235
C_KINGSAFETY:0.5077087654596292
C_PAWNSTRUCTURE:0.487125904442712
C_PIECECOORDINATION:0.536466045091839
C_ROOKANDPAWNMOVEMENT:0.536466045091839
C_CENTERCONTROL:0.3628208528192532
C_DEVELOPPIECES:0.5933423053266473
C_MATERIAL:0.5846677000346486
