ELO:954
CE_PASSEDPAWNS:0.5225793331625053
CE_PAWNWEAKNESSES:0.52179971978452
CE_PIECEACTIVITY:0.4866256631802523
CE_KINGPAWNSHIELD:0.5445848241155508
CE_PIECECOORDINATION:0.4448751012609067
CE_MATERIAL:0.43003151342296403
CE_KINGSAFETY:0.5008501858610391
C_PIECESQUARETABLES:0.5147600518736544
C_MOBILITY:0.4704724139950063
C_KINGSAFETY:0.46685400050537623
C_PAWNSTRUCTURE:0.47751730193194325
C_PIECECOORDINATION:0.5424193654046496
C_ROOKANDPAWNMOVEMENT:0.5424193654046496
C_CENTERCONTROL:0.5448877985010177
C_DEVELOPPIECES:0.4813952403060334
C_MATERIAL:0.4851498422223081
