ELO:974
CE_PASSEDPAWNS:0.5889466384217903
CE_PAWNWEAKNESSES:0.5381044318592555
CE_PIECEACTIVITY:0.4785305099718288
CE_KINGPAWNSHIELD:0.5058089250342103
CE_PIECECOORDINATION:0.5378987187068864
CE_MATERIAL:0.40217553256011906
CE_KINGSAFETY:0.508658116669571
C_PIECESQUARETABLES:0.4904547271257491
C_MOBILITY:0.4896572552860642
C_KINGSAFETY:0.5144312342727457
C_PAWNSTRUCTURE:0.5083560009735941
C_PIECECOORDINATION:0.4763213513424426
C_ROOKANDPAWNMOVEMENT:0.4763213513424426
C_CENTERCONTROL:0.5392599761057144
C_DEVELOPPIECES:0.5553523438737398
C_MATERIAL:0.4638429745571095
