ELO:972
CE_PASSEDPAWNS:0.5213989215321505
CE_PAWNWEAKNESSES:0.5086016739899283
CE_PIECEACTIVITY:0.4829580455561857
CE_KINGPAWNSHIELD:0.46254516528998
CE_PIECECOORDINATION:0.5150212016388973
CE_MATERIAL:0.531904011473581
CE_KINGSAFETY:0.5041237353775763
C_PIECESQUARETABLES:0.5051537293117403
C_MOBILITY:0.5177194757079142
C_KINGSAFETY:0.47269529548353006
C_PAWNSTRUCTURE:0.4659065867261482
C_PIECECOORDINATION:0.48914401783364175
C_ROOK:0.48302871583125734
CE_ROOK:0.52972789160129
C_CENTERCONTROL:0.4988320847300793
C_DEVELOPPIECES:0.49678806766725664
C_MATERIAL:0.4638164874090927
C_MOVECOUNT:0.49432926023538254
C_PAWNMOVEMENT:0.4964851042890065
