ELO:1000
CE_PASSEDPAWNS:0.531763215149003
CE_PAWNWEAKNESSES:0.4733807168689649
CE_PIECEACTIVITY:0.5055172061760963
CE_KINGPAWNSHIELD:0.47961544212267754
CE_PIECECOORDINATION:0.5211104375314204
CE_MATERIAL:0.4884198901137895
CE_KINGSAFETY:0.5258842014777879
C_PIECESQUARETABLES:0.5016173236009468
C_MOBILITY:0.47370383138985256
C_KINGSAFETY:0.5173515009823247
C_PAWNSTRUCTURE:0.5214914502905218
C_PIECECOORDINATION:0.4709768632978197
C_ROOKANDPAWNMOVEMENT:0.4709768632978197
C_CENTERCONTROL:0.5097616053074187
C_DEVELOPPIECES:0.523072752606261
C_MATERIAL:0.4846030741117497
