ELO:972
CE_PASSEDPAWNS:0.5
CE_PAWNWEAKNESSES:0.5
CE_PIECEACTIVITY:0.5014669924032714
CE_KINGPAWNSHIELD:0.4964789843871054
CE_PIECECOORDINATION:0.5
CE_MATERIAL:0.4895084298881926
CE_KINGSAFETY:0.507103710479099
C_PIECESQUARETABLES:0.4953052389716611
C_MOBILITY:0.4999447680388747
C_KINGSAFETY:0.5
C_PAWNSTRUCTURE:0.49837789775954505
C_PIECECOORDINATION:0.5150098604644517
C_ROOKANDPAWNMOVEMENT:0.5150098604644517
C_CENTERCONTROL:0.5372293381349564
C_DEVELOPPIECES:0.49751918688554947
C_MATERIAL:0.499648632971149
C_MOVECOUNT:0.5
