ELO:939
CE_PASSEDPAWNS:0.5536688612154432
CE_PAWNWEAKNESSES:0.4417626203655458
CE_PIECEACTIVITY:0.48302643964041353
CE_KINGPAWNSHIELD:0.5839599589451933
CE_PIECECOORDINATION:0.6107670590949684
CE_MATERIAL:0.36943926156174395
CE_KINGSAFETY:0.5008704698933243
C_PIECESQUARETABLES:0.47415689955725626
C_MOBILITY:0.4914533199159666
C_KINGSAFETY:0.5498526179131559
C_PAWNSTRUCTURE:0.5057601097896263
C_PIECECOORDINATION:0.5900501212223285
C_ROOKANDPAWNMOVEMENT:0.5900501212223285
C_CENTERCONTROL:0.6563561535514233
C_DEVELOPPIECES:0.5000969011482476
C_MATERIAL:0.44973193736899986
