ELO:956
CE_PASSEDPAWNS:0.4870859737776531
CE_PAWNWEAKNESSES:0.44563494857637553
CE_PIECEACTIVITY:0.47705492731080373
CE_KINGPAWNSHIELD:0.528141777037151
CE_PIECECOORDINATION:0.5364385647247689
CE_MATERIAL:0.4490203217062391
CE_KINGSAFETY:0.509602373708108
C_PIECESQUARETABLES:0.5119646781927149
C_MOBILITY:0.4863351613990192
C_KINGSAFETY:0.535667993606246
C_PAWNSTRUCTURE:0.4493647933634004
C_PIECECOORDINATION:0.5471678647682227
C_ROOKANDPAWNMOVEMENT:0.5471678647682227
C_CENTERCONTROL:0.559567443015288
C_DEVELOPPIECES:0.4924260288416632
C_MATERIAL:0.4294467822766302
