ELO:978
CE_PASSEDPAWNS:0.48026283700939615
CE_PAWNWEAKNESSES:0.48619080159416406
CE_PIECEACTIVITY:0.46411268055072163
CE_KINGPAWNSHIELD:0.5218611231548014
CE_PIECECOORDINATION:0.5323784460968791
CE_MATERIAL:0.4709450241550133
CE_KINGSAFETY:0.4894009808640235
C_PIECESQUARETABLES:0.4951236798003806
C_MOBILITY:0.4184353131583816
C_KINGSAFETY:0.5931233945532277
C_PAWNSTRUCTURE:0.5287756682896897
C_PIECECOORDINATION:0.5278252516644804
C_ROOKANDPAWNMOVEMENT:0.5278252516644804
C_CENTERCONTROL:0.5271747698308095
C_DEVELOPPIECES:0.5045430080944143
C_MATERIAL:0.5256410780673069
