ELO:909
CE_PASSEDPAWNS:0.4668113693660596
CE_PAWNWEAKNESSES:0.5715745140016091
CE_PIECEACTIVITY:0.4969561376470268
CE_KINGPAWNSHIELD:0.668811796158872
CE_PIECECOORDINATION:0.5398896500006081
CE_MATERIAL:0.4566580982757412
CE_KINGSAFETY:0.5241327933218467
C_PIECESQUARETABLES:0.5144537772406145
C_MOBILITY:0.39237495004242895
C_KINGSAFETY:0.5762166534714857
C_PAWNSTRUCTURE:0.5527840537802408
C_PIECECOORDINATION:0.5141452524019621
C_ROOKANDPAWNMOVEMENT:0.5141452524019621
C_CENTERCONTROL:0.565747142065942
C_DEVELOPPIECES:0.47408625993471215
C_MATERIAL:0.6020153319474852
