ELO:1000
CE_PASSEDPAWNS:0.531763215149003
CE_PAWNWEAKNESSES:0.4717492478911499
CE_PIECEACTIVITY:0.5189861119092014
CE_KINGPAWNSHIELD:0.4737596127598115
CE_PIECECOORDINATION:0.5143624357830747
CE_MATERIAL:0.49663087290818786
CE_KINGSAFETY:0.5414255560936311
C_PIECESQUARETABLES:0.5016173236009468
C_MOBILITY:0.48566384216951175
C_KINGSAFETY:0.5214717001171152
C_PAWNSTRUCTURE:0.5142927301772835
C_PIECECOORDINATION:0.48162951928283465
C_ROOKANDPAWNMOVEMENT:0.48162951928283465
C_CENTERCONTROL:0.4976072952217963
C_DEVELOPPIECES:0.5309693028570102
C_MATERIAL:0.4860331831565272
