ELO:980
CE_PASSEDPAWNS:0.491747881788645
CE_PAWNWEAKNESSES:0.5009815045117766
CE_PIECEACTIVITY:0.5087196150718003
CE_KINGPAWNSHIELD:0.48044329858489804
CE_PIECECOORDINATION:0.47993802728617596
CE_MATERIAL:0.4937351379231985
CE_KINGSAFETY:0.5029390863482203
C_PIECESQUARETABLES:0.479425487093598
C_MOBILITY:0.49693538528239267
C_KINGSAFETY:0.4646896734109885
C_PAWNSTRUCTURE:0.5144474555737049
C_PIECECOORDINATION:0.4691712025364232
C_ROOKANDPAWNMOVEMENT:0.4691712025364232
C_CENTERCONTROL:0.4820421879154429
C_DEVELOPPIECES:0.4546273786682126
C_MATERIAL:0.47792370254423716
C_MOVECOUNT:0.5265442293988872
