ELO:1102
CE_PASSEDPAWNS:0.6216628427623379
CE_PAWNWEAKNESSES:0.48947306318069506
CE_PIECEACTIVITY:0.4725190779753474
CE_KINGPAWNSHIELD:0.4888774821619666
CE_PIECECOORDINATION:0.46422211277926173
CE_MATERIAL:0.45398262924940724
CE_KINGSAFETY:0.5
C_PIECESQUARETABLES:0.5
C_MOBILITY:0.42105203460517804
C_KINGSAFETY:0.5076807408223325
C_PAWNSTRUCTURE:0.41035555549207303
C_PIECECOORDINATION:0.4700730244877778
C_ROOKANDPAWNMOVEMENT:0.4700730244877778
C_CENTERCONTROL:0.5314994271730811
C_DEVELOPPIECES:0.5757913049809192
C_MATERIAL:0.42037145141469806
