ELO:1000
CE_PASSEDPAWNS:0.5159029776851399
CE_PAWNWEAKNESSES:0.49044779573426767
CE_PIECEACTIVITY:0.48399149650302925
CE_KINGPAWNSHIELD:0.5022253329985175
CE_PIECECOORDINATION:0.5371683462236947
CE_MATERIAL:0.47214028156692295
CE_KINGSAFETY:0.5035090120209272
C_PIECESQUARETABLES:0.5155931237772641
C_MOBILITY:0.4997154073631724
C_KINGSAFETY:0.4596814855048127
C_PAWNSTRUCTURE:0.5015362215094825
C_PIECECOORDINATION:0.5016013102277518
C_ROOKANDPAWNMOVEMENT:0.5016013102277518
C_CENTERCONTROL:0.5312536364737178
C_DEVELOPPIECES:0.48699146361448453
C_MATERIAL:0.46149274330406875
