ELO:972
CE_PASSEDPAWNS:0.46762432755570027
CE_PAWNWEAKNESSES:0.4432423174212223
CE_PIECEACTIVITY:0.4555477903893605
CE_KINGPAWNSHIELD:0.508594833867652
CE_PIECECOORDINATION:0.5324256548962027
CE_MATERIAL:0.4464066359776616
CE_KINGSAFETY:0.5003049402517771
C_PIECESQUARETABLES:0.4715514814069157
C_MOBILITY:0.48869739222584446
C_KINGSAFETY:0.524038594615943
C_PAWNSTRUCTURE:0.5071441078843866
C_PIECECOORDINATION:0.5468925892430333
C_ROOKANDPAWNMOVEMENT:0.5468925892430333
C_CENTERCONTROL:0.5749058557394373
C_DEVELOPPIECES:0.48939124089419533
C_MATERIAL:0.4273698084689014
