ELO:1000
CE_PASSEDPAWNS:0.5238444629155501
CE_PAWNWEAKNESSES:0.5002331619457985
CE_PIECEACTIVITY:0.5189861119092014
CE_KINGPAWNSHIELD:0.4737596127598115
CE_PIECECOORDINATION:0.5240967261126619
CE_MATERIAL:0.49663087290818786
CE_KINGSAFETY:0.5096094748424204
C_PIECESQUARETABLES:0.5020951227116056
C_MOBILITY:0.4859052088609334
C_KINGSAFETY:0.5217614499487556
C_PAWNSTRUCTURE:0.5004849769789029
C_PIECECOORDINATION:0.4954667912434709
C_ROOKANDPAWNMOVEMENT:0.4954667912434709
C_CENTERCONTROL:0.5079305425354477
C_DEVELOPPIECES:0.5217854234690404
C_MATERIAL:0.48694529443812706
