ELO:941
CE_PASSEDPAWNS:0.5722292401068856
CE_PAWNWEAKNESSES:0.44721243944607497
CE_PIECEACTIVITY:0.48184422673084665
CE_KINGPAWNSHIELD:0.5775895552767591
CE_PIECECOORDINATION:0.5972414942310731
CE_MATERIAL:0.3539175942860192
CE_KINGSAFETY:0.5084846480963001
C_PIECESQUARETABLES:0.47507289649678097
C_MOBILITY:0.47330315367351145
C_KINGSAFETY:0.5330011718224825
C_PAWNSTRUCTURE:0.5057601097896263
C_PIECECOORDINATION:0.592922009718508
C_ROOKANDPAWNMOVEMENT:0.592922009718508
C_CENTERCONTROL:0.6487634927090224
C_DEVELOPPIECES:0.47980815482733924
C_MATERIAL:0.4581186031561106
