ELO:988
CE_PASSEDPAWNS:0.5040112776306572
CE_PAWNWEAKNESSES:0.5098082122670942
CE_PIECEACTIVITY:0.5101190841718919
CE_KINGPAWNSHIELD:0.4076561608377238
CE_PIECECOORDINATION:0.45379494742948934
CE_MATERIAL:0.5469629916345984
CE_KINGSAFETY:0.49090430982092015
C_PIECESQUARETABLES:0.49360357398082183
C_MOBILITY:0.5002181467903688
C_KINGSAFETY:0.5146272065354888
C_PAWNSTRUCTURE:0.5113650069977819
C_PIECECOORDINATION:0.5224054938398036
C_ROOKANDPAWNMOVEMENT:0.5224054938398036
C_CENTERCONTROL:0.39139694384721485
C_DEVELOPPIECES:0.4994548823351694
C_MATERIAL:0.5859692747107864
