ELO:972
CE_PASSEDPAWNS:0.49330939824855746
CE_PAWNWEAKNESSES:0.4791246291295596
CE_PIECEACTIVITY:0.5116386082260647
CE_KINGPAWNSHIELD:0.4450840644913389
CE_PIECECOORDINATION:0.5
CE_MATERIAL:0.5114357781599603
CE_KINGSAFETY:0.5041098940354027
C_PIECESQUARETABLES:0.5
C_MOBILITY:0.4911321836831507
C_KINGSAFETY:0.4641765932092857
C_PAWNSTRUCTURE:0.5028679110775031
C_PIECECOORDINATION:0.4991215494727537
C_ROOKANDPAWNMOVEMENT:0.4991215494727537
C_CENTERCONTROL:0.5168444446390068
C_DEVELOPPIECES:0.49751918688554947
C_MATERIAL:0.4916828004570706
C_MOVECOUNT:0.5
