ELO:950
CE_PASSEDPAWNS:0.5081601587848602
CE_PAWNWEAKNESSES:0.5426412462984979
CE_PIECEACTIVITY:0.499274314324362
CE_KINGPAWNSHIELD:0.46462512544660395
CE_PIECECOORDINATION:0.523095152156331
CE_MATERIAL:0.5348665680251617
CE_KINGSAFETY:0.5
C_PIECESQUARETABLES:0.5
C_MOBILITY:0.5200675868890042
C_KINGSAFETY:0.478478250197009
C_PAWNSTRUCTURE:0.47357062652410453
C_PIECECOORDINATION:0.48231020365553867
C_ROOK:0.4643522204022843
CE_ROOK:0.53250464382545
C_CENTERCONTROL:0.49415784653151357
C_DEVELOPPIECES:0.46257167637646995
C_MATERIAL:0.493296467179468
C_MOVECOUNT:0.5088162231353252
C_PAWNMOVEMENT:0.49686627398986233
