ELO:976
CE_PASSEDPAWNS:0.5055308298108852
CE_PAWNWEAKNESSES:0.537126472464503
CE_PIECEACTIVITY:0.5003015447387309
CE_KINGPAWNSHIELD:0.5304875210963226
CE_PIECECOORDINATION:0.5155734835611993
CE_MATERIAL:0.5069059069187315
CE_KINGSAFETY:0.5
C_PIECESQUARETABLES:0.5
C_MOBILITY:0.5325142224157963
C_KINGSAFETY:0.4803395367558982
C_PAWNSTRUCTURE:0.49051402911238096
C_PIECECOORDINATION:0.48724995793619097
C_ROOK:0.4849052009600495
CE_ROOK:0.47440936877793655
C_CENTERCONTROL:0.5032052031005103
C_DEVELOPPIECES:0.5008670740254423
C_MATERIAL:0.5204227112105154
C_MOVECOUNT:0.4948981107875563
C_PAWNMOVEMENT:0.5235422462285775
