ELO:751
CE_PASSEDPAWNS:0.4687364677898523
CE_PAWNWEAKNESSES:0.5162567779195212
CE_PIECEACTIVITY:0.5030694331330813
CE_KINGPAWNSHIELD:0.5422967254348016
CE_PIECECOORDINATION:0.5345577062978661
CE_MATERIAL:0.4140312864908664
CE_KINGSAFETY:0.4881680721092784
C_PIECESQUARETABLES:0.4442750209548815
C_MOBILITY:0.4703280772198653
C_KINGSAFETY:0.5148257200422304
C_PAWNSTRUCTURE:0.5176778284177445
C_PIECECOORDINATION:0.4800060138435988
C_ROOKANDPAWNMOVEMENT:0.4800060138435988
C_CENTERCONTROL:0.45823206912672043
C_DEVELOPPIECES:0.5226925894023993
C_MATERIAL:0.5321340746573692
C_MOVECOUNT:0.5
