ELO:1014
CE_PASSEDPAWNS:0.492996268522874
CE_PAWNWEAKNESSES:0.4885928658219867
CE_PIECEACTIVITY:0.5213877226911842
CE_KINGPAWNSHIELD:0.49822710391222114
CE_PIECECOORDINATION:0.49369526425661475
CE_MATERIAL:0.5087217443761004
CE_KINGSAFETY:0.49581962127275414
C_PIECESQUARETABLES:0.5
C_MOBILITY:0.5340074027526001
C_KINGSAFETY:0.5024156315615512
C_PAWNSTRUCTURE:0.5
C_PIECECOORDINATION:0.49820946132110183
C_ROOKANDPAWNMOVEMENT:0.49820946132110183
C_CENTERCONTROL:0.5061954180958997
C_DEVELOPPIECES:0.5121502284237234
C_MATERIAL:0.511086742047386
