ELO:826
CE_PASSEDPAWNS:0.40878264696645616
CE_PAWNWEAKNESSES:0.5210476903866733
CE_PIECEACTIVITY:0.5551738500111677
CE_KINGPAWNSHIELD:0.514641169970323
CE_PIECECOORDINATION:0.49685902806833093
CE_MATERIAL:0.5526775020755859
CE_KINGSAFETY:0.5073857382734435
C_PIECESQUARETABLES:0.4267381632761487
C_MOBILITY:0.507109813434961
C_KINGSAFETY:0.5589838173934926
C_PAWNSTRUCTURE:0.49240941323877724
C_PIECECOORDINATION:0.5359678558441279
C_ROOKANDPAWNMOVEMENT:0.5359678558441279
C_CENTERCONTROL:0.5580243750192517
C_DEVELOPPIECES:0.4258371523540155
C_MATERIAL:0.40490453131709475
