ELO:1000
CE_PASSEDPAWNS:0.4932952635576483
CE_PAWNWEAKNESSES:0.4618914738103707
CE_PIECEACTIVITY:0.46591192818669164
CE_KINGPAWNSHIELD:0.5121342311129279
CE_PIECECOORDINATION:0.5571436111667062
CE_MATERIAL:0.4815391536431051
CE_KINGSAFETY:0.5
C_PIECESQUARETABLES:0.5
C_MOBILITY:0.4652716344988671
C_KINGSAFETY:0.4770402197663869
C_PAWNSTRUCTURE:0.5011986804006282
C_PIECECOORDINATION:0.5213014960912249
C_ROOKANDPAWNMOVEMENT:0.5213014960912249
C_CENTERCONTROL:0.5462559603475733
C_DEVELOPPIECES:0.4826275251019678
C_MATERIAL:0.45507334221864504
