ELO:914
CE_PASSEDPAWNS:0.5363386437081455
CE_PAWNWEAKNESSES:0.45518117025250293
CE_PIECEACTIVITY:0.5017852537331138
CE_KINGPAWNSHIELD:0.5603719163721209
CE_PIECECOORDINATION:0.6044860415430742
CE_MATERIAL:0.38713014152058534
CE_KINGSAFETY:0.517201091771557
C_PIECESQUARETABLES:0.4968005552862603
C_MOBILITY:0.5023951529453975
C_KINGSAFETY:0.5188039393803738
C_PAWNSTRUCTURE:0.5160223401565883
C_PIECECOORDINATION:0.5747515708174182
C_ROOKANDPAWNMOVEMENT:0.5747515708174182
C_CENTERCONTROL:0.633618538380903
C_DEVELOPPIECES:0.5131198617006489
C_MATERIAL:0.46364334704238647
