ELO:991
CE_PASSEDPAWNS:0.5102744144306244
CE_PAWNWEAKNESSES:0.4948879473755176
CE_PIECEACTIVITY:0.4792452923090609
CE_KINGPAWNSHIELD:0.48463870214738514
CE_PIECECOORDINATION:0.5440321498661864
CE_MATERIAL:0.4702816493771911
CE_KINGSAFETY:0.5601588594649921
C_PIECESQUARETABLES:0.47567275372474654
C_MOBILITY:0.42631524567348095
C_KINGSAFETY:0.5872526151919867
C_PAWNSTRUCTURE:0.5062852691184208
C_PIECECOORDINATION:0.5056632662486973
C_ROOKANDPAWNMOVEMENT:0.5056632662486973
C_CENTERCONTROL:0.5090739803316954
C_DEVELOPPIECES:0.4901204034017304
C_MATERIAL:0.4970704870349963
