ELO:1000
CE_PASSEDPAWNS:0.5100880758606902
CE_PAWNWEAKNESSES:0.4770388983838384
CE_PIECEACTIVITY:0.5026616121554712
CE_KINGPAWNSHIELD:0.48855013664686026
CE_PIECECOORDINATION:0.5296794116575605
CE_MATERIAL:0.5059068805014894
CE_KINGSAFETY:0.5122612747955764
C_PIECESQUARETABLES:0.5010544746956794
C_MOBILITY:0.43899208547455437
C_KINGSAFETY:0.5738021918346133
C_PAWNSTRUCTURE:0.5269381528641424
C_PIECECOORDINATION:0.49003074990785433
C_ROOKANDPAWNMOVEMENT:0.49003074990785433
C_CENTERCONTROL:0.5119228489047108
C_DEVELOPPIECES:0.5214398356227742
C_MATERIAL:0.48130100230792083
