ELO:939
CE_PASSEDPAWNS:0.46755316597754065
CE_PAWNWEAKNESSES:0.5326080361812877
CE_PIECEACTIVITY:0.5245340375560865
CE_KINGPAWNSHIELD:0.6113317321504054
CE_PIECECOORDINATION:0.5434720093007908
CE_MATERIAL:0.41474720429772377
CE_KINGSAFETY:0.5055742281981941
C_PIECESQUARETABLES:0.5125506546894706
C_MOBILITY:0.4145364289257774
C_KINGSAFETY:0.608351112322758
C_PAWNSTRUCTURE:0.5351343992250265
C_PIECECOORDINATION:0.513017268038071
C_ROOKANDPAWNMOVEMENT:0.513017268038071
C_CENTERCONTROL:0.575831455725708
C_DEVELOPPIECES:0.5156137344110634
C_MATERIAL:0.574844522550533
