ELO:1116
CE_PASSEDPAWNS:0.5971056007484006
CE_PAWNWEAKNESSES:0.5071463909540176
CE_PIECEACTIVITY:0.46527817106756897
CE_KINGPAWNSHIELD:0.4888774821619666
CE_PIECECOORDINATION:0.4868705336066179
CE_MATERIAL:0.3891434480770346
CE_KINGSAFETY:0.5
C_PIECESQUARETABLES:0.5345303170352557
C_MOBILITY:0.5335361914694342
C_KINGSAFETY:0.5122889829890879
C_PAWNSTRUCTURE:0.39498788540612545
C_PIECECOORDINATION:0.4945627031105577
C_ROOKANDPAWNMOVEMENT:0.4945627031105577
C_CENTERCONTROL:0.510401323619122
C_DEVELOPPIECES:0.5034004472324135
C_MATERIAL:0.40946985913699896
