ELO:948
CE_PASSEDPAWNS:0.49049632818482897
CE_PAWNWEAKNESSES:0.4842463724880897
CE_PIECEACTIVITY:0.5117897574534136
CE_KINGPAWNSHIELD:0.4821274597313707
CE_PIECECOORDINATION:0.49429309355096007
CE_MATERIAL:0.5129790975335107
CE_KINGSAFETY:0.5
C_PIECESQUARETABLES:0.49747073180403006
C_MOBILITY:0.49272301976674315
C_KINGSAFETY:0.48031246186993953
C_PAWNSTRUCTURE:0.5042459544557536
C_PIECECOORDINATION:0.48021394885507973
C_ROOKANDPAWNMOVEMENT:0.48021394885507973
C_CENTERCONTROL:0.490831939715832
C_DEVELOPPIECES:0.48006919685768973
C_MATERIAL:0.4959376719786066
C_MOVECOUNT:0.5109197143139205
