ELO:992
CE_PASSEDPAWNS:0.5056050335910964
CE_PAWNWEAKNESSES:0.4931749743950558
CE_PIECEACTIVITY:0.4992207817479788
CE_KINGPAWNSHIELD:0.5083946540961664
CE_PIECECOORDINATION:0.5121972334178477
CE_MATERIAL:0.486576396126511
CE_KINGSAFETY:0.49918766833891026
C_PIECESQUARETABLES:0.4896563115162005
C_MOBILITY:0.49123352950721194
C_KINGSAFETY:0.5043455136844008
C_PAWNSTRUCTURE:0.5104808277138384
C_PIECECOORDINATION:0.4980093832994292
C_ROOKANDPAWNMOVEMENT:0.4980093832994292
C_CENTERCONTROL:0.48919644563716497
C_DEVELOPPIECES:0.5
C_MATERIAL:0.4918742535824177
C_MOVECOUNT:0.5
