ELO:986
CE_PASSEDPAWNS:0.5067084670801703
CE_PAWNWEAKNESSES:0.492404666908673
CE_PIECEACTIVITY:0.5
CE_KINGPAWNSHIELD:0.5002856131989022
CE_PIECECOORDINATION:0.4887956601837822
CE_MATERIAL:0.504954487075046
CE_KINGSAFETY:0.5
C_PIECESQUARETABLES:0.5
C_MOBILITY:0.5063871442584309
C_KINGSAFETY:0.5055778245344458
C_PAWNSTRUCTURE:0.5047812133669892
C_PIECECOORDINATION:0.49349141095327975
C_ROOKANDPAWNMOVEMENT:0.49349141095327975
C_CENTERCONTROL:0.4899246329553634
C_DEVELOPPIECES:0.5088950394539683
C_MATERIAL:0.5023081761541369
C_MOVECOUNT:0.5
