ELO:941
CE_PASSEDPAWNS:0.5130776474556596
CE_PAWNWEAKNESSES:0.5195557643690026
CE_PIECEACTIVITY:0.502591166852412
CE_KINGPAWNSHIELD:0.46561089384080856
CE_PIECECOORDINATION:0.523095152156331
CE_MATERIAL:0.5298664697438948
CE_KINGSAFETY:0.48690199374623633
C_PIECESQUARETABLES:0.476787895173193
C_MOBILITY:0.5200675868890042
C_KINGSAFETY:0.478478250197009
C_PAWNSTRUCTURE:0.47546226814381476
C_PIECECOORDINATION:0.4813598068232954
C_ROOK:0.4742203375718482
CE_ROOK:0.53250464382545
C_CENTERCONTROL:0.49422816211645554
C_DEVELOPPIECES:0.47814681961426925
C_MATERIAL:0.48171691919843124
C_MOVECOUNT:0.5205095259445292
C_PAWNMOVEMENT:0.5059806754692414
