ELO:866
CE_PASSEDPAWNS:0.3878616171555644
CE_PAWNWEAKNESSES:0.5302470966805459
CE_PIECEACTIVITY:0.5380985810276089
CE_KINGPAWNSHIELD:0.503111991249867
CE_PIECECOORDINATION:0.5052272609961912
CE_MATERIAL:0.5490259240811506
CE_KINGSAFETY:0.46340318914267314
C_PIECESQUARETABLES:0.43024287487971663
C_MOBILITY:0.507109813434961
C_KINGSAFETY:0.5575575113472043
C_PAWNSTRUCTURE:0.4995265762926754
C_PIECECOORDINATION:0.5282527325709527
C_ROOKANDPAWNMOVEMENT:0.5282527325709527
C_CENTERCONTROL:0.5613214353663409
C_DEVELOPPIECES:0.42837610017838834
C_MATERIAL:0.3873421469099629
