ELO:879
CE_PASSEDPAWNS:0.4907376054973789
CE_PAWNWEAKNESSES:0.5672139357200272
CE_PIECEACTIVITY:0.4676316124598314
CE_KINGPAWNSHIELD:0.49044247892263154
CE_PIECECOORDINATION:0.4986782563431015
CE_MATERIAL:0.48231886652044176
CE_KINGSAFETY:0.4648371138864973
C_PIECESQUARETABLES:0.5252022147452625
C_MOBILITY:0.5319809312564904
C_KINGSAFETY:0.5083222663917728
C_PAWNSTRUCTURE:0.516952288352425
C_PIECECOORDINATION:0.5482799099304713
C_ROOKANDPAWNMOVEMENT:0.5482799099304713
C_CENTERCONTROL:0.5519625101718115
C_DEVELOPPIECES:0.4753707319234686
C_MATERIAL:0.4682490527503048
C_MOVECOUNT:0.43962844795333894
