ELO:943
CE_PASSEDPAWNS:0.5013163675146612
CE_PAWNWEAKNESSES:0.512026621561495
CE_PIECEACTIVITY:0.502591166852412
CE_KINGPAWNSHIELD:0.45622120032508134
CE_PIECECOORDINATION:0.5186819855933633
CE_MATERIAL:0.5358457712211968
CE_KINGSAFETY:0.49426579283027056
C_PIECESQUARETABLES:0.49892897067714626
C_MOBILITY:0.5097457427368199
C_KINGSAFETY:0.4911335080267531
C_PAWNSTRUCTURE:0.47380067104049545
C_PIECECOORDINATION:0.4780803876739487
C_ROOK:0.4850114209105928
CE_ROOK:0.5311370536300113
C_CENTERCONTROL:0.4962086604906177
C_DEVELOPPIECES:0.4911723192415328
C_MATERIAL:0.4845035955921765
C_MOVECOUNT:0.511797033010346
C_PAWNMOVEMENT:0.5139494664915545
