ELO:933
CE_PASSEDPAWNS:0.45832369188626315
CE_PAWNWEAKNESSES:0.543055823245126
CE_PIECEACTIVITY:0.5280886981630946
CE_KINGPAWNSHIELD:0.6222039448881538
CE_PIECECOORDINATION:0.5610552125286372
CE_MATERIAL:0.4110106386600487
CE_KINGSAFETY:0.5170560395618092
C_PIECESQUARETABLES:0.5170779896973926
C_MOBILITY:0.4006803697106302
C_KINGSAFETY:0.593487704265441
C_PAWNSTRUCTURE:0.5351343992250265
C_PIECECOORDINATION:0.5142030384576632
C_ROOKANDPAWNMOVEMENT:0.5142030384576632
C_CENTERCONTROL:0.5583080751444464
C_DEVELOPPIECES:0.5143345904724643
C_MATERIAL:0.5715748026101797
