ELO:988
CE_PASSEDPAWNS:0.4993230982814977
CE_PAWNWEAKNESSES:0.5106708332464013
CE_PIECEACTIVITY:0.5115517959390631
CE_KINGPAWNSHIELD:0.41970959346021497
CE_PIECECOORDINATION:0.44538019471221774
CE_MATERIAL:0.5459676164494777
CE_KINGSAFETY:0.49090430982092015
C_PIECESQUARETABLES:0.5088849177329724
C_MOBILITY:0.49816549280442246
C_KINGSAFETY:0.5079857523581277
C_PAWNSTRUCTURE:0.5006281247243053
C_PIECECOORDINATION:0.5278954268536931
C_ROOKANDPAWNMOVEMENT:0.5278954268536931
C_CENTERCONTROL:0.3869882284328341
C_DEVELOPPIECES:0.4968200715906562
C_MATERIAL:0.5870573756948708
