ELO:745
CE_PASSEDPAWNS:0.3845227829593567
CE_PAWNWEAKNESSES:0.4928557091597974
CE_PIECEACTIVITY:0.5738593098199989
CE_KINGPAWNSHIELD:0.5032481053596796
CE_PIECECOORDINATION:0.4747524656119996
CE_MATERIAL:0.5492009327116543
CE_KINGSAFETY:0.5
C_PIECESQUARETABLES:0.5
C_MOBILITY:0.5138344230085622
C_KINGSAFETY:0.5460618927528121
C_PAWNSTRUCTURE:0.49465334636409153
C_PIECECOORDINATION:0.550964373075288
C_ROOKANDPAWNMOVEMENT:0.550964373075288
C_CENTERCONTROL:0.5156159969313465
C_DEVELOPPIECES:0.39209128591125325
C_MATERIAL:0.3906240109486702
