ELO:1016
CE_PASSEDPAWNS:0.5
CE_PAWNWEAKNESSES:0.5
CE_PIECEACTIVITY:0.49499679798820373
CE_KINGPAWNSHIELD:0.48902356621581455
CE_PIECECOORDINATION:0.5056631667794189
CE_MATERIAL:0.4997648603677989
CE_KINGSAFETY:0.5078788575717891
C_PIECESQUARETABLES:0.5
C_MOBILITY:0.5097828424117692
C_KINGSAFETY:0.4959771510758431
C_PAWNSTRUCTURE:0.5115120073356785
C_PIECECOORDINATION:0.5069795774787085
C_ROOKANDPAWNMOVEMENT:0.5069795774787085
C_CENTERCONTROL:0.4929669259042418
C_DEVELOPPIECES:0.4920191221341301
C_MATERIAL:0.5
