ELO:988
CE_PASSEDPAWNS:0.5040112776306572
CE_PAWNWEAKNESSES:0.5128889835512717
CE_PIECEACTIVITY:0.5101190841718919
CE_KINGPAWNSHIELD:0.4076561608377238
CE_PIECECOORDINATION:0.44538019471221774
CE_MATERIAL:0.5469629916345984
CE_KINGSAFETY:0.49090430982092015
C_PIECESQUARETABLES:0.49360357398082183
C_MOBILITY:0.49816549280442246
C_KINGSAFETY:0.5118961167478732
C_PAWNSTRUCTURE:0.4848126580324998
C_PIECECOORDINATION:0.5278954268536931
C_ROOKANDPAWNMOVEMENT:0.5278954268536931
C_CENTERCONTROL:0.3976101602692124
C_DEVELOPPIECES:0.4994548823351694
C_MATERIAL:0.5859692747107864
