ELO:930
CE_PASSEDPAWNS:0.5344378011687246
CE_PAWNWEAKNESSES:0.4522494810386186
CE_PIECEACTIVITY:0.4791422965900773
CE_KINGPAWNSHIELD:0.526062354531831
CE_PIECECOORDINATION:0.5610738819178307
CE_MATERIAL:0.5008515225805549
CE_KINGSAFETY:0.5
C_PIECESQUARETABLES:0.5
C_MOBILITY:0.5097692551312917
C_KINGSAFETY:0.5118601974454458
C_PAWNSTRUCTURE:0.457439898850345
C_PIECECOORDINATION:0.5185831459827874
C_ROOKANDPAWNMOVEMENT:0.5185831459827874
C_CENTERCONTROL:0.489618061115694
C_DEVELOPPIECES:0.538070481677479
C_MATERIAL:0.5
C_MOVECOUNT:0.5
