ELO:1015
CE_PASSEDPAWNS:0.4377952471982774
CE_PAWNWEAKNESSES:0.49266386044737176
CE_PIECEACTIVITY:0.49597761135632806
CE_KINGPAWNSHIELD:0.5
CE_PIECECOORDINATION:0.4968220738977996
CE_MATERIAL:0.5003214429765634
CE_KINGSAFETY:0.5247891425164668
C_PIECESQUARETABLES:0.5
C_MOBILITY:0.48652779322215495
C_KINGSAFETY:0.487329975508042
C_PAWNSTRUCTURE:0.48919823805117074
C_PIECECOORDINATION:0.5023181869044465
C_ROOKANDPAWNMOVEMENT:0.5023181869044465
C_CENTERCONTROL:0.4666246803793508
C_DEVELOPPIECES:0.4888748667940057
C_MATERIAL:0.5146780710460334
C_MOVECOUNT:0.5
