ELO:930
CE_PASSEDPAWNS:0.4976568019029979
CE_PAWNWEAKNESSES:0.5356143105110399
CE_PIECEACTIVITY:0.47924964250678026
CE_KINGPAWNSHIELD:0.5376787478798456
CE_PIECECOORDINATION:0.49759104629288403
CE_MATERIAL:0.5190745862569396
CE_KINGSAFETY:0.49410919675731524
C_PIECESQUARETABLES:0.5211325602147646
C_MOBILITY:0.5199124299300713
C_KINGSAFETY:0.49232687708796896
C_PAWNSTRUCTURE:0.5046948389853481
C_PIECECOORDINATION:0.4878034778241018
C_ROOKANDPAWNMOVEMENT:0.4878034778241018
C_CENTERCONTROL:0.45324527688019123
C_DEVELOPPIECES:0.492775041951954
C_MATERIAL:0.48211208397809696
C_MOVECOUNT:0.46801425698417487
