ELO:988
CE_PASSEDPAWNS:0.5073606242994348
CE_PAWNWEAKNESSES:0.5128889835512717
CE_PIECEACTIVITY:0.5012690113493613
CE_KINGPAWNSHIELD:0.4076561608377238
CE_PIECECOORDINATION:0.44538019471221774
CE_MATERIAL:0.5469629916345984
CE_KINGSAFETY:0.5
C_PIECESQUARETABLES:0.502081741597079
C_MOBILITY:0.4987468968522341
C_KINGSAFETY:0.5121973078884378
C_PAWNSTRUCTURE:0.4948487478309921
C_PIECECOORDINATION:0.5350567576815112
C_ROOKANDPAWNMOVEMENT:0.5350567576815112
C_CENTERCONTROL:0.3869882284328341
C_DEVELOPPIECES:0.5067495606305472
C_MATERIAL:0.5845203686849229
