ELO:988
CE_PASSEDPAWNS:0.4993230982814977
CE_PAWNWEAKNESSES:0.5166776348376224
CE_PIECEACTIVITY:0.5147464506829702
CE_KINGPAWNSHIELD:0.4076561608377238
CE_PIECECOORDINATION:0.44538019471221774
CE_MATERIAL:0.5529409014653436
CE_KINGSAFETY:0.5117428238865126
C_PIECESQUARETABLES:0.5
C_MOBILITY:0.4890422799538775
C_KINGSAFETY:0.5099560962720291
C_PAWNSTRUCTURE:0.5210575103955976
C_PIECECOORDINATION:0.5278954268536931
C_ROOKANDPAWNMOVEMENT:0.5278954268536931
C_CENTERCONTROL:0.3869882284328341
C_DEVELOPPIECES:0.4888734444630842
C_MATERIAL:0.5966813610868258
