ELO:942
CE_PASSEDPAWNS:0.5470369397594093
CE_PAWNWEAKNESSES:0.43624094081770903
CE_PIECEACTIVITY:0.49189119466204545
CE_KINGPAWNSHIELD:0.5093721921044174
CE_PIECECOORDINATION:0.5533992555143564
CE_MATERIAL:0.4399289704014128
CE_KINGSAFETY:0.4876292221774566
C_PIECESQUARETABLES:0.48734910354189975
C_MOBILITY:0.4751869227913026
C_KINGSAFETY:0.4909556579207346
C_PAWNSTRUCTURE:0.45754616752956623
C_PIECECOORDINATION:0.567606394349824
C_ROOKANDPAWNMOVEMENT:0.567606394349824
C_CENTERCONTROL:0.5755499438644246
C_DEVELOPPIECES:0.5137508622390043
C_MATERIAL:0.4631959579765348
