ELO:921
CE_PASSEDPAWNS:0.4976568019029979
CE_PAWNWEAKNESSES:0.5243719585188079
CE_PIECEACTIVITY:0.49671470798298484
CE_KINGPAWNSHIELD:0.5256183054602221
CE_PIECECOORDINATION:0.49366959402722904
CE_MATERIAL:0.5147974800427763
CE_KINGSAFETY:0.49410919675731524
C_PIECESQUARETABLES:0.5172759754104609
C_MOBILITY:0.5050207958527794
C_KINGSAFETY:0.4907835303269685
C_PAWNSTRUCTURE:0.4956899798075842
C_PIECECOORDINATION:0.494985053751356
C_ROOKANDPAWNMOVEMENT:0.494985053751356
C_CENTERCONTROL:0.4716672030187693
C_DEVELOPPIECES:0.49195098992645225
C_MATERIAL:0.4845555395046737
C_MOVECOUNT:0.4810600762989294
