ELO:967
CE_PASSEDPAWNS:0.5044932145150686
CE_PAWNWEAKNESSES:0.5798956034781987
CE_PIECEACTIVITY:0.5091928971121578
CE_KINGPAWNSHIELD:0.49734953987222474
CE_PIECECOORDINATION:0.49929773564137697
CE_MATERIAL:0.5200365486337605
CE_KINGSAFETY:0.501113839877765
C_PIECESQUARETABLES:0.5055900805970819
C_MOBILITY:0.5574144583283144
C_KINGSAFETY:0.5916370718683269
C_PAWNSTRUCTURE:0.5354559291400266
C_PIECECOORDINATION:0.49928392862775944
C_ROOKANDPAWNMOVEMENT:0.49928392862775944
C_CENTERCONTROL:0.4858249636702247
C_DEVELOPPIECES:0.5568342693830954
C_MATERIAL:0.5166601471119152
