ELO:996
CE_PASSEDPAWNS:0.47826707589249257
CE_PAWNWEAKNESSES:0.5120064949926836
CE_PIECEACTIVITY:0.4502928056576321
CE_KINGPAWNSHIELD:0.4716175812773594
CE_PIECECOORDINATION:0.48926876936174685
CE_MATERIAL:0.4800378368748485
CE_KINGSAFETY:0.5759216617257973
C_PIECESQUARETABLES:0.5512032451753415
C_MOBILITY:0.5258865284043359
C_KINGSAFETY:0.5850035799829385
C_PAWNSTRUCTURE:0.5622792017868875
C_PIECECOORDINATION:0.5154055454004014
C_ROOKANDPAWNMOVEMENT:0.5154055454004014
C_CENTERCONTROL:0.5282228198661602
C_DEVELOPPIECES:0.5287517966634265
C_MATERIAL:0.5176258793773645
