ELO:848
CE_PASSEDPAWNS:0.4960493886616008
CE_PAWNWEAKNESSES:0.4096745961976306
CE_PIECEACTIVITY:0.40824679781516227
CE_KINGPAWNSHIELD:0.5184668910520958
CE_PIECECOORDINATION:0.4870776584174387
CE_MATERIAL:0.434070802150978
CE_KINGSAFETY:0.4925022638276924
C_PIECESQUARETABLES:0.45086311831860326
C_MOBILITY:0.42598544202180677
C_KINGSAFETY:0.42634160319580455
C_PAWNSTRUCTURE:0.5184894424135567
C_PIECECOORDINATION:0.46369812820737416
C_ROOKANDPAWNMOVEMENT:0.46369812820737416
C_CENTERCONTROL:0.5236688622404332
C_DEVELOPPIECES:0.494144096726774
C_MATERIAL:0.46656281789493353
C_MOVECOUNT:0.45903106616416123
