ELO:950
CE_PASSEDPAWNS:0.4995793752186203
CE_PAWNWEAKNESSES:0.5037654798842798
CE_PIECEACTIVITY:0.45092163880964664
CE_KINGPAWNSHIELD:0.4960763984722779
CE_PIECECOORDINATION:0.5025305440435646
CE_MATERIAL:0.5401669673742754
CE_KINGSAFETY:0.5347293448166361
C_PIECESQUARETABLES:0.5161310343287969
C_MOBILITY:0.49422939238656133
C_KINGSAFETY:0.5181055871814244
C_PAWNSTRUCTURE:0.4608506016684559
C_PIECECOORDINATION:0.4841683320691723
C_ROOKANDPAWNMOVEMENT:0.4841683320691723
C_CENTERCONTROL:0.5472426894516543
C_DEVELOPPIECES:0.5292110552496039
C_MATERIAL:0.533165687335311
