ELO:990
CE_PASSEDPAWNS:0.5203846633106024
CE_PAWNWEAKNESSES:0.506056464590718
CE_PIECEACTIVITY:0.4956716045140448
CE_KINGPAWNSHIELD:0.5018722485889519
CE_PIECECOORDINATION:0.490308119639127
CE_MATERIAL:0.5380236664678851
CE_KINGSAFETY:0.4876019780257459
C_PIECESQUARETABLES:0.5222358323203998
C_MOBILITY:0.5002087369971602
C_KINGSAFETY:0.5348248144869554
C_PAWNSTRUCTURE:0.43352335038870254
C_PIECECOORDINATION:0.4877965444005698
C_ROOKANDPAWNMOVEMENT:0.4877965444005698
C_CENTERCONTROL:0.516356375435828
C_DEVELOPPIECES:0.4934508355432147
C_MATERIAL:0.49176522422470514
