ELO:1001
CE_PASSEDPAWNS:0.5061955910170673
CE_PAWNWEAKNESSES:0.4979351729731298
CE_PIECEACTIVITY:0.5134935318426774
CE_KINGPAWNSHIELD:0.48528424508666906
CE_PIECECOORDINATION:0.49420905972311896
CE_MATERIAL:0.49922542077883036
CE_KINGSAFETY:0.4819723055512025
C_PIECESQUARETABLES:0.5263264780496664
C_MOBILITY:0.4814576028126092
C_KINGSAFETY:0.5385024939355785
C_PAWNSTRUCTURE:0.44541556685373235
C_PIECECOORDINATION:0.48524644836939845
C_ROOKANDPAWNMOVEMENT:0.48524644836939845
C_CENTERCONTROL:0.5292702009191962
C_DEVELOPPIECES:0.4848918505063681
C_MATERIAL:0.5022903656455802
