ELO:897
CE_PASSEDPAWNS:0.5637413021128633
CE_PAWNWEAKNESSES:0.5496121731960968
CE_PIECEACTIVITY:0.5085423777518427
CE_KINGPAWNSHIELD:0.5445128927402874
CE_PIECECOORDINATION:0.5093403737619141
CE_MATERIAL:0.4760689378170871
CE_KINGSAFETY:0.458763740621135
C_PIECESQUARETABLES:0.6026599637790414
C_MOBILITY:0.5005411058235453
C_KINGSAFETY:0.4899533531235664
C_PAWNSTRUCTURE:0.46000926004254533
C_PIECECOORDINATION:0.48241059564855143
C_ROOKANDPAWNMOVEMENT:0.48241059564855143
C_CENTERCONTROL:0.498293648579124
C_DEVELOPPIECES:0.5838711179434724
C_MATERIAL:0.49699255686690597
