ELO:994
CE_PASSEDPAWNS:0.4877687717380703
CE_PAWNWEAKNESSES:0.5021945557893446
CE_PIECEACTIVITY:0.5024101602165953
CE_KINGPAWNSHIELD:0.496412185515138
CE_PIECECOORDINATION:0.49980833651149925
CE_MATERIAL:0.5075631928548875
CE_KINGSAFETY:0.5087964007324491
C_PIECESQUARETABLES:0.4937331344116797
C_MOBILITY:0.5107177923545497
C_KINGSAFETY:0.5010381378444078
C_PAWNSTRUCTURE:0.5300463484828083
C_PIECECOORDINATION:0.5077114404290473
C_ROOK:0.5200823711850658
CE_ROOK:0.5093890883335978
C_CENTERCONTROL:0.48995609432888004
C_DEVELOPPIECES:0.5079709222021641
C_MATERIAL:0.5074747804560799
C_MOVECOUNT:0.4983357429965887
C_PAWNMOVEMENT:0.4746726771866368
