ELO:1003
CE_PASSEDPAWNS:0.5
CE_PAWNWEAKNESSES:0.5
CE_PIECEACTIVITY:0.5
CE_KINGPAWNSHIELD:0.5
CE_PIECECOORDINATION:0.4696724593437243
CE_MATERIAL:0.5031057475759783
CE_KINGSAFETY:0.5
C_PIECESQUARETABLES:0.5
C_MOBILITY:0.5
C_KINGSAFETY:0.4894546646865681
C_PAWNSTRUCTURE:0.5046871865934044
C_PIECECOORDINATION:0.4822499809749561
C_ROOKANDPAWNMOVEMENT:0.4822499809749561
C_CENTERCONTROL:0.4999097099954237
C_DEVELOPPIECES:0.49252179270800767
C_MATERIAL:0.5084339252830132
C_MOVECOUNT:0.5
