ELO:999
CE_PASSEDPAWNS:0.527494111149836
CE_PAWNWEAKNESSES:0.5280064119555584
CE_PIECEACTIVITY:0.4840140107414309
CE_KINGPAWNSHIELD:0.4781534387530069
CE_PIECECOORDINATION:0.4858273279290439
CE_MATERIAL:0.48595362843010736
CE_KINGSAFETY:0.5
C_PIECESQUARETABLES:0.5
C_MOBILITY:0.4915316890614002
C_KINGSAFETY:0.5134337776982162
C_PAWNSTRUCTURE:0.5045709592369719
C_PIECECOORDINATION:0.535573438649579
C_ROOK:0.4784710806988522
CE_ROOK:0.5366552892179991
C_CENTERCONTROL:0.46548977497890054
C_DEVELOPPIECES:0.5073447937595761
C_MATERIAL:0.5127236135019748
C_MOVECOUNT:0.5200163951260378
C_PAWNMOVEMENT:0.5
