ELO:938
CE_PASSEDPAWNS:0.4818561768742061
CE_PAWNWEAKNESSES:0.5474722227616775
CE_PIECEACTIVITY:0.49301525772704713
CE_KINGPAWNSHIELD:0.49556508865864335
CE_PIECECOORDINATION:0.5543358415419124
CE_MATERIAL:0.5207106707863216
CE_KINGSAFETY:0.5291625365219509
C_PIECESQUARETABLES:0.4933347391163706
C_MOBILITY:0.5220606773932188
C_KINGSAFETY:0.5952261801010859
C_PAWNSTRUCTURE:0.5759091716707881
C_PIECECOORDINATION:0.5073301953265578
C_ROOKANDPAWNMOVEMENT:0.5073301953265578
C_CENTERCONTROL:0.4606397697355993
C_DEVELOPPIECES:0.5656048756245936
C_MATERIAL:0.5529176314234573
