ELO:999
CE_PASSEDPAWNS:0.4930606491233163
CE_PAWNWEAKNESSES:0.5204148202387374
CE_PIECEACTIVITY:0.5042349876417885
CE_KINGPAWNSHIELD:0.4790292834894403
CE_PIECECOORDINATION:0.519357377125772
CE_MATERIAL:0.47801577535742124
CE_KINGSAFETY:0.5
C_PIECESQUARETABLES:0.5
C_MOBILITY:0.49731012672220304
C_KINGSAFETY:0.48009155445001284
C_PAWNSTRUCTURE:0.5485870111896448
C_PIECECOORDINATION:0.4933292499088929
C_ROOK:0.5125433088455889
CE_ROOK:0.49750039337552343
C_CENTERCONTROL:0.49513549206104046
C_DEVELOPPIECES:0.4701634492206863
C_MATERIAL:0.499554118281984
C_MOVECOUNT:0.4908239890834365
C_PAWNMOVEMENT:0.5131532910449351
