ELO:887
CE_PASSEDPAWNS:0.5302003825109693
CE_PAWNWEAKNESSES:0.45380381581544776
CE_PIECEACTIVITY:0.4458957178483477
CE_KINGPAWNSHIELD:0.5091064186665273
CE_PIECECOORDINATION:0.49278068704588585
CE_MATERIAL:0.48788661791060167
CE_KINGSAFETY:0.5184745477408949
C_PIECESQUARETABLES:0.47852848953358007
C_MOBILITY:0.4386921282272324
C_KINGSAFETY:0.473539821151539
C_PAWNSTRUCTURE:0.5183458499944291
C_PIECECOORDINATION:0.4688956598990013
C_ROOKANDPAWNMOVEMENT:0.4688956598990013
C_CENTERCONTROL:0.5075932746347116
C_DEVELOPPIECES:0.4820241294262478
C_MATERIAL:0.48789011303910657
C_MOVECOUNT:0.471145716877635
