ELO:865
CE_PASSEDPAWNS:0.4842947354133321
CE_PAWNWEAKNESSES:0.566791144086433
CE_PIECEACTIVITY:0.5449946862714281
CE_KINGPAWNSHIELD:0.5002143014303426
CE_PIECECOORDINATION:0.47204569257816253
CE_MATERIAL:0.4501235476629495
CE_KINGSAFETY:0.5087310610053072
C_PIECESQUARETABLES:0.49067864357791885
C_MOBILITY:0.4572642317798429
C_KINGSAFETY:0.4252518808807852
C_PAWNSTRUCTURE:0.4975641151707094
C_PIECECOORDINATION:0.5516480848351352
C_ROOKANDPAWNMOVEMENT:0.5516480848351352
C_CENTERCONTROL:0.5009208669769512
C_DEVELOPPIECES:0.5418511067442063
C_MATERIAL:0.5534333166668177
