ELO:949
CE_PASSEDPAWNS:0.5071205058932626
CE_PAWNWEAKNESSES:0.5067943598674488
CE_PIECEACTIVITY:0.45417975470290073
CE_KINGPAWNSHIELD:0.5076598144648791
CE_PIECECOORDINATION:0.5116341808688717
CE_MATERIAL:0.5479486987307328
CE_KINGSAFETY:0.5195424831680443
C_PIECESQUARETABLES:0.49276908262318475
C_MOBILITY:0.49579267846350067
C_KINGSAFETY:0.5025353566346504
C_PAWNSTRUCTURE:0.46059197695496273
C_PIECECOORDINATION:0.4769173562704387
C_ROOKANDPAWNMOVEMENT:0.4769173562704387
C_CENTERCONTROL:0.5472426894516543
C_DEVELOPPIECES:0.5326922671948962
C_MATERIAL:0.5283591613938912
