ELO:974
CE_PASSEDPAWNS:0.5278174831909641
CE_PAWNWEAKNESSES:0.5051048896151956
CE_PIECEACTIVITY:0.4916910549173158
CE_KINGPAWNSHIELD:0.4959944769247262
CE_PIECECOORDINATION:0.5010309981593517
CE_MATERIAL:0.5387514280701841
CE_KINGSAFETY:0.4805702942488282
C_PIECESQUARETABLES:0.4873435583457696
C_MOBILITY:0.48995173626072946
C_KINGSAFETY:0.5229295861955361
C_PAWNSTRUCTURE:0.4352155458292649
C_PIECECOORDINATION:0.4896074995954005
C_ROOKANDPAWNMOVEMENT:0.4896074995954005
C_CENTERCONTROL:0.5201561627786904
C_DEVELOPPIECES:0.5252994999798507
C_MATERIAL:0.5276668809981033
