ELO:1000
CE_PASSEDPAWNS:0.5007228977426625
CE_PAWNWEAKNESSES:0.4789591991356098
CE_PIECEACTIVITY:0.49508485919591305
CE_KINGPAWNSHIELD:0.5023383348807037
CE_PIECECOORDINATION:0.5074044787483394
CE_MATERIAL:0.5039430383891279
CE_KINGSAFETY:0.5196449925656633
C_PIECESQUARETABLES:0.504129208258268
C_MOBILITY:0.49763560787400696
C_KINGSAFETY:0.5108528808423338
C_PAWNSTRUCTURE:0.4988524370532213
C_PIECECOORDINATION:0.49574163141080696
C_ROOKANDPAWNMOVEMENT:0.49574163141080696
C_CENTERCONTROL:0.5034957471349066
C_DEVELOPPIECES:0.48745777136491786
C_MATERIAL:0.5000033997548016
