ELO:1000
CE_PASSEDPAWNS:0.4913622114730008
CE_PAWNWEAKNESSES:0.5200401376812581
CE_PIECEACTIVITY:0.4497384402033179
CE_KINGPAWNSHIELD:0.46618798174673437
CE_PIECECOORDINATION:0.4791515571963383
CE_MATERIAL:0.467430909979033
CE_KINGSAFETY:0.5465599641234872
C_PIECESQUARETABLES:0.5303584516284527
C_MOBILITY:0.514283337268275
C_KINGSAFETY:0.5694558694434818
C_PAWNSTRUCTURE:0.5468364589003074
C_PIECECOORDINATION:0.4990716187242419
C_ROOKANDPAWNMOVEMENT:0.4990716187242419
C_CENTERCONTROL:0.49071091552578244
C_DEVELOPPIECES:0.5038536392171732
C_MATERIAL:0.5156269810082355
