ELO:830
CE_PASSEDPAWNS:0.503439810617739
CE_PAWNWEAKNESSES:0.45055251555702586
CE_PIECEACTIVITY:0.5067601457155742
CE_KINGPAWNSHIELD:0.5051881386494772
CE_PIECECOORDINATION:0.6512846396071015
CE_MATERIAL:0.5107566723247682
CE_KINGSAFETY:0.5
C_PIECESQUARETABLES:0.5
C_MOBILITY:0.4890113423238419
C_KINGSAFETY:0.48145395387310413
C_PAWNSTRUCTURE:0.399467382487076
C_PIECECOORDINATION:0.44164999276629124
C_ROOKANDPAWNMOVEMENT:0.44164999276629124
C_CENTERCONTROL:0.4866055402667279
C_DEVELOPPIECES:0.4847368789290799
C_MATERIAL:0.4741926737297814
C_MOVECOUNT:0.5
