ELO:864
CE_PASSEDPAWNS:0.5319680435434174
CE_PAWNWEAKNESSES:0.46243208592340834
CE_PIECEACTIVITY:0.4501387915418682
CE_KINGPAWNSHIELD:0.47580391175806613
CE_PIECECOORDINATION:0.5045445468303147
CE_MATERIAL:0.46377782318244853
CE_KINGSAFETY:0.4967284481025089
C_PIECESQUARETABLES:0.4829692822903035
C_MOBILITY:0.44925838172871685
C_KINGSAFETY:0.44469407698529506
C_PAWNSTRUCTURE:0.5225933611358702
C_PIECECOORDINATION:0.4818756981994931
C_ROOKANDPAWNMOVEMENT:0.4818756981994931
C_CENTERCONTROL:0.49953427524792177
C_DEVELOPPIECES:0.5058104387740442
C_MATERIAL:0.49458063106527866
C_MOVECOUNT:0.5
