ELO:850
CE_PASSEDPAWNS:0.49294888934308473
CE_PAWNWEAKNESSES:0.5488321474500761
CE_PIECEACTIVITY:0.5341496463920942
CE_KINGPAWNSHIELD:0.5083557932062384
CE_PIECECOORDINATION:0.4891656295548999
CE_MATERIAL:0.4648893511797427
CE_KINGSAFETY:0.5186341796421434
C_PIECESQUARETABLES:0.487632996315408
C_MOBILITY:0.4590630052436132
C_KINGSAFETY:0.4186716598201854
C_PAWNSTRUCTURE:0.5116430132217186
C_PIECECOORDINATION:0.542762733996779
C_ROOKANDPAWNMOVEMENT:0.542762733996779
C_CENTERCONTROL:0.4955737857706537
C_DEVELOPPIECES:0.5734099272258278
C_MATERIAL:0.5404447289873745
