ELO:995
CE_PASSEDPAWNS:0.4877687717380703
CE_PAWNWEAKNESSES:0.5021945557893446
CE_PIECEACTIVITY:0.5024101602165953
CE_KINGPAWNSHIELD:0.496412185515138
CE_PIECECOORDINATION:0.5021126041546777
CE_MATERIAL:0.4957615730281808
CE_KINGSAFETY:0.5087964007324491
C_PIECESQUARETABLES:0.4937331344116797
C_MOBILITY:0.5107177923545497
C_KINGSAFETY:0.5010381378444078
C_PAWNSTRUCTURE:0.5212218094917225
C_PIECECOORDINATION:0.5077114404290473
C_ROOK:0.5092563182370562
CE_ROOK:0.502765069610488
C_CENTERCONTROL:0.48954604472282853
C_DEVELOPPIECES:0.5167771474895236
C_MATERIAL:0.5074747804560799
C_MOVECOUNT:0.4983357429965887
C_PAWNMOVEMENT:0.4746726771866368
