ELO:993
CE_PASSEDPAWNS:0.5075466929032866
CE_PAWNWEAKNESSES:0.4907180606305114
CE_PIECEACTIVITY:0.5029652469786507
CE_KINGPAWNSHIELD:0.4718941469313507
CE_PIECECOORDINATION:0.518315015128003
CE_MATERIAL:0.5035747274181676
CE_KINGSAFETY:0.5
C_PIECESQUARETABLES:0.5
C_MOBILITY:0.5
C_KINGSAFETY:0.513215520957875
C_PAWNSTRUCTURE:0.4133030606405117
C_PIECECOORDINATION:0.5367897000394183
C_ROOKANDPAWNMOVEMENT:0.5367897000394183
C_CENTERCONTROL:0.4773947114986531
C_DEVELOPPIECES:0.507287622342886
C_MATERIAL:0.5021500312190418
C_MOVECOUNT:0.4834318748963732
