ELO:1019
CE_PASSEDPAWNS:0.5294408494865299
CE_PAWNWEAKNESSES:0.4924536039251791
CE_PIECEACTIVITY:0.49205249567712106
CE_KINGPAWNSHIELD:0.5
CE_PIECECOORDINATION:0.49894798830418535
CE_MATERIAL:0.49933492656289347
CE_KINGSAFETY:0.496175982580462
C_PIECESQUARETABLES:0.5
C_MOBILITY:0.4942814021646239
C_KINGSAFETY:0.4926108209504663
C_PAWNSTRUCTURE:0.48706019549122936
C_PIECECOORDINATION:0.5056990764926497
C_ROOK:0.5010223966706177
CE_ROOK:0.5054070596032572
C_CENTERCONTROL:0.5027413177069138
C_DEVELOPPIECES:0.49036349663929274
C_MATERIAL:0.4935929753949073
C_MOVECOUNT:0.5
C_PAWNMOVEMENT:0.5101519259647658
