ELO:1000
CE_PASSEDPAWNS:0.4927013212767627
CE_PAWNWEAKNESSES:0.48917091568750054
CE_PIECEACTIVITY:0.4869416009498122
CE_KINGPAWNSHIELD:0.4981151895122212
CE_PIECECOORDINATION:0.49294746348332835
CE_MATERIAL:0.5
CE_KINGSAFETY:0.5176131374789377
C_PIECESQUARETABLES:0.5074187272383385
C_MOBILITY:0.5074825620773242
C_KINGSAFETY:0.5136425377184247
C_PAWNSTRUCTURE:0.4965632254265801
C_PIECECOORDINATION:0.5094848595652345
C_ROOKANDPAWNMOVEMENT:0.5094848595652345
C_CENTERCONTROL:0.5028284377237943
C_DEVELOPPIECES:0.5125312795211842
C_MATERIAL:0.5035731245841996
