ELO:987
CE_PASSEDPAWNS:0.5102725531394218
CE_PAWNWEAKNESSES:0.4797089309060481
CE_PIECEACTIVITY:0.4576607306087017
CE_KINGPAWNSHIELD:0.5108211655668564
CE_PIECECOORDINATION:0.4687345920328115
CE_MATERIAL:0.515041540469349
CE_KINGSAFETY:0.5
C_PIECESQUARETABLES:0.5
C_MOBILITY:0.5503495906569116
C_KINGSAFETY:0.48019409837470334
C_PAWNSTRUCTURE:0.4683645113919039
C_PIECECOORDINATION:0.509803514540476
C_ROOK:0.49398444940472735
CE_ROOK:0.4911438099089106
C_CENTERCONTROL:0.5080224797314908
C_DEVELOPPIECES:0.5073447937595761
C_MATERIAL:0.48309096684905645
C_MOVECOUNT:0.46836544109434486
C_PAWNMOVEMENT:0.4959987243568744
