ELO:855
CE_PASSEDPAWNS:0.5168942818017802
CE_PAWNWEAKNESSES:0.5242065231839288
CE_PIECEACTIVITY:0.499953921767081
CE_KINGPAWNSHIELD:0.5041314018594569
CE_PIECECOORDINATION:0.5045078589662565
CE_MATERIAL:0.5018384504589656
CE_KINGSAFETY:0.5005260659196451
C_PIECESQUARETABLES:0.4790630512374665
C_MOBILITY:0.46664228051146667
C_KINGSAFETY:0.531083959259384
C_PAWNSTRUCTURE:0.4680537384394363
C_PIECECOORDINATION:0.5513880487728421
C_ROOKANDPAWNMOVEMENT:0.5513880487728421
C_CENTERCONTROL:0.5072720856744063
C_DEVELOPPIECES:0.5362462108743371
C_MATERIAL:0.4891452707416679
C_MOVECOUNT:0.5
