ELO:800
CE_PASSEDPAWNS:0.48182385167475333
CE_PAWNWEAKNESSES:0.5020323501519366
CE_PIECEACTIVITY:0.4669844177289292
CE_KINGPAWNSHIELD:0.5557925054384909
CE_PIECECOORDINATION:0.38845011369894566
CE_MATERIAL:0.44203294281627253
CE_KINGSAFETY:0.4792885993205186
C_PIECESQUARETABLES:0.45689947478922566
C_MOBILITY:0.48026545378731506
C_KINGSAFETY:0.4381506552636149
C_PAWNSTRUCTURE:0.48990132926436947
C_PIECECOORDINATION:0.5403593820143981
C_ROOKANDPAWNMOVEMENT:0.5403593820143981
C_CENTERCONTROL:0.5644877547429119
C_DEVELOPPIECES:0.4358028417955247
C_MATERIAL:0.5049756465495391
C_MOVECOUNT:0.5
