ELO:1028
CE_PASSEDPAWNS:0.5091034148329712
CE_PAWNWEAKNESSES:0.5131400704388956
CE_PIECEACTIVITY:0.4977159048461838
CE_KINGPAWNSHIELD:0.48152885942246226
CE_PIECECOORDINATION:0.5149684480181834
CE_MATERIAL:0.5
CE_KINGSAFETY:0.5
C_PIECESQUARETABLES:0.5
C_MOBILITY:0.4983252899220533
C_KINGSAFETY:0.5080210108582089
C_PAWNSTRUCTURE:0.48144421506551865
C_PIECECOORDINATION:0.5025087255872847
C_ROOK:0.4592540197753857
CE_ROOK:0.5048562884776605
C_CENTERCONTROL:0.5101910784123721
C_DEVELOPPIECES:0.47556151963497695
C_MATERIAL:0.5024675932608175
C_MOVECOUNT:0.5153178805464597
C_PAWNMOVEMENT:0.4947520521633653
