ELO:950
CE_PASSEDPAWNS:0.4698287363820117
CE_PAWNWEAKNESSES:0.518745606075059
CE_PIECEACTIVITY:0.454916554107303
CE_KINGPAWNSHIELD:0.4807986518970323
CE_PIECECOORDINATION:0.4990194501530063
CE_MATERIAL:0.5139014357536658
CE_KINGSAFETY:0.49808609594878894
C_PIECESQUARETABLES:0.5077406072008928
C_MOBILITY:0.44839758384510536
C_KINGSAFETY:0.4496226854322513
C_PAWNSTRUCTURE:0.4929015580949839
C_PIECECOORDINATION:0.5045894481121792
C_ROOKANDPAWNMOVEMENT:0.5045894481121792
C_CENTERCONTROL:0.49982146451248666
C_DEVELOPPIECES:0.47284467920386575
C_MATERIAL:0.47521725073557747
C_MOVECOUNT:0.5
