ELO:832
CE_PASSEDPAWNS:0.49324519453590865
CE_PAWNWEAKNESSES:0.4970859082343501
CE_PIECEACTIVITY:0.4531295900218446
CE_KINGPAWNSHIELD:0.5316418442392407
CE_PIECECOORDINATION:0.375964751814316
CE_MATERIAL:0.4725093959098551
CE_KINGSAFETY:0.49468088683210376
C_PIECESQUARETABLES:0.46150276000439266
C_MOBILITY:0.4784913388566145
C_KINGSAFETY:0.443980518082823
C_PAWNSTRUCTURE:0.5157481638390315
C_PIECECOORDINATION:0.5205763165414955
C_ROOKANDPAWNMOVEMENT:0.5205763165414955
C_CENTERCONTROL:0.5402032998579586
C_DEVELOPPIECES:0.44236635172548533
C_MATERIAL:0.5100670437322999
C_MOVECOUNT:0.5
