ELO:1013
CE_PASSEDPAWNS:0.48215471079218
CE_PAWNWEAKNESSES:0.5021945557893446
CE_PIECEACTIVITY:0.4964183052044485
CE_KINGPAWNSHIELD:0.4919456870708667
CE_PIECECOORDINATION:0.5100659317703014
CE_MATERIAL:0.5018430744885616
CE_KINGSAFETY:0.5
C_PIECESQUARETABLES:0.4967884299249403
C_MOBILITY:0.5238940948642011
C_KINGSAFETY:0.5045955515499131
C_PAWNSTRUCTURE:0.507790693861872
C_PIECECOORDINATION:0.5123531727840316
C_ROOK:0.523495605081365
CE_ROOK:0.5065743549326496
C_CENTERCONTROL:0.498970060760693
C_DEVELOPPIECES:0.5128495499527992
C_MATERIAL:0.5061583810898371
C_MOVECOUNT:0.5068550705463991
C_PAWNMOVEMENT:0.48715733345721796
