ELO:949
CE_PASSEDPAWNS:0.5190613672834292
CE_PAWNWEAKNESSES:0.5157419112464526
CE_PIECEACTIVITY:0.5405908414285437
CE_KINGPAWNSHIELD:0.5099820259570861
CE_PIECECOORDINATION:0.48246554970562394
CE_MATERIAL:0.5061092408212203
CE_KINGSAFETY:0.5010319774727653
C_PIECESQUARETABLES:0.4936000339771433
C_MOBILITY:0.49059548522391416
C_KINGSAFETY:0.5121879646045199
C_PAWNSTRUCTURE:0.4786955833261835
C_PIECECOORDINATION:0.4826210461892586
C_ROOKANDPAWNMOVEMENT:0.4826210461892586
C_CENTERCONTROL:0.5221322382664804
C_DEVELOPPIECES:0.5440551635528135
C_MATERIAL:0.4757551184205825
