ELO:851
CE_PASSEDPAWNS:0.42292387527011316
CE_PAWNWEAKNESSES:0.46854312458899766
CE_PIECEACTIVITY:0.5265740213369621
CE_KINGPAWNSHIELD:0.5700464360607379
CE_PIECECOORDINATION:0.5535801691925389
CE_MATERIAL:0.432658924644482
CE_KINGSAFETY:0.5
C_PIECESQUARETABLES:0.49057349088211766
C_MOBILITY:0.4960834876060091
C_KINGSAFETY:0.5525107294483064
C_PAWNSTRUCTURE:0.4680880639141097
C_PIECECOORDINATION:0.5471936698216847
C_ROOKANDPAWNMOVEMENT:0.5471936698216847
C_CENTERCONTROL:0.4833756795761085
C_DEVELOPPIECES:0.5087337523350309
C_MATERIAL:0.4586043215833094
C_MOVECOUNT:0.5
