ELO:988
CE_PASSEDPAWNS:0.5156839845540195
CE_PAWNWEAKNESSES:0.5076652077440169
CE_PIECEACTIVITY:0.5115517959390631
CE_KINGPAWNSHIELD:0.41468086542385585
CE_PIECECOORDINATION:0.45704626130373566
CE_MATERIAL:0.5561378636534172
CE_KINGSAFETY:0.5
C_PIECESQUARETABLES:0.5
C_MOBILITY:0.4995116085479967
C_KINGSAFETY:0.5077087654596292
C_PAWNSTRUCTURE:0.5080804769367775
C_PIECECOORDINATION:0.5259252376818294
C_ROOKANDPAWNMOVEMENT:0.5259252376818294
C_CENTERCONTROL:0.3976101602692124
C_DEVELOPPIECES:0.5067495606305472
C_MATERIAL:0.5765800900842891
