ELO:967
CE_PASSEDPAWNS:0.49916758402151984
CE_PAWNWEAKNESSES:0.5169568792038867
CE_PIECEACTIVITY:0.48069750842372605
CE_KINGPAWNSHIELD:0.47510214223727154
CE_PIECECOORDINATION:0.5082145132407767
CE_MATERIAL:0.5332771405743797
CE_KINGSAFETY:0.5137747626108715
C_PIECESQUARETABLES:0.4878375884202188
C_MOBILITY:0.4994069678549892
C_KINGSAFETY:0.53015057317375
C_PAWNSTRUCTURE:0.44853717837137314
C_PIECECOORDINATION:0.4971607299335924
C_ROOKANDPAWNMOVEMENT:0.4971607299335924
C_CENTERCONTROL:0.5296256209201317
C_DEVELOPPIECES:0.5356769362629071
C_MATERIAL:0.5445922158045059
