ELO:807
CE_PASSEDPAWNS:0.5367571490242594
CE_PAWNWEAKNESSES:0.5400110121430975
CE_PIECEACTIVITY:0.4986621960470607
CE_KINGPAWNSHIELD:0.5391798353153986
CE_PIECECOORDINATION:0.4656219539964066
CE_MATERIAL:0.4536857079773868
CE_KINGSAFETY:0.4932224229946282
C_PIECESQUARETABLES:0.6044120468519061
C_MOBILITY:0.47952899641036906
C_KINGSAFETY:0.4308363275006779
C_PAWNSTRUCTURE:0.4895904511900953
C_PIECECOORDINATION:0.523554232189128
C_ROOKANDPAWNMOVEMENT:0.523554232189128
C_CENTERCONTROL:0.4970798906332267
C_DEVELOPPIECES:0.594761655921746
C_MATERIAL:0.4905499376288157
