ELO:978
CE_PASSEDPAWNS:0.4858378627178421
CE_PAWNWEAKNESSES:0.48169790144092706
CE_PIECEACTIVITY:0.4732326496752225
CE_KINGPAWNSHIELD:0.48534147115905046
CE_PIECECOORDINATION:0.4916660959415958
CE_MATERIAL:0.4470138518433969
CE_KINGSAFETY:0.5174358836524494
C_PIECESQUARETABLES:0.5360560076937602
C_MOBILITY:0.5312472089092314
C_KINGSAFETY:0.4919495596471406
C_PAWNSTRUCTURE:0.5042333372930257
C_PIECECOORDINATION:0.5150179246994745
C_ROOKANDPAWNMOVEMENT:0.5150179246994745
C_CENTERCONTROL:0.5171278793992322
C_DEVELOPPIECES:0.5167039804124623
C_MATERIAL:0.5048075546783217
