ELO:893
CE_PASSEDPAWNS:0.5340037194212005
CE_PAWNWEAKNESSES:0.46864536319305405
CE_PIECEACTIVITY:0.43981971084750304
CE_KINGPAWNSHIELD:0.47440649394554657
CE_PIECECOORDINATION:0.5045445468303147
CE_MATERIAL:0.4697522602714395
CE_KINGSAFETY:0.511442684399029
C_PIECESQUARETABLES:0.492171938181797
C_MOBILITY:0.47589181927881435
C_KINGSAFETY:0.4303760374255597
C_PAWNSTRUCTURE:0.5007827696772429
C_PIECECOORDINATION:0.48858015818328926
C_ROOKANDPAWNMOVEMENT:0.48858015818328926
C_CENTERCONTROL:0.47181091423609256
C_DEVELOPPIECES:0.48645050459875916
C_MATERIAL:0.5015732579185471
C_MOVECOUNT:0.5
