ELO:998
CE_PASSEDPAWNS:0.48236245013339285
CE_PAWNWEAKNESSES:0.4807937595554918
CE_PIECEACTIVITY:0.5378467446332724
CE_KINGPAWNSHIELD:0.4646676566475911
CE_PIECECOORDINATION:0.519357377125772
CE_MATERIAL:0.49745337549444735
CE_KINGSAFETY:0.5
C_PIECESQUARETABLES:0.5
C_MOBILITY:0.48517342573546374
C_KINGSAFETY:0.4736079089103129
C_PAWNSTRUCTURE:0.472570944312331
C_PIECECOORDINATION:0.4170641227571046
C_ROOK:0.48739593457030234
CE_ROOK:0.494003126079904
C_CENTERCONTROL:0.5474185067937731
C_DEVELOPPIECES:0.4994361975862497
C_MATERIAL:0.47542386456521446
C_MOVECOUNT:0.4781126926424103
C_PAWNMOVEMENT:0.48965076279003683
