ELO:812
CE_PASSEDPAWNS:0.545423915955493
CE_PAWNWEAKNESSES:0.5387032729479959
CE_PIECEACTIVITY:0.47618263327544424
CE_KINGPAWNSHIELD:0.5452622880348712
CE_PIECECOORDINATION:0.48806763684018767
CE_MATERIAL:0.4650997549149772
CE_KINGSAFETY:0.4751497677644625
C_PIECESQUARETABLES:0.6173331522361094
C_MOBILITY:0.47965309192798294
C_KINGSAFETY:0.4368883047088233
C_PAWNSTRUCTURE:0.5006678811840151
C_PIECECOORDINATION:0.515386356047799
C_ROOKANDPAWNMOVEMENT:0.515386356047799
C_CENTERCONTROL:0.5054619307148835
C_DEVELOPPIECES:0.5903132508638472
C_MATERIAL:0.4925443028361409
