ELO:777
CE_PASSEDPAWNS:0.5097937294798891
CE_PAWNWEAKNESSES:0.5413459040782146
CE_PIECEACTIVITY:0.44212444262359935
CE_KINGPAWNSHIELD:0.5856748992268133
CE_PIECECOORDINATION:0.4776018729025685
CE_MATERIAL:0.5191115763003925
CE_KINGSAFETY:0.4858098190997257
C_PIECESQUARETABLES:0.56742082783264
C_MOBILITY:0.36836329758800923
C_KINGSAFETY:0.5759398977255347
C_PAWNSTRUCTURE:0.45274479968599923
C_PIECECOORDINATION:0.5514584219949974
C_ROOKANDPAWNMOVEMENT:0.5514584219949974
C_CENTERCONTROL:0.42062065247943425
C_DEVELOPPIECES:0.5760643961091211
C_MATERIAL:0.6169839961772778
C_MOVECOUNT:0.49475317833932797
