ELO:792
CE_PASSEDPAWNS:0.49712257998194365
CE_PAWNWEAKNESSES:0.5369687572207411
CE_PIECEACTIVITY:0.5230645373564814
CE_KINGPAWNSHIELD:0.5083557932062384
CE_PIECECOORDINATION:0.4820290017352295
CE_MATERIAL:0.44971520314041974
CE_KINGSAFETY:0.5218292774932879
C_PIECESQUARETABLES:0.49180500373501673
C_MOBILITY:0.4911325661680132
C_KINGSAFETY:0.41777923043361614
C_PAWNSTRUCTURE:0.4874647268159824
C_PIECECOORDINATION:0.5421561740233848
C_ROOKANDPAWNMOVEMENT:0.5421561740233848
C_CENTERCONTROL:0.512061477760355
C_DEVELOPPIECES:0.5886866966113931
C_MATERIAL:0.5307844848239712
