ELO:954
CE_PASSEDPAWNS:0.4920058458293659
CE_PAWNWEAKNESSES:0.5445300115538827
CE_PIECEACTIVITY:0.4939748923921101
CE_KINGPAWNSHIELD:0.4876549539346381
CE_PIECECOORDINATION:0.5606864863300496
CE_MATERIAL:0.5085898916833806
CE_KINGSAFETY:0.5102681742342127
C_PIECESQUARETABLES:0.5027396319607969
C_MOBILITY:0.5226662397227455
C_KINGSAFETY:0.6030181711820082
C_PAWNSTRUCTURE:0.5997229510125767
C_PIECECOORDINATION:0.49950393540909543
C_ROOKANDPAWNMOVEMENT:0.49950393540909543
C_CENTERCONTROL:0.49640580249426713
C_DEVELOPPIECES:0.5492916367310188
C_MATERIAL:0.541275068300706
