ELO:1010
CE_PASSEDPAWNS:0.46222242138404146
CE_PAWNWEAKNESSES:0.5003902715685036
CE_PIECEACTIVITY:0.4560029770241395
CE_KINGPAWNSHIELD:0.4646676566475911
CE_PIECECOORDINATION:0.5143621151532964
CE_MATERIAL:0.47009670564468714
CE_KINGSAFETY:0.5
C_PIECESQUARETABLES:0.5
C_MOBILITY:0.5104904546886989
C_KINGSAFETY:0.510903434954333
C_PAWNSTRUCTURE:0.5273789887842095
C_PIECECOORDINATION:0.5086778310267411
C_ROOK:0.5025617923368577
CE_ROOK:0.5278487109684455
C_CENTERCONTROL:0.47718402223949724
C_DEVELOPPIECES:0.5028654569697131
C_MATERIAL:0.5044215888116722
C_MOVECOUNT:0.49707727937085766
C_PAWNMOVEMENT:0.5271924546016467
