ELO:993
CE_PASSEDPAWNS:0.48215471079218
CE_PAWNWEAKNESSES:0.5021945557893446
CE_PIECEACTIVITY:0.5042236752202914
CE_KINGPAWNSHIELD:0.48441097650355647
CE_PIECECOORDINATION:0.5100659317703014
CE_MATERIAL:0.5018430744885616
CE_KINGSAFETY:0.5199758162765826
C_PIECESQUARETABLES:0.4881519526595754
C_MOBILITY:0.5080160087581913
C_KINGSAFETY:0.5039006627627485
C_PAWNSTRUCTURE:0.5189283211230229
C_PIECECOORDINATION:0.508497582709822
C_ROOK:0.5143752531990057
CE_ROOK:0.5065743549326496
C_CENTERCONTROL:0.49110184643405336
C_DEVELOPPIECES:0.5126348264078467
C_MATERIAL:0.515048864857027
C_MOVECOUNT:0.5068550705463991
C_PAWNMOVEMENT:0.48620868918141563
