ELO:1000
CE_PASSEDPAWNS:0.4845381276744573
CE_PAWNWEAKNESSES:0.4972682434978221
CE_PIECEACTIVITY:0.469647705369545
CE_KINGPAWNSHIELD:0.4779035829978637
CE_PIECECOORDINATION:0.4997823333508355
CE_MATERIAL:0.4979734062950726
CE_KINGSAFETY:0.5021735117597907
C_PIECESQUARETABLES:0.5082709991284248
C_MOBILITY:0.5004996995519152
C_KINGSAFETY:0.5206815991412335
C_PAWNSTRUCTURE:0.5032301284666966
C_PIECECOORDINATION:0.4926045840141579
C_ROOKANDPAWNMOVEMENT:0.4926045840141579
C_CENTERCONTROL:0.5032724099742913
C_DEVELOPPIECES:0.4940156865314775
C_MATERIAL:0.48518773000343984
