ELO:1015
CE_PASSEDPAWNS:0.6275988457651638
CE_PAWNWEAKNESSES:0.43358172999781686
CE_PIECEACTIVITY:0.47760010675189457
CE_KINGPAWNSHIELD:0.5216067656132378
CE_PIECECOORDINATION:0.5075032040278017
CE_MATERIAL:0.4586429631043658
CE_KINGSAFETY:0.5413291025093068
C_PIECESQUARETABLES:0.5213477588093561
C_MOBILITY:0.39858583203303544
C_KINGSAFETY:0.5226418462128971
C_PAWNSTRUCTURE:0.39992349520652193
C_PIECECOORDINATION:0.43189700267332576
C_ROOKANDPAWNMOVEMENT:0.43189700267332576
C_CENTERCONTROL:0.5279201708746152
C_DEVELOPPIECES:0.5967083965924186
C_MATERIAL:0.43685811628401366
