ELO:1008
CE_PASSEDPAWNS:0.4994235875996249
CE_PAWNWEAKNESSES:0.5
CE_PIECEACTIVITY:0.5072711743751505
CE_KINGPAWNSHIELD:0.5
CE_PIECECOORDINATION:0.5112228460848659
CE_MATERIAL:0.5005147219276255
CE_KINGSAFETY:0.5180081733291381
C_PIECESQUARETABLES:0.5
C_MOBILITY:0.5
C_KINGSAFETY:0.5
C_PAWNSTRUCTURE:0.5
C_PIECECOORDINATION:0.48620674725780566
C_ROOKANDPAWNMOVEMENT:0.48620674725780566
C_CENTERCONTROL:0.5044879331351889
C_DEVELOPPIECES:0.5
C_MATERIAL:0.5
