ELO:781
CE_PASSEDPAWNS:0.4382934697011764
CE_PAWNWEAKNESSES:0.5149612298080805
CE_PIECEACTIVITY:0.4989496219359728
CE_KINGPAWNSHIELD:0.4195908665401592
CE_PIECECOORDINATION:0.491856274955492
CE_MATERIAL:0.486216671840212
CE_KINGSAFETY:0.4925619005390898
C_PIECESQUARETABLES:0.5586163484626803
C_MOBILITY:0.5791638337966974
C_KINGSAFETY:0.4135636768164202
C_PAWNSTRUCTURE:0.4979852358090022
C_PIECECOORDINATION:0.5517520103477621
C_ROOKANDPAWNMOVEMENT:0.5517520103477621
C_CENTERCONTROL:0.48275481613182997
C_DEVELOPPIECES:0.449546455327486
C_MATERIAL:0.48258076545389095
C_MOVECOUNT:0.5
