ELO:903
CE_PASSEDPAWNS:0.5324787023934004
CE_PAWNWEAKNESSES:0.373798037958047
CE_PIECEACTIVITY:0.49503684177221463
CE_KINGPAWNSHIELD:0.4610510235117757
CE_PIECECOORDINATION:0.5182579102557231
CE_MATERIAL:0.5216339904179871
CE_KINGSAFETY:0.49416839350794967
C_PIECESQUARETABLES:0.5252059426184664
C_MOBILITY:0.42090465753172557
C_KINGSAFETY:0.44756991679118574
C_PAWNSTRUCTURE:0.4353502546782641
C_PIECECOORDINATION:0.4932279663956187
C_ROOKANDPAWNMOVEMENT:0.4932279663956187
C_CENTERCONTROL:0.4393019052072585
C_DEVELOPPIECES:0.611493167059697
C_MATERIAL:0.6270953450519957
