ELO:986
CE_PASSEDPAWNS:0.5035310895374154
CE_PAWNWEAKNESSES:0.5006449537818961
CE_PIECEACTIVITY:0.5124389694788688
CE_KINGPAWNSHIELD:0.5233287788580036
CE_PIECECOORDINATION:0.5153617617332322
CE_MATERIAL:0.49609591471715025
CE_KINGSAFETY:0.5082278099404096
C_PIECESQUARETABLES:0.5
C_MOBILITY:0.488253905026918
C_KINGSAFETY:0.5074046694776286
C_PAWNSTRUCTURE:0.5008089838665585
C_PIECECOORDINATION:0.5098260222121729
C_ROOK:0.5
CE_ROOK:0.49888043644628766
C_CENTERCONTROL:0.5000676137786231
C_DEVELOPPIECES:0.5074398056973333
C_MATERIAL:0.4999492985244961
C_MOVECOUNT:0.4936778572297604
C_PAWNMOVEMENT:0.4972664374129845
