ELO:785
CE_PASSEDPAWNS:0.45487103778512844
CE_PAWNWEAKNESSES:0.6035735468362672
CE_PIECEACTIVITY:0.5472627350186444
CE_KINGPAWNSHIELD:0.4592062378351755
CE_PIECECOORDINATION:0.5226375319668536
CE_MATERIAL:0.6111947197963071
CE_KINGSAFETY:0.5429999932474773
C_PIECESQUARETABLES:0.47194081594434484
C_MOBILITY:0.5761333945958079
C_KINGSAFETY:0.5795567713489239
C_PAWNSTRUCTURE:0.3647102639730575
C_PIECECOORDINATION:0.5045209420323775
C_ROOKANDPAWNMOVEMENT:0.5045209420323775
C_CENTERCONTROL:0.6260938894240735
C_DEVELOPPIECES:0.41662097297973316
C_MATERIAL:0.43551168372452564
