ELO:1000
CE_PASSEDPAWNS:0.5171416009338476
CE_PAWNWEAKNESSES:0.5166244674091376
CE_PIECEACTIVITY:0.5113296604279115
CE_KINGPAWNSHIELD:0.4918942077744231
CE_PIECECOORDINATION:0.47880928791073873
CE_MATERIAL:0.48685441758550557
CE_KINGSAFETY:0.5080336878157884
C_PIECESQUARETABLES:0.5342831057336396
C_MOBILITY:0.4942721884474242
C_KINGSAFETY:0.5271772650944087
C_PAWNSTRUCTURE:0.49317153118898516
C_PIECECOORDINATION:0.4948432096436919
C_ROOKANDPAWNMOVEMENT:0.4948432096436919
C_CENTERCONTROL:0.5036192602004391
C_DEVELOPPIECES:0.5159745321021832
C_MATERIAL:0.5266742557097338
