ELO:945
CE_PASSEDPAWNS:0.5225613083196972
CE_PAWNWEAKNESSES:0.3810090513478227
CE_PIECEACTIVITY:0.4655202572567468
CE_KINGPAWNSHIELD:0.47556542732861
CE_PIECECOORDINATION:0.5224911089811617
CE_MATERIAL:0.4968838554192063
CE_KINGSAFETY:0.4749722534502264
C_PIECESQUARETABLES:0.5366819736748937
C_MOBILITY:0.38802135187575665
C_KINGSAFETY:0.4701336512973679
C_PAWNSTRUCTURE:0.44632677766752615
C_PIECECOORDINATION:0.4657294402249362
C_ROOKANDPAWNMOVEMENT:0.4657294402249362
C_CENTERCONTROL:0.5045044399327167
C_DEVELOPPIECES:0.5582998048654216
C_MATERIAL:0.6481581272074045
