ELO:882
CE_PASSEDPAWNS:0.4957855009741709
CE_PAWNWEAKNESSES:0.5238170650041795
CE_PIECEACTIVITY:0.4972959998851167
CE_KINGPAWNSHIELD:0.48094893510650105
CE_PIECECOORDINATION:0.4826950261613704
CE_MATERIAL:0.45661550028973724
CE_KINGSAFETY:0.5348136442566175
C_PIECESQUARETABLES:0.5207815831735811
C_MOBILITY:0.4944120694063893
C_KINGSAFETY:0.5157758077934799
C_PAWNSTRUCTURE:0.4860304837757714
C_PIECECOORDINATION:0.5140439721059176
C_ROOKANDPAWNMOVEMENT:0.5140439721059176
C_CENTERCONTROL:0.49310559153784067
C_DEVELOPPIECES:0.4936875851850291
C_MATERIAL:0.4710294161885058
C_MOVECOUNT:0.4737650560404276
