ELO:914
CE_PASSEDPAWNS:0.4036137553864545
CE_PAWNWEAKNESSES:0.6048140221871641
CE_PIECEACTIVITY:0.5479164604762039
CE_KINGPAWNSHIELD:0.46567586936865435
CE_PIECECOORDINATION:0.5320469499348598
CE_MATERIAL:0.5890837873911967
CE_KINGSAFETY:0.4996093197447227
C_PIECESQUARETABLES:0.4898336725308527
C_MOBILITY:0.5123643200308392
C_KINGSAFETY:0.5874827060889131
C_PAWNSTRUCTURE:0.39519977427171205
C_PIECECOORDINATION:0.4832042475310169
C_ROOKANDPAWNMOVEMENT:0.4832042475310169
C_CENTERCONTROL:0.5934030320738417
C_DEVELOPPIECES:0.516060233922127
C_MATERIAL:0.4876144044213285
