ELO:928
CE_PASSEDPAWNS:0.5151588581019366
CE_PAWNWEAKNESSES:0.36162355270705443
CE_PIECEACTIVITY:0.4806195679929739
CE_KINGPAWNSHIELD:0.4720063750518452
CE_PIECECOORDINATION:0.5319338139824294
CE_MATERIAL:0.4893439234705027
CE_KINGSAFETY:0.504907868448605
C_PIECESQUARETABLES:0.5228657796953486
C_MOBILITY:0.39318809263851046
C_KINGSAFETY:0.4375922085639162
C_PAWNSTRUCTURE:0.478781747833332
C_PIECECOORDINATION:0.48430137839870707
C_ROOKANDPAWNMOVEMENT:0.48430137839870707
C_CENTERCONTROL:0.47436319713081276
C_DEVELOPPIECES:0.5767780028296198
C_MATERIAL:0.6464696826274889
