ELO:1020
CE_PASSEDPAWNS:0.45719122548292335
CE_PAWNWEAKNESSES:0.5205415838800418
CE_PIECEACTIVITY:0.4837946420583226
CE_KINGPAWNSHIELD:0.5202269624494456
CE_PIECECOORDINATION:0.47382130774679654
CE_MATERIAL:0.5419255685676578
CE_KINGSAFETY:0.5
C_PIECESQUARETABLES:0.5
C_MOBILITY:0.52166885803624
C_KINGSAFETY:0.4796782585905045
C_PAWNSTRUCTURE:0.5020962607104891
C_PIECECOORDINATION:0.5030209784933546
C_ROOK:0.4888640696535103
CE_ROOK:0.5184709806234532
C_CENTERCONTROL:0.5047456699532995
C_DEVELOPPIECES:0.4870639169353607
C_MATERIAL:0.49949745051944733
C_MOVECOUNT:0.49509957045493014
C_PAWNMOVEMENT:0.5226916199539013
