ELO:1005
CE_PASSEDPAWNS:0.5109138957906498
CE_PAWNWEAKNESSES:0.5031121279217913
CE_PIECEACTIVITY:0.5
CE_KINGPAWNSHIELD:0.4955119661959503
CE_PIECECOORDINATION:0.5031723085055363
CE_MATERIAL:0.5075125411748338
CE_KINGSAFETY:0.4948258181940027
C_PIECESQUARETABLES:0.5
C_MOBILITY:0.5
C_KINGSAFETY:0.5
C_PAWNSTRUCTURE:0.5101661208027616
C_PIECECOORDINATION:0.5
C_ROOKANDPAWNMOVEMENT:0.5
C_CENTERCONTROL:0.5
C_DEVELOPPIECES:0.5
C_MATERIAL:0.5
C_MOVECOUNT:0.48805764195634505
