ELO:1000
CE_PASSEDPAWNS:0.5278140563990681
CE_PAWNWEAKNESSES:0.5354985955375414
CE_PIECEACTIVITY:0.5071785756139937
CE_KINGPAWNSHIELD:0.5034082555121874
CE_PIECECOORDINATION:0.4958272489692209
CE_MATERIAL:0.505863355939308
CE_KINGSAFETY:0.5151127518960086
C_PIECESQUARETABLES:0.5127401714301988
C_MOBILITY:0.4926085712194726
C_KINGSAFETY:0.5269809902064466
C_PAWNSTRUCTURE:0.46313865733507964
C_PIECECOORDINATION:0.47196859131156815
C_ROOKANDPAWNMOVEMENT:0.47196859131156815
C_CENTERCONTROL:0.5040160408442382
C_DEVELOPPIECES:0.5103936375177472
C_MATERIAL:0.5305352595141235
