ELO:713
CE_PASSEDPAWNS:0.3952339723750668
CE_PAWNWEAKNESSES:0.4391437261442091
CE_PIECEACTIVITY:0.5499132450034919
CE_KINGPAWNSHIELD:0.3950187273040647
CE_PIECECOORDINATION:0.5511625132827461
CE_MATERIAL:0.4884224277896958
CE_KINGSAFETY:0.5123790996299589
C_PIECESQUARETABLES:0.5287016257334782
C_MOBILITY:0.6072793064470883
C_KINGSAFETY:0.3989009167845108
C_PAWNSTRUCTURE:0.40748860759851513
C_PIECECOORDINATION:0.42534180546473754
C_ROOKANDPAWNMOVEMENT:0.42534180546473754
C_CENTERCONTROL:0.536019940842924
C_DEVELOPPIECES:0.4655693201296828
C_MATERIAL:0.48200254348558613
C_MOVECOUNT:0.5127497120416175
