ELO:902
CE_PASSEDPAWNS:0.4036137553864545
CE_PAWNWEAKNESSES:0.6023859534212371
CE_PIECEACTIVITY:0.5479164604762039
CE_KINGPAWNSHIELD:0.4626494455531598
CE_PIECECOORDINATION:0.5320469499348598
CE_MATERIAL:0.5935334311968307
CE_KINGSAFETY:0.5109957959450763
C_PIECESQUARETABLES:0.49758528829630955
C_MOBILITY:0.5123643200308392
C_KINGSAFETY:0.592973930372871
C_PAWNSTRUCTURE:0.3932431754745814
C_PIECECOORDINATION:0.4933695048668737
C_ROOKANDPAWNMOVEMENT:0.4933695048668737
C_CENTERCONTROL:0.6047970032680154
C_DEVELOPPIECES:0.516060233922127
C_MATERIAL:0.4876144044213285
