ELO:1018
CE_PASSEDPAWNS:0.490839002627558
CE_PAWNWEAKNESSES:0.530124370743112
CE_PIECEACTIVITY:0.5
CE_KINGPAWNSHIELD:0.49299717934651655
CE_PIECECOORDINATION:0.49814101318286436
CE_MATERIAL:0.5103181683200032
CE_KINGSAFETY:0.49060856440912387
C_PIECESQUARETABLES:0.5
C_MOBILITY:0.5
C_KINGSAFETY:0.5219546325124084
C_PAWNSTRUCTURE:0.5011973817413419
C_PIECECOORDINATION:0.4956242151519737
C_ROOKANDPAWNMOVEMENT:0.4956242151519737
C_CENTERCONTROL:0.5159148073194039
C_DEVELOPPIECES:0.5
C_MATERIAL:0.5
C_MOVECOUNT:0.504184417569292
