ELO:1027
CE_PASSEDPAWNS:0.5
CE_PAWNWEAKNESSES:0.49236511058804694
CE_PIECEACTIVITY:0.5095462592324862
CE_KINGPAWNSHIELD:0.5064060851060618
CE_PIECECOORDINATION:0.49100985944055475
CE_MATERIAL:0.49125645368476756
CE_KINGSAFETY:0.5
C_PIECESQUARETABLES:0.5
C_MOBILITY:0.5
C_KINGSAFETY:0.5
C_PAWNSTRUCTURE:0.5
C_PIECECOORDINATION:0.5
C_ROOKANDPAWNMOVEMENT:0.5
C_CENTERCONTROL:0.5045872686869837
C_DEVELOPPIECES:0.4886143035657751
C_MATERIAL:0.5
C_MOVECOUNT:0.5
