ELO:950
CE_PASSEDPAWNS:0.5110332815804385
CE_PAWNWEAKNESSES:0.3848699979022179
CE_PIECEACTIVITY:0.4424075458260839
CE_KINGPAWNSHIELD:0.4797403228644663
CE_PIECECOORDINATION:0.528787169425265
CE_MATERIAL:0.5006230251458927
CE_KINGSAFETY:0.4749722534502264
C_PIECESQUARETABLES:0.5447033051677362
C_MOBILITY:0.4058786261867566
C_KINGSAFETY:0.4618351573344627
C_PAWNSTRUCTURE:0.4512920591913288
C_PIECECOORDINATION:0.465928206432614
C_ROOKANDPAWNMOVEMENT:0.465928206432614
C_CENTERCONTROL:0.4956397015727791
C_DEVELOPPIECES:0.5351213928632298
C_MATERIAL:0.6486682562040831
