ELO:861
CE_PASSEDPAWNS:0.43170159387157425
CE_PAWNWEAKNESSES:0.621911756166094
CE_PIECEACTIVITY:0.5045387946666335
CE_KINGPAWNSHIELD:0.4474295414804588
CE_PIECECOORDINATION:0.5113369738549661
CE_MATERIAL:0.5734209375479965
CE_KINGSAFETY:0.5140804238212784
C_PIECESQUARETABLES:0.5056886148169436
C_MOBILITY:0.5581811280188246
C_KINGSAFETY:0.59040900055927
C_PAWNSTRUCTURE:0.3946157125862493
C_PIECECOORDINATION:0.4917002324017371
C_ROOKANDPAWNMOVEMENT:0.4917002324017371
C_CENTERCONTROL:0.59193101334741
C_DEVELOPPIECES:0.49768619746983195
C_MATERIAL:0.47887565316096314
