ELO:966
CE_PASSEDPAWNS:0.4995543022465208
CE_PAWNWEAKNESSES:0.3986437444192101
CE_PIECEACTIVITY:0.5076739335976374
CE_KINGPAWNSHIELD:0.4999521626782529
CE_PIECECOORDINATION:0.5635648618303455
CE_MATERIAL:0.4910337252127866
CE_KINGSAFETY:0.4967400379160527
C_PIECESQUARETABLES:0.5106141182626975
C_MOBILITY:0.45753479989148604
C_KINGSAFETY:0.45207989864970627
C_PAWNSTRUCTURE:0.4727626895676497
C_PIECECOORDINATION:0.4403509053741432
C_ROOKANDPAWNMOVEMENT:0.4403509053741432
C_CENTERCONTROL:0.507572636917477
C_DEVELOPPIECES:0.5265628386480848
C_MATERIAL:0.6116641451935038
