ELO:988
CE_PASSEDPAWNS:0.5073606242994348
CE_PAWNWEAKNESSES:0.5178523503929584
CE_PIECEACTIVITY:0.5115517959390631
CE_KINGPAWNSHIELD:0.39854486925931326
CE_PIECECOORDINATION:0.45379494742948934
CE_MATERIAL:0.5561775794490093
CE_KINGSAFETY:0.5
C_PIECESQUARETABLES:0.5045884159205168
C_MOBILITY:0.4890422799538775
C_KINGSAFETY:0.5035563781268042
C_PAWNSTRUCTURE:0.4948487478309921
C_PIECECOORDINATION:0.5187549123162457
C_ROOKANDPAWNMOVEMENT:0.5187549123162457
C_CENTERCONTROL:0.39139694384721485
C_DEVELOPPIECES:0.4919030089782885
C_MATERIAL:0.5915065293938216
