ELO:997
CE_PASSEDPAWNS:0.5015462414930045
CE_PAWNWEAKNESSES:0.6003965620732834
CE_PIECEACTIVITY:0.5249997515280572
CE_KINGPAWNSHIELD:0.4781566554064924
CE_PIECECOORDINATION:0.4532449277525402
CE_MATERIAL:0.5286359931562511
CE_KINGSAFETY:0.5100021886830366
C_PIECESQUARETABLES:0.49661827129644914
C_MOBILITY:0.4936633625105447
C_KINGSAFETY:0.5193826766454667
C_PAWNSTRUCTURE:0.42249201190793506
C_PIECECOORDINATION:0.513992375406614
C_ROOKANDPAWNMOVEMENT:0.513992375406614
C_CENTERCONTROL:0.5262893916400242
C_DEVELOPPIECES:0.503748807826795
C_MATERIAL:0.511426717973253
