ELO:1019
CE_PASSEDPAWNS:0.4968337451598581
CE_PAWNWEAKNESSES:0.5081533900562797
CE_PIECEACTIVITY:0.5
CE_KINGPAWNSHIELD:0.4818929993370571
CE_PIECECOORDINATION:0.4820318374666213
CE_MATERIAL:0.5445469493693262
CE_KINGSAFETY:0.5
C_PIECESQUARETABLES:0.5
C_MOBILITY:0.4961589988435747
C_KINGSAFETY:0.4866629361882198
C_PAWNSTRUCTURE:0.4984238162774086
C_PIECECOORDINATION:0.5109907833435079
C_ROOK:0.48607864442965976
CE_ROOK:0.4788438337428083
C_CENTERCONTROL:0.5047456699532995
C_DEVELOPPIECES:0.4963485996426581
C_MATERIAL:0.5063430896814836
C_MOVECOUNT:0.5036660823018904
C_PAWNMOVEMENT:0.5
