ELO:1000
CE_PASSEDPAWNS:0.518249626817453
CE_PAWNWEAKNESSES:0.5640111157612611
CE_PIECEACTIVITY:0.4943104987883048
CE_KINGPAWNSHIELD:0.49506274437936926
CE_PIECECOORDINATION:0.48135105105286535
CE_MATERIAL:0.5148128997022379
CE_KINGSAFETY:0.48251827308924483
C_PIECESQUARETABLES:0.5436164968508415
C_MOBILITY:0.488499847223436
C_KINGSAFETY:0.5157155842317539
C_PAWNSTRUCTURE:0.4332058053594281
C_PIECECOORDINATION:0.481122431530973
C_ROOKANDPAWNMOVEMENT:0.481122431530973
C_CENTERCONTROL:0.5030345294842211
C_DEVELOPPIECES:0.5040379981105235
C_MATERIAL:0.5242353530185545
