ELO:960
CE_PASSEDPAWNS:0.4893625628909846
CE_PAWNWEAKNESSES:0.5057028131660161
CE_PIECEACTIVITY:0.5
CE_KINGPAWNSHIELD:0.4843253591809201
CE_PIECECOORDINATION:0.47920801347843295
CE_MATERIAL:0.5006477064585029
CE_KINGSAFETY:0.5042696242003591
C_PIECESQUARETABLES:0.48486178458131457
C_MOBILITY:0.48209592750872055
C_KINGSAFETY:0.45310004886355093
C_PAWNSTRUCTURE:0.5041511092947907
C_PIECECOORDINATION:0.533857236853502
C_ROOKANDPAWNMOVEMENT:0.533857236853502
C_CENTERCONTROL:0.5020223756648305
C_DEVELOPPIECES:0.46589676979905364
C_MATERIAL:0.45880582442211904
C_MOVECOUNT:0.5
