ELO:1007
CE_PASSEDPAWNS:0.5
CE_PAWNWEAKNESSES:0.5046892844997577
CE_PIECEACTIVITY:0.49894036434105443
CE_KINGPAWNSHIELD:0.5017584704988018
CE_PIECECOORDINATION:0.47981487622823044
CE_MATERIAL:0.5
CE_KINGSAFETY:0.5
C_PIECESQUARETABLES:0.5
C_MOBILITY:0.480707431439143
C_KINGSAFETY:0.4732797668172483
C_PAWNSTRUCTURE:0.4994745340503049
C_PIECECOORDINATION:0.4991862703649332
C_ROOKANDPAWNMOVEMENT:0.4991862703649332
C_CENTERCONTROL:0.4863684487954035
C_DEVELOPPIECES:0.5069163143372825
C_MATERIAL:0.5
C_MOVECOUNT:0.5188170855770646
