ELO:1000
CE_PASSEDPAWNS:0.5251339129135539
CE_PAWNWEAKNESSES:0.5166244674091376
CE_PIECEACTIVITY:0.5113296604279115
CE_KINGPAWNSHIELD:0.4964148916109957
CE_PIECECOORDINATION:0.47880928791073873
CE_MATERIAL:0.49792687419421067
CE_KINGSAFETY:0.4930918708518474
C_PIECESQUARETABLES:0.5342831057336396
C_MOBILITY:0.5037942355083979
C_KINGSAFETY:0.5271772650944087
C_PAWNSTRUCTURE:0.5014933094553257
C_PIECECOORDINATION:0.4948432096436919
C_ROOKANDPAWNMOVEMENT:0.4948432096436919
C_CENTERCONTROL:0.5036192602004391
C_DEVELOPPIECES:0.5159745321021832
C_MATERIAL:0.514780045334249
