ELO:1002
CE_PASSEDPAWNS:0.5057860708148748
CE_PAWNWEAKNESSES:0.5041852802899994
CE_PIECEACTIVITY:0.522964173630426
CE_KINGPAWNSHIELD:0.4450840644913389
CE_PIECECOORDINATION:0.538520027178688
CE_MATERIAL:0.5118832063632894
CE_KINGSAFETY:0.5416906537963908
C_PIECESQUARETABLES:0.4944111318021708
C_MOBILITY:0.5078348095350526
C_KINGSAFETY:0.5068085702954956
C_PAWNSTRUCTURE:0.5058369720554797
C_PIECECOORDINATION:0.49133274561304097
C_ROOKANDPAWNMOVEMENT:0.49133274561304097
C_CENTERCONTROL:0.498943033139986
C_DEVELOPPIECES:0.5277101743931234
C_MATERIAL:0.5089087026424549
C_MOVECOUNT:0.5
