ELO:647
CE_PASSEDPAWNS:0.3879434800877648
CE_PAWNWEAKNESSES:0.46712589568265317
CE_PIECEACTIVITY:0.5283551639805677
CE_KINGPAWNSHIELD:0.38839018225130617
CE_PIECECOORDINATION:0.5289978563296208
CE_MATERIAL:0.5345644447507426
CE_KINGSAFETY:0.4757542645400181
C_PIECESQUARETABLES:0.5659722533622018
C_MOBILITY:0.5944891904229871
C_KINGSAFETY:0.40963352493099014
C_PAWNSTRUCTURE:0.4372110200010751
C_PIECECOORDINATION:0.4324717341887625
C_ROOKANDPAWNMOVEMENT:0.4324717341887625
C_CENTERCONTROL:0.5313257926978459
C_DEVELOPPIECES:0.46466778033917316
C_MATERIAL:0.45068314092335715
C_MOVECOUNT:0.5
