ELO:883
CE_PASSEDPAWNS:0.553327337060416
CE_PAWNWEAKNESSES:0.5195320050313169
CE_PIECEACTIVITY:0.5241773247037718
CE_KINGPAWNSHIELD:0.5202583426535081
CE_PIECECOORDINATION:0.45983923661785286
CE_MATERIAL:0.4926512885216175
CE_KINGSAFETY:0.5087546328014599
C_PIECESQUARETABLES:0.4908861358023579
C_MOBILITY:0.4724729457425331
C_KINGSAFETY:0.5090391367390668
C_PAWNSTRUCTURE:0.48672351911801015
C_PIECECOORDINATION:0.4588862156936916
C_ROOKANDPAWNMOVEMENT:0.4588862156936916
C_CENTERCONTROL:0.5256371109981232
C_DEVELOPPIECES:0.5664718410662198
C_MATERIAL:0.48646901932861814
C_MOVECOUNT:0.5
