ELO:980
CE_PASSEDPAWNS:0.4980132739315103
CE_PAWNWEAKNESSES:0.4874830257067547
CE_PIECEACTIVITY:0.5052288712548519
CE_KINGPAWNSHIELD:0.4870534544881996
CE_PIECECOORDINATION:0.5009553637074449
CE_MATERIAL:0.5126245081167136
CE_KINGSAFETY:0.4853297014617274
C_PIECESQUARETABLES:0.5
C_MOBILITY:0.4952352527065514
C_KINGSAFETY:0.5
C_PAWNSTRUCTURE:0.5
C_PIECECOORDINATION:0.5
C_ROOKANDPAWNMOVEMENT:0.5
C_CENTERCONTROL:0.4801705798215132
C_DEVELOPPIECES:0.5105254738055276
C_MATERIAL:0.4785107147216132
C_MOVECOUNT:0.5
