ELO:988
CE_PASSEDPAWNS:0.5113108019844589
CE_PAWNWEAKNESSES:0.5128889835512717
CE_PIECEACTIVITY:0.5115517959390631
CE_KINGPAWNSHIELD:0.4076561608377238
CE_PIECECOORDINATION:0.44538019471221774
CE_MATERIAL:0.5561775794490093
CE_KINGSAFETY:0.5
C_PIECESQUARETABLES:0.5057612917338478
C_MOBILITY:0.5085611418324094
C_KINGSAFETY:0.5187264502125761
C_PAWNSTRUCTURE:0.4848126580324998
C_PIECECOORDINATION:0.5343790984637731
C_ROOKANDPAWNMOVEMENT:0.5343790984637731
C_CENTERCONTROL:0.3976101602692124
C_DEVELOPPIECES:0.4888734444630842
C_MATERIAL:0.5786963338142733
