ELO:992
CE_PASSEDPAWNS:0.5109138957906498
CE_PAWNWEAKNESSES:0.5031121279217913
CE_PIECEACTIVITY:0.5
CE_KINGPAWNSHIELD:0.5116685598205051
CE_PIECECOORDINATION:0.5031723085055363
CE_MATERIAL:0.5075125411748338
CE_KINGSAFETY:0.4923273971464393
C_PIECESQUARETABLES:0.49352477710186765
C_MOBILITY:0.4901542722378542
C_KINGSAFETY:0.5
C_PAWNSTRUCTURE:0.5071074479331368
C_PIECECOORDINATION:0.5
C_ROOKANDPAWNMOVEMENT:0.5
C_CENTERCONTROL:0.5
C_DEVELOPPIECES:0.4959563453670451
C_MATERIAL:0.5
C_MOVECOUNT:0.48805764195634505
