ELO:967
CE_PASSEDPAWNS:0.4995543022465208
CE_PAWNWEAKNESSES:0.3986437444192101
CE_PIECEACTIVITY:0.5047426711699854
CE_KINGPAWNSHIELD:0.4999521626782529
CE_PIECECOORDINATION:0.5512996609554731
CE_MATERIAL:0.4910337252127866
CE_KINGSAFETY:0.4967400379160527
C_PIECESQUARETABLES:0.5082289000837078
C_MOBILITY:0.46891068211046033
C_KINGSAFETY:0.45464851932821365
C_PAWNSTRUCTURE:0.47179906902199614
C_PIECECOORDINATION:0.4403509053741432
C_ROOKANDPAWNMOVEMENT:0.4403509053741432
C_CENTERCONTROL:0.507572636917477
C_DEVELOPPIECES:0.5265628386480848
C_MATERIAL:0.6116641451935038
