ELO:983
CE_PASSEDPAWNS:0.485193929965443
CE_PAWNWEAKNESSES:0.4302161443427202
CE_PIECEACTIVITY:0.44360533263521473
CE_KINGPAWNSHIELD:0.5132869637840412
CE_PIECECOORDINATION:0.5539944219810865
CE_MATERIAL:0.5086673085793811
CE_KINGSAFETY:0.5137880239937266
C_PIECESQUARETABLES:0.5149703737809754
C_MOBILITY:0.49194892802848894
C_KINGSAFETY:0.4658404619314616
C_PAWNSTRUCTURE:0.4161388304468259
C_PIECECOORDINATION:0.4540693476106253
C_ROOKANDPAWNMOVEMENT:0.4540693476106253
C_CENTERCONTROL:0.5333328039184422
C_DEVELOPPIECES:0.5455476458844126
C_MATERIAL:0.6160776947498199
