ELO:999
CE_PASSEDPAWNS:0.4632553827494533
CE_PAWNWEAKNESSES:0.4865625852813517
CE_PIECEACTIVITY:0.5344956890392278
CE_KINGPAWNSHIELD:0.5
CE_PIECECOORDINATION:0.4904576259468556
CE_MATERIAL:0.5091255916474943
CE_KINGSAFETY:0.5
C_PIECESQUARETABLES:0.5
C_MOBILITY:0.511821200527184
C_KINGSAFETY:0.5199393635833104
C_PAWNSTRUCTURE:0.4991405291164287
C_PIECECOORDINATION:0.5124872349890299
C_ROOK:0.5221569755385295
CE_ROOK:0.5182690383770185
C_CENTERCONTROL:0.4921312419304174
C_DEVELOPPIECES:0.5066849647137149
C_MATERIAL:0.4837412608299341
C_MOVECOUNT:0.4980037723595362
C_PAWNMOVEMENT:0.5111201784368744
