ELO:1011
CE_PASSEDPAWNS:0.4989058274055561
CE_PAWNWEAKNESSES:0.490971900284398
CE_PIECEACTIVITY:0.5033318511325385
CE_KINGPAWNSHIELD:0.5175856785722265
CE_PIECECOORDINATION:0.49379298313574843
CE_MATERIAL:0.49470374597194006
CE_KINGSAFETY:0.5
C_PIECESQUARETABLES:0.5
C_MOBILITY:0.5058588247514119
C_KINGSAFETY:0.4838608031532522
C_PAWNSTRUCTURE:0.4892055266356196
C_PIECECOORDINATION:0.5185831459827874
C_ROOKANDPAWNMOVEMENT:0.5185831459827874
C_CENTERCONTROL:0.4785141927152024
C_DEVELOPPIECES:0.5056797927542377
C_MATERIAL:0.4922739733192224
C_MOVECOUNT:0.5
