ELO:988
CE_PASSEDPAWNS:0.5156839845540195
CE_PAWNWEAKNESSES:0.5106708332464013
CE_PIECEACTIVITY:0.5115517959390631
CE_KINGPAWNSHIELD:0.41970959346021497
CE_PIECECOORDINATION:0.44538019471221774
CE_MATERIAL:0.5561775794490093
CE_KINGSAFETY:0.49889195231029954
C_PIECESQUARETABLES:0.4999577008233332
C_MOBILITY:0.5085611418324094
C_KINGSAFETY:0.5035563781268042
C_PAWNSTRUCTURE:0.48992370823479314
C_PIECECOORDINATION:0.5392806373079977
C_ROOKANDPAWNMOVEMENT:0.5392806373079977
C_CENTERCONTROL:0.3989347637882032
C_DEVELOPPIECES:0.4968200715906562
C_MATERIAL:0.6133254228757468
