ELO:928
CE_PASSEDPAWNS:0.5177332139507973
CE_PAWNWEAKNESSES:0.5131029630077314
CE_PIECEACTIVITY:0.5324302852008885
CE_KINGPAWNSHIELD:0.4990263103732794
CE_PIECECOORDINATION:0.4850918691437408
CE_MATERIAL:0.5038486807791247
CE_KINGSAFETY:0.5
C_PIECESQUARETABLES:0.5090880240069229
C_MOBILITY:0.515021123504253
C_KINGSAFETY:0.5081618542599411
C_PAWNSTRUCTURE:0.4969412648984437
C_PIECECOORDINATION:0.4958388288898271
C_ROOKANDPAWNMOVEMENT:0.4958388288898271
C_CENTERCONTROL:0.5209065509563164
C_DEVELOPPIECES:0.4739731166419035
C_MATERIAL:0.4907043220049854
C_MOVECOUNT:0.44035195161830876
