ELO:988
CE_PASSEDPAWNS:0.5088367525044115
CE_PAWNWEAKNESSES:0.5159804433344081
CE_PIECEACTIVITY:0.5149984699983181
CE_KINGPAWNSHIELD:0.4076561608377238
CE_PIECECOORDINATION:0.4535618234084439
CE_MATERIAL:0.5533630943924784
CE_KINGSAFETY:0.48774036648375985
C_PIECESQUARETABLES:0.5012840835374778
C_MOBILITY:0.50041510722938
C_KINGSAFETY:0.5059828631017268
C_PAWNSTRUCTURE:0.5070765601632771
C_PIECECOORDINATION:0.5276342836822328
C_ROOKANDPAWNMOVEMENT:0.5276342836822328
C_CENTERCONTROL:0.4052581011921935
C_DEVELOPPIECES:0.504461116121811
C_MATERIAL:0.5829297436143831
