ELO:971
CE_PASSEDPAWNS:0.4914354960607791
CE_PAWNWEAKNESSES:0.3860118556545875
CE_PIECEACTIVITY:0.49388706594342113
CE_KINGPAWNSHIELD:0.5023913555794438
CE_PIECECOORDINATION:0.5303446199563074
CE_MATERIAL:0.5086249002943432
CE_KINGSAFETY:0.50401709806454
C_PIECESQUARETABLES:0.5122531719656224
C_MOBILITY:0.4839571461934887
C_KINGSAFETY:0.47165528315260485
C_PAWNSTRUCTURE:0.46597956350363046
C_PIECECOORDINATION:0.448281206266989
C_ROOKANDPAWNMOVEMENT:0.448281206266989
C_CENTERCONTROL:0.5067162363231665
C_DEVELOPPIECES:0.4981617388660087
C_MATERIAL:0.6290401858230307
