ELO:1033
CE_PASSEDPAWNS:0.49666089684015446
CE_PAWNWEAKNESSES:0.5768995032115801
CE_PIECEACTIVITY:0.5044483528572965
CE_KINGPAWNSHIELD:0.4501276115346228
CE_PIECECOORDINATION:0.5054150739868447
CE_MATERIAL:0.4908231845187665
CE_KINGSAFETY:0.5
C_PIECESQUARETABLES:0.5
C_MOBILITY:0.5089791542089985
C_KINGSAFETY:0.47681562583476905
C_PAWNSTRUCTURE:0.5114977811544261
C_PIECECOORDINATION:0.5245577126553166
C_ROOK:0.5373427126085752
CE_ROOK:0.5304932937063433
C_CENTERCONTROL:0.526919927314315
C_DEVELOPPIECES:0.49550618521369744
C_MATERIAL:0.4926603257831227
C_MOVECOUNT:0.5140296520990059
C_PAWNMOVEMENT:0.508671075153686
