ELO:643
CE_PASSEDPAWNS:0.39341744015733454
CE_PAWNWEAKNESSES:0.46886922279415155
CE_PIECEACTIVITY:0.5380099968051009
CE_KINGPAWNSHIELD:0.3884979309565599
CE_PIECECOORDINATION:0.524736572296173
CE_MATERIAL:0.4908853878583912
CE_KINGSAFETY:0.5
C_PIECESQUARETABLES:0.5
C_MOBILITY:0.6016448983233242
C_KINGSAFETY:0.4239064638305729
C_PAWNSTRUCTURE:0.43310511704192234
C_PIECECOORDINATION:0.4200280606456264
C_ROOKANDPAWNMOVEMENT:0.4200280606456264
C_CENTERCONTROL:0.516250810106114
C_DEVELOPPIECES:0.47420237246055574
C_MATERIAL:0.44827159509984704
C_MOVECOUNT:0.5
