ELO:947
CE_PASSEDPAWNS:0.5161333009315004
CE_PAWNWEAKNESSES:0.4981356111076698
CE_PIECEACTIVITY:0.4672586289516017
CE_KINGPAWNSHIELD:0.44499371123566916
CE_PIECECOORDINATION:0.46748356251896167
CE_MATERIAL:0.517403041924216
CE_KINGSAFETY:0.5112077684946518
C_PIECESQUARETABLES:0.5
C_MOBILITY:0.49231616507866316
C_KINGSAFETY:0.5223789448041775
C_PAWNSTRUCTURE:0.4924584871001397
C_PIECECOORDINATION:0.4828935104650021
C_ROOKANDPAWNMOVEMENT:0.4828935104650021
C_CENTERCONTROL:0.49323242592910493
C_DEVELOPPIECES:0.49581890143976465
C_MATERIAL:0.4795694064667254
C_MOVECOUNT:0.5
