ELO:1000
CE_PASSEDPAWNS:0.488004433660737
CE_PAWNWEAKNESSES:0.5
CE_PIECEACTIVITY:0.5
CE_KINGPAWNSHIELD:0.5
CE_PIECECOORDINATION:0.5099805154528498
CE_MATERIAL:0.5065694316047308
CE_KINGSAFETY:0.49980575907707575
C_PIECESQUARETABLES:0.5
C_MOBILITY:0.5078197456370088
C_KINGSAFETY:0.5
C_PAWNSTRUCTURE:0.4928745244620176
C_PIECECOORDINATION:0.5
C_ROOKANDPAWNMOVEMENT:0.5
C_CENTERCONTROL:0.5
C_DEVELOPPIECES:0.5
C_MATERIAL:0.4940781874984718
