ELO:1000
CE_PASSEDPAWNS:0.5086873683927587
CE_PAWNWEAKNESSES:0.49518638584827607
CE_PIECEACTIVITY:0.5090533143917484
CE_KINGPAWNSHIELD:0.502493153547579
CE_PIECECOORDINATION:0.5340931855599406
CE_MATERIAL:0.5065694316047308
CE_KINGSAFETY:0.4988259507755003
C_PIECESQUARETABLES:0.5016696224545774
C_MOBILITY:0.49964016858050364
C_KINGSAFETY:0.4580898294854322
C_PAWNSTRUCTURE:0.4816795335285891
C_PIECECOORDINATION:0.48016267352117836
C_ROOKANDPAWNMOVEMENT:0.48016267352117836
C_CENTERCONTROL:0.5052230196577874
C_DEVELOPPIECES:0.4939588048128011
C_MATERIAL:0.5083239904302973
