ELO:953
CE_PASSEDPAWNS:0.4831423445380511
CE_PAWNWEAKNESSES:0.5245761162475853
CE_PIECEACTIVITY:0.49832478243626666
CE_KINGPAWNSHIELD:0.5165394779524867
CE_PIECECOORDINATION:0.46969120399644587
CE_MATERIAL:0.49945314357201404
CE_KINGSAFETY:0.49212945811364617
C_PIECESQUARETABLES:0.5179461942193202
C_MOBILITY:0.49718831047022477
C_KINGSAFETY:0.5344186687689865
C_PAWNSTRUCTURE:0.49579020125939893
C_PIECECOORDINATION:0.4861600962494267
C_ROOKANDPAWNMOVEMENT:0.4861600962494267
C_CENTERCONTROL:0.4739940683746085
C_DEVELOPPIECES:0.531871215188115
C_MATERIAL:0.5032283174895594
C_MOVECOUNT:0.5
