ELO:954
CE_PASSEDPAWNS:0.4853153297625643
CE_PAWNWEAKNESSES:0.5091850768046404
CE_PIECEACTIVITY:0.48819666251042637
CE_KINGPAWNSHIELD:0.532696515895188
CE_PIECECOORDINATION:0.44581376615073
CE_MATERIAL:0.52537045307142
CE_KINGSAFETY:0.5163475572171002
C_PIECESQUARETABLES:0.484754212492142
C_MOBILITY:0.4516856366238192
C_KINGSAFETY:0.4923578450082604
C_PAWNSTRUCTURE:0.47166482545043115
C_PIECECOORDINATION:0.49710664568970103
C_ROOKANDPAWNMOVEMENT:0.49710664568970103
C_CENTERCONTROL:0.5085380386654148
C_DEVELOPPIECES:0.4672367932205538
C_MATERIAL:0.5103586157394064
C_MOVECOUNT:0.5
