ELO:1006
CE_PASSEDPAWNS:0.6150182719652599
CE_PAWNWEAKNESSES:0.4382992672486618
CE_PIECEACTIVITY:0.47760010675189457
CE_KINGPAWNSHIELD:0.5093212557408519
CE_PIECECOORDINATION:0.4867923456430579
CE_MATERIAL:0.4709477596570955
CE_KINGSAFETY:0.5199881269796391
C_PIECESQUARETABLES:0.49689126594922806
C_MOBILITY:0.41122593048531514
C_KINGSAFETY:0.5159754944633392
C_PAWNSTRUCTURE:0.4115363215184438
C_PIECECOORDINATION:0.42085070032620303
C_ROOKANDPAWNMOVEMENT:0.42085070032620303
C_CENTERCONTROL:0.5378712420592865
C_DEVELOPPIECES:0.5811448820862697
C_MATERIAL:0.4336562092729406
