ELO:1000
CE_PASSEDPAWNS:0.5102517785698307
CE_PAWNWEAKNESSES:0.5
CE_PIECEACTIVITY:0.5
CE_KINGPAWNSHIELD:0.507501308153728
CE_PIECECOORDINATION:0.5085039100530084
CE_MATERIAL:0.5
CE_KINGSAFETY:0.49363648878516836
C_PIECESQUARETABLES:0.4927322692386369
C_MOBILITY:0.488253905026918
C_KINGSAFETY:0.5
C_PAWNSTRUCTURE:0.5008089838665585
C_PIECECOORDINATION:0.5
C_ROOK:0.5
CE_ROOK:0.5002105067227757
C_CENTERCONTROL:0.5021658986425015
C_DEVELOPPIECES:0.5106295781307321
C_MATERIAL:0.49164422244862005
C_MOVECOUNT:0.5124690318251307
C_PAWNMOVEMENT:0.5
