ELO:1010
CE_PASSEDPAWNS:0.5347416359393783
CE_PAWNWEAKNESSES:0.4767844267239877
CE_PIECEACTIVITY:0.5183693221460055
CE_KINGPAWNSHIELD:0.5183660338676439
CE_PIECECOORDINATION:0.5041373305259483
CE_MATERIAL:0.5168195112840839
CE_KINGSAFETY:0.5
C_PIECESQUARETABLES:0.5
C_MOBILITY:0.4700232983813267
C_KINGSAFETY:0.5226750220094558
C_PAWNSTRUCTURE:0.5056298937551479
C_PIECECOORDINATION:0.5127057356276871
C_ROOK:0.49446766178594015
CE_ROOK:0.4922410822318803
C_CENTERCONTROL:0.5109826750191738
C_DEVELOPPIECES:0.5152850028779169
C_MATERIAL:0.49849828796241874
C_MOVECOUNT:0.510437736993665
C_PAWNMOVEMENT:0.49280362080679946
