ELO:815
CE_PASSEDPAWNS:0.46129378055008163
CE_PAWNWEAKNESSES:0.5165704645439639
CE_PIECEACTIVITY:0.5011385762112426
CE_KINGPAWNSHIELD:0.42934655766445506
CE_PIECECOORDINATION:0.451631235595965
CE_MATERIAL:0.5231202263288324
CE_KINGSAFETY:0.5005974135295411
C_PIECESQUARETABLES:0.5094355575360239
C_MOBILITY:0.5496886609208115
C_KINGSAFETY:0.39090030023782546
C_PAWNSTRUCTURE:0.49080260654708646
C_PIECECOORDINATION:0.5753450162806576
C_ROOKANDPAWNMOVEMENT:0.5753450162806576
C_CENTERCONTROL:0.49173608665663604
C_DEVELOPPIECES:0.49097180769200355
C_MATERIAL:0.48760076585360923
C_MOVECOUNT:0.5
