ELO:952
CE_PASSEDPAWNS:0.4893625628909846
CE_PAWNWEAKNESSES:0.495625898334142
CE_PIECEACTIVITY:0.5403589187150891
CE_KINGPAWNSHIELD:0.4843253591809201
CE_PIECECOORDINATION:0.5129939550947867
CE_MATERIAL:0.5213610408482559
CE_KINGSAFETY:0.5151782922220629
C_PIECESQUARETABLES:0.48486178458131457
C_MOBILITY:0.46973592840677947
C_KINGSAFETY:0.5450637214925224
C_PAWNSTRUCTURE:0.5093134734611626
C_PIECECOORDINATION:0.533857236853502
C_ROOKANDPAWNMOVEMENT:0.533857236853502
C_CENTERCONTROL:0.5001865209695452
C_DEVELOPPIECES:0.5122328461735384
C_MATERIAL:0.46034085583497264
C_MOVECOUNT:0.5
