ELO:996
CE_PASSEDPAWNS:0.491033093195733
CE_PAWNWEAKNESSES:0.5052590535612332
CE_PIECEACTIVITY:0.5124389694788688
CE_KINGPAWNSHIELD:0.5352997020703014
CE_PIECECOORDINATION:0.5158198140628504
CE_MATERIAL:0.5169463569238322
CE_KINGSAFETY:0.49089307982842345
C_PIECESQUARETABLES:0.5
C_MOBILITY:0.48592805127626854
C_KINGSAFETY:0.5074046694776286
C_PAWNSTRUCTURE:0.5009146737824225
C_PIECECOORDINATION:0.5190531819247289
C_ROOK:0.5135782920321731
CE_ROOK:0.5157664781253476
C_CENTERCONTROL:0.4860138925220676
C_DEVELOPPIECES:0.5130285951388897
C_MATERIAL:0.5287883736274728
C_MOVECOUNT:0.47516359496538124
C_PAWNMOVEMENT:0.4911224886580309
