ELO:954
CE_PASSEDPAWNS:0.46395316531592384
CE_PAWNWEAKNESSES:0.5119518704898076
CE_PIECEACTIVITY:0.5179548078106303
CE_KINGPAWNSHIELD:0.4548966810340391
CE_PIECECOORDINATION:0.49092310384897986
CE_MATERIAL:0.49533209611418877
CE_KINGSAFETY:0.49401406004079734
C_PIECESQUARETABLES:0.4927106399906404
C_MOBILITY:0.5086056360542338
C_KINGSAFETY:0.5285749215891856
C_PAWNSTRUCTURE:0.5231669526021575
C_PIECECOORDINATION:0.4663003563594116
C_ROOKANDPAWNMOVEMENT:0.4663003563594116
C_CENTERCONTROL:0.4895861288072083
C_DEVELOPPIECES:0.5146495700496776
C_MATERIAL:0.4656582452964558
