ELO:964
CE_PASSEDPAWNS:0.4914245800250113
CE_PAWNWEAKNESSES:0.46768416604221585
CE_PIECEACTIVITY:0.5117937214245886
CE_KINGPAWNSHIELD:0.41619277990447584
CE_PIECECOORDINATION:0.4745227849443989
CE_MATERIAL:0.5981620064956528
CE_KINGSAFETY:0.4851994584281987
C_PIECESQUARETABLES:0.5096081495764622
C_MOBILITY:0.4672177162659825
C_KINGSAFETY:0.5020460540593422
C_PAWNSTRUCTURE:0.5231734282443631
C_PIECECOORDINATION:0.50675241377272
C_ROOKANDPAWNMOVEMENT:0.50675241377272
C_CENTERCONTROL:0.4110001236239607
C_DEVELOPPIECES:0.4283891105496111
C_MATERIAL:0.5278786436100066
