ELO:951
CE_PASSEDPAWNS:0.5345164250844582
CE_PAWNWEAKNESSES:0.49271939367868534
CE_PIECEACTIVITY:0.5101303527805066
CE_KINGPAWNSHIELD:0.5455868752356933
CE_PIECECOORDINATION:0.4993191792769649
CE_MATERIAL:0.5099475306791498
CE_KINGSAFETY:0.4218672630107341
C_PIECESQUARETABLES:0.488202939826967
C_MOBILITY:0.5291166852063591
C_KINGSAFETY:0.5088896255633506
C_PAWNSTRUCTURE:0.488098047220746
C_PIECECOORDINATION:0.478541709499851
C_ROOK:0.520796528062119
CE_ROOK:0.47040693497770464
C_CENTERCONTROL:0.47981638976908664
C_DEVELOPPIECES:0.46465822744972457
C_MATERIAL:0.5082918810653573
C_MOVECOUNT:0.5224959919884317
C_PAWNMOVEMENT:0.48171467875296947
