ELO:968
CE_PASSEDPAWNS:0.4914245800250113
CE_PAWNWEAKNESSES:0.4674945126504097
CE_PIECEACTIVITY:0.5243647358615312
CE_KINGPAWNSHIELD:0.4126071886852244
CE_PIECECOORDINATION:0.4794813043190564
CE_MATERIAL:0.5926253361676113
CE_KINGSAFETY:0.5
C_PIECESQUARETABLES:0.4969648520395357
C_MOBILITY:0.4672177162659825
C_KINGSAFETY:0.5036639924778925
C_PAWNSTRUCTURE:0.5141052581243593
C_PIECECOORDINATION:0.5008329592254268
C_ROOKANDPAWNMOVEMENT:0.5008329592254268
C_CENTERCONTROL:0.40988630528799247
C_DEVELOPPIECES:0.4165223284624597
C_MATERIAL:0.5278786436100066
