ELO:1008
CE_PASSEDPAWNS:0.4924970405912216
CE_PAWNWEAKNESSES:0.5
CE_PIECEACTIVITY:0.5116062696863896
CE_KINGPAWNSHIELD:0.519027628097156
CE_PIECECOORDINATION:0.4991194311633926
CE_MATERIAL:0.48980768733946894
CE_KINGSAFETY:0.50837858452256
C_PIECESQUARETABLES:0.5036857060604453
C_MOBILITY:0.5038610318860735
C_KINGSAFETY:0.5109290543392725
C_PAWNSTRUCTURE:0.5025858469211308
C_PIECECOORDINATION:0.5
C_ROOKANDPAWNMOVEMENT:0.5
C_CENTERCONTROL:0.49055175179418786
C_DEVELOPPIECES:0.500749072352906
C_MATERIAL:0.5071736094556708
C_MOVECOUNT:0.5181731150259001
