ELO:994
CE_PASSEDPAWNS:0.5117321130761205
CE_PAWNWEAKNESSES:0.5118453272463287
CE_PIECEACTIVITY:0.49999276930074915
CE_KINGPAWNSHIELD:0.4774004364981188
CE_PIECECOORDINATION:0.476043533118336
CE_MATERIAL:0.48078679968903376
CE_KINGSAFETY:0.5043821925547722
C_PIECESQUARETABLES:0.5007864195172564
C_MOBILITY:0.4586149067382526
C_KINGSAFETY:0.5149160107022024
C_PAWNSTRUCTURE:0.5239996537889369
C_PIECECOORDINATION:0.5386246461509666
C_ROOK:0.45834785864653577
CE_ROOK:0.505196431417972
C_CENTERCONTROL:0.4773961469349415
C_DEVELOPPIECES:0.5132231559672197
C_MATERIAL:0.5273627764610606
C_MOVECOUNT:0.48590127476372746
C_PAWNMOVEMENT:0.4887625557152837
