ELO:973
CE_PASSEDPAWNS:0.47816655988114976
CE_PAWNWEAKNESSES:0.46588094706570937
CE_PIECEACTIVITY:0.5254793094597293
CE_KINGPAWNSHIELD:0.40733969762006195
CE_PIECECOORDINATION:0.4794813043190564
CE_MATERIAL:0.5926253361676113
CE_KINGSAFETY:0.5048698255737877
C_PIECESQUARETABLES:0.4986033169098529
C_MOBILITY:0.47822466280719567
C_KINGSAFETY:0.4964736623435823
C_PAWNSTRUCTURE:0.5141052581243593
C_PIECECOORDINATION:0.5102057709544779
C_ROOKANDPAWNMOVEMENT:0.5102057709544779
C_CENTERCONTROL:0.40626964001442994
C_DEVELOPPIECES:0.4220529154827289
C_MATERIAL:0.5289178661455615
