ELO:963
CE_PASSEDPAWNS:0.5118320520137988
CE_PAWNWEAKNESSES:0.5
CE_PIECEACTIVITY:0.5049507557632258
CE_KINGPAWNSHIELD:0.493968478376986
CE_PIECECOORDINATION:0.4756202440955207
CE_MATERIAL:0.5079103267080004
CE_KINGSAFETY:0.4631111888378019
C_PIECESQUARETABLES:0.5008274100664586
C_MOBILITY:0.5063507723219067
C_KINGSAFETY:0.5
C_PAWNSTRUCTURE:0.4882052527191702
C_PIECECOORDINATION:0.53878740951512
C_ROOKANDPAWNMOVEMENT:0.53878740951512
C_CENTERCONTROL:0.5063123558068956
C_DEVELOPPIECES:0.5
C_MATERIAL:0.49059858722222793
