ELO:869
CE_PASSEDPAWNS:0.42481978152750577
CE_PAWNWEAKNESSES:0.5363801426840643
CE_PIECEACTIVITY:0.4932202329202524
CE_KINGPAWNSHIELD:0.5217041289163504
CE_PIECECOORDINATION:0.5372114067791182
CE_MATERIAL:0.4958138355382797
CE_KINGSAFETY:0.4587106297378608
C_PIECESQUARETABLES:0.5148510898496927
C_MOBILITY:0.43290944038764895
C_KINGSAFETY:0.5004411586770491
C_PAWNSTRUCTURE:0.41075664444519533
C_PIECECOORDINATION:0.4969952031491007
C_ROOKANDPAWNMOVEMENT:0.4969952031491007
C_CENTERCONTROL:0.5516849475644375
C_DEVELOPPIECES:0.4321529268912484
C_MATERIAL:0.4954865069661643
