ELO:1000
CE_PASSEDPAWNS:0.46734172172995647
CE_PAWNWEAKNESSES:0.46515125619065917
CE_PIECEACTIVITY:0.5021534465633326
CE_KINGPAWNSHIELD:0.49282985252356
CE_PIECECOORDINATION:0.5079380318221968
CE_MATERIAL:0.480436098589256
CE_KINGSAFETY:0.4990174608671117
C_PIECESQUARETABLES:0.5084861474823281
C_MOBILITY:0.4796710445169768
C_KINGSAFETY:0.4760644177537955
C_PAWNSTRUCTURE:0.4918567013485544
C_PIECECOORDINATION:0.4596702825565815
C_ROOKANDPAWNMOVEMENT:0.4596702825565815
C_CENTERCONTROL:0.477501197678771
C_DEVELOPPIECES:0.4727547426744421
C_MATERIAL:0.5502164867800654
