ELO:1081
CE_PASSEDPAWNS:0.4948427292618502
CE_PAWNWEAKNESSES:0.4490389138433556
CE_PIECEACTIVITY:0.537894709832281
CE_KINGPAWNSHIELD:0.48733889684251647
CE_PIECECOORDINATION:0.5045457043630838
CE_MATERIAL:0.5347047193315649
CE_KINGSAFETY:0.5
C_PIECESQUARETABLES:0.5
C_MOBILITY:0.4949698754927532
C_KINGSAFETY:0.5368657758117246
C_PAWNSTRUCTURE:0.4953830502874278
C_PIECECOORDINATION:0.4764066537320234
C_ROOKANDPAWNMOVEMENT:0.4764066537320234
C_CENTERCONTROL:0.46604785226289636
C_DEVELOPPIECES:0.43338132774258387
C_MATERIAL:0.5171288501257149
C_MOVECOUNT:0.5
