ELO:971
CE_PASSEDPAWNS:0.4817894034908197
CE_PAWNWEAKNESSES:0.46588094706570937
CE_PIECEACTIVITY:0.5243647358615312
CE_KINGPAWNSHIELD:0.4126071886852244
CE_PIECECOORDINATION:0.4794813043190564
CE_MATERIAL:0.5926253361676113
CE_KINGSAFETY:0.5048698255737877
C_PIECESQUARETABLES:0.4959495936899978
C_MOBILITY:0.4672177162659825
C_KINGSAFETY:0.4964736623435823
C_PAWNSTRUCTURE:0.5141052581243593
C_PIECECOORDINATION:0.5030404513413881
C_ROOKANDPAWNMOVEMENT:0.5030404513413881
C_CENTERCONTROL:0.4038432402180348
C_DEVELOPPIECES:0.4102095279898454
C_MATERIAL:0.5289178661455615
