ELO:984
CE_PASSEDPAWNS:0.5
CE_PAWNWEAKNESSES:0.49783219945690277
CE_PIECEACTIVITY:0.47948076510167537
CE_KINGPAWNSHIELD:0.4930303124313173
CE_PIECECOORDINATION:0.4904009263289897
CE_MATERIAL:0.509484402227291
CE_KINGSAFETY:0.5
C_PIECESQUARETABLES:0.49067195262014746
C_MOBILITY:0.52214580943388
C_KINGSAFETY:0.488602100178953
C_PAWNSTRUCTURE:0.4770372541221783
C_PIECECOORDINATION:0.4975491195388941
C_ROOKANDPAWNMOVEMENT:0.4975491195388941
C_CENTERCONTROL:0.5
C_DEVELOPPIECES:0.5122060851682597
C_MATERIAL:0.5037672719949737
