ELO:1000
CE_PASSEDPAWNS:0.49462665008727325
CE_PAWNWEAKNESSES:0.5121109467386268
CE_PIECEACTIVITY:0.5230828953492545
CE_KINGPAWNSHIELD:0.49494850113728733
CE_PIECECOORDINATION:0.49843730492088156
CE_MATERIAL:0.5
CE_KINGSAFETY:0.4923612865145989
C_PIECESQUARETABLES:0.5117448156321058
C_MOBILITY:0.5202916373217377
C_KINGSAFETY:0.5001770002156339
C_PAWNSTRUCTURE:0.5017915804502681
C_PIECECOORDINATION:0.5106946094762298
C_ROOKANDPAWNMOVEMENT:0.5106946094762298
C_CENTERCONTROL:0.4984990742028611
C_DEVELOPPIECES:0.5012533665375986
C_MATERIAL:0.5
