ELO:952
CE_PASSEDPAWNS:0.5020458586671065
CE_PAWNWEAKNESSES:0.49598022345951426
CE_PIECEACTIVITY:0.5164124614183325
CE_KINGPAWNSHIELD:0.4526388931559824
CE_PIECECOORDINATION:0.45066721792844816
CE_MATERIAL:0.5911180345919446
CE_KINGSAFETY:0.4850623177178984
C_PIECESQUARETABLES:0.5216634322315733
C_MOBILITY:0.4731338074624763
C_KINGSAFETY:0.5040358475961371
C_PAWNSTRUCTURE:0.5743292496884748
C_PIECECOORDINATION:0.5193012383653615
C_ROOKANDPAWNMOVEMENT:0.5193012383653615
C_CENTERCONTROL:0.41204045754130175
C_DEVELOPPIECES:0.42673473354762126
C_MATERIAL:0.5261953769694885
