ELO:955
CE_PASSEDPAWNS:0.4823859452277211
CE_PAWNWEAKNESSES:0.49708759846067235
CE_PIECEACTIVITY:0.4841691354138324
CE_KINGPAWNSHIELD:0.4945283318306509
CE_PIECECOORDINATION:0.48625712058169096
CE_MATERIAL:0.5088324146811202
CE_KINGSAFETY:0.5
C_PIECESQUARETABLES:0.5
C_MOBILITY:0.48689156801884254
C_KINGSAFETY:0.5337849696283902
C_PAWNSTRUCTURE:0.4783851093281056
C_PIECECOORDINATION:0.4253151957078282
C_ROOK:0.5376889125743437
CE_ROOK:0.49154032976559325
C_CENTERCONTROL:0.48662571015894207
C_DEVELOPPIECES:0.4898139280750318
C_MATERIAL:0.49943692008624146
C_MOVECOUNT:0.46274427197556356
C_PAWNMOVEMENT:0.5016722068988911
