ELO:1000
CE_PASSEDPAWNS:0.5054145463179599
CE_PAWNWEAKNESSES:0.49253670587081083
CE_PIECEACTIVITY:0.5291008322828513
CE_KINGPAWNSHIELD:0.4665272102851502
CE_PIECECOORDINATION:0.4607026531377225
CE_MATERIAL:0.5723518796268617
CE_KINGSAFETY:0.495747824827056
C_PIECESQUARETABLES:0.5650299109528186
C_MOBILITY:0.48466127252809527
C_KINGSAFETY:0.49783808547695724
C_PAWNSTRUCTURE:0.49684920894668266
C_PIECECOORDINATION:0.5521622372640359
C_ROOKANDPAWNMOVEMENT:0.5521622372640359
C_CENTERCONTROL:0.44488231432857894
C_DEVELOPPIECES:0.4659362948228634
C_MATERIAL:0.5124304970068974
