ELO:1071
CE_PASSEDPAWNS:0.5
CE_PAWNWEAKNESSES:0.48969615551444007
CE_PIECEACTIVITY:0.4846295378443273
CE_KINGPAWNSHIELD:0.44731962251588964
CE_PIECECOORDINATION:0.5
CE_MATERIAL:0.5049024293638609
CE_KINGSAFETY:0.4973649927298087
C_PIECESQUARETABLES:0.5
C_MOBILITY:0.5018980721155145
C_KINGSAFETY:0.5047160977237543
C_PAWNSTRUCTURE:0.5
C_PIECECOORDINATION:0.4989320237199875
C_ROOKANDPAWNMOVEMENT:0.4989320237199875
C_CENTERCONTROL:0.4976563033333722
C_DEVELOPPIECES:0.5
C_MATERIAL:0.5128696956788824
C_MOVECOUNT:0.5
