ELO:963
CE_PASSEDPAWNS:0.4757790435273164
CE_PAWNWEAKNESSES:0.5117421860776533
CE_PIECEACTIVITY:0.5054032891494198
CE_KINGPAWNSHIELD:0.48437213222548475
CE_PIECECOORDINATION:0.4969391361694691
CE_MATERIAL:0.5024499606165719
CE_KINGSAFETY:0.49592652024009254
C_PIECESQUARETABLES:0.4956016235230931
C_MOBILITY:0.509677389365132
C_KINGSAFETY:0.522068385664635
C_PAWNSTRUCTURE:0.5172532719899664
C_PIECECOORDINATION:0.46717474172051715
C_ROOKANDPAWNMOVEMENT:0.46717474172051715
C_CENTERCONTROL:0.497664887197794
C_DEVELOPPIECES:0.4941341208703435
C_MATERIAL:0.4755090276584024
