ELO:988
CE_PASSEDPAWNS:0.48847647742215783
CE_PAWNWEAKNESSES:0.5
CE_PIECEACTIVITY:0.4986874687608288
CE_KINGPAWNSHIELD:0.5043816882041774
CE_PIECECOORDINATION:0.5
CE_MATERIAL:0.5
CE_KINGSAFETY:0.5107454831347559
C_PIECESQUARETABLES:0.49511955434213134
C_MOBILITY:0.49358580304921756
C_KINGSAFETY:0.5115863095183556
C_PAWNSTRUCTURE:0.5
C_PIECECOORDINATION:0.5
C_ROOKANDPAWNMOVEMENT:0.5
C_CENTERCONTROL:0.5
C_DEVELOPPIECES:0.49778168512290444
C_MATERIAL:0.48894620878963463
C_MOVECOUNT:0.4985641532595506
