ELO:1000
CE_PASSEDPAWNS:0.4923622825932946
CE_PAWNWEAKNESSES:0.5042494777409738
CE_PIECEACTIVITY:0.5237412096376122
CE_KINGPAWNSHIELD:0.48103797491585676
CE_PIECECOORDINATION:0.5073453853355611
CE_MATERIAL:0.49800891147908066
CE_KINGSAFETY:0.506978091065056
C_PIECESQUARETABLES:0.5268568512533273
C_MOBILITY:0.508340582773354
C_KINGSAFETY:0.4939088164387683
C_PAWNSTRUCTURE:0.5001145068099152
C_PIECECOORDINATION:0.4889982416115582
C_ROOKANDPAWNMOVEMENT:0.4889982416115582
C_CENTERCONTROL:0.49743998412932094
C_DEVELOPPIECES:0.4981562864516244
C_MATERIAL:0.507493410782894
