ELO:1000
CE_PASSEDPAWNS:0.4279947702494064
CE_PAWNWEAKNESSES:0.44672787940256875
CE_PIECEACTIVITY:0.5130221911004959
CE_KINGPAWNSHIELD:0.5342773151971174
CE_PIECECOORDINATION:0.5580151574407219
CE_MATERIAL:0.4682424871586277
CE_KINGSAFETY:0.5120736894854985
C_PIECESQUARETABLES:0.49662167765698795
C_MOBILITY:0.4902949268400828
C_KINGSAFETY:0.45757484512336216
C_PAWNSTRUCTURE:0.536111390771582
C_PIECECOORDINATION:0.4920401163143994
C_ROOKANDPAWNMOVEMENT:0.4920401163143994
C_CENTERCONTROL:0.49007318835287667
C_DEVELOPPIECES:0.46551701644552834
C_MATERIAL:0.5283448736101777
