ELO:836
CE_PASSEDPAWNS:0.46757426491407805
CE_PAWNWEAKNESSES:0.5156967221424819
CE_PIECEACTIVITY:0.4881427551684541
CE_KINGPAWNSHIELD:0.493736509149423
CE_PIECECOORDINATION:0.47137948988186823
CE_MATERIAL:0.48115437138093337
CE_KINGSAFETY:0.4975172065723948
C_PIECESQUARETABLES:0.4876453231385211
C_MOBILITY:0.46787192440095887
C_KINGSAFETY:0.5101380112698206
C_PAWNSTRUCTURE:0.4545821955665571
C_PIECECOORDINATION:0.4243485112642125
C_ROOK:0.5718552086209968
CE_ROOK:0.49492087505815263
C_CENTERCONTROL:0.5175310796284436
C_DEVELOPPIECES:0.46921267320848026
C_MATERIAL:0.48661290359908005
C_MOVECOUNT:0.455898102848112
C_PAWNMOVEMENT:0.5108893432745
