ELO:1000
CE_PASSEDPAWNS:0.48476660287403317
CE_PAWNWEAKNESSES:0.5107475315570041
CE_PIECEACTIVITY:0.5335530562449659
CE_KINGPAWNSHIELD:0.4953545686863143
CE_PIECECOORDINATION:0.46824713282401387
CE_MATERIAL:0.5161364572072397
CE_KINGSAFETY:0.494898909261051
C_PIECESQUARETABLES:0.5352143726789299
C_MOBILITY:0.5132552499302198
C_KINGSAFETY:0.5020626626983314
C_PAWNSTRUCTURE:0.4758052805723585
C_PIECECOORDINATION:0.5337963101326659
C_ROOKANDPAWNMOVEMENT:0.5337963101326659
C_CENTERCONTROL:0.48769765732927944
C_DEVELOPPIECES:0.4616274990942045
C_MATERIAL:0.5138532936123815
