ELO:936
CE_PASSEDPAWNS:0.43482125431273044
CE_PAWNWEAKNESSES:0.4942753414265423
CE_PIECEACTIVITY:0.5998262251318912
CE_KINGPAWNSHIELD:0.5102140150190824
CE_PIECECOORDINATION:0.5664484482560044
CE_MATERIAL:0.49761064744715416
CE_KINGSAFETY:0.5092519448494126
C_PIECESQUARETABLES:0.49809722561775605
C_MOBILITY:0.5601851277846434
C_KINGSAFETY:0.4203654279172998
C_PAWNSTRUCTURE:0.4203469009221143
C_PIECECOORDINATION:0.41320073027893855
C_ROOKANDPAWNMOVEMENT:0.41320073027893855
C_CENTERCONTROL:0.5335588508365068
C_DEVELOPPIECES:0.442594694396703
C_MATERIAL:0.4540233109107793
