ELO:1000
CE_PASSEDPAWNS:0.4595266168142276
CE_PAWNWEAKNESSES:0.481804355886947
CE_PIECEACTIVITY:0.4990466921122701
CE_KINGPAWNSHIELD:0.5088708517771912
CE_PIECECOORDINATION:0.5330350902326714
CE_MATERIAL:0.4491449165997959
CE_KINGSAFETY:0.5478591437586584
C_PIECESQUARETABLES:0.5248600160643917
C_MOBILITY:0.48116706041424157
C_KINGSAFETY:0.4761437288382601
C_PAWNSTRUCTURE:0.5313404661622186
C_PIECECOORDINATION:0.4689426813815896
C_ROOKANDPAWNMOVEMENT:0.4689426813815896
C_CENTERCONTROL:0.47455745428268514
C_DEVELOPPIECES:0.4666863200419072
C_MATERIAL:0.531201684328312
