ELO:999
CE_PASSEDPAWNS:0.5077659022971333
CE_PAWNWEAKNESSES:0.5
CE_PIECEACTIVITY:0.4834087808855567
CE_KINGPAWNSHIELD:0.5043685406122875
CE_PIECECOORDINATION:0.5114297331246445
CE_MATERIAL:0.5056579388074746
CE_KINGSAFETY:0.5016739995397126
C_PIECESQUARETABLES:0.5
C_MOBILITY:0.503741309569255
C_KINGSAFETY:0.5214158252457518
C_PAWNSTRUCTURE:0.49623414090120804
C_PIECECOORDINATION:0.49922850229937565
C_ROOKANDPAWNMOVEMENT:0.49922850229937565
C_CENTERCONTROL:0.5017126344380745
C_DEVELOPPIECES:0.5119475370840663
C_MATERIAL:0.5061131481383406
C_MOVECOUNT:0.5
