ELO:966
CE_PASSEDPAWNS:0.5033262405481673
CE_PAWNWEAKNESSES:0.49854880698218196
CE_PIECEACTIVITY:0.49158253249188294
CE_KINGPAWNSHIELD:0.5010699103992144
CE_PIECECOORDINATION:0.4869790339419718
CE_MATERIAL:0.47868092285397884
CE_KINGSAFETY:0.5072491114193282
C_PIECESQUARETABLES:0.5
C_MOBILITY:0.4883051527576193
C_KINGSAFETY:0.5193477969036008
C_PAWNSTRUCTURE:0.5
C_PIECECOORDINATION:0.48797408012991145
C_ROOKANDPAWNMOVEMENT:0.48797408012991145
C_CENTERCONTROL:0.4656301644703567
C_DEVELOPPIECES:0.49798105818866106
C_MATERIAL:0.4969216577558857
C_MOVECOUNT:0.4873693098450818
