ELO:1000
CE_PASSEDPAWNS:0.49910789217024165
CE_PAWNWEAKNESSES:0.4897732903675764
CE_PIECEACTIVITY:0.5091629146315843
CE_KINGPAWNSHIELD:0.4953545686863143
CE_PIECECOORDINATION:0.47068307523169056
CE_MATERIAL:0.523828302213528
CE_KINGSAFETY:0.5281121288045681
C_PIECESQUARETABLES:0.5187255114560314
C_MOBILITY:0.5132552499302198
C_KINGSAFETY:0.4946298027102043
C_PAWNSTRUCTURE:0.49065794677208086
C_PIECECOORDINATION:0.5401774667082495
C_ROOKANDPAWNMOVEMENT:0.5401774667082495
C_CENTERCONTROL:0.4778787302979982
C_DEVELOPPIECES:0.46275110617968523
C_MATERIAL:0.5047023820103447
