ELO:774
CE_PASSEDPAWNS:0.48083981618408056
CE_PAWNWEAKNESSES:0.489402748126131
CE_PIECEACTIVITY:0.4708201729363603
CE_KINGPAWNSHIELD:0.5268606997559357
CE_PIECECOORDINATION:0.5269468121160295
CE_MATERIAL:0.4490392239985913
CE_KINGSAFETY:0.48997355226799555
C_PIECESQUARETABLES:0.4757098602358755
C_MOBILITY:0.49570543862093563
C_KINGSAFETY:0.49018353467274717
C_PAWNSTRUCTURE:0.521992491164832
C_PIECECOORDINATION:0.4991600188385988
C_ROOKANDPAWNMOVEMENT:0.4991600188385988
C_CENTERCONTROL:0.5011247156209171
C_DEVELOPPIECES:0.5083060815108623
C_MATERIAL:0.5086397771634903
C_MOVECOUNT:0.4492498343594064
