ELO:825
CE_PASSEDPAWNS:0.4759242869901673
CE_PAWNWEAKNESSES:0.5158618643532928
CE_PIECEACTIVITY:0.4825699513999459
CE_KINGPAWNSHIELD:0.4923885637614913
CE_PIECECOORDINATION:0.45617776576072216
CE_MATERIAL:0.4866552870772008
CE_KINGSAFETY:0.4857465177169334
C_PIECESQUARETABLES:0.5063496597357569
C_MOBILITY:0.45304338903749575
C_KINGSAFETY:0.5289639436415821
C_PAWNSTRUCTURE:0.44162887517039084
C_PIECECOORDINATION:0.42945227096340866
C_ROOK:0.5874113071294251
CE_ROOK:0.5086266716562946
C_CENTERCONTROL:0.4994444417802019
C_DEVELOPPIECES:0.44857958242751006
C_MATERIAL:0.4939286939396926
C_MOVECOUNT:0.46880074113952075
C_PAWNMOVEMENT:0.49067920652472113
