ELO:883
CE_PASSEDPAWNS:0.4565412580218926
CE_PAWNWEAKNESSES:0.47501446745210674
CE_PIECEACTIVITY:0.5650389537812658
CE_KINGPAWNSHIELD:0.4301892030416735
CE_PIECECOORDINATION:0.4883381863896968
CE_MATERIAL:0.5080585751168453
CE_KINGSAFETY:0.5
C_PIECESQUARETABLES:0.5
C_MOBILITY:0.5079418355792498
C_KINGSAFETY:0.5568372534715763
C_PAWNSTRUCTURE:0.4768498379721589
C_PIECECOORDINATION:0.44136564801930056
C_ROOKANDPAWNMOVEMENT:0.44136564801930056
C_CENTERCONTROL:0.5453291873933084
C_DEVELOPPIECES:0.520384262040077
C_MATERIAL:0.45540228867995175
C_MOVECOUNT:0.49989058305100176
