ELO:884
CE_PASSEDPAWNS:0.4315314497564608
CE_PAWNWEAKNESSES:0.4508047384563253
CE_PIECEACTIVITY:0.5577310531815215
CE_KINGPAWNSHIELD:0.46257177421100504
CE_PIECECOORDINATION:0.4469494994899746
CE_MATERIAL:0.5851772796201996
CE_KINGSAFETY:0.4889107909848058
C_PIECESQUARETABLES:0.5127144394077722
C_MOBILITY:0.4075578589606273
C_KINGSAFETY:0.5522175402236024
C_PAWNSTRUCTURE:0.5172190186941795
C_PIECECOORDINATION:0.5598227965981396
C_ROOKANDPAWNMOVEMENT:0.5598227965981396
C_CENTERCONTROL:0.4298996932712563
C_DEVELOPPIECES:0.4649009954663121
C_MATERIAL:0.4825747412998178
