ELO:946
CE_PASSEDPAWNS:0.421777497317631
CE_PAWNWEAKNESSES:0.5178806155620544
CE_PIECEACTIVITY:0.5508523901127551
CE_KINGPAWNSHIELD:0.4932739283971114
CE_PIECECOORDINATION:0.5598387538948985
CE_MATERIAL:0.4885804965587132
CE_KINGSAFETY:0.49551341311294445
C_PIECESQUARETABLES:0.500117137756161
C_MOBILITY:0.5504077960245276
C_KINGSAFETY:0.44827887226989593
C_PAWNSTRUCTURE:0.4304354218394288
C_PIECECOORDINATION:0.41176369788807315
C_ROOKANDPAWNMOVEMENT:0.41176369788807315
C_CENTERCONTROL:0.5399595124501408
C_DEVELOPPIECES:0.45793159064479017
C_MATERIAL:0.4242851794860028
