ELO:929
CE_PASSEDPAWNS:0.49354748380708857
CE_PAWNWEAKNESSES:0.5891481889636419
CE_PIECEACTIVITY:0.5067658955006017
CE_KINGPAWNSHIELD:0.43560415328352425
CE_PIECECOORDINATION:0.4744548932973363
CE_MATERIAL:0.4894899928151767
CE_KINGSAFETY:0.5032176515863305
C_PIECESQUARETABLES:0.5866034631746976
C_MOBILITY:0.47405249593603044
C_KINGSAFETY:0.4956216777220613
C_PAWNSTRUCTURE:0.49417925066303364
C_PIECECOORDINATION:0.4848998432508685
C_ROOKANDPAWNMOVEMENT:0.4848998432508685
C_CENTERCONTROL:0.4915361274168339
C_DEVELOPPIECES:0.49499831557845886
C_MATERIAL:0.5106143768308093
C_MOVECOUNT:0.5401273657825266
