ELO:1036
CE_PASSEDPAWNS:0.4843381753860903
CE_PAWNWEAKNESSES:0.5027385135268067
CE_PIECEACTIVITY:0.49330206711091257
CE_KINGPAWNSHIELD:0.5
CE_PIECECOORDINATION:0.4843739588300626
CE_MATERIAL:0.49464807040513487
CE_KINGSAFETY:0.5031239822579258
C_PIECESQUARETABLES:0.48518079309598083
C_MOBILITY:0.5122676192898017
C_KINGSAFETY:0.4995765928745827
C_PAWNSTRUCTURE:0.5123986545366847
C_PIECECOORDINATION:0.4665922005310545
C_ROOKANDPAWNMOVEMENT:0.4665922005310545
C_CENTERCONTROL:0.5011425887789831
C_DEVELOPPIECES:0.5012111648611667
C_MATERIAL:0.5
C_MOVECOUNT:0.5
