ELO:1048
CE_PASSEDPAWNS:0.5
CE_PAWNWEAKNESSES:0.5076385581632333
CE_PIECEACTIVITY:0.5188775056809747
CE_KINGPAWNSHIELD:0.456320860214442
CE_PIECECOORDINATION:0.5
CE_MATERIAL:0.5239207512271358
CE_KINGSAFETY:0.5
C_PIECESQUARETABLES:0.5030023160951106
C_MOBILITY:0.5
C_KINGSAFETY:0.5
C_PAWNSTRUCTURE:0.5067722289689608
C_PIECECOORDINATION:0.529283196821111
C_ROOKANDPAWNMOVEMENT:0.529283196821111
C_CENTERCONTROL:0.5069027378189768
C_DEVELOPPIECES:0.5
C_MATERIAL:0.4791690315681496
C_MOVECOUNT:0.5
