ELO:948
CE_PASSEDPAWNS:0.50518482999314
CE_PAWNWEAKNESSES:0.49598022345951426
CE_PIECEACTIVITY:0.5301418839196318
CE_KINGPAWNSHIELD:0.4536611125748875
CE_PIECECOORDINATION:0.4508355698123989
CE_MATERIAL:0.5904813514053566
CE_KINGSAFETY:0.48830201846978577
C_PIECESQUARETABLES:0.5265395773575204
C_MOBILITY:0.4409248005639044
C_KINGSAFETY:0.5002093634210448
C_PAWNSTRUCTURE:0.5731884809074909
C_PIECECOORDINATION:0.5269796520522365
C_ROOKANDPAWNMOVEMENT:0.5269796520522365
C_CENTERCONTROL:0.39711537669479074
C_DEVELOPPIECES:0.43775545788781434
C_MATERIAL:0.5280576462283579
