ELO:1000
CE_PASSEDPAWNS:0.4589794888179236
CE_PAWNWEAKNESSES:0.4755937255148633
CE_PIECEACTIVITY:0.48675286225554754
CE_KINGPAWNSHIELD:0.5014175021172014
CE_PIECECOORDINATION:0.5148459908332886
CE_MATERIAL:0.46496363347525077
CE_KINGSAFETY:0.5171288921446091
C_PIECESQUARETABLES:0.4960832040157642
C_MOBILITY:0.465762716841799
C_KINGSAFETY:0.48470084116621376
C_PAWNSTRUCTURE:0.521734760283629
C_PIECECOORDINATION:0.4638708974480411
C_ROOKANDPAWNMOVEMENT:0.4638708974480411
C_CENTERCONTROL:0.470946007080879
C_DEVELOPPIECES:0.4837555370689469
C_MATERIAL:0.5428954745603409
