ELO:1019
CE_PASSEDPAWNS:0.5298472059103132
CE_PAWNWEAKNESSES:0.5061392922818349
CE_PIECEACTIVITY:0.4443093124669173
CE_KINGPAWNSHIELD:0.4645885690659137
CE_PIECECOORDINATION:0.504676505976036
CE_MATERIAL:0.5148930254732679
CE_KINGSAFETY:0.45605272181919565
C_PIECESQUARETABLES:0.5137133134504397
C_MOBILITY:0.5627649197071214
C_KINGSAFETY:0.4566877116475092
C_PAWNSTRUCTURE:0.5189385183109416
C_PIECECOORDINATION:0.5356562264780069
C_ROOKANDPAWNMOVEMENT:0.5356562264780069
C_CENTERCONTROL:0.49966681400288043
C_DEVELOPPIECES:0.4911936061212851
C_MATERIAL:0.5845123006519084
