ELO:850
CE_PASSEDPAWNS:0.4584323801075378
CE_PAWNWEAKNESSES:0.48529206975561634
CE_PIECEACTIVITY:0.4689932852643626
CE_KINGPAWNSHIELD:0.5204911170007406
CE_PIECECOORDINATION:0.5227911668477224
CE_MATERIAL:0.4469073776447708
CE_KINGSAFETY:0.49057052436007215
C_PIECESQUARETABLES:0.475692559173685
C_MOBILITY:0.49570543862093563
C_KINGSAFETY:0.49018353467274717
C_PAWNSTRUCTURE:0.5312684323114757
C_PIECECOORDINATION:0.4976000281510087
C_ROOKANDPAWNMOVEMENT:0.4976000281510087
C_CENTERCONTROL:0.498025293598739
C_DEVELOPPIECES:0.5148114478963021
C_MATERIAL:0.5027768733587016
C_MOVECOUNT:0.4506956410422615
