ELO:986
CE_PASSEDPAWNS:0.49827465922478037
CE_PAWNWEAKNESSES:0.5266657858289946
CE_PIECEACTIVITY:0.5083014089203564
CE_KINGPAWNSHIELD:0.4774004364981188
CE_PIECECOORDINATION:0.4817417630136655
CE_MATERIAL:0.4790169253789362
CE_KINGSAFETY:0.4993902900178239
C_PIECESQUARETABLES:0.48437063943935554
C_MOBILITY:0.46144326104783456
C_KINGSAFETY:0.5246468053878058
C_PAWNSTRUCTURE:0.5239996537889369
C_PIECECOORDINATION:0.5312918525340011
C_ROOK:0.44922700001831656
CE_ROOK:0.5120759489548493
C_CENTERCONTROL:0.4842536799396307
C_DEVELOPPIECES:0.5041155471528223
C_MATERIAL:0.523758814196883
C_MOVECOUNT:0.4819088769142455
C_PAWNMOVEMENT:0.4852586520280348
