ELO:926
CE_PASSEDPAWNS:0.49864595301780473
CE_PAWNWEAKNESSES:0.45952822119421005
CE_PIECEACTIVITY:0.5340779030876288
CE_KINGPAWNSHIELD:0.44235727689996424
CE_PIECECOORDINATION:0.45053993701128975
CE_MATERIAL:0.5772076547554119
CE_KINGSAFETY:0.5
C_PIECESQUARETABLES:0.5245123104565154
C_MOBILITY:0.42045281927729566
C_KINGSAFETY:0.49043315465936077
C_PAWNSTRUCTURE:0.5908489754277342
C_PIECECOORDINATION:0.5429727996562358
C_ROOKANDPAWNMOVEMENT:0.5429727996562358
C_CENTERCONTROL:0.42914453460064644
C_DEVELOPPIECES:0.46911450033051344
C_MATERIAL:0.5296325201906932
