ELO:987
CE_PASSEDPAWNS:0.5032243467337569
CE_PAWNWEAKNESSES:0.5207484823057595
CE_PIECEACTIVITY:0.5018206221035011
CE_KINGPAWNSHIELD:0.4885027211089374
CE_PIECECOORDINATION:0.476043533118336
CE_MATERIAL:0.4931293066413277
CE_KINGSAFETY:0.5
C_PIECESQUARETABLES:0.5053239265397873
C_MOBILITY:0.4586149067382526
C_KINGSAFETY:0.5031754313113062
C_PAWNSTRUCTURE:0.5096079905299136
C_PIECECOORDINATION:0.5386246461509666
C_ROOK:0.4773681591908998
CE_ROOK:0.5063164266576593
C_CENTERCONTROL:0.48461656652817026
C_DEVELOPPIECES:0.5366680779939095
C_MATERIAL:0.5139750815567541
C_MOVECOUNT:0.50523417869663
C_PAWNMOVEMENT:0.49080886315358646
