ELO:983
CE_PASSEDPAWNS:0.4827622984367041
CE_PAWNWEAKNESSES:0.4659264819420603
CE_PIECEACTIVITY:0.5061813952198547
CE_KINGPAWNSHIELD:0.43456974994068354
CE_PIECECOORDINATION:0.45067166550738746
CE_MATERIAL:0.5868628534525103
CE_KINGSAFETY:0.5052125990095234
C_PIECESQUARETABLES:0.5146106045175822
C_MOBILITY:0.4806727306530389
C_KINGSAFETY:0.5032926868642599
C_PAWNSTRUCTURE:0.5018730408782007
C_PIECECOORDINATION:0.5337850997402926
C_ROOKANDPAWNMOVEMENT:0.5337850997402926
C_CENTERCONTROL:0.4024136386736225
C_DEVELOPPIECES:0.4186435987484916
C_MATERIAL:0.5181904187275866
