ELO:1040
CE_PASSEDPAWNS:0.5
CE_PAWNWEAKNESSES:0.503321282682563
CE_PIECEACTIVITY:0.48143346278645555
CE_KINGPAWNSHIELD:0.5209285780744096
CE_PIECECOORDINATION:0.4735068310657702
CE_MATERIAL:0.5210239721753559
CE_KINGSAFETY:0.5
C_PIECESQUARETABLES:0.5
C_MOBILITY:0.5
C_KINGSAFETY:0.4885619291251161
C_PAWNSTRUCTURE:0.5
C_PIECECOORDINATION:0.5
C_ROOKANDPAWNMOVEMENT:0.5
C_CENTERCONTROL:0.5033009599258125
C_DEVELOPPIECES:0.4987336470860119
C_MATERIAL:0.5029473377972378
C_MOVECOUNT:0.5120468991097101
