ELO:950
CE_PASSEDPAWNS:0.43741168163812405
CE_PAWNWEAKNESSES:0.48249879394017603
CE_PIECEACTIVITY:0.5859708748454485
CE_KINGPAWNSHIELD:0.5137459436379027
CE_PIECECOORDINATION:0.5489497842057095
CE_MATERIAL:0.5289028988872339
CE_KINGSAFETY:0.5258479512238815
C_PIECESQUARETABLES:0.5270230211653307
C_MOBILITY:0.5405457423910781
C_KINGSAFETY:0.4161953801391357
C_PAWNSTRUCTURE:0.4231489248927834
C_PIECECOORDINATION:0.40155274702912225
C_ROOKANDPAWNMOVEMENT:0.40155274702912225
C_CENTERCONTROL:0.5331732510129873
C_DEVELOPPIECES:0.44307581097667575
C_MATERIAL:0.46713008670030387
