ELO:921
CE_PASSEDPAWNS:0.49583856709368446
CE_PAWNWEAKNESSES:0.45031120656875806
CE_PIECEACTIVITY:0.5266943061590634
CE_KINGPAWNSHIELD:0.43364235877667345
CE_PIECECOORDINATION:0.4582479390011771
CE_MATERIAL:0.566520308388829
CE_KINGSAFETY:0.48923284395543265
C_PIECESQUARETABLES:0.505051790707385
C_MOBILITY:0.4011353786249333
C_KINGSAFETY:0.5106911936551857
C_PAWNSTRUCTURE:0.5908489754277342
C_PIECECOORDINATION:0.5539077145495159
C_ROOKANDPAWNMOVEMENT:0.5539077145495159
C_CENTERCONTROL:0.4571490768890445
C_DEVELOPPIECES:0.45920766035718885
C_MATERIAL:0.5266549648901748
