ELO:1023
CE_PASSEDPAWNS:0.5147179857563028
CE_PAWNWEAKNESSES:0.5095963797988619
CE_PIECEACTIVITY:0.45074903648646675
CE_KINGPAWNSHIELD:0.5171834517146986
CE_PIECECOORDINATION:0.4895926544162038
CE_MATERIAL:0.4862906144189865
CE_KINGSAFETY:0.5742789734324752
C_PIECESQUARETABLES:0.5
C_MOBILITY:0.5
C_KINGSAFETY:0.5456788818595697
C_PAWNSTRUCTURE:0.5038995428954798
C_PIECECOORDINATION:0.4939513342614072
C_ROOKANDPAWNMOVEMENT:0.4939513342614072
C_CENTERCONTROL:0.4685959572514881
C_DEVELOPPIECES:0.4948997784957856
C_MATERIAL:0.49607324003361747
C_MOVECOUNT:0.46351632932153103
