ELO:951
CE_PASSEDPAWNS:0.5020458586671065
CE_PAWNWEAKNESSES:0.49598022345951426
CE_PIECEACTIVITY:0.5222891335254167
CE_KINGPAWNSHIELD:0.4526388931559824
CE_PIECECOORDINATION:0.4508355698123989
CE_MATERIAL:0.5911180345919446
CE_KINGSAFETY:0.4850623177178984
C_PIECESQUARETABLES:0.5216634322315733
C_MOBILITY:0.4691751012058948
C_KINGSAFETY:0.5040358475961371
C_PAWNSTRUCTURE:0.5671404502572556
C_PIECECOORDINATION:0.5279232230979837
C_ROOKANDPAWNMOVEMENT:0.5279232230979837
C_CENTERCONTROL:0.41204045754130175
C_DEVELOPPIECES:0.4310577794263642
C_MATERIAL:0.5261953769694885
