ELO:957
CE_PASSEDPAWNS:0.41927123298858593
CE_PAWNWEAKNESSES:0.5322604814021645
CE_PIECEACTIVITY:0.576877084077305
CE_KINGPAWNSHIELD:0.49466987028550263
CE_PIECECOORDINATION:0.5595278716487281
CE_MATERIAL:0.48814699310459125
CE_KINGSAFETY:0.49354203914475747
C_PIECESQUARETABLES:0.480429806510808
C_MOBILITY:0.5446236671672794
C_KINGSAFETY:0.4459891742715366
C_PAWNSTRUCTURE:0.4001722679442037
C_PIECECOORDINATION:0.4268708690147036
C_ROOKANDPAWNMOVEMENT:0.4268708690147036
C_CENTERCONTROL:0.5155159580107207
C_DEVELOPPIECES:0.4738919770287558
C_MATERIAL:0.43373203121963244
