ELO:1101
CE_PASSEDPAWNS:0.48735319267785604
CE_PAWNWEAKNESSES:0.5099986502813493
CE_PIECEACTIVITY:0.4896930497988849
CE_KINGPAWNSHIELD:0.5
CE_PIECECOORDINATION:0.4952789023956629
CE_MATERIAL:0.4901404532766816
CE_KINGSAFETY:0.5
C_PIECESQUARETABLES:0.5
C_MOBILITY:0.49375600138893516
C_KINGSAFETY:0.5053259434550856
C_PAWNSTRUCTURE:0.5104704862187448
C_PIECECOORDINATION:0.5
C_ROOKANDPAWNMOVEMENT:0.5
C_CENTERCONTROL:0.5
C_DEVELOPPIECES:0.5179150819011946
C_MATERIAL:0.5
C_MOVECOUNT:0.5
