ELO:999
CE_PASSEDPAWNS:0.4931084812031554
CE_PAWNWEAKNESSES:0.5
CE_PIECEACTIVITY:0.5118873873759083
CE_KINGPAWNSHIELD:0.5021735632967658
CE_PIECECOORDINATION:0.5283304001179073
CE_MATERIAL:0.4470153056200974
CE_KINGSAFETY:0.4770213864270035
C_PIECESQUARETABLES:0.5
C_MOBILITY:0.4951433976966723
C_KINGSAFETY:0.5214158252457518
C_PAWNSTRUCTURE:0.5082750088875655
C_PIECECOORDINATION:0.5365908126740341
C_ROOKANDPAWNMOVEMENT:0.5365908126740341
C_CENTERCONTROL:0.5017126344380745
C_DEVELOPPIECES:0.5033602081306519
C_MATERIAL:0.492062995706922
C_MOVECOUNT:0.5
