ELO:977
CE_PASSEDPAWNS:0.49666403717411184
CE_PAWNWEAKNESSES:0.48039485536505233
CE_PIECEACTIVITY:0.5059767389474146
CE_KINGPAWNSHIELD:0.4971262176589879
CE_PIECECOORDINATION:0.4983271392361962
CE_MATERIAL:0.5041666541423521
CE_KINGSAFETY:0.5
C_PIECESQUARETABLES:0.5
C_MOBILITY:0.48760976202577166
C_KINGSAFETY:0.4976961207192924
C_PAWNSTRUCTURE:0.49787386800143074
C_PIECECOORDINATION:0.5065153712041292
C_ROOKANDPAWNMOVEMENT:0.5065153712041292
C_CENTERCONTROL:0.4952271102083107
C_DEVELOPPIECES:0.5
C_MATERIAL:0.507172460129689
C_MOVECOUNT:0.5
