ELO:950
CE_PASSEDPAWNS:0.4998707188652275
CE_PAWNWEAKNESSES:0.498164312646937
CE_PIECEACTIVITY:0.46790034677969805
CE_KINGPAWNSHIELD:0.51392830330619
CE_PIECECOORDINATION:0.5384300017475205
CE_MATERIAL:0.5041238351294053
CE_KINGSAFETY:0.49160697790063984
C_PIECESQUARETABLES:0.5
C_MOBILITY:0.5020848451193213
C_KINGSAFETY:0.5353072223009179
C_PAWNSTRUCTURE:0.5128351382199279
C_PIECECOORDINATION:0.49767395058851804
C_ROOKANDPAWNMOVEMENT:0.49767395058851804
C_CENTERCONTROL:0.5108549771462216
C_DEVELOPPIECES:0.5209925282410063
C_MATERIAL:0.5247624106476738
C_MOVECOUNT:0.5023736637867688
