ELO:996
CE_PASSEDPAWNS:0.48881546462729014
CE_PAWNWEAKNESSES:0.5123247007456992
CE_PIECEACTIVITY:0.5
CE_KINGPAWNSHIELD:0.49499972349423405
CE_PIECECOORDINATION:0.5
CE_MATERIAL:0.515477370885505
CE_KINGSAFETY:0.5
C_PIECESQUARETABLES:0.5
C_MOBILITY:0.5176466691475549
C_KINGSAFETY:0.48363961775189207
C_PAWNSTRUCTURE:0.5006097508629404
C_PIECECOORDINATION:0.5
C_ROOK:0.5012381436102887
CE_ROOK:0.5307514744553982
C_CENTERCONTROL:0.5074954905992718
C_DEVELOPPIECES:0.5190961434312977
C_MATERIAL:0.486163212395602
C_MOVECOUNT:0.5081185996287203
C_PAWNMOVEMENT:0.5032436719517503
