ELO:1100
CE_PASSEDPAWNS:0.4366415038305597
CE_PAWNWEAKNESSES:0.5036129045281915
CE_PIECEACTIVITY:0.5822554920959389
CE_KINGPAWNSHIELD:0.4030041014324291
CE_PIECECOORDINATION:0.5707969823983154
CE_MATERIAL:0.48566544892300423
CE_KINGSAFETY:0.5
C_PIECESQUARETABLES:0.5
C_MOBILITY:0.41733689976951954
C_KINGSAFETY:0.5818378234684785
C_PAWNSTRUCTURE:0.42962814980618796
C_PIECECOORDINATION:0.3588937055693277
C_ROOKANDPAWNMOVEMENT:0.3588937055693277
C_CENTERCONTROL:0.5253197189246396
C_DEVELOPPIECES:0.5704025729904298
C_MATERIAL:0.3847798461631917
