ELO:890
CE_PASSEDPAWNS:0.575942067891224
CE_PAWNWEAKNESSES:0.49872954948301546
CE_PIECEACTIVITY:0.36913943966958457
CE_KINGPAWNSHIELD:0.5739218148247816
CE_PIECECOORDINATION:0.5797464189236688
CE_MATERIAL:0.3910244131312576
CE_KINGSAFETY:0.4893453532692378
C_PIECESQUARETABLES:0.49372674528368704
C_MOBILITY:0.5018587791496347
C_KINGSAFETY:0.4988926673396184
C_PAWNSTRUCTURE:0.48592570289934245
C_PIECECOORDINATION:0.5668488445404107
C_ROOKANDPAWNMOVEMENT:0.5668488445404107
C_CENTERCONTROL:0.5536829454611905
C_DEVELOPPIECES:0.33321340884462575
C_MATERIAL:0.37646126689446857
