ELO:944
CE_PASSEDPAWNS:0.48579536361893816
CE_PAWNWEAKNESSES:0.5342873462821311
CE_PIECEACTIVITY:0.5089529099920556
CE_KINGPAWNSHIELD:0.5106724977852304
CE_PIECECOORDINATION:0.5164333492415186
CE_MATERIAL:0.48662940787225667
CE_KINGSAFETY:0.5157880703884636
C_PIECESQUARETABLES:0.5196112801599827
C_MOBILITY:0.478060069674628
C_KINGSAFETY:0.49006788391734285
C_PAWNSTRUCTURE:0.4795083026066231
C_PIECECOORDINATION:0.5065905609716795
C_ROOKANDPAWNMOVEMENT:0.5065905609716795
C_CENTERCONTROL:0.49548258633815534
C_DEVELOPPIECES:0.5036861474078862
C_MATERIAL:0.4882598962552128
C_MOVECOUNT:0.5
