ELO:982
CE_PASSEDPAWNS:0.5
CE_PAWNWEAKNESSES:0.5
CE_PIECEACTIVITY:0.5142378228117285
CE_KINGPAWNSHIELD:0.5220219914668573
CE_PIECECOORDINATION:0.5209157082648362
CE_MATERIAL:0.5193056159073924
CE_KINGSAFETY:0.49072873594014355
C_PIECESQUARETABLES:0.5
C_MOBILITY:0.5017043817312958
C_KINGSAFETY:0.5086499896643806
C_PAWNSTRUCTURE:0.5193412560199588
C_PIECECOORDINATION:0.50925589208522
C_ROOKANDPAWNMOVEMENT:0.50925589208522
C_CENTERCONTROL:0.4949594430069986
C_DEVELOPPIECES:0.5012785804906272
C_MATERIAL:0.48576844802343283
C_MOVECOUNT:0.5
