ELO:1004
CE_PASSEDPAWNS:0.5093636552081157
CE_PAWNWEAKNESSES:0.4895931422665805
CE_PIECEACTIVITY:0.492848239939017
CE_KINGPAWNSHIELD:0.5007009350397268
CE_PIECECOORDINATION:0.49950006366592
CE_MATERIAL:0.49880190999464996
CE_KINGSAFETY:0.5
C_PIECESQUARETABLES:0.5046702525318986
C_MOBILITY:0.5147436309876243
C_KINGSAFETY:0.4980562681438627
C_PAWNSTRUCTURE:0.5093378788399809
C_PIECECOORDINATION:0.5
C_ROOKANDPAWNMOVEMENT:0.5
C_CENTERCONTROL:0.49793863501752467
C_DEVELOPPIECES:0.5033130542788065
C_MATERIAL:0.5
C_MOVECOUNT:0.5161439703639024
