ELO:984
CE_PASSEDPAWNS:0.4858803347377732
CE_PAWNWEAKNESSES:0.4860610050968886
CE_PIECEACTIVITY:0.5040249294047864
CE_KINGPAWNSHIELD:0.5
CE_PIECECOORDINATION:0.5303568950080296
CE_MATERIAL:0.5007108232927154
CE_KINGSAFETY:0.5075762533175622
C_PIECESQUARETABLES:0.4978325554946923
C_MOBILITY:0.4974141367395853
C_KINGSAFETY:0.48718560225061863
C_PAWNSTRUCTURE:0.4868747004906854
C_PIECECOORDINATION:0.5025774579634485
C_ROOKANDPAWNMOVEMENT:0.5025774579634485
C_CENTERCONTROL:0.5110683111907349
C_DEVELOPPIECES:0.5
C_MATERIAL:0.5079873983532164
C_MOVECOUNT:0.5
