ELO:964
CE_PASSEDPAWNS:0.4649877529986533
CE_PAWNWEAKNESSES:0.4638660858750523
CE_PIECEACTIVITY:0.5016471751227473
CE_KINGPAWNSHIELD:0.49844322414661835
CE_PIECECOORDINATION:0.5149421895496535
CE_MATERIAL:0.5403487040194029
CE_KINGSAFETY:0.5
C_PIECESQUARETABLES:0.5
C_MOBILITY:0.45648061740535484
C_KINGSAFETY:0.5204362607940991
C_PAWNSTRUCTURE:0.5128039229412943
C_PIECECOORDINATION:0.4613627714830535
C_ROOK:0.5016630674106667
CE_ROOK:0.48259506341780667
C_CENTERCONTROL:0.4590496397000512
C_DEVELOPPIECES:0.49778111311249335
C_MATERIAL:0.5677928055278171
C_MOVECOUNT:0.49308527565637156
C_PAWNMOVEMENT:0.5105347552713285
