ELO:969
CE_PASSEDPAWNS:0.4882294741311506
CE_PAWNWEAKNESSES:0.48486847458153365
CE_PIECEACTIVITY:0.5170155981862173
CE_KINGPAWNSHIELD:0.49925539846067435
CE_PIECECOORDINATION:0.538469796510751
CE_MATERIAL:0.5076615377659593
CE_KINGSAFETY:0.5
C_PIECESQUARETABLES:0.5
C_MOBILITY:0.5111131963924497
C_KINGSAFETY:0.5087456105833827
C_PAWNSTRUCTURE:0.5023282337038144
C_PIECECOORDINATION:0.5213829600686876
C_ROOK:0.49337626036363696
CE_ROOK:0.48080932318379477
C_CENTERCONTROL:0.4883818181296753
C_DEVELOPPIECES:0.5254102008779572
C_MATERIAL:0.4665353125627543
C_MOVECOUNT:0.5016771726414926
C_PAWNMOVEMENT:0.5203503362592449
