ELO:825
CE_PASSEDPAWNS:0.5110345875463599
CE_PAWNWEAKNESSES:0.532901545902931
CE_PIECEACTIVITY:0.5765695450517558
CE_KINGPAWNSHIELD:0.39088382508606867
CE_PIECECOORDINATION:0.6090417758567039
CE_MATERIAL:0.5541797225706603
CE_KINGSAFETY:0.5142735079357593
C_PIECESQUARETABLES:0.5158230637033803
C_MOBILITY:0.6184629004907444
C_KINGSAFETY:0.4648144336794888
C_PAWNSTRUCTURE:0.5191985396974528
C_PIECECOORDINATION:0.5567513134587534
C_ROOKANDPAWNMOVEMENT:0.5567513134587534
C_CENTERCONTROL:0.49149650147917956
C_DEVELOPPIECES:0.4596026618252416
C_MATERIAL:0.5305358657046388
C_MOVECOUNT:0.5
