ELO:899
CE_PASSEDPAWNS:0.5095856544582363
CE_PAWNWEAKNESSES:0.500179510782879
CE_PIECEACTIVITY:0.5447250854692025
CE_KINGPAWNSHIELD:0.4453472853096241
CE_PIECECOORDINATION:0.5534853190248294
CE_MATERIAL:0.5220113607966264
CE_KINGSAFETY:0.5034914207573429
C_PIECESQUARETABLES:0.4899688651689127
C_MOBILITY:0.5200737181539078
C_KINGSAFETY:0.43508011038344346
C_PAWNSTRUCTURE:0.5054713501011538
C_PIECECOORDINATION:0.5954629079429276
C_ROOKANDPAWNMOVEMENT:0.5954629079429276
C_CENTERCONTROL:0.4701619000881387
C_DEVELOPPIECES:0.4875457733275781
C_MATERIAL:0.536376100414374
C_MOVECOUNT:0.5
