ELO:998
CE_PASSEDPAWNS:0.48881546462729014
CE_PAWNWEAKNESSES:0.5123247007456992
CE_PIECEACTIVITY:0.5
CE_KINGPAWNSHIELD:0.4932315505285819
CE_PIECECOORDINATION:0.5
CE_MATERIAL:0.5113670506589356
CE_KINGSAFETY:0.5
C_PIECESQUARETABLES:0.5
C_MOBILITY:0.5176466691475549
C_KINGSAFETY:0.48648397983389846
C_PAWNSTRUCTURE:0.5022616598086093
C_PIECECOORDINATION:0.5
C_ROOK:0.5
CE_ROOK:0.5240868694985913
C_CENTERCONTROL:0.5074954905992718
C_DEVELOPPIECES:0.5141484982588078
C_MATERIAL:0.4938573811614019
C_MOVECOUNT:0.5
C_PAWNMOVEMENT:0.5032436719517503
