ELO:993
CE_PASSEDPAWNS:0.5053530978896834
CE_PAWNWEAKNESSES:0.4754319257926925
CE_PIECEACTIVITY:0.47240027360217973
CE_KINGPAWNSHIELD:0.4568526600513486
CE_PIECECOORDINATION:0.4815078895300939
CE_MATERIAL:0.54882398049654
CE_KINGSAFETY:0.5229172677362397
C_PIECESQUARETABLES:0.5104722641070311
C_MOBILITY:0.5091221848254056
C_KINGSAFETY:0.4828460616305784
C_PAWNSTRUCTURE:0.5300188698448199
C_PIECECOORDINATION:0.4715353906628749
C_ROOKANDPAWNMOVEMENT:0.4715353906628749
C_CENTERCONTROL:0.5362497595928974
C_DEVELOPPIECES:0.46782304415346077
C_MATERIAL:0.56099128101099
