ELO:994
CE_PASSEDPAWNS:0.4968472860401632
CE_PAWNWEAKNESSES:0.5088599218555039
CE_PIECEACTIVITY:0.492848239939017
CE_KINGPAWNSHIELD:0.4998806077900313
CE_PIECECOORDINATION:0.4927703583388434
CE_MATERIAL:0.493275236378027
CE_KINGSAFETY:0.5
C_PIECESQUARETABLES:0.5
C_MOBILITY:0.5221222204430201
C_KINGSAFETY:0.5
C_PAWNSTRUCTURE:0.4957077863826314
C_PIECECOORDINATION:0.5
C_ROOKANDPAWNMOVEMENT:0.5
C_CENTERCONTROL:0.49793863501752467
C_DEVELOPPIECES:0.4968313709367048
C_MATERIAL:0.5
C_MOVECOUNT:0.5161439703639024
