ELO:981
CE_PASSEDPAWNS:0.48881546462729014
CE_PAWNWEAKNESSES:0.5071885179165296
CE_PIECEACTIVITY:0.5013143185711189
CE_KINGPAWNSHIELD:0.47428697804773495
CE_PIECECOORDINATION:0.5
CE_MATERIAL:0.5196214788620689
CE_KINGSAFETY:0.5
C_PIECESQUARETABLES:0.5010442711333613
C_MOBILITY:0.5106261297407352
C_KINGSAFETY:0.4858865507472351
C_PAWNSTRUCTURE:0.5034547002442223
C_PIECECOORDINATION:0.5
C_ROOK:0.52298967290734
CE_ROOK:0.5307514744553982
C_CENTERCONTROL:0.5074954905992718
C_DEVELOPPIECES:0.5190961434312977
C_MATERIAL:0.486163212395602
C_MOVECOUNT:0.5081185996287203
C_PAWNMOVEMENT:0.49145015227368805
