ELO:943
CE_PASSEDPAWNS:0.4854226422393925
CE_PAWNWEAKNESSES:0.5157935942425772
CE_PIECEACTIVITY:0.4810505413172664
CE_KINGPAWNSHIELD:0.4814238300183709
CE_PIECECOORDINATION:0.5095966746562928
CE_MATERIAL:0.5187389249537706
CE_KINGSAFETY:0.5
C_PIECESQUARETABLES:0.5
C_MOBILITY:0.4932636481810308
C_KINGSAFETY:0.49480340058701167
C_PAWNSTRUCTURE:0.4900230339104785
C_PIECECOORDINATION:0.5290086945083919
C_ROOK:0.5486567353885069
CE_ROOK:0.5306711297177881
C_CENTERCONTROL:0.5420380682537482
C_DEVELOPPIECES:0.5164877700840735
C_MATERIAL:0.4966844664947636
C_MOVECOUNT:0.5025569411768166
C_PAWNMOVEMENT:0.47382195570915486
