ELO:980
CE_PASSEDPAWNS:0.48881546462729014
CE_PAWNWEAKNESSES:0.5094061944278605
CE_PIECEACTIVITY:0.5013143185711189
CE_KINGPAWNSHIELD:0.47428697804773495
CE_PIECECOORDINATION:0.5
CE_MATERIAL:0.5196214788620689
CE_KINGSAFETY:0.5002867190118577
C_PIECESQUARETABLES:0.49702669818526085
C_MOBILITY:0.5158483311300086
C_KINGSAFETY:0.48533539642111617
C_PAWNSTRUCTURE:0.4980959039430788
C_PIECECOORDINATION:0.5
C_ROOK:0.52298967290734
CE_ROOK:0.5307514744553982
C_CENTERCONTROL:0.5135247543715218
C_DEVELOPPIECES:0.5316554984923931
C_MATERIAL:0.486163212395602
C_MOVECOUNT:0.5070276015165445
C_PAWNMOVEMENT:0.4914618132845235
