ELO:1000
CE_PASSEDPAWNS:0.504667382011235
CE_PAWNWEAKNESSES:0.4956218053666536
CE_PIECEACTIVITY:0.5239686106713951
CE_KINGPAWNSHIELD:0.4811041365202533
CE_PIECECOORDINATION:0.5264319260911572
CE_MATERIAL:0.47436095270352613
CE_KINGSAFETY:0.5123614605029276
C_PIECESQUARETABLES:0.5148900336381103
C_MOBILITY:0.500015437936906
C_KINGSAFETY:0.4897087490265587
C_PAWNSTRUCTURE:0.5198346155320319
C_PIECECOORDINATION:0.5099758772332635
C_ROOKANDPAWNMOVEMENT:0.5099758772332635
C_CENTERCONTROL:0.5027035465032244
C_DEVELOPPIECES:0.4831954974151367
C_MATERIAL:0.5135588781196101
