ELO:932
CE_PASSEDPAWNS:0.5477844996871731
CE_PAWNWEAKNESSES:0.5830453497876007
CE_PIECEACTIVITY:0.4815346941231542
CE_KINGPAWNSHIELD:0.4484846529589017
CE_PIECECOORDINATION:0.47451338834443085
CE_MATERIAL:0.6180536367579592
CE_KINGSAFETY:0.4949644169222941
C_PIECESQUARETABLES:0.5144805568099481
C_MOBILITY:0.4742408928207536
C_KINGSAFETY:0.4478112709250966
C_PAWNSTRUCTURE:0.5664469913125576
C_PIECECOORDINATION:0.4682102505569006
C_ROOKANDPAWNMOVEMENT:0.4682102505569006
C_CENTERCONTROL:0.5614340589164798
C_DEVELOPPIECES:0.34913963552746535
C_MATERIAL:0.5553124037358579
