ELO:1000
CE_PASSEDPAWNS:0.5320363067616238
CE_PAWNWEAKNESSES:0.475392714327478
CE_PIECEACTIVITY:0.5222048838971025
CE_KINGPAWNSHIELD:0.49485946574115797
CE_PIECECOORDINATION:0.5271140770597971
CE_MATERIAL:0.4808676136638862
CE_KINGSAFETY:0.501148528260927
C_PIECESQUARETABLES:0.5062801824897541
C_MOBILITY:0.5093025309714906
C_KINGSAFETY:0.5233448895758009
C_PAWNSTRUCTURE:0.5312180935502064
C_PIECECOORDINATION:0.5101536784919013
C_ROOKANDPAWNMOVEMENT:0.5101536784919013
C_CENTERCONTROL:0.49802500866224464
C_DEVELOPPIECES:0.4660365549524471
C_MATERIAL:0.49195599522834416
