ELO:1000
CE_PASSEDPAWNS:0.5140356646171286
CE_PAWNWEAKNESSES:0.47606541846820777
CE_PIECEACTIVITY:0.5239686106713951
CE_KINGPAWNSHIELD:0.48624615418018835
CE_PIECECOORDINATION:0.5341935885122074
CE_MATERIAL:0.4769859198528937
CE_KINGSAFETY:0.514928450597869
C_PIECESQUARETABLES:0.49946895803565255
C_MOBILITY:0.4963593214456581
C_KINGSAFETY:0.5093351374061967
C_PAWNSTRUCTURE:0.5317774995672849
C_PIECECOORDINATION:0.505515812658134
C_ROOKANDPAWNMOVEMENT:0.505515812658134
C_CENTERCONTROL:0.4945676441270616
C_DEVELOPPIECES:0.4482808239187547
C_MATERIAL:0.5239364272880145
