ELO:983
CE_PASSEDPAWNS:0.5725317174758029
CE_PAWNWEAKNESSES:0.4907657166819005
CE_PIECEACTIVITY:0.5006967938285906
CE_KINGPAWNSHIELD:0.4697011804947471
CE_PIECECOORDINATION:0.5150710831796809
CE_MATERIAL:0.49328129430004786
CE_KINGSAFETY:0.5120537799941789
C_PIECESQUARETABLES:0.4959773817440328
C_MOBILITY:0.4883569093436845
C_KINGSAFETY:0.5520246778091724
C_PAWNSTRUCTURE:0.602923584042927
C_PIECECOORDINATION:0.5467708133936847
C_ROOKANDPAWNMOVEMENT:0.5467708133936847
C_CENTERCONTROL:0.46488398138910947
C_DEVELOPPIECES:0.44586775773259013
C_MATERIAL:0.4425251484462403
