ELO:865
CE_PASSEDPAWNS:0.5508002817485971
CE_PAWNWEAKNESSES:0.5568145853603326
CE_PIECEACTIVITY:0.4556627029662306
CE_KINGPAWNSHIELD:0.5519184878790584
CE_PIECECOORDINATION:0.5630452273011559
CE_MATERIAL:0.48930398173628664
CE_KINGSAFETY:0.5110045842115996
C_PIECESQUARETABLES:0.47145329323967644
C_MOBILITY:0.4774921003150357
C_KINGSAFETY:0.4808127914035637
C_PAWNSTRUCTURE:0.46011680777691183
C_PIECECOORDINATION:0.5539260430559714
C_ROOKANDPAWNMOVEMENT:0.5539260430559714
C_CENTERCONTROL:0.5741573920493711
C_DEVELOPPIECES:0.5679269896858271
C_MATERIAL:0.3463531117514733
