ELO:980
CE_PASSEDPAWNS:0.5516613658718448
CE_PAWNWEAKNESSES:0.4915963987854739
CE_PIECEACTIVITY:0.4923718044105258
CE_KINGPAWNSHIELD:0.4749319324167943
CE_PIECECOORDINATION:0.5161218503687163
CE_MATERIAL:0.4945453801311956
CE_KINGSAFETY:0.49866364637932614
C_PIECESQUARETABLES:0.495630279891692
C_MOBILITY:0.482022659037203
C_KINGSAFETY:0.5255478409056725
C_PAWNSTRUCTURE:0.6254100326391262
C_PIECECOORDINATION:0.5337235427769342
C_ROOKANDPAWNMOVEMENT:0.5337235427769342
C_CENTERCONTROL:0.4718956851961386
C_DEVELOPPIECES:0.4518789853575781
C_MATERIAL:0.4379226523494004
