ELO:915
CE_PASSEDPAWNS:0.5344152940452083
CE_PAWNWEAKNESSES:0.592904707909997
CE_PIECEACTIVITY:0.4747404650355726
CE_KINGPAWNSHIELD:0.4498898048333408
CE_PIECECOORDINATION:0.41044988556447914
CE_MATERIAL:0.6610216571543462
CE_KINGSAFETY:0.4440234886567745
C_PIECESQUARETABLES:0.5280157680636945
C_MOBILITY:0.4393820598492702
C_KINGSAFETY:0.4486983382439208
C_PAWNSTRUCTURE:0.5588815805016322
C_PIECECOORDINATION:0.4812623671509118
C_ROOKANDPAWNMOVEMENT:0.4812623671509118
C_CENTERCONTROL:0.5596743943897219
C_DEVELOPPIECES:0.2714926279107863
C_MATERIAL:0.5433331208121528
