ELO:988
CE_PASSEDPAWNS:0.5069982789156979
CE_PAWNWEAKNESSES:0.5008151091899035
CE_PIECEACTIVITY:0.5240638552755789
CE_KINGPAWNSHIELD:0.41840746785386046
CE_PIECECOORDINATION:0.44538019471221774
CE_MATERIAL:0.5529409014653436
CE_KINGSAFETY:0.5047835745651085
C_PIECESQUARETABLES:0.4999577008233332
C_MOBILITY:0.49988932979239253
C_KINGSAFETY:0.5099560962720291
C_PAWNSTRUCTURE:0.5057152579172203
C_PIECECOORDINATION:0.5278954268536931
C_ROOKANDPAWNMOVEMENT:0.5278954268536931
C_CENTERCONTROL:0.3912611560088174
C_DEVELOPPIECES:0.5168597767512775
C_MATERIAL:0.5859692747107864
