ELO:880
CE_PASSEDPAWNS:0.4892616621258294
CE_PAWNWEAKNESSES:0.49642175473438316
CE_PIECEACTIVITY:0.5265060663437806
CE_KINGPAWNSHIELD:0.4441017128144029
CE_PIECECOORDINATION:0.5489823704691442
CE_MATERIAL:0.47033870255748933
CE_KINGSAFETY:0.5
C_PIECESQUARETABLES:0.5
C_MOBILITY:0.5079587396001995
C_KINGSAFETY:0.45420434760297274
C_PAWNSTRUCTURE:0.42555589373747854
C_PIECECOORDINATION:0.45419058104361487
C_ROOKANDPAWNMOVEMENT:0.45419058104361487
C_CENTERCONTROL:0.4850403299265417
C_DEVELOPPIECES:0.4683701385998413
C_MATERIAL:0.46293122400218184
C_MOVECOUNT:0.5
