ELO:1000
CE_PASSEDPAWNS:0.5015550143528733
CE_PAWNWEAKNESSES:0.4879395929291452
CE_PIECEACTIVITY:0.48025983458150484
CE_KINGPAWNSHIELD:0.5182434218061478
CE_PIECECOORDINATION:0.48306480070361646
CE_MATERIAL:0.5414139308295428
CE_KINGSAFETY:0.4943247509351319
C_PIECESQUARETABLES:0.49100002623480876
C_MOBILITY:0.5016030259295164
C_KINGSAFETY:0.5238598961696195
C_PAWNSTRUCTURE:0.5120760221232528
C_PIECECOORDINATION:0.496959283381016
C_ROOKANDPAWNMOVEMENT:0.496959283381016
C_CENTERCONTROL:0.5100357186319302
C_DEVELOPPIECES:0.4752254890909405
C_MATERIAL:0.5111232202882261
