ELO:1000
CE_PASSEDPAWNS:0.502593536235942
CE_PAWNWEAKNESSES:0.493892993687534
CE_PIECEACTIVITY:0.509657422616096
CE_KINGPAWNSHIELD:0.4978810921595986
CE_PIECECOORDINATION:0.4976129243307032
CE_MATERIAL:0.5061130376258028
CE_KINGSAFETY:0.49489107108216196
C_PIECESQUARETABLES:0.5
C_MOBILITY:0.5
C_KINGSAFETY:0.4999496522434743
C_PAWNSTRUCTURE:0.5013786337123962
C_PIECECOORDINATION:0.49680746905078976
C_ROOKANDPAWNMOVEMENT:0.49680746905078976
C_CENTERCONTROL:0.49319441626646077
C_DEVELOPPIECES:0.5
C_MATERIAL:0.5086172051845158
