ELO:990
CE_PASSEDPAWNS:0.5240767564843484
CE_PAWNWEAKNESSES:0.49680790836486943
CE_PIECEACTIVITY:0.4853836144793422
CE_KINGPAWNSHIELD:0.5643375331993045
CE_PIECECOORDINATION:0.520368090126841
CE_MATERIAL:0.48360467211998737
CE_KINGSAFETY:0.5
C_PIECESQUARETABLES:0.5051658692125006
C_MOBILITY:0.5332505348419101
C_KINGSAFETY:0.48287593018466424
C_PAWNSTRUCTURE:0.5135502999412446
C_PIECECOORDINATION:0.5095609109688493
C_ROOK:0.5095532617344559
CE_ROOK:0.47322516004763343
C_CENTERCONTROL:0.48150087560044164
C_DEVELOPPIECES:0.5054314922979187
C_MATERIAL:0.5338837446511785
C_MOVECOUNT:0.5333773498999164
C_PAWNMOVEMENT:0.4937129386112494
