ELO:934
CE_PASSEDPAWNS:0.5078927919362054
CE_PAWNWEAKNESSES:0.5162742500814148
CE_PIECEACTIVITY:0.4959152028828439
CE_KINGPAWNSHIELD:0.485653092601455
CE_PIECECOORDINATION:0.5
CE_MATERIAL:0.525416614193674
CE_KINGSAFETY:0.48655091917625043
C_PIECESQUARETABLES:0.49937759139201066
C_MOBILITY:0.5043568274848949
C_KINGSAFETY:0.481825572143779
C_PAWNSTRUCTURE:0.4900230339104785
C_PIECECOORDINATION:0.517823090911267
C_ROOK:0.529112535992235
CE_ROOK:0.5209946420905556
C_CENTERCONTROL:0.5431786250971223
C_DEVELOPPIECES:0.5341431977890833
C_MATERIAL:0.4966844664947636
C_MOVECOUNT:0.48382929715527906
C_PAWNMOVEMENT:0.4865355351235106
