ELO:935
CE_PASSEDPAWNS:0.5260038278981303
CE_PAWNWEAKNESSES:0.5270715218966412
CE_PIECEACTIVITY:0.49214051329450864
CE_KINGPAWNSHIELD:0.4611508130314925
CE_PIECECOORDINATION:0.5109654178679851
CE_MATERIAL:0.5075237752520786
CE_KINGSAFETY:0.48699066188175205
C_PIECESQUARETABLES:0.46431891732315167
C_MOBILITY:0.5441964495851362
C_KINGSAFETY:0.4904788255902374
C_PAWNSTRUCTURE:0.503046994484364
C_PIECECOORDINATION:0.5557626591379232
C_ROOK:0.5269424459326859
CE_ROOK:0.47906797873683565
C_CENTERCONTROL:0.5480865921133301
C_DEVELOPPIECES:0.4992764071896054
C_MATERIAL:0.47906546694299107
C_MOVECOUNT:0.5305008341705048
C_PAWNMOVEMENT:0.5497856850322363
