ELO:956
CE_PASSEDPAWNS:0.49368539196198313
CE_PAWNWEAKNESSES:0.5277128340777725
CE_PIECEACTIVITY:0.51825485074172
CE_KINGPAWNSHIELD:0.5106724977852304
CE_PIECECOORDINATION:0.5217699281518067
CE_MATERIAL:0.48968580015178137
CE_KINGSAFETY:0.5071663321092366
C_PIECESQUARETABLES:0.5160897793423828
C_MOBILITY:0.4915489673064189
C_KINGSAFETY:0.48379108858586933
C_PAWNSTRUCTURE:0.4806977542808643
C_PIECECOORDINATION:0.5065905609716795
C_ROOKANDPAWNMOVEMENT:0.5065905609716795
C_CENTERCONTROL:0.49548258633815534
C_DEVELOPPIECES:0.5036861474078862
C_MATERIAL:0.48116814104410804
C_MOVECOUNT:0.5
