ELO:988
CE_PASSEDPAWNS:0.5117420674240114
CE_PAWNWEAKNESSES:0.5098082122670942
CE_PIECEACTIVITY:0.5115517959390631
CE_KINGPAWNSHIELD:0.39925036943901965
CE_PIECECOORDINATION:0.45379494742948934
CE_MATERIAL:0.5561775794490093
CE_KINGSAFETY:0.5076052998810133
C_PIECESQUARETABLES:0.5088849177329724
C_MOBILITY:0.5002181467903688
C_KINGSAFETY:0.49434756779030675
C_PAWNSTRUCTURE:0.5125975335626219
C_PIECECOORDINATION:0.5344102617090504
C_ROOKANDPAWNMOVEMENT:0.5344102617090504
C_CENTERCONTROL:0.4052581011921935
C_DEVELOPPIECES:0.4919030089782885
C_MATERIAL:0.5870573756948708
