ELO:947
CE_PASSEDPAWNS:0.5263469014604779
CE_PAWNWEAKNESSES:0.5294338284033544
CE_PIECEACTIVITY:0.46256316343017384
CE_KINGPAWNSHIELD:0.5611290332906469
CE_PIECECOORDINATION:0.5277823855012715
CE_MATERIAL:0.49534387142470265
CE_KINGSAFETY:0.4969726014310014
C_PIECESQUARETABLES:0.47198190847374366
C_MOBILITY:0.4596048028888691
C_KINGSAFETY:0.46773952479339026
C_PAWNSTRUCTURE:0.5037931785134421
C_PIECECOORDINATION:0.5315079994751025
C_ROOKANDPAWNMOVEMENT:0.5315079994751025
C_CENTERCONTROL:0.5239107629994144
C_DEVELOPPIECES:0.4370921507152468
C_MATERIAL:0.47162360843111195
C_MOVECOUNT:0.4711481506450785
