ELO:980
CE_PASSEDPAWNS:0.48119412813931595
CE_PAWNWEAKNESSES:0.5
CE_PIECEACTIVITY:0.5089235672846397
CE_KINGPAWNSHIELD:0.500517918305649
CE_PIECECOORDINATION:0.49921820835022146
CE_MATERIAL:0.49323476076246975
CE_KINGSAFETY:0.5
C_PIECESQUARETABLES:0.5
C_MOBILITY:0.50012925876182
C_KINGSAFETY:0.4791838157019014
C_PAWNSTRUCTURE:0.4922394189151209
C_PIECECOORDINATION:0.5133923921226022
C_ROOKANDPAWNMOVEMENT:0.5133923921226022
C_CENTERCONTROL:0.5134064497007963
C_DEVELOPPIECES:0.48818001291603713
C_MATERIAL:0.48692370666783286
C_MOVECOUNT:0.5
