ELO:945
CE_PASSEDPAWNS:0.489087324765298
CE_PAWNWEAKNESSES:0.44852801764021716
CE_PIECEACTIVITY:0.521629919535263
CE_KINGPAWNSHIELD:0.5355193258009439
CE_PIECECOORDINATION:0.5241161774922031
CE_MATERIAL:0.51590189257712
CE_KINGSAFETY:0.5
C_PIECESQUARETABLES:0.5
C_MOBILITY:0.5480432288699277
C_KINGSAFETY:0.5472834012696451
C_PAWNSTRUCTURE:0.4882333791664807
C_PIECECOORDINATION:0.466788837795545
C_ROOKANDPAWNMOVEMENT:0.466788837795545
C_CENTERCONTROL:0.5990128211892207
C_DEVELOPPIECES:0.49594186963912834
C_MATERIAL:0.5473886347887188
C_MOVECOUNT:0.5
