ELO:924
CE_PASSEDPAWNS:0.5428083903905588
CE_PAWNWEAKNESSES:0.47106476987897045
CE_PIECEACTIVITY:0.5737543999350069
CE_KINGPAWNSHIELD:0.5222846346293015
CE_PIECECOORDINATION:0.5340151889983706
CE_MATERIAL:0.44910206367572075
CE_KINGSAFETY:0.4836157318074664
C_PIECESQUARETABLES:0.45811037435118207
C_MOBILITY:0.4706350851850259
C_KINGSAFETY:0.5987818565976988
C_PAWNSTRUCTURE:0.6465209473278113
C_PIECECOORDINATION:0.46394881088427004
C_ROOKANDPAWNMOVEMENT:0.46394881088427004
C_CENTERCONTROL:0.44735484168859535
C_DEVELOPPIECES:0.37929074039200933
C_MATERIAL:0.4962512001376066
