ELO:955
CE_PASSEDPAWNS:0.4951651684098421
CE_PAWNWEAKNESSES:0.5162742500814148
CE_PIECEACTIVITY:0.5023317502732272
CE_KINGPAWNSHIELD:0.485653092601455
CE_PIECECOORDINATION:0.5
CE_MATERIAL:0.5195448080679836
CE_KINGSAFETY:0.49206361921156133
C_PIECESQUARETABLES:0.4910718887951431
C_MOBILITY:0.5043568274848949
C_KINGSAFETY:0.4861552740533652
C_PAWNSTRUCTURE:0.48884707702168895
C_PIECECOORDINATION:0.517823090911267
C_ROOK:0.5290937651816948
CE_ROOK:0.5316238926761105
C_CENTERCONTROL:0.5352049473513745
C_DEVELOPPIECES:0.5341431977890833
C_MATERIAL:0.49704201482996074
C_MOVECOUNT:0.4800038875099326
C_PAWNMOVEMENT:0.4959707820032815
