ELO:971
CE_PASSEDPAWNS:0.5061472592233308
CE_PAWNWEAKNESSES:0.490732213381281
CE_PIECEACTIVITY:0.49461722625916926
CE_KINGPAWNSHIELD:0.4962536324025344
CE_PIECECOORDINATION:0.5068962086852313
CE_MATERIAL:0.4880381309742846
CE_KINGSAFETY:0.510878193774478
C_PIECESQUARETABLES:0.4863085292862325
C_MOBILITY:0.4977614821733709
C_KINGSAFETY:0.5112319861542112
C_PAWNSTRUCTURE:0.5069912709057116
C_PIECECOORDINATION:0.5078675507793421
C_ROOKANDPAWNMOVEMENT:0.5078675507793421
C_CENTERCONTROL:0.5108381958278744
C_DEVELOPPIECES:0.5252071235514751
C_MATERIAL:0.5025904516872196
C_MOVECOUNT:0.5
