ELO:880
CE_PASSEDPAWNS:0.4805501771625611
CE_PAWNWEAKNESSES:0.5088052638791731
CE_PIECEACTIVITY:0.47720743716899006
CE_KINGPAWNSHIELD:0.5653483269263899
CE_PIECECOORDINATION:0.45923468903644943
CE_MATERIAL:0.47670995363854896
CE_KINGSAFETY:0.5277730627960405
C_PIECESQUARETABLES:0.454739775511598
C_MOBILITY:0.5744956499664969
C_KINGSAFETY:0.46201745366628405
C_PAWNSTRUCTURE:0.5571559356716409
C_PIECECOORDINATION:0.5084021830320284
C_ROOKANDPAWNMOVEMENT:0.5084021830320284
C_CENTERCONTROL:0.4824397794550221
C_DEVELOPPIECES:0.4857667403213877
C_MATERIAL:0.5271161433905278
C_MOVECOUNT:0.5
