ELO:881
CE_PASSEDPAWNS:0.4128873914410334
CE_PAWNWEAKNESSES:0.4486953794665965
CE_PIECEACTIVITY:0.49620641398163606
CE_KINGPAWNSHIELD:0.4678441994424251
CE_PIECECOORDINATION:0.4992501194390389
CE_MATERIAL:0.5018222235688095
CE_KINGSAFETY:0.4436489077997288
C_PIECESQUARETABLES:0.4898255833821365
C_MOBILITY:0.4686500311367986
C_KINGSAFETY:0.5457803132102077
C_PAWNSTRUCTURE:0.48626640503489194
C_PIECECOORDINATION:0.49862353252462704
C_ROOKANDPAWNMOVEMENT:0.49862353252462704
C_CENTERCONTROL:0.43471239706318976
C_DEVELOPPIECES:0.5754778274212826
C_MATERIAL:0.5177883547444587
C_MOVECOUNT:0.5
