ELO:895
CE_PASSEDPAWNS:0.4316033319555968
CE_PAWNWEAKNESSES:0.5290716474932037
CE_PIECEACTIVITY:0.3139196924770618
CE_KINGPAWNSHIELD:0.4911301570127636
CE_PIECECOORDINATION:0.5609620816022499
CE_MATERIAL:0.5141813772425714
CE_KINGSAFETY:0.536435730262478
C_PIECESQUARETABLES:0.42877026953763825
C_MOBILITY:0.46682159962154784
C_KINGSAFETY:0.4352372327738172
C_PAWNSTRUCTURE:0.46872432040450546
C_PIECECOORDINATION:0.5039462461288058
C_ROOKANDPAWNMOVEMENT:0.5039462461288058
C_CENTERCONTROL:0.47572851537095817
C_DEVELOPPIECES:0.43395455920360004
C_MATERIAL:0.5013985683582743
