ELO:762
CE_PASSEDPAWNS:0.5708397515768511
CE_PAWNWEAKNESSES:0.5090489703641048
CE_PIECEACTIVITY:0.4954699311437848
CE_KINGPAWNSHIELD:0.5680443390322638
CE_PIECECOORDINATION:0.4624790324463723
CE_MATERIAL:0.5023938153423358
CE_KINGSAFETY:0.48168695628529745
C_PIECESQUARETABLES:0.5171974305611136
C_MOBILITY:0.49181254712506184
C_KINGSAFETY:0.5824690400435838
C_PAWNSTRUCTURE:0.43223189509615656
C_PIECECOORDINATION:0.5808490299668326
C_ROOKANDPAWNMOVEMENT:0.5808490299668326
C_CENTERCONTROL:0.5598222467429089
C_DEVELOPPIECES:0.5630478742986338
C_MATERIAL:0.4968609961165932
C_MOVECOUNT:0.5039465897062129
