ELO:945
CE_PASSEDPAWNS:0.45157031020959415
CE_PAWNWEAKNESSES:0.5022870392305869
CE_PIECEACTIVITY:0.3473878811276349
CE_KINGPAWNSHIELD:0.5204852210113259
CE_PIECECOORDINATION:0.49753703345796824
CE_MATERIAL:0.5253259785236253
CE_KINGSAFETY:0.4937187560158413
C_PIECESQUARETABLES:0.4856505427989554
C_MOBILITY:0.5321578008569035
C_KINGSAFETY:0.4469100726064975
C_PAWNSTRUCTURE:0.46393086349747376
C_PIECECOORDINATION:0.4770019517943368
C_ROOKANDPAWNMOVEMENT:0.4770019517943368
C_CENTERCONTROL:0.4922459442352787
C_DEVELOPPIECES:0.45951379407532106
C_MATERIAL:0.46812889017546255
