ELO:1072
CE_PASSEDPAWNS:0.4838702071074852
CE_PAWNWEAKNESSES:0.49113075742544804
CE_PIECEACTIVITY:0.48905773212419307
CE_KINGPAWNSHIELD:0.5011796872394073
CE_PIECECOORDINATION:0.5168347435932953
CE_MATERIAL:0.5
CE_KINGSAFETY:0.5
C_PIECESQUARETABLES:0.5
C_MOBILITY:0.5
C_KINGSAFETY:0.4883313479141486
C_PAWNSTRUCTURE:0.5
C_PIECECOORDINATION:0.5147901901385286
C_ROOKANDPAWNMOVEMENT:0.5147901901385286
C_CENTERCONTROL:0.49176798338468625
C_DEVELOPPIECES:0.491347890160957
C_MATERIAL:0.5014218095533763
C_MOVECOUNT:0.48287303090872646
