ELO:932
CE_PASSEDPAWNS:0.4045269082051458
CE_PAWNWEAKNESSES:0.5
CE_PIECEACTIVITY:0.4982362274133278
CE_KINGPAWNSHIELD:0.5663550275989125
CE_PIECECOORDINATION:0.5280875985012714
CE_MATERIAL:0.49032070123486293
CE_KINGSAFETY:0.5
C_PIECESQUARETABLES:0.5302824470892774
C_MOBILITY:0.5
C_KINGSAFETY:0.49751253518485766
C_PAWNSTRUCTURE:0.5170801221220388
C_PIECECOORDINATION:0.443335211104307
C_ROOKANDPAWNMOVEMENT:0.443335211104307
C_CENTERCONTROL:0.5
C_DEVELOPPIECES:0.5169790741674313
C_MATERIAL:0.47206612333634945
C_MOVECOUNT:0.5
