ELO:1005
CE_PASSEDPAWNS:0.5015335351238203
CE_PAWNWEAKNESSES:0.4941457712151436
CE_PIECEACTIVITY:0.5101627758349784
CE_KINGPAWNSHIELD:0.5
CE_PIECECOORDINATION:0.5152004065751296
CE_MATERIAL:0.4960874898207118
CE_KINGSAFETY:0.5
C_PIECESQUARETABLES:0.4890375376297138
C_MOBILITY:0.5
C_KINGSAFETY:0.5057243599976576
C_PAWNSTRUCTURE:0.5006583445108496
C_PIECECOORDINATION:0.5
C_ROOKANDPAWNMOVEMENT:0.5
C_CENTERCONTROL:0.518811997271166
C_DEVELOPPIECES:0.4891168203135257
C_MATERIAL:0.49652518269090157
C_MOVECOUNT:0.5
