ELO:1046
CE_PASSEDPAWNS:0.4837053003267551
CE_PAWNWEAKNESSES:0.4967877153802503
CE_PIECEACTIVITY:0.4971598763363807
CE_KINGPAWNSHIELD:0.4792914016857284
CE_PIECECOORDINATION:0.5214279580634498
CE_MATERIAL:0.5092560037865277
CE_KINGSAFETY:0.5
C_PIECESQUARETABLES:0.5
C_MOBILITY:0.4857340728633006
C_KINGSAFETY:0.5168036488374377
C_PAWNSTRUCTURE:0.5
C_PIECECOORDINATION:0.5279459695365608
C_ROOK:0.5426734590129029
CE_ROOK:0.49765021484716565
C_CENTERCONTROL:0.48604540223644294
C_DEVELOPPIECES:0.5018244956320536
C_MATERIAL:0.5076142758481443
C_MOVECOUNT:0.5231961832358586
C_PAWNMOVEMENT:0.45705365480330884
