ELO:953
CE_PASSEDPAWNS:0.48653129987853183
CE_PAWNWEAKNESSES:0.49644216656191575
CE_PIECEACTIVITY:0.49999794013585674
CE_KINGPAWNSHIELD:0.4862987371854303
CE_PIECECOORDINATION:0.5024354661976924
CE_MATERIAL:0.5252921516181929
CE_KINGSAFETY:0.5126384288746177
C_PIECESQUARETABLES:0.5049992778128203
C_MOBILITY:0.4984247106802615
C_KINGSAFETY:0.4995826404253288
C_PAWNSTRUCTURE:0.4806313952067007
C_PIECECOORDINATION:0.4848952179106524
C_ROOKANDPAWNMOVEMENT:0.4848952179106524
C_CENTERCONTROL:0.5272045098257723
C_DEVELOPPIECES:0.5184512599904162
C_MATERIAL:0.5317884172197056
C_MOVECOUNT:0.5041347456898213
