ELO:1000
CE_PASSEDPAWNS:0.4844824764157828
CE_PAWNWEAKNESSES:0.4730641171209073
CE_PIECEACTIVITY:0.48448887995539885
CE_KINGPAWNSHIELD:0.5120177688160883
CE_PIECECOORDINATION:0.5014917952433406
CE_MATERIAL:0.49006643703068625
CE_KINGSAFETY:0.5127970109341995
C_PIECESQUARETABLES:0.5188030058745087
C_MOBILITY:0.5105759679590627
C_KINGSAFETY:0.49180815779045584
C_PAWNSTRUCTURE:0.5023710267475223
C_PIECECOORDINATION:0.5140361594066771
C_ROOKANDPAWNMOVEMENT:0.5140361594066771
C_CENTERCONTROL:0.5295068148131301
C_DEVELOPPIECES:0.5021864416958118
C_MATERIAL:0.4921406180994443
