ELO:891
CE_PASSEDPAWNS:0.45209762549445953
CE_PAWNWEAKNESSES:0.538417122717107
CE_PIECEACTIVITY:0.332951723709941
CE_KINGPAWNSHIELD:0.49162957184400846
CE_PIECECOORDINATION:0.5267028086381357
CE_MATERIAL:0.49974246657368077
CE_KINGSAFETY:0.5190641625854339
C_PIECESQUARETABLES:0.49621651640085834
C_MOBILITY:0.45809627227309824
C_KINGSAFETY:0.44761473419306824
C_PAWNSTRUCTURE:0.4876137389256424
C_PIECECOORDINATION:0.4753972500116314
C_ROOKANDPAWNMOVEMENT:0.4753972500116314
C_CENTERCONTROL:0.47827025152179176
C_DEVELOPPIECES:0.4815227499411431
C_MATERIAL:0.47657773138678566
