ELO:904
CE_PASSEDPAWNS:0.5012077436728256
CE_PAWNWEAKNESSES:0.5175479122187079
CE_PIECEACTIVITY:0.4898756637654723
CE_KINGPAWNSHIELD:0.542164288873752
CE_PIECECOORDINATION:0.4872534827771863
CE_MATERIAL:0.4998186785554156
CE_KINGSAFETY:0.5201369596419264
C_PIECESQUARETABLES:0.47174503623055436
C_MOBILITY:0.53897806318644
C_KINGSAFETY:0.4809336947171176
C_PAWNSTRUCTURE:0.56507038588268
C_PIECECOORDINATION:0.4984216385120466
C_ROOKANDPAWNMOVEMENT:0.4984216385120466
C_CENTERCONTROL:0.4853244020466435
C_DEVELOPPIECES:0.46123561476205693
C_MATERIAL:0.5357858506772177
C_MOVECOUNT:0.5
