ELO:935
CE_PASSEDPAWNS:0.4321845892966446
CE_PAWNWEAKNESSES:0.49535405515458725
CE_PIECEACTIVITY:0.3617231612828042
CE_KINGPAWNSHIELD:0.502245164465137
CE_PIECECOORDINATION:0.5030820872669195
CE_MATERIAL:0.5275112682338625
CE_KINGSAFETY:0.49051656751790595
C_PIECESQUARETABLES:0.46871580526242723
C_MOBILITY:0.5341107365342416
C_KINGSAFETY:0.44680003289707476
C_PAWNSTRUCTURE:0.4536489126283999
C_PIECECOORDINATION:0.4834771195432966
C_ROOKANDPAWNMOVEMENT:0.4834771195432966
C_CENTERCONTROL:0.48679390802547606
C_DEVELOPPIECES:0.4562802220021993
C_MATERIAL:0.4492050439159013
