ELO:991
CE_PASSEDPAWNS:0.5007864525167518
CE_PAWNWEAKNESSES:0.510101764197767
CE_PIECEACTIVITY:0.47713119820979194
CE_KINGPAWNSHIELD:0.48543051098139056
CE_PIECECOORDINATION:0.5145034700930532
CE_MATERIAL:0.43903603015576487
CE_KINGSAFETY:0.5035513523835735
C_PIECESQUARETABLES:0.4371444339650479
C_MOBILITY:0.4704851049709444
C_KINGSAFETY:0.499654924993124
C_PAWNSTRUCTURE:0.5451769041477692
C_PIECECOORDINATION:0.4943109843401689
C_ROOKANDPAWNMOVEMENT:0.4943109843401689
C_CENTERCONTROL:0.5058245606249795
C_DEVELOPPIECES:0.4910249611135479
C_MATERIAL:0.4783491628317937
