ELO:916
CE_PASSEDPAWNS:0.5009717554804639
CE_PAWNWEAKNESSES:0.5227026587604215
CE_PIECEACTIVITY:0.4759485290267086
CE_KINGPAWNSHIELD:0.5090000844138032
CE_PIECECOORDINATION:0.506781438792706
CE_MATERIAL:0.4880843934777081
CE_KINGSAFETY:0.5303517872051594
C_PIECESQUARETABLES:0.5115252517128246
C_MOBILITY:0.5193433839686155
C_KINGSAFETY:0.5101204587614736
C_PAWNSTRUCTURE:0.5102014651160843
C_PIECECOORDINATION:0.49548320722163314
C_ROOKANDPAWNMOVEMENT:0.49548320722163314
C_CENTERCONTROL:0.4934292885107379
C_DEVELOPPIECES:0.4832824164624131
C_MATERIAL:0.5295742978401509
C_MOVECOUNT:0.5
