ELO:958
CE_PASSEDPAWNS:0.49993311641406035
CE_PAWNWEAKNESSES:0.48795744151231885
CE_PIECEACTIVITY:0.502527062617814
CE_KINGPAWNSHIELD:0.4983992893975653
CE_PIECECOORDINATION:0.4881030332963456
CE_MATERIAL:0.5065327793974176
CE_KINGSAFETY:0.5025442789094884
C_PIECESQUARETABLES:0.5191779865515388
C_MOBILITY:0.4823304618951188
C_KINGSAFETY:0.4957013190370023
C_PAWNSTRUCTURE:0.4883732263444382
C_PIECECOORDINATION:0.48305326114350117
C_ROOK:0.49044950173345303
CE_ROOK:0.4982730732214156
C_CENTERCONTROL:0.49140375244916745
C_DEVELOPPIECES:0.47793701089037427
C_MATERIAL:0.5156391595287391
C_MOVECOUNT:0.4968144157161014
C_PAWNMOVEMENT:0.5172725221079169
