ELO:998
CE_PASSEDPAWNS:0.5059477929000695
CE_PAWNWEAKNESSES:0.4723937621161102
CE_PIECEACTIVITY:0.5244108836238115
CE_KINGPAWNSHIELD:0.519186970517368
CE_PIECECOORDINATION:0.5054984900123752
CE_MATERIAL:0.4857179863277638
CE_KINGSAFETY:0.5
C_PIECESQUARETABLES:0.5
C_MOBILITY:0.547303826863206
C_KINGSAFETY:0.5109145841018762
C_PAWNSTRUCTURE:0.48144749827520533
C_PIECECOORDINATION:0.5158410203840428
C_ROOK:0.5045266501051656
CE_ROOK:0.4825625937589016
C_CENTERCONTROL:0.49500406223562304
C_DEVELOPPIECES:0.4888684472186382
C_MATERIAL:0.5160514532419177
C_MOVECOUNT:0.5195669695597991
C_PAWNMOVEMENT:0.5159787311400577
