ELO:978
CE_PASSEDPAWNS:0.5402780646509466
CE_PAWNWEAKNESSES:0.4696151289828678
CE_PIECEACTIVITY:0.5081690451031096
CE_KINGPAWNSHIELD:0.4815745723715844
CE_PIECECOORDINATION:0.49351704541079355
CE_MATERIAL:0.5088865656348207
CE_KINGSAFETY:0.5
C_PIECESQUARETABLES:0.5
C_MOBILITY:0.4640039137404313
C_KINGSAFETY:0.4842204719480368
C_PAWNSTRUCTURE:0.4830107404301971
C_PIECECOORDINATION:0.49886076710730254
C_ROOK:0.4697608394777938
CE_ROOK:0.5072867076406474
C_CENTERCONTROL:0.49494605717410955
C_DEVELOPPIECES:0.4485932313063838
C_MATERIAL:0.5236604739224482
C_MOVECOUNT:0.5132436927639241
C_PAWNMOVEMENT:0.49391106856540656
