ELO:956
CE_PASSEDPAWNS:0.49993311641406035
CE_PAWNWEAKNESSES:0.4775541823115008
CE_PIECEACTIVITY:0.5081690451031096
CE_KINGPAWNSHIELD:0.5037385991224987
CE_PIECECOORDINATION:0.49699879950870746
CE_MATERIAL:0.5012750627478564
CE_KINGSAFETY:0.5025442789094884
C_PIECESQUARETABLES:0.5100104619362884
C_MOBILITY:0.48759131802817357
C_KINGSAFETY:0.4871025135737859
C_PAWNSTRUCTURE:0.48465554940575756
C_PIECECOORDINATION:0.4896059055886115
C_ROOK:0.5010955383339082
CE_ROOK:0.5043589622640926
C_CENTERCONTROL:0.4880035343897042
C_DEVELOPPIECES:0.47173850171688825
C_MATERIAL:0.5185974980517157
C_MOVECOUNT:0.5108201132642224
C_PAWNMOVEMENT:0.4902801777904067
