ELO:996
CE_PASSEDPAWNS:0.5077991086256463
CE_PAWNWEAKNESSES:0.44542974891888637
CE_PIECEACTIVITY:0.5273689005966412
CE_KINGPAWNSHIELD:0.4137914030057311
CE_PIECECOORDINATION:0.5138962178399454
CE_MATERIAL:0.4045807916048189
CE_KINGSAFETY:0.5120981324902131
C_PIECESQUARETABLES:0.5114994292477476
C_MOBILITY:0.580479941274235
C_KINGSAFETY:0.5555396845641076
C_PAWNSTRUCTURE:0.498637535911282
C_PIECECOORDINATION:0.545207509373014
C_ROOKANDPAWNMOVEMENT:0.545207509373014
C_CENTERCONTROL:0.39055707384902955
C_DEVELOPPIECES:0.5067495606305472
C_MATERIAL:0.6201906658387899
