ELO:1000
CE_PASSEDPAWNS:0.474876285371858
CE_PAWNWEAKNESSES:0.459750636762601
CE_PIECEACTIVITY:0.4517506533390392
CE_KINGPAWNSHIELD:0.49794880038303857
CE_PIECECOORDINATION:0.4917721628317554
CE_MATERIAL:0.5124901196325162
CE_KINGSAFETY:0.5263921737962415
C_PIECESQUARETABLES:0.5165558012780528
C_MOBILITY:0.49254825514363465
C_KINGSAFETY:0.48529529937837956
C_PAWNSTRUCTURE:0.47882717425974736
C_PIECECOORDINATION:0.48898908482482006
C_ROOKANDPAWNMOVEMENT:0.48898908482482006
C_CENTERCONTROL:0.4957343125642554
C_DEVELOPPIECES:0.4896337313491397
C_MATERIAL:0.4967882486386897
