ELO:870
CE_PASSEDPAWNS:0.5195842856776771
CE_PAWNWEAKNESSES:0.4936080062243945
CE_PIECEACTIVITY:0.5014509992314783
CE_KINGPAWNSHIELD:0.5792178252361001
CE_PIECECOORDINATION:0.4612759068084309
CE_MATERIAL:0.5013743441082674
CE_KINGSAFETY:0.5065111345748913
C_PIECESQUARETABLES:0.45120950584211594
C_MOBILITY:0.5819443711061575
C_KINGSAFETY:0.44153031061270376
C_PAWNSTRUCTURE:0.5705613232203638
C_PIECECOORDINATION:0.5179323828902329
C_ROOKANDPAWNMOVEMENT:0.5179323828902329
C_CENTERCONTROL:0.520468984273993
C_DEVELOPPIECES:0.5012953103845146
C_MATERIAL:0.49104866310793094
C_MOVECOUNT:0.5
