ELO:939
CE_PASSEDPAWNS:0.47190687690212874
CE_PAWNWEAKNESSES:0.4978668347111512
CE_PIECEACTIVITY:0.5133069524549483
CE_KINGPAWNSHIELD:0.5082849694903584
CE_PIECECOORDINATION:0.4977081295468796
CE_MATERIAL:0.4759466073231488
CE_KINGSAFETY:0.5
C_PIECESQUARETABLES:0.48665362932866896
C_MOBILITY:0.5014908781716709
C_KINGSAFETY:0.48665578003498516
C_PAWNSTRUCTURE:0.5478566550404601
C_PIECECOORDINATION:0.4205018166736994
C_ROOKANDPAWNMOVEMENT:0.4205018166736994
C_CENTERCONTROL:0.43108088927946353
C_DEVELOPPIECES:0.4561110614391536
C_MATERIAL:0.5115772033098961
C_MOVECOUNT:0.5
