ELO:991
CE_PASSEDPAWNS:0.4579717854185745
CE_PAWNWEAKNESSES:0.4989027803181398
CE_PIECEACTIVITY:0.3816816460452591
CE_KINGPAWNSHIELD:0.5051276818792871
CE_PIECECOORDINATION:0.48583400266422
CE_MATERIAL:0.5063668927469004
CE_KINGSAFETY:0.49217451241467414
C_PIECESQUARETABLES:0.49506033041612113
C_MOBILITY:0.47432976269652727
C_KINGSAFETY:0.4641624782285974
C_PAWNSTRUCTURE:0.4505969774891431
C_PIECECOORDINATION:0.5009674409108278
C_ROOKANDPAWNMOVEMENT:0.5009674409108278
C_CENTERCONTROL:0.4904546749815651
C_DEVELOPPIECES:0.5081735496423061
C_MATERIAL:0.4688237071297963
