ELO:967
CE_PASSEDPAWNS:0.44238152074706
CE_PAWNWEAKNESSES:0.5198410383134738
CE_PIECEACTIVITY:0.3440798517856652
CE_KINGPAWNSHIELD:0.5180354775748504
CE_PIECECOORDINATION:0.49907458880290806
CE_MATERIAL:0.5457070524752188
CE_KINGSAFETY:0.5124823795440048
C_PIECESQUARETABLES:0.48877412143673926
C_MOBILITY:0.5157649941875851
C_KINGSAFETY:0.4600392054031706
C_PAWNSTRUCTURE:0.48059950640840815
C_PIECECOORDINATION:0.46061740730548584
C_ROOKANDPAWNMOVEMENT:0.46061740730548584
C_CENTERCONTROL:0.45743811647458693
C_DEVELOPPIECES:0.4405215597746536
C_MATERIAL:0.4868927300798482
