ELO:900
CE_PASSEDPAWNS:0.45862289859919014
CE_PAWNWEAKNESSES:0.4919395662064226
CE_PIECEACTIVITY:0.4192492726122732
CE_KINGPAWNSHIELD:0.4499623578809559
CE_PIECECOORDINATION:0.5261959650228318
CE_MATERIAL:0.5210870723555393
CE_KINGSAFETY:0.46899192096861525
C_PIECESQUARETABLES:0.4997760476718856
C_MOBILITY:0.46291674806557087
C_KINGSAFETY:0.4207779422315313
C_PAWNSTRUCTURE:0.5408094263443817
C_PIECECOORDINATION:0.4469470033007766
C_ROOKANDPAWNMOVEMENT:0.4469470033007766
C_CENTERCONTROL:0.5214021520479201
C_DEVELOPPIECES:0.4383954074209079
C_MATERIAL:0.48888708058700897
