ELO:1000
CE_PASSEDPAWNS:0.5
CE_PAWNWEAKNESSES:0.49616396832094994
CE_PIECEACTIVITY:0.5082132530943269
CE_KINGPAWNSHIELD:0.5048214395785532
CE_PIECECOORDINATION:0.5063851655724765
CE_MATERIAL:0.5335526184565826
CE_KINGSAFETY:0.4928136776971271
C_PIECESQUARETABLES:0.4846251850679972
C_MOBILITY:0.5082762707955287
C_KINGSAFETY:0.5011338453249944
C_PAWNSTRUCTURE:0.522497255122916
C_PIECECOORDINATION:0.48855003406702713
C_ROOKANDPAWNMOVEMENT:0.48855003406702713
C_CENTERCONTROL:0.49709248496205644
C_DEVELOPPIECES:0.49638920080594967
C_MATERIAL:0.5237462412698675
