ELO:999
CE_PASSEDPAWNS:0.4753530470134384
CE_PAWNWEAKNESSES:0.5034827321223915
CE_PIECEACTIVITY:0.4070594369418142
CE_KINGPAWNSHIELD:0.5080269251104232
CE_PIECECOORDINATION:0.5234225142518582
CE_MATERIAL:0.5226188810032785
CE_KINGSAFETY:0.5083185709630452
C_PIECESQUARETABLES:0.5224392049087025
C_MOBILITY:0.49534730674229943
C_KINGSAFETY:0.47468715619665247
C_PAWNSTRUCTURE:0.46273500365316517
C_PIECECOORDINATION:0.4884131301383901
C_ROOKANDPAWNMOVEMENT:0.4884131301383901
C_CENTERCONTROL:0.4991133019700576
C_DEVELOPPIECES:0.5160960513725832
C_MATERIAL:0.4926580230528144
