ELO:889
CE_PASSEDPAWNS:0.4452613590673408
CE_PAWNWEAKNESSES:0.5462980119475817
CE_PIECEACTIVITY:0.3251094183863967
CE_KINGPAWNSHIELD:0.48729429029376065
CE_PIECECOORDINATION:0.5348045189218588
CE_MATERIAL:0.5015467920906835
CE_KINGSAFETY:0.5031231617111953
C_PIECESQUARETABLES:0.5053020228266173
C_MOBILITY:0.4736979380170805
C_KINGSAFETY:0.4664489215262775
C_PAWNSTRUCTURE:0.4936228033881462
C_PIECECOORDINATION:0.5093181093331228
C_ROOKANDPAWNMOVEMENT:0.5093181093331228
C_CENTERCONTROL:0.4921309955954399
C_DEVELOPPIECES:0.4694797193273555
C_MATERIAL:0.4595851947338863
