ELO:895
CE_PASSEDPAWNS:0.42401315835598347
CE_PAWNWEAKNESSES:0.5197123466254293
CE_PIECEACTIVITY:0.32668861269201366
CE_KINGPAWNSHIELD:0.4847922197114726
CE_PIECECOORDINATION:0.5489703585812811
CE_MATERIAL:0.4841445142496391
CE_KINGSAFETY:0.5297819188496103
C_PIECESQUARETABLES:0.44756677982892773
C_MOBILITY:0.5038431939262134
C_KINGSAFETY:0.44745581854388966
C_PAWNSTRUCTURE:0.46802518768572554
C_PIECECOORDINATION:0.49976602667393816
C_ROOKANDPAWNMOVEMENT:0.49976602667393816
C_CENTERCONTROL:0.48289424852652635
C_DEVELOPPIECES:0.4431061741460503
C_MATERIAL:0.521193801359148
