ELO:998
CE_PASSEDPAWNS:0.5059477929000695
CE_PAWNWEAKNESSES:0.4924320025808494
CE_PIECEACTIVITY:0.5009191335917517
CE_KINGPAWNSHIELD:0.519186970517368
CE_PIECECOORDINATION:0.5133293050089468
CE_MATERIAL:0.532737070503067
CE_KINGSAFETY:0.5
C_PIECESQUARETABLES:0.5
C_MOBILITY:0.48025995148666667
C_KINGSAFETY:0.4802234662474188
C_PAWNSTRUCTURE:0.48144749827520533
C_PIECECOORDINATION:0.5158410203840428
C_ROOK:0.5045266501051656
CE_ROOK:0.5021706814473671
C_CENTERCONTROL:0.49500406223562304
C_DEVELOPPIECES:0.4888684472186382
C_MATERIAL:0.5160514532419177
C_MOVECOUNT:0.5195669695597991
C_PAWNMOVEMENT:0.4832878211660598
