ELO:1032
CE_PASSEDPAWNS:0.49591990162815325
CE_PAWNWEAKNESSES:0.5534477433413163
CE_PIECEACTIVITY:0.5061678211637165
CE_KINGPAWNSHIELD:0.479173758562018
CE_PIECECOORDINATION:0.48209927769255473
CE_MATERIAL:0.4963332086602903
CE_KINGSAFETY:0.5
C_PIECESQUARETABLES:0.5
C_MOBILITY:0.47869077114981246
C_KINGSAFETY:0.48760421906319956
C_PAWNSTRUCTURE:0.4793097430515872
C_PIECECOORDINATION:0.5
C_ROOK:0.5483005928983861
CE_ROOK:0.5105260679165217
C_CENTERCONTROL:0.5
C_DEVELOPPIECES:0.5098361739591123
C_MATERIAL:0.5437743648677519
C_MOVECOUNT:0.47689802817489824
C_PAWNMOVEMENT:0.5271924546016467
