ELO:948
CE_PASSEDPAWNS:0.5214016206544286
CE_PAWNWEAKNESSES:0.5345828242167433
CE_PIECEACTIVITY:0.5637387233326291
CE_KINGPAWNSHIELD:0.4864283449844433
CE_PIECECOORDINATION:0.49557187397776703
CE_MATERIAL:0.5776717395978304
CE_KINGSAFETY:0.5041495055946011
C_PIECESQUARETABLES:0.4630981360189428
C_MOBILITY:0.5421202552326122
C_KINGSAFETY:0.5664846492898417
C_PAWNSTRUCTURE:0.5202114308396575
C_PIECECOORDINATION:0.5170048712544741
C_ROOKANDPAWNMOVEMENT:0.5170048712544741
C_CENTERCONTROL:0.49219378961367505
C_DEVELOPPIECES:0.5415475516030768
C_MATERIAL:0.49591492222588346
C_MOVECOUNT:0.5
