ELO:1032
CE_PASSEDPAWNS:0.5132270531302282
CE_PAWNWEAKNESSES:0.5363741876631336
CE_PIECEACTIVITY:0.5
CE_KINGPAWNSHIELD:0.4816190804823163
CE_PIECECOORDINATION:0.5076942440388684
CE_MATERIAL:0.5152352549471835
CE_KINGSAFETY:0.5
C_PIECESQUARETABLES:0.5
C_MOBILITY:0.5
C_KINGSAFETY:0.5
C_PAWNSTRUCTURE:0.49521982452028573
C_PIECECOORDINATION:0.5147901901385286
C_ROOKANDPAWNMOVEMENT:0.5147901901385286
C_CENTERCONTROL:0.5006707391688551
C_DEVELOPPIECES:0.4914671028890998
C_MATERIAL:0.5014218095533763
C_MOVECOUNT:0.5127355789803764
