ELO:951
CE_PASSEDPAWNS:0.48922654476711525
CE_PAWNWEAKNESSES:0.5351077413855669
CE_PIECEACTIVITY:0.517918802982956
CE_KINGPAWNSHIELD:0.5653477103362798
CE_PIECECOORDINATION:0.5283408150565296
CE_MATERIAL:0.49677806664478513
CE_KINGSAFETY:0.5191221489987767
C_PIECESQUARETABLES:0.4676179361339968
C_MOBILITY:0.491328114746281
C_KINGSAFETY:0.47524886009769307
C_PAWNSTRUCTURE:0.474857316260712
C_PIECECOORDINATION:0.5244248892964323
C_ROOKANDPAWNMOVEMENT:0.5244248892964323
C_CENTERCONTROL:0.5044942155360103
C_DEVELOPPIECES:0.47918986806241626
C_MATERIAL:0.4748463615494692
C_MOVECOUNT:0.5
