ELO:998
CE_PASSEDPAWNS:0.5059477929000695
CE_PAWNWEAKNESSES:0.48247943521802344
CE_PIECEACTIVITY:0.522857609754833
CE_KINGPAWNSHIELD:0.519186970517368
CE_PIECECOORDINATION:0.5133293050089468
CE_MATERIAL:0.5227094173707053
CE_KINGSAFETY:0.5
C_PIECESQUARETABLES:0.5
C_MOBILITY:0.5229762936419815
C_KINGSAFETY:0.48911729326956044
C_PAWNSTRUCTURE:0.49619028459228515
C_PIECECOORDINATION:0.4549572441180041
C_ROOK:0.4612576673228623
CE_ROOK:0.4825625937589016
C_CENTERCONTROL:0.4978469337789744
C_DEVELOPPIECES:0.4838376624263987
C_MATERIAL:0.50195356868972
C_MOVECOUNT:0.5066957442885371
C_PAWNMOVEMENT:0.4832878211660598
