ELO:933
CE_PASSEDPAWNS:0.43388654359660095
CE_PAWNWEAKNESSES:0.5073279817208265
CE_PIECEACTIVITY:0.3582940518802404
CE_KINGPAWNSHIELD:0.5040668500839625
CE_PIECECOORDINATION:0.5154834281959787
CE_MATERIAL:0.5320878151082422
CE_KINGSAFETY:0.4839790067144339
C_PIECESQUARETABLES:0.4816801398661938
C_MOBILITY:0.5421305896679892
C_KINGSAFETY:0.4513977559159896
C_PAWNSTRUCTURE:0.44402184915721654
C_PIECECOORDINATION:0.47806179866214926
C_ROOKANDPAWNMOVEMENT:0.47806179866214926
C_CENTERCONTROL:0.5070711138704722
C_DEVELOPPIECES:0.43927022367060864
C_MATERIAL:0.4492050439159013
