ELO:1009
CE_PASSEDPAWNS:0.48715157963415806
CE_PAWNWEAKNESSES:0.5131400704388956
CE_PIECEACTIVITY:0.508263702153814
CE_KINGPAWNSHIELD:0.5242927748675824
CE_PIECECOORDINATION:0.53433782657228
CE_MATERIAL:0.48604646353627073
CE_KINGSAFETY:0.5
C_PIECESQUARETABLES:0.5
C_MOBILITY:0.4633075105019582
C_KINGSAFETY:0.5109145841018762
C_PAWNSTRUCTURE:0.51178020923408
C_PIECECOORDINATION:0.5153302482226951
C_ROOK:0.4993359940077455
CE_ROOK:0.49321024694033866
C_CENTERCONTROL:0.5534623204558115
C_DEVELOPPIECES:0.5255994280324449
C_MATERIAL:0.49649630162887737
C_MOVECOUNT:0.5153178805464597
C_PAWNMOVEMENT:0.4906966471824214
