ELO:931
CE_PASSEDPAWNS:0.4542513027382579
CE_PAWNWEAKNESSES:0.5314335064120342
CE_PIECEACTIVITY:0.3526044195353302
CE_KINGPAWNSHIELD:0.5066138142158022
CE_PIECECOORDINATION:0.528745174964996
CE_MATERIAL:0.5247773579824203
CE_KINGSAFETY:0.4685402828163812
C_PIECESQUARETABLES:0.4964473804689878
C_MOBILITY:0.5242115816314166
C_KINGSAFETY:0.46497712532925867
C_PAWNSTRUCTURE:0.4862114826904194
C_PIECECOORDINATION:0.5268183973932621
C_ROOKANDPAWNMOVEMENT:0.5268183973932621
C_CENTERCONTROL:0.5220706104956917
C_DEVELOPPIECES:0.46701694692983603
C_MATERIAL:0.4834853330621492
