ELO:1001
CE_PASSEDPAWNS:0.49303798623442036
CE_PAWNWEAKNESSES:0.5222916528438791
CE_PIECEACTIVITY:0.47173269922289585
CE_KINGPAWNSHIELD:0.47971558906381295
CE_PIECECOORDINATION:0.5187163426272386
CE_MATERIAL:0.459360222639801
CE_KINGSAFETY:0.5035513523835735
C_PIECESQUARETABLES:0.4577822800910875
C_MOBILITY:0.4704851049709444
C_KINGSAFETY:0.5120002437733694
C_PAWNSTRUCTURE:0.5422479269248166
C_PIECECOORDINATION:0.5126312235256206
C_ROOKANDPAWNMOVEMENT:0.5126312235256206
C_CENTERCONTROL:0.5035096082081256
C_DEVELOPPIECES:0.48853517896766746
C_MATERIAL:0.47402715680153723
