ELO:1000
CE_PASSEDPAWNS:0.4819562904493423
CE_PAWNWEAKNESSES:0.4576557346043589
CE_PIECEACTIVITY:0.4174923610770702
CE_KINGPAWNSHIELD:0.49031822551403836
CE_PIECECOORDINATION:0.5090541225256717
CE_MATERIAL:0.5092493121684938
CE_KINGSAFETY:0.5415864963228743
C_PIECESQUARETABLES:0.49940061472101754
C_MOBILITY:0.4952209153255499
C_KINGSAFETY:0.4935898494630698
C_PAWNSTRUCTURE:0.47370314429156113
C_PIECECOORDINATION:0.4702278294524704
C_ROOKANDPAWNMOVEMENT:0.4702278294524704
C_CENTERCONTROL:0.510436619157131
C_DEVELOPPIECES:0.5034716929918297
C_MATERIAL:0.4939761908793548
