ELO:947
CE_PASSEDPAWNS:0.5637281357985618
CE_PAWNWEAKNESSES:0.5296947191904092
CE_PIECEACTIVITY:0.377879927473679
CE_KINGPAWNSHIELD:0.4268681563740927
CE_PIECECOORDINATION:0.5291335296232508
CE_MATERIAL:0.44124934308516855
CE_KINGSAFETY:0.4820709500505571
C_PIECESQUARETABLES:0.5008123036312878
C_MOBILITY:0.46764683831841636
C_KINGSAFETY:0.5116998431680603
C_PAWNSTRUCTURE:0.4670937847281162
C_PIECECOORDINATION:0.43438344279149105
C_ROOKANDPAWNMOVEMENT:0.43438344279149105
C_CENTERCONTROL:0.48513163370220275
C_DEVELOPPIECES:0.46764192386390935
C_MATERIAL:0.41220310662861226
