ELO:958
CE_PASSEDPAWNS:0.49993311641406035
CE_PAWNWEAKNESSES:0.4775541823115008
CE_PIECEACTIVITY:0.5130833545644716
CE_KINGPAWNSHIELD:0.5037385991224987
CE_PIECECOORDINATION:0.4881030332963456
CE_MATERIAL:0.5065327793974176
CE_KINGSAFETY:0.5025442789094884
C_PIECESQUARETABLES:0.5191779865515388
C_MOBILITY:0.48759131802817357
C_KINGSAFETY:0.4957013190370023
C_PAWNSTRUCTURE:0.4883732263444382
C_PIECECOORDINATION:0.4896059055886115
C_ROOK:0.49044950173345303
CE_ROOK:0.4982730732214156
C_CENTERCONTROL:0.4883978286796585
C_DEVELOPPIECES:0.4759937096072165
C_MATERIAL:0.5156391595287391
C_MOVECOUNT:0.5052239222325161
C_PAWNMOVEMENT:0.5107600003513185
