ELO:841
CE_PASSEDPAWNS:0.5340254611320179
CE_PAWNWEAKNESSES:0.5229990982759044
CE_PIECEACTIVITY:0.4756009150937139
CE_KINGPAWNSHIELD:0.5189599892828561
CE_PIECECOORDINATION:0.4807911201064172
CE_MATERIAL:0.5208312854303068
CE_KINGSAFETY:0.5106658351314435
C_PIECESQUARETABLES:0.5451915469092271
C_MOBILITY:0.5494091042417995
C_KINGSAFETY:0.5032577815395687
C_PAWNSTRUCTURE:0.47461591250388463
C_PIECECOORDINATION:0.538183780063621
C_ROOKANDPAWNMOVEMENT:0.538183780063621
C_CENTERCONTROL:0.5219524319000526
C_DEVELOPPIECES:0.48248088854833376
C_MATERIAL:0.524295511898141
C_MOVECOUNT:0.5
