ELO:969
CE_PASSEDPAWNS:0.4837316927037958
CE_PAWNWEAKNESSES:0.48210620132800835
CE_PIECEACTIVITY:0.49633726667391587
CE_KINGPAWNSHIELD:0.5000436307457887
CE_PIECECOORDINATION:0.514970361766403
CE_MATERIAL:0.5187163301972838
CE_KINGSAFETY:0.499460832752422
C_PIECESQUARETABLES:0.5180191038437307
C_MOBILITY:0.4999447680388747
C_KINGSAFETY:0.5111310223998609
C_PAWNSTRUCTURE:0.43303344148481776
C_PIECECOORDINATION:0.5057032358529786
C_ROOKANDPAWNMOVEMENT:0.5057032358529786
C_CENTERCONTROL:0.48434404914000073
C_DEVELOPPIECES:0.5366995223829254
C_MATERIAL:0.4984628288521635
C_MOVECOUNT:0.5
