ELO:941
CE_PASSEDPAWNS:0.4661564990717844
CE_PAWNWEAKNESSES:0.5096347186084677
CE_PIECEACTIVITY:0.48936187513613166
CE_KINGPAWNSHIELD:0.5058669972566017
CE_PIECECOORDINATION:0.5296306587135238
CE_MATERIAL:0.4810398335101063
CE_KINGSAFETY:0.492015548420518
C_PIECESQUARETABLES:0.5
C_MOBILITY:0.4700741872029917
C_KINGSAFETY:0.5088541755153256
C_PAWNSTRUCTURE:0.5007216844443261
C_PIECECOORDINATION:0.501050146933604
C_ROOK:0.5285314997709119
CE_ROOK:0.455396377378926
C_CENTERCONTROL:0.49544474853054105
C_DEVELOPPIECES:0.5210988442662422
C_MATERIAL:0.5332809207930215
C_MOVECOUNT:0.5147412665758325
C_PAWNMOVEMENT:0.47926127591152945
