ELO:932
CE_PASSEDPAWNS:0.47718002864571
CE_PAWNWEAKNESSES:0.5140752923756954
CE_PIECEACTIVITY:0.5132893983374571
CE_KINGPAWNSHIELD:0.4929759334066253
CE_PIECECOORDINATION:0.538740214787149
CE_MATERIAL:0.5007744677234517
CE_KINGSAFETY:0.4919855421597806
C_PIECESQUARETABLES:0.5104769481140808
C_MOBILITY:0.4901862683563159
C_KINGSAFETY:0.5100646553685619
C_PAWNSTRUCTURE:0.5127216938195743
C_PIECECOORDINATION:0.4927301305293086
C_ROOK:0.5127096875802516
CE_ROOK:0.47877010317557916
C_CENTERCONTROL:0.4954289084348113
C_DEVELOPPIECES:0.5233503024130821
C_MATERIAL:0.5122556343753036
C_MOVECOUNT:0.4988020237766671
C_PAWNMOVEMENT:0.4901794958413259
