ELO:1001
CE_PASSEDPAWNS:0.5398319792762075
CE_PAWNWEAKNESSES:0.4973586821322459
CE_PIECEACTIVITY:0.4466802073868746
CE_KINGPAWNSHIELD:0.5372123095519672
CE_PIECECOORDINATION:0.5285028437809887
CE_MATERIAL:0.45065371148586625
CE_KINGSAFETY:0.5149869081022701
C_PIECESQUARETABLES:0.48395664054975607
C_MOBILITY:0.49184459856864393
C_KINGSAFETY:0.5324447551585524
C_PAWNSTRUCTURE:0.5889637996184736
C_PIECECOORDINATION:0.5703128341224439
C_ROOKANDPAWNMOVEMENT:0.5703128341224439
C_CENTERCONTROL:0.46091671290960384
C_DEVELOPPIECES:0.5050707833582398
C_MATERIAL:0.5198408886409738
