ELO:836
CE_PASSEDPAWNS:0.545014175666943
CE_PAWNWEAKNESSES:0.533181965555903
CE_PIECEACTIVITY:0.476048308254898
CE_KINGPAWNSHIELD:0.5245621613251671
CE_PIECECOORDINATION:0.490171292557782
CE_MATERIAL:0.5095261499633423
CE_KINGSAFETY:0.5144212729731147
C_PIECESQUARETABLES:0.5423351237833122
C_MOBILITY:0.5620058397112438
C_KINGSAFETY:0.5152196988375838
C_PAWNSTRUCTURE:0.49904461886903506
C_PIECECOORDINATION:0.528761855977132
C_ROOKANDPAWNMOVEMENT:0.528761855977132
C_CENTERCONTROL:0.513038844509769
C_DEVELOPPIECES:0.48793281111093656
C_MATERIAL:0.5087378874787951
C_MOVECOUNT:0.5
