ELO:988
CE_PASSEDPAWNS:0.5470326671944784
CE_PAWNWEAKNESSES:0.4973586821322459
CE_PIECEACTIVITY:0.43470018386361964
CE_KINGPAWNSHIELD:0.5307365124969637
CE_PIECECOORDINATION:0.5298485021977605
CE_MATERIAL:0.4561792302427689
CE_KINGSAFETY:0.5229071827092138
C_PIECESQUARETABLES:0.524087518493995
C_MOBILITY:0.49684740790244736
C_KINGSAFETY:0.5310600661521171
C_PAWNSTRUCTURE:0.5945485068344496
C_PIECECOORDINATION:0.5553873388740943
C_ROOKANDPAWNMOVEMENT:0.5553873388740943
C_CENTERCONTROL:0.456017077776848
C_DEVELOPPIECES:0.4939457209162788
C_MATERIAL:0.5076826144745687
