ELO:914
CE_PASSEDPAWNS:0.5596459720678055
CE_PAWNWEAKNESSES:0.4693499758015529
CE_PIECEACTIVITY:0.5545099552299415
CE_KINGPAWNSHIELD:0.4921967236810732
CE_PIECECOORDINATION:0.5040164359066805
CE_MATERIAL:0.5491081365492754
CE_KINGSAFETY:0.4817715757101459
C_PIECESQUARETABLES:0.5143945893215154
C_MOBILITY:0.48805147412843286
C_KINGSAFETY:0.5344638429776654
C_PAWNSTRUCTURE:0.44735257324376965
C_PIECECOORDINATION:0.4507648685395416
C_ROOKANDPAWNMOVEMENT:0.4507648685395416
C_CENTERCONTROL:0.3975673706627629
C_DEVELOPPIECES:0.5255327597094076
C_MATERIAL:0.4871569130085745
