ELO:1000
CE_PASSEDPAWNS:0.5
CE_PAWNWEAKNESSES:0.5083301142055314
CE_PIECEACTIVITY:0.48748120112665505
CE_KINGPAWNSHIELD:0.49189066129977105
CE_PIECECOORDINATION:0.5017704742137672
CE_MATERIAL:0.5041110817549591
CE_KINGSAFETY:0.5175284593230184
C_PIECESQUARETABLES:0.4939400952121939
C_MOBILITY:0.49669289302277836
C_KINGSAFETY:0.5043217851037914
C_PAWNSTRUCTURE:0.502962946501479
C_PIECECOORDINATION:0.5112898246218754
C_ROOKANDPAWNMOVEMENT:0.5112898246218754
C_CENTERCONTROL:0.5177686586348033
C_DEVELOPPIECES:0.49209155499076035
C_MATERIAL:0.4750870358044001
