ELO:884
CE_PASSEDPAWNS:0.48409616129379635
CE_PAWNWEAKNESSES:0.49266386044737176
CE_PIECEACTIVITY:0.598644950330122
CE_KINGPAWNSHIELD:0.45129349255670376
CE_PIECECOORDINATION:0.5141024848542131
CE_MATERIAL:0.432658924644482
CE_KINGSAFETY:0.5
C_PIECESQUARETABLES:0.5
C_MOBILITY:0.5097676141953537
C_KINGSAFETY:0.5339224404643177
C_PAWNSTRUCTURE:0.6013453760212717
C_PIECECOORDINATION:0.5032244432643942
C_ROOKANDPAWNMOVEMENT:0.5032244432643942
C_CENTERCONTROL:0.5758051543892257
C_DEVELOPPIECES:0.5151164389932109
C_MATERIAL:0.49244199184381615
C_MOVECOUNT:0.4986588625552757
