ELO:846
CE_PASSEDPAWNS:0.5295822453065963
CE_PAWNWEAKNESSES:0.4957142417613457
CE_PIECEACTIVITY:0.4530026548444652
CE_KINGPAWNSHIELD:0.5482875634280641
CE_PIECECOORDINATION:0.46238804795188365
CE_MATERIAL:0.572479615570162
CE_KINGSAFETY:0.5091046315579367
C_PIECESQUARETABLES:0.507801515012267
C_MOBILITY:0.5359751022727602
C_KINGSAFETY:0.5191793700680984
C_PAWNSTRUCTURE:0.48997332434374286
C_PIECECOORDINATION:0.5552090463460331
C_ROOKANDPAWNMOVEMENT:0.5552090463460331
C_CENTERCONTROL:0.5379797841640784
C_DEVELOPPIECES:0.5123663853805156
C_MATERIAL:0.5395295255809675
C_MOVECOUNT:0.5
