ELO:991
CE_PASSEDPAWNS:0.5836002540155273
CE_PAWNWEAKNESSES:0.44680737174561763
CE_PIECEACTIVITY:0.4428204240456433
CE_KINGPAWNSHIELD:0.5400288906619286
CE_PIECECOORDINATION:0.4863146583128991
CE_MATERIAL:0.5222576899958578
CE_KINGSAFETY:0.5482266815061425
C_PIECESQUARETABLES:0.5182740692382525
C_MOBILITY:0.5117748507203329
C_KINGSAFETY:0.5128517346614786
C_PAWNSTRUCTURE:0.5666662926524129
C_PIECECOORDINATION:0.5390750514678567
C_ROOKANDPAWNMOVEMENT:0.5390750514678567
C_CENTERCONTROL:0.47724465249301873
C_DEVELOPPIECES:0.48494559402926213
C_MATERIAL:0.5053292099599744
