ELO:924
CE_PASSEDPAWNS:0.4729381490860015
CE_PAWNWEAKNESSES:0.49417233796250754
CE_PIECEACTIVITY:0.4856498731363557
CE_KINGPAWNSHIELD:0.48662092205558843
CE_PIECECOORDINATION:0.46827082456923547
CE_MATERIAL:0.4844096949132427
CE_KINGSAFETY:0.5
C_PIECESQUARETABLES:0.487896873269431
C_MOBILITY:0.5047243382920228
C_KINGSAFETY:0.519189470128288
C_PAWNSTRUCTURE:0.48251813174735597
C_PIECECOORDINATION:0.5226749568298522
C_ROOK:0.5098920909091496
CE_ROOK:0.4413090465067267
C_CENTERCONTROL:0.49544474853054105
C_DEVELOPPIECES:0.5159123778235406
C_MATERIAL:0.46083526636441724
C_MOVECOUNT:0.5304423025991001
C_PAWNMOVEMENT:0.488465838672962
