ELO:950
CE_PASSEDPAWNS:0.46320909291099355
CE_PAWNWEAKNESSES:0.4984693007855014
CE_PIECEACTIVITY:0.4856498731363557
CE_KINGPAWNSHIELD:0.48662092205558843
CE_PIECECOORDINATION:0.46827082456923547
CE_MATERIAL:0.4770264340210431
CE_KINGSAFETY:0.5
C_PIECESQUARETABLES:0.487896873269431
C_MOBILITY:0.5047243382920228
C_KINGSAFETY:0.49869163014454204
C_PAWNSTRUCTURE:0.49088979366286606
C_PIECECOORDINATION:0.5033132737458899
C_ROOK:0.5098920909091496
CE_ROOK:0.4503517884966311
C_CENTERCONTROL:0.49544474853054105
C_DEVELOPPIECES:0.5159123778235406
C_MATERIAL:0.46083526636441724
C_MOVECOUNT:0.5304423025991001
C_PAWNMOVEMENT:0.48160128679249065
