ELO:909
CE_PASSEDPAWNS:0.5230431266292634
CE_PAWNWEAKNESSES:0.4766501707607179
CE_PIECEACTIVITY:0.43613202221857805
CE_KINGPAWNSHIELD:0.5414355041497786
CE_PIECECOORDINATION:0.5801340796000308
CE_MATERIAL:0.46718425606058034
CE_KINGSAFETY:0.5144339684208492
C_PIECESQUARETABLES:0.5047690403036177
C_MOBILITY:0.4583699057213687
C_KINGSAFETY:0.5723334780958215
C_PAWNSTRUCTURE:0.6044302861251472
C_PIECECOORDINATION:0.5877428401249464
C_ROOKANDPAWNMOVEMENT:0.5877428401249464
C_CENTERCONTROL:0.4184505130295961
C_DEVELOPPIECES:0.4841404671260562
C_MATERIAL:0.48465253242209916
