ELO:1000
CE_PASSEDPAWNS:0.5250053702424597
CE_PAWNWEAKNESSES:0.49926065519224366
CE_PIECEACTIVITY:0.4566565828882647
CE_KINGPAWNSHIELD:0.4979441248603122
CE_PIECECOORDINATION:0.5046566070119073
CE_MATERIAL:0.49833059308657673
CE_KINGSAFETY:0.5052208968887628
C_PIECESQUARETABLES:0.48399087821198716
C_MOBILITY:0.509153873668078
C_KINGSAFETY:0.5235315330020682
C_PAWNSTRUCTURE:0.5126365330643107
C_PIECECOORDINATION:0.5265862927509892
C_ROOKANDPAWNMOVEMENT:0.5265862927509892
C_CENTERCONTROL:0.4838670802100407
C_DEVELOPPIECES:0.5195168806144986
C_MATERIAL:0.47427983259765627
