ELO:878
CE_PASSEDPAWNS:0.5249571547075219
CE_PAWNWEAKNESSES:0.4787582330661605
CE_PIECEACTIVITY:0.4283458772286823
CE_KINGPAWNSHIELD:0.5442782601214836
CE_PIECECOORDINATION:0.591364350363613
CE_MATERIAL:0.47238931107938087
CE_KINGSAFETY:0.5241984974799188
C_PIECESQUARETABLES:0.4882031335598718
C_MOBILITY:0.453538606296928
C_KINGSAFETY:0.5485891271236639
C_PAWNSTRUCTURE:0.6312815492823168
C_PIECECOORDINATION:0.5825480252380849
C_ROOKANDPAWNMOVEMENT:0.5825480252380849
C_CENTERCONTROL:0.436054590868921
C_DEVELOPPIECES:0.4678475936768776
C_MATERIAL:0.48629712081786697
