ELO:902
CE_PASSEDPAWNS:0.5249571547075219
CE_PAWNWEAKNESSES:0.4788874558618245
CE_PIECEACTIVITY:0.41905468994213446
CE_KINGPAWNSHIELD:0.5502958799106452
CE_PIECECOORDINATION:0.5814056445446493
CE_MATERIAL:0.47238931107938087
CE_KINGSAFETY:0.5322909594096641
C_PIECESQUARETABLES:0.4829786934294354
C_MOBILITY:0.4486436419548152
C_KINGSAFETY:0.5485891271236639
C_PAWNSTRUCTURE:0.6237535142041344
C_PIECECOORDINATION:0.5825480252380849
C_ROOKANDPAWNMOVEMENT:0.5825480252380849
C_CENTERCONTROL:0.42555366802494005
C_DEVELOPPIECES:0.47342175802362235
C_MATERIAL:0.48629712081786697
