ELO:939
CE_PASSEDPAWNS:0.5544409522467719
CE_PAWNWEAKNESSES:0.48232092067281157
CE_PIECEACTIVITY:0.5261369378281292
CE_KINGPAWNSHIELD:0.463765543616498
CE_PIECECOORDINATION:0.44284643026266807
CE_MATERIAL:0.5487752265460399
CE_KINGSAFETY:0.5194265155024973
C_PIECESQUARETABLES:0.49212446743626753
C_MOBILITY:0.497034266489614
C_KINGSAFETY:0.5346844243111769
C_PAWNSTRUCTURE:0.4935835371175059
C_PIECECOORDINATION:0.4358987454017858
C_ROOKANDPAWNMOVEMENT:0.4358987454017858
C_CENTERCONTROL:0.4118917109324873
C_DEVELOPPIECES:0.5274323986483456
C_MATERIAL:0.4666401773122949
