ELO:898
CE_PASSEDPAWNS:0.4729381490860015
CE_PAWNWEAKNESSES:0.49417233796250754
CE_PIECEACTIVITY:0.480003781311854
CE_KINGPAWNSHIELD:0.48662092205558843
CE_PIECECOORDINATION:0.46827082456923547
CE_MATERIAL:0.4844096949132427
CE_KINGSAFETY:0.5
C_PIECESQUARETABLES:0.4773597041978038
C_MOBILITY:0.5047243382920228
C_KINGSAFETY:0.5173156979070058
C_PAWNSTRUCTURE:0.4741492247700644
C_PIECECOORDINATION:0.527512732629362
C_ROOK:0.5157612329872201
CE_ROOK:0.4413090465067267
C_CENTERCONTROL:0.4985343047195343
C_DEVELOPPIECES:0.516384965988973
C_MATERIAL:0.46083526636441724
C_MOVECOUNT:0.5362804951790918
C_PAWNMOVEMENT:0.488465838672962
