ELO:1000
CE_PASSEDPAWNS:0.49701657546286065
CE_PAWNWEAKNESSES:0.4793433136305506
CE_PIECEACTIVITY:0.48399433414482357
CE_KINGPAWNSHIELD:0.5110341617361784
CE_PIECECOORDINATION:0.5081197567539504
CE_MATERIAL:0.5135173211942713
CE_KINGSAFETY:0.5290644610833521
C_PIECESQUARETABLES:0.5415012185111346
C_MOBILITY:0.5105282775481673
C_KINGSAFETY:0.49227714454941784
C_PAWNSTRUCTURE:0.4872967197948268
C_PIECECOORDINATION:0.4492902699908951
C_ROOKANDPAWNMOVEMENT:0.4492902699908951
C_CENTERCONTROL:0.5052252952050598
C_DEVELOPPIECES:0.5168831112170607
C_MATERIAL:0.49071990036638813
