ELO:907
CE_PASSEDPAWNS:0.4748122163094037
CE_PAWNWEAKNESSES:0.5140752923756954
CE_PIECEACTIVITY:0.5055521811172357
CE_KINGPAWNSHIELD:0.49873837927050446
CE_PIECECOORDINATION:0.5419564143526779
CE_MATERIAL:0.5007744677234517
CE_KINGSAFETY:0.49195004035488515
C_PIECESQUARETABLES:0.490054800399608
C_MOBILITY:0.49042720643927434
C_KINGSAFETY:0.5100646553685619
C_PAWNSTRUCTURE:0.5127216938195743
C_PIECECOORDINATION:0.4927301305293086
C_ROOK:0.5127096875802516
CE_ROOK:0.47653682674097675
C_CENTERCONTROL:0.4954289084348113
C_DEVELOPPIECES:0.5149383391337258
C_MATERIAL:0.5122556343753036
C_MOVECOUNT:0.4988020237766671
C_PAWNMOVEMENT:0.4901794958413259
