ELO:926
CE_PASSEDPAWNS:0.4552641301262453
CE_PAWNWEAKNESSES:0.5242975179845606
CE_PIECEACTIVITY:0.5513419562210008
CE_KINGPAWNSHIELD:0.4677590914166259
CE_PIECECOORDINATION:0.5126832891796487
CE_MATERIAL:0.49832374289787373
CE_KINGSAFETY:0.4684028934030528
C_PIECESQUARETABLES:0.5198939608442058
C_MOBILITY:0.47303997515219437
C_KINGSAFETY:0.47962582940236737
C_PAWNSTRUCTURE:0.5269450065981631
C_PIECECOORDINATION:0.49750615286074595
C_ROOKANDPAWNMOVEMENT:0.49750615286074595
C_CENTERCONTROL:0.5138158365267225
C_DEVELOPPIECES:0.4586077942852552
C_MATERIAL:0.49413468568114693
