ELO:996
CE_PASSEDPAWNS:0.49782727704779434
CE_PAWNWEAKNESSES:0.5014651102215272
CE_PIECEACTIVITY:0.5119102287514802
CE_KINGPAWNSHIELD:0.5120228003668934
CE_PIECECOORDINATION:0.49139348049805165
CE_MATERIAL:0.49836490514061726
CE_KINGSAFETY:0.5
C_PIECESQUARETABLES:0.5
C_MOBILITY:0.5
C_KINGSAFETY:0.5000771641615058
C_PAWNSTRUCTURE:0.5119254164367237
C_PIECECOORDINATION:0.4884117445832572
C_ROOKANDPAWNMOVEMENT:0.4884117445832572
C_CENTERCONTROL:0.4996055278011071
C_DEVELOPPIECES:0.5030020320482533
C_MATERIAL:0.5168546586272434
C_MOVECOUNT:0.5
