ELO:988
CE_PASSEDPAWNS:0.5069982789156979
CE_PAWNWEAKNESSES:0.5168024102324037
CE_PIECEACTIVITY:0.5061402943987013
CE_KINGPAWNSHIELD:0.41139528976133444
CE_PIECECOORDINATION:0.44538019471221774
CE_MATERIAL:0.5469629916345984
CE_KINGSAFETY:0.5117428238865126
C_PIECESQUARETABLES:0.4769666858952451
C_MOBILITY:0.5085611418324094
C_KINGSAFETY:0.5187264502125761
C_PAWNSTRUCTURE:0.5006281247243053
C_PIECECOORDINATION:0.5187549123162457
C_ROOKANDPAWNMOVEMENT:0.5187549123162457
C_CENTERCONTROL:0.3869882284328341
C_DEVELOPPIECES:0.5067495606305472
C_MATERIAL:0.5859692747107864
