ELO:809
CE_PASSEDPAWNS:0.47918609557656977
CE_PAWNWEAKNESSES:0.5562377112421946
CE_PIECEACTIVITY:0.3980581512581329
CE_KINGPAWNSHIELD:0.4979813004958244
CE_PIECECOORDINATION:0.39491617739830964
CE_MATERIAL:0.5051859737807771
CE_KINGSAFETY:0.48531799666636316
C_PIECESQUARETABLES:0.4946597311547432
C_MOBILITY:0.560659595804833
C_KINGSAFETY:0.4358823006021188
C_PAWNSTRUCTURE:0.5733116156768252
C_PIECECOORDINATION:0.5546029797318786
C_ROOKANDPAWNMOVEMENT:0.5546029797318786
C_CENTERCONTROL:0.44490502213709404
C_DEVELOPPIECES:0.41977767166147645
C_MATERIAL:0.481080707568195
