ELO:1020
CE_PASSEDPAWNS:0.5
CE_PAWNWEAKNESSES:0.49710531378516576
CE_PIECEACTIVITY:0.5
CE_KINGPAWNSHIELD:0.5
CE_PIECECOORDINATION:0.5
CE_MATERIAL:0.5
CE_KINGSAFETY:0.5
C_PIECESQUARETABLES:0.4888859734412578
C_MOBILITY:0.5116809310169517
C_KINGSAFETY:0.5
C_PAWNSTRUCTURE:0.5
C_PIECECOORDINATION:0.5
C_ROOKANDPAWNMOVEMENT:0.5
C_CENTERCONTROL:0.4894500313715664
C_DEVELOPPIECES:0.5
C_MATERIAL:0.503308266132725
C_MOVECOUNT:0.5
