ELO:984
CE_PASSEDPAWNS:0.48547788138898623
CE_PAWNWEAKNESSES:0.4604172708219831
CE_PIECEACTIVITY:0.47938077715933103
CE_KINGPAWNSHIELD:0.5017170877718042
CE_PIECECOORDINATION:0.5169780301091867
CE_MATERIAL:0.5342586043006406
CE_KINGSAFETY:0.5682909339455825
C_PIECESQUARETABLES:0.5427541341929708
C_MOBILITY:0.49767473011528535
C_KINGSAFETY:0.5200814649052452
C_PAWNSTRUCTURE:0.4835580114160968
C_PIECECOORDINATION:0.4746176629656848
C_ROOKANDPAWNMOVEMENT:0.4746176629656848
C_CENTERCONTROL:0.4894790250143129
C_DEVELOPPIECES:0.4956428143468961
C_MATERIAL:0.49005405397265694
