ELO:1000
CE_PASSEDPAWNS:0.5431367668539253
CE_PAWNWEAKNESSES:0.47429893530786066
CE_PIECEACTIVITY:0.4307847895555422
CE_KINGPAWNSHIELD:0.5154589288884719
CE_PIECECOORDINATION:0.4857234810670705
CE_MATERIAL:0.5223872314226957
CE_KINGSAFETY:0.5140915188157902
C_PIECESQUARETABLES:0.5012573552477473
C_MOBILITY:0.5028694901863222
C_KINGSAFETY:0.5132865006975119
C_PAWNSTRUCTURE:0.5277278437843073
C_PIECECOORDINATION:0.5469643596208289
C_ROOKANDPAWNMOVEMENT:0.5469643596208289
C_CENTERCONTROL:0.5009747885741456
C_DEVELOPPIECES:0.4898402084442547
C_MATERIAL:0.4918043023938756
