ELO:917
CE_PASSEDPAWNS:0.5697124997259414
CE_PAWNWEAKNESSES:0.47319061500705395
CE_PIECEACTIVITY:0.5453631750420528
CE_KINGPAWNSHIELD:0.4703529894183784
CE_PIECECOORDINATION:0.47080406879048686
CE_MATERIAL:0.5491081365492754
CE_KINGSAFETY:0.47769038911168393
C_PIECESQUARETABLES:0.5043761962203008
C_MOBILITY:0.4960564241362255
C_KINGSAFETY:0.5463117900375678
C_PAWNSTRUCTURE:0.4742426436703115
C_PIECECOORDINATION:0.4469108797929824
C_ROOKANDPAWNMOVEMENT:0.4469108797929824
C_CENTERCONTROL:0.3893663581312963
C_DEVELOPPIECES:0.5403716454463254
C_MATERIAL:0.4819835350501869
