ELO:789
CE_PASSEDPAWNS:0.5383675414754096
CE_PAWNWEAKNESSES:0.48734071610236146
CE_PIECEACTIVITY:0.5409126755699791
CE_KINGPAWNSHIELD:0.5577233259994191
CE_PIECECOORDINATION:0.4957957870051963
CE_MATERIAL:0.5243136096715894
CE_KINGSAFETY:0.4966817251178788
C_PIECESQUARETABLES:0.5
C_MOBILITY:0.5858189394042389
C_KINGSAFETY:0.43321481343297114
C_PAWNSTRUCTURE:0.4927682397108239
C_PIECECOORDINATION:0.5009818748508645
C_ROOKANDPAWNMOVEMENT:0.5009818748508645
C_CENTERCONTROL:0.507630095943189
C_DEVELOPPIECES:0.43412157957359765
C_MATERIAL:0.529085788855457
C_MOVECOUNT:0.5005243812151093
