ELO:990
CE_PASSEDPAWNS:0.4856186992104034
CE_PAWNWEAKNESSES:0.49925567521212877
CE_PIECEACTIVITY:0.5170259121584021
CE_KINGPAWNSHIELD:0.4233764057726066
CE_PIECECOORDINATION:0.5
CE_MATERIAL:0.4987855914688538
CE_KINGSAFETY:0.5175673630085265
C_PIECESQUARETABLES:0.5124525165426356
C_MOBILITY:0.5481807027974429
C_KINGSAFETY:0.4746117847678523
C_PAWNSTRUCTURE:0.47559596345067107
C_PIECECOORDINATION:0.46080920047560475
C_ROOKANDPAWNMOVEMENT:0.46080920047560475
C_CENTERCONTROL:0.5017521373685101
C_DEVELOPPIECES:0.4675394556344154
C_MATERIAL:0.48501531366920864
C_MOVECOUNT:0.5179706222628913
