ELO:891
CE_PASSEDPAWNS:0.5282970741377593
CE_PAWNWEAKNESSES:0.48183038674358314
CE_PIECEACTIVITY:0.40102738258529946
CE_KINGPAWNSHIELD:0.541089504789978
CE_PIECECOORDINATION:0.5787258226779528
CE_MATERIAL:0.4269230883206639
CE_KINGSAFETY:0.5677155269459844
C_PIECESQUARETABLES:0.4832931785026024
C_MOBILITY:0.4650170719306891
C_KINGSAFETY:0.581280155200294
C_PAWNSTRUCTURE:0.6513583841183621
C_PIECECOORDINATION:0.5682077698049871
C_ROOKANDPAWNMOVEMENT:0.5682077698049871
C_CENTERCONTROL:0.43485324281368504
C_DEVELOPPIECES:0.4895654160249473
C_MATERIAL:0.47780569335434414
