ELO:1000
CE_PASSEDPAWNS:0.526532241294084
CE_PAWNWEAKNESSES:0.4866709588085268
CE_PIECEACTIVITY:0.4610871478900388
CE_KINGPAWNSHIELD:0.511201445213002
CE_PIECECOORDINATION:0.5069556916480079
CE_MATERIAL:0.493480577309094
CE_KINGSAFETY:0.5
C_PIECESQUARETABLES:0.5
C_MOBILITY:0.49798032682580523
C_KINGSAFETY:0.5243596937081276
C_PAWNSTRUCTURE:0.5253309902782431
C_PIECECOORDINATION:0.5230472476389221
C_ROOKANDPAWNMOVEMENT:0.5230472476389221
C_CENTERCONTROL:0.4851911360308975
C_DEVELOPPIECES:0.5161378320468675
C_MATERIAL:0.47616044549089
