ELO:879
CE_PASSEDPAWNS:0.5076382901052543
CE_PAWNWEAKNESSES:0.4923172843883349
CE_PIECEACTIVITY:0.400904412507845
CE_KINGPAWNSHIELD:0.5521345397367189
CE_PIECECOORDINATION:0.6071525199787414
CE_MATERIAL:0.4290491009525979
CE_KINGSAFETY:0.5694840797951306
C_PIECESQUARETABLES:0.49042178245812984
C_MOBILITY:0.4675353490247562
C_KINGSAFETY:0.5653285061909699
C_PAWNSTRUCTURE:0.6813591378572934
C_PIECECOORDINATION:0.5441271921735452
C_ROOKANDPAWNMOVEMENT:0.5441271921735452
C_CENTERCONTROL:0.43051998081975373
C_DEVELOPPIECES:0.5104700840299846
C_MATERIAL:0.5010608535122927
