ELO:957
CE_PASSEDPAWNS:0.49016119878970493
CE_PAWNWEAKNESSES:0.49507156514048967
CE_PIECEACTIVITY:0.5207784626770575
CE_KINGPAWNSHIELD:0.48405056496879023
CE_PIECECOORDINATION:0.4682848662644354
CE_MATERIAL:0.4490370609598641
CE_KINGSAFETY:0.5114455271690459
C_PIECESQUARETABLES:0.4975378479870522
C_MOBILITY:0.5025165859349583
C_KINGSAFETY:0.46693595522721304
C_PAWNSTRUCTURE:0.46973508263536684
C_PIECECOORDINATION:0.4999234557590279
C_ROOKANDPAWNMOVEMENT:0.4999234557590279
C_CENTERCONTROL:0.4754926562310288
C_DEVELOPPIECES:0.5042251797919217
C_MATERIAL:0.5314647729550924
C_MOVECOUNT:0.5219271329976641
