ELO:909
CE_PASSEDPAWNS:0.46101562776995925
CE_PAWNWEAKNESSES:0.5024839558847218
CE_PIECEACTIVITY:0.5025322074391022
CE_KINGPAWNSHIELD:0.4960128998761925
CE_PIECECOORDINATION:0.5420284114654845
CE_MATERIAL:0.48569582309932563
CE_KINGSAFETY:0.5067075199808847
C_PIECESQUARETABLES:0.5
C_MOBILITY:0.4804916733270904
C_KINGSAFETY:0.5096252808986484
C_PAWNSTRUCTURE:0.5065011075791263
C_PIECECOORDINATION:0.49686464972714023
C_ROOK:0.5172090961627364
CE_ROOK:0.48005576584818216
C_CENTERCONTROL:0.4849908609285843
C_DEVELOPPIECES:0.5168046205950808
C_MATERIAL:0.5164059690649925
C_MOVECOUNT:0.4976913166786461
C_PAWNMOVEMENT:0.47926127591152945
