ELO:1029
CE_PASSEDPAWNS:0.4900211938466232
CE_PAWNWEAKNESSES:0.5099828926725992
CE_PIECEACTIVITY:0.5073712770489458
CE_KINGPAWNSHIELD:0.5080363633987031
CE_PIECECOORDINATION:0.4916610946830515
CE_MATERIAL:0.4875584445024808
CE_KINGSAFETY:0.49299315284262507
C_PIECESQUARETABLES:0.49436502211172884
C_MOBILITY:0.5005633187081395
C_KINGSAFETY:0.5089937838071213
C_PAWNSTRUCTURE:0.5068347175902358
C_PIECECOORDINATION:0.49850813828923696
C_ROOKANDPAWNMOVEMENT:0.49850813828923696
C_CENTERCONTROL:0.5
C_DEVELOPPIECES:0.5072962290673192
C_MATERIAL:0.5025273148322343
C_MOVECOUNT:0.48845124034795906
