ELO:988
CE_PASSEDPAWNS:0.5586996657307222
CE_PAWNWEAKNESSES:0.5038979724418472
CE_PIECEACTIVITY:0.4530125369055003
CE_KINGPAWNSHIELD:0.5307365124969637
CE_PIECECOORDINATION:0.5265565798932981
CE_MATERIAL:0.4561792302427689
CE_KINGSAFETY:0.537549958623419
C_PIECESQUARETABLES:0.5138056364884058
C_MOBILITY:0.4878359329126924
C_KINGSAFETY:0.5202727598490098
C_PAWNSTRUCTURE:0.5827757700909102
C_PIECECOORDINATION:0.5483759862851875
C_ROOKANDPAWNMOVEMENT:0.5483759862851875
C_CENTERCONTROL:0.456017077776848
C_DEVELOPPIECES:0.5000424090079105
C_MATERIAL:0.5076826144745687
