ELO:902
CE_PASSEDPAWNS:0.5277355351518299
CE_PAWNWEAKNESSES:0.5310001720630934
CE_PIECEACTIVITY:0.5
CE_KINGPAWNSHIELD:0.5287030889738878
CE_PIECECOORDINATION:0.5106206687644506
CE_MATERIAL:0.4998311124416551
CE_KINGSAFETY:0.4816925712636497
C_PIECESQUARETABLES:0.4987903064224143
C_MOBILITY:0.5085836607262183
C_KINGSAFETY:0.49268415950686456
C_PAWNSTRUCTURE:0.4990527138004304
C_PIECECOORDINATION:0.4805810564374218
C_ROOKANDPAWNMOVEMENT:0.4805810564374218
C_CENTERCONTROL:0.5303077274576767
C_DEVELOPPIECES:0.49882993761636607
C_MATERIAL:0.5050833807826396
C_MOVECOUNT:0.5
