ELO:1095
CE_PASSEDPAWNS:0.442778421640529
CE_PAWNWEAKNESSES:0.4539650876115873
CE_PIECEACTIVITY:0.5543006464226136
CE_KINGPAWNSHIELD:0.47983023132726915
CE_PIECECOORDINATION:0.5078636426469487
CE_MATERIAL:0.4549398281288936
CE_KINGSAFETY:0.502927772903223
C_PIECESQUARETABLES:0.48066627831234715
C_MOBILITY:0.41476824174640503
C_KINGSAFETY:0.5237936567013066
C_PAWNSTRUCTURE:0.4417501100211813
C_PIECECOORDINATION:0.5152939753066416
C_ROOKANDPAWNMOVEMENT:0.5152939753066416
C_CENTERCONTROL:0.5851226988435954
C_DEVELOPPIECES:0.5930372403536345
C_MATERIAL:0.3983790164699863
