ELO:970
CE_PASSEDPAWNS:0.531165854641508
CE_PAWNWEAKNESSES:0.4940229834404133
CE_PIECEACTIVITY:0.5359039867918829
CE_KINGPAWNSHIELD:0.4635621146998649
CE_PIECECOORDINATION:0.4761286513319574
CE_MATERIAL:0.5234344490079111
CE_KINGSAFETY:0.5
C_PIECESQUARETABLES:0.49586482022756956
C_MOBILITY:0.512409992289284
C_KINGSAFETY:0.5253385186895234
C_PAWNSTRUCTURE:0.49055743894088427
C_PIECECOORDINATION:0.48579369055058935
C_ROOKANDPAWNMOVEMENT:0.48579369055058935
C_CENTERCONTROL:0.46786574276847237
C_DEVELOPPIECES:0.4849996225913852
C_MATERIAL:0.48287608936226856
C_MOVECOUNT:0.5153456804434271
