ELO:1093
CE_PASSEDPAWNS:0.6591371972017215
CE_PAWNWEAKNESSES:0.4682831454414356
CE_PIECEACTIVITY:0.4753771107594986
CE_KINGPAWNSHIELD:0.41972620925425397
CE_PIECECOORDINATION:0.49539183286457183
CE_MATERIAL:0.41669348067092116
CE_KINGSAFETY:0.5
C_PIECESQUARETABLES:0.5
C_MOBILITY:0.41990028480742264
C_KINGSAFETY:0.630014761680952
C_PAWNSTRUCTURE:0.4627040053674295
C_PIECECOORDINATION:0.5088040150714886
C_ROOKANDPAWNMOVEMENT:0.5088040150714886
C_CENTERCONTROL:0.5032543402225927
C_DEVELOPPIECES:0.5313787393154319
C_MATERIAL:0.39478004915459347
