ELO:868
CE_PASSEDPAWNS:0.5303686197488783
CE_PAWNWEAKNESSES:0.48907889199779053
CE_PIECEACTIVITY:0.4669934414247902
CE_KINGPAWNSHIELD:0.55090114691009
CE_PIECECOORDINATION:0.4889937408643912
CE_MATERIAL:0.5403313294206851
CE_KINGSAFETY:0.5173029887833255
C_PIECESQUARETABLES:0.5982240633352277
C_MOBILITY:0.5558202609604377
C_KINGSAFETY:0.5175874149201305
C_PAWNSTRUCTURE:0.49395343199974046
C_PIECECOORDINATION:0.5343079861767931
C_ROOKANDPAWNMOVEMENT:0.5343079861767931
C_CENTERCONTROL:0.5198894142522867
C_DEVELOPPIECES:0.47770230509265077
C_MATERIAL:0.5227828366432807
C_MOVECOUNT:0.5
