ELO:969
CE_PASSEDPAWNS:0.4763186450188589
CE_PAWNWEAKNESSES:0.515835793154838
CE_PIECEACTIVITY:0.5482183858138261
CE_KINGPAWNSHIELD:0.4677590914166259
CE_PIECECOORDINATION:0.5052863760285251
CE_MATERIAL:0.47880094944184487
CE_KINGSAFETY:0.4393020869189383
C_PIECESQUARETABLES:0.5140306616943214
C_MOBILITY:0.46939375363144786
C_KINGSAFETY:0.47074858842936335
C_PAWNSTRUCTURE:0.5200064565088133
C_PIECECOORDINATION:0.46623862966636215
C_ROOKANDPAWNMOVEMENT:0.46623862966636215
C_CENTERCONTROL:0.5036184538015557
C_DEVELOPPIECES:0.44409772877434195
C_MATERIAL:0.48995624078601485
