ELO:967
CE_PASSEDPAWNS:0.520461999472807
CE_PAWNWEAKNESSES:0.46238394420403517
CE_PIECEACTIVITY:0.476325747965118
CE_KINGPAWNSHIELD:0.48457563875138027
CE_PIECECOORDINATION:0.5017776504370121
CE_MATERIAL:0.5409817042065539
CE_KINGSAFETY:0.49809174078843993
C_PIECESQUARETABLES:0.5086120399016598
C_MOBILITY:0.49569309328228295
C_KINGSAFETY:0.5362242617379324
C_PAWNSTRUCTURE:0.449386754031042
C_PIECECOORDINATION:0.43899790921498444
C_ROOKANDPAWNMOVEMENT:0.43899790921498444
C_CENTERCONTROL:0.4161319020094996
C_DEVELOPPIECES:0.5059923715422657
C_MATERIAL:0.4645306730647234
