ELO:978
CE_PASSEDPAWNS:0.514915807946415
CE_PAWNWEAKNESSES:0.49736914557440054
CE_PIECEACTIVITY:0.5084285433568502
CE_KINGPAWNSHIELD:0.5
CE_PIECECOORDINATION:0.4952809171452223
CE_MATERIAL:0.4940023746732951
CE_KINGSAFETY:0.4934777650786746
C_PIECESQUARETABLES:0.5
C_MOBILITY:0.48533285022509604
C_KINGSAFETY:0.5123174926402047
C_PAWNSTRUCTURE:0.5103059504809623
C_PIECECOORDINATION:0.4914558459869241
C_ROOKANDPAWNMOVEMENT:0.4914558459869241
C_CENTERCONTROL:0.49669385102574937
C_DEVELOPPIECES:0.4697464111650068
C_MATERIAL:0.5089225864929606
C_MOVECOUNT:0.47599019269588133
