ELO:935
CE_PASSEDPAWNS:0.5713242537960019
CE_PAWNWEAKNESSES:0.4632358470432334
CE_PIECEACTIVITY:0.5299746134648854
CE_KINGPAWNSHIELD:0.4723666728372158
CE_PIECECOORDINATION:0.43804647653649553
CE_MATERIAL:0.5487752265460399
CE_KINGSAFETY:0.527596595088319
C_PIECESQUARETABLES:0.48107087391958314
C_MOBILITY:0.4847883880582676
C_KINGSAFETY:0.5397081895453418
C_PAWNSTRUCTURE:0.500565328563675
C_PIECECOORDINATION:0.4503086847566983
C_ROOKANDPAWNMOVEMENT:0.4503086847566983
C_CENTERCONTROL:0.39744793967087033
C_DEVELOPPIECES:0.5302525222731878
C_MATERIAL:0.4643070093385452
