ELO:1000
CE_PASSEDPAWNS:0.49615779400310334
CE_PAWNWEAKNESSES:0.5140472653133451
CE_PIECEACTIVITY:0.48795511798387486
CE_KINGPAWNSHIELD:0.4809476808598352
CE_PIECECOORDINATION:0.4946502663256888
CE_MATERIAL:0.4988218257893328
CE_KINGSAFETY:0.4799622645220546
C_PIECESQUARETABLES:0.49555137345498856
C_MOBILITY:0.5187806805158659
C_KINGSAFETY:0.5426151320429223
C_PAWNSTRUCTURE:0.4973689407822198
C_PIECECOORDINATION:0.5235116201885303
C_ROOKANDPAWNMOVEMENT:0.5235116201885303
C_CENTERCONTROL:0.4969564374399977
C_DEVELOPPIECES:0.5046040972930764
C_MATERIAL:0.4564894510672385
