ELO:975
CE_PASSEDPAWNS:0.5
CE_PAWNWEAKNESSES:0.4961185138049218
CE_PIECEACTIVITY:0.49446644974188797
CE_KINGPAWNSHIELD:0.5
CE_PIECECOORDINATION:0.49975196165093333
CE_MATERIAL:0.5
CE_KINGSAFETY:0.5097967504587779
C_PIECESQUARETABLES:0.5033937813753397
C_MOBILITY:0.499249028998559
C_KINGSAFETY:0.5
C_PAWNSTRUCTURE:0.5
C_PIECECOORDINATION:0.4878372646347636
C_ROOKANDPAWNMOVEMENT:0.4878372646347636
C_CENTERCONTROL:0.5
C_DEVELOPPIECES:0.5082801079166104
C_MATERIAL:0.49732783776350564
C_MOVECOUNT:0.4992905585910728
