ELO:951
CE_PASSEDPAWNS:0.5168048031097628
CE_PAWNWEAKNESSES:0.5159731792506674
CE_PIECEACTIVITY:0.48525291509950397
CE_KINGPAWNSHIELD:0.5100246007146025
CE_PIECECOORDINATION:0.5177759753282464
CE_MATERIAL:0.5283862146112025
CE_KINGSAFETY:0.5057600258757794
C_PIECESQUARETABLES:0.5104277267741464
C_MOBILITY:0.474243109900148
C_KINGSAFETY:0.48432785422255115
C_PAWNSTRUCTURE:0.5024019213559489
C_PIECECOORDINATION:0.5017563486109428
C_ROOKANDPAWNMOVEMENT:0.5017563486109428
C_CENTERCONTROL:0.5020038128444985
C_DEVELOPPIECES:0.5
C_MATERIAL:0.5134863512333506
C_MOVECOUNT:0.48826957558109846
