ELO:1000
CE_PASSEDPAWNS:0.4948418203030393
CE_PAWNWEAKNESSES:0.4937379245909583
CE_PIECEACTIVITY:0.5227144681813622
CE_KINGPAWNSHIELD:0.39971626019590895
CE_PIECECOORDINATION:0.511028008912304
CE_MATERIAL:0.5148525059723118
CE_KINGSAFETY:0.5144146536510926
C_PIECESQUARETABLES:0.5164026449497294
C_MOBILITY:0.4805448542272486
C_KINGSAFETY:0.4673376912400486
C_PAWNSTRUCTURE:0.5045840093733989
C_PIECECOORDINATION:0.5325447169580078
C_ROOKANDPAWNMOVEMENT:0.5325447169580078
C_CENTERCONTROL:0.49463372575130765
C_DEVELOPPIECES:0.5552516965316787
C_MATERIAL:0.5131259168825404
