ELO:972
CE_PASSEDPAWNS:0.5007567604782094
CE_PAWNWEAKNESSES:0.5147766003066747
CE_PIECEACTIVITY:0.5107781159983507
CE_KINGPAWNSHIELD:0.49345199604249723
CE_PIECECOORDINATION:0.519521828851927
CE_MATERIAL:0.4981547552512907
CE_KINGSAFETY:0.49396937457242157
C_PIECESQUARETABLES:0.5000519522153777
C_MOBILITY:0.5144900756587828
C_KINGSAFETY:0.4907289320311879
C_PAWNSTRUCTURE:0.4960983568606811
C_PIECECOORDINATION:0.4915666927658473
C_ROOK:0.5266273502562416
CE_ROOK:0.4978819317625598
C_CENTERCONTROL:0.49264253474058917
C_DEVELOPPIECES:0.5030690550458019
C_MATERIAL:0.49753284988722934
C_MOVECOUNT:0.5123940089617395
C_PAWNMOVEMENT:0.5076008695510674
