ELO:905
CE_PASSEDPAWNS:0.5489675472917642
CE_PAWNWEAKNESSES:0.5283106288928603
CE_PIECEACTIVITY:0.5013442768359421
CE_KINGPAWNSHIELD:0.5376423607461421
CE_PIECECOORDINATION:0.5267519033480789
CE_MATERIAL:0.5086079781566015
CE_KINGSAFETY:0.4956031850395375
C_PIECESQUARETABLES:0.4927106817645313
C_MOBILITY:0.46643795718404
C_KINGSAFETY:0.5004598188782119
C_PAWNSTRUCTURE:0.5152062432927997
C_PIECECOORDINATION:0.4885181618960783
C_ROOKANDPAWNMOVEMENT:0.4885181618960783
C_CENTERCONTROL:0.5057708820323561
C_DEVELOPPIECES:0.46209662965231507
C_MATERIAL:0.5101553834300344
C_MOVECOUNT:0.47787702240190943
