ELO:948
CE_PASSEDPAWNS:0.4869352274675642
CE_PAWNWEAKNESSES:0.4696795527377303
CE_PIECEACTIVITY:0.5200841022797815
CE_KINGPAWNSHIELD:0.4752451197852376
CE_PIECECOORDINATION:0.5426756477655765
CE_MATERIAL:0.4568210630913261
CE_KINGSAFETY:0.510620487742867
C_PIECESQUARETABLES:0.49488243012916566
C_MOBILITY:0.5375007859311207
C_KINGSAFETY:0.46630353904230304
C_PAWNSTRUCTURE:0.47585776910635125
C_PIECECOORDINATION:0.5088485007676972
C_ROOK:0.5026232260571972
CE_ROOK:0.5108986860966493
C_CENTERCONTROL:0.49692192159029114
C_DEVELOPPIECES:0.48102192360672547
C_MATERIAL:0.5190572639323616
C_MOVECOUNT:0.57036090419563
C_PAWNMOVEMENT:0.5188814542180716
