ELO:1075
CE_PASSEDPAWNS:0.4794700940597652
CE_PAWNWEAKNESSES:0.4405958978848386
CE_PIECEACTIVITY:0.4715910235735797
CE_KINGPAWNSHIELD:0.41630474667336126
CE_PIECECOORDINATION:0.5217106063557639
CE_MATERIAL:0.4450978048842182
CE_KINGSAFETY:0.508989293275996
C_PIECESQUARETABLES:0.5100394544328845
C_MOBILITY:0.5391172964408174
C_KINGSAFETY:0.6111952561643649
C_PAWNSTRUCTURE:0.45755447493269086
C_PIECECOORDINATION:0.5185913142032024
C_ROOKANDPAWNMOVEMENT:0.5185913142032024
C_CENTERCONTROL:0.6021880400148532
C_DEVELOPPIECES:0.5315449700308759
C_MATERIAL:0.4229256000194716
