ELO:1006
CE_PASSEDPAWNS:0.5056700164846945
CE_PAWNWEAKNESSES:0.5198966866865958
CE_PIECEACTIVITY:0.4854549521274058
CE_KINGPAWNSHIELD:0.5023765785863156
CE_PIECECOORDINATION:0.5760064889617755
CE_MATERIAL:0.5029847218411967
CE_KINGSAFETY:0.48834375255068563
C_PIECESQUARETABLES:0.5
C_MOBILITY:0.573677703070359
C_KINGSAFETY:0.49857942627511365
C_PAWNSTRUCTURE:0.39859017542001446
C_PIECECOORDINATION:0.5481939064636381
C_ROOKANDPAWNMOVEMENT:0.5481939064636381
C_CENTERCONTROL:0.5030015255288843
C_DEVELOPPIECES:0.5055893617254961
C_MATERIAL:0.3979806158873534
