ELO:1008
CE_PASSEDPAWNS:0.504713402749048
CE_PAWNWEAKNESSES:0.5039983563645511
CE_PIECEACTIVITY:0.48856798081438657
CE_KINGPAWNSHIELD:0.49445290630600086
CE_PIECECOORDINATION:0.4958294766117855
CE_MATERIAL:0.5
CE_KINGSAFETY:0.5
C_PIECESQUARETABLES:0.5
C_MOBILITY:0.5
C_KINGSAFETY:0.4928087570357138
C_PAWNSTRUCTURE:0.49336965283468354
C_PIECECOORDINATION:0.5
C_ROOKANDPAWNMOVEMENT:0.5
C_CENTERCONTROL:0.4985787730061052
C_DEVELOPPIECES:0.4889521522540667
C_MATERIAL:0.5
C_MOVECOUNT:0.5
