ELO:989
CE_PASSEDPAWNS:0.39792981371987557
CE_PAWNWEAKNESSES:0.46952607580661077
CE_PIECEACTIVITY:0.5975814565428466
CE_KINGPAWNSHIELD:0.542603462243025
CE_PIECECOORDINATION:0.6077484876809883
CE_MATERIAL:0.5030403841932721
CE_KINGSAFETY:0.5
C_PIECESQUARETABLES:0.5
C_MOBILITY:0.580479941274235
C_KINGSAFETY:0.5555396845641076
C_PAWNSTRUCTURE:0.3974960377332616
C_PIECECOORDINATION:0.5562674503149065
C_ROOKANDPAWNMOVEMENT:0.5562674503149065
C_CENTERCONTROL:0.35488331713916
C_DEVELOPPIECES:0.5933423053266473
C_MATERIAL:0.6201906658387899
