ELO:935
CE_PASSEDPAWNS:0.48345728787639697
CE_PAWNWEAKNESSES:0.49236847422965857
CE_PIECEACTIVITY:0.5087388591909093
CE_KINGPAWNSHIELD:0.5096521580620003
CE_PIECECOORDINATION:0.5111503133725879
CE_MATERIAL:0.4946774211131395
CE_KINGSAFETY:0.4787965554866113
C_PIECESQUARETABLES:0.5056857938250724
C_MOBILITY:0.5284968112272709
C_KINGSAFETY:0.49553873867319215
C_PAWNSTRUCTURE:0.4826090291698725
C_PIECECOORDINATION:0.4932481688692059
C_ROOKANDPAWNMOVEMENT:0.4932481688692059
C_CENTERCONTROL:0.5170412429599868
C_DEVELOPPIECES:0.5135286923370369
C_MATERIAL:0.5056394915410453
C_MOVECOUNT:0.5281449920299505
