ELO:868
CE_PASSEDPAWNS:0.5615283650112957
CE_PAWNWEAKNESSES:0.4940576307751996
CE_PIECEACTIVITY:0.4549188691294014
CE_KINGPAWNSHIELD:0.4594970715880883
CE_PIECECOORDINATION:0.5344562397283117
CE_MATERIAL:0.4218889946468382
CE_KINGSAFETY:0.48796876065977646
C_PIECESQUARETABLES:0.46890269453653477
C_MOBILITY:0.43196598720791535
C_KINGSAFETY:0.4287531365047595
C_PAWNSTRUCTURE:0.3981995326977852
C_PIECECOORDINATION:0.434068476751292
C_ROOKANDPAWNMOVEMENT:0.434068476751292
C_CENTERCONTROL:0.515177664359155
C_DEVELOPPIECES:0.5384478699304501
C_MATERIAL:0.489842059802869
C_MOVECOUNT:0.5370142385745516
