ELO:1000
CE_PASSEDPAWNS:0.5328253643027238
CE_PAWNWEAKNESSES:0.49807699915070563
CE_PIECEACTIVITY:0.5410536656934227
CE_KINGPAWNSHIELD:0.440927939544453
CE_PIECECOORDINATION:0.5175402387370973
CE_MATERIAL:0.52876101453304
CE_KINGSAFETY:0.516813574638545
C_PIECESQUARETABLES:0.5
C_MOBILITY:0.4768092604947201
C_KINGSAFETY:0.4349322597945736
C_PAWNSTRUCTURE:0.46635964338514685
C_PIECECOORDINATION:0.5451025634714339
C_ROOKANDPAWNMOVEMENT:0.5451025634714339
C_CENTERCONTROL:0.49758739071857305
C_DEVELOPPIECES:0.5205548319941324
C_MATERIAL:0.483335376579943
