ELO:911
CE_PASSEDPAWNS:0.4616135904673345
CE_PAWNWEAKNESSES:0.5269042349357538
CE_PIECEACTIVITY:0.4964744667163824
CE_KINGPAWNSHIELD:0.46273836238260596
CE_PIECECOORDINATION:0.5096262832457877
CE_MATERIAL:0.5108756006629459
CE_KINGSAFETY:0.5
C_PIECESQUARETABLES:0.5
C_MOBILITY:0.4956661631831756
C_KINGSAFETY:0.5139483946878778
C_PAWNSTRUCTURE:0.40535517865825743
C_PIECECOORDINATION:0.46361450143830746
C_ROOKANDPAWNMOVEMENT:0.46361450143830746
C_CENTERCONTROL:0.447737836166078
C_DEVELOPPIECES:0.5375178644071846
C_MATERIAL:0.5216962152397061
