ELO:981
CE_PASSEDPAWNS:0.4802235551809423
CE_PAWNWEAKNESSES:0.4565510696416432
CE_PIECEACTIVITY:0.5
CE_KINGPAWNSHIELD:0.46781972660198906
CE_PIECECOORDINATION:0.550459832242452
CE_MATERIAL:0.5520261106826039
CE_KINGSAFETY:0.49712931607866245
C_PIECESQUARETABLES:0.5
C_MOBILITY:0.5227632607881241
C_KINGSAFETY:0.5645170203509092
C_PAWNSTRUCTURE:0.4191802286469416
C_PIECECOORDINATION:0.49788892830400977
C_ROOKANDPAWNMOVEMENT:0.49788892830400977
C_CENTERCONTROL:0.48560860488198965
C_DEVELOPPIECES:0.4619053533234082
C_MATERIAL:0.5222519657452552
C_MOVECOUNT:0.5
