ELO:1009
CE_PASSEDPAWNS:0.503897507794939
CE_PAWNWEAKNESSES:0.4983775082405653
CE_PIECEACTIVITY:0.517081035738635
CE_KINGPAWNSHIELD:0.5054231125367848
CE_PIECECOORDINATION:0.5
CE_MATERIAL:0.4933479046581891
CE_KINGSAFETY:0.5
C_PIECESQUARETABLES:0.5
C_MOBILITY:0.5003222528313321
C_KINGSAFETY:0.4954762245254442
C_PAWNSTRUCTURE:0.5041238504672547
C_PIECECOORDINATION:0.5095290876230362
C_ROOKANDPAWNMOVEMENT:0.5095290876230362
C_CENTERCONTROL:0.49437299787549477
C_DEVELOPPIECES:0.5
C_MATERIAL:0.48735774361741313
C_MOVECOUNT:0.5
