ELO:1000
CE_PASSEDPAWNS:0.5041489611243878
CE_PAWNWEAKNESSES:0.4958880866105424
CE_PIECEACTIVITY:0.5277304831055469
CE_KINGPAWNSHIELD:0.40875021727778393
CE_PIECECOORDINATION:0.511028008912304
CE_MATERIAL:0.5207185381973699
CE_KINGSAFETY:0.49524110858921827
C_PIECESQUARETABLES:0.513894455990484
C_MOBILITY:0.48960394112847533
C_KINGSAFETY:0.47703863888383724
C_PAWNSTRUCTURE:0.4958718943029378
C_PIECECOORDINATION:0.5520307255302621
C_ROOKANDPAWNMOVEMENT:0.5520307255302621
C_CENTERCONTROL:0.5010370037993669
C_DEVELOPPIECES:0.5386861168278948
C_MATERIAL:0.509372261519583
