ELO:953
CE_PASSEDPAWNS:0.5534696748773057
CE_PAWNWEAKNESSES:0.5517700413760589
CE_PIECEACTIVITY:0.6041543692213686
CE_KINGPAWNSHIELD:0.5231014093719148
CE_PIECECOORDINATION:0.47041871824124554
CE_MATERIAL:0.5498735848203242
CE_KINGSAFETY:0.5367377684452879
C_PIECESQUARETABLES:0.48310552274268287
C_MOBILITY:0.5408954219860288
C_KINGSAFETY:0.5921015328245408
C_PAWNSTRUCTURE:0.5477039495856708
C_PIECECOORDINATION:0.37730708893267517
C_ROOKANDPAWNMOVEMENT:0.37730708893267517
C_CENTERCONTROL:0.4947065414584608
C_DEVELOPPIECES:0.545830384633254
C_MATERIAL:0.4522904265117783
