ELO:840
CE_PASSEDPAWNS:0.5660355426544551
CE_PAWNWEAKNESSES:0.520058601884972
CE_PIECEACTIVITY:0.4871896009036278
CE_KINGPAWNSHIELD:0.5270417190871333
CE_PIECECOORDINATION:0.4726418118772883
CE_MATERIAL:0.5261613892454424
CE_KINGSAFETY:0.5265610973503169
C_PIECESQUARETABLES:0.5055212428629897
C_MOBILITY:0.46011952375073784
C_KINGSAFETY:0.4752588987600369
C_PAWNSTRUCTURE:0.5012231339382441
C_PIECECOORDINATION:0.4830559266200118
C_ROOKANDPAWNMOVEMENT:0.4830559266200118
C_CENTERCONTROL:0.505396975105554
C_DEVELOPPIECES:0.5133832472662898
C_MATERIAL:0.48652935381209456
C_MOVECOUNT:0.4938770575054491
