ELO:1011
CE_PASSEDPAWNS:0.5
CE_PAWNWEAKNESSES:0.5091382420629852
CE_PIECEACTIVITY:0.48937378795355
CE_KINGPAWNSHIELD:0.49510071430874797
CE_PIECECOORDINATION:0.48896587531318964
CE_MATERIAL:0.4880143957523795
CE_KINGSAFETY:0.5
C_PIECESQUARETABLES:0.5
C_MOBILITY:0.5
C_KINGSAFETY:0.5048761852767607
C_PAWNSTRUCTURE:0.48765178118082797
C_PIECECOORDINATION:0.5091876178366593
C_ROOKANDPAWNMOVEMENT:0.5091876178366593
C_CENTERCONTROL:0.5
C_DEVELOPPIECES:0.5
C_MATERIAL:0.5
C_MOVECOUNT:0.5
