ELO:1000
CE_PASSEDPAWNS:0.5013674453678627
CE_PAWNWEAKNESSES:0.49054248952759655
CE_PIECEACTIVITY:0.5123154878122548
CE_KINGPAWNSHIELD:0.5048194905158553
CE_PIECECOORDINATION:0.5016052858796732
CE_MATERIAL:0.5023146201800355
CE_KINGSAFETY:0.49988493485689656
C_PIECESQUARETABLES:0.5103045147410211
C_MOBILITY:0.4841316333535339
C_KINGSAFETY:0.48011057717477734
C_PAWNSTRUCTURE:0.5035343589911252
C_PIECECOORDINATION:0.5069383987826668
C_ROOKANDPAWNMOVEMENT:0.5069383987826668
C_CENTERCONTROL:0.493651146448128
C_DEVELOPPIECES:0.5031386014314739
C_MATERIAL:0.4783276085344303
