ELO:909
CE_PASSEDPAWNS:0.4952950579957136
CE_PAWNWEAKNESSES:0.4874780150816406
CE_PIECEACTIVITY:0.5098429751150811
CE_KINGPAWNSHIELD:0.4915648789589782
CE_PIECECOORDINATION:0.5309410659456248
CE_MATERIAL:0.4817678218425157
CE_KINGSAFETY:0.5029964627479887
C_PIECESQUARETABLES:0.5052617232874805
C_MOBILITY:0.5274406274001314
C_KINGSAFETY:0.49821169519007763
C_PAWNSTRUCTURE:0.47963945035457145
C_PIECECOORDINATION:0.48738085449492624
C_ROOK:0.5083948029724156
CE_ROOK:0.5016650915869105
C_CENTERCONTROL:0.4832258112063842
C_DEVELOPPIECES:0.5043790489820223
C_MATERIAL:0.5146063168686492
C_MOVECOUNT:0.5370605435265862
C_PAWNMOVEMENT:0.5254303385952734
