ELO:971
CE_PASSEDPAWNS:0.5189577569606569
CE_PAWNWEAKNESSES:0.5
CE_PIECEACTIVITY:0.4953626926644498
CE_KINGPAWNSHIELD:0.4954268275612118
CE_PIECECOORDINATION:0.5081265129042098
CE_MATERIAL:0.49050076607691906
CE_KINGSAFETY:0.5
C_PIECESQUARETABLES:0.5
C_MOBILITY:0.5
C_KINGSAFETY:0.4978097648109835
C_PAWNSTRUCTURE:0.5
C_PIECECOORDINATION:0.5077458402662602
C_ROOKANDPAWNMOVEMENT:0.5077458402662602
C_CENTERCONTROL:0.5
C_DEVELOPPIECES:0.4906236797412561
C_MATERIAL:0.4900004125309707
C_MOVECOUNT:0.5
