ELO:899
CE_PASSEDPAWNS:0.4681443205388522
CE_PAWNWEAKNESSES:0.513697828846043
CE_PIECEACTIVITY:0.5319705800342299
CE_KINGPAWNSHIELD:0.4857399065165959
CE_PIECECOORDINATION:0.5042119076061499
CE_MATERIAL:0.5162810612078355
CE_KINGSAFETY:0.46368586122157507
C_PIECESQUARETABLES:0.5081254579016052
C_MOBILITY:0.49876021829646977
C_KINGSAFETY:0.5287968331669421
C_PAWNSTRUCTURE:0.4225498818089066
C_PIECECOORDINATION:0.47106816528163414
C_ROOKANDPAWNMOVEMENT:0.47106816528163414
C_CENTERCONTROL:0.4219214321689412
C_DEVELOPPIECES:0.521194092576305
C_MATERIAL:0.5252799892978194
