ELO:878
CE_PASSEDPAWNS:0.5667906665041373
CE_PAWNWEAKNESSES:0.5572804892732971
CE_PIECEACTIVITY:0.3717069514935625
CE_KINGPAWNSHIELD:0.39418336772295065
CE_PIECECOORDINATION:0.47634317725966335
CE_MATERIAL:0.5319423117659157
CE_KINGSAFETY:0.4776629195654151
C_PIECESQUARETABLES:0.4894044157022653
C_MOBILITY:0.5716585707757753
C_KINGSAFETY:0.535482741025195
C_PAWNSTRUCTURE:0.5125935236924171
C_PIECECOORDINATION:0.54322727382861
C_ROOKANDPAWNMOVEMENT:0.54322727382861
C_CENTERCONTROL:0.5521838417297686
C_DEVELOPPIECES:0.501750508220879
C_MATERIAL:0.49696336998325974
