ELO:897
CE_PASSEDPAWNS:0.6092740022880505
CE_PAWNWEAKNESSES:0.5934936003592222
CE_PIECEACTIVITY:0.6315287488226378
CE_KINGPAWNSHIELD:0.5255545226917283
CE_PIECECOORDINATION:0.4987355744160493
CE_MATERIAL:0.4892394575914472
CE_KINGSAFETY:0.506570502089946
C_PIECESQUARETABLES:0.45495875829569016
C_MOBILITY:0.6195145910494726
C_KINGSAFETY:0.5624962360300024
C_PAWNSTRUCTURE:0.6273477250704443
C_PIECECOORDINATION:0.38208010085991395
C_ROOKANDPAWNMOVEMENT:0.38208010085991395
C_CENTERCONTROL:0.4760287409604492
C_DEVELOPPIECES:0.5420078270636405
C_MATERIAL:0.4865188962164256
