ELO:1017
CE_PASSEDPAWNS:0.5007373898084715
CE_PAWNWEAKNESSES:0.5013262215725341
CE_PIECEACTIVITY:0.5
CE_KINGPAWNSHIELD:0.49623831887270753
CE_PIECECOORDINATION:0.5
CE_MATERIAL:0.528892251356221
CE_KINGSAFETY:0.5
C_PIECESQUARETABLES:0.48900193404912096
C_MOBILITY:0.5
C_KINGSAFETY:0.5280397118547006
C_PAWNSTRUCTURE:0.48765178118082797
C_PIECECOORDINATION:0.5085084404324324
C_ROOKANDPAWNMOVEMENT:0.5085084404324324
C_CENTERCONTROL:0.5036310280982298
C_DEVELOPPIECES:0.5
C_MATERIAL:0.5
C_MOVECOUNT:0.5120468991097101
