ELO:930
CE_PASSEDPAWNS:0.5050808669526268
CE_PAWNWEAKNESSES:0.5508781762289151
CE_PIECEACTIVITY:0.4200450014030397
CE_KINGPAWNSHIELD:0.5028183356913677
CE_PIECECOORDINATION:0.5619715183047855
CE_MATERIAL:0.6168744908622386
CE_KINGSAFETY:0.5026657105116987
C_PIECESQUARETABLES:0.45205135852091854
C_MOBILITY:0.5079464531035978
C_KINGSAFETY:0.4951844150266471
C_PAWNSTRUCTURE:0.39465362884620386
C_PIECECOORDINATION:0.5642401214650443
C_ROOKANDPAWNMOVEMENT:0.5642401214650443
C_CENTERCONTROL:0.5463223321901365
C_DEVELOPPIECES:0.46571331681958966
C_MATERIAL:0.47082576270461324
