ELO:879
CE_PASSEDPAWNS:0.6036096660753774
CE_PAWNWEAKNESSES:0.6066094431483967
CE_PIECEACTIVITY:0.6319328252497837
CE_KINGPAWNSHIELD:0.5440009143997969
CE_PIECECOORDINATION:0.5532127322800021
CE_MATERIAL:0.4776059702345349
CE_KINGSAFETY:0.5183686647943518
C_PIECESQUARETABLES:0.47658461933642204
C_MOBILITY:0.6296989128199643
C_KINGSAFETY:0.5843807082108889
C_PAWNSTRUCTURE:0.663810698039004
C_PIECECOORDINATION:0.38675369055961617
C_ROOKANDPAWNMOVEMENT:0.38675369055961617
C_CENTERCONTROL:0.48896333334482983
C_DEVELOPPIECES:0.5357609428744503
C_MATERIAL:0.4805540203910018
