ELO:869
CE_PASSEDPAWNS:0.5407718826956757
CE_PAWNWEAKNESSES:0.5496122923082666
CE_PIECEACTIVITY:0.4477307406855184
CE_KINGPAWNSHIELD:0.5312529827203085
CE_PIECECOORDINATION:0.5085770274245668
CE_MATERIAL:0.5176838644289219
CE_KINGSAFETY:0.569997010058538
C_PIECESQUARETABLES:0.5046809297075404
C_MOBILITY:0.4888209651756287
C_KINGSAFETY:0.47787988893187167
C_PAWNSTRUCTURE:0.4373420026129301
C_PIECECOORDINATION:0.46792277624076756
C_ROOKANDPAWNMOVEMENT:0.46792277624076756
C_CENTERCONTROL:0.5061602072170328
C_DEVELOPPIECES:0.5109945544270759
C_MATERIAL:0.45140616095413316
C_MOVECOUNT:0.5383634113683335
