ELO:1000
CE_PASSEDPAWNS:0.5109991376536914
CE_PAWNWEAKNESSES:0.46514458506931033
CE_PIECEACTIVITY:0.5106273308479674
CE_KINGPAWNSHIELD:0.5196187707668906
CE_PIECECOORDINATION:0.5074215145696735
CE_MATERIAL:0.4872555373596909
CE_KINGSAFETY:0.5042586008637276
C_PIECESQUARETABLES:0.5257870193226527
C_MOBILITY:0.46916242254113666
C_KINGSAFETY:0.49760557740490297
C_PAWNSTRUCTURE:0.4914767338160946
C_PIECECOORDINATION:0.49320393280546637
C_ROOKANDPAWNMOVEMENT:0.49320393280546637
C_CENTERCONTROL:0.5032317879032393
C_DEVELOPPIECES:0.5339909970215951
C_MATERIAL:0.5097116029898856
