ELO:767
CE_PASSEDPAWNS:0.5292074746665967
CE_PAWNWEAKNESSES:0.5648373062995331
CE_PIECEACTIVITY:0.39653074181066905
CE_KINGPAWNSHIELD:0.38306921592665666
CE_PIECECOORDINATION:0.5178050597537769
CE_MATERIAL:0.5630746630721721
CE_KINGSAFETY:0.5012682451662742
C_PIECESQUARETABLES:0.4963435868715065
C_MOBILITY:0.5676519872088965
C_KINGSAFETY:0.5416260784549917
C_PAWNSTRUCTURE:0.5015875000648174
C_PIECECOORDINATION:0.5538076664537585
C_ROOKANDPAWNMOVEMENT:0.5538076664537585
C_CENTERCONTROL:0.5137615671188265
C_DEVELOPPIECES:0.5191413178776493
C_MATERIAL:0.5045013333472154
