ELO:918
CE_PASSEDPAWNS:0.4864293209930119
CE_PAWNWEAKNESSES:0.4915041183934909
CE_PIECEACTIVITY:0.4994925599005685
CE_KINGPAWNSHIELD:0.5005509477506263
CE_PIECECOORDINATION:0.4623249409096764
CE_MATERIAL:0.47272457617271224
CE_KINGSAFETY:0.471242301024203
C_PIECESQUARETABLES:0.508275537074002
C_MOBILITY:0.4916156686637675
C_KINGSAFETY:0.502156909748156
C_PAWNSTRUCTURE:0.492750176552546
C_PIECECOORDINATION:0.5066878381442435
C_ROOKANDPAWNMOVEMENT:0.5066878381442435
C_CENTERCONTROL:0.48648899278932095
C_DEVELOPPIECES:0.5097022928187013
C_MATERIAL:0.4824286428394044
C_MOVECOUNT:0.5
