ELO:783
CE_PASSEDPAWNS:0.537490026055
CE_PAWNWEAKNESSES:0.4577347422475308
CE_PIECEACTIVITY:0.47171068177150427
CE_KINGPAWNSHIELD:0.39997908105409025
CE_PIECECOORDINATION:0.48783070029915626
CE_MATERIAL:0.5283476447138002
CE_KINGSAFETY:0.4948265541348514
C_PIECESQUARETABLES:0.500390065518074
C_MOBILITY:0.6054701689968137
C_KINGSAFETY:0.46275880106885453
C_PAWNSTRUCTURE:0.4918572030190938
C_PIECECOORDINATION:0.5387788599083863
C_ROOKANDPAWNMOVEMENT:0.5387788599083863
C_CENTERCONTROL:0.49649138483829547
C_DEVELOPPIECES:0.5292259727681193
C_MATERIAL:0.5375551220958601
C_MOVECOUNT:0.49312443553509056
