ELO:890
CE_PASSEDPAWNS:0.6024960773802818
CE_PAWNWEAKNESSES:0.592483399727465
CE_PIECEACTIVITY:0.6303047321036243
CE_KINGPAWNSHIELD:0.5547930060552274
CE_PIECECOORDINATION:0.5493331772358432
CE_MATERIAL:0.47068891400858737
CE_KINGSAFETY:0.4966761254360103
C_PIECESQUARETABLES:0.47225812347286755
C_MOBILITY:0.6342744625360365
C_KINGSAFETY:0.5606214703293783
C_PAWNSTRUCTURE:0.6715391883863006
C_PIECECOORDINATION:0.38928646384344157
C_ROOKANDPAWNMOVEMENT:0.38928646384344157
C_CENTERCONTROL:0.4849783256151905
C_DEVELOPPIECES:0.5282605107599305
C_MATERIAL:0.48501710925804736
