ELO:1030
CE_PASSEDPAWNS:0.5041357821935925
CE_PAWNWEAKNESSES:0.4810266418466315
CE_PIECEACTIVITY:0.49381768185096864
CE_KINGPAWNSHIELD:0.4752088099924273
CE_PIECECOORDINATION:0.48490889954679145
CE_MATERIAL:0.5157313067794234
CE_KINGSAFETY:0.5
C_PIECESQUARETABLES:0.5
C_MOBILITY:0.509644346095683
C_KINGSAFETY:0.49896522781645986
C_PAWNSTRUCTURE:0.5024439568958764
C_PIECECOORDINATION:0.5167105893638655
C_ROOKANDPAWNMOVEMENT:0.5167105893638655
C_CENTERCONTROL:0.47752477660258114
C_DEVELOPPIECES:0.5
C_MATERIAL:0.49999580745566313
C_MOVECOUNT:0.49572257300065303
