ELO:984
CE_PASSEDPAWNS:0.5123222377083766
CE_PAWNWEAKNESSES:0.5000503101598027
CE_PIECEACTIVITY:0.5167445799367655
CE_KINGPAWNSHIELD:0.48794325305956526
CE_PIECECOORDINATION:0.5017924108856996
CE_MATERIAL:0.49615631551866335
CE_KINGSAFETY:0.503034603439717
C_PIECESQUARETABLES:0.4936989059708518
C_MOBILITY:0.4978712665355537
C_KINGSAFETY:0.5249664092488887
C_PAWNSTRUCTURE:0.4940917610598343
C_PIECECOORDINATION:0.49619081802276843
C_ROOKANDPAWNMOVEMENT:0.49619081802276843
C_CENTERCONTROL:0.5
C_DEVELOPPIECES:0.4986813116764508
C_MATERIAL:0.47540487100273343
