ELO:1017
CE_PASSEDPAWNS:0.5
CE_PAWNWEAKNESSES:0.511217112820303
CE_PIECEACTIVITY:0.4961527471800393
CE_KINGPAWNSHIELD:0.4959720778168236
CE_PIECECOORDINATION:0.5
CE_MATERIAL:0.48838686436215756
CE_KINGSAFETY:0.5
C_PIECESQUARETABLES:0.5
C_MOBILITY:0.5042615137898224
C_KINGSAFETY:0.5
C_PAWNSTRUCTURE:0.49266819821808777
C_PIECECOORDINATION:0.5
C_ROOKANDPAWNMOVEMENT:0.5
C_CENTERCONTROL:0.5135583224576126
C_DEVELOPPIECES:0.5039971691730288
C_MATERIAL:0.5
C_MOVECOUNT:0.4652952835392602
