ELO:925
CE_PASSEDPAWNS:0.6010903092922156
CE_PAWNWEAKNESSES:0.5526579780137968
CE_PIECEACTIVITY:0.6059786410835267
CE_KINGPAWNSHIELD:0.5198611295981784
CE_PIECECOORDINATION:0.4759207074822271
CE_MATERIAL:0.5108600841070862
CE_KINGSAFETY:0.509755629217676
C_PIECESQUARETABLES:0.4979348200908038
C_MOBILITY:0.5627679191819261
C_KINGSAFETY:0.6049446322714424
C_PAWNSTRUCTURE:0.5477866836735069
C_PIECECOORDINATION:0.34736085818195167
C_ROOKANDPAWNMOVEMENT:0.34736085818195167
C_CENTERCONTROL:0.4917392338564212
C_DEVELOPPIECES:0.5273076916623186
C_MATERIAL:0.4675580540606372
