ELO:1072
CE_PASSEDPAWNS:0.4483119904355974
CE_PAWNWEAKNESSES:0.4414233107132136
CE_PIECEACTIVITY:0.46135623517331026
CE_KINGPAWNSHIELD:0.4002839124200355
CE_PIECECOORDINATION:0.47462733106506705
CE_MATERIAL:0.4406860157465744
CE_KINGSAFETY:0.49047733232902213
C_PIECESQUARETABLES:0.49120319060745454
C_MOBILITY:0.3998194603384429
C_KINGSAFETY:0.6374476766041349
C_PAWNSTRUCTURE:0.43159166205866256
C_PIECECOORDINATION:0.3539589054168404
C_ROOKANDPAWNMOVEMENT:0.3539589054168404
C_CENTERCONTROL:0.50263931292018
C_DEVELOPPIECES:0.618645829346465
C_MATERIAL:0.3900668518229986
