ELO:831
CE_PASSEDPAWNS:0.4753345724494838
CE_PAWNWEAKNESSES:0.4754820216118099
CE_PIECEACTIVITY:0.45518171055776635
CE_KINGPAWNSHIELD:0.3828108042740934
CE_PIECECOORDINATION:0.4988445128263631
CE_MATERIAL:0.514940383277097
CE_KINGSAFETY:0.5207826344452267
C_PIECESQUARETABLES:0.48622657535864977
C_MOBILITY:0.6153796584332988
C_KINGSAFETY:0.482952694154426
C_PAWNSTRUCTURE:0.4669143329765739
C_PIECECOORDINATION:0.5361598771937329
C_ROOKANDPAWNMOVEMENT:0.5361598771937329
C_CENTERCONTROL:0.46220561754807993
C_DEVELOPPIECES:0.5075738077432659
C_MATERIAL:0.532527039062102
C_MOVECOUNT:0.5
