ELO:964
CE_PASSEDPAWNS:0.4759158424891109
CE_PAWNWEAKNESSES:0.4244111690952588
CE_PIECEACTIVITY:0.5305234586819814
CE_KINGPAWNSHIELD:0.48270734723264225
CE_PIECECOORDINATION:0.5347930239989531
CE_MATERIAL:0.509257709234188
CE_KINGSAFETY:0.5
C_PIECESQUARETABLES:0.5
C_MOBILITY:0.4349996834675922
C_KINGSAFETY:0.4670782795070524
C_PAWNSTRUCTURE:0.5095808864529375
C_PIECECOORDINATION:0.4894994276537063
C_ROOK:0.4978158432757578
CE_ROOK:0.5439838200202847
C_CENTERCONTROL:0.49073439917082484
C_DEVELOPPIECES:0.49108760848803495
C_MATERIAL:0.5253142608345549
C_MOVECOUNT:0.42683570873444737
C_PAWNMOVEMENT:0.489301741294672
