ELO:1002
CE_PASSEDPAWNS:0.4850557424873098
CE_PAWNWEAKNESSES:0.5
CE_PIECEACTIVITY:0.511649710391623
CE_KINGPAWNSHIELD:0.509674270312367
CE_PIECECOORDINATION:0.4996126973554832
CE_MATERIAL:0.5
CE_KINGSAFETY:0.4902031841441017
C_PIECESQUARETABLES:0.5
C_MOBILITY:0.5012987312974019
C_KINGSAFETY:0.49661807740795416
C_PAWNSTRUCTURE:0.5058567063738698
C_PIECECOORDINATION:0.5009818748508645
C_ROOKANDPAWNMOVEMENT:0.5009818748508645
C_CENTERCONTROL:0.48851393652144637
C_DEVELOPPIECES:0.5119424887789774
C_MATERIAL:0.5
C_MOVECOUNT:0.5
