ELO:1049
CE_PASSEDPAWNS:0.49538014810845576
CE_PAWNWEAKNESSES:0.5148985687481132
CE_PIECEACTIVITY:0.49444572112506174
CE_KINGPAWNSHIELD:0.5
CE_PIECECOORDINATION:0.5077816861209693
CE_MATERIAL:0.49325287345724267
CE_KINGSAFETY:0.5
C_PIECESQUARETABLES:0.5
C_MOBILITY:0.4797922490752784
C_KINGSAFETY:0.55846899721255
C_PAWNSTRUCTURE:0.5
C_PIECECOORDINATION:0.5
C_ROOKANDPAWNMOVEMENT:0.5
C_CENTERCONTROL:0.47211802285808235
C_DEVELOPPIECES:0.5112666072212199
C_MATERIAL:0.5003704629571398
C_MOVECOUNT:0.5
