ELO:1089
CE_PASSEDPAWNS:0.6216628427623379
CE_PAWNWEAKNESSES:0.4913727295247409
CE_PIECEACTIVITY:0.4749914687910233
CE_KINGPAWNSHIELD:0.4888774821619666
CE_PIECECOORDINATION:0.4818500228966799
CE_MATERIAL:0.45317271036933054
CE_KINGSAFETY:0.5
C_PIECESQUARETABLES:0.5042087517763169
C_MOBILITY:0.42105203460517804
C_KINGSAFETY:0.5021560985306126
C_PAWNSTRUCTURE:0.41159374709656454
C_PIECECOORDINATION:0.4752121713811169
C_ROOKANDPAWNMOVEMENT:0.4752121713811169
C_CENTERCONTROL:0.5241516181776379
C_DEVELOPPIECES:0.5779766491278279
C_MATERIAL:0.4123765249737369
