ELO:945
CE_PASSEDPAWNS:0.49153396397661586
CE_PAWNWEAKNESSES:0.5240744373994314
CE_PIECEACTIVITY:0.515196688906874
CE_KINGPAWNSHIELD:0.4525119650133587
CE_PIECECOORDINATION:0.4929173984173938
CE_MATERIAL:0.4494252938975791
CE_KINGSAFETY:0.5540692817550941
C_PIECESQUARETABLES:0.47626708030951725
C_MOBILITY:0.5382454252037563
C_KINGSAFETY:0.5387936801556805
C_PAWNSTRUCTURE:0.4739117224809642
C_PIECECOORDINATION:0.49247824233232923
C_ROOKANDPAWNMOVEMENT:0.49247824233232923
C_CENTERCONTROL:0.4867839858111086
C_DEVELOPPIECES:0.5178246725621736
C_MATERIAL:0.5087102540767512
C_MOVECOUNT:0.426558741339895
