ELO:1044
CE_PASSEDPAWNS:0.5181565150550443
CE_PAWNWEAKNESSES:0.4963918641094843
CE_PIECEACTIVITY:0.5101156012149163
CE_KINGPAWNSHIELD:0.46452651993750516
CE_PIECECOORDINATION:0.5121939847453969
CE_MATERIAL:0.5295449709115624
CE_KINGSAFETY:0.5
C_PIECESQUARETABLES:0.5
C_MOBILITY:0.4071152366177097
C_KINGSAFETY:0.5
C_PAWNSTRUCTURE:0.48570401539612146
C_PIECECOORDINATION:0.4928675150736712
C_ROOKANDPAWNMOVEMENT:0.4928675150736712
C_CENTERCONTROL:0.4489296666287535
C_DEVELOPPIECES:0.4977406316012114
C_MATERIAL:0.48714922162095964
C_MOVECOUNT:0.5
