ELO:971
CE_PASSEDPAWNS:0.4942547885248047
CE_PAWNWEAKNESSES:0.4782476446756572
CE_PIECEACTIVITY:0.49194569065513316
CE_KINGPAWNSHIELD:0.5008478569842165
CE_PIECECOORDINATION:0.5008573184411712
CE_MATERIAL:0.505843687988672
CE_KINGSAFETY:0.5085705113883242
C_PIECESQUARETABLES:0.5
C_MOBILITY:0.4635103008348184
C_KINGSAFETY:0.49289061300563425
C_PAWNSTRUCTURE:0.5002703522388058
C_PIECECOORDINATION:0.5018681241174558
C_ROOKANDPAWNMOVEMENT:0.5018681241174558
C_CENTERCONTROL:0.5
C_DEVELOPPIECES:0.48242158795391116
C_MATERIAL:0.49523513330434465
C_MOVECOUNT:0.5056047158005691
