ELO:985
CE_PASSEDPAWNS:0.5016475467140439
CE_PAWNWEAKNESSES:0.5112196473431597
CE_PIECEACTIVITY:0.49383733669158075
CE_KINGPAWNSHIELD:0.4920929045228468
CE_PIECECOORDINATION:0.4916031821699506
CE_MATERIAL:0.5110006228538818
CE_KINGSAFETY:0.4825995710828179
C_PIECESQUARETABLES:0.5218694413854194
C_MOBILITY:0.5039911801192887
C_KINGSAFETY:0.49109868738548823
C_PAWNSTRUCTURE:0.4946579422508586
C_PIECECOORDINATION:0.4916912943918765
C_ROOKANDPAWNMOVEMENT:0.4916912943918765
C_CENTERCONTROL:0.5107006547887915
C_DEVELOPPIECES:0.49293865276006027
C_MATERIAL:0.5
C_MOVECOUNT:0.5
