ELO:934
CE_PASSEDPAWNS:0.5012933629694751
CE_PAWNWEAKNESSES:0.4663166421512287
CE_PIECEACTIVITY:0.5198282669020579
CE_KINGPAWNSHIELD:0.6138387402933547
CE_PIECECOORDINATION:0.48870129655709765
CE_MATERIAL:0.4785003198673047
CE_KINGSAFETY:0.5
C_PIECESQUARETABLES:0.4685026488912488
C_MOBILITY:0.48838996614816343
C_KINGSAFETY:0.5371046085555942
C_PAWNSTRUCTURE:0.5103257169953962
C_PIECECOORDINATION:0.499976604016106
C_ROOKANDPAWNMOVEMENT:0.499976604016106
C_CENTERCONTROL:0.4633290236538381
C_DEVELOPPIECES:0.46632757467880626
C_MATERIAL:0.47494186358527624
C_MOVECOUNT:0.5
