ELO:1089
CE_PASSEDPAWNS:0.483456241185474
CE_PAWNWEAKNESSES:0.4975223358919643
CE_PIECEACTIVITY:0.4934662949674358
CE_KINGPAWNSHIELD:0.5248969442999537
CE_PIECECOORDINATION:0.5
CE_MATERIAL:0.4712264456539716
CE_KINGSAFETY:0.508600883991528
C_PIECESQUARETABLES:0.5
C_MOBILITY:0.5160267506570322
C_KINGSAFETY:0.5219717141548147
C_PAWNSTRUCTURE:0.4624787858680573
C_PIECECOORDINATION:0.49788892830400977
C_ROOKANDPAWNMOVEMENT:0.49788892830400977
C_CENTERCONTROL:0.4777401914866483
C_DEVELOPPIECES:0.5
C_MATERIAL:0.4869974467888816
C_MOVECOUNT:0.5
