ELO:994
CE_PASSEDPAWNS:0.46877353718336373
CE_PAWNWEAKNESSES:0.4652482532596733
CE_PIECEACTIVITY:0.5088578385796827
CE_KINGPAWNSHIELD:0.500433380013491
CE_PIECECOORDINATION:0.5693724646480495
CE_MATERIAL:0.46769569390236293
CE_KINGSAFETY:0.4315332481781235
C_PIECESQUARETABLES:0.508119489523899
C_MOBILITY:0.5142760002858657
C_KINGSAFETY:0.5043131790861863
C_PAWNSTRUCTURE:0.5105933115178449
C_PIECECOORDINATION:0.5369412289759354
C_ROOKANDPAWNMOVEMENT:0.5369412289759354
C_CENTERCONTROL:0.47650517700175726
C_DEVELOPPIECES:0.5113151370192321
C_MATERIAL:0.5812356613544528
