ELO:909
CE_PASSEDPAWNS:0.4955950048278642
CE_PAWNWEAKNESSES:0.5213397840654657
CE_PIECEACTIVITY:0.5020963384911814
CE_KINGPAWNSHIELD:0.45244216921936786
CE_PIECECOORDINATION:0.44775044999846486
CE_MATERIAL:0.5396064102015813
CE_KINGSAFETY:0.49860770337405874
C_PIECESQUARETABLES:0.48863690044047137
C_MOBILITY:0.5205436006352857
C_KINGSAFETY:0.5170697003381015
C_PAWNSTRUCTURE:0.5054078213778039
C_PIECECOORDINATION:0.532947798309409
C_ROOK:0.5269034328018619
CE_ROOK:0.4943983054361245
C_CENTERCONTROL:0.5605207400055943
C_DEVELOPPIECES:0.45961660046206737
C_MATERIAL:0.5131268970288915
C_MOVECOUNT:0.4821099327409135
C_PAWNMOVEMENT:0.49900127963013363
