ELO:963
CE_PASSEDPAWNS:0.49476999394589977
CE_PAWNWEAKNESSES:0.5095963797988619
CE_PIECEACTIVITY:0.5400338478228376
CE_KINGPAWNSHIELD:0.43585922966419816
CE_PIECECOORDINATION:0.4410862463183887
CE_MATERIAL:0.507081796120628
CE_KINGSAFETY:0.5428309395643999
C_PIECESQUARETABLES:0.46160596615880534
C_MOBILITY:0.5192975252104365
C_KINGSAFETY:0.5631061063786091
C_PAWNSTRUCTURE:0.5402073091528705
C_PIECECOORDINATION:0.5338153998584109
C_ROOKANDPAWNMOVEMENT:0.5338153998584109
C_CENTERCONTROL:0.48100518954674604
C_DEVELOPPIECES:0.47328929352902427
C_MATERIAL:0.5160209652069029
C_MOVECOUNT:0.5225062780178643
