ELO:874
CE_PASSEDPAWNS:0.5391811793704041
CE_PAWNWEAKNESSES:0.4379847940875059
CE_PIECEACTIVITY:0.3914812544643384
CE_KINGPAWNSHIELD:0.5399125028656625
CE_PIECECOORDINATION:0.5520956465877175
CE_MATERIAL:0.3964382243602863
CE_KINGSAFETY:0.4990875321112753
C_PIECESQUARETABLES:0.4781127480683848
C_MOBILITY:0.49926744822924635
C_KINGSAFETY:0.51514289252149
C_PAWNSTRUCTURE:0.4093152615317868
C_PIECECOORDINATION:0.550443042586034
C_ROOKANDPAWNMOVEMENT:0.550443042586034
C_CENTERCONTROL:0.5189446971267742
C_DEVELOPPIECES:0.44122935946060343
C_MATERIAL:0.5424863459704722
