ELO:949
CE_PASSEDPAWNS:0.5320445664206633
CE_PAWNWEAKNESSES:0.5061697408882814
CE_PIECEACTIVITY:0.47716525564940765
CE_KINGPAWNSHIELD:0.4789940478771183
CE_PIECECOORDINATION:0.485018659200352
CE_MATERIAL:0.5148280759257144
CE_KINGSAFETY:0.4955647971629256
C_PIECESQUARETABLES:0.5140873000602132
C_MOBILITY:0.4925420705207435
C_KINGSAFETY:0.4991101306489746
C_PAWNSTRUCTURE:0.5493203115781888
C_PIECECOORDINATION:0.48266820216778056
C_ROOK:0.46666476253475736
CE_ROOK:0.4980126690492496
C_CENTERCONTROL:0.5035708007883335
C_DEVELOPPIECES:0.48183340117609313
C_MATERIAL:0.5054456006605303
C_MOVECOUNT:0.5482064637443329
C_PAWNMOVEMENT:0.48097440063178437
