ELO:978
CE_PASSEDPAWNS:0.5568112180815521
CE_PAWNWEAKNESSES:0.553417864513068
CE_PIECEACTIVITY:0.49085464081929664
CE_KINGPAWNSHIELD:0.4508317988717672
CE_PIECECOORDINATION:0.5518000364394106
CE_MATERIAL:0.4776436526859317
CE_KINGSAFETY:0.512279858048757
C_PIECESQUARETABLES:0.5125159577187031
C_MOBILITY:0.37061315108195975
C_KINGSAFETY:0.43414023039989846
C_PAWNSTRUCTURE:0.5384373037043628
C_PIECECOORDINATION:0.4261809132119321
C_ROOKANDPAWNMOVEMENT:0.4261809132119321
C_CENTERCONTROL:0.4231843688934514
C_DEVELOPPIECES:0.5161262010473477
C_MATERIAL:0.48076630372200196
