ELO:947
CE_PASSEDPAWNS:0.5502358980173992
CE_PAWNWEAKNESSES:0.5509882114377949
CE_PIECEACTIVITY:0.51848503215074
CE_KINGPAWNSHIELD:0.44868160956882536
CE_PIECECOORDINATION:0.6070131042392393
CE_MATERIAL:0.47893657287176095
CE_KINGSAFETY:0.5171831430016837
C_PIECESQUARETABLES:0.49385344453153196
C_MOBILITY:0.37167668825585204
C_KINGSAFETY:0.4210785256105106
C_PAWNSTRUCTURE:0.5492462197380732
C_PIECECOORDINATION:0.4417944499778655
C_ROOKANDPAWNMOVEMENT:0.4417944499778655
C_CENTERCONTROL:0.40028110482349705
C_DEVELOPPIECES:0.48728017455018896
C_MATERIAL:0.4220356189283936
