ELO:994
CE_PASSEDPAWNS:0.5042965228443373
CE_PAWNWEAKNESSES:0.5
CE_PIECEACTIVITY:0.48096091004413455
CE_KINGPAWNSHIELD:0.5017082963753363
CE_PIECECOORDINATION:0.5094778464308343
CE_MATERIAL:0.4947729531684565
CE_KINGSAFETY:0.5
C_PIECESQUARETABLES:0.5
C_MOBILITY:0.4913512690763216
C_KINGSAFETY:0.4979768532985556
C_PAWNSTRUCTURE:0.5109894441245407
C_PIECECOORDINATION:0.5214632027258531
C_ROOKANDPAWNMOVEMENT:0.5214632027258531
C_CENTERCONTROL:0.4936437218142301
C_DEVELOPPIECES:0.5105254738055276
C_MATERIAL:0.4811149522702128
C_MOVECOUNT:0.5
