ELO:960
CE_PASSEDPAWNS:0.4305173763093243
CE_PAWNWEAKNESSES:0.5710130848691035
CE_PIECEACTIVITY:0.5149842565347063
CE_KINGPAWNSHIELD:0.549208529995212
CE_PIECECOORDINATION:0.5129712623319859
CE_MATERIAL:0.46656505900990114
CE_KINGSAFETY:0.510713903246971
C_PIECESQUARETABLES:0.5191823903946818
C_MOBILITY:0.5118260346327504
C_KINGSAFETY:0.4136392519683439
C_PAWNSTRUCTURE:0.6315932122225622
C_PIECECOORDINATION:0.5331611893115513
C_ROOKANDPAWNMOVEMENT:0.5331611893115513
C_CENTERCONTROL:0.4399558125906724
C_DEVELOPPIECES:0.3989900244824079
C_MATERIAL:0.45902758026045665
