ELO:942
CE_PASSEDPAWNS:0.5261597054477728
CE_PAWNWEAKNESSES:0.511206087578872
CE_PIECEACTIVITY:0.4929944882155164
CE_KINGPAWNSHIELD:0.4530855705207254
CE_PIECECOORDINATION:0.49221866784153534
CE_MATERIAL:0.5171377746319332
CE_KINGSAFETY:0.4961827833324767
C_PIECESQUARETABLES:0.5
C_MOBILITY:0.5321804137367325
C_KINGSAFETY:0.5043212827862147
C_PAWNSTRUCTURE:0.560630277167373
C_PIECECOORDINATION:0.48746801220743896
C_ROOK:0.46666476253475736
CE_ROOK:0.4759128920557823
C_CENTERCONTROL:0.5121354215539095
C_DEVELOPPIECES:0.4757803757442649
C_MATERIAL:0.508213426903785
C_MOVECOUNT:0.5458334142324156
C_PAWNMOVEMENT:0.48869260077313337
