ELO:962
CE_PASSEDPAWNS:0.46762513462482774
CE_PAWNWEAKNESSES:0.4567712415624773
CE_PIECEACTIVITY:0.5412503231619679
CE_KINGPAWNSHIELD:0.465781535557176
CE_PIECECOORDINATION:0.5121939847453969
CE_MATERIAL:0.5055460193386794
CE_KINGSAFETY:0.5
C_PIECESQUARETABLES:0.5
C_MOBILITY:0.4886089924435106
C_KINGSAFETY:0.5828907576275434
C_PAWNSTRUCTURE:0.5
C_PIECECOORDINATION:0.5138555281193984
C_ROOKANDPAWNMOVEMENT:0.5138555281193984
C_CENTERCONTROL:0.4054756888600244
C_DEVELOPPIECES:0.4805129026415754
C_MATERIAL:0.5029686955030372
C_MOVECOUNT:0.5
