ELO:1002
CE_PASSEDPAWNS:0.45819730375217044
CE_PAWNWEAKNESSES:0.520856603796286
CE_PIECEACTIVITY:0.4786028687668354
CE_KINGPAWNSHIELD:0.4896711030248972
CE_PIECECOORDINATION:0.4694129258204954
CE_MATERIAL:0.4494734487265631
CE_KINGSAFETY:0.5
C_PIECESQUARETABLES:0.5
C_MOBILITY:0.50734248300208
C_KINGSAFETY:0.5123798588354341
C_PAWNSTRUCTURE:0.5056392184717711
C_PIECECOORDINATION:0.49890689325825965
C_ROOKANDPAWNMOVEMENT:0.49890689325825965
C_CENTERCONTROL:0.4634220113958763
C_DEVELOPPIECES:0.49950185026494537
C_MATERIAL:0.5166218156500372
