ELO:917
CE_PASSEDPAWNS:0.49509470997885835
CE_PAWNWEAKNESSES:0.5219340282660021
CE_PIECEACTIVITY:0.49708416680126216
CE_KINGPAWNSHIELD:0.45244216921936786
CE_PIECECOORDINATION:0.46416432750331965
CE_MATERIAL:0.5475526814936941
CE_KINGSAFETY:0.5031209575829864
C_PIECESQUARETABLES:0.4585509750142364
C_MOBILITY:0.5234773610515079
C_KINGSAFETY:0.5123659244174218
C_PAWNSTRUCTURE:0.5073443858626848
C_PIECECOORDINATION:0.5429147766193486
C_ROOK:0.536959375836295
CE_ROOK:0.47552927941329964
C_CENTERCONTROL:0.5504338822633327
C_DEVELOPPIECES:0.4713821040741762
C_MATERIAL:0.5011613491880427
C_MOVECOUNT:0.47371120137705663
C_PAWNMOVEMENT:0.47823130645611095
