ELO:991
CE_PASSEDPAWNS:0.5392134312351017
CE_PAWNWEAKNESSES:0.533384485651808
CE_PIECEACTIVITY:0.5384626700867042
CE_KINGPAWNSHIELD:0.45374397437711894
CE_PIECECOORDINATION:0.6330377339124986
CE_MATERIAL:0.4851067912841149
CE_KINGSAFETY:0.5146396880278468
C_PIECESQUARETABLES:0.5101806333028341
C_MOBILITY:0.3577675197207257
C_KINGSAFETY:0.420959647562061
C_PAWNSTRUCTURE:0.5255258834859283
C_PIECECOORDINATION:0.449261893828478
C_ROOKANDPAWNMOVEMENT:0.449261893828478
C_CENTERCONTROL:0.409719177342802
C_DEVELOPPIECES:0.49932265259871317
C_MATERIAL:0.4112258870430224
