ELO:991
CE_PASSEDPAWNS:0.5265050284138625
CE_PAWNWEAKNESSES:0.5037767851223985
CE_PIECEACTIVITY:0.49881032118141144
CE_KINGPAWNSHIELD:0.4832406370636849
CE_PIECECOORDINATION:0.4883381863896968
CE_MATERIAL:0.5098803190765061
CE_KINGSAFETY:0.5
C_PIECESQUARETABLES:0.5
C_MOBILITY:0.5214623654573869
C_KINGSAFETY:0.5
C_PAWNSTRUCTURE:0.5243123911320211
C_PIECECOORDINATION:0.5023181869044465
C_ROOKANDPAWNMOVEMENT:0.5023181869044465
C_CENTERCONTROL:0.5738308201682844
C_DEVELOPPIECES:0.47991129559973267
C_MATERIAL:0.47000530886640185
C_MOVECOUNT:0.5
