ELO:1015
CE_PASSEDPAWNS:0.46877353718336373
CE_PAWNWEAKNESSES:0.47004085739826384
CE_PIECEACTIVITY:0.5072790013280253
CE_KINGPAWNSHIELD:0.4772829402730522
CE_PIECECOORDINATION:0.5640871309948633
CE_MATERIAL:0.4714972551960492
CE_KINGSAFETY:0.43860514822901736
C_PIECESQUARETABLES:0.4979158682682988
C_MOBILITY:0.5300952076752151
C_KINGSAFETY:0.4956031419921689
C_PAWNSTRUCTURE:0.5105933115178449
C_PIECECOORDINATION:0.5446000060436218
C_ROOKANDPAWNMOVEMENT:0.5446000060436218
C_CENTERCONTROL:0.47650517700175726
C_DEVELOPPIECES:0.4835089334705628
C_MATERIAL:0.5645747354017182
