ELO:949
CE_PASSEDPAWNS:0.5317811308230315
CE_PAWNWEAKNESSES:0.511206087578872
CE_PIECEACTIVITY:0.4929944882155164
CE_KINGPAWNSHIELD:0.4530855705207254
CE_PIECECOORDINATION:0.49221866784153534
CE_MATERIAL:0.5246100528700557
CE_KINGSAFETY:0.5
C_PIECESQUARETABLES:0.5
C_MOBILITY:0.5321804137367325
C_KINGSAFETY:0.5043212827862147
C_PAWNSTRUCTURE:0.5419333586354964
C_PIECECOORDINATION:0.48927465722277225
C_ROOK:0.46666476253475736
CE_ROOK:0.49866468807501313
C_CENTERCONTROL:0.5044216982144083
C_DEVELOPPIECES:0.4757803757442649
C_MATERIAL:0.508213426903785
C_MOVECOUNT:0.5505722581705709
C_PAWNMOVEMENT:0.48274752721248
