ELO:1007
CE_PASSEDPAWNS:0.5
CE_PAWNWEAKNESSES:0.45353248147397174
CE_PIECEACTIVITY:0.5309746171436114
CE_KINGPAWNSHIELD:0.4888918305924861
CE_PIECECOORDINATION:0.45944668297882546
CE_MATERIAL:0.4839441222758687
CE_KINGSAFETY:0.5
C_PIECESQUARETABLES:0.5
C_MOBILITY:0.4071152366177097
C_KINGSAFETY:0.5768060522820262
C_PAWNSTRUCTURE:0.5
C_PIECECOORDINATION:0.49565537645741137
C_ROOKANDPAWNMOVEMENT:0.49565537645741137
C_CENTERCONTROL:0.44184066897319596
C_DEVELOPPIECES:0.5
C_MATERIAL:0.5
C_MOVECOUNT:0.5
