ELO:1065
CE_PASSEDPAWNS:0.5104446768667571
CE_PAWNWEAKNESSES:0.4892926816716441
CE_PIECEACTIVITY:0.49801539204177525
CE_KINGPAWNSHIELD:0.49295909841750346
CE_PIECECOORDINATION:0.5077816861209693
CE_MATERIAL:0.49442374867338035
CE_KINGSAFETY:0.5
C_PIECESQUARETABLES:0.5065679748262099
C_MOBILITY:0.5109890189012866
C_KINGSAFETY:0.5129810545641564
C_PAWNSTRUCTURE:0.4578095095014777
C_PIECECOORDINATION:0.5
C_ROOKANDPAWNMOVEMENT:0.5
C_CENTERCONTROL:0.43744573359951083
C_DEVELOPPIECES:0.48481376168146345
C_MATERIAL:0.49725694105173457
C_MOVECOUNT:0.5
