ELO:994
CE_PASSEDPAWNS:0.5282856042299294
CE_PAWNWEAKNESSES:0.5083248094711549
CE_PIECEACTIVITY:0.5060436811489335
CE_KINGPAWNSHIELD:0.475478921266877
CE_PIECECOORDINATION:0.5022450565315316
CE_MATERIAL:0.5000235818279846
CE_KINGSAFETY:0.518040843748601
C_PIECESQUARETABLES:0.5059155455520997
C_MOBILITY:0.4937771550044847
C_KINGSAFETY:0.509237222315133
C_PAWNSTRUCTURE:0.49654290065421797
C_PIECECOORDINATION:0.4807296054477529
C_ROOK:0.5086102315139426
CE_ROOK:0.49101317085102975
C_CENTERCONTROL:0.49668732963609075
C_DEVELOPPIECES:0.4837943565694493
C_MATERIAL:0.5071651476238489
C_MOVECOUNT:0.530744809404952
C_PAWNMOVEMENT:0.5000206722029646
