ELO:950
CE_PASSEDPAWNS:0.5320445664206633
CE_PAWNWEAKNESSES:0.5036088383479512
CE_PIECEACTIVITY:0.47716525564940765
CE_KINGPAWNSHIELD:0.4713074161649768
CE_PIECECOORDINATION:0.485018659200352
CE_MATERIAL:0.5247395780377919
CE_KINGSAFETY:0.4955647971629256
C_PIECESQUARETABLES:0.5140873000602132
C_MOBILITY:0.4958127891635424
C_KINGSAFETY:0.5114451475775138
C_PAWNSTRUCTURE:0.5387319282314369
C_PIECECOORDINATION:0.4912842172882285
C_ROOK:0.46666476253475736
CE_ROOK:0.509590580103859
C_CENTERCONTROL:0.5035708007883335
C_DEVELOPPIECES:0.48183340117609313
C_MATERIAL:0.49990788241974554
C_MOVECOUNT:0.5482064637443329
C_PAWNMOVEMENT:0.48318432343490453
