ELO:945
CE_PASSEDPAWNS:0.4849051934562299
CE_PAWNWEAKNESSES:0.5044083930794627
CE_PIECEACTIVITY:0.5022497284041656
CE_KINGPAWNSHIELD:0.4956596235830522
CE_PIECECOORDINATION:0.4826149875070813
CE_MATERIAL:0.5
CE_KINGSAFETY:0.5
C_PIECESQUARETABLES:0.5053355133926102
C_MOBILITY:0.48596382735542387
C_KINGSAFETY:0.5206549040659089
C_PAWNSTRUCTURE:0.4750866137135551
C_PIECECOORDINATION:0.4983709831003113
C_ROOKANDPAWNMOVEMENT:0.4983709831003113
C_CENTERCONTROL:0.528567254032372
C_DEVELOPPIECES:0.5021561572261293
C_MATERIAL:0.5032343889793118
C_MOVECOUNT:0.5117155813750602
