ELO:1011
CE_PASSEDPAWNS:0.5087807446450401
CE_PAWNWEAKNESSES:0.5150581753474804
CE_PIECEACTIVITY:0.48071033273908415
CE_KINGPAWNSHIELD:0.4795967536838413
CE_PIECECOORDINATION:0.5913475109490745
CE_MATERIAL:0.5578882842572136
CE_KINGSAFETY:0.4904351161392857
C_PIECESQUARETABLES:0.5
C_MOBILITY:0.5696946722527394
C_KINGSAFETY:0.520777817333886
C_PAWNSTRUCTURE:0.5679383950174413
C_PIECECOORDINATION:0.559264486672982
C_ROOKANDPAWNMOVEMENT:0.559264486672982
C_CENTERCONTROL:0.5414246436444013
C_DEVELOPPIECES:0.5206714695493488
C_MATERIAL:0.504085443993808
