ELO:970
CE_PASSEDPAWNS:0.47531043147339885
CE_PAWNWEAKNESSES:0.5128411651439861
CE_PIECEACTIVITY:0.48271837678094376
CE_KINGPAWNSHIELD:0.516610710995572
CE_PIECECOORDINATION:0.4388090021450794
CE_MATERIAL:0.48841163043833513
CE_KINGSAFETY:0.5
C_PIECESQUARETABLES:0.5
C_MOBILITY:0.43878934217485305
C_KINGSAFETY:0.4928851427554678
C_PAWNSTRUCTURE:0.5166344727861388
C_PIECECOORDINATION:0.4709313178511203
C_ROOK:0.5629995618158076
CE_ROOK:0.4864587192416925
C_CENTERCONTROL:0.473060146432552
C_DEVELOPPIECES:0.5115924824805961
C_MATERIAL:0.43574245124914573
C_MOVECOUNT:0.4855472504276063
C_PAWNMOVEMENT:0.4896621883250033
