ELO:976
CE_PASSEDPAWNS:0.4205713179480839
CE_PAWNWEAKNESSES:0.5755744156219835
CE_PIECEACTIVITY:0.5975410468714458
CE_KINGPAWNSHIELD:0.4772737301482601
CE_PIECECOORDINATION:0.47344054423136245
CE_MATERIAL:0.5074778310450099
CE_KINGSAFETY:0.5554421593906825
C_PIECESQUARETABLES:0.5447575901322714
C_MOBILITY:0.43402188703123473
C_KINGSAFETY:0.4095974007077116
C_PAWNSTRUCTURE:0.6648200586723563
C_PIECECOORDINATION:0.4970325242919707
C_ROOKANDPAWNMOVEMENT:0.4970325242919707
C_CENTERCONTROL:0.45380521205658236
C_DEVELOPPIECES:0.41768738341095407
C_MATERIAL:0.4958157158013391
