ELO:802
CE_PASSEDPAWNS:0.5224432468093416
CE_PAWNWEAKNESSES:0.3199518695897437
CE_PIECEACTIVITY:0.49773321683546806
CE_KINGPAWNSHIELD:0.47055641295134665
CE_PIECECOORDINATION:0.5075352426196844
CE_MATERIAL:0.6044754686353766
CE_KINGSAFETY:0.5043981663202987
C_PIECESQUARETABLES:0.49051816238920815
C_MOBILITY:0.5089646659658331
C_KINGSAFETY:0.5284661067439718
C_PAWNSTRUCTURE:0.43655495876326544
C_PIECECOORDINATION:0.4735039179350784
C_ROOKANDPAWNMOVEMENT:0.4735039179350784
C_CENTERCONTROL:0.5049386822042742
C_DEVELOPPIECES:0.5081133446301922
C_MATERIAL:0.4462765437541059
