ELO:1017
CE_PASSEDPAWNS:0.4952945954085872
CE_PAWNWEAKNESSES:0.5081752682862269
CE_PIECEACTIVITY:0.5102682325333416
CE_KINGPAWNSHIELD:0.487585758838373
CE_PIECECOORDINATION:0.5000429686968871
CE_MATERIAL:0.5
CE_KINGSAFETY:0.5
C_PIECESQUARETABLES:0.49344562849824736
C_MOBILITY:0.5
C_KINGSAFETY:0.5134588228620728
C_PAWNSTRUCTURE:0.4989088750008275
C_PIECECOORDINATION:0.4876430570010979
C_ROOK:0.5
CE_ROOK:0.5
C_CENTERCONTROL:0.5
C_DEVELOPPIECES:0.5118336395534966
C_MATERIAL:0.5072688438337634
C_MOVECOUNT:0.5084065522510893
C_PAWNMOVEMENT:0.5
