ELO:971
CE_PASSEDPAWNS:0.4900386366148513
CE_PAWNWEAKNESSES:0.49663846399108524
CE_PIECEACTIVITY:0.49498932695867853
CE_KINGPAWNSHIELD:0.5281105239693129
CE_PIECECOORDINATION:0.5005430530536513
CE_MATERIAL:0.49419436822406776
CE_KINGSAFETY:0.5
C_PIECESQUARETABLES:0.5
C_MOBILITY:0.4673507646980505
C_KINGSAFETY:0.4771045042401045
C_PAWNSTRUCTURE:0.4835284159704623
C_PIECECOORDINATION:0.5025280561303785
C_ROOKANDPAWNMOVEMENT:0.5025280561303785
C_CENTERCONTROL:0.5188694887424457
C_DEVELOPPIECES:0.501203442937732
C_MATERIAL:0.5178918248640569
C_MOVECOUNT:0.49666970333681343
