ELO:999
CE_PASSEDPAWNS:0.5085579729996859
CE_PAWNWEAKNESSES:0.49558561277327984
CE_PIECEACTIVITY:0.5128413589076366
CE_KINGPAWNSHIELD:0.5
CE_PIECECOORDINATION:0.5
CE_MATERIAL:0.51034359290299
CE_KINGSAFETY:0.4929022072870446
C_PIECESQUARETABLES:0.5063197994928273
C_MOBILITY:0.5
C_KINGSAFETY:0.4914685558260781
C_PAWNSTRUCTURE:0.49863802123370804
C_PIECECOORDINATION:0.5
C_ROOK:0.508485536288458
CE_ROOK:0.48880512583878566
C_CENTERCONTROL:0.5
C_DEVELOPPIECES:0.5120144366956472
C_MATERIAL:0.5133715486384504
C_MOVECOUNT:0.508576777237994
C_PAWNMOVEMENT:0.505848017258018
