ELO:940
CE_PASSEDPAWNS:0.3753265461076888
CE_PAWNWEAKNESSES:0.606981821510379
CE_PIECEACTIVITY:0.5290992391760188
CE_KINGPAWNSHIELD:0.5389974330119636
CE_PIECECOORDINATION:0.5285399662920259
CE_MATERIAL:0.41630919391687965
CE_KINGSAFETY:0.46090795353909764
C_PIECESQUARETABLES:0.506647705944318
C_MOBILITY:0.5234900140315172
C_KINGSAFETY:0.39349986141912446
C_PAWNSTRUCTURE:0.6394502254622396
C_PIECECOORDINATION:0.5765347432539071
C_ROOKANDPAWNMOVEMENT:0.5765347432539071
C_CENTERCONTROL:0.48987898091132165
C_DEVELOPPIECES:0.40778772561740184
C_MATERIAL:0.45695997750947304
