ELO:931
CE_PASSEDPAWNS:0.5242323469681361
CE_PAWNWEAKNESSES:0.5160040108839534
CE_PIECEACTIVITY:0.47447166299455024
CE_KINGPAWNSHIELD:0.4530855705207254
CE_PIECECOORDINATION:0.503440603619058
CE_MATERIAL:0.5252514463330388
CE_KINGSAFETY:0.5
C_PIECESQUARETABLES:0.5103788298815968
C_MOBILITY:0.5439264825194777
C_KINGSAFETY:0.5090354805352381
C_PAWNSTRUCTURE:0.5551092160183956
C_PIECECOORDINATION:0.4878076739901296
C_ROOK:0.4615471515881713
CE_ROOK:0.47651819149297325
C_CENTERCONTROL:0.5096685176812428
C_DEVELOPPIECES:0.4668242559587866
C_MATERIAL:0.48007411667995775
C_MOVECOUNT:0.5562228354443739
C_PAWNMOVEMENT:0.49960731425624416
