ELO:850
CE_PASSEDPAWNS:0.5165930812397066
CE_PAWNWEAKNESSES:0.47172185363895947
CE_PIECEACTIVITY:0.46792825460749826
CE_KINGPAWNSHIELD:0.4943786566665773
CE_PIECECOORDINATION:0.41506006392080214
CE_MATERIAL:0.5456291282439485
CE_KINGSAFETY:0.4900494601755705
C_PIECESQUARETABLES:0.4641731642930156
C_MOBILITY:0.605815063525135
C_KINGSAFETY:0.4874594390344038
C_PAWNSTRUCTURE:0.5198840251384264
C_PIECECOORDINATION:0.4917432707943489
C_ROOKANDPAWNMOVEMENT:0.4917432707943489
C_CENTERCONTROL:0.4838089971209608
C_DEVELOPPIECES:0.4603047468124812
C_MATERIAL:0.5540963702680264
C_MOVECOUNT:0.5
