ELO:982
CE_PASSEDPAWNS:0.5026120225295426
CE_PAWNWEAKNESSES:0.47780661844271183
CE_PIECEACTIVITY:0.5248549815699248
CE_KINGPAWNSHIELD:0.47870482869254877
CE_PIECECOORDINATION:0.4672028083680093
CE_MATERIAL:0.5063447459937072
CE_KINGSAFETY:0.5023988594269602
C_PIECESQUARETABLES:0.48977871219034574
C_MOBILITY:0.4906582430962664
C_KINGSAFETY:0.537057136985479
C_PAWNSTRUCTURE:0.39043597925263585
C_PIECECOORDINATION:0.448462537977186
C_ROOKANDPAWNMOVEMENT:0.448462537977186
C_CENTERCONTROL:0.5420353109089824
C_DEVELOPPIECES:0.5377682767977364
C_MATERIAL:0.5376504698750776
