ELO:889
CE_PASSEDPAWNS:0.4877048849465368
CE_PAWNWEAKNESSES:0.4668482851350871
CE_PIECEACTIVITY:0.4480872198433965
CE_KINGPAWNSHIELD:0.5465973037704349
CE_PIECECOORDINATION:0.46379229812991
CE_MATERIAL:0.5315458913611248
CE_KINGSAFETY:0.5032629994969314
C_PIECESQUARETABLES:0.5087665880634709
C_MOBILITY:0.4831512200394093
C_KINGSAFETY:0.4941619596435844
C_PAWNSTRUCTURE:0.5046332538588114
C_PIECECOORDINATION:0.46927668669946443
C_ROOK:0.5607442333513817
CE_ROOK:0.45842681361544907
C_CENTERCONTROL:0.45245815376978415
C_DEVELOPPIECES:0.4733767556071661
C_MATERIAL:0.467943901741629
C_MOVECOUNT:0.5143377371377775
C_PAWNMOVEMENT:0.4531146449239286
