ELO:886
CE_PASSEDPAWNS:0.4877048849465368
CE_PAWNWEAKNESSES:0.45561625784082443
CE_PIECEACTIVITY:0.4480872198433965
CE_KINGPAWNSHIELD:0.5431539478374994
CE_PIECECOORDINATION:0.46417614755393966
CE_MATERIAL:0.5298767043754438
CE_KINGSAFETY:0.5
C_PIECESQUARETABLES:0.4915429528965503
C_MOBILITY:0.4795809814660286
C_KINGSAFETY:0.49244841588625143
C_PAWNSTRUCTURE:0.5082289813875734
C_PIECECOORDINATION:0.46927668669946443
C_ROOK:0.5639571244365267
CE_ROOK:0.4485197137903489
C_CENTERCONTROL:0.45959245799170423
C_DEVELOPPIECES:0.48333893013643203
C_MATERIAL:0.4682614204869138
C_MOVECOUNT:0.5174542477949605
C_PAWNMOVEMENT:0.45429396474011235
