ELO:988
CE_PASSEDPAWNS:0.5156839845540195
CE_PAWNWEAKNESSES:0.5168024102324037
CE_PIECEACTIVITY:0.5115517959390631
CE_KINGPAWNSHIELD:0.3843209339443346
CE_PIECECOORDINATION:0.44538019471221774
CE_MATERIAL:0.5469629916345984
CE_KINGSAFETY:0.5
C_PIECESQUARETABLES:0.5
C_MOBILITY:0.49816549280442246
C_KINGSAFETY:0.49434756779030675
C_PAWNSTRUCTURE:0.5006281247243053
C_PIECECOORDINATION:0.5344102617090504
C_ROOKANDPAWNMOVEMENT:0.5344102617090504
C_CENTERCONTROL:0.3989347637882032
C_DEVELOPPIECES:0.5067495606305472
C_MATERIAL:0.5859692747107864
