ELO:1001
CE_PASSEDPAWNS:0.497798027657176
CE_PAWNWEAKNESSES:0.48482736930043874
CE_PIECEACTIVITY:0.5208415663322589
CE_KINGPAWNSHIELD:0.49299717934651655
CE_PIECECOORDINATION:0.4895926544162038
CE_MATERIAL:0.5008054543387201
CE_KINGSAFETY:0.49706934950815984
C_PIECESQUARETABLES:0.5001412910736437
C_MOBILITY:0.5246233073866645
C_KINGSAFETY:0.5088733113489752
C_PAWNSTRUCTURE:0.520124527072368
C_PIECECOORDINATION:0.5047348336718358
C_ROOKANDPAWNMOVEMENT:0.5047348336718358
C_CENTERCONTROL:0.5199541586911101
C_DEVELOPPIECES:0.5261955220125041
C_MATERIAL:0.4941419922130082
C_MOVECOUNT:0.48140284232242214
