ELO:909
CE_PASSEDPAWNS:0.4519436734246351
CE_PAWNWEAKNESSES:0.519391361386268
CE_PIECEACTIVITY:0.4510242678815888
CE_KINGPAWNSHIELD:0.536245507264876
CE_PIECECOORDINATION:0.5933384470266778
CE_MATERIAL:0.4875974761147936
CE_KINGSAFETY:0.5477469486401505
C_PIECESQUARETABLES:0.5190056479293961
C_MOBILITY:0.4740494984371569
C_KINGSAFETY:0.6167045744152317
C_PAWNSTRUCTURE:0.45797504616118045
C_PIECECOORDINATION:0.5496814867478096
C_ROOKANDPAWNMOVEMENT:0.5496814867478096
C_CENTERCONTROL:0.6049509357556251
C_DEVELOPPIECES:0.5639047894291833
C_MATERIAL:0.4744970365996522
