ELO:972
CE_PASSEDPAWNS:0.5023291196675613
CE_PAWNWEAKNESSES:0.505451497516588
CE_PIECEACTIVITY:0.5068759616780368
CE_KINGPAWNSHIELD:0.4839330138589302
CE_PIECECOORDINATION:0.5056891560170818
CE_MATERIAL:0.4807851905452143
CE_KINGSAFETY:0.5008876151271203
C_PIECESQUARETABLES:0.5037203278960731
C_MOBILITY:0.49692112246830916
C_KINGSAFETY:0.5057829227054964
C_PAWNSTRUCTURE:0.5142859120292976
C_PIECECOORDINATION:0.4943363523066964
C_ROOKANDPAWNMOVEMENT:0.4943363523066964
C_CENTERCONTROL:0.5144661903302464
C_DEVELOPPIECES:0.5073078469368809
C_MATERIAL:0.5088586243936778
C_MOVECOUNT:0.5068901060238689
