ELO:920
CE_PASSEDPAWNS:0.4927553861951084
CE_PAWNWEAKNESSES:0.5068421184584041
CE_PIECEACTIVITY:0.5366870089408277
CE_KINGPAWNSHIELD:0.507113744341543
CE_PIECECOORDINATION:0.5048660613407331
CE_MATERIAL:0.5040327493135194
CE_KINGSAFETY:0.5316449228603515
C_PIECESQUARETABLES:0.48698846360370923
C_MOBILITY:0.5050144708081126
C_KINGSAFETY:0.47764745678308707
C_PAWNSTRUCTURE:0.4974196798761981
C_PIECECOORDINATION:0.5040371179976537
C_ROOKANDPAWNMOVEMENT:0.5040371179976537
C_CENTERCONTROL:0.48411625518192974
C_DEVELOPPIECES:0.5054705309781188
C_MATERIAL:0.5038103968176263
C_MOVECOUNT:0.5
