ELO:927
CE_PASSEDPAWNS:0.5029880217436826
CE_PAWNWEAKNESSES:0.4628856423071491
CE_PIECEACTIVITY:0.4357329677547448
CE_KINGPAWNSHIELD:0.5401493819277512
CE_PIECECOORDINATION:0.46419269737657265
CE_MATERIAL:0.5027314438858675
CE_KINGSAFETY:0.5
C_PIECESQUARETABLES:0.508284997269258
C_MOBILITY:0.49887474763794964
C_KINGSAFETY:0.5006733487849021
C_PAWNSTRUCTURE:0.4944353973076198
C_PIECECOORDINATION:0.4926154556448944
C_ROOK:0.5244515858311017
CE_ROOK:0.4789827887954446
C_CENTERCONTROL:0.47764878316347636
C_DEVELOPPIECES:0.5071216021634789
C_MATERIAL:0.4638266669315675
C_MOVECOUNT:0.5162897288908495
C_PAWNMOVEMENT:0.4613374768962368
