ELO:983
CE_PASSEDPAWNS:0.5
CE_PAWNWEAKNESSES:0.5
CE_PIECEACTIVITY:0.5020782346576764
CE_KINGPAWNSHIELD:0.4516255944086121
CE_PIECECOORDINATION:0.5140861806406638
CE_MATERIAL:0.5096278490631837
CE_KINGSAFETY:0.5
C_PIECESQUARETABLES:0.5
C_MOBILITY:0.5
C_KINGSAFETY:0.5038002709851911
C_PAWNSTRUCTURE:0.5065341714168775
C_PIECECOORDINATION:0.48422896979280705
C_ROOKANDPAWNMOVEMENT:0.48422896979280705
C_CENTERCONTROL:0.4984967620330958
C_DEVELOPPIECES:0.4670668430196096
C_MATERIAL:0.46321333708030776
C_MOVECOUNT:0.5
