ELO:970
CE_PASSEDPAWNS:0.5070334752577317
CE_PAWNWEAKNESSES:0.486758487997384
CE_PIECEACTIVITY:0.4789687024367182
CE_KINGPAWNSHIELD:0.47207162643978173
CE_PIECECOORDINATION:0.5088790077400075
CE_MATERIAL:0.5043011022090427
CE_KINGSAFETY:0.5116953594465082
C_PIECESQUARETABLES:0.5041038955800864
C_MOBILITY:0.5326195370444142
C_KINGSAFETY:0.5212921744897383
C_PAWNSTRUCTURE:0.49436166055296293
C_PIECECOORDINATION:0.47372701463723565
C_ROOKANDPAWNMOVEMENT:0.47372701463723565
C_CENTERCONTROL:0.5109146816252342
C_DEVELOPPIECES:0.4940363520031206
C_MATERIAL:0.4869498875962817
C_MOVECOUNT:0.4893534115908865
