ELO:985
CE_PASSEDPAWNS:0.5082781503756189
CE_PAWNWEAKNESSES:0.5
CE_PIECEACTIVITY:0.5
CE_KINGPAWNSHIELD:0.5006866661434748
CE_PIECECOORDINATION:0.4962854121185846
CE_MATERIAL:0.5
CE_KINGSAFETY:0.5058772263987337
C_PIECESQUARETABLES:0.5069222617760468
C_MOBILITY:0.5
C_KINGSAFETY:0.5054990761556468
C_PAWNSTRUCTURE:0.5139027283282201
C_PIECECOORDINATION:0.5
C_ROOKANDPAWNMOVEMENT:0.5
C_CENTERCONTROL:0.5132059239756055
C_DEVELOPPIECES:0.5072594174386702
C_MATERIAL:0.5034194495585259
C_MOVECOUNT:0.497906815378486
