ELO:907
CE_PASSEDPAWNS:0.4976893661730287
CE_PAWNWEAKNESSES:0.5391571550046499
CE_PIECEACTIVITY:0.44052394169359443
CE_KINGPAWNSHIELD:0.5282429316905474
CE_PIECECOORDINATION:0.45932506986881216
CE_MATERIAL:0.506998591801627
CE_KINGSAFETY:0.505539630104217
C_PIECESQUARETABLES:0.4868120215319536
C_MOBILITY:0.5678805427310483
C_KINGSAFETY:0.44480852485855465
C_PAWNSTRUCTURE:0.4324492467196687
C_PIECECOORDINATION:0.3944765110241228
C_ROOKANDPAWNMOVEMENT:0.3944765110241228
C_CENTERCONTROL:0.5333888174349593
C_DEVELOPPIECES:0.48231730099705067
C_MATERIAL:0.5594540804932336
