ELO:1000
CE_PASSEDPAWNS:0.5246632310495848
CE_PAWNWEAKNESSES:0.47868827101124056
CE_PIECEACTIVITY:0.5006092929056776
CE_KINGPAWNSHIELD:0.5213830479982012
CE_PIECECOORDINATION:0.5184970235538131
CE_MATERIAL:0.4923571193375677
CE_KINGSAFETY:0.46691002151827365
C_PIECESQUARETABLES:0.4764117849662357
C_MOBILITY:0.4878365577093697
C_KINGSAFETY:0.5289926973876734
C_PAWNSTRUCTURE:0.47554778609222753
C_PIECECOORDINATION:0.48689658389201546
C_ROOKANDPAWNMOVEMENT:0.48689658389201546
C_CENTERCONTROL:0.49382372003118574
C_DEVELOPPIECES:0.522842722505084
C_MATERIAL:0.5325680546896657
