ELO:958
CE_PASSEDPAWNS:0.5067220476838514
CE_PAWNWEAKNESSES:0.5
CE_PIECEACTIVITY:0.4846295378443273
CE_KINGPAWNSHIELD:0.4555472287399512
CE_PIECECOORDINATION:0.47332007573508267
CE_MATERIAL:0.48438727908033813
CE_KINGSAFETY:0.5
C_PIECESQUARETABLES:0.49787894789047943
C_MOBILITY:0.5358147365435271
C_KINGSAFETY:0.4850606592184595
C_PAWNSTRUCTURE:0.5284620879490535
C_PIECECOORDINATION:0.48522830316597704
C_ROOKANDPAWNMOVEMENT:0.48522830316597704
C_CENTERCONTROL:0.5121563537941975
C_DEVELOPPIECES:0.5020983735151573
C_MATERIAL:0.48983448058781154
C_MOVECOUNT:0.5
