ELO:896
CE_PASSEDPAWNS:0.46841932303266015
CE_PAWNWEAKNESSES:0.550282792012053
CE_PIECEACTIVITY:0.5437438527408331
CE_KINGPAWNSHIELD:0.5449125318732915
CE_PIECECOORDINATION:0.3778028528554232
CE_MATERIAL:0.46309108202988347
CE_KINGSAFETY:0.48941126189670625
C_PIECESQUARETABLES:0.48040605351667326
C_MOBILITY:0.5182469288202388
C_KINGSAFETY:0.649760544251856
C_PAWNSTRUCTURE:0.39194431386955714
C_PIECECOORDINATION:0.3541750771501644
C_ROOKANDPAWNMOVEMENT:0.3541750771501644
C_CENTERCONTROL:0.5450746596455117
C_DEVELOPPIECES:0.566770025347164
C_MATERIAL:0.5295064364573753
