ELO:944
CE_PASSEDPAWNS:0.4956944261746245
CE_PAWNWEAKNESSES:0.5229548122903829
CE_PIECEACTIVITY:0.5054010260781544
CE_KINGPAWNSHIELD:0.4858018718361075
CE_PIECECOORDINATION:0.5068772343986438
CE_MATERIAL:0.5209355451355546
CE_KINGSAFETY:0.4976326624040411
C_PIECESQUARETABLES:0.5178854547815289
C_MOBILITY:0.47939718754669897
C_KINGSAFETY:0.5036579419997717
C_PAWNSTRUCTURE:0.5043556625004441
C_PIECECOORDINATION:0.5122156170416723
C_ROOKANDPAWNMOVEMENT:0.5122156170416723
C_CENTERCONTROL:0.5103902248267979
C_DEVELOPPIECES:0.4718128909227202
C_MATERIAL:0.5073530113976337
C_MOVECOUNT:0.5170286432472659
