ELO:1000
CE_PASSEDPAWNS:0.5
CE_PAWNWEAKNESSES:0.4999222038378196
CE_PIECEACTIVITY:0.4945337832171228
CE_KINGPAWNSHIELD:0.510223913860472
CE_PIECECOORDINATION:0.5
CE_MATERIAL:0.4858346990116969
CE_KINGSAFETY:0.5
C_PIECESQUARETABLES:0.4992273404253839
C_MOBILITY:0.49777756280779656
C_KINGSAFETY:0.4997984243142211
C_PAWNSTRUCTURE:0.5067135511273873
C_PIECECOORDINATION:0.5
C_ROOKANDPAWNMOVEMENT:0.5
C_CENTERCONTROL:0.5
C_DEVELOPPIECES:0.5
C_MATERIAL:0.4907580368827546
C_MOVECOUNT:0.5
