ELO:1000
CE_PASSEDPAWNS:0.4796100204697643
CE_PAWNWEAKNESSES:0.4849195539524862
CE_PIECEACTIVITY:0.4728334937763305
CE_KINGPAWNSHIELD:0.5235995077409984
CE_PIECECOORDINATION:0.5726042689798723
CE_MATERIAL:0.44599102216290415
CE_KINGSAFETY:0.5360893135178612
C_PIECESQUARETABLES:0.4841166623856146
C_MOBILITY:0.5274063995968498
C_KINGSAFETY:0.5362678605351299
C_PAWNSTRUCTURE:0.4941826530684247
C_PIECECOORDINATION:0.4999837687692897
C_ROOKANDPAWNMOVEMENT:0.4999837687692897
C_CENTERCONTROL:0.5091905050790363
C_DEVELOPPIECES:0.5226899167779016
C_MATERIAL:0.5015739116925534
