ELO:919
CE_PASSEDPAWNS:0.43863194995631577
CE_PAWNWEAKNESSES:0.46381843159010827
CE_PIECEACTIVITY:0.46129043439448264
CE_KINGPAWNSHIELD:0.547627163277732
CE_PIECECOORDINATION:0.46267999032977647
CE_MATERIAL:0.5659615871223947
CE_KINGSAFETY:0.49671990145902706
C_PIECESQUARETABLES:0.4856870649207021
C_MOBILITY:0.4473973385344046
C_KINGSAFETY:0.49876726649423697
C_PAWNSTRUCTURE:0.48064269704121737
C_PIECECOORDINATION:0.47503342642174495
C_ROOK:0.5497522022587932
CE_ROOK:0.46677988855866215
C_CENTERCONTROL:0.4536724897246946
C_DEVELOPPIECES:0.45251664466624
C_MATERIAL:0.46077950451906696
C_MOVECOUNT:0.5035420912267172
C_PAWNMOVEMENT:0.4502124028864546
