ELO:978
CE_PASSEDPAWNS:0.5268093700055714
CE_PAWNWEAKNESSES:0.4907771970919322
CE_PIECEACTIVITY:0.48969772997532224
CE_KINGPAWNSHIELD:0.4540586436239374
CE_PIECECOORDINATION:0.4501887177864757
CE_MATERIAL:0.5059362837470304
CE_KINGSAFETY:0.5055267597127118
C_PIECESQUARETABLES:0.49815006064344586
C_MOBILITY:0.47451870856602585
C_KINGSAFETY:0.5653873425871075
C_PAWNSTRUCTURE:0.4052612312620218
C_PIECECOORDINATION:0.42459705124083336
C_ROOKANDPAWNMOVEMENT:0.42459705124083336
C_CENTERCONTROL:0.5264983979440718
C_DEVELOPPIECES:0.5510343939106445
C_MATERIAL:0.5565128852732858
