ELO:996
CE_PASSEDPAWNS:0.5082781503756189
CE_PAWNWEAKNESSES:0.5059525159266661
CE_PIECEACTIVITY:0.5
CE_KINGPAWNSHIELD:0.5090381676146823
CE_PIECECOORDINATION:0.4962854121185846
CE_MATERIAL:0.5
CE_KINGSAFETY:0.5058772263987337
C_PIECESQUARETABLES:0.5128677469564111
C_MOBILITY:0.49838172796160274
C_KINGSAFETY:0.5054990761556468
C_PAWNSTRUCTURE:0.5139027283282201
C_PIECECOORDINATION:0.5033910644827296
C_ROOKANDPAWNMOVEMENT:0.5033910644827296
C_CENTERCONTROL:0.5132059239756055
C_DEVELOPPIECES:0.5072594174386702
C_MATERIAL:0.5034194495585259
C_MOVECOUNT:0.497906815378486
