ELO:1038
CE_PASSEDPAWNS:0.5
CE_PAWNWEAKNESSES:0.5
CE_PIECEACTIVITY:0.5016542430602849
CE_KINGPAWNSHIELD:0.5073027843139611
CE_PIECECOORDINATION:0.5099001968082819
CE_MATERIAL:0.5
CE_KINGSAFETY:0.5
C_PIECESQUARETABLES:0.5
C_MOBILITY:0.5
C_KINGSAFETY:0.5
C_PAWNSTRUCTURE:0.491721400215077
C_PIECECOORDINATION:0.5031738909228032
C_ROOKANDPAWNMOVEMENT:0.5031738909228032
C_CENTERCONTROL:0.5
C_DEVELOPPIECES:0.4947504668852132
C_MATERIAL:0.48899850465087463
