ELO:904
CE_PASSEDPAWNS:0.5484395128899939
CE_PAWNWEAKNESSES:0.49289410842879333
CE_PIECEACTIVITY:0.4727513130329007
CE_KINGPAWNSHIELD:0.5347636576434684
CE_PIECECOORDINATION:0.44857240143831684
CE_MATERIAL:0.5205579797152833
CE_KINGSAFETY:0.5261108952150074
C_PIECESQUARETABLES:0.5775422757650482
C_MOBILITY:0.48921432264563797
C_KINGSAFETY:0.5537730405570346
C_PAWNSTRUCTURE:0.4863667463872202
C_PIECECOORDINATION:0.5224347557661349
C_ROOKANDPAWNMOVEMENT:0.5224347557661349
C_CENTERCONTROL:0.562657515652643
C_DEVELOPPIECES:0.516658397987057
C_MATERIAL:0.4784957884031615
C_MOVECOUNT:0.5182308294741359
