ELO:1000
CE_PASSEDPAWNS:0.5174190027393417
CE_PAWNWEAKNESSES:0.48937347938230447
CE_PIECEACTIVITY:0.48335498352764894
CE_KINGPAWNSHIELD:0.4923437481111248
CE_PIECECOORDINATION:0.4855268832827659
CE_MATERIAL:0.4803272100151423
CE_KINGSAFETY:0.4523807735858054
C_PIECESQUARETABLES:0.5196905850641798
C_MOBILITY:0.4470112938160983
C_KINGSAFETY:0.5532200225588599
C_PAWNSTRUCTURE:0.4622591634531943
C_PIECECOORDINATION:0.4501613314025351
C_ROOKANDPAWNMOVEMENT:0.4501613314025351
C_CENTERCONTROL:0.48658152162725643
C_DEVELOPPIECES:0.5404989598333273
C_MATERIAL:0.5572693438404319
