ELO:933
CE_PASSEDPAWNS:0.524571312915992
CE_PAWNWEAKNESSES:0.4966918789396989
CE_PIECEACTIVITY:0.47963491541730613
CE_KINGPAWNSHIELD:0.47562600623871587
CE_PIECECOORDINATION:0.45038652923542905
CE_MATERIAL:0.4803084889892684
CE_KINGSAFETY:0.45528527113123585
C_PIECESQUARETABLES:0.548777606219128
C_MOBILITY:0.4834699105359883
C_KINGSAFETY:0.47480235300115264
C_PAWNSTRUCTURE:0.49338690447224176
C_PIECECOORDINATION:0.5001600655528123
C_ROOK:0.4949122583720039
CE_ROOK:0.46285848396467805
C_CENTERCONTROL:0.5037072053530508
C_DEVELOPPIECES:0.4984843180417627
C_MATERIAL:0.5091337500518643
C_MOVECOUNT:0.47886999712411543
C_PAWNMOVEMENT:0.5083440282310867
