ELO:893
CE_PASSEDPAWNS:0.503943098716655
CE_PAWNWEAKNESSES:0.5545699544645181
CE_PIECEACTIVITY:0.45244382160110735
CE_KINGPAWNSHIELD:0.5343266811780715
CE_PIECECOORDINATION:0.3522469115633672
CE_MATERIAL:0.5191011631041869
CE_KINGSAFETY:0.49969355493521184
C_PIECESQUARETABLES:0.4958913628509336
C_MOBILITY:0.5506686394638449
C_KINGSAFETY:0.6694136766038183
C_PAWNSTRUCTURE:0.4429307303863884
C_PIECECOORDINATION:0.3965453940008484
C_ROOKANDPAWNMOVEMENT:0.3965453940008484
C_CENTERCONTROL:0.4460113688514418
C_DEVELOPPIECES:0.6118563566456101
C_MATERIAL:0.5499126038575668
