ELO:967
CE_PASSEDPAWNS:0.4522934826610864
CE_PAWNWEAKNESSES:0.5057857024917479
CE_PIECEACTIVITY:0.5050856114807415
CE_KINGPAWNSHIELD:0.5354182598601347
CE_PIECECOORDINATION:0.4977710575614237
CE_MATERIAL:0.5234843884097562
CE_KINGSAFETY:0.5
C_PIECESQUARETABLES:0.5
C_MOBILITY:0.5001073997266288
C_KINGSAFETY:0.5149956795119703
C_PAWNSTRUCTURE:0.497715644419092
C_PIECECOORDINATION:0.5212354776553324
C_ROOK:0.4790758374540284
CE_ROOK:0.4862367209693651
C_CENTERCONTROL:0.5076408515594745
C_DEVELOPPIECES:0.49954325204387456
C_MATERIAL:0.47338087784164445
C_MOVECOUNT:0.5008972420924181
C_PAWNMOVEMENT:0.42568190636052705
