ELO:914
CE_PASSEDPAWNS:0.46709328959224256
CE_PAWNWEAKNESSES:0.5002699620421487
CE_PIECEACTIVITY:0.43382527140644556
CE_KINGPAWNSHIELD:0.5186898952896123
CE_PIECECOORDINATION:0.5962220435497229
CE_MATERIAL:0.4815566015721895
CE_KINGSAFETY:0.4854142975698135
C_PIECESQUARETABLES:0.552562665432811
C_MOBILITY:0.45801451097400125
C_KINGSAFETY:0.5913035877491736
C_PAWNSTRUCTURE:0.4736943045577908
C_PIECECOORDINATION:0.5477151664908994
C_ROOKANDPAWNMOVEMENT:0.5477151664908994
C_CENTERCONTROL:0.6011884785547517
C_DEVELOPPIECES:0.5481724869226563
C_MATERIAL:0.46372985840911757
