ELO:1000
CE_PASSEDPAWNS:0.5176468081540374
CE_PAWNWEAKNESSES:0.4874014809877538
CE_PIECEACTIVITY:0.488596345511156
CE_KINGPAWNSHIELD:0.4826234633841991
CE_PIECECOORDINATION:0.46967760463018093
CE_MATERIAL:0.4977955221659166
CE_KINGSAFETY:0.48755426928199874
C_PIECESQUARETABLES:0.49819239463383247
C_MOBILITY:0.45617483657144176
C_KINGSAFETY:0.5514544336834203
C_PAWNSTRUCTURE:0.45055631132093066
C_PIECECOORDINATION:0.4531300181695885
C_ROOKANDPAWNMOVEMENT:0.4531300181695885
C_CENTERCONTROL:0.4941394034775581
C_DEVELOPPIECES:0.5325031473212507
C_MATERIAL:0.5585432499738037
