ELO:971
CE_PASSEDPAWNS:0.5070334752577317
CE_PAWNWEAKNESSES:0.5038660677126019
CE_PIECEACTIVITY:0.4789687024367182
CE_KINGPAWNSHIELD:0.49758676051173434
CE_PIECECOORDINATION:0.4955729129850331
CE_MATERIAL:0.5030975832950814
CE_KINGSAFETY:0.4909101228413492
C_PIECESQUARETABLES:0.5
C_MOBILITY:0.527592305200529
C_KINGSAFETY:0.5164122972132851
C_PAWNSTRUCTURE:0.5055721133978142
C_PIECECOORDINATION:0.48074316258170774
C_ROOKANDPAWNMOVEMENT:0.48074316258170774
C_CENTERCONTROL:0.4776131175132018
C_DEVELOPPIECES:0.4940363520031206
C_MATERIAL:0.5401349575663793
C_MOVECOUNT:0.5
