ELO:897
CE_PASSEDPAWNS:0.479720057911232
CE_PAWNWEAKNESSES:0.555236175008957
CE_PIECEACTIVITY:0.5437438527408331
CE_KINGPAWNSHIELD:0.5325808763417635
CE_PIECECOORDINATION:0.38220675115918784
CE_MATERIAL:0.46309108202988347
CE_KINGSAFETY:0.5
C_PIECESQUARETABLES:0.4869441819658504
C_MOBILITY:0.5093736167095622
C_KINGSAFETY:0.6402150181386839
C_PAWNSTRUCTURE:0.37411940171158037
C_PIECECOORDINATION:0.3658983285602479
C_ROOKANDPAWNMOVEMENT:0.3658983285602479
C_CENTERCONTROL:0.5349880571150482
C_DEVELOPPIECES:0.5642334789042189
C_MATERIAL:0.5280056856868525
