ELO:923
CE_PASSEDPAWNS:0.46261497662914813
CE_PAWNWEAKNESSES:0.5665005376840627
CE_PIECEACTIVITY:0.549573669319826
CE_KINGPAWNSHIELD:0.5258680666246337
CE_PIECECOORDINATION:0.3845408830490384
CE_MATERIAL:0.5153590722543653
CE_KINGSAFETY:0.5428724527492983
C_PIECESQUARETABLES:0.4928095878972199
C_MOBILITY:0.49602776803358933
C_KINGSAFETY:0.642347470027371
C_PAWNSTRUCTURE:0.374016384031384
C_PIECECOORDINATION:0.38663978370628316
C_ROOKANDPAWNMOVEMENT:0.38663978370628316
C_CENTERCONTROL:0.5369831744796265
C_DEVELOPPIECES:0.6038848210195756
C_MATERIAL:0.5609989931012386
