ELO:911
CE_PASSEDPAWNS:0.4583434593816274
CE_PAWNWEAKNESSES:0.48496226872093096
CE_PIECEACTIVITY:0.4905174955513933
CE_KINGPAWNSHIELD:0.5390494632954611
CE_PIECECOORDINATION:0.48087867928811445
CE_MATERIAL:0.5255163002835865
CE_KINGSAFETY:0.5
C_PIECESQUARETABLES:0.5
C_MOBILITY:0.5
C_KINGSAFETY:0.5034241915608586
C_PAWNSTRUCTURE:0.5189112772507153
C_PIECECOORDINATION:0.5111157488292087
C_ROOKANDPAWNMOVEMENT:0.5111157488292087
C_CENTERCONTROL:0.4959833776499245
C_DEVELOPPIECES:0.5096845086094397
C_MATERIAL:0.4555523946220762
C_MOVECOUNT:0.5
