ELO:1000
CE_PASSEDPAWNS:0.5182700664500502
CE_PAWNWEAKNESSES:0.4814367539689926
CE_PIECEACTIVITY:0.4967150957243304
CE_KINGPAWNSHIELD:0.49484448166175143
CE_PIECECOORDINATION:0.5155636730012351
CE_MATERIAL:0.492446465207728
CE_KINGSAFETY:0.5105981658258153
C_PIECESQUARETABLES:0.49856417748219206
C_MOBILITY:0.5136942983922487
C_KINGSAFETY:0.5079035259098771
C_PAWNSTRUCTURE:0.5023358749707263
C_PIECECOORDINATION:0.5001022759496051
C_ROOKANDPAWNMOVEMENT:0.5001022759496051
C_CENTERCONTROL:0.504096738628856
C_DEVELOPPIECES:0.5103815748724857
C_MATERIAL:0.5045341797547294
