ELO:997
CE_PASSEDPAWNS:0.5
CE_PAWNWEAKNESSES:0.505536974166313
CE_PIECEACTIVITY:0.5128904976545524
CE_KINGPAWNSHIELD:0.5103709232928331
CE_PIECECOORDINATION:0.4988083125448363
CE_MATERIAL:0.492317118196802
CE_KINGSAFETY:0.5087795504093033
C_PIECESQUARETABLES:0.5084806043166311
C_MOBILITY:0.5156740937477858
C_KINGSAFETY:0.49529391576810394
C_PAWNSTRUCTURE:0.5020841890250983
C_PIECECOORDINATION:0.4886148401513321
C_ROOKANDPAWNMOVEMENT:0.4886148401513321
C_CENTERCONTROL:0.4985451550915243
C_DEVELOPPIECES:0.4952333354366051
C_MATERIAL:0.511262421453844
