ELO:1000
CE_PASSEDPAWNS:0.5063352283952103
CE_PAWNWEAKNESSES:0.4834387019630708
CE_PIECEACTIVITY:0.5
CE_KINGPAWNSHIELD:0.499719166139603
CE_PIECECOORDINATION:0.4845857823814458
CE_MATERIAL:0.49619157231659133
CE_KINGSAFETY:0.5
C_PIECESQUARETABLES:0.5076611519532893
C_MOBILITY:0.5087706210047791
C_KINGSAFETY:0.5
C_PAWNSTRUCTURE:0.5
C_PIECECOORDINATION:0.4900826153773039
C_ROOK:0.5
CE_ROOK:0.5008068220392679
C_CENTERCONTROL:0.49612600326468564
C_DEVELOPPIECES:0.5077612025254448
C_MATERIAL:0.49468006673185416
C_MOVECOUNT:0.5
C_PAWNMOVEMENT:0.5022477051342965
