ELO:889
CE_PASSEDPAWNS:0.5418718652312902
CE_PAWNWEAKNESSES:0.5212721144897622
CE_PIECEACTIVITY:0.5808488510078688
CE_KINGPAWNSHIELD:0.5245647461117326
CE_PIECECOORDINATION:0.5326591095302353
CE_MATERIAL:0.5606753457414534
CE_KINGSAFETY:0.5
C_PIECESQUARETABLES:0.5
C_MOBILITY:0.3101299190571748
C_KINGSAFETY:0.5182217863223738
C_PAWNSTRUCTURE:0.42986209594519253
C_PIECECOORDINATION:0.5489704371831552
C_ROOKANDPAWNMOVEMENT:0.5489704371831552
C_CENTERCONTROL:0.43256727694819674
C_DEVELOPPIECES:0.4617047192714845
C_MATERIAL:0.49437377093656376
