ELO:733
CE_PASSEDPAWNS:0.5243816465577767
CE_PAWNWEAKNESSES:0.4922936595601766
CE_PIECEACTIVITY:0.4888234977706731
CE_KINGPAWNSHIELD:0.4718223036046951
CE_PIECECOORDINATION:0.41189348392377706
CE_MATERIAL:0.5703512957587691
CE_KINGSAFETY:0.47451227077069796
C_PIECESQUARETABLES:0.4928472829680213
C_MOBILITY:0.6245395776303453
C_KINGSAFETY:0.42761999777493237
C_PAWNSTRUCTURE:0.47847739393933686
C_PIECECOORDINATION:0.4969366085708672
C_ROOKANDPAWNMOVEMENT:0.4969366085708672
C_CENTERCONTROL:0.5034085634196198
C_DEVELOPPIECES:0.4732065577479339
C_MATERIAL:0.618240481123762
C_MOVECOUNT:0.5
