ELO:1022
CE_PASSEDPAWNS:0.5
CE_PAWNWEAKNESSES:0.5138801975042889
CE_PIECEACTIVITY:0.4942451485575602
CE_KINGPAWNSHIELD:0.4998230015745976
CE_PIECECOORDINATION:0.5121648901616336
CE_MATERIAL:0.47838775739363004
CE_KINGSAFETY:0.5
C_PIECESQUARETABLES:0.5
C_MOBILITY:0.49360350029321537
C_KINGSAFETY:0.5
C_PAWNSTRUCTURE:0.5010795333419974
C_PIECECOORDINATION:0.5022691304614819
C_ROOKANDPAWNMOVEMENT:0.5022691304614819
C_CENTERCONTROL:0.5
C_DEVELOPPIECES:0.4934246849609031
C_MATERIAL:0.5
C_MOVECOUNT:0.5
