ELO:969
CE_PASSEDPAWNS:0.5203684377140223
CE_PAWNWEAKNESSES:0.5095250754014258
CE_PIECEACTIVITY:0.4895795495855904
CE_KINGPAWNSHIELD:0.49424727641872507
CE_PIECECOORDINATION:0.49746345150206744
CE_MATERIAL:0.5009653083972941
CE_KINGSAFETY:0.49898958197492105
C_PIECESQUARETABLES:0.487405350313342
C_MOBILITY:0.49612493549656983
C_KINGSAFETY:0.5267800829072413
C_PAWNSTRUCTURE:0.49348125812656896
C_PIECECOORDINATION:0.48506781552971034
C_ROOKANDPAWNMOVEMENT:0.48506781552971034
C_CENTERCONTROL:0.5122188514296176
C_DEVELOPPIECES:0.4814066075502257
C_MATERIAL:0.47995622500985957
C_MOVECOUNT:0.5082141049436258
