ELO:945
CE_PASSEDPAWNS:0.4960858698728128
CE_PAWNWEAKNESSES:0.5038375525108482
CE_PIECEACTIVITY:0.45577675341593765
CE_KINGPAWNSHIELD:0.5446467427032939
CE_PIECECOORDINATION:0.5866593124142188
CE_MATERIAL:0.4671121821271772
CE_KINGSAFETY:0.5304265834495219
C_PIECESQUARETABLES:0.45549832353147846
C_MOBILITY:0.4880386549239306
C_KINGSAFETY:0.5473752042993691
C_PAWNSTRUCTURE:0.48863335096764327
C_PIECECOORDINATION:0.5098840480693974
C_ROOKANDPAWNMOVEMENT:0.5098840480693974
C_CENTERCONTROL:0.6013824080627805
C_DEVELOPPIECES:0.5631652726612606
C_MATERIAL:0.4462424879589395
