ELO:873
CE_PASSEDPAWNS:0.47676377809356846
CE_PAWNWEAKNESSES:0.46420351109271274
CE_PIECEACTIVITY:0.44067161271094385
CE_KINGPAWNSHIELD:0.5369254276123846
CE_PIECECOORDINATION:0.47445579324092196
CE_MATERIAL:0.5413965534718074
CE_KINGSAFETY:0.5
C_PIECESQUARETABLES:0.5
C_MOBILITY:0.4831512200394093
C_KINGSAFETY:0.5045425918132075
C_PAWNSTRUCTURE:0.5059867781920269
C_PIECECOORDINATION:0.46927668669946443
C_ROOK:0.5607442333513817
CE_ROOK:0.4617728426556005
C_CENTERCONTROL:0.45245815376978415
C_DEVELOPPIECES:0.46836659596305213
C_MATERIAL:0.467943901741629
C_MOVECOUNT:0.5143377371377775
C_PAWNMOVEMENT:0.4531146449239286
