ELO:1059
CE_PASSEDPAWNS:0.6155270435354957
CE_PAWNWEAKNESSES:0.5050914500618223
CE_PIECEACTIVITY:0.47336817443954404
CE_KINGPAWNSHIELD:0.5041215398454092
CE_PIECECOORDINATION:0.4852039824053692
CE_MATERIAL:0.4566823161481538
CE_KINGSAFETY:0.5070977671328211
C_PIECESQUARETABLES:0.5065142284199918
C_MOBILITY:0.4399339872259757
C_KINGSAFETY:0.49041620847159095
C_PAWNSTRUCTURE:0.43209199205040155
C_PIECECOORDINATION:0.48110581465105556
C_ROOKANDPAWNMOVEMENT:0.48110581465105556
C_CENTERCONTROL:0.5224698865149466
C_DEVELOPPIECES:0.5714846929922295
C_MATERIAL:0.43068709429847324
