ELO:992
CE_PASSEDPAWNS:0.5044914137083398
CE_PAWNWEAKNESSES:0.46869788697871584
CE_PIECEACTIVITY:0.4603046056015798
CE_KINGPAWNSHIELD:0.5252187107638242
CE_PIECECOORDINATION:0.48154258148089935
CE_MATERIAL:0.5037251411226239
CE_KINGSAFETY:0.5020294787796287
C_PIECESQUARETABLES:0.5199025949948042
C_MOBILITY:0.5087706210047791
C_KINGSAFETY:0.5010934329202107
C_PAWNSTRUCTURE:0.5100766740508457
C_PIECECOORDINATION:0.4920597415656692
C_ROOK:0.5152422260334626
CE_ROOK:0.494241913945277
C_CENTERCONTROL:0.49471646585604345
C_DEVELOPPIECES:0.5129273119752458
C_MATERIAL:0.4951067401787454
C_MOVECOUNT:0.501488753865583
C_PAWNMOVEMENT:0.49085671275076104
