ELO:978
CE_PASSEDPAWNS:0.5025407186037413
CE_PAWNWEAKNESSES:0.4859573965769575
CE_PIECEACTIVITY:0.532796670139892
CE_KINGPAWNSHIELD:0.48682882540094274
CE_PIECECOORDINATION:0.48844160822418126
CE_MATERIAL:0.5081370649925719
CE_KINGSAFETY:0.5132965968084118
C_PIECESQUARETABLES:0.49430412115699635
C_MOBILITY:0.4906582430962664
C_KINGSAFETY:0.5332125257044812
C_PAWNSTRUCTURE:0.38692640866590605
C_PIECECOORDINATION:0.46011143753039707
C_ROOKANDPAWNMOVEMENT:0.46011143753039707
C_CENTERCONTROL:0.5420353109089824
C_DEVELOPPIECES:0.5370345537205535
C_MATERIAL:0.5376504698750776
