ELO:971
CE_PASSEDPAWNS:0.436094371191631
CE_PAWNWEAKNESSES:0.48473195081835535
CE_PIECEACTIVITY:0.519617874570336
CE_KINGPAWNSHIELD:0.5508012461400825
CE_PIECECOORDINATION:0.4432823576170208
CE_MATERIAL:0.530845436766933
CE_KINGSAFETY:0.5239450984210614
C_PIECESQUARETABLES:0.5038924551979264
C_MOBILITY:0.5009450653227143
C_KINGSAFETY:0.5408250242219825
C_PAWNSTRUCTURE:0.38815694488844754
C_PIECECOORDINATION:0.43607162397118326
C_ROOKANDPAWNMOVEMENT:0.43607162397118326
C_CENTERCONTROL:0.5578647544968203
C_DEVELOPPIECES:0.5645730730072053
C_MATERIAL:0.5672110136362589
