ELO:996
CE_PASSEDPAWNS:0.4987703661531124
CE_PAWNWEAKNESSES:0.47894151353183867
CE_PIECEACTIVITY:0.4687656648806531
CE_KINGPAWNSHIELD:0.5218460542999894
CE_PIECECOORDINATION:0.47522061137306926
CE_MATERIAL:0.4988100920331914
CE_KINGSAFETY:0.5020294787796287
C_PIECESQUARETABLES:0.5097776631567877
C_MOBILITY:0.5087706210047791
C_KINGSAFETY:0.5133634366826559
C_PAWNSTRUCTURE:0.5100766740508457
C_PIECECOORDINATION:0.4940893849653363
C_ROOK:0.5034628460920619
CE_ROOK:0.4964196665187053
C_CENTERCONTROL:0.4928606002699968
C_DEVELOPPIECES:0.5077612025254448
C_MATERIAL:0.4986906383497781
C_MOVECOUNT:0.4936485977605071
C_PAWNMOVEMENT:0.49085671275076104
