ELO:1000
CE_PASSEDPAWNS:0.49062800579545307
CE_PAWNWEAKNESSES:0.4849195539524862
CE_PIECEACTIVITY:0.4999647499318385
CE_KINGPAWNSHIELD:0.5235995077409984
CE_PIECECOORDINATION:0.5530871346422435
CE_MATERIAL:0.4667564840528608
CE_KINGSAFETY:0.5073565379950475
C_PIECESQUARETABLES:0.49042091452622855
C_MOBILITY:0.49562589181594696
C_KINGSAFETY:0.5230144659735746
C_PAWNSTRUCTURE:0.5094844266550164
C_PIECECOORDINATION:0.4966339688491261
C_ROOKANDPAWNMOVEMENT:0.4966339688491261
C_CENTERCONTROL:0.5220544186755773
C_DEVELOPPIECES:0.5314744762365428
C_MATERIAL:0.48853077190725414
