ELO:1000
CE_PASSEDPAWNS:0.495869152151553
CE_PAWNWEAKNESSES:0.4736081391432225
CE_PIECEACTIVITY:0.5043505302862452
CE_KINGPAWNSHIELD:0.5158759206241836
CE_PIECECOORDINATION:0.5510707888961127
CE_MATERIAL:0.4667564840528608
CE_KINGSAFETY:0.5158839870959605
C_PIECESQUARETABLES:0.49042091452622855
C_MOBILITY:0.5000713749317002
C_KINGSAFETY:0.5230144659735746
C_PAWNSTRUCTURE:0.5041792283575561
C_PIECECOORDINATION:0.49157415514245417
C_ROOKANDPAWNMOVEMENT:0.49157415514245417
C_CENTERCONTROL:0.5141359934765184
C_DEVELOPPIECES:0.5330554791112658
C_MATERIAL:0.47952690785065544
