ELO:913
CE_PASSEDPAWNS:0.5133316628384247
CE_PAWNWEAKNESSES:0.5114469055781197
CE_PIECEACTIVITY:0.49962695632336723
CE_KINGPAWNSHIELD:0.4880121316108593
CE_PIECECOORDINATION:0.5067791949006443
CE_MATERIAL:0.5258890970204678
CE_KINGSAFETY:0.4936603787875643
C_PIECESQUARETABLES:0.5114716264359728
C_MOBILITY:0.504331403962917
C_KINGSAFETY:0.5209491881717474
C_PAWNSTRUCTURE:0.5043412133313322
C_PIECECOORDINATION:0.45488037097447315
C_ROOKANDPAWNMOVEMENT:0.45488037097447315
C_CENTERCONTROL:0.5294981052482193
C_DEVELOPPIECES:0.5026867721500051
C_MATERIAL:0.537829733574447
C_MOVECOUNT:0.5
