ELO:1058
CE_PASSEDPAWNS:0.6391334339563685
CE_PAWNWEAKNESSES:0.4812169402876491
CE_PIECEACTIVITY:0.46576797405508474
CE_KINGPAWNSHIELD:0.5123894834106488
CE_PIECECOORDINATION:0.5014921844352476
CE_MATERIAL:0.4632980266788529
CE_KINGSAFETY:0.5078015149521837
C_PIECESQUARETABLES:0.49362416380414526
C_MOBILITY:0.4456806571278265
C_KINGSAFETY:0.5074415769903768
C_PAWNSTRUCTURE:0.44805461167893423
C_PIECECOORDINATION:0.4751157912777119
C_ROOKANDPAWNMOVEMENT:0.4751157912777119
C_CENTERCONTROL:0.504194689986768
C_DEVELOPPIECES:0.569638679883366
C_MATERIAL:0.4232206392676853
