ELO:660
CE_PASSEDPAWNS:0.5091389243958565
CE_PAWNWEAKNESSES:0.4568528694449862
CE_PIECEACTIVITY:0.6295396305562073
CE_KINGPAWNSHIELD:0.5120256981286825
CE_PIECECOORDINATION:0.4359869529782165
CE_MATERIAL:0.4625256578549884
CE_KINGSAFETY:0.5001863218856842
C_PIECESQUARETABLES:0.5482148860842706
C_MOBILITY:0.6985007343146976
C_KINGSAFETY:0.4585062992807001
C_PAWNSTRUCTURE:0.4583576964762949
C_PIECECOORDINATION:0.5411333238886916
C_ROOKANDPAWNMOVEMENT:0.5411333238886916
C_CENTERCONTROL:0.5146214160222288
C_DEVELOPPIECES:0.5310393422559376
C_MATERIAL:0.5502346247907944
C_MOVECOUNT:0.502676217119047
