ELO:1047
CE_PASSEDPAWNS:0.4837053003267551
CE_PAWNWEAKNESSES:0.49441264483531816
CE_PIECEACTIVITY:0.5344956890392278
CE_KINGPAWNSHIELD:0.46215872839697675
CE_PIECECOORDINATION:0.491115818936762
CE_MATERIAL:0.5113046221875883
CE_KINGSAFETY:0.5
C_PIECESQUARETABLES:0.5
C_MOBILITY:0.48025995148666667
C_KINGSAFETY:0.5
C_PAWNSTRUCTURE:0.5305901744985936
C_PIECECOORDINATION:0.5079180652024708
C_ROOK:0.5111620048063572
CE_ROOK:0.510341443228123
C_CENTERCONTROL:0.5047456699532995
C_DEVELOPPIECES:0.5
C_MATERIAL:0.48826105598907077
C_MOVECOUNT:0.5
C_PAWNMOVEMENT:0.5063271016625166
