ELO:957
CE_PASSEDPAWNS:0.44792961230608963
CE_PAWNWEAKNESSES:0.6092491621814189
CE_PIECEACTIVITY:0.4352236524526911
CE_KINGPAWNSHIELD:0.5536787785920531
CE_PIECECOORDINATION:0.5301861676106945
CE_MATERIAL:0.5784728703566291
CE_KINGSAFETY:0.5049353792488604
C_PIECESQUARETABLES:0.5124745888029848
C_MOBILITY:0.43436347183104795
C_KINGSAFETY:0.4566997121178608
C_PAWNSTRUCTURE:0.494785861462009
C_PIECECOORDINATION:0.5796313166651113
C_ROOKANDPAWNMOVEMENT:0.5796313166651113
C_CENTERCONTROL:0.48642671219487527
C_DEVELOPPIECES:0.4386960566725044
C_MATERIAL:0.6708187329787222
