ELO:1033
CE_PASSEDPAWNS:0.5009094585465971
CE_PAWNWEAKNESSES:0.49655487321395836
CE_PIECEACTIVITY:0.4879284426379687
CE_KINGPAWNSHIELD:0.4919166851043059
CE_PIECECOORDINATION:0.511440232155312
CE_MATERIAL:0.4943305498388842
CE_KINGSAFETY:0.500260845596641
C_PIECESQUARETABLES:0.5099796921448294
C_MOBILITY:0.525754601584349
C_KINGSAFETY:0.49611494117793764
C_PAWNSTRUCTURE:0.4751022633368903
C_PIECECOORDINATION:0.5218087821540097
C_ROOK:0.49194270083061564
CE_ROOK:0.5033036089881361
C_CENTERCONTROL:0.5109826750191738
C_DEVELOPPIECES:0.4963485996426581
C_MATERIAL:0.5075952282283505
C_MOVECOUNT:0.48163558042647137
C_PAWNMOVEMENT:0.4590675100239037
