ELO:908
CE_PASSEDPAWNS:0.4394017403044088
CE_PAWNWEAKNESSES:0.5369917114055547
CE_PIECEACTIVITY:0.47051277330860436
CE_KINGPAWNSHIELD:0.46612363501564474
CE_PIECECOORDINATION:0.4564280443006624
CE_MATERIAL:0.5287458434521666
CE_KINGSAFETY:0.4950565725042414
C_PIECESQUARETABLES:0.5185423744074443
C_MOBILITY:0.4808715951939721
C_KINGSAFETY:0.37233698236613166
C_PAWNSTRUCTURE:0.46938792850910516
C_PIECECOORDINATION:0.5870861701460272
C_ROOKANDPAWNMOVEMENT:0.5870861701460272
C_CENTERCONTROL:0.49936860113949944
C_DEVELOPPIECES:0.5568268300697226
C_MATERIAL:0.5038116738083608
