ELO:940
CE_PASSEDPAWNS:0.5479363703143887
CE_PAWNWEAKNESSES:0.48510600985740415
CE_PIECEACTIVITY:0.5375654804437517
CE_KINGPAWNSHIELD:0.4493828358828317
CE_PIECECOORDINATION:0.49633420372747716
CE_MATERIAL:0.5678110972228754
CE_KINGSAFETY:0.46947333870160657
C_PIECESQUARETABLES:0.4660352236805111
C_MOBILITY:0.34637669628008744
C_KINGSAFETY:0.49376965860990174
C_PAWNSTRUCTURE:0.5277981329852552
C_PIECECOORDINATION:0.4465845901957166
C_ROOKANDPAWNMOVEMENT:0.4465845901957166
C_CENTERCONTROL:0.47131317829867175
C_DEVELOPPIECES:0.43288086282228666
C_MATERIAL:0.6181976462449786
