ELO:925
CE_PASSEDPAWNS:0.5169142920777938
CE_PAWNWEAKNESSES:0.4990998551388115
CE_PIECEACTIVITY:0.5135410517749178
CE_KINGPAWNSHIELD:0.4770455902250874
CE_PIECECOORDINATION:0.49794558364586156
CE_MATERIAL:0.508774225334455
CE_KINGSAFETY:0.5275804502256433
C_PIECESQUARETABLES:0.5120408298489283
C_MOBILITY:0.5183570135923812
C_KINGSAFETY:0.5059691093784489
C_PAWNSTRUCTURE:0.518447260191118
C_PIECECOORDINATION:0.475407726225075
C_ROOKANDPAWNMOVEMENT:0.475407726225075
C_CENTERCONTROL:0.48936592971863613
C_DEVELOPPIECES:0.4624440514717238
C_MATERIAL:0.5060641155938623
C_MOVECOUNT:0.5045497333628951
