ELO:986
CE_PASSEDPAWNS:0.48779824767406077
CE_PAWNWEAKNESSES:0.5132501251098949
CE_PIECEACTIVITY:0.5
CE_KINGPAWNSHIELD:0.5085737028167076
CE_PIECECOORDINATION:0.5164392911915028
CE_MATERIAL:0.4853296746498531
CE_KINGSAFETY:0.5
C_PIECESQUARETABLES:0.5
C_MOBILITY:0.5
C_KINGSAFETY:0.5082743224131206
C_PAWNSTRUCTURE:0.49781175755345775
C_PIECECOORDINATION:0.5074109789370523
C_ROOKANDPAWNMOVEMENT:0.5074109789370523
C_CENTERCONTROL:0.497894932759365
C_DEVELOPPIECES:0.5286129142369291
C_MATERIAL:0.5009489901793601
C_MOVECOUNT:0.48770418797233633
