ELO:946
CE_PASSEDPAWNS:0.5371589320442817
CE_PAWNWEAKNESSES:0.47263055338726945
CE_PIECEACTIVITY:0.5420565262594562
CE_KINGPAWNSHIELD:0.4759025078256022
CE_PIECECOORDINATION:0.494659730436252
CE_MATERIAL:0.5457981876723775
CE_KINGSAFETY:0.4942104733912389
C_PIECESQUARETABLES:0.486529782469206
C_MOBILITY:0.3920953399481532
C_KINGSAFETY:0.530241807202047
C_PAWNSTRUCTURE:0.536434941514002
C_PIECECOORDINATION:0.4891383967694428
C_ROOKANDPAWNMOVEMENT:0.4891383967694428
C_CENTERCONTROL:0.4800270156627782
C_DEVELOPPIECES:0.4799633257764396
C_MATERIAL:0.5926480087444859
