ELO:1000
CE_PASSEDPAWNS:0.501923879706986
CE_PAWNWEAKNESSES:0.5027017063286423
CE_PIECEACTIVITY:0.5210727504367936
CE_KINGPAWNSHIELD:0.5001390704732543
CE_PIECECOORDINATION:0.511565185392466
CE_MATERIAL:0.4897409821703824
CE_KINGSAFETY:0.5
C_PIECESQUARETABLES:0.5008172754698995
C_MOBILITY:0.5053779644138957
C_KINGSAFETY:0.49623921796849
C_PAWNSTRUCTURE:0.49846121590450543
C_PIECECOORDINATION:0.5
C_ROOK:0.5
CE_ROOK:0.502928885846541
C_CENTERCONTROL:0.5186480613764853
C_DEVELOPPIECES:0.5
C_MATERIAL:0.4965096561921135
C_MOVECOUNT:0.5103688513034894
C_PAWNMOVEMENT:0.5081175327834173
