ELO:614
CE_PASSEDPAWNS:0.45497335914411036
CE_PAWNWEAKNESSES:0.5025059741804024
CE_PIECEACTIVITY:0.605692200578723
CE_KINGPAWNSHIELD:0.6048307084263403
CE_PIECECOORDINATION:0.4320663584742016
CE_MATERIAL:0.6437177345166881
CE_KINGSAFETY:0.4902877862345541
C_PIECESQUARETABLES:0.5072250598567841
C_MOBILITY:0.5620826752335641
C_KINGSAFETY:0.5021177843591296
C_PAWNSTRUCTURE:0.5424403024551697
C_PIECECOORDINATION:0.5528675436953333
C_ROOKANDPAWNMOVEMENT:0.5528675436953333
C_CENTERCONTROL:0.45770959627981905
C_DEVELOPPIECES:0.5507551753209196
C_MATERIAL:0.37417647759609546
C_MOVECOUNT:0.5
