ELO:992
CE_PASSEDPAWNS:0.6558264511959934
CE_PAWNWEAKNESSES:0.5101703956886171
CE_PIECEACTIVITY:0.4961127741101748
CE_KINGPAWNSHIELD:0.4639359415158086
CE_PIECECOORDINATION:0.5332830977726315
CE_MATERIAL:0.49366527423187284
CE_KINGSAFETY:0.47343048456876213
C_PIECESQUARETABLES:0.5598010883642585
C_MOBILITY:0.5302199524678585
C_KINGSAFETY:0.34567819773634073
C_PAWNSTRUCTURE:0.44079317110367244
C_PIECECOORDINATION:0.5465902556985243
C_ROOKANDPAWNMOVEMENT:0.5465902556985243
C_CENTERCONTROL:0.5179008156393182
C_DEVELOPPIECES:0.5340717308966153
C_MATERIAL:0.462651803011321
