ELO:743
CE_PASSEDPAWNS:0.4574019659083501
CE_PAWNWEAKNESSES:0.5267749593574244
CE_PIECEACTIVITY:0.565671637317298
CE_KINGPAWNSHIELD:0.5735397620865609
CE_PIECECOORDINATION:0.4500175268235975
CE_MATERIAL:0.6232737938218242
CE_KINGSAFETY:0.5722641956108925
C_PIECESQUARETABLES:0.4748838982141049
C_MOBILITY:0.5807283606556758
C_KINGSAFETY:0.526724487594479
C_PAWNSTRUCTURE:0.5514451428321384
C_PIECECOORDINATION:0.5705213476684917
C_ROOKANDPAWNMOVEMENT:0.5705213476684917
C_CENTERCONTROL:0.4935453471652955
C_DEVELOPPIECES:0.5932165138245521
C_MATERIAL:0.40041954990262824
C_MOVECOUNT:0.5
