ELO:995
CE_PASSEDPAWNS:0.4815669521233752
CE_PAWNWEAKNESSES:0.4935000465309199
CE_PIECEACTIVITY:0.5091927178108101
CE_KINGPAWNSHIELD:0.5
CE_PIECECOORDINATION:0.5245382786070253
CE_MATERIAL:0.49964128437538524
CE_KINGSAFETY:0.5
C_PIECESQUARETABLES:0.5
C_MOBILITY:0.49776093516268866
C_KINGSAFETY:0.5082743224131206
C_PAWNSTRUCTURE:0.5
C_PIECECOORDINATION:0.4971308808941206
C_ROOKANDPAWNMOVEMENT:0.4971308808941206
C_CENTERCONTROL:0.497894932759365
C_DEVELOPPIECES:0.5058920641531947
C_MATERIAL:0.5130800179285091
C_MOVECOUNT:0.48770418797233633
