ELO:1047
CE_PASSEDPAWNS:0.46727693989758634
CE_PAWNWEAKNESSES:0.4934967799216349
CE_PIECEACTIVITY:0.5177337443179966
CE_KINGPAWNSHIELD:0.4894732843301471
CE_PIECECOORDINATION:0.5037283460926225
CE_MATERIAL:0.4935610704943572
CE_KINGSAFETY:0.5
C_PIECESQUARETABLES:0.5
C_MOBILITY:0.48025995148666667
C_KINGSAFETY:0.5
C_PAWNSTRUCTURE:0.4767873884047411
C_PIECECOORDINATION:0.5323051446557503
C_ROOK:0.5111620048063572
CE_ROOK:0.49552285313019595
C_CENTERCONTROL:0.5023022803291374
C_DEVELOPPIECES:0.5
C_MATERIAL:0.48826105598907077
C_MOVECOUNT:0.4752383491580709
C_PAWNMOVEMENT:0.5063271016625166
