ELO:991
CE_PASSEDPAWNS:0.531876462348276
CE_PAWNWEAKNESSES:0.5097894161612747
CE_PIECEACTIVITY:0.4912329766002797
CE_KINGPAWNSHIELD:0.5001813082749178
CE_PIECECOORDINATION:0.49501746268536606
CE_MATERIAL:0.5375327752211886
CE_KINGSAFETY:0.47128310716989413
C_PIECESQUARETABLES:0.4803570469492404
C_MOBILITY:0.501636208213105
C_KINGSAFETY:0.49095930158378737
C_PAWNSTRUCTURE:0.44273034895600094
C_PIECECOORDINATION:0.5016839987214278
C_ROOKANDPAWNMOVEMENT:0.5016839987214278
C_CENTERCONTROL:0.5056570995387032
C_DEVELOPPIECES:0.5136230015433398
C_MATERIAL:0.48789224304516116
