ELO:996
CE_PASSEDPAWNS:0.5049576047416146
CE_PAWNWEAKNESSES:0.5128889835512717
CE_PIECEACTIVITY:0.5574424688221766
CE_KINGPAWNSHIELD:0.5599465954910741
CE_PIECECOORDINATION:0.5138962178399454
CE_MATERIAL:0.5030403841932721
CE_KINGSAFETY:0.5
C_PIECESQUARETABLES:0.49133599034094816
C_MOBILITY:0.5054831841261707
C_KINGSAFETY:0.5555396845641076
C_PAWNSTRUCTURE:0.5006281247243053
C_PIECECOORDINATION:0.5411786555135528
C_ROOKANDPAWNMOVEMENT:0.5411786555135528
C_CENTERCONTROL:0.35858337551177144
C_DEVELOPPIECES:0.513449483097617
C_MATERIAL:0.6201906658387899
