ELO:697
CE_PASSEDPAWNS:0.43118332711908874
CE_PAWNWEAKNESSES:0.5081393307776012
CE_PIECEACTIVITY:0.5782040607775746
CE_KINGPAWNSHIELD:0.5865013458019704
CE_PIECECOORDINATION:0.4482225920786135
CE_MATERIAL:0.6576459002293552
CE_KINGSAFETY:0.5663275587513428
C_PIECESQUARETABLES:0.4651253847730707
C_MOBILITY:0.5621093196184246
C_KINGSAFETY:0.515805041032111
C_PAWNSTRUCTURE:0.5279602125127125
C_PIECECOORDINATION:0.5418801799901631
C_ROOKANDPAWNMOVEMENT:0.5418801799901631
C_CENTERCONTROL:0.47220282639065536
C_DEVELOPPIECES:0.5761228765378092
C_MATERIAL:0.40432689410953065
C_MOVECOUNT:0.5
