ELO:1003
CE_PASSEDPAWNS:0.5019372928608833
CE_PAWNWEAKNESSES:0.5025273451313632
CE_PIECEACTIVITY:0.504775584921255
CE_KINGPAWNSHIELD:0.4608060467372915
CE_PIECECOORDINATION:0.4837997594443591
CE_MATERIAL:0.47287217400156967
CE_KINGSAFETY:0.5
C_PIECESQUARETABLES:0.5
C_MOBILITY:0.482850571533767
C_KINGSAFETY:0.49756268040878865
C_PAWNSTRUCTURE:0.5143301910969305
C_PIECECOORDINATION:0.48797408012991145
C_ROOKANDPAWNMOVEMENT:0.48797408012991145
C_CENTERCONTROL:0.48552460516717494
C_DEVELOPPIECES:0.49405978060311545
C_MATERIAL:0.5005938528640914
C_MOVECOUNT:0.5057617912705765
