ELO:987
CE_PASSEDPAWNS:0.5041966243826811
CE_PAWNWEAKNESSES:0.5037912170102776
CE_PIECEACTIVITY:0.4968280235157524
CE_KINGPAWNSHIELD:0.4872619314715614
CE_PIECECOORDINATION:0.47496782727689635
CE_MATERIAL:0.49803660324190363
CE_KINGSAFETY:0.5137636486233315
C_PIECESQUARETABLES:0.508642040188004
C_MOBILITY:0.48556423448229274
C_KINGSAFETY:0.5018866401345827
C_PAWNSTRUCTURE:0.48439369906693414
C_PIECECOORDINATION:0.5010603960865584
C_ROOKANDPAWNMOVEMENT:0.5010603960865584
C_CENTERCONTROL:0.48559790565694233
C_DEVELOPPIECES:0.4937572372708294
C_MATERIAL:0.48805841751680534
