ELO:920
CE_PASSEDPAWNS:0.5350524335142346
CE_PAWNWEAKNESSES:0.4887372265584296
CE_PIECEACTIVITY:0.49189246198832615
CE_KINGPAWNSHIELD:0.4918535103033026
CE_PIECECOORDINATION:0.5105281593271618
CE_MATERIAL:0.5142456105100996
CE_KINGSAFETY:0.5426436204392304
C_PIECESQUARETABLES:0.4992269409178983
C_MOBILITY:0.5180393812645804
C_KINGSAFETY:0.49795751398572113
C_PAWNSTRUCTURE:0.5150469892026163
C_PIECECOORDINATION:0.475407726225075
C_ROOKANDPAWNMOVEMENT:0.475407726225075
C_CENTERCONTROL:0.5171837909628543
C_DEVELOPPIECES:0.4378575929848195
C_MATERIAL:0.5019772489569282
C_MOVECOUNT:0.5137812276688515
