ELO:1024
CE_PASSEDPAWNS:0.5
CE_PAWNWEAKNESSES:0.5420560687623416
CE_PIECEACTIVITY:0.47225465398940075
CE_KINGPAWNSHIELD:0.5436866878806508
CE_PIECECOORDINATION:0.5063329275755295
CE_MATERIAL:0.5008774399901775
CE_KINGSAFETY:0.5
C_PIECESQUARETABLES:0.5
C_MOBILITY:0.5031260481860187
C_KINGSAFETY:0.48019409837470334
C_PAWNSTRUCTURE:0.46811384832829306
C_PIECECOORDINATION:0.5291701892332789
C_ROOK:0.4822609402452527
CE_ROOK:0.485503642279331
C_CENTERCONTROL:0.49982403789115903
C_DEVELOPPIECES:0.4591595714306961
C_MATERIAL:0.5014887861664326
C_MOVECOUNT:0.47802042898757824
C_PAWNMOVEMENT:0.4784800926892652
