ELO:910
CE_PASSEDPAWNS:0.4292805553200283
CE_PAWNWEAKNESSES:0.5299130559450089
CE_PIECEACTIVITY:0.4828820279663541
CE_KINGPAWNSHIELD:0.5203659266571202
CE_PIECECOORDINATION:0.5178998236817436
CE_MATERIAL:0.6398333892642027
CE_KINGSAFETY:0.4922523464582504
C_PIECESQUARETABLES:0.5513256687594953
C_MOBILITY:0.5444863830357868
C_KINGSAFETY:0.4720929173967477
C_PAWNSTRUCTURE:0.5215414249467617
C_PIECECOORDINATION:0.4671064764515586
C_ROOKANDPAWNMOVEMENT:0.4671064764515586
C_CENTERCONTROL:0.5120025275177387
C_DEVELOPPIECES:0.40527479494531177
C_MATERIAL:0.4576077238665545
C_MOVECOUNT:0.45820519567432655
