ELO:1077
CE_PASSEDPAWNS:0.6139778621505739
CE_PAWNWEAKNESSES:0.4703567032628328
CE_PIECEACTIVITY:0.5104004615541501
CE_KINGPAWNSHIELD:0.495135201477354
CE_PIECECOORDINATION:0.5014230268089217
CE_MATERIAL:0.434627498965822
CE_KINGSAFETY:0.49259836171759314
C_PIECESQUARETABLES:0.4887379418684665
C_MOBILITY:0.40373238107455056
C_KINGSAFETY:0.4757075848016734
C_PAWNSTRUCTURE:0.3973931674991267
C_PIECECOORDINATION:0.490671346012572
C_ROOKANDPAWNMOVEMENT:0.490671346012572
C_CENTERCONTROL:0.5483008753282728
C_DEVELOPPIECES:0.5754893556147519
C_MATERIAL:0.39564009646142106
