ELO:999
CE_PASSEDPAWNS:0.5036309850699204
CE_PAWNWEAKNESSES:0.5089275277615416
CE_PIECEACTIVITY:0.5
CE_KINGPAWNSHIELD:0.5
CE_PIECECOORDINATION:0.5
CE_MATERIAL:0.5
CE_KINGSAFETY:0.5
C_PIECESQUARETABLES:0.4914433377854511
C_MOBILITY:0.5
C_KINGSAFETY:0.4906289588158341
C_PAWNSTRUCTURE:0.5081203473645133
C_PIECECOORDINATION:0.4944786541956041
C_ROOKANDPAWNMOVEMENT:0.4944786541956041
C_CENTERCONTROL:0.5044829661748796
C_DEVELOPPIECES:0.49904541540598396
C_MATERIAL:0.5023301139482201
C_MOVECOUNT:0.5
