ELO:713
CE_PASSEDPAWNS:0.43556901783771923
CE_PAWNWEAKNESSES:0.5613952568695267
CE_PIECEACTIVITY:0.582069181468475
CE_KINGPAWNSHIELD:0.5880502505967161
CE_PIECECOORDINATION:0.3669528666257617
CE_MATERIAL:0.6090478925921291
CE_KINGSAFETY:0.4661878844049596
C_PIECESQUARETABLES:0.49597109522803157
C_MOBILITY:0.5792378790090058
C_KINGSAFETY:0.43978518313644593
C_PAWNSTRUCTURE:0.5834195242048689
C_PIECECOORDINATION:0.4877804757088562
C_ROOKANDPAWNMOVEMENT:0.4877804757088562
C_CENTERCONTROL:0.5070209123276703
C_DEVELOPPIECES:0.5769732952322553
C_MATERIAL:0.4238461474934592
C_MOVECOUNT:0.43826981089733125
