ELO:949
CE_PASSEDPAWNS:0.5450444975924804
CE_PAWNWEAKNESSES:0.4452781501028834
CE_PIECEACTIVITY:0.4676771256240101
CE_KINGPAWNSHIELD:0.533880951687436
CE_PIECECOORDINATION:0.5573934354304043
CE_MATERIAL:0.4962137004041517
CE_KINGSAFETY:0.5
C_PIECESQUARETABLES:0.47922787828905167
C_MOBILITY:0.5762229238663585
C_KINGSAFETY:0.5051042748977143
C_PAWNSTRUCTURE:0.46286598989663325
C_PIECECOORDINATION:0.5488558872474572
C_ROOKANDPAWNMOVEMENT:0.5488558872474572
C_CENTERCONTROL:0.5319349602831501
C_DEVELOPPIECES:0.4850821256256778
C_MATERIAL:0.5829525956947799
C_MOVECOUNT:0.5
