ELO:953
CE_PASSEDPAWNS:0.5275534460061987
CE_PAWNWEAKNESSES:0.4843997699081503
CE_PIECEACTIVITY:0.5467075507161306
CE_KINGPAWNSHIELD:0.45107377266415327
CE_PIECECOORDINATION:0.5058923852105236
CE_MATERIAL:0.5567539708945328
CE_KINGSAFETY:0.47547562017452094
C_PIECESQUARETABLES:0.4817481047788045
C_MOBILITY:0.37566897085585554
C_KINGSAFETY:0.4940264327567869
C_PAWNSTRUCTURE:0.5363894401290263
C_PIECECOORDINATION:0.4521290568995167
C_ROOKANDPAWNMOVEMENT:0.4521290568995167
C_CENTERCONTROL:0.458437698224018
C_DEVELOPPIECES:0.44332094629767665
C_MATERIAL:0.6067654528067817
