ELO:981
CE_PASSEDPAWNS:0.537304936216519
CE_PAWNWEAKNESSES:0.47261483805511434
CE_PIECEACTIVITY:0.5592457431995559
CE_KINGPAWNSHIELD:0.5020651232257083
CE_PIECECOORDINATION:0.5154651057545137
CE_MATERIAL:0.5640894940253982
CE_KINGSAFETY:0.48433144275701406
C_PIECESQUARETABLES:0.4950130014746653
C_MOBILITY:0.46038608216272636
C_KINGSAFETY:0.473345743666535
C_PAWNSTRUCTURE:0.4957059584867787
C_PIECECOORDINATION:0.4913200802632957
C_ROOKANDPAWNMOVEMENT:0.4913200802632957
C_CENTERCONTROL:0.47437459018644784
C_DEVELOPPIECES:0.5001357833398344
C_MATERIAL:0.5575642351397216
