ELO:1011
CE_PASSEDPAWNS:0.500369785131077
CE_PAWNWEAKNESSES:0.4866569599047398
CE_PIECEACTIVITY:0.4942451485575602
CE_KINGPAWNSHIELD:0.5115956860240443
CE_PIECECOORDINATION:0.496955899698456
CE_MATERIAL:0.497844968698783
CE_KINGSAFETY:0.5
C_PIECESQUARETABLES:0.5
C_MOBILITY:0.5
C_KINGSAFETY:0.5067783950781599
C_PAWNSTRUCTURE:0.5073667370258602
C_PIECECOORDINATION:0.4867769574259361
C_ROOKANDPAWNMOVEMENT:0.4867769574259361
C_CENTERCONTROL:0.48996496720312593
C_DEVELOPPIECES:0.5119424887789774
C_MATERIAL:0.5
C_MOVECOUNT:0.5
