ELO:1029
CE_PASSEDPAWNS:0.4830823450993661
CE_PAWNWEAKNESSES:0.5101043998491279
CE_PIECEACTIVITY:0.509603858541549
CE_KINGPAWNSHIELD:0.5152571308770338
CE_PIECECOORDINATION:0.5135191622050275
CE_MATERIAL:0.48426420079647864
CE_KINGSAFETY:0.5
C_PIECESQUARETABLES:0.5
C_MOBILITY:0.5398341316400149
C_KINGSAFETY:0.4802234662474188
C_PAWNSTRUCTURE:0.5
C_PIECECOORDINATION:0.5108897887253867
C_ROOK:0.5096048013706082
CE_ROOK:0.49315935870948435
C_CENTERCONTROL:0.5023022803291374
C_DEVELOPPIECES:0.5152693387844893
C_MATERIAL:0.498131800715962
C_MOVECOUNT:0.4790804045958373
C_PAWNMOVEMENT:0.4979153639216027
