ELO:1000
CE_PASSEDPAWNS:0.5022346334249077
CE_PAWNWEAKNESSES:0.5087843984733383
CE_PIECEACTIVITY:0.5020534236062943
CE_KINGPAWNSHIELD:0.510081558821738
CE_PIECECOORDINATION:0.5023340095520947
CE_MATERIAL:0.5021969254994725
CE_KINGSAFETY:0.4901533559575366
C_PIECESQUARETABLES:0.5065678484989794
C_MOBILITY:0.5044901524308877
C_KINGSAFETY:0.49354621709477586
C_PAWNSTRUCTURE:0.5090329168717957
C_PIECECOORDINATION:0.4976707632140793
C_ROOKANDPAWNMOVEMENT:0.4976707632140793
C_CENTERCONTROL:0.4996341030409833
C_DEVELOPPIECES:0.49417013172483015
C_MATERIAL:0.5024383554152522
