ELO:982
CE_PASSEDPAWNS:0.527856477786641
CE_PAWNWEAKNESSES:0.4909494990228343
CE_PIECEACTIVITY:0.5314694053639292
CE_KINGPAWNSHIELD:0.4881644140773836
CE_PIECECOORDINATION:0.48943788980120506
CE_MATERIAL:0.5314182541415167
CE_KINGSAFETY:0.46154282168266
C_PIECESQUARETABLES:0.5482802708544412
C_MOBILITY:0.4413715299272728
C_KINGSAFETY:0.48515856826418374
C_PAWNSTRUCTURE:0.5399641220047047
C_PIECECOORDINATION:0.48980988633970085
C_ROOKANDPAWNMOVEMENT:0.48980988633970085
C_CENTERCONTROL:0.4766664207802484
C_DEVELOPPIECES:0.49629463014345404
C_MATERIAL:0.5270598034326538
