ELO:858
CE_PASSEDPAWNS:0.49135001375751525
CE_PAWNWEAKNESSES:0.4961582236690773
CE_PIECEACTIVITY:0.4914927722560261
CE_KINGPAWNSHIELD:0.5001360527159918
CE_PIECECOORDINATION:0.5330160000511813
CE_MATERIAL:0.4999946886336714
CE_KINGSAFETY:0.5005827512013556
C_PIECESQUARETABLES:0.5453697371147495
C_MOBILITY:0.5612229198939491
C_KINGSAFETY:0.4749555490005588
C_PAWNSTRUCTURE:0.4465942171478739
C_PIECECOORDINATION:0.5163091238594192
C_ROOKANDPAWNMOVEMENT:0.5163091238594192
C_CENTERCONTROL:0.526886294861795
C_DEVELOPPIECES:0.4353119802613418
C_MATERIAL:0.46316039727216196
C_MOVECOUNT:0.47314417765234157
