ELO:984
CE_PASSEDPAWNS:0.5058697690540275
CE_PAWNWEAKNESSES:0.4610849561702561
CE_PIECEACTIVITY:0.4434805352300926
CE_KINGPAWNSHIELD:0.5050098088443508
CE_PIECECOORDINATION:0.5223444198024554
CE_MATERIAL:0.5538816820304984
CE_KINGSAFETY:0.5339643211366835
C_PIECESQUARETABLES:0.48060777331846277
C_MOBILITY:0.4875820434610303
C_KINGSAFETY:0.4910494185517953
C_PAWNSTRUCTURE:0.433094293007725
C_PIECECOORDINATION:0.42501579528857014
C_ROOKANDPAWNMOVEMENT:0.42501579528857014
C_CENTERCONTROL:0.5357104898659314
C_DEVELOPPIECES:0.49883884432549797
C_MATERIAL:0.4633470648780245
