ELO:974
CE_PASSEDPAWNS:0.5892720076367661
CE_PAWNWEAKNESSES:0.44567841470567543
CE_PIECEACTIVITY:0.46906729948781634
CE_KINGPAWNSHIELD:0.47693378468817804
CE_PIECECOORDINATION:0.47618611203599287
CE_MATERIAL:0.4477027965527643
CE_KINGSAFETY:0.48921319111162465
C_PIECESQUARETABLES:0.4764340917375396
C_MOBILITY:0.6044556602393337
C_KINGSAFETY:0.4916704711448725
C_PAWNSTRUCTURE:0.4476614312917521
C_PIECECOORDINATION:0.5118513052120357
C_ROOKANDPAWNMOVEMENT:0.5118513052120357
C_CENTERCONTROL:0.525985836237955
C_DEVELOPPIECES:0.4738571699235774
C_MATERIAL:0.6267763368461604
