ELO:987
CE_PASSEDPAWNS:0.5182968831982062
CE_PAWNWEAKNESSES:0.5421381715388794
CE_PIECEACTIVITY:0.44746566521392905
CE_KINGPAWNSHIELD:0.5268096586246257
CE_PIECECOORDINATION:0.5041260188699612
CE_MATERIAL:0.6053730258262878
CE_KINGSAFETY:0.5168559988460926
C_PIECESQUARETABLES:0.5124584130815277
C_MOBILITY:0.5180022555511737
C_KINGSAFETY:0.5122513907245927
C_PAWNSTRUCTURE:0.3832788152950769
C_PIECECOORDINATION:0.5032178455833454
C_ROOKANDPAWNMOVEMENT:0.5032178455833454
C_CENTERCONTROL:0.5517878291433296
C_DEVELOPPIECES:0.4467630645942031
C_MATERIAL:0.5049109670587371
