ELO:991
CE_PASSEDPAWNS:0.6085791508222704
CE_PAWNWEAKNESSES:0.5066014455542499
CE_PIECEACTIVITY:0.4995837144561262
CE_KINGPAWNSHIELD:0.5
CE_PIECECOORDINATION:0.5466120727829046
CE_MATERIAL:0.5115925755377865
CE_KINGSAFETY:0.5
C_PIECESQUARETABLES:0.49616147527374677
C_MOBILITY:0.48652779322215495
C_KINGSAFETY:0.5522135599625418
C_PAWNSTRUCTURE:0.4653793516873808
C_PIECECOORDINATION:0.5065411717735485
C_ROOKANDPAWNMOVEMENT:0.5065411717735485
C_CENTERCONTROL:0.4910161050095366
C_DEVELOPPIECES:0.5033935399530196
C_MATERIAL:0.5222519657452552
C_MOVECOUNT:0.5
