ELO:1000
CE_PASSEDPAWNS:0.4916171699699807
CE_PAWNWEAKNESSES:0.48867198875492474
CE_PIECEACTIVITY:0.5
CE_KINGPAWNSHIELD:0.4942310466589237
CE_PIECECOORDINATION:0.48413792675317385
CE_MATERIAL:0.5041461204192597
CE_KINGSAFETY:0.49732185584811006
C_PIECESQUARETABLES:0.4955337164949495
C_MOBILITY:0.4985259253327142
C_KINGSAFETY:0.5
C_PAWNSTRUCTURE:0.5092829629577845
C_PIECECOORDINATION:0.4883469599584163
C_ROOKANDPAWNMOVEMENT:0.4883469599584163
C_CENTERCONTROL:0.5083039104361897
C_DEVELOPPIECES:0.5136087488578328
C_MATERIAL:0.5079161699684043
