ELO:1000
CE_PASSEDPAWNS:0.510240282928259
CE_PAWNWEAKNESSES:0.47819725905326405
CE_PIECEACTIVITY:0.4470865938363851
CE_KINGPAWNSHIELD:0.48290016108076844
CE_PIECECOORDINATION:0.4968696758730853
CE_MATERIAL:0.4891020448992618
CE_KINGSAFETY:0.49555358984857817
C_PIECESQUARETABLES:0.5026373618413356
C_MOBILITY:0.4842010481081493
C_KINGSAFETY:0.5179599827340459
C_PAWNSTRUCTURE:0.48979952155043854
C_PIECECOORDINATION:0.46023302839318664
C_ROOKANDPAWNMOVEMENT:0.46023302839318664
C_CENTERCONTROL:0.5044289640533506
C_DEVELOPPIECES:0.49588428209143004
C_MATERIAL:0.493715090250788
