ELO:1010
CE_PASSEDPAWNS:0.5
CE_PAWNWEAKNESSES:0.49987546230825664
CE_PIECEACTIVITY:0.5
CE_KINGPAWNSHIELD:0.5
CE_PIECECOORDINATION:0.5045101725699701
CE_MATERIAL:0.5034723437588465
CE_KINGSAFETY:0.5114116030998038
C_PIECESQUARETABLES:0.5
C_MOBILITY:0.5
C_KINGSAFETY:0.4923753125301518
C_PAWNSTRUCTURE:0.4939768598305601
C_PIECECOORDINATION:0.49580581832687426
C_ROOKANDPAWNMOVEMENT:0.49580581832687426
C_CENTERCONTROL:0.5
C_DEVELOPPIECES:0.5183275984241795
C_MATERIAL:0.5056978370694486
C_MOVECOUNT:0.49572257300065303
