ELO:931
CE_PASSEDPAWNS:0.5072117760424049
CE_PAWNWEAKNESSES:0.40969993514317665
CE_PIECEACTIVITY:0.41801466704074197
CE_KINGPAWNSHIELD:0.49801749218310704
CE_PIECECOORDINATION:0.5164785175776208
CE_MATERIAL:0.44985859694326774
CE_KINGSAFETY:0.4546435615292961
C_PIECESQUARETABLES:0.42763347912927896
C_MOBILITY:0.5981188575444922
C_KINGSAFETY:0.5308036816045392
C_PAWNSTRUCTURE:0.4542646948357718
C_PIECECOORDINATION:0.5254651747937902
C_ROOKANDPAWNMOVEMENT:0.5254651747937902
C_CENTERCONTROL:0.4932952516661175
C_DEVELOPPIECES:0.48896165910256845
C_MATERIAL:0.5933827940506022
