ELO:718
CE_PASSEDPAWNS:0.49981670555481805
CE_PAWNWEAKNESSES:0.5160258197555169
CE_PIECEACTIVITY:0.5145993477745517
CE_KINGPAWNSHIELD:0.5487395771032508
CE_PIECECOORDINATION:0.5664117410910494
CE_MATERIAL:0.4106188079660697
CE_KINGSAFETY:0.5438464287905266
C_PIECESQUARETABLES:0.503441099523495
C_MOBILITY:0.446228004270284
C_KINGSAFETY:0.527815783208814
C_PAWNSTRUCTURE:0.6101632170161781
C_PIECECOORDINATION:0.4805219410046296
C_ROOKANDPAWNMOVEMENT:0.4805219410046296
C_CENTERCONTROL:0.5798600220835496
C_DEVELOPPIECES:0.4820492622756403
C_MATERIAL:0.5788710178920237
C_MOVECOUNT:0.5
