ELO:857
CE_PASSEDPAWNS:0.5143251671087792
CE_PAWNWEAKNESSES:0.5146209750377472
CE_PIECEACTIVITY:0.39739916745995685
CE_KINGPAWNSHIELD:0.5873992369866377
CE_PIECECOORDINATION:0.4996282879754129
CE_MATERIAL:0.6187832144112045
CE_KINGSAFETY:0.4502153417513493
C_PIECESQUARETABLES:0.47719365938751296
C_MOBILITY:0.5388977575577999
C_KINGSAFETY:0.5155146502993084
C_PAWNSTRUCTURE:0.4033190125526195
C_PIECECOORDINATION:0.4357670306578392
C_ROOKANDPAWNMOVEMENT:0.4357670306578392
C_CENTERCONTROL:0.49841184092607554
C_DEVELOPPIECES:0.5015511762526517
C_MATERIAL:0.4323709122450534
