ELO:920
CE_PASSEDPAWNS:0.5461852127286212
CE_PAWNWEAKNESSES:0.41838648362612735
CE_PIECEACTIVITY:0.4286907104689249
CE_KINGPAWNSHIELD:0.4978421713060803
CE_PIECECOORDINATION:0.48327058440445886
CE_MATERIAL:0.4000789692063225
CE_KINGSAFETY:0.48993154739008804
C_PIECESQUARETABLES:0.4827765122849567
C_MOBILITY:0.6184026254040232
C_KINGSAFETY:0.5327400868201125
C_PAWNSTRUCTURE:0.44617969528460105
C_PIECECOORDINATION:0.5702206114636791
C_ROOKANDPAWNMOVEMENT:0.5702206114636791
C_CENTERCONTROL:0.5067670771513356
C_DEVELOPPIECES:0.48766176070871725
C_MATERIAL:0.627778477562883
