ELO:841
CE_PASSEDPAWNS:0.5142463747562415
CE_PAWNWEAKNESSES:0.49306392843487384
CE_PIECEACTIVITY:0.39641002659008906
CE_KINGPAWNSHIELD:0.6069037911895603
CE_PIECECOORDINATION:0.5237323502256619
CE_MATERIAL:0.61804493486273
CE_KINGSAFETY:0.4462197770988181
C_PIECESQUARETABLES:0.42696221446832927
C_MOBILITY:0.5237311071647688
C_KINGSAFETY:0.5300765265791958
C_PAWNSTRUCTURE:0.4075517531980367
C_PIECECOORDINATION:0.4226362319483488
C_ROOKANDPAWNMOVEMENT:0.4226362319483488
C_CENTERCONTROL:0.472067339980572
C_DEVELOPPIECES:0.4861611568887826
C_MATERIAL:0.42612457766479783
