ELO:1000
CE_PASSEDPAWNS:0.501500978405309
CE_PAWNWEAKNESSES:0.4668615865848271
CE_PIECEACTIVITY:0.4459774816604065
CE_KINGPAWNSHIELD:0.510035435855568
CE_PIECECOORDINATION:0.5315351998852426
CE_MATERIAL:0.490391082296981
CE_KINGSAFETY:0.49324773876972416
C_PIECESQUARETABLES:0.5167315407760692
C_MOBILITY:0.49037931577697025
C_KINGSAFETY:0.49823668634463153
C_PAWNSTRUCTURE:0.4957053754214084
C_PIECECOORDINATION:0.4647471524904106
C_ROOKANDPAWNMOVEMENT:0.4647471524904106
C_CENTERCONTROL:0.5105559579150736
C_DEVELOPPIECES:0.49209938714382007
C_MATERIAL:0.48328795217193904
