ELO:1010
CE_PASSEDPAWNS:0.49943308900347244
CE_PAWNWEAKNESSES:0.5306539161923535
CE_PIECEACTIVITY:0.5229728835873283
CE_KINGPAWNSHIELD:0.48845386923212075
CE_PIECECOORDINATION:0.5304056288381808
CE_MATERIAL:0.49704581870559833
CE_KINGSAFETY:0.4883939307189966
C_PIECESQUARETABLES:0.4836237048876138
C_MOBILITY:0.4872592033443505
C_KINGSAFETY:0.5001357913114117
C_PAWNSTRUCTURE:0.4993359895349724
C_PIECECOORDINATION:0.5
C_ROOKANDPAWNMOVEMENT:0.5
C_CENTERCONTROL:0.5349389122689224
C_DEVELOPPIECES:0.4925966126566997
C_MATERIAL:0.5
