ELO:949
CE_PASSEDPAWNS:0.5077053590804221
CE_PAWNWEAKNESSES:0.4961867439177978
CE_PIECEACTIVITY:0.4873338991004994
CE_KINGPAWNSHIELD:0.49852268738518224
CE_PIECECOORDINATION:0.4661694200279376
CE_MATERIAL:0.4636517307787646
CE_KINGSAFETY:0.5
C_PIECESQUARETABLES:0.4880542906015799
C_MOBILITY:0.49647915876164644
C_KINGSAFETY:0.549223696129103
C_PAWNSTRUCTURE:0.49051402911238096
C_PIECECOORDINATION:0.47767782567753064
C_ROOK:0.5099479016942009
CE_ROOK:0.5298493925820288
C_CENTERCONTROL:0.5032052031005103
C_DEVELOPPIECES:0.5284390770224564
C_MATERIAL:0.4650854414595958
C_MOVECOUNT:0.4884360273380129
C_PAWNMOVEMENT:0.4672696803806776
