ELO:947
CE_PASSEDPAWNS:0.49622660382003164
CE_PAWNWEAKNESSES:0.502227953510093
CE_PIECEACTIVITY:0.5096900274878112
CE_KINGPAWNSHIELD:0.5111872179176217
CE_PIECECOORDINATION:0.5317811396393209
CE_MATERIAL:0.48729307058482674
CE_KINGSAFETY:0.4841995029045987
C_PIECESQUARETABLES:0.5
C_MOBILITY:0.5000819189072552
C_KINGSAFETY:0.5019190301422347
C_PAWNSTRUCTURE:0.5032101272311679
C_PIECECOORDINATION:0.5084646432502326
C_ROOK:0.48978230069728673
CE_ROOK:0.49272696839044655
C_CENTERCONTROL:0.5040849773552621
C_DEVELOPPIECES:0.4822295686918091
C_MATERIAL:0.4918095042721024
C_MOVECOUNT:0.5098735136463137
C_PAWNMOVEMENT:0.5001188764481551
