ELO:1004
CE_PASSEDPAWNS:0.49308644126756446
CE_PAWNWEAKNESSES:0.5063128529455527
CE_PIECEACTIVITY:0.5105530984431019
CE_KINGPAWNSHIELD:0.5070113408955866
CE_PIECECOORDINATION:0.49972441217918245
CE_MATERIAL:0.49240973659081666
CE_KINGSAFETY:0.4834226847806123
C_PIECESQUARETABLES:0.49753571642931316
C_MOBILITY:0.4935874293236637
C_KINGSAFETY:0.5161647490724591
C_PAWNSTRUCTURE:0.49674649797420944
C_PIECECOORDINATION:0.5026672863420318
C_ROOKANDPAWNMOVEMENT:0.5026672863420318
C_CENTERCONTROL:0.49502764878365507
C_DEVELOPPIECES:0.5
C_MATERIAL:0.48785931908219454
