ELO:916
CE_PASSEDPAWNS:0.4788965836911165
CE_PAWNWEAKNESSES:0.47968480055496265
CE_PIECEACTIVITY:0.5172622548253324
CE_KINGPAWNSHIELD:0.4895698122665229
CE_PIECECOORDINATION:0.5056743666261626
CE_MATERIAL:0.45342031486641177
CE_KINGSAFETY:0.49118594581955366
C_PIECESQUARETABLES:0.5144981501251628
C_MOBILITY:0.4902729450938235
C_KINGSAFETY:0.497292340439669
C_PAWNSTRUCTURE:0.5052264604190231
C_PIECECOORDINATION:0.49077863226731744
C_ROOK:0.521226684264665
CE_ROOK:0.5250195089492757
C_CENTERCONTROL:0.49268729022958074
C_DEVELOPPIECES:0.5143805362980524
C_MATERIAL:0.47786819826861276
C_MOVECOUNT:0.5199685739329795
C_PAWNMOVEMENT:0.48196666917309927
