ELO:958
CE_PASSEDPAWNS:0.527253472794835
CE_PAWNWEAKNESSES:0.4223945417366292
CE_PIECEACTIVITY:0.41581476939281115
CE_KINGPAWNSHIELD:0.5020153939702814
CE_PIECECOORDINATION:0.49515584852618466
CE_MATERIAL:0.415529546219481
CE_KINGSAFETY:0.49441992162062937
C_PIECESQUARETABLES:0.482874258965996
C_MOBILITY:0.6185662631621498
C_KINGSAFETY:0.5372310379348469
C_PAWNSTRUCTURE:0.45505136997581974
C_PIECECOORDINATION:0.560906436057409
C_ROOKANDPAWNMOVEMENT:0.560906436057409
C_CENTERCONTROL:0.5032907193598378
C_DEVELOPPIECES:0.48032278043966303
C_MATERIAL:0.602221747361155
