ELO:970
CE_PASSEDPAWNS:0.49622660382003164
CE_PAWNWEAKNESSES:0.5018894732341822
CE_PIECEACTIVITY:0.5096900274878112
CE_KINGPAWNSHIELD:0.4872883762399555
CE_PIECECOORDINATION:0.5235580187119845
CE_MATERIAL:0.47708663773540044
CE_KINGSAFETY:0.4913435010949255
C_PIECESQUARETABLES:0.5012647318185941
C_MOBILITY:0.5113821398397185
C_KINGSAFETY:0.49329337547918456
C_PAWNSTRUCTURE:0.4864827907467096
C_PIECECOORDINATION:0.5026176181616967
C_ROOK:0.48182972793168766
CE_ROOK:0.510794015132994
C_CENTERCONTROL:0.5038109595988471
C_DEVELOPPIECES:0.4891633987957358
C_MATERIAL:0.4989036690778172
C_MOVECOUNT:0.5081857903931235
C_PAWNMOVEMENT:0.5001188764481551
