ELO:988
CE_PASSEDPAWNS:0.4993230982814977
CE_PAWNWEAKNESSES:0.5228234675441802
CE_PIECEACTIVITY:0.5115517959390631
CE_KINGPAWNSHIELD:0.41970959346021497
CE_PIECECOORDINATION:0.44538019471221774
CE_MATERIAL:0.5382465695177477
CE_KINGSAFETY:0.4668419643724411
C_PIECESQUARETABLES:0.5
C_MOBILITY:0.49816549280442246
C_KINGSAFETY:0.49942763427131426
C_PAWNSTRUCTURE:0.5006281247243053
C_PIECECOORDINATION:0.5269481986921654
C_ROOKANDPAWNMOVEMENT:0.5269481986921654
C_CENTERCONTROL:0.3976101602692124
C_DEVELOPPIECES:0.4978327447319644
C_MATERIAL:0.5859692747107864
