ELO:1014
CE_PASSEDPAWNS:0.4673601736831607
CE_PAWNWEAKNESSES:0.5076062967932949
CE_PIECEACTIVITY:0.5186725186088694
CE_KINGPAWNSHIELD:0.5161916140823933
CE_PIECECOORDINATION:0.4937259056177772
CE_MATERIAL:0.4809255569441087
CE_KINGSAFETY:0.5
C_PIECESQUARETABLES:0.4809618224627882
C_MOBILITY:0.5017631126804445
C_KINGSAFETY:0.48760678622982095
C_PAWNSTRUCTURE:0.5138954184949205
C_PIECECOORDINATION:0.5115480512040098
C_ROOKANDPAWNMOVEMENT:0.5115480512040098
C_CENTERCONTROL:0.5097430822245885
C_DEVELOPPIECES:0.534296517514742
C_MATERIAL:0.5232909034287989
C_MOVECOUNT:0.5
