ELO:853
CE_PASSEDPAWNS:0.5291859127658463
CE_PAWNWEAKNESSES:0.5023526709802235
CE_PIECEACTIVITY:0.384859234080321
CE_KINGPAWNSHIELD:0.562163514329187
CE_PIECECOORDINATION:0.4799535365297332
CE_MATERIAL:0.6236481105747701
CE_KINGSAFETY:0.4625963201416532
C_PIECESQUARETABLES:0.4688818167377048
C_MOBILITY:0.5433080274015205
C_KINGSAFETY:0.5063474059018641
C_PAWNSTRUCTURE:0.4124840190018494
C_PIECECOORDINATION:0.43402589403002106
C_ROOKANDPAWNMOVEMENT:0.43402589403002106
C_CENTERCONTROL:0.5156678269721683
C_DEVELOPPIECES:0.5020089031570666
C_MATERIAL:0.4538148461220979
