ELO:1045
CE_PASSEDPAWNS:0.5
CE_PAWNWEAKNESSES:0.5
CE_PIECEACTIVITY:0.5
CE_KINGPAWNSHIELD:0.5278152133367933
CE_PIECECOORDINATION:0.5
CE_MATERIAL:0.4882702265779703
CE_KINGSAFETY:0.5027515039210279
C_PIECESQUARETABLES:0.5093897019497889
C_MOBILITY:0.5
C_KINGSAFETY:0.5
C_PAWNSTRUCTURE:0.5
C_PIECECOORDINATION:0.491066165584061
C_ROOKANDPAWNMOVEMENT:0.491066165584061
C_CENTERCONTROL:0.5
C_DEVELOPPIECES:0.5134502305509284
C_MATERIAL:0.4948397549999742
C_MOVECOUNT:0.5
