ELO:970
CE_PASSEDPAWNS:0.49622660382003164
CE_PAWNWEAKNESSES:0.502227953510093
CE_PIECEACTIVITY:0.5096900274878112
CE_KINGPAWNSHIELD:0.49881805592623807
CE_PIECECOORDINATION:0.5317811396393209
CE_MATERIAL:0.46700081892030854
CE_KINGSAFETY:0.49062680860551655
C_PIECESQUARETABLES:0.5012647318185941
C_MOBILITY:0.5030573333402532
C_KINGSAFETY:0.49329337547918456
C_PAWNSTRUCTURE:0.49357945401988057
C_PIECECOORDINATION:0.5008472435074879
C_ROOK:0.4916035740528228
CE_ROOK:0.5040125732000028
C_CENTERCONTROL:0.5038109595988471
C_DEVELOPPIECES:0.4922976974115815
C_MATERIAL:0.48843300682687724
C_MOVECOUNT:0.5081857903931235
C_PAWNMOVEMENT:0.5001188764481551
