ELO:942
CE_PASSEDPAWNS:0.49865581264125247
CE_PAWNWEAKNESSES:0.4887498489982116
CE_PIECEACTIVITY:0.5234325597711658
CE_KINGPAWNSHIELD:0.476642669319494
CE_PIECECOORDINATION:0.5176163469187617
CE_MATERIAL:0.45342031486641177
CE_KINGSAFETY:0.5
C_PIECESQUARETABLES:0.5
C_MOBILITY:0.49867804128849086
C_KINGSAFETY:0.4738059071048687
C_PAWNSTRUCTURE:0.5044204410849458
C_PIECECOORDINATION:0.507307310513081
C_ROOK:0.5056253110136828
CE_ROOK:0.5335420919274857
C_CENTERCONTROL:0.4817905709749013
C_DEVELOPPIECES:0.5014970962885836
C_MATERIAL:0.48768681005575354
C_MOVECOUNT:0.5253581345359192
C_PAWNMOVEMENT:0.4759222951906402
