ELO:973
CE_PASSEDPAWNS:0.5879144937198568
CE_PAWNWEAKNESSES:0.43398879148463027
CE_PIECEACTIVITY:0.46906729948781634
CE_KINGPAWNSHIELD:0.4769790458923263
CE_PIECECOORDINATION:0.47618611203599287
CE_MATERIAL:0.4477027965527643
CE_KINGSAFETY:0.4720341439644002
C_PIECESQUARETABLES:0.4672741507347096
C_MOBILITY:0.5938634297689773
C_KINGSAFETY:0.4916704711448725
C_PAWNSTRUCTURE:0.4476614312917521
C_PIECECOORDINATION:0.5118513052120357
C_ROOKANDPAWNMOVEMENT:0.5118513052120357
C_CENTERCONTROL:0.5350396818385406
C_DEVELOPPIECES:0.4738571699235774
C_MATERIAL:0.6267763368461604
