ELO:900
CE_PASSEDPAWNS:0.4972430466657215
CE_PAWNWEAKNESSES:0.47599135261497255
CE_PIECEACTIVITY:0.5359080694150419
CE_KINGPAWNSHIELD:0.4885995538087606
CE_PIECECOORDINATION:0.579082645450533
CE_MATERIAL:0.4929113626833609
CE_KINGSAFETY:0.4756137813451893
C_PIECESQUARETABLES:0.5
C_MOBILITY:0.4584781840549473
C_KINGSAFETY:0.5526740091736844
C_PAWNSTRUCTURE:0.43435625029579705
C_PIECECOORDINATION:0.48656486791739856
C_ROOKANDPAWNMOVEMENT:0.48656486791739856
C_CENTERCONTROL:0.5
C_DEVELOPPIECES:0.5399012273849128
C_MATERIAL:0.49803453921688234
C_MOVECOUNT:0.5
