ELO:714
CE_PASSEDPAWNS:0.4903455513192529
CE_PAWNWEAKNESSES:0.5083240925231481
CE_PIECEACTIVITY:0.4858305296569962
CE_KINGPAWNSHIELD:0.5975207751633831
CE_PIECECOORDINATION:0.5677410020529395
CE_MATERIAL:0.4177474067894819
CE_KINGSAFETY:0.5025983526674145
C_PIECESQUARETABLES:0.4833893952160418
C_MOBILITY:0.4474393796151548
C_KINGSAFETY:0.5463319189109328
C_PAWNSTRUCTURE:0.5820896768697473
C_PIECECOORDINATION:0.4864444390908821
C_ROOKANDPAWNMOVEMENT:0.4864444390908821
C_CENTERCONTROL:0.5907618872259955
C_DEVELOPPIECES:0.507131011102234
C_MATERIAL:0.5720903258704115
C_MOVECOUNT:0.4530243834610331
