ELO:979
CE_PASSEDPAWNS:0.5058824375411359
CE_PAWNWEAKNESSES:0.49910027493853926
CE_PIECEACTIVITY:0.4560626646632292
CE_KINGPAWNSHIELD:0.49466262507782194
CE_PIECECOORDINATION:0.5148339568843373
CE_MATERIAL:0.5535817124922121
CE_KINGSAFETY:0.5196313443824482
C_PIECESQUARETABLES:0.46317332710790293
C_MOBILITY:0.5054731476280051
C_KINGSAFETY:0.49416374040817124
C_PAWNSTRUCTURE:0.45127996991462554
C_PIECECOORDINATION:0.43756111346917753
C_ROOKANDPAWNMOVEMENT:0.43756111346917753
C_CENTERCONTROL:0.5246406211282103
C_DEVELOPPIECES:0.46891538882106815
C_MATERIAL:0.4902989156111866
