ELO:975
CE_PASSEDPAWNS:0.5923255412249888
CE_PAWNWEAKNESSES:0.4464960221775882
CE_PIECEACTIVITY:0.46906729948781634
CE_KINGPAWNSHIELD:0.46527634829770026
CE_PIECECOORDINATION:0.47618611203599287
CE_MATERIAL:0.4598483362208852
CE_KINGSAFETY:0.5
C_PIECESQUARETABLES:0.5
C_MOBILITY:0.597828069186587
C_KINGSAFETY:0.5033710581294804
C_PAWNSTRUCTURE:0.4353662446496623
C_PIECECOORDINATION:0.5118513052120357
C_ROOKANDPAWNMOVEMENT:0.5118513052120357
C_CENTERCONTROL:0.5214390468357185
C_DEVELOPPIECES:0.4708973863894833
C_MATERIAL:0.6372711969690401
