ELO:920
CE_PASSEDPAWNS:0.5401496095644687
CE_PAWNWEAKNESSES:0.43750080237600586
CE_PIECEACTIVITY:0.4387323463822284
CE_KINGPAWNSHIELD:0.5127874121498172
CE_PIECECOORDINATION:0.4832275771805409
CE_MATERIAL:0.40348367167603705
CE_KINGSAFETY:0.47574679372497397
C_PIECESQUARETABLES:0.43530814198981455
C_MOBILITY:0.6262882503789686
C_KINGSAFETY:0.5139649682116392
C_PAWNSTRUCTURE:0.4712644575890587
C_PIECECOORDINATION:0.549313203826203
C_ROOKANDPAWNMOVEMENT:0.549313203826203
C_CENTERCONTROL:0.512601049758809
C_DEVELOPPIECES:0.4924160709728688
C_MATERIAL:0.6173181866477213
