ELO:1024
CE_PASSEDPAWNS:0.4894271272805132
CE_PAWNWEAKNESSES:0.502750901799061
CE_PIECEACTIVITY:0.49889255720690856
CE_KINGPAWNSHIELD:0.4916056577510133
CE_PIECECOORDINATION:0.5
CE_MATERIAL:0.5
CE_KINGSAFETY:0.5
C_PIECESQUARETABLES:0.5
C_MOBILITY:0.5097828424117692
C_KINGSAFETY:0.4944154294570175
C_PAWNSTRUCTURE:0.5
C_PIECECOORDINATION:0.5
C_ROOKANDPAWNMOVEMENT:0.5
C_CENTERCONTROL:0.4805583964823246
C_DEVELOPPIECES:0.5016688913712569
C_MATERIAL:0.49652408558344463
