ELO:988
CE_PASSEDPAWNS:0.5113108019844589
CE_PAWNWEAKNESSES:0.5128889835512717
CE_PIECEACTIVITY:0.5221510310279257
CE_KINGPAWNSHIELD:0.4076561608377238
CE_PIECECOORDINATION:0.44538019471221774
CE_MATERIAL:0.5561775794490093
CE_KINGSAFETY:0.5116897556102437
C_PIECESQUARETABLES:0.49360357398082183
C_MOBILITY:0.48714507094887444
C_KINGSAFETY:0.5121148057880746
C_PAWNSTRUCTURE:0.5006281247243053
C_PIECECOORDINATION:0.5350567576815112
C_ROOKANDPAWNMOVEMENT:0.5350567576815112
C_CENTERCONTROL:0.3912611560088174
C_DEVELOPPIECES:0.5162922956684439
C_MATERIAL:0.5874377765789014
