ELO:868
CE_PASSEDPAWNS:0.5028238699375515
CE_PAWNWEAKNESSES:0.4737312041721261
CE_PIECEACTIVITY:0.3782370298984159
CE_KINGPAWNSHIELD:0.6083731809887397
CE_PIECECOORDINATION:0.5040825366252559
CE_MATERIAL:0.6335390343785907
CE_KINGSAFETY:0.44821056679214694
C_PIECESQUARETABLES:0.43632438330411033
C_MOBILITY:0.5297106905444467
C_KINGSAFETY:0.5155573628248713
C_PAWNSTRUCTURE:0.425475440450087
C_PIECECOORDINATION:0.4182927717459297
C_ROOKANDPAWNMOVEMENT:0.4182927717459297
C_CENTERCONTROL:0.47301281505984166
C_DEVELOPPIECES:0.49943329623332794
C_MATERIAL:0.44352771002089353
