ELO:990
CE_PASSEDPAWNS:0.5171227410430687
CE_PAWNWEAKNESSES:0.522007165632404
CE_PIECEACTIVITY:0.47176706819075515
CE_KINGPAWNSHIELD:0.4898746131549767
CE_PIECECOORDINATION:0.5277707928451353
CE_MATERIAL:0.5727733613433558
CE_KINGSAFETY:0.5156448796775854
C_PIECESQUARETABLES:0.4813352879919021
C_MOBILITY:0.508654720192817
C_KINGSAFETY:0.524217322983722
C_PAWNSTRUCTURE:0.4243158918376711
C_PIECECOORDINATION:0.44859069422222053
C_ROOKANDPAWNMOVEMENT:0.44859069422222053
C_CENTERCONTROL:0.5590627373071442
C_DEVELOPPIECES:0.4598062769207418
C_MATERIAL:0.5190765921746098
