ELO:988
CE_PASSEDPAWNS:0.5265521276757834
CE_PAWNWEAKNESSES:0.5128889835512717
CE_PIECEACTIVITY:0.5069833283475406
CE_KINGPAWNSHIELD:0.41814064358575637
CE_PIECECOORDINATION:0.44538019471221774
CE_MATERIAL:0.5561775794490093
CE_KINGSAFETY:0.4975918431668806
C_PIECESQUARETABLES:0.5
C_MOBILITY:0.49518446282672646
C_KINGSAFETY:0.5185559510487318
C_PAWNSTRUCTURE:0.49982260478435525
C_PIECECOORDINATION:0.5350567576815112
C_ROOKANDPAWNMOVEMENT:0.5350567576815112
C_CENTERCONTROL:0.42767730560169775
C_DEVELOPPIECES:0.5087704791705147
C_MATERIAL:0.5741646982737315
