ELO:952
CE_PASSEDPAWNS:0.5351315404089092
CE_PAWNWEAKNESSES:0.533200000056784
CE_PIECEACTIVITY:0.4214158499966984
CE_KINGPAWNSHIELD:0.5611299999604803
CE_PIECECOORDINATION:0.4838483450743386
CE_MATERIAL:0.5879229211087461
CE_KINGSAFETY:0.47443943193042587
C_PIECESQUARETABLES:0.5028340693257938
C_MOBILITY:0.5276194598308028
C_KINGSAFETY:0.497301149044025
C_PAWNSTRUCTURE:0.38770152255912554
C_PIECECOORDINATION:0.5239604255329957
C_ROOKANDPAWNMOVEMENT:0.5239604255329957
C_CENTERCONTROL:0.5256956167124769
C_DEVELOPPIECES:0.4568966940638835
C_MATERIAL:0.4914651108072585
