ELO:1036
CE_PASSEDPAWNS:0.6657623443417764
CE_PAWNWEAKNESSES:0.565552121639822
CE_PIECEACTIVITY:0.44511627266839277
CE_KINGPAWNSHIELD:0.4957740592570724
CE_PIECECOORDINATION:0.5058565990435085
CE_MATERIAL:0.3887750634816344
CE_KINGSAFETY:0.49586272589172226
C_PIECESQUARETABLES:0.5208412680492565
C_MOBILITY:0.40508865143620304
C_KINGSAFETY:0.5026857682134318
C_PAWNSTRUCTURE:0.4260131277661406
C_PIECECOORDINATION:0.4624861647780566
C_ROOKANDPAWNMOVEMENT:0.4624861647780566
C_CENTERCONTROL:0.5293897196030327
C_DEVELOPPIECES:0.5381939270327218
C_MATERIAL:0.44456048662120196
