ELO:971
CE_PASSEDPAWNS:0.5041586498930504
CE_PAWNWEAKNESSES:0.502227953510093
CE_PIECEACTIVITY:0.5096900274878112
CE_KINGPAWNSHIELD:0.5111872179176217
CE_PIECECOORDINATION:0.5222170731646897
CE_MATERIAL:0.5
CE_KINGSAFETY:0.5
C_PIECESQUARETABLES:0.5
C_MOBILITY:0.4836349294614913
C_KINGSAFETY:0.5
C_PAWNSTRUCTURE:0.496242627719599
C_PIECECOORDINATION:0.4999635663759597
C_ROOK:0.48978230069728673
CE_ROOK:0.49272696839044655
C_CENTERCONTROL:0.4950409427430059
C_DEVELOPPIECES:0.4807038298530735
C_MATERIAL:0.5021648333068736
C_MOVECOUNT:0.5
C_PAWNMOVEMENT:0.5029464054130712
