ELO:855
CE_PASSEDPAWNS:0.5291859127658463
CE_PAWNWEAKNESSES:0.49621155591669247
CE_PIECEACTIVITY:0.39185807112776044
CE_KINGPAWNSHIELD:0.5718381940927545
CE_PIECECOORDINATION:0.47450093174748165
CE_MATERIAL:0.6184295318186601
CE_KINGSAFETY:0.4742436528085994
C_PIECESQUARETABLES:0.4769873906626196
C_MOBILITY:0.536538152281149
C_KINGSAFETY:0.5130380389411772
C_PAWNSTRUCTURE:0.40696774301669286
C_PIECECOORDINATION:0.4336089753538374
C_ROOKANDPAWNMOVEMENT:0.4336089753538374
C_CENTERCONTROL:0.5106618748132326
C_DEVELOPPIECES:0.5020089031570666
C_MATERIAL:0.4538148461220979
