ELO:964
CE_PASSEDPAWNS:0.5077053590804221
CE_PAWNWEAKNESSES:0.4961867439177978
CE_PIECEACTIVITY:0.4917031191698205
CE_KINGPAWNSHIELD:0.49852268738518224
CE_PIECECOORDINATION:0.5309058576141573
CE_MATERIAL:0.4636517307787646
CE_KINGSAFETY:0.5
C_PIECESQUARETABLES:0.5
C_MOBILITY:0.4900899847976275
C_KINGSAFETY:0.46881521388251557
C_PAWNSTRUCTURE:0.5160398037447126
C_PIECECOORDINATION:0.5298563380413425
C_ROOK:0.5099479016942009
CE_ROOK:0.5192244915012912
C_CENTERCONTROL:0.48468859748288967
C_DEVELOPPIECES:0.5294645058078725
C_MATERIAL:0.4800454929161713
C_MOVECOUNT:0.4884360273380129
C_PAWNMOVEMENT:0.4743216244076994
