ELO:930
CE_PASSEDPAWNS:0.4876071788055601
CE_PAWNWEAKNESSES:0.4887498489982116
CE_PIECEACTIVITY:0.5190643229393327
CE_KINGPAWNSHIELD:0.4776242872108345
CE_PIECECOORDINATION:0.5176163469187617
CE_MATERIAL:0.45342031486641177
CE_KINGSAFETY:0.5
C_PIECESQUARETABLES:0.5
C_MOBILITY:0.49867804128849086
C_KINGSAFETY:0.47972322995132927
C_PAWNSTRUCTURE:0.5059691923742938
C_PIECECOORDINATION:0.507307310513081
C_ROOK:0.5088348061442808
CE_ROOK:0.5335420919274857
C_CENTERCONTROL:0.49257300708067125
C_DEVELOPPIECES:0.5014970962885836
C_MATERIAL:0.48768681005575354
C_MOVECOUNT:0.5363208912980122
C_PAWNMOVEMENT:0.47624696017090473
