ELO:982
CE_PASSEDPAWNS:0.4357307117839135
CE_PAWNWEAKNESSES:0.5105394307094786
CE_PIECEACTIVITY:0.5053381845062949
CE_KINGPAWNSHIELD:0.4979903022951695
CE_PIECECOORDINATION:0.4542974670335544
CE_MATERIAL:0.5003214429765634
CE_KINGSAFETY:0.5263125620992404
C_PIECESQUARETABLES:0.4866493560247674
C_MOBILITY:0.49639497841732555
C_KINGSAFETY:0.522219577319474
C_PAWNSTRUCTURE:0.4814243048026252
C_PIECECOORDINATION:0.5138096475395003
C_ROOKANDPAWNMOVEMENT:0.5138096475395003
C_CENTERCONTROL:0.5051160825285803
C_DEVELOPPIECES:0.49587299412756447
C_MATERIAL:0.47428435585284684
C_MOVECOUNT:0.5
