ELO:1062
CE_PASSEDPAWNS:0.5
CE_PAWNWEAKNESSES:0.5
CE_PIECEACTIVITY:0.5
CE_KINGPAWNSHIELD:0.49882831569513875
CE_PIECECOORDINATION:0.5
CE_MATERIAL:0.48798799971740436
CE_KINGSAFETY:0.4788602608010341
C_PIECESQUARETABLES:0.4936809778783106
C_MOBILITY:0.5207860227840152
C_KINGSAFETY:0.5
C_PAWNSTRUCTURE:0.5069199093975181
C_PIECECOORDINATION:0.5
C_ROOKANDPAWNMOVEMENT:0.5
C_CENTERCONTROL:0.48179843322143645
C_DEVELOPPIECES:0.5
C_MATERIAL:0.49836656741963176
C_MOVECOUNT:0.5
