ELO:925
CE_PASSEDPAWNS:0.5471110498456292
CE_PAWNWEAKNESSES:0.5036094872957887
CE_PIECEACTIVITY:0.4008175504127396
CE_KINGPAWNSHIELD:0.5860757854296663
CE_PIECECOORDINATION:0.4819681536820652
CE_MATERIAL:0.6138512208976543
CE_KINGSAFETY:0.49321874781882336
C_PIECESQUARETABLES:0.5040324558028696
C_MOBILITY:0.5298164312251652
C_KINGSAFETY:0.5363680424075647
C_PAWNSTRUCTURE:0.3954291398046892
C_PIECECOORDINATION:0.5005278550252394
C_ROOKANDPAWNMOVEMENT:0.5005278550252394
C_CENTERCONTROL:0.5209111823672596
C_DEVELOPPIECES:0.5076401819863161
C_MATERIAL:0.4600604683474054
