ELO:975
CE_PASSEDPAWNS:0.49870979929898307
CE_PAWNWEAKNESSES:0.5119362534302083
CE_PIECEACTIVITY:0.5046854206460893
CE_KINGPAWNSHIELD:0.48602273137851654
CE_PIECECOORDINATION:0.49637529916861467
CE_MATERIAL:0.4704772777392225
CE_KINGSAFETY:0.5225033598749983
C_PIECESQUARETABLES:0.49642114258889725
C_MOBILITY:0.47885617395164204
C_KINGSAFETY:0.5118445895348431
C_PAWNSTRUCTURE:0.5071817879953056
C_PIECECOORDINATION:0.5223253446238676
C_ROOKANDPAWNMOVEMENT:0.5223253446238676
C_CENTERCONTROL:0.48003292336129455
C_DEVELOPPIECES:0.5
C_MATERIAL:0.5258983449465005
C_MOVECOUNT:0.5
