ELO:999
CE_PASSEDPAWNS:0.506609650851541
CE_PAWNWEAKNESSES:0.5087460309486898
CE_PIECEACTIVITY:0.5
CE_KINGPAWNSHIELD:0.5
CE_PIECECOORDINATION:0.5
CE_MATERIAL:0.5106761140384959
CE_KINGSAFETY:0.48024359183839804
C_PIECESQUARETABLES:0.5
C_MOBILITY:0.5269849222909453
C_KINGSAFETY:0.4884266206660452
C_PAWNSTRUCTURE:0.4904791954656963
C_PIECECOORDINATION:0.5113189615534076
C_ROOKANDPAWNMOVEMENT:0.5113189615534076
C_CENTERCONTROL:0.48664417475943206
C_DEVELOPPIECES:0.48511831125754556
C_MATERIAL:0.5
