ELO:958
CE_PASSEDPAWNS:0.5090418958777191
CE_PAWNWEAKNESSES:0.48648023116530004
CE_PIECEACTIVITY:0.5096129796453333
CE_KINGPAWNSHIELD:0.5130989775525214
CE_PIECECOORDINATION:0.48237116447035333
CE_MATERIAL:0.48615849278667816
CE_KINGSAFETY:0.5
C_PIECESQUARETABLES:0.5031754436671416
C_MOBILITY:0.4749051629488988
C_KINGSAFETY:0.5021713887556911
C_PAWNSTRUCTURE:0.49419624272054535
C_PIECECOORDINATION:0.5136990132605501
C_ROOKANDPAWNMOVEMENT:0.5136990132605501
C_CENTERCONTROL:0.481953537086657
C_DEVELOPPIECES:0.49811110947361426
C_MATERIAL:0.49178760975730823
C_MOVECOUNT:0.4867742606939517
