ELO:742
CE_PASSEDPAWNS:0.4953863769980733
CE_PAWNWEAKNESSES:0.5716494070668192
CE_PIECEACTIVITY:0.5910408049563366
CE_KINGPAWNSHIELD:0.49513629591341474
CE_PIECECOORDINATION:0.502802503441502
CE_MATERIAL:0.5031723614543678
CE_KINGSAFETY:0.4709185624410018
C_PIECESQUARETABLES:0.4452901338483395
C_MOBILITY:0.4930836538997361
C_KINGSAFETY:0.4156665189805275
C_PAWNSTRUCTURE:0.5605296194720639
C_PIECECOORDINATION:0.48325131874825095
C_ROOKANDPAWNMOVEMENT:0.48325131874825095
C_CENTERCONTROL:0.4955748358813625
C_DEVELOPPIECES:0.47861570486061505
C_MATERIAL:0.6140568879827311
C_MOVECOUNT:0.5
