ELO:1010
CE_PASSEDPAWNS:0.5
CE_PAWNWEAKNESSES:0.4931621604679206
CE_PIECEACTIVITY:0.48833118398357495
CE_KINGPAWNSHIELD:0.512283353932152
CE_PIECECOORDINATION:0.5051658805613657
CE_MATERIAL:0.5
CE_KINGSAFETY:0.5
C_PIECESQUARETABLES:0.5
C_MOBILITY:0.52569452820566
C_KINGSAFETY:0.49910932516940115
C_PAWNSTRUCTURE:0.5105236738965694
C_PIECECOORDINATION:0.4991827410020843
C_ROOKANDPAWNMOVEMENT:0.4991827410020843
C_CENTERCONTROL:0.5
C_DEVELOPPIECES:0.513137658546579
C_MATERIAL:0.4869974467888816
C_MOVECOUNT:0.5
