ELO:992
CE_PASSEDPAWNS:0.5210597788208355
CE_PAWNWEAKNESSES:0.4557739334286336
CE_PIECEACTIVITY:0.4857235889785003
CE_KINGPAWNSHIELD:0.5034121830799316
CE_PIECECOORDINATION:0.4733540348078661
CE_MATERIAL:0.48564872966116657
CE_KINGSAFETY:0.4863350889788349
C_PIECESQUARETABLES:0.5078811957711605
C_MOBILITY:0.47615720180078913
C_KINGSAFETY:0.5189736989916531
C_PAWNSTRUCTURE:0.47918332653388335
C_PIECECOORDINATION:0.517905856934574
C_ROOK:0.5031161094279858
CE_ROOK:0.5093828115605764
C_CENTERCONTROL:0.5011130327511483
C_DEVELOPPIECES:0.5087349637839732
C_MATERIAL:0.47499379029566563
C_MOVECOUNT:0.5227725104107783
C_PAWNMOVEMENT:0.4954660460711526
