ELO:964
CE_PASSEDPAWNS:0.4532695978471995
CE_PAWNWEAKNESSES:0.45214449973096765
CE_PIECEACTIVITY:0.5202510419744525
CE_KINGPAWNSHIELD:0.5007099035767185
CE_PIECECOORDINATION:0.5486942015703081
CE_MATERIAL:0.5248473416949837
CE_KINGSAFETY:0.5
C_PIECESQUARETABLES:0.5
C_MOBILITY:0.4951732653749561
C_KINGSAFETY:0.6040409684058549
C_PAWNSTRUCTURE:0.4776144939246025
C_PIECECOORDINATION:0.3910300276021699
C_ROOKANDPAWNMOVEMENT:0.3910300276021699
C_CENTERCONTROL:0.49335504455645546
C_DEVELOPPIECES:0.4600934404516593
C_MATERIAL:0.6003535050461476
