ELO:1000
CE_PASSEDPAWNS:0.505441956444204
CE_PAWNWEAKNESSES:0.5213795853025072
CE_PIECEACTIVITY:0.5350657408049337
CE_KINGPAWNSHIELD:0.48677522843984655
CE_PIECECOORDINATION:0.49456625248424624
CE_MATERIAL:0.5095984359293847
CE_KINGSAFETY:0.5422014177249023
C_PIECESQUARETABLES:0.5185538363660153
C_MOBILITY:0.5594470559528351
C_KINGSAFETY:0.5160362486250111
C_PAWNSTRUCTURE:0.5266443048324383
C_PIECECOORDINATION:0.5306919133442977
C_ROOKANDPAWNMOVEMENT:0.5306919133442977
C_CENTERCONTROL:0.4733824830817334
C_DEVELOPPIECES:0.5504351227666965
C_MATERIAL:0.5584045814924455
