ELO:907
CE_PASSEDPAWNS:0.5020448590906834
CE_PAWNWEAKNESSES:0.5075926136357276
CE_PIECEACTIVITY:0.5081046338352921
CE_KINGPAWNSHIELD:0.48248964410314177
CE_PIECECOORDINATION:0.5066374330388509
CE_MATERIAL:0.4819144992153997
CE_KINGSAFETY:0.5103396279391612
C_PIECESQUARETABLES:0.503016113312048
C_MOBILITY:0.45159153758325166
C_KINGSAFETY:0.5442904035160667
C_PAWNSTRUCTURE:0.43521014685666337
C_PIECECOORDINATION:0.5324718952639294
C_ROOKANDPAWNMOVEMENT:0.5324718952639294
C_CENTERCONTROL:0.47364789763057513
C_DEVELOPPIECES:0.5102847167894183
C_MATERIAL:0.5149914274577553
C_MOVECOUNT:0.493287982612004
