ELO:983
CE_PASSEDPAWNS:0.47895280552956637
CE_PAWNWEAKNESSES:0.513138453066465
CE_PIECEACTIVITY:0.549151473617051
CE_KINGPAWNSHIELD:0.49066732215781317
CE_PIECECOORDINATION:0.5025208589412836
CE_MATERIAL:0.4628962895774549
CE_KINGSAFETY:0.49301009263560375
C_PIECESQUARETABLES:0.5076163301147643
C_MOBILITY:0.5620743310800935
C_KINGSAFETY:0.529262417360128
C_PAWNSTRUCTURE:0.5368912209794694
C_PIECECOORDINATION:0.530580007525969
C_ROOKANDPAWNMOVEMENT:0.530580007525969
C_CENTERCONTROL:0.4420383176228384
C_DEVELOPPIECES:0.5617951624616565
C_MATERIAL:0.5466526956068912
