ELO:934
CE_PASSEDPAWNS:0.3565742029602499
CE_PAWNWEAKNESSES:0.5100243533910389
CE_PIECEACTIVITY:0.48827028823310353
CE_KINGPAWNSHIELD:0.46471862097633454
CE_PIECECOORDINATION:0.4277305219669097
CE_MATERIAL:0.49619359282081027
CE_KINGSAFETY:0.49102249322880526
C_PIECESQUARETABLES:0.47602461224793147
C_MOBILITY:0.4806015258641228
C_KINGSAFETY:0.4358822821594687
C_PAWNSTRUCTURE:0.5520073771395769
C_PIECECOORDINATION:0.48768573648329644
C_ROOKANDPAWNMOVEMENT:0.48768573648329644
C_CENTERCONTROL:0.5569328963082538
C_DEVELOPPIECES:0.5312634169832694
C_MATERIAL:0.42639835381936225
