ELO:892
CE_PASSEDPAWNS:0.4981960518209757
CE_PAWNWEAKNESSES:0.5352029871546593
CE_PIECEACTIVITY:0.5206701511446035
CE_KINGPAWNSHIELD:0.49164275933931634
CE_PIECECOORDINATION:0.5008207797266271
CE_MATERIAL:0.5003586603278711
CE_KINGSAFETY:0.4911586767253931
C_PIECESQUARETABLES:0.5042172170920249
C_MOBILITY:0.5029912780044136
C_KINGSAFETY:0.5420170855196453
C_PAWNSTRUCTURE:0.5148623074718758
C_PIECECOORDINATION:0.4694126462995684
C_ROOK:0.5055686968737603
CE_ROOK:0.5049809564631891
C_CENTERCONTROL:0.5088777043542323
C_DEVELOPPIECES:0.5430147384313977
C_MATERIAL:0.5205107914601461
C_MOVECOUNT:0.4922729457282191
C_PAWNMOVEMENT:0.47468417962757986
