ELO:955
CE_PASSEDPAWNS:0.39792981371987557
CE_PAWNWEAKNESSES:0.5083692464520175
CE_PIECEACTIVITY:0.5610448687092597
CE_KINGPAWNSHIELD:0.47959558936134555
CE_PIECECOORDINATION:0.4522342858161481
CE_MATERIAL:0.519729473856587
CE_KINGSAFETY:0.5
C_PIECESQUARETABLES:0.509967399532897
C_MOBILITY:0.49374967057184077
C_KINGSAFETY:0.5705844756422798
C_PAWNSTRUCTURE:0.3974960377332616
C_PIECECOORDINATION:0.5350567576815112
C_ROOKANDPAWNMOVEMENT:0.5350567576815112
C_CENTERCONTROL:0.36210939911692797
C_DEVELOPPIECES:0.5020546866166226
C_MATERIAL:0.6921624257642893
