ELO:993
CE_PASSEDPAWNS:0.47438809615332267
CE_PAWNWEAKNESSES:0.5070990294448561
CE_PIECEACTIVITY:0.548198249066841
CE_KINGPAWNSHIELD:0.5025389286246391
CE_PIECECOORDINATION:0.5152119484166874
CE_MATERIAL:0.49058948920928497
CE_KINGSAFETY:0.5632170546434097
C_PIECESQUARETABLES:0.5341251618948643
C_MOBILITY:0.5675664444840516
C_KINGSAFETY:0.5115537109153674
C_PAWNSTRUCTURE:0.5316115491990611
C_PIECECOORDINATION:0.5133906895182119
C_ROOKANDPAWNMOVEMENT:0.5133906895182119
C_CENTERCONTROL:0.47484563115009676
C_DEVELOPPIECES:0.5678524603926239
C_MATERIAL:0.5560850561682122
