ELO:958
CE_PASSEDPAWNS:0.39656288636160486
CE_PAWNWEAKNESSES:0.4772026662142642
CE_PIECEACTIVITY:0.5060177252655558
CE_KINGPAWNSHIELD:0.44435395050918797
CE_PIECECOORDINATION:0.40440851396144617
CE_MATERIAL:0.486595540031986
CE_KINGSAFETY:0.49471462020896756
C_PIECESQUARETABLES:0.5121507863877104
C_MOBILITY:0.48289429060558203
C_KINGSAFETY:0.48136679806623833
C_PAWNSTRUCTURE:0.5442719372520043
C_PIECECOORDINATION:0.4977436736776402
C_ROOKANDPAWNMOVEMENT:0.4977436736776402
C_CENTERCONTROL:0.5238004832750236
C_DEVELOPPIECES:0.5274407399562479
C_MATERIAL:0.4528231235397907
