ELO:961
CE_PASSEDPAWNS:0.41366565956082646
CE_PAWNWEAKNESSES:0.47701896885940054
CE_PIECEACTIVITY:0.5160827064030391
CE_KINGPAWNSHIELD:0.43144119291168037
CE_PIECECOORDINATION:0.43809744607301004
CE_MATERIAL:0.5136669623129572
CE_KINGSAFETY:0.507176235205856
C_PIECESQUARETABLES:0.5242470731
C_MOBILITY:0.495347285403337
C_KINGSAFETY:0.5091261341367823
C_PAWNSTRUCTURE:0.49968842001442976
C_PIECECOORDINATION:0.5255460669854269
C_ROOKANDPAWNMOVEMENT:0.5255460669854269
C_CENTERCONTROL:0.5182337121587156
C_DEVELOPPIECES:0.5386513989381776
C_MATERIAL:0.4959905209389311
