ELO:889
CE_PASSEDPAWNS:0.5401390162781092
CE_PAWNWEAKNESSES:0.5226260950057247
CE_PIECEACTIVITY:0.49381904609348276
CE_KINGPAWNSHIELD:0.4493483241730459
CE_PIECECOORDINATION:0.5503577242539184
CE_MATERIAL:0.5446546123124062
CE_KINGSAFETY:0.45659618601254304
C_PIECESQUARETABLES:0.4684459143300823
C_MOBILITY:0.4977285304891556
C_KINGSAFETY:0.48059432428777155
C_PAWNSTRUCTURE:0.4069153536069559
C_PIECECOORDINATION:0.44290401863491785
C_ROOKANDPAWNMOVEMENT:0.44290401863491785
C_CENTERCONTROL:0.4616116675464194
C_DEVELOPPIECES:0.4929536290198138
C_MATERIAL:0.58893633950787
C_MOVECOUNT:0.47898007715614266
