ELO:948
CE_PASSEDPAWNS:0.5493245983210526
CE_PAWNWEAKNESSES:0.49313021423393016
CE_PIECEACTIVITY:0.49109967578081604
CE_KINGPAWNSHIELD:0.4308872547465745
CE_PIECECOORDINATION:0.5168888395760021
CE_MATERIAL:0.5049909065141808
CE_KINGSAFETY:0.5
C_PIECESQUARETABLES:0.5
C_MOBILITY:0.40613123142479535
C_KINGSAFETY:0.5128072406571822
C_PAWNSTRUCTURE:0.539013579041045
C_PIECECOORDINATION:0.5280342735497159
C_ROOKANDPAWNMOVEMENT:0.5280342735497159
C_CENTERCONTROL:0.5847455270043311
C_DEVELOPPIECES:0.43315964958583353
C_MATERIAL:0.6249562774005232
