ELO:882
CE_PASSEDPAWNS:0.5134890315970684
CE_PAWNWEAKNESSES:0.4868177782246734
CE_PIECEACTIVITY:0.5271512665671277
CE_KINGPAWNSHIELD:0.46752170864171194
CE_PIECECOORDINATION:0.5103592463186172
CE_MATERIAL:0.4914855199368269
CE_KINGSAFETY:0.5112247998874064
C_PIECESQUARETABLES:0.5126880991566969
C_MOBILITY:0.45708971006030635
C_KINGSAFETY:0.5411974053097587
C_PAWNSTRUCTURE:0.4431435535527134
C_PIECECOORDINATION:0.5289480529918568
C_ROOKANDPAWNMOVEMENT:0.5289480529918568
C_CENTERCONTROL:0.4942269275507045
C_DEVELOPPIECES:0.5113727053003428
C_MATERIAL:0.518157918585025
C_MOVECOUNT:0.498368821928467
