ELO:951
CE_PASSEDPAWNS:0.5009722483649859
CE_PAWNWEAKNESSES:0.5013059294750325
CE_PIECEACTIVITY:0.5118989382901039
CE_KINGPAWNSHIELD:0.5
CE_PIECECOORDINATION:0.4954463181562066
CE_MATERIAL:0.5096639698138723
CE_KINGSAFETY:0.4999564212804151
C_PIECESQUARETABLES:0.481834643154082
C_MOBILITY:0.5
C_KINGSAFETY:0.4999510023601934
C_PAWNSTRUCTURE:0.509365755915132
C_PIECECOORDINATION:0.4879389407586306
C_ROOKANDPAWNMOVEMENT:0.4879389407586306
C_CENTERCONTROL:0.5003364840090287
C_DEVELOPPIECES:0.5168297997679491
C_MATERIAL:0.4930190466871746
C_MOVECOUNT:0.5
