ELO:1000
CE_PASSEDPAWNS:0.504488026279437
CE_PAWNWEAKNESSES:0.5127515312105335
CE_PIECEACTIVITY:0.5342336060656139
CE_KINGPAWNSHIELD:0.4774917286957808
CE_PIECECOORDINATION:0.5061420118144544
CE_MATERIAL:0.49218411742177387
CE_KINGSAFETY:0.5000260246604452
C_PIECESQUARETABLES:0.5028463967894546
C_MOBILITY:0.5077665743727932
C_KINGSAFETY:0.4926378403875723
C_PAWNSTRUCTURE:0.5167455766745589
C_PIECECOORDINATION:0.5266261027340602
C_ROOKANDPAWNMOVEMENT:0.5266261027340602
C_CENTERCONTROL:0.5381073477060708
C_DEVELOPPIECES:0.4865766355716529
C_MATERIAL:0.4931121140063891
