ELO:872
CE_PASSEDPAWNS:0.46430673042931736
CE_PAWNWEAKNESSES:0.5246883880341378
CE_PIECEACTIVITY:0.43279853051574524
CE_KINGPAWNSHIELD:0.5365098231828359
CE_PIECECOORDINATION:0.5343291007164818
CE_MATERIAL:0.4852717329069484
CE_KINGSAFETY:0.5
C_PIECESQUARETABLES:0.5
C_MOBILITY:0.5498922192723272
C_KINGSAFETY:0.4871488100696565
C_PAWNSTRUCTURE:0.45179077044703875
C_PIECECOORDINATION:0.53595349314808
C_ROOKANDPAWNMOVEMENT:0.53595349314808
C_CENTERCONTROL:0.5263812577646969
C_DEVELOPPIECES:0.5825421653264018
C_MATERIAL:0.4535870318409125
C_MOVECOUNT:0.5
