ELO:984
CE_PASSEDPAWNS:0.5300883640504975
CE_PAWNWEAKNESSES:0.5289691509270146
CE_PIECEACTIVITY:0.5223912615477108
CE_KINGPAWNSHIELD:0.4151116027499946
CE_PIECECOORDINATION:0.4682567518215738
CE_MATERIAL:0.5092910556090313
CE_KINGSAFETY:0.49310955977398496
C_PIECESQUARETABLES:0.5215787006690716
C_MOBILITY:0.4825079100060699
C_KINGSAFETY:0.5616554946513173
C_PAWNSTRUCTURE:0.5084357943884826
C_PIECECOORDINATION:0.5354393826565851
C_ROOKANDPAWNMOVEMENT:0.5354393826565851
C_CENTERCONTROL:0.3989648915172836
C_DEVELOPPIECES:0.5067495606305472
C_MATERIAL:0.5773865668907605
