ELO:938
CE_PASSEDPAWNS:0.36466930616248405
CE_PAWNWEAKNESSES:0.516488274996255
CE_PIECEACTIVITY:0.47530666142955424
CE_KINGPAWNSHIELD:0.48542811467274294
CE_PIECECOORDINATION:0.46243165673269127
CE_MATERIAL:0.4950183686234413
CE_KINGSAFETY:0.49918782552218804
C_PIECESQUARETABLES:0.4997760476718856
C_MOBILITY:0.5035373794296931
C_KINGSAFETY:0.5396980831122364
C_PAWNSTRUCTURE:0.3758079165372311
C_PIECECOORDINATION:0.42345127522929743
C_ROOKANDPAWNMOVEMENT:0.42345127522929743
C_CENTERCONTROL:0.5858112216623464
C_DEVELOPPIECES:0.48344779040913105
C_MATERIAL:0.4611532219928287
