ELO:985
CE_PASSEDPAWNS:0.49990144681505333
CE_PAWNWEAKNESSES:0.46447992822737366
CE_PIECEACTIVITY:0.4678546224007406
CE_KINGPAWNSHIELD:0.5013970566913613
CE_PIECECOORDINATION:0.48011556244591536
CE_MATERIAL:0.47298518138944884
CE_KINGSAFETY:0.5
C_PIECESQUARETABLES:0.5
C_MOBILITY:0.48087454023386844
C_KINGSAFETY:0.5055106206524402
C_PAWNSTRUCTURE:0.504545020555638
C_PIECECOORDINATION:0.5080923557365292
C_ROOK:0.49637412784041257
CE_ROOK:0.48744994334389363
C_CENTERCONTROL:0.5050846133425465
C_DEVELOPPIECES:0.5116603358291836
C_MATERIAL:0.4745469579482232
C_MOVECOUNT:0.4990939647291253
C_PAWNMOVEMENT:0.510581899906109
