ELO:1000
CE_PASSEDPAWNS:0.5018837657883288
CE_PAWNWEAKNESSES:0.5151224040586853
CE_PIECEACTIVITY:0.5223472719119712
CE_KINGPAWNSHIELD:0.4889256490594474
CE_PIECECOORDINATION:0.4873956809636807
CE_MATERIAL:0.5077670801677574
CE_KINGSAFETY:0.5122851854290796
C_PIECESQUARETABLES:0.5068896624420944
C_MOBILITY:0.5499501758711228
C_KINGSAFETY:0.4991053489529564
C_PAWNSTRUCTURE:0.5303015198123849
C_PIECECOORDINATION:0.5173574770937237
C_ROOKANDPAWNMOVEMENT:0.5173574770937237
C_CENTERCONTROL:0.49558712563412527
C_DEVELOPPIECES:0.5409222524825972
C_MATERIAL:0.5373348122871549
