ELO:984
CE_PASSEDPAWNS:0.5126932869110713
CE_PAWNWEAKNESSES:0.5296395053134815
CE_PIECEACTIVITY:0.5196999242550779
CE_KINGPAWNSHIELD:0.39475728388805864
CE_PIECECOORDINATION:0.44538019471221774
CE_MATERIAL:0.5561775794490093
CE_KINGSAFETY:0.49310955977398496
C_PIECESQUARETABLES:0.49652128342644375
C_MOBILITY:0.5231288867645295
C_KINGSAFETY:0.5077087654596292
C_PAWNSTRUCTURE:0.49852409443460705
C_PIECECOORDINATION:0.5432673744001543
C_ROOKANDPAWNMOVEMENT:0.5432673744001543
C_CENTERCONTROL:0.3989648915172836
C_DEVELOPPIECES:0.5067495606305472
C_MATERIAL:0.5789395712866476
