ELO:942
CE_PASSEDPAWNS:0.5106300650418459
CE_PAWNWEAKNESSES:0.5057028131660161
CE_PIECEACTIVITY:0.5022311978787511
CE_KINGPAWNSHIELD:0.4847311825242542
CE_PIECECOORDINATION:0.5
CE_MATERIAL:0.5148460920039813
CE_KINGSAFETY:0.517950418900141
C_PIECESQUARETABLES:0.5249582884765887
C_MOBILITY:0.5389677281073136
C_KINGSAFETY:0.4885944554843142
C_PAWNSTRUCTURE:0.5429676596000593
C_PIECECOORDINATION:0.49439127702489
C_ROOKANDPAWNMOVEMENT:0.49439127702489
C_CENTERCONTROL:0.49610183452439904
C_DEVELOPPIECES:0.5068669469370424
C_MATERIAL:0.4457423319692254
C_MOVECOUNT:0.5
