ELO:1015
CE_PASSEDPAWNS:0.506963564324103
CE_PAWNWEAKNESSES:0.4860842784422737
CE_PIECEACTIVITY:0.5
CE_KINGPAWNSHIELD:0.5
CE_PIECECOORDINATION:0.492052085754388
CE_MATERIAL:0.5
CE_KINGSAFETY:0.5
C_PIECESQUARETABLES:0.5
C_MOBILITY:0.46559478107475527
C_KINGSAFETY:0.5
C_PAWNSTRUCTURE:0.49623414090120804
C_PIECECOORDINATION:0.5036282124323512
C_ROOKANDPAWNMOVEMENT:0.5036282124323512
C_CENTERCONTROL:0.5011764541295259
C_DEVELOPPIECES:0.5116304405101404
C_MATERIAL:0.4878964410204243
C_MOVECOUNT:0.5
