ELO:1013
CE_PASSEDPAWNS:0.5684983976727707
CE_PAWNWEAKNESSES:0.4571944718407249
CE_PIECEACTIVITY:0.5475889336400621
CE_KINGPAWNSHIELD:0.5108264033655647
CE_PIECECOORDINATION:0.48587531543700524
CE_MATERIAL:0.5106591424010588
CE_KINGSAFETY:0.5023750002976773
C_PIECESQUARETABLES:0.5
C_MOBILITY:0.5792205432411374
C_KINGSAFETY:0.43042139011435976
C_PAWNSTRUCTURE:0.504760231042179
C_PIECECOORDINATION:0.4892013917203052
C_ROOKANDPAWNMOVEMENT:0.4892013917203052
C_CENTERCONTROL:0.44624597019036766
C_DEVELOPPIECES:0.5550572470407661
C_MATERIAL:0.4867934705523243
