ELO:998
CE_PASSEDPAWNS:0.500312521377874
CE_PAWNWEAKNESSES:0.44956927907722627
CE_PIECEACTIVITY:0.47758811134394236
CE_KINGPAWNSHIELD:0.5042457314942327
CE_PIECECOORDINATION:0.46897490733486463
CE_MATERIAL:0.49389685254912047
CE_KINGSAFETY:0.5039458077200675
C_PIECESQUARETABLES:0.4863516510343121
C_MOBILITY:0.48758518339516355
C_KINGSAFETY:0.49914005832373864
C_PAWNSTRUCTURE:0.4968157751312003
C_PIECECOORDINATION:0.5080923557365292
C_ROOK:0.4970459237513173
CE_ROOK:0.47453616218073247
C_CENTERCONTROL:0.5147820968876393
C_DEVELOPPIECES:0.5199452784420787
C_MATERIAL:0.4850597758169273
C_MOVECOUNT:0.5029926592174891
C_PAWNMOVEMENT:0.5187743364620654
