ELO:1032
CE_PASSEDPAWNS:0.47414491361653405
CE_PAWNWEAKNESSES:0.49042529446085825
CE_PIECEACTIVITY:0.5
CE_KINGPAWNSHIELD:0.5
CE_PIECECOORDINATION:0.5
CE_MATERIAL:0.5178871244726546
CE_KINGSAFETY:0.4995057577214477
C_PIECESQUARETABLES:0.5057061735937973
C_MOBILITY:0.49749466983580803
C_KINGSAFETY:0.49433907303102037
C_PAWNSTRUCTURE:0.5082917317804971
C_PIECECOORDINATION:0.4991548167990091
C_ROOKANDPAWNMOVEMENT:0.4991548167990091
C_CENTERCONTROL:0.49710960859590547
C_DEVELOPPIECES:0.5071706117693731
C_MATERIAL:0.5
