ELO:937
CE_PASSEDPAWNS:0.5224269425007767
CE_PAWNWEAKNESSES:0.5558963946215033
CE_PIECEACTIVITY:0.4379739593645996
CE_KINGPAWNSHIELD:0.472425202826863
CE_PIECECOORDINATION:0.5942930104904448
CE_MATERIAL:0.4413788430771166
CE_KINGSAFETY:0.49680377525523683
C_PIECESQUARETABLES:0.5014987158571488
C_MOBILITY:0.5291354446122325
C_KINGSAFETY:0.5447763303696829
C_PAWNSTRUCTURE:0.5164404900476479
C_PIECECOORDINATION:0.5308918279034565
C_ROOKANDPAWNMOVEMENT:0.5308918279034565
C_CENTERCONTROL:0.4527057141508031
C_DEVELOPPIECES:0.46657311362772697
C_MATERIAL:0.5350465892371368
