ELO:909
CE_PASSEDPAWNS:0.5185862794485353
CE_PAWNWEAKNESSES:0.5165889201779096
CE_PIECEACTIVITY:0.49547913328246873
CE_KINGPAWNSHIELD:0.480646067953188
CE_PIECECOORDINATION:0.5086194370302588
CE_MATERIAL:0.49741397393390274
CE_KINGSAFETY:0.4793718270772506
C_PIECESQUARETABLES:0.49747070749183825
C_MOBILITY:0.49736569470491976
C_KINGSAFETY:0.5060020450262276
C_PAWNSTRUCTURE:0.435645234580228
C_PIECECOORDINATION:0.5057249962979072
C_ROOKANDPAWNMOVEMENT:0.5057249962979072
C_CENTERCONTROL:0.49300152925263185
C_DEVELOPPIECES:0.4943184128062125
C_MATERIAL:0.5161877799593673
C_MOVECOUNT:0.4879864666864722
