ELO:946
CE_PASSEDPAWNS:0.5090418958777191
CE_PAWNWEAKNESSES:0.4980432487546222
CE_PIECEACTIVITY:0.5076435894626666
CE_KINGPAWNSHIELD:0.5130989775525214
CE_PIECECOORDINATION:0.48947967341548676
CE_MATERIAL:0.48140278912560464
CE_KINGSAFETY:0.5128318363163464
C_PIECESQUARETABLES:0.48752707078319696
C_MOBILITY:0.47927745848088416
C_KINGSAFETY:0.5021713887556911
C_PAWNSTRUCTURE:0.48534772455581005
C_PIECECOORDINATION:0.5132636446989102
C_ROOKANDPAWNMOVEMENT:0.5132636446989102
C_CENTERCONTROL:0.481953537086657
C_DEVELOPPIECES:0.49811110947361426
C_MATERIAL:0.49178760975730823
C_MOVECOUNT:0.4954982957960516
