ELO:1000
CE_PASSEDPAWNS:0.508095590254658
CE_PAWNWEAKNESSES:0.5277438921831835
CE_PIECEACTIVITY:0.556752173158646
CE_KINGPAWNSHIELD:0.4681054045939643
CE_PIECECOORDINATION:0.5131786471961234
CE_MATERIAL:0.47370043892369373
CE_KINGSAFETY:0.49910133578941596
C_PIECESQUARETABLES:0.4973473129560971
C_MOBILITY:0.4891165097034733
C_KINGSAFETY:0.4963599241415153
C_PAWNSTRUCTURE:0.5341569257307635
C_PIECECOORDINATION:0.5163371699327866
C_ROOKANDPAWNMOVEMENT:0.5163371699327866
C_CENTERCONTROL:0.5390580403842992
C_DEVELOPPIECES:0.4865766355716529
C_MATERIAL:0.48827683806938604
