ELO:877
CE_PASSEDPAWNS:0.5146592018301537
CE_PAWNWEAKNESSES:0.5241284966924106
CE_PIECEACTIVITY:0.5589338902337325
CE_KINGPAWNSHIELD:0.4818153407392808
CE_PIECECOORDINATION:0.49707755560502354
CE_MATERIAL:0.5108624654217278
CE_KINGSAFETY:0.4942052065868309
C_PIECESQUARETABLES:0.487080367975791
C_MOBILITY:0.4806698837659438
C_KINGSAFETY:0.5500515348168228
C_PAWNSTRUCTURE:0.5099611023627408
C_PIECECOORDINATION:0.5061188686329238
C_ROOK:0.4988751958020348
CE_ROOK:0.49725641368241486
C_CENTERCONTROL:0.5087548035858054
C_DEVELOPPIECES:0.5554175479985918
C_MATERIAL:0.522168151174307
C_MOVECOUNT:0.4911741939111321
C_PAWNMOVEMENT:0.5245838847421865
