ELO:730
CE_PASSEDPAWNS:0.49845698767038504
CE_PAWNWEAKNESSES:0.5434805999760445
CE_PIECEACTIVITY:0.5486163136298027
CE_KINGPAWNSHIELD:0.46431471680666975
CE_PIECECOORDINATION:0.5130842118762453
CE_MATERIAL:0.48265669724934024
CE_KINGSAFETY:0.4795310896734277
C_PIECESQUARETABLES:0.46732931951648404
C_MOBILITY:0.4684450872231577
C_KINGSAFETY:0.41743641247778646
C_PAWNSTRUCTURE:0.5696592057280251
C_PIECECOORDINATION:0.5441046818788721
C_ROOKANDPAWNMOVEMENT:0.5441046818788721
C_CENTERCONTROL:0.475493856523118
C_DEVELOPPIECES:0.49520087128893614
C_MATERIAL:0.5650943812511677
C_MOVECOUNT:0.5
