ELO:972
CE_PASSEDPAWNS:0.5210597788208355
CE_PAWNWEAKNESSES:0.4597309171262181
CE_PIECEACTIVITY:0.4775839804133116
CE_KINGPAWNSHIELD:0.5187856836740797
CE_PIECECOORDINATION:0.478680790324655
CE_MATERIAL:0.48564872966116657
CE_KINGSAFETY:0.4982664113083343
C_PIECESQUARETABLES:0.5
C_MOBILITY:0.49715851820714857
C_KINGSAFETY:0.5092889007258221
C_PAWNSTRUCTURE:0.49317471013330627
C_PIECECOORDINATION:0.515925093887725
C_ROOK:0.4910445247043144
CE_ROOK:0.48491042348447927
C_CENTERCONTROL:0.49735861825205224
C_DEVELOPPIECES:0.5244919296029931
C_MATERIAL:0.47967123606754497
C_MOVECOUNT:0.525841565357959
C_PAWNMOVEMENT:0.5060801860426705
