ELO:960
CE_PASSEDPAWNS:0.4031348615153044
CE_PAWNWEAKNESSES:0.47395471969218067
CE_PIECEACTIVITY:0.5082116046672229
CE_KINGPAWNSHIELD:0.4308730910552932
CE_PIECECOORDINATION:0.421228734117715
CE_MATERIAL:0.5023512709337828
CE_KINGSAFETY:0.5
C_PIECESQUARETABLES:0.5298869857159816
C_MOBILITY:0.5063604078285141
C_KINGSAFETY:0.46960142263587495
C_PAWNSTRUCTURE:0.5366107068496444
C_PIECECOORDINATION:0.4984711479864814
C_ROOKANDPAWNMOVEMENT:0.4984711479864814
C_CENTERCONTROL:0.5226001250145947
C_DEVELOPPIECES:0.5328312141653128
C_MATERIAL:0.48268680984381374
