ELO:870
CE_PASSEDPAWNS:0.5132059636668387
CE_PAWNWEAKNESSES:0.46477031290224313
CE_PIECEACTIVITY:0.5375189145799039
CE_KINGPAWNSHIELD:0.49062823857829485
CE_PIECECOORDINATION:0.4804993041822898
CE_MATERIAL:0.5067211400989345
CE_KINGSAFETY:0.4859036739172581
C_PIECESQUARETABLES:0.52360263675421
C_MOBILITY:0.47918121873845704
C_KINGSAFETY:0.4437132746082097
C_PAWNSTRUCTURE:0.49498164498936403
C_PIECECOORDINATION:0.4925287428512198
C_ROOKANDPAWNMOVEMENT:0.4925287428512198
C_CENTERCONTROL:0.4902490418834797
C_DEVELOPPIECES:0.5298973260985624
C_MATERIAL:0.525343650587519
C_MOVECOUNT:0.5
