ELO:1051
CE_PASSEDPAWNS:0.4973200641185844
CE_PAWNWEAKNESSES:0.5
CE_PIECEACTIVITY:0.4974720181032529
CE_KINGPAWNSHIELD:0.5
CE_PIECECOORDINATION:0.5
CE_MATERIAL:0.49363520316504067
CE_KINGSAFETY:0.4901855130939113
C_PIECESQUARETABLES:0.5024339495096695
C_MOBILITY:0.505232959458698
C_KINGSAFETY:0.4993689061421149
C_PAWNSTRUCTURE:0.48667080046954203
C_PIECECOORDINATION:0.506883909720162
C_ROOKANDPAWNMOVEMENT:0.506883909720162
C_CENTERCONTROL:0.5043761932962392
C_DEVELOPPIECES:0.5123570937292216
C_MATERIAL:0.507594659990718
