ELO:1042
CE_PASSEDPAWNS:0.5
CE_PAWNWEAKNESSES:0.4987321604368411
CE_PIECEACTIVITY:0.5093121193393433
CE_KINGPAWNSHIELD:0.49605881165267063
CE_PIECECOORDINATION:0.49418844596292194
CE_MATERIAL:0.5
CE_KINGSAFETY:0.5
C_PIECESQUARETABLES:0.5107289762598892
C_MOBILITY:0.4956294961441504
C_KINGSAFETY:0.5
C_PAWNSTRUCTURE:0.522818676211315
C_PIECECOORDINATION:0.5000491359163557
C_ROOK:0.5
CE_ROOK:0.5
C_CENTERCONTROL:0.5
C_DEVELOPPIECES:0.4983698074137378
C_MATERIAL:0.5
C_MOVECOUNT:0.4959583803611713
C_PAWNMOVEMENT:0.5
