ELO:984
CE_PASSEDPAWNS:0.5081561643073259
CE_PAWNWEAKNESSES:0.4852468518235088
CE_PIECEACTIVITY:0.496768813750192
CE_KINGPAWNSHIELD:0.519256312104435
CE_PIECECOORDINATION:0.4882001472314548
CE_MATERIAL:0.49449577073837037
CE_KINGSAFETY:0.48994303159352404
C_PIECESQUARETABLES:0.5165565994231794
C_MOBILITY:0.5087862171536488
C_KINGSAFETY:0.5089058925474661
C_PAWNSTRUCTURE:0.48593283980261603
C_PIECECOORDINATION:0.5084990884528723
C_ROOKANDPAWNMOVEMENT:0.5084990884528723
C_CENTERCONTROL:0.5053136934050463
C_DEVELOPPIECES:0.5109674176113017
C_MATERIAL:0.5054900048882491
