ELO:945
CE_PASSEDPAWNS:0.5050769283815885
CE_PAWNWEAKNESSES:0.5613482087876752
CE_PIECEACTIVITY:0.4361707671232547
CE_KINGPAWNSHIELD:0.4629381933278509
CE_PIECECOORDINATION:0.6004591910881475
CE_MATERIAL:0.44911240256610324
CE_KINGSAFETY:0.4858115906364899
C_PIECESQUARETABLES:0.5026354084747159
C_MOBILITY:0.5516286159865819
C_KINGSAFETY:0.5576641466628427
C_PAWNSTRUCTURE:0.5108627666859417
C_PIECECOORDINATION:0.5239178558623436
C_ROOKANDPAWNMOVEMENT:0.5239178558623436
C_CENTERCONTROL:0.46859891553540695
C_DEVELOPPIECES:0.48661428052996214
C_MATERIAL:0.5650646847648942
