ELO:894
CE_PASSEDPAWNS:0.508653238577595
CE_PAWNWEAKNESSES:0.5002465944404778
CE_PIECEACTIVITY:0.5085778311575471
CE_KINGPAWNSHIELD:0.4730773368742895
CE_PIECECOORDINATION:0.5175206643272804
CE_MATERIAL:0.48038135049905634
CE_KINGSAFETY:0.515953418676205
C_PIECESQUARETABLES:0.5114775375877336
C_MOBILITY:0.46485584285498344
C_KINGSAFETY:0.5345531301955213
C_PAWNSTRUCTURE:0.4292094938728495
C_PIECECOORDINATION:0.5183705517062257
C_ROOKANDPAWNMOVEMENT:0.5183705517062257
C_CENTERCONTROL:0.4550083169001039
C_DEVELOPPIECES:0.5116117380879508
C_MATERIAL:0.5130732949757822
C_MOVECOUNT:0.48308848250575703
