ELO:986
CE_PASSEDPAWNS:0.4671377356409929
CE_PAWNWEAKNESSES:0.5070990294448561
CE_PIECEACTIVITY:0.555480227166671
CE_KINGPAWNSHIELD:0.5089039268949935
CE_PIECECOORDINATION:0.49848930795587426
CE_MATERIAL:0.4847639272741357
CE_KINGSAFETY:0.4973045190990791
C_PIECESQUARETABLES:0.5076660175500418
C_MOBILITY:0.5607906492620065
C_KINGSAFETY:0.5177060004839628
C_PAWNSTRUCTURE:0.5290017009952919
C_PIECECOORDINATION:0.5122750080186208
C_ROOKANDPAWNMOVEMENT:0.5122750080186208
C_CENTERCONTROL:0.44966095333458345
C_DEVELOPPIECES:0.5639268068570212
C_MATERIAL:0.5629038995464782
