ELO:999
CE_PASSEDPAWNS:0.5
CE_PAWNWEAKNESSES:0.5
CE_PIECEACTIVITY:0.49638426285859744
CE_KINGPAWNSHIELD:0.4889022385526774
CE_PIECECOORDINATION:0.5039182744811902
CE_MATERIAL:0.5
CE_KINGSAFETY:0.5
C_PIECESQUARETABLES:0.5
C_MOBILITY:0.5
C_KINGSAFETY:0.5205060700778785
C_PAWNSTRUCTURE:0.5
C_PIECECOORDINATION:0.5123399651738656
C_ROOK:0.4994641745570799
CE_ROOK:0.49834297542638517
C_CENTERCONTROL:0.5091007194831735
C_DEVELOPPIECES:0.502483107516555
C_MATERIAL:0.481006766873375
C_MOVECOUNT:0.49864697072639846
C_PAWNMOVEMENT:0.4995459241716381
