ELO:953
CE_PASSEDPAWNS:0.49804080966119796
CE_PAWNWEAKNESSES:0.4557739334286336
CE_PIECEACTIVITY:0.5516704367096964
CE_KINGPAWNSHIELD:0.4957537280395388
CE_PIECECOORDINATION:0.5078157315688798
CE_MATERIAL:0.49619141452861865
CE_KINGSAFETY:0.5
C_PIECESQUARETABLES:0.5
C_MOBILITY:0.5458908239144852
C_KINGSAFETY:0.46549251813746473
C_PAWNSTRUCTURE:0.5209209617037802
C_PIECECOORDINATION:0.48017668984014866
C_ROOK:0.48495615821478666
CE_ROOK:0.4895994787062202
C_CENTERCONTROL:0.5011130327511483
C_DEVELOPPIECES:0.46710467024451535
C_MATERIAL:0.46895827824056247
C_MOVECOUNT:0.5150415219549568
C_PAWNMOVEMENT:0.49282377727258386
