ELO:1010
CE_PASSEDPAWNS:0.4824161159406059
CE_PAWNWEAKNESSES:0.5
CE_PIECEACTIVITY:0.49978264229982444
CE_KINGPAWNSHIELD:0.4889022385526774
CE_PIECECOORDINATION:0.49115584148999897
CE_MATERIAL:0.5
CE_KINGSAFETY:0.5096255444694405
C_PIECESQUARETABLES:0.5098013587221634
C_MOBILITY:0.5121124490705438
C_KINGSAFETY:0.5100259889501524
C_PAWNSTRUCTURE:0.49866488811349136
C_PIECECOORDINATION:0.5130630629987065
C_ROOK:0.5048071818876927
CE_ROOK:0.5082647991964684
C_CENTERCONTROL:0.5113935860983515
C_DEVELOPPIECES:0.5036944895326616
C_MATERIAL:0.481006766873375
C_MOVECOUNT:0.49864697072639846
C_PAWNMOVEMENT:0.49548149989893736
