ELO:1000
CE_PASSEDPAWNS:0.47878439222692354
CE_PAWNWEAKNESSES:0.5211002913010138
CE_PIECEACTIVITY:0.523557529047082
CE_KINGPAWNSHIELD:0.49733339437344637
CE_PIECECOORDINATION:0.515574726792355
CE_MATERIAL:0.49808913753230194
CE_KINGSAFETY:0.550938999150477
C_PIECESQUARETABLES:0.5073665564723914
C_MOBILITY:0.563812495161524
C_KINGSAFETY:0.5160362486250111
C_PAWNSTRUCTURE:0.5201336807389152
C_PIECECOORDINATION:0.5204411607204867
C_ROOKANDPAWNMOVEMENT:0.5204411607204867
C_CENTERCONTROL:0.4704061529670258
C_DEVELOPPIECES:0.575933283286484
C_MATERIAL:0.5584045814924455
