ELO:941
CE_PASSEDPAWNS:0.5071302536218224
CE_PAWNWEAKNESSES:0.5154741713536364
CE_PIECEACTIVITY:0.5
CE_KINGPAWNSHIELD:0.5063602793865284
CE_PIECECOORDINATION:0.49363904085443844
CE_MATERIAL:0.517331249628241
CE_KINGSAFETY:0.47482731187747124
C_PIECESQUARETABLES:0.5089189997156277
C_MOBILITY:0.5038804864627927
C_KINGSAFETY:0.490814926869596
C_PAWNSTRUCTURE:0.48624672630760507
C_PIECECOORDINATION:0.4672515154493319
C_ROOKANDPAWNMOVEMENT:0.4672515154493319
C_CENTERCONTROL:0.5110210188613573
C_DEVELOPPIECES:0.5110063786682844
C_MATERIAL:0.5
C_MOVECOUNT:0.4946523392351058
