ELO:1021
CE_PASSEDPAWNS:0.5087678851727061
CE_PAWNWEAKNESSES:0.5
CE_PIECEACTIVITY:0.5
CE_KINGPAWNSHIELD:0.508615086729788
CE_PIECECOORDINATION:0.49341182624721874
CE_MATERIAL:0.5049052640418611
CE_KINGSAFETY:0.49751726370175836
C_PIECESQUARETABLES:0.5067698136508734
C_MOBILITY:0.5072888211093223
C_KINGSAFETY:0.5
C_PAWNSTRUCTURE:0.4767234526246035
C_PIECECOORDINATION:0.4999135212724981
C_ROOKANDPAWNMOVEMENT:0.4999135212724981
C_CENTERCONTROL:0.5
C_DEVELOPPIECES:0.5293662111368885
C_MATERIAL:0.5179165904044422
