ELO:991
CE_PASSEDPAWNS:0.5098076584052756
CE_PAWNWEAKNESSES:0.5163534130561871
CE_PIECEACTIVITY:0.5622449557233022
CE_KINGPAWNSHIELD:0.4572786332060299
CE_PIECECOORDINATION:0.5018972865324888
CE_MATERIAL:0.450360253187959
CE_KINGSAFETY:0.5
C_PIECESQUARETABLES:0.5070288626619137
C_MOBILITY:0.5758621359857178
C_KINGSAFETY:0.5423871724275466
C_PAWNSTRUCTURE:0.5367921012715701
C_PIECECOORDINATION:0.5594702929443356
C_ROOKANDPAWNMOVEMENT:0.5594702929443356
C_CENTERCONTROL:0.4053515337058036
C_DEVELOPPIECES:0.5448526990382543
C_MATERIAL:0.5471446407091163
