ELO:989
CE_PASSEDPAWNS:0.5005116548341181
CE_PAWNWEAKNESSES:0.507769157584389
CE_PIECEACTIVITY:0.470484843081036
CE_KINGPAWNSHIELD:0.4973442134158641
CE_PIECECOORDINATION:0.47416014520375893
CE_MATERIAL:0.5046515342989748
CE_KINGSAFETY:0.5003889223956595
C_PIECESQUARETABLES:0.5032502076223673
C_MOBILITY:0.5373533763852476
C_KINGSAFETY:0.527287549481569
C_PAWNSTRUCTURE:0.5122480727183601
C_PIECECOORDINATION:0.5179925301678149
C_ROOKANDPAWNMOVEMENT:0.5179925301678149
C_CENTERCONTROL:0.48479808787435547
C_DEVELOPPIECES:0.48760325891946615
C_MATERIAL:0.49750057109061274
