ELO:1064
CE_PASSEDPAWNS:0.521696994521181
CE_PAWNWEAKNESSES:0.5008540239106584
CE_PIECEACTIVITY:0.47720231126595597
CE_KINGPAWNSHIELD:0.49593712777323334
CE_PIECECOORDINATION:0.5
CE_MATERIAL:0.49140928926484095
CE_KINGSAFETY:0.5
C_PIECESQUARETABLES:0.5
C_MOBILITY:0.508670177124862
C_KINGSAFETY:0.4894166856521529
C_PAWNSTRUCTURE:0.49581633567670125
C_PIECECOORDINATION:0.5210789240236054
C_ROOK:0.4958619021682919
CE_ROOK:0.4992885448329656
C_CENTERCONTROL:0.4852142059805234
C_DEVELOPPIECES:0.4961452687840419
C_MATERIAL:0.482047255442402
C_MOVECOUNT:0.4855472504276063
C_PAWNMOVEMENT:0.48715733345721796
