ELO:1083
CE_PASSEDPAWNS:0.5
CE_PAWNWEAKNESSES:0.45970070309526584
CE_PIECEACTIVITY:0.486057321236255
CE_KINGPAWNSHIELD:0.4523522721163376
CE_PIECECOORDINATION:0.5
CE_MATERIAL:0.497844968698783
CE_KINGSAFETY:0.4807459354356822
C_PIECESQUARETABLES:0.5
C_MOBILITY:0.5
C_KINGSAFETY:0.49467298267621646
C_PAWNSTRUCTURE:0.5402429035349409
C_PIECECOORDINATION:0.5
C_ROOKANDPAWNMOVEMENT:0.5
C_CENTERCONTROL:0.5
C_DEVELOPPIECES:0.5167504656915132
C_MATERIAL:0.5
C_MOVECOUNT:0.5
