ELO:1000
CE_PASSEDPAWNS:0.48286299813396955
CE_PAWNWEAKNESSES:0.49885407363944484
CE_PIECEACTIVITY:0.5014011383242023
CE_KINGPAWNSHIELD:0.5
CE_PIECECOORDINATION:0.5
CE_MATERIAL:0.5
CE_KINGSAFETY:0.5039472597013833
C_PIECESQUARETABLES:0.4950756175513855
C_MOBILITY:0.4995736138816181
C_KINGSAFETY:0.49081111575905956
C_PAWNSTRUCTURE:0.49102449829390105
C_PIECECOORDINATION:0.4986753993979056
C_ROOKANDPAWNMOVEMENT:0.4986753993979056
C_CENTERCONTROL:0.5009893862999732
C_DEVELOPPIECES:0.5
C_MATERIAL:0.5055997289042019
