ELO:973
CE_PASSEDPAWNS:0.5443790939308751
CE_PAWNWEAKNESSES:0.43930110295579233
CE_PIECEACTIVITY:0.4770359583591294
CE_KINGPAWNSHIELD:0.4789150574000773
CE_PIECECOORDINATION:0.5274059127356413
CE_MATERIAL:0.5005052910439955
CE_KINGSAFETY:0.5349050733647035
C_PIECESQUARETABLES:0.5266136305511399
C_MOBILITY:0.5172539669855273
C_KINGSAFETY:0.4832494600913731
C_PAWNSTRUCTURE:0.5409668356143253
C_PIECECOORDINATION:0.49311126509527364
C_ROOKANDPAWNMOVEMENT:0.49311126509527364
C_CENTERCONTROL:0.5197617220603478
C_DEVELOPPIECES:0.4670443460886625
C_MATERIAL:0.4469574335881329
