ELO:866
CE_PASSEDPAWNS:0.5103212031429234
CE_PAWNWEAKNESSES:0.4452466064645031
CE_PIECEACTIVITY:0.40473750134082537
CE_KINGPAWNSHIELD:0.5149374979328746
CE_PIECECOORDINATION:0.5813160019404802
CE_MATERIAL:0.5247784463552362
CE_KINGSAFETY:0.5075983585122448
C_PIECESQUARETABLES:0.5439595206001999
C_MOBILITY:0.4237667191764285
C_KINGSAFETY:0.5622122434515963
C_PAWNSTRUCTURE:0.5094993749978604
C_PIECECOORDINATION:0.4238431370531044
C_ROOKANDPAWNMOVEMENT:0.4238431370531044
C_CENTERCONTROL:0.5415906210080819
C_DEVELOPPIECES:0.49426116210945203
C_MATERIAL:0.6887430703220063
C_MOVECOUNT:0.47588141546193286
