ELO:1026
CE_PASSEDPAWNS:0.49698287120557805
CE_PAWNWEAKNESSES:0.5
CE_PIECEACTIVITY:0.5239489702312982
CE_KINGPAWNSHIELD:0.4979890784466532
CE_PIECECOORDINATION:0.4977710575614237
CE_MATERIAL:0.49493371920564466
CE_KINGSAFETY:0.5
C_PIECESQUARETABLES:0.49459312844242476
C_MOBILITY:0.4967337857073545
C_KINGSAFETY:0.5144133679387982
C_PAWNSTRUCTURE:0.49895348937271194
C_PIECECOORDINATION:0.5131860635604889
C_ROOK:0.4712516110671964
CE_ROOK:0.5043525010163519
C_CENTERCONTROL:0.5
C_DEVELOPPIECES:0.5
C_MATERIAL:0.48877162135217006
C_MOVECOUNT:0.4963167912019799
C_PAWNMOVEMENT:0.5007572282235006
