ELO:1090
CE_PASSEDPAWNS:0.6294345382977415
CE_PAWNWEAKNESSES:0.474952909497559
CE_PIECEACTIVITY:0.4704648080791998
CE_KINGPAWNSHIELD:0.49741145352231625
CE_PIECECOORDINATION:0.4903662771866453
CE_MATERIAL:0.47988672661166243
CE_KINGSAFETY:0.5069379461548764
C_PIECESQUARETABLES:0.48762005749484844
C_MOBILITY:0.41206002270948794
C_KINGSAFETY:0.524709655185608
C_PAWNSTRUCTURE:0.3912972321344335
C_PIECECOORDINATION:0.4585645079793365
C_ROOKANDPAWNMOVEMENT:0.4585645079793365
C_CENTERCONTROL:0.4966947056382995
C_DEVELOPPIECES:0.5657788036273066
C_MATERIAL:0.4259659813375057
