ELO:1000
CE_PASSEDPAWNS:0.4898608082436919
CE_PAWNWEAKNESSES:0.4818238694939132
CE_PIECEACTIVITY:0.5768865618321115
CE_KINGPAWNSHIELD:0.5173991498525935
CE_PIECECOORDINATION:0.49448665660244556
CE_MATERIAL:0.5043738610032561
CE_KINGSAFETY:0.5180544516864855
C_PIECESQUARETABLES:0.4896557411861827
C_MOBILITY:0.5340346088421088
C_KINGSAFETY:0.5011765908603011
C_PAWNSTRUCTURE:0.5173003822949696
C_PIECECOORDINATION:0.48654658399163153
C_ROOKANDPAWNMOVEMENT:0.48654658399163153
C_CENTERCONTROL:0.4602152936354819
C_DEVELOPPIECES:0.48856182878658666
C_MATERIAL:0.5019238765423351
