ELO:1045
CE_PASSEDPAWNS:0.521696994521181
CE_PAWNWEAKNESSES:0.5
CE_PIECEACTIVITY:0.482986077960694
CE_KINGPAWNSHIELD:0.4927302282431317
CE_PIECECOORDINATION:0.5171406272205582
CE_MATERIAL:0.5051880877524377
CE_KINGSAFETY:0.5
C_PIECESQUARETABLES:0.5
C_MOBILITY:0.471753631585008
C_KINGSAFETY:0.4818018216240066
C_PAWNSTRUCTURE:0.4801854738210639
C_PIECECOORDINATION:0.5210789240236054
C_ROOK:0.5096048013706082
CE_ROOK:0.4761689463316699
C_CENTERCONTROL:0.5197282966320029
C_DEVELOPPIECES:0.48870942002576345
C_MATERIAL:0.4797243308268542
C_MOVECOUNT:0.49561672854330036
C_PAWNMOVEMENT:0.49552211294162307
