ELO:819
CE_PASSEDPAWNS:0.44119679849374954
CE_PAWNWEAKNESSES:0.5197104190790213
CE_PIECEACTIVITY:0.5946293483286409
CE_KINGPAWNSHIELD:0.5127770319268373
CE_PIECECOORDINATION:0.4747164730499554
CE_MATERIAL:0.5495686108125751
CE_KINGSAFETY:0.5170850733591094
C_PIECESQUARETABLES:0.517659824190974
C_MOBILITY:0.3729226306434019
C_KINGSAFETY:0.5557477226202909
C_PAWNSTRUCTURE:0.45034509864747985
C_PIECECOORDINATION:0.6054397159165165
C_ROOKANDPAWNMOVEMENT:0.6054397159165165
C_CENTERCONTROL:0.44024524610425286
C_DEVELOPPIECES:0.41995441897420505
C_MATERIAL:0.5136721401351297
