ELO:963
CE_PASSEDPAWNS:0.5157464870236769
CE_PAWNWEAKNESSES:0.43835627977802377
CE_PIECEACTIVITY:0.5348541637744649
CE_KINGPAWNSHIELD:0.4464337251993124
CE_PIECECOORDINATION:0.5677328052038628
CE_MATERIAL:0.5311920244578368
CE_KINGSAFETY:0.527388895394522
C_PIECESQUARETABLES:0.5229947107147647
C_MOBILITY:0.5627159282001518
C_KINGSAFETY:0.4419839577086621
C_PAWNSTRUCTURE:0.49270282387119707
C_PIECECOORDINATION:0.5828670942760269
C_ROOKANDPAWNMOVEMENT:0.5828670942760269
C_CENTERCONTROL:0.5539214998871316
C_DEVELOPPIECES:0.4402114640546699
C_MATERIAL:0.3970099047872077
