ELO:984
CE_PASSEDPAWNS:0.48500432745985994
CE_PAWNWEAKNESSES:0.5038660677126019
CE_PIECEACTIVITY:0.51855060709072
CE_KINGPAWNSHIELD:0.5230784432057933
CE_PIECECOORDINATION:0.5052997634788311
CE_MATERIAL:0.5037396370185249
CE_KINGSAFETY:0.5092368163702696
C_PIECESQUARETABLES:0.4791435903681028
C_MOBILITY:0.512638791720272
C_KINGSAFETY:0.49404776227042163
C_PAWNSTRUCTURE:0.49367141088037503
C_PIECECOORDINATION:0.4999403130450571
C_ROOKANDPAWNMOVEMENT:0.4999403130450571
C_CENTERCONTROL:0.4776131175132018
C_DEVELOPPIECES:0.493017700112409
C_MATERIAL:0.5175275703417119
C_MOVECOUNT:0.49865865647252433
