ELO:1035
CE_PASSEDPAWNS:0.521696994521181
CE_PAWNWEAKNESSES:0.5
CE_PIECEACTIVITY:0.482986077960694
CE_KINGPAWNSHIELD:0.4855567023778074
CE_PIECECOORDINATION:0.49890875767298865
CE_MATERIAL:0.5051880877524377
CE_KINGSAFETY:0.5
C_PIECESQUARETABLES:0.5
C_MOBILITY:0.471753631585008
C_KINGSAFETY:0.5014744160784983
C_PAWNSTRUCTURE:0.4959800873894563
C_PIECECOORDINATION:0.5210789240236054
C_ROOK:0.5330477641632646
CE_ROOK:0.49970989836433044
C_CENTERCONTROL:0.5101910784123721
C_DEVELOPPIECES:0.48870942002576345
C_MATERIAL:0.49140412996710003
C_MOVECOUNT:0.4752383491580709
C_PAWNMOVEMENT:0.47099577499993855
