ELO:897
CE_PASSEDPAWNS:0.5388805009384446
CE_PAWNWEAKNESSES:0.5065724011074434
CE_PIECEACTIVITY:0.5016683394844789
CE_KINGPAWNSHIELD:0.5305198611244454
CE_PIECECOORDINATION:0.44294061594802475
CE_MATERIAL:0.5016996951997014
CE_KINGSAFETY:0.5192895749974007
C_PIECESQUARETABLES:0.5063813101051327
C_MOBILITY:0.5260266462860042
C_KINGSAFETY:0.5067076964074353
C_PAWNSTRUCTURE:0.5071481784291976
C_PIECECOORDINATION:0.5055083444635371
C_ROOKANDPAWNMOVEMENT:0.5055083444635371
C_CENTERCONTROL:0.5164339431638179
C_DEVELOPPIECES:0.5102939874609443
C_MATERIAL:0.50488586941117
