ELO:1000
CE_PASSEDPAWNS:0.49823094313495997
CE_PAWNWEAKNESSES:0.49633513507356714
CE_PIECEACTIVITY:0.5128198439098364
CE_KINGPAWNSHIELD:0.5141362053443654
CE_PIECECOORDINATION:0.4914570501960332
CE_MATERIAL:0.5079937790212475
CE_KINGSAFETY:0.49158747114647783
C_PIECESQUARETABLES:0.49459935149219286
C_MOBILITY:0.5110469221774026
C_KINGSAFETY:0.48195945494912834
C_PAWNSTRUCTURE:0.5033601967674496
C_PIECECOORDINATION:0.49795787107633865
C_ROOKANDPAWNMOVEMENT:0.49795787107633865
C_CENTERCONTROL:0.5116696859923081
C_DEVELOPPIECES:0.496457589358023
C_MATERIAL:0.4886118875753487
