ELO:944
CE_PASSEDPAWNS:0.4873734050719645
CE_PAWNWEAKNESSES:0.4811247906469277
CE_PIECEACTIVITY:0.5449104893365554
CE_KINGPAWNSHIELD:0.580013166705244
CE_PIECECOORDINATION:0.4504188056844327
CE_MATERIAL:0.5955006325746877
CE_KINGSAFETY:0.5002376943818068
C_PIECESQUARETABLES:0.5295171249756774
C_MOBILITY:0.3472204252516791
C_KINGSAFETY:0.5199459320949775
C_PAWNSTRUCTURE:0.5900785621053487
C_PIECECOORDINATION:0.49635001238346477
C_ROOKANDPAWNMOVEMENT:0.49635001238346477
C_CENTERCONTROL:0.49335504455645546
C_DEVELOPPIECES:0.4226927039275451
C_MATERIAL:0.5785913752905325
