ELO:932
CE_PASSEDPAWNS:0.4698550773592519
CE_PAWNWEAKNESSES:0.5069152059945597
CE_PIECEACTIVITY:0.5492460598874223
CE_KINGPAWNSHIELD:0.4888394589480382
CE_PIECECOORDINATION:0.5138582226646625
CE_MATERIAL:0.5258675940662525
CE_KINGSAFETY:0.4744413445943414
C_PIECESQUARETABLES:0.4830950928298588
C_MOBILITY:0.526892595941801
C_KINGSAFETY:0.4877655443543798
C_PAWNSTRUCTURE:0.46683271225558504
C_PIECECOORDINATION:0.49323235096205736
C_ROOKANDPAWNMOVEMENT:0.49323235096205736
C_CENTERCONTROL:0.5036491443302274
C_DEVELOPPIECES:0.5327317597542763
C_MATERIAL:0.4828210092549979
C_MOVECOUNT:0.5
