ELO:1000
CE_PASSEDPAWNS:0.5083348278469185
CE_PAWNWEAKNESSES:0.49885407363944484
CE_PIECEACTIVITY:0.5014011383242023
CE_KINGPAWNSHIELD:0.4816150997344741
CE_PIECECOORDINATION:0.4915251880298715
CE_MATERIAL:0.508186456025867
CE_KINGSAFETY:0.494398529270917
C_PIECESQUARETABLES:0.4811016990561303
C_MOBILITY:0.46778194747459
C_KINGSAFETY:0.5059697080981476
C_PAWNSTRUCTURE:0.5143085050561689
C_PIECECOORDINATION:0.504230143666911
C_ROOKANDPAWNMOVEMENT:0.504230143666911
C_CENTERCONTROL:0.4911229897087565
C_DEVELOPPIECES:0.5012339114711828
C_MATERIAL:0.503825410386077
