ELO:1034
CE_PASSEDPAWNS:0.4959931609355616
CE_PAWNWEAKNESSES:0.4846267390213783
CE_PIECEACTIVITY:0.5061678211637165
CE_KINGPAWNSHIELD:0.4855567023778074
CE_PIECECOORDINATION:0.48425377922660406
CE_MATERIAL:0.493550948517145
CE_KINGSAFETY:0.5
C_PIECESQUARETABLES:0.5
C_MOBILITY:0.5139887119244537
C_KINGSAFETY:0.4920051935978239
C_PAWNSTRUCTURE:0.5
C_PIECECOORDINATION:0.5210789240236054
C_ROOK:0.5152617900136113
CE_ROOK:0.5030727620260684
C_CENTERCONTROL:0.500299860415731
C_DEVELOPPIECES:0.49327848897237697
C_MATERIAL:0.5323491725086331
C_MOVECOUNT:0.5038832775438904
C_PAWNMOVEMENT:0.4838227332416634
