ELO:968
CE_PASSEDPAWNS:0.5439258071221589
CE_PAWNWEAKNESSES:0.4486986400593064
CE_PIECEACTIVITY:0.47997506663135864
CE_KINGPAWNSHIELD:0.46508897499893326
CE_PIECECOORDINATION:0.5333628530185665
CE_MATERIAL:0.47482808039246965
CE_KINGSAFETY:0.5344075154656057
C_PIECESQUARETABLES:0.5355834454168645
C_MOBILITY:0.5128077482950527
C_KINGSAFETY:0.4881939030513308
C_PAWNSTRUCTURE:0.5565077643407493
C_PIECECOORDINATION:0.49311126509527364
C_ROOKANDPAWNMOVEMENT:0.49311126509527364
C_CENTERCONTROL:0.501475137669222
C_DEVELOPPIECES:0.46919172511311363
C_MATERIAL:0.44749682845709826
