ELO:988
CE_PASSEDPAWNS:0.5084498282893507
CE_PAWNWEAKNESSES:0.5128889835512717
CE_PIECEACTIVITY:0.5177599039980534
CE_KINGPAWNSHIELD:0.41840746785386046
CE_PIECECOORDINATION:0.42930210234470695
CE_MATERIAL:0.5525623846997869
CE_KINGSAFETY:0.5116897556102437
C_PIECESQUARETABLES:0.5
C_MOBILITY:0.49988932979239253
C_KINGSAFETY:0.5121148057880746
C_PAWNSTRUCTURE:0.48606963030094236
C_PIECECOORDINATION:0.5350567576815112
C_ROOKANDPAWNMOVEMENT:0.5350567576815112
C_CENTERCONTROL:0.3976101602692124
C_DEVELOPPIECES:0.4978327447319644
C_MATERIAL:0.5962303674313915
