ELO:976
CE_PASSEDPAWNS:0.4963238609508561
CE_PAWNWEAKNESSES:0.49761747746460566
CE_PIECEACTIVITY:0.4913855767726502
CE_KINGPAWNSHIELD:0.5071974738699558
CE_PIECECOORDINATION:0.48676165200625887
CE_MATERIAL:0.5
CE_KINGSAFETY:0.5
C_PIECESQUARETABLES:0.5
C_MOBILITY:0.4896583300935708
C_KINGSAFETY:0.48906028405433283
C_PAWNSTRUCTURE:0.5155327774753172
C_PIECECOORDINATION:0.5026593815350192
C_ROOKANDPAWNMOVEMENT:0.5026593815350192
C_CENTERCONTROL:0.4966667232062398
C_DEVELOPPIECES:0.4983523238180591
C_MATERIAL:0.5099403710952473
C_MOVECOUNT:0.5014005866632569
