ELO:1027
CE_PASSEDPAWNS:0.4968337451598581
CE_PAWNWEAKNESSES:0.5
CE_PIECEACTIVITY:0.5100890023247386
CE_KINGPAWNSHIELD:0.4979890784466532
CE_PIECECOORDINATION:0.5155986351576415
CE_MATERIAL:0.49493371920564466
CE_KINGSAFETY:0.5
C_PIECESQUARETABLES:0.49344886451712683
C_MOBILITY:0.5
C_KINGSAFETY:0.5144133679387982
C_PAWNSTRUCTURE:0.5048577938894521
C_PIECECOORDINATION:0.5129933973770763
C_ROOK:0.5004133077934859
CE_ROOK:0.5016273857142091
C_CENTERCONTROL:0.5
C_DEVELOPPIECES:0.5
C_MATERIAL:0.4910421538075635
C_MOVECOUNT:0.4963167912019799
C_PAWNMOVEMENT:0.5007572282235006
