ELO:972
CE_PASSEDPAWNS:0.5050543829795148
CE_PAWNWEAKNESSES:0.4893097530465907
CE_PIECEACTIVITY:0.49291630279933146
CE_KINGPAWNSHIELD:0.5011727162590133
CE_PIECECOORDINATION:0.4928273413380384
CE_MATERIAL:0.5109821843066789
CE_KINGSAFETY:0.5016611317187208
C_PIECESQUARETABLES:0.5032502076223673
C_MOBILITY:0.5177629809176371
C_KINGSAFETY:0.5149183641335692
C_PAWNSTRUCTURE:0.5000726841057025
C_PIECECOORDINATION:0.5130447358196443
C_ROOKANDPAWNMOVEMENT:0.5130447358196443
C_CENTERCONTROL:0.48974861985602525
C_DEVELOPPIECES:0.4910448977826687
C_MATERIAL:0.5029833586601007
