ELO:956
CE_PASSEDPAWNS:0.5199378068552004
CE_PAWNWEAKNESSES:0.443668967096774
CE_PIECEACTIVITY:0.5390134184269957
CE_KINGPAWNSHIELD:0.459470245779954
CE_PIECECOORDINATION:0.5632477746997954
CE_MATERIAL:0.5395762664168517
CE_KINGSAFETY:0.503372349976014
C_PIECESQUARETABLES:0.5229947107147647
C_MOBILITY:0.5399529751142091
C_KINGSAFETY:0.4681082274535595
C_PAWNSTRUCTURE:0.5008650300700447
C_PIECECOORDINATION:0.581014598817435
C_ROOKANDPAWNMOVEMENT:0.581014598817435
C_CENTERCONTROL:0.5590747033760887
C_DEVELOPPIECES:0.4606717349362517
C_MATERIAL:0.38813343030784003
