ELO:764
CE_PASSEDPAWNS:0.4206261303694624
CE_PAWNWEAKNESSES:0.4400289483350293
CE_PIECEACTIVITY:0.5378016083197742
CE_KINGPAWNSHIELD:0.4712677165839415
CE_PIECECOORDINATION:0.5170833816734459
CE_MATERIAL:0.5825351180113815
CE_KINGSAFETY:0.5176582189274169
C_PIECESQUARETABLES:0.498707794433469
C_MOBILITY:0.4833615129032751
C_KINGSAFETY:0.4747673236708295
C_PAWNSTRUCTURE:0.5355152020705577
C_PIECECOORDINATION:0.5190778719084439
C_ROOKANDPAWNMOVEMENT:0.5190778719084439
C_CENTERCONTROL:0.559150775669986
C_DEVELOPPIECES:0.4952370688768688
C_MATERIAL:0.42149171216671927
C_MOVECOUNT:0.5
