ELO:1011
CE_PASSEDPAWNS:0.4837066782616895
CE_PAWNWEAKNESSES:0.5453309214363505
CE_PIECEACTIVITY:0.594205679608922
CE_KINGPAWNSHIELD:0.4483150378028988
CE_PIECECOORDINATION:0.6020245870004913
CE_MATERIAL:0.56886925714074
CE_KINGSAFETY:0.48187090684278444
C_PIECESQUARETABLES:0.48951420349970665
C_MOBILITY:0.520614324044785
C_KINGSAFETY:0.5544663200069531
C_PAWNSTRUCTURE:0.5096472681859029
C_PIECECOORDINATION:0.4859439162330265
C_ROOKANDPAWNMOVEMENT:0.4859439162330265
C_CENTERCONTROL:0.38532952079165594
C_DEVELOPPIECES:0.5278872191416019
C_MATERIAL:0.5195960203854604
