ELO:1025
CE_PASSEDPAWNS:0.447021955969612
CE_PAWNWEAKNESSES:0.490971900284398
CE_PIECEACTIVITY:0.5309746171436114
CE_KINGPAWNSHIELD:0.5063975583197186
CE_PIECECOORDINATION:0.4952797430237913
CE_MATERIAL:0.46605111097074664
CE_KINGSAFETY:0.5
C_PIECESQUARETABLES:0.47710825851374006
C_MOBILITY:0.5
C_KINGSAFETY:0.5
C_PAWNSTRUCTURE:0.5076679485543145
C_PIECECOORDINATION:0.5096419321714103
C_ROOKANDPAWNMOVEMENT:0.5096419321714103
C_CENTERCONTROL:0.46734916440253016
C_DEVELOPPIECES:0.49526610626094875
C_MATERIAL:0.5
C_MOVECOUNT:0.5
