ELO:938
CE_PASSEDPAWNS:0.4753398181688905
CE_PAWNWEAKNESSES:0.4999698522001451
CE_PIECEACTIVITY:0.5233619873007306
CE_KINGPAWNSHIELD:0.47849233159520677
CE_PIECECOORDINATION:0.5890989535006653
CE_MATERIAL:0.5426544119138259
CE_KINGSAFETY:0.5001998368989959
C_PIECESQUARETABLES:0.49653812079209264
C_MOBILITY:0.6124277304490903
C_KINGSAFETY:0.4650839636878962
C_PAWNSTRUCTURE:0.5063881687649415
C_PIECECOORDINATION:0.6080814815254613
C_ROOKANDPAWNMOVEMENT:0.6080814815254613
C_CENTERCONTROL:0.5404890631390523
C_DEVELOPPIECES:0.4342448514541924
C_MATERIAL:0.3878324150250212
