ELO:1058
CE_PASSEDPAWNS:0.4848753099248825
CE_PAWNWEAKNESSES:0.511592615472787
CE_PIECEACTIVITY:0.5
CE_KINGPAWNSHIELD:0.5030268908795228
CE_PIECECOORDINATION:0.4934254569498178
CE_MATERIAL:0.48949401981261653
CE_KINGSAFETY:0.5
C_PIECESQUARETABLES:0.5
C_MOBILITY:0.5
C_KINGSAFETY:0.5055778245344458
C_PAWNSTRUCTURE:0.5070958756022278
C_PIECECOORDINATION:0.5
C_ROOKANDPAWNMOVEMENT:0.5
C_CENTERCONTROL:0.5
C_DEVELOPPIECES:0.5231669919039045
C_MATERIAL:0.5011995838121505
C_MOVECOUNT:0.5
