ELO:1000
CE_PASSEDPAWNS:0.4941598704385972
CE_PAWNWEAKNESSES:0.5089435737465605
CE_PIECEACTIVITY:0.5058462336675713
CE_KINGPAWNSHIELD:0.5172547252272818
CE_PIECECOORDINATION:0.4760051863038419
CE_MATERIAL:0.4917489068593554
CE_KINGSAFETY:0.49082097406200464
C_PIECESQUARETABLES:0.4971200689825497
C_MOBILITY:0.5026984923217662
C_KINGSAFETY:0.4983611411133382
C_PAWNSTRUCTURE:0.5028683976299503
C_PIECECOORDINATION:0.4910905961476548
C_ROOKANDPAWNMOVEMENT:0.4910905961476548
C_CENTERCONTROL:0.4999793462637048
C_DEVELOPPIECES:0.49047457681321627
C_MATERIAL:0.4895191256931182
