ELO:988
CE_PASSEDPAWNS:0.5156839845540195
CE_PAWNWEAKNESSES:0.5177130834399891
CE_PIECEACTIVITY:0.5115517959390631
CE_KINGPAWNSHIELD:0.4181252916846987
CE_PIECECOORDINATION:0.42930210234470695
CE_MATERIAL:0.5561775794490093
CE_KINGSAFETY:0.5
C_PIECESQUARETABLES:0.4986329310379818
C_MOBILITY:0.5054831841261707
C_KINGSAFETY:0.5118961167478732
C_PAWNSTRUCTURE:0.4921716114324138
C_PIECECOORDINATION:0.5350567576815112
C_ROOKANDPAWNMOVEMENT:0.5350567576815112
C_CENTERCONTROL:0.38626022654217684
C_DEVELOPPIECES:0.5087704791705147
C_MATERIAL:0.5962303674313915
