ELO:882
CE_PASSEDPAWNS:0.5043855168561575
CE_PAWNWEAKNESSES:0.4799856727117765
CE_PIECEACTIVITY:0.43862901279499883
CE_KINGPAWNSHIELD:0.5231659323522475
CE_PIECECOORDINATION:0.5567223220431956
CE_MATERIAL:0.47482752673626893
CE_KINGSAFETY:0.5178949671143118
C_PIECESQUARETABLES:0.5142467715989824
C_MOBILITY:0.47157447034888506
C_KINGSAFETY:0.5236166165292904
C_PAWNSTRUCTURE:0.5357147496985937
C_PIECECOORDINATION:0.4508045062472558
C_ROOKANDPAWNMOVEMENT:0.4508045062472558
C_CENTERCONTROL:0.5327718019281685
C_DEVELOPPIECES:0.4829403843837959
C_MATERIAL:0.6196488350729037
C_MOVECOUNT:0.5362266428802452
