ELO:973
CE_PASSEDPAWNS:0.5050543829795148
CE_PAWNWEAKNESSES:0.491029934943264
CE_PIECEACTIVITY:0.5
CE_KINGPAWNSHIELD:0.5011727162590133
CE_PIECECOORDINATION:0.49071766014534174
CE_MATERIAL:0.5109821843066789
CE_KINGSAFETY:0.4914729658338671
C_PIECESQUARETABLES:0.5063696411033092
C_MOBILITY:0.5177629809176371
C_KINGSAFETY:0.5115097970140078
C_PAWNSTRUCTURE:0.5056379671482003
C_PIECECOORDINATION:0.5008697307089099
C_ROOKANDPAWNMOVEMENT:0.5008697307089099
C_CENTERCONTROL:0.4922440664944538
C_DEVELOPPIECES:0.4910448977826687
C_MATERIAL:0.5063082527108375
