ELO:1013
CE_PASSEDPAWNS:0.48685676487215884
CE_PAWNWEAKNESSES:0.5
CE_PIECEACTIVITY:0.48591787919559704
CE_KINGPAWNSHIELD:0.4979890784466532
CE_PIECECOORDINATION:0.4787509877631096
CE_MATERIAL:0.49117272036972864
CE_KINGSAFETY:0.5
C_PIECESQUARETABLES:0.49459312844242476
C_MOBILITY:0.4967337857073545
C_KINGSAFETY:0.4854351602543372
C_PAWNSTRUCTURE:0.49895348937271194
C_PIECECOORDINATION:0.5131860635604889
C_ROOK:0.5096401867591909
CE_ROOK:0.5043525010163519
C_CENTERCONTROL:0.5
C_DEVELOPPIECES:0.5006731434501108
C_MATERIAL:0.4839782322109361
C_MOVECOUNT:0.4963167912019799
C_PAWNMOVEMENT:0.5022353498636432
