ELO:960
CE_PASSEDPAWNS:0.529257502007661
CE_PAWNWEAKNESSES:0.49223931229323525
CE_PIECEACTIVITY:0.5029254525256371
CE_KINGPAWNSHIELD:0.5036285245737264
CE_PIECECOORDINATION:0.46825786954811205
CE_MATERIAL:0.5108763488945585
CE_KINGSAFETY:0.5128895488162445
C_PIECESQUARETABLES:0.5001829449424163
C_MOBILITY:0.5159119668595599
C_KINGSAFETY:0.5188854577123025
C_PAWNSTRUCTURE:0.5012987053622276
C_PIECECOORDINATION:0.5021226060504393
C_ROOKANDPAWNMOVEMENT:0.5021226060504393
C_CENTERCONTROL:0.4920415626075207
C_DEVELOPPIECES:0.48967226237842965
C_MATERIAL:0.4930597461409736
