ELO:1055
CE_PASSEDPAWNS:0.6298610022700442
CE_PAWNWEAKNESSES:0.48058826905154256
CE_PIECEACTIVITY:0.47395058156064024
CE_KINGPAWNSHIELD:0.5236601298120055
CE_PIECECOORDINATION:0.49659972858624624
CE_MATERIAL:0.48639463240823827
CE_KINGSAFETY:0.5242430665237271
C_PIECESQUARETABLES:0.48992448142043854
C_MOBILITY:0.41283424854884065
C_KINGSAFETY:0.5174114765326917
C_PAWNSTRUCTURE:0.39897322137957497
C_PIECECOORDINATION:0.48733042763342654
C_ROOKANDPAWNMOVEMENT:0.48733042763342654
C_CENTERCONTROL:0.485902660312033
C_DEVELOPPIECES:0.5722333410994221
C_MATERIAL:0.43075717236927774
