ELO:1057
CE_PASSEDPAWNS:0.5034507561763385
CE_PAWNWEAKNESSES:0.5201033280014875
CE_PIECEACTIVITY:0.5215070276564264
CE_KINGPAWNSHIELD:0.4869762891852908
CE_PIECECOORDINATION:0.49756185016277316
CE_MATERIAL:0.4780527585395552
CE_KINGSAFETY:0.5
C_PIECESQUARETABLES:0.5
C_MOBILITY:0.49667033332078464
C_KINGSAFETY:0.4664486268094646
C_PAWNSTRUCTURE:0.524334623024627
C_PIECECOORDINATION:0.5295066086308019
C_ROOK:0.49956361153595036
CE_ROOK:0.5030727620260684
C_CENTERCONTROL:0.5
C_DEVELOPPIECES:0.49173558182974186
C_MATERIAL:0.48767837049896284
C_MOVECOUNT:0.48163558042647137
C_PAWNMOVEMENT:0.5157535493192258
