ELO:1036
CE_PASSEDPAWNS:0.5039844281717176
CE_PAWNWEAKNESSES:0.4650133829237785
CE_PIECEACTIVITY:0.4977159048461838
CE_KINGPAWNSHIELD:0.5093482941268347
CE_PIECECOORDINATION:0.5079671768032734
CE_MATERIAL:0.49072364012201547
CE_KINGSAFETY:0.5
C_PIECESQUARETABLES:0.5
C_MOBILITY:0.5132001157821605
C_KINGSAFETY:0.5026687552661012
C_PAWNSTRUCTURE:0.48559524386073044
C_PIECECOORDINATION:0.5161112147581152
C_ROOK:0.4532034981946334
CE_ROOK:0.49469427752576733
C_CENTERCONTROL:0.46737685781135413
C_DEVELOPPIECES:0.4925283032106535
C_MATERIAL:0.5024675932608175
C_MOVECOUNT:0.4841889322857715
C_PAWNMOVEMENT:0.5157535493192258
