ELO:987
CE_PASSEDPAWNS:0.5047380962758828
CE_PAWNWEAKNESSES:0.48841656880245715
CE_PIECEACTIVITY:0.5
CE_KINGPAWNSHIELD:0.5027026911267893
CE_PIECECOORDINATION:0.5
CE_MATERIAL:0.5
CE_KINGSAFETY:0.5
C_PIECESQUARETABLES:0.49922697459914694
C_MOBILITY:0.5097692551312917
C_KINGSAFETY:0.5
C_PAWNSTRUCTURE:0.5104932070662838
C_PIECECOORDINATION:0.5
C_ROOKANDPAWNMOVEMENT:0.5
C_CENTERCONTROL:0.48886812820776626
C_DEVELOPPIECES:0.4932393007550394
C_MATERIAL:0.5093069281575997
C_MOVECOUNT:0.5
