ELO:996
CE_PASSEDPAWNS:0.5210985895356255
CE_PAWNWEAKNESSES:0.5230695763460902
CE_PIECEACTIVITY:0.506417503302135
CE_KINGPAWNSHIELD:0.4137914030057311
CE_PIECECOORDINATION:0.6092782055877115
CE_MATERIAL:0.508726587610651
CE_KINGSAFETY:0.5
C_PIECESQUARETABLES:0.5
C_MOBILITY:0.580479941274235
C_KINGSAFETY:0.5555396845641076
C_PAWNSTRUCTURE:0.5006281247243053
C_PIECECOORDINATION:0.5350567576815112
C_ROOKANDPAWNMOVEMENT:0.5350567576815112
C_CENTERCONTROL:0.38825857142064285
C_DEVELOPPIECES:0.504461116121811
C_MATERIAL:0.5859692747107864
