ELO:996
CE_PASSEDPAWNS:0.3671258369474086
CE_PAWNWEAKNESSES:0.5128889835512717
CE_PIECEACTIVITY:0.5574424688221766
CE_KINGPAWNSHIELD:0.40720780658408906
CE_PIECECOORDINATION:0.44273604222750196
CE_MATERIAL:0.5588249382610434
CE_KINGSAFETY:0.4981094219864482
C_PIECESQUARETABLES:0.5040791246182272
C_MOBILITY:0.580479941274235
C_KINGSAFETY:0.5555396845641076
C_PAWNSTRUCTURE:0.5006281247243053
C_PIECECOORDINATION:0.5178685362773264
C_ROOKANDPAWNMOVEMENT:0.5178685362773264
C_CENTERCONTROL:0.392187416616906
C_DEVELOPPIECES:0.518840667322234
C_MATERIAL:0.6201906658387899
