ELO:1014
CE_PASSEDPAWNS:0.49709284940223286
CE_PAWNWEAKNESSES:0.5163043396134022
CE_PIECEACTIVITY:0.5144750712005799
CE_KINGPAWNSHIELD:0.5
CE_PIECECOORDINATION:0.5343324228066855
CE_MATERIAL:0.48564872966116657
CE_KINGSAFETY:0.5
C_PIECESQUARETABLES:0.5
C_MOBILITY:0.48432008977448454
C_KINGSAFETY:0.4925469210949234
C_PAWNSTRUCTURE:0.5014122474366084
C_PIECECOORDINATION:0.5128868997623572
C_ROOK:0.5570368364430367
CE_ROOK:0.5085086838710242
C_CENTERCONTROL:0.5072550734620502
C_DEVELOPPIECES:0.5130285951388897
C_MATERIAL:0.5259117974519621
C_MOVECOUNT:0.5160966464623759
C_PAWNMOVEMENT:0.4972165362442918
