ELO:993
CE_PASSEDPAWNS:0.5056958529339878
CE_PAWNWEAKNESSES:0.5
CE_PIECEACTIVITY:0.5053990091676569
CE_KINGPAWNSHIELD:0.49245887480042666
CE_PIECECOORDINATION:0.5
CE_MATERIAL:0.5084662537347976
CE_KINGSAFETY:0.5
C_PIECESQUARETABLES:0.5
C_MOBILITY:0.48783337304979574
C_KINGSAFETY:0.48866814504154515
C_PAWNSTRUCTURE:0.506690053931086
C_PIECECOORDINATION:0.5118836349323691
C_ROOKANDPAWNMOVEMENT:0.5118836349323691
C_CENTERCONTROL:0.47962721092035876
C_DEVELOPPIECES:0.4995001732703847
C_MATERIAL:0.5
C_MOVECOUNT:0.5
