ELO:996
CE_PASSEDPAWNS:0.500108288503635
CE_PAWNWEAKNESSES:0.5015142493662585
CE_PIECEACTIVITY:0.5076219406526686
CE_KINGPAWNSHIELD:0.5050934817151697
CE_PIECECOORDINATION:0.5
CE_MATERIAL:0.492317118196802
CE_KINGSAFETY:0.5
C_PIECESQUARETABLES:0.4888843197382426
C_MOBILITY:0.5
C_KINGSAFETY:0.4969042645878023
C_PAWNSTRUCTURE:0.5
C_PIECECOORDINATION:0.4886148401513321
C_ROOKANDPAWNMOVEMENT:0.4886148401513321
C_CENTERCONTROL:0.5
C_DEVELOPPIECES:0.5124311492009285
C_MATERIAL:0.5230534628216301
