ELO:1003
CE_PASSEDPAWNS:0.4911579352142875
CE_PAWNWEAKNESSES:0.47895060299917785
CE_PIECEACTIVITY:0.5016262832759525
CE_KINGPAWNSHIELD:0.5
CE_PIECECOORDINATION:0.4912116725156927
CE_MATERIAL:0.48080982576444103
CE_KINGSAFETY:0.5
C_PIECESQUARETABLES:0.5
C_MOBILITY:0.4943735855894615
C_KINGSAFETY:0.5
C_PAWNSTRUCTURE:0.5
C_PIECECOORDINATION:0.49002404669740107
C_ROOKANDPAWNMOVEMENT:0.49002404669740107
C_CENTERCONTROL:0.49144237245817096
C_DEVELOPPIECES:0.5067215983539565
C_MATERIAL:0.5034827053078202
C_MOVECOUNT:0.5
