ELO:998
CE_PASSEDPAWNS:0.527016123359997
CE_PAWNWEAKNESSES:0.4882562368825206
CE_PIECEACTIVITY:0.5108409476970855
CE_KINGPAWNSHIELD:0.5535012579093923
CE_PIECECOORDINATION:0.47445698343034765
CE_MATERIAL:0.49412128728894794
CE_KINGSAFETY:0.4510987639343994
C_PIECESQUARETABLES:0.5170853863789088
C_MOBILITY:0.4872814296414454
C_KINGSAFETY:0.5340665345181757
C_PAWNSTRUCTURE:0.5090975320904069
C_PIECECOORDINATION:0.49010558472565635
C_ROOKANDPAWNMOVEMENT:0.49010558472565635
C_CENTERCONTROL:0.49772287211461
C_DEVELOPPIECES:0.49501645676608286
C_MATERIAL:0.461278296623705
