ELO:970
CE_PASSEDPAWNS:0.5189930790254612
CE_PAWNWEAKNESSES:0.5052239871297567
CE_PIECEACTIVITY:0.47327554548185946
CE_KINGPAWNSHIELD:0.4792914016857284
CE_PIECECOORDINATION:0.5214279580634498
CE_MATERIAL:0.4970194824137198
CE_KINGSAFETY:0.5
C_PIECESQUARETABLES:0.5
C_MOBILITY:0.4838322175608395
C_KINGSAFETY:0.4956852167999232
C_PAWNSTRUCTURE:0.4631749657677071
C_PIECECOORDINATION:0.5203169866123735
C_ROOK:0.5118241185181365
CE_ROOK:0.5134547017469722
C_CENTERCONTROL:0.4711930685857451
C_DEVELOPPIECES:0.5022155930816747
C_MATERIAL:0.5049339183853018
C_MOVECOUNT:0.48586613610933876
C_PAWNMOVEMENT:0.4623581845121073
