ELO:918
CE_PASSEDPAWNS:0.4685874534054723
CE_PAWNWEAKNESSES:0.42726645287160503
CE_PIECEACTIVITY:0.4671992653702369
CE_KINGPAWNSHIELD:0.5610912605374236
CE_PIECECOORDINATION:0.49670815933535145
CE_MATERIAL:0.5198556812093403
CE_KINGSAFETY:0.49952521851955994
C_PIECESQUARETABLES:0.4839658888587187
C_MOBILITY:0.4206181952574763
C_KINGSAFETY:0.5771294426376231
C_PAWNSTRUCTURE:0.45771532681672245
C_PIECECOORDINATION:0.5464971209463833
C_ROOKANDPAWNMOVEMENT:0.5464971209463833
C_CENTERCONTROL:0.5460710937324618
C_DEVELOPPIECES:0.5559595573528361
C_MATERIAL:0.490432280037382
