ELO:999
CE_PASSEDPAWNS:0.49103410192520097
CE_PAWNWEAKNESSES:0.5069445916183618
CE_PIECEACTIVITY:0.48916545974485737
CE_KINGPAWNSHIELD:0.5038537787604116
CE_PIECECOORDINATION:0.5084526965531233
CE_MATERIAL:0.49864704167155044
CE_KINGSAFETY:0.48690803665001875
C_PIECESQUARETABLES:0.49558904656358366
C_MOBILITY:0.5
C_KINGSAFETY:0.5115037052487671
C_PAWNSTRUCTURE:0.48920546147120003
C_PIECECOORDINATION:0.5097922504057804
C_ROOK:0.5007533345708269
CE_ROOK:0.5120686676028062
C_CENTERCONTROL:0.49421649618333086
C_DEVELOPPIECES:0.5006183432791358
C_MATERIAL:0.49320437776144554
C_MOVECOUNT:0.5164053233084709
C_PAWNMOVEMENT:0.5
