ELO:789
CE_PASSEDPAWNS:0.4429559140450104
CE_PAWNWEAKNESSES:0.6941048243945502
CE_PIECEACTIVITY:0.5255494014460829
CE_KINGPAWNSHIELD:0.3813861884717651
CE_PIECECOORDINATION:0.557560324678009
CE_MATERIAL:0.4960546355209477
CE_KINGSAFETY:0.4936893575990606
C_PIECESQUARETABLES:0.49731913663765576
C_MOBILITY:0.4999183402575848
C_KINGSAFETY:0.5467690429950655
C_PAWNSTRUCTURE:0.48999893765492397
C_PIECECOORDINATION:0.5159129818871547
C_ROOKANDPAWNMOVEMENT:0.5159129818871547
C_CENTERCONTROL:0.5336823091271418
C_DEVELOPPIECES:0.4651992073599843
C_MATERIAL:0.45496947243199076
C_MOVECOUNT:0.49677406048476197
