ELO:990
CE_PASSEDPAWNS:0.554075185643058
CE_PAWNWEAKNESSES:0.48951490718939267
CE_PIECEACTIVITY:0.47192288804140414
CE_KINGPAWNSHIELD:0.5293089720987931
CE_PIECECOORDINATION:0.48680433258340494
CE_MATERIAL:0.508408926034228
CE_KINGSAFETY:0.4993023528230071
C_PIECESQUARETABLES:0.5047844688837142
C_MOBILITY:0.4573237076042104
C_KINGSAFETY:0.484224381741304
C_PAWNSTRUCTURE:0.49443852352180334
C_PIECECOORDINATION:0.4725742969855086
C_ROOKANDPAWNMOVEMENT:0.4725742969855086
C_CENTERCONTROL:0.4633262131024461
C_DEVELOPPIECES:0.4694096697993758
C_MATERIAL:0.5780995117012429
