ELO:928
CE_PASSEDPAWNS:0.45952834131020537
CE_PAWNWEAKNESSES:0.5311978067573815
CE_PIECEACTIVITY:0.425724894631227
CE_KINGPAWNSHIELD:0.5737531584082136
CE_PIECECOORDINATION:0.5230967481403549
CE_MATERIAL:0.5787546776810822
CE_KINGSAFETY:0.47371679268739364
C_PIECESQUARETABLES:0.4983996846080704
C_MOBILITY:0.391614081943428
C_KINGSAFETY:0.4347060356171123
C_PAWNSTRUCTURE:0.45675159448907693
C_PIECECOORDINATION:0.49788003335793835
C_ROOKANDPAWNMOVEMENT:0.49788003335793835
C_CENTERCONTROL:0.5837171495370755
C_DEVELOPPIECES:0.5694248686431835
C_MATERIAL:0.5645180939953731
