ELO:976
CE_PASSEDPAWNS:0.5463814377170856
CE_PAWNWEAKNESSES:0.4330800733614627
CE_PIECEACTIVITY:0.44347277963892623
CE_KINGPAWNSHIELD:0.5584771306780788
CE_PIECECOORDINATION:0.5046252718063314
CE_MATERIAL:0.5389432190212444
CE_KINGSAFETY:0.5152952029387267
C_PIECESQUARETABLES:0.4947440462379331
C_MOBILITY:0.48312677478140464
C_KINGSAFETY:0.4303990925087798
C_PAWNSTRUCTURE:0.4298520328245525
C_PIECECOORDINATION:0.43832211878494093
C_ROOKANDPAWNMOVEMENT:0.43832211878494093
C_CENTERCONTROL:0.5094005882465458
C_DEVELOPPIECES:0.5085572539158445
C_MATERIAL:0.6318858475263186
