ELO:949
CE_PASSEDPAWNS:0.5458205867043321
CE_PAWNWEAKNESSES:0.4228045813704079
CE_PIECEACTIVITY:0.4693274754976514
CE_KINGPAWNSHIELD:0.5363417246751676
CE_PIECECOORDINATION:0.4685851897563791
CE_MATERIAL:0.5498406066328054
CE_KINGSAFETY:0.5030619481359633
C_PIECESQUARETABLES:0.5011299163370418
C_MOBILITY:0.46295455571391864
C_KINGSAFETY:0.4255845166756341
C_PAWNSTRUCTURE:0.457586135726801
C_PIECECOORDINATION:0.44666876214538825
C_ROOKANDPAWNMOVEMENT:0.44666876214538825
C_CENTERCONTROL:0.5244715897461308
C_DEVELOPPIECES:0.4952733968582989
C_MATERIAL:0.6745727227789424
