ELO:974
CE_PASSEDPAWNS:0.5107496808239994
CE_PAWNWEAKNESSES:0.5036786268068152
CE_PIECEACTIVITY:0.5105691633699476
CE_KINGPAWNSHIELD:0.4725742186740245
CE_PIECECOORDINATION:0.5768259518738483
CE_MATERIAL:0.493276087775086
CE_KINGSAFETY:0.5
C_PIECESQUARETABLES:0.4976412313456129
C_MOBILITY:0.5178798588990948
C_KINGSAFETY:0.5056557014823311
C_PAWNSTRUCTURE:0.5
C_PIECECOORDINATION:0.5091930920456038
C_ROOKANDPAWNMOVEMENT:0.5091930920456038
C_CENTERCONTROL:0.6059601828683333
C_DEVELOPPIECES:0.49380366154961225
C_MATERIAL:0.4804126244615834
C_MOVECOUNT:0.5124774784552414
