ELO:985
CE_PASSEDPAWNS:0.5156427434775155
CE_PAWNWEAKNESSES:0.5066022897449032
CE_PIECEACTIVITY:0.5
CE_KINGPAWNSHIELD:0.5053481748826715
CE_PIECECOORDINATION:0.49794607760798093
CE_MATERIAL:0.5017172435603239
CE_KINGSAFETY:0.4980563539665383
C_PIECESQUARETABLES:0.5
C_MOBILITY:0.5124584760374912
C_KINGSAFETY:0.5021989989487425
C_PAWNSTRUCTURE:0.48808519944043455
C_PIECECOORDINATION:0.5075949595411161
C_ROOK:0.49575942610051893
CE_ROOK:0.4979590860652011
C_CENTERCONTROL:0.4942374498558963
C_DEVELOPPIECES:0.513009712575725
C_MATERIAL:0.47704324016069727
C_MOVECOUNT:0.5066808301920137
C_PAWNMOVEMENT:0.5073458890094528
