ELO:914
CE_PASSEDPAWNS:0.515513685829221
CE_PAWNWEAKNESSES:0.5147329944862208
CE_PIECEACTIVITY:0.5499484748576849
CE_KINGPAWNSHIELD:0.5032124297108336
CE_PIECECOORDINATION:0.5079138273603043
CE_MATERIAL:0.5019520591155857
CE_KINGSAFETY:0.5126351477488809
C_PIECESQUARETABLES:0.4969235042423624
C_MOBILITY:0.4896090414551499
C_KINGSAFETY:0.5224188277658784
C_PAWNSTRUCTURE:0.4979528099474138
C_PIECECOORDINATION:0.4928494216161803
C_ROOKANDPAWNMOVEMENT:0.4928494216161803
C_CENTERCONTROL:0.5241881382558607
C_DEVELOPPIECES:0.48621517528033353
C_MATERIAL:0.5097140451252311
C_MOVECOUNT:0.5
