ELO:1033
CE_PASSEDPAWNS:0.5014247685001917
CE_PAWNWEAKNESSES:0.503340702610135
CE_PIECEACTIVITY:0.4971355680998012
CE_KINGPAWNSHIELD:0.5090639732162209
CE_PIECECOORDINATION:0.5032678325134394
CE_MATERIAL:0.48883089177438027
CE_KINGSAFETY:0.48024359183839804
C_PIECESQUARETABLES:0.4898192725187916
C_MOBILITY:0.48556423448229274
C_KINGSAFETY:0.4883107654782966
C_PAWNSTRUCTURE:0.5030642051646373
C_PIECECOORDINATION:0.5071417765451218
C_ROOKANDPAWNMOVEMENT:0.5071417765451218
C_CENTERCONTROL:0.49710960859590547
C_DEVELOPPIECES:0.5
C_MATERIAL:0.5
