ELO:994
CE_PASSEDPAWNS:0.511599738784998
CE_PAWNWEAKNESSES:0.48602111177779783
CE_PIECEACTIVITY:0.5075788384741872
CE_KINGPAWNSHIELD:0.5539035105613372
CE_PIECECOORDINATION:0.4879152948369169
CE_MATERIAL:0.49567174687960125
CE_KINGSAFETY:0.4389616537736424
C_PIECESQUARETABLES:0.5143213275348292
C_MOBILITY:0.5088618698730057
C_KINGSAFETY:0.5237119062543292
C_PAWNSTRUCTURE:0.5067561711271287
C_PIECECOORDINATION:0.46329042144425076
C_ROOKANDPAWNMOVEMENT:0.46329042144425076
C_CENTERCONTROL:0.49772287211461
C_DEVELOPPIECES:0.5072701194047018
C_MATERIAL:0.47937211927856
