ELO:974
CE_PASSEDPAWNS:0.49083283084856216
CE_PAWNWEAKNESSES:0.49461037802158975
CE_PIECEACTIVITY:0.48968633773905823
CE_KINGPAWNSHIELD:0.5110506062434365
CE_PIECECOORDINATION:0.5077788244591805
CE_MATERIAL:0.5016751834816017
CE_KINGSAFETY:0.4907366935544537
C_PIECESQUARETABLES:0.5204384628577602
C_MOBILITY:0.47927348622140326
C_KINGSAFETY:0.5191942659222969
C_PAWNSTRUCTURE:0.4873704161796218
C_PIECECOORDINATION:0.5107591926448148
C_ROOK:0.511998736485295
CE_ROOK:0.5040896487381556
C_CENTERCONTROL:0.4917201251140853
C_DEVELOPPIECES:0.4889480983257788
C_MATERIAL:0.5168514821445822
C_MOVECOUNT:0.5126178595858478
C_PAWNMOVEMENT:0.4981613384662461
