ELO:938
CE_PASSEDPAWNS:0.4807696323846819
CE_PAWNWEAKNESSES:0.39656443395431734
CE_PIECEACTIVITY:0.4788360935132132
CE_KINGPAWNSHIELD:0.49112719689833023
CE_PIECECOORDINATION:0.5224379250980989
CE_MATERIAL:0.6088620996503544
CE_KINGSAFETY:0.5472010846934829
C_PIECESQUARETABLES:0.48613666953969
C_MOBILITY:0.5509380876051938
C_KINGSAFETY:0.44578052772749444
C_PAWNSTRUCTURE:0.4414407760533621
C_PIECECOORDINATION:0.43139756754500325
C_ROOKANDPAWNMOVEMENT:0.43139756754500325
C_CENTERCONTROL:0.5265145936436262
C_DEVELOPPIECES:0.4435994802873699
C_MATERIAL:0.6425303567513175
