ELO:976
CE_PASSEDPAWNS:0.47451729468188447
CE_PAWNWEAKNESSES:0.5105770098355559
CE_PIECEACTIVITY:0.46773204745491576
CE_KINGPAWNSHIELD:0.4821638276013704
CE_PIECECOORDINATION:0.5146019980267388
CE_MATERIAL:0.4476952635754828
CE_KINGSAFETY:0.5
C_PIECESQUARETABLES:0.5
C_MOBILITY:0.45824781231478373
C_KINGSAFETY:0.5212175888150562
C_PAWNSTRUCTURE:0.47856781476674887
C_PIECECOORDINATION:0.5043094251384538
C_ROOK:0.493768372826866
CE_ROOK:0.4927849385569225
C_CENTERCONTROL:0.4635388340332608
C_DEVELOPPIECES:0.47638564722935406
C_MATERIAL:0.5308443749953669
C_MOVECOUNT:0.5074031619637729
C_PAWNMOVEMENT:0.5255535934914257
