ELO:970
CE_PASSEDPAWNS:0.4831865808875627
CE_PAWNWEAKNESSES:0.5052239871297567
CE_PIECEACTIVITY:0.5026845733907355
CE_KINGPAWNSHIELD:0.5279743094640637
CE_PIECECOORDINATION:0.5170239697434627
CE_MATERIAL:0.5069059069187315
CE_KINGSAFETY:0.5
C_PIECESQUARETABLES:0.5
C_MOBILITY:0.48041008852278244
C_KINGSAFETY:0.5186073860118167
C_PAWNSTRUCTURE:0.502932790819361
C_PIECECOORDINATION:0.4822968146495062
C_ROOK:0.4928036586473775
CE_ROOK:0.5003120389205868
C_CENTERCONTROL:0.5167751985911437
C_DEVELOPPIECES:0.466731763139218
C_MATERIAL:0.47777226664513406
C_MOVECOUNT:0.46068566308501613
C_PAWNMOVEMENT:0.4460946857035773
