ELO:992
CE_PASSEDPAWNS:0.4883514526839017
CE_PAWNWEAKNESSES:0.48917071945373714
CE_PIECEACTIVITY:0.5149523703424125
CE_KINGPAWNSHIELD:0.5223091071042263
CE_PIECECOORDINATION:0.5124887192393485
CE_MATERIAL:0.5403487040194029
CE_KINGSAFETY:0.5
C_PIECESQUARETABLES:0.5
C_MOBILITY:0.5172077349624725
C_KINGSAFETY:0.48019409837470334
C_PAWNSTRUCTURE:0.45524445987419304
C_PIECECOORDINATION:0.508657632212155
C_ROOK:0.5210928017021096
CE_ROOK:0.4883724938463677
C_CENTERCONTROL:0.47943340078692964
C_DEVELOPPIECES:0.5010440137727993
C_MATERIAL:0.481774444455621
C_MOVECOUNT:0.5250105185436987
C_PAWNMOVEMENT:0.4972165362442918
