ELO:1003
CE_PASSEDPAWNS:0.49849674340606814
CE_PAWNWEAKNESSES:0.4910669810850825
CE_PIECEACTIVITY:0.47560784137072193
CE_KINGPAWNSHIELD:0.497320380402532
CE_PIECECOORDINATION:0.47305840740013844
CE_MATERIAL:0.5406450372703661
CE_KINGSAFETY:0.5134378392982237
C_PIECESQUARETABLES:0.4717519407393958
C_MOBILITY:0.4863990251608835
C_KINGSAFETY:0.47609921884034345
C_PAWNSTRUCTURE:0.4864152440667252
C_PIECECOORDINATION:0.5178171969430906
C_ROOKANDPAWNMOVEMENT:0.5178171969430906
C_CENTERCONTROL:0.4739057024564369
C_DEVELOPPIECES:0.5003333984766031
C_MATERIAL:0.5354086754588597
