ELO:990
CE_PASSEDPAWNS:0.4888749446358555
CE_PAWNWEAKNESSES:0.5037099504192767
CE_PIECEACTIVITY:0.4759904896604223
CE_KINGPAWNSHIELD:0.4728408608719225
CE_PIECECOORDINATION:0.47089215709236665
CE_MATERIAL:0.5
CE_KINGSAFETY:0.5
C_PIECESQUARETABLES:0.5
C_MOBILITY:0.4700232983813267
C_KINGSAFETY:0.5204362607940991
C_PAWNSTRUCTURE:0.5200959615628057
C_PIECECOORDINATION:0.5603570026651463
C_ROOK:0.5
CE_ROOK:0.502191340080061
C_CENTERCONTROL:0.4646696933152871
C_DEVELOPPIECES:0.490731629017627
C_MATERIAL:0.5090964740507613
C_MOVECOUNT:0.5013699718586283
C_PAWNMOVEMENT:0.5079455842444253
