ELO:1000
CE_PASSEDPAWNS:0.5200893799088613
CE_PAWNWEAKNESSES:0.526148503113614
CE_PIECEACTIVITY:0.5235773384541875
CE_KINGPAWNSHIELD:0.5367739179685499
CE_PIECECOORDINATION:0.4993479787407181
CE_MATERIAL:0.5021787381364281
CE_KINGSAFETY:0.47945926003088707
C_PIECESQUARETABLES:0.4821183322267938
C_MOBILITY:0.500606234188919
C_KINGSAFETY:0.5206270983234077
C_PAWNSTRUCTURE:0.5154100246510563
C_PIECECOORDINATION:0.5107600967022548
C_ROOKANDPAWNMOVEMENT:0.5107600967022548
C_CENTERCONTROL:0.48393795865199846
C_DEVELOPPIECES:0.4807810938856259
C_MATERIAL:0.47312184873542734
