ELO:988
CE_PASSEDPAWNS:0.49858788181646063
CE_PAWNWEAKNESSES:0.5031883837510995
CE_PIECEACTIVITY:0.5433048987670505
CE_KINGPAWNSHIELD:0.5
CE_PIECECOORDINATION:0.47054447508742964
CE_MATERIAL:0.5136362695271953
CE_KINGSAFETY:0.5
C_PIECESQUARETABLES:0.5
C_MOBILITY:0.4992145249763207
C_KINGSAFETY:0.49304475599003694
C_PAWNSTRUCTURE:0.5
C_PIECECOORDINATION:0.5010234198965852
C_ROOKANDPAWNMOVEMENT:0.5010234198965852
C_CENTERCONTROL:0.49974932979211734
C_DEVELOPPIECES:0.4809778173972927
C_MATERIAL:0.48926081613991
C_MOVECOUNT:0.4812231107775496
