ELO:950
CE_PASSEDPAWNS:0.5220938785844356
CE_PAWNWEAKNESSES:0.5109015667712115
CE_PIECEACTIVITY:0.4858323336800712
CE_KINGPAWNSHIELD:0.5048087698577696
CE_PIECECOORDINATION:0.49932786269051016
CE_MATERIAL:0.4826033776425678
CE_KINGSAFETY:0.4960514389928424
C_PIECESQUARETABLES:0.45673085969442534
C_MOBILITY:0.5375645733290092
C_KINGSAFETY:0.5480793902643044
C_PAWNSTRUCTURE:0.4611476591513484
C_PIECECOORDINATION:0.5134929520839053
C_ROOK:0.5147741213433723
CE_ROOK:0.5214320852987913
C_CENTERCONTROL:0.48896730220399004
C_DEVELOPPIECES:0.5278492427299772
C_MATERIAL:0.4618315682230666
C_MOVECOUNT:0.520345388092808
C_PAWNMOVEMENT:0.5223316062243286
