ELO:1007
CE_PASSEDPAWNS:0.5
CE_PAWNWEAKNESSES:0.4924356118088759
CE_PIECEACTIVITY:0.5
CE_KINGPAWNSHIELD:0.5018964555622304
CE_PIECECOORDINATION:0.4931306946640167
CE_MATERIAL:0.4839441222758687
CE_KINGSAFETY:0.5
C_PIECESQUARETABLES:0.4911900964931736
C_MOBILITY:0.5
C_KINGSAFETY:0.5
C_PAWNSTRUCTURE:0.5075420144672048
C_PIECECOORDINATION:0.4943469719487219
C_ROOKANDPAWNMOVEMENT:0.4943469719487219
C_CENTERCONTROL:0.5050578964332557
C_DEVELOPPIECES:0.5
C_MATERIAL:0.5
C_MOVECOUNT:0.5
