ELO:697
CE_PASSEDPAWNS:0.6384549620974166
CE_PAWNWEAKNESSES:0.5181317837240771
CE_PIECEACTIVITY:0.48264260336340303
CE_KINGPAWNSHIELD:0.4945704666926009
CE_PIECECOORDINATION:0.5484571511028361
CE_MATERIAL:0.4669136239927032
CE_KINGSAFETY:0.5027375199385394
C_PIECESQUARETABLES:0.5027996693070924
C_MOBILITY:0.3815771824612211
C_KINGSAFETY:0.4511573336027967
C_PAWNSTRUCTURE:0.5415501361245086
C_PIECECOORDINATION:0.5530351493720179
C_ROOKANDPAWNMOVEMENT:0.5530351493720179
C_CENTERCONTROL:0.510370369314855
C_DEVELOPPIECES:0.47585840869661766
C_MATERIAL:0.5361616228424343
C_MOVECOUNT:0.5383607937120032
