ELO:882
CE_PASSEDPAWNS:0.4716078710711435
CE_PAWNWEAKNESSES:0.4722925307107787
CE_PIECEACTIVITY:0.4873638703384212
CE_KINGPAWNSHIELD:0.5777129543661881
CE_PIECECOORDINATION:0.48611355401208634
CE_MATERIAL:0.5159800952798672
CE_KINGSAFETY:0.4798247192514641
C_PIECESQUARETABLES:0.42822052918627274
C_MOBILITY:0.43055157174881875
C_KINGSAFETY:0.5844580664155589
C_PAWNSTRUCTURE:0.45000641746295467
C_PIECECOORDINATION:0.6330768750000493
C_ROOKANDPAWNMOVEMENT:0.6330768750000493
C_CENTERCONTROL:0.5913949048711842
C_DEVELOPPIECES:0.5566596116703026
C_MATERIAL:0.5737316264750513
