ELO:1000
CE_PASSEDPAWNS:0.4976805625522686
CE_PAWNWEAKNESSES:0.48641290137180193
CE_PIECEACTIVITY:0.4849120111031641
CE_KINGPAWNSHIELD:0.476590255212561
CE_PIECECOORDINATION:0.5109441227496714
CE_MATERIAL:0.5191948910833488
CE_KINGSAFETY:0.506611894669991
C_PIECESQUARETABLES:0.49162468030797035
C_MOBILITY:0.4852546557192445
C_KINGSAFETY:0.49119096176848803
C_PAWNSTRUCTURE:0.49710314028453295
C_PIECECOORDINATION:0.5295383579692394
C_ROOKANDPAWNMOVEMENT:0.5295383579692394
C_CENTERCONTROL:0.4824935394379366
C_DEVELOPPIECES:0.4766790676973818
C_MATERIAL:0.5047581790137847
