ELO:732
CE_PASSEDPAWNS:0.639870606130822
CE_PAWNWEAKNESSES:0.51312907433308
CE_PIECEACTIVITY:0.4759322906008408
CE_KINGPAWNSHIELD:0.501584439662926
CE_PIECECOORDINATION:0.5372433481930814
CE_MATERIAL:0.46786026563421557
CE_KINGSAFETY:0.49786518859380424
C_PIECESQUARETABLES:0.5061990558317645
C_MOBILITY:0.3620232416737688
C_KINGSAFETY:0.43290154131397673
C_PAWNSTRUCTURE:0.5419442178438855
C_PIECECOORDINATION:0.5639595740254033
C_ROOKANDPAWNMOVEMENT:0.5639595740254033
C_CENTERCONTROL:0.5112626707073634
C_DEVELOPPIECES:0.47308418808407576
C_MATERIAL:0.5284113964672104
C_MOVECOUNT:0.5383765435979161
