ELO:1001
CE_PASSEDPAWNS:0.5027230560981786
CE_PAWNWEAKNESSES:0.4786334723791399
CE_PIECEACTIVITY:0.48839420944585016
CE_KINGPAWNSHIELD:0.48576833038014067
CE_PIECECOORDINATION:0.526942479293
CE_MATERIAL:0.493550948517145
CE_KINGSAFETY:0.5
C_PIECESQUARETABLES:0.5
C_MOBILITY:0.47920400010423936
C_KINGSAFETY:0.499417299048897
C_PAWNSTRUCTURE:0.505438535140769
C_PIECECOORDINATION:0.49880658112518755
C_ROOK:0.49200918355171663
CE_ROOK:0.5032317218143227
C_CENTERCONTROL:0.48298417479182476
C_DEVELOPPIECES:0.5014852847581153
C_MATERIAL:0.5010709841406356
C_MOVECOUNT:0.5315410357045007
C_PAWNMOVEMENT:0.49740870933088366
