ELO:963
CE_PASSEDPAWNS:0.5549435951480818
CE_PAWNWEAKNESSES:0.4648682981274321
CE_PIECEACTIVITY:0.47026716133501356
CE_KINGPAWNSHIELD:0.5177023421926925
CE_PIECECOORDINATION:0.47722372424933357
CE_MATERIAL:0.5399399019358236
CE_KINGSAFETY:0.5121701907411544
C_PIECESQUARETABLES:0.4829827306713184
C_MOBILITY:0.45031819312193727
C_KINGSAFETY:0.46260640322072516
C_PAWNSTRUCTURE:0.4800003555427609
C_PIECECOORDINATION:0.42289234226694705
C_ROOKANDPAWNMOVEMENT:0.42289234226694705
C_CENTERCONTROL:0.4903814759707088
C_DEVELOPPIECES:0.5151835311496623
C_MATERIAL:0.6007029152535442
