ELO:991
CE_PASSEDPAWNS:0.5001880907623067
CE_PAWNWEAKNESSES:0.5
CE_PIECEACTIVITY:0.500438880726752
CE_KINGPAWNSHIELD:0.5
CE_PIECECOORDINATION:0.5
CE_MATERIAL:0.5010318229552954
CE_KINGSAFETY:0.5
C_PIECESQUARETABLES:0.5
C_MOBILITY:0.48783337304979574
C_KINGSAFETY:0.5
C_PAWNSTRUCTURE:0.5109551904850278
C_PIECECOORDINATION:0.5118836349323691
C_ROOKANDPAWNMOVEMENT:0.5118836349323691
C_CENTERCONTROL:0.5069854734388176
C_DEVELOPPIECES:0.5153977266959486
C_MATERIAL:0.5173494734993419
C_MOVECOUNT:0.5037192123169422
