ELO:988
CE_PASSEDPAWNS:0.4945971803453157
CE_PAWNWEAKNESSES:0.5086276636336016
CE_PIECEACTIVITY:0.500438880726752
CE_KINGPAWNSHIELD:0.49908086068937574
CE_PIECECOORDINATION:0.5132635214027638
CE_MATERIAL:0.5010318229552954
CE_KINGSAFETY:0.5
C_PIECESQUARETABLES:0.4885542434925478
C_MOBILITY:0.4985168126846607
C_KINGSAFETY:0.5
C_PAWNSTRUCTURE:0.4976477250037915
C_PIECECOORDINATION:0.5065494597357826
C_ROOKANDPAWNMOVEMENT:0.5065494597357826
C_CENTERCONTROL:0.4996868912141527
C_DEVELOPPIECES:0.49414707599876356
C_MATERIAL:0.5
C_MOVECOUNT:0.47468506134950544
