ELO:944
CE_PASSEDPAWNS:0.5138755739508516
CE_PAWNWEAKNESSES:0.5862320488089731
CE_PIECEACTIVITY:0.43785831406551196
CE_KINGPAWNSHIELD:0.4931790014833638
CE_PIECECOORDINATION:0.4660783235784285
CE_MATERIAL:0.5125916341642207
CE_KINGSAFETY:0.548785254885323
C_PIECESQUARETABLES:0.4901595228472513
C_MOBILITY:0.44609977043268967
C_KINGSAFETY:0.3899988702717521
C_PAWNSTRUCTURE:0.46040180692848387
C_PIECECOORDINATION:0.5847447769691863
C_ROOKANDPAWNMOVEMENT:0.5847447769691863
C_CENTERCONTROL:0.5386185303387335
C_DEVELOPPIECES:0.3454948298578612
C_MATERIAL:0.5234845693665808
