ELO:1000
CE_PASSEDPAWNS:0.4893818708227766
CE_PAWNWEAKNESSES:0.505182247258652
CE_PIECEACTIVITY:0.5040347863787971
CE_KINGPAWNSHIELD:0.4974200350176451
CE_PIECECOORDINATION:0.45844585461623516
CE_MATERIAL:0.5004985617870907
CE_KINGSAFETY:0.4892354264583447
C_PIECESQUARETABLES:0.48828637712651857
C_MOBILITY:0.5234357400369397
C_KINGSAFETY:0.5003121394230547
C_PAWNSTRUCTURE:0.4854082204421671
C_PIECECOORDINATION:0.49797349544023595
C_ROOKANDPAWNMOVEMENT:0.49797349544023595
C_CENTERCONTROL:0.5114807364733022
C_DEVELOPPIECES:0.4730312915340255
C_MATERIAL:0.4912488640311176
