ELO:917
CE_PASSEDPAWNS:0.4583694669925301
CE_PAWNWEAKNESSES:0.36362496117185117
CE_PIECEACTIVITY:0.4733202638833591
CE_KINGPAWNSHIELD:0.5161444148357729
CE_PIECECOORDINATION:0.5030961022404951
CE_MATERIAL:0.5193066508340567
CE_KINGSAFETY:0.5
C_PIECESQUARETABLES:0.5
C_MOBILITY:0.5651744947316868
C_KINGSAFETY:0.3619856269208414
C_PAWNSTRUCTURE:0.5553771349557889
C_PIECECOORDINATION:0.5055521296294208
C_ROOKANDPAWNMOVEMENT:0.5055521296294208
C_CENTERCONTROL:0.5012221359734306
C_DEVELOPPIECES:0.5300066172263109
C_MATERIAL:0.5780462115792331
