ELO:984
CE_PASSEDPAWNS:0.5037031701947345
CE_PAWNWEAKNESSES:0.48964601250378176
CE_PIECEACTIVITY:0.5088250219747049
CE_KINGPAWNSHIELD:0.49668837532255333
CE_PIECECOORDINATION:0.4918190921581842
CE_MATERIAL:0.5
CE_KINGSAFETY:0.49173498512886926
C_PIECESQUARETABLES:0.507250100054686
C_MOBILITY:0.5
C_KINGSAFETY:0.49873863614047137
C_PAWNSTRUCTURE:0.510188484751518
C_PIECECOORDINATION:0.4876478589967239
C_ROOKANDPAWNMOVEMENT:0.4876478589967239
C_CENTERCONTROL:0.4875211852320868
C_DEVELOPPIECES:0.5110602206002368
C_MATERIAL:0.5068523083436133
