ELO:1006
CE_PASSEDPAWNS:0.5056696579671396
CE_PAWNWEAKNESSES:0.5097416950350986
CE_PIECEACTIVITY:0.5000701798502536
CE_KINGPAWNSHIELD:0.504479791924972
CE_PIECECOORDINATION:0.5040242674681642
CE_MATERIAL:0.5
CE_KINGSAFETY:0.5
C_PIECESQUARETABLES:0.5
C_MOBILITY:0.501940738042608
C_KINGSAFETY:0.5
C_PAWNSTRUCTURE:0.5110859731617643
C_PIECECOORDINATION:0.5
C_ROOKANDPAWNMOVEMENT:0.5
C_CENTERCONTROL:0.5156678176722576
C_DEVELOPPIECES:0.4961219220714547
C_MATERIAL:0.49523698599536287
C_MOVECOUNT:0.497140234812694
