ELO:773
CE_PASSEDPAWNS:0.5410029894070216
CE_PAWNWEAKNESSES:0.5662584262569054
CE_PIECEACTIVITY:0.5445733628245896
CE_KINGPAWNSHIELD:0.554932985894818
CE_PIECECOORDINATION:0.5580642446280402
CE_MATERIAL:0.5236602040209051
CE_KINGSAFETY:0.5445008031851823
C_PIECESQUARETABLES:0.4725822730873862
C_MOBILITY:0.4581431036998699
C_KINGSAFETY:0.4855113845243004
C_PAWNSTRUCTURE:0.5705103319598578
C_PIECECOORDINATION:0.5434294400119105
C_ROOKANDPAWNMOVEMENT:0.5434294400119105
C_CENTERCONTROL:0.5742792665628493
C_DEVELOPPIECES:0.46495344091392693
C_MATERIAL:0.5863536782590206
C_MOVECOUNT:0.5
