ELO:1000
CE_PASSEDPAWNS:0.49463782808467843
CE_PAWNWEAKNESSES:0.4753800947835997
CE_PIECEACTIVITY:0.5005305270305059
CE_KINGPAWNSHIELD:0.5088720135139703
CE_PIECECOORDINATION:0.4672518142229199
CE_MATERIAL:0.48488558611147314
CE_KINGSAFETY:0.5113180018442872
C_PIECESQUARETABLES:0.5024169201639809
C_MOBILITY:0.4919193238658019
C_KINGSAFETY:0.5105752320575574
C_PAWNSTRUCTURE:0.5008377867969095
C_PIECECOORDINATION:0.498256910569921
C_ROOKANDPAWNMOVEMENT:0.498256910569921
C_CENTERCONTROL:0.4872266821427612
C_DEVELOPPIECES:0.4877572281361899
C_MATERIAL:0.49342550297942733
