ELO:987
CE_PASSEDPAWNS:0.5
CE_PAWNWEAKNESSES:0.4934554916003444
CE_PIECEACTIVITY:0.492848239939017
CE_KINGPAWNSHIELD:0.4998806077900313
CE_PIECECOORDINATION:0.4957213694596745
CE_MATERIAL:0.5
CE_KINGSAFETY:0.4943373514844589
C_PIECESQUARETABLES:0.5
C_MOBILITY:0.5
C_KINGSAFETY:0.5
C_PAWNSTRUCTURE:0.5
C_PIECECOORDINATION:0.4889405433008824
C_ROOKANDPAWNMOVEMENT:0.4889405433008824
C_CENTERCONTROL:0.5038554170303029
C_DEVELOPPIECES:0.5
C_MATERIAL:0.5
C_MOVECOUNT:0.4891806429623272
