ELO:746
CE_PASSEDPAWNS:0.41076372391954585
CE_PAWNWEAKNESSES:0.5803595161632172
CE_PIECEACTIVITY:0.461042966266967
CE_KINGPAWNSHIELD:0.4697041378868559
CE_PIECECOORDINATION:0.4353374705274677
CE_MATERIAL:0.48252349751781876
CE_KINGSAFETY:0.4758772319506775
C_PIECESQUARETABLES:0.49948652737806576
C_MOBILITY:0.4173952974767017
C_KINGSAFETY:0.42332206485706475
C_PAWNSTRUCTURE:0.4953542150663385
C_PIECECOORDINATION:0.496835014875436
C_ROOKANDPAWNMOVEMENT:0.496835014875436
C_CENTERCONTROL:0.4498824386754796
C_DEVELOPPIECES:0.5694953718986954
C_MATERIAL:0.46696293809528366
C_MOVECOUNT:0.5125565085547394
