ELO:990
CE_PASSEDPAWNS:0.49429745698082705
CE_PAWNWEAKNESSES:0.4850911696681999
CE_PIECEACTIVITY:0.48532056772417703
CE_KINGPAWNSHIELD:0.5622729554190399
CE_PIECECOORDINATION:0.4981262512488296
CE_MATERIAL:0.5699060458491435
CE_KINGSAFETY:0.5119413245566728
C_PIECESQUARETABLES:0.49142122710496244
C_MOBILITY:0.5087871594246653
C_KINGSAFETY:0.5007633611564036
C_PAWNSTRUCTURE:0.49541439887395133
C_PIECECOORDINATION:0.43697806761842917
C_ROOKANDPAWNMOVEMENT:0.43697806761842917
C_CENTERCONTROL:0.4924724834298773
C_DEVELOPPIECES:0.4854362861542883
C_MATERIAL:0.523394045941656
