ELO:966
CE_PASSEDPAWNS:0.4857489565722429
CE_PAWNWEAKNESSES:0.5015003724879835
CE_PIECEACTIVITY:0.5089960758922525
CE_KINGPAWNSHIELD:0.5214400647506923
CE_PIECECOORDINATION:0.5528079181934429
CE_MATERIAL:0.4576843946071834
CE_KINGSAFETY:0.49831039780484165
C_PIECESQUARETABLES:0.5020825355035492
C_MOBILITY:0.4904174011708161
C_KINGSAFETY:0.4586062645494529
C_PAWNSTRUCTURE:0.5233487536734278
C_PIECECOORDINATION:0.3724624561455185
C_ROOKANDPAWNMOVEMENT:0.3724624561455185
C_CENTERCONTROL:0.47554373321517174
C_DEVELOPPIECES:0.47732978030982043
C_MATERIAL:0.4534469409094618
