ELO:1024
CE_PASSEDPAWNS:0.6239093873673912
CE_PAWNWEAKNESSES:0.46507295704059537
CE_PIECEACTIVITY:0.4753622762116586
CE_KINGPAWNSHIELD:0.48159491953124767
CE_PIECECOORDINATION:0.4675722593652976
CE_MATERIAL:0.4617299370293802
CE_KINGSAFETY:0.4617901372932611
C_PIECESQUARETABLES:0.4631047717828616
C_MOBILITY:0.4248267579183304
C_KINGSAFETY:0.5068693059916746
C_PAWNSTRUCTURE:0.42391022430578273
C_PIECECOORDINATION:0.4669094808017639
C_ROOKANDPAWNMOVEMENT:0.4669094808017639
C_CENTERCONTROL:0.5173967821532384
C_DEVELOPPIECES:0.6048466416688317
C_MATERIAL:0.4212349961719647
