ELO:923
CE_PASSEDPAWNS:0.5743727716746386
CE_PAWNWEAKNESSES:0.5058642762496222
CE_PIECEACTIVITY:0.5507259656806022
CE_KINGPAWNSHIELD:0.48264223781517135
CE_PIECECOORDINATION:0.4487469622295248
CE_MATERIAL:0.49874450779590046
CE_KINGSAFETY:0.5
C_PIECESQUARETABLES:0.5
C_MOBILITY:0.340169936253433
C_KINGSAFETY:0.5382246132462283
C_PAWNSTRUCTURE:0.45412622979728096
C_PIECECOORDINATION:0.462802904099258
C_ROOKANDPAWNMOVEMENT:0.462802904099258
C_CENTERCONTROL:0.41370969526568696
C_DEVELOPPIECES:0.42855153533639834
C_MATERIAL:0.42365654852476053
