ELO:980
CE_PASSEDPAWNS:0.5030875763400846
CE_PAWNWEAKNESSES:0.5265957895934673
CE_PIECEACTIVITY:0.49806392885055095
CE_KINGPAWNSHIELD:0.49306358990501414
CE_PIECECOORDINATION:0.5296114762007456
CE_MATERIAL:0.5094853131442159
CE_KINGSAFETY:0.5
C_PIECESQUARETABLES:0.5078372239911737
C_MOBILITY:0.48825817613884553
C_KINGSAFETY:0.5044566204394038
C_PAWNSTRUCTURE:0.5053063851213131
C_PIECECOORDINATION:0.5
C_ROOKANDPAWNMOVEMENT:0.5
C_CENTERCONTROL:0.4718045717570082
C_DEVELOPPIECES:0.5088663460169539
C_MATERIAL:0.5019190801415256
C_MOVECOUNT:0.5
