ELO:997
CE_PASSEDPAWNS:0.48100477793210955
CE_PAWNWEAKNESSES:0.48609222707471067
CE_PIECEACTIVITY:0.5039622755387502
CE_KINGPAWNSHIELD:0.5216366807994751
CE_PIECECOORDINATION:0.5089773736843001
CE_MATERIAL:0.5442686660454905
CE_KINGSAFETY:0.5005351134250409
C_PIECESQUARETABLES:0.5
C_MOBILITY:0.5054381306682522
C_KINGSAFETY:0.5020800332431455
C_PAWNSTRUCTURE:0.5076549940581968
C_PIECECOORDINATION:0.44384557431987676
C_ROOKANDPAWNMOVEMENT:0.44384557431987676
C_CENTERCONTROL:0.4891467410605143
C_DEVELOPPIECES:0.5014371210758901
C_MATERIAL:0.4830481563488561
