ELO:991
CE_PASSEDPAWNS:0.47659683021523525
CE_PAWNWEAKNESSES:0.493911167612207
CE_PIECEACTIVITY:0.4884219795640394
CE_KINGPAWNSHIELD:0.5613908847244026
CE_PIECECOORDINATION:0.5340737999628895
CE_MATERIAL:0.5304892674601793
CE_KINGSAFETY:0.5384405576917154
C_PIECESQUARETABLES:0.5127253937221942
C_MOBILITY:0.44951846445649346
C_KINGSAFETY:0.4849057926645267
C_PAWNSTRUCTURE:0.5486429551493378
C_PIECECOORDINATION:0.419592790986596
C_ROOKANDPAWNMOVEMENT:0.419592790986596
C_CENTERCONTROL:0.49198440348046274
C_DEVELOPPIECES:0.48191863944753194
C_MATERIAL:0.5179960382752958
