ELO:952
CE_PASSEDPAWNS:0.4945027826005026
CE_PAWNWEAKNESSES:0.5025238663265343
CE_PIECEACTIVITY:0.5119077171284524
CE_KINGPAWNSHIELD:0.4985944824204754
CE_PIECECOORDINATION:0.5459121243833267
CE_MATERIAL:0.46870281242573913
CE_KINGSAFETY:0.523655754232793
C_PIECESQUARETABLES:0.5223675234781441
C_MOBILITY:0.45681325561698916
C_KINGSAFETY:0.44472672282899484
C_PAWNSTRUCTURE:0.5171254691401117
C_PIECECOORDINATION:0.36582395520697925
C_ROOKANDPAWNMOVEMENT:0.36582395520697925
C_CENTERCONTROL:0.4486223200583888
C_DEVELOPPIECES:0.49267328408752536
C_MATERIAL:0.47005532672598666
