ELO:983
CE_PASSEDPAWNS:0.5192761247319967
CE_PAWNWEAKNESSES:0.4406962681138568
CE_PIECEACTIVITY:0.5127658237875542
CE_KINGPAWNSHIELD:0.5403819306595699
CE_PIECECOORDINATION:0.5636577760616313
CE_MATERIAL:0.5280975665899857
CE_KINGSAFETY:0.5164167783766634
C_PIECESQUARETABLES:0.5047151183530666
C_MOBILITY:0.49545573393603987
C_KINGSAFETY:0.4672272656948727
C_PAWNSTRUCTURE:0.5069450867788234
C_PIECECOORDINATION:0.5516527300094377
C_ROOKANDPAWNMOVEMENT:0.5516527300094377
C_CENTERCONTROL:0.45327065557176516
C_DEVELOPPIECES:0.4670001614886708
C_MATERIAL:0.48970675194240454
