ELO:992
CE_PASSEDPAWNS:0.4591106734541828
CE_PAWNWEAKNESSES:0.5119686382718864
CE_PIECEACTIVITY:0.47552987845540295
CE_KINGPAWNSHIELD:0.55238550028616
CE_PIECECOORDINATION:0.523210602845138
CE_MATERIAL:0.5201188509742966
CE_KINGSAFETY:0.5294489127923155
C_PIECESQUARETABLES:0.501771672699066
C_MOBILITY:0.4335402148718858
C_KINGSAFETY:0.4583360684038887
C_PAWNSTRUCTURE:0.5411517455745977
C_PIECECOORDINATION:0.42172730136822434
C_ROOKANDPAWNMOVEMENT:0.42172730136822434
C_CENTERCONTROL:0.4675352944716384
C_DEVELOPPIECES:0.46304937763196485
C_MATERIAL:0.5214108820613483
