ELO:849
CE_PASSEDPAWNS:0.5432817886350405
CE_PAWNWEAKNESSES:0.543333359744452
CE_PIECEACTIVITY:0.45260918735855293
CE_KINGPAWNSHIELD:0.5107754704443027
CE_PIECECOORDINATION:0.542919121901662
CE_MATERIAL:0.49129026416461175
CE_KINGSAFETY:0.4970768887730151
C_PIECESQUARETABLES:0.49737892969692316
C_MOBILITY:0.5289581567237457
C_KINGSAFETY:0.46555037485579476
C_PAWNSTRUCTURE:0.5404915086869737
C_PIECECOORDINATION:0.5309070303397241
C_ROOKANDPAWNMOVEMENT:0.5309070303397241
C_CENTERCONTROL:0.528938893663401
C_DEVELOPPIECES:0.4708339951472121
C_MATERIAL:0.5353652172844351
C_MOVECOUNT:0.5
