ELO:990
CE_PASSEDPAWNS:0.45199930717967096
CE_PAWNWEAKNESSES:0.5119686382718864
CE_PIECEACTIVITY:0.49615334206418665
CE_KINGPAWNSHIELD:0.5260137182129765
CE_PIECECOORDINATION:0.5077290917528373
CE_MATERIAL:0.5201188509742966
CE_KINGSAFETY:0.5209227460268867
C_PIECESQUARETABLES:0.5093838167136029
C_MOBILITY:0.43109480433476577
C_KINGSAFETY:0.44466640106796157
C_PAWNSTRUCTURE:0.5543209027627866
C_PIECECOORDINATION:0.43730907910555455
C_ROOKANDPAWNMOVEMENT:0.43730907910555455
C_CENTERCONTROL:0.45232698606873034
C_DEVELOPPIECES:0.45849902821466476
C_MATERIAL:0.5420521905812986
