ELO:1000
CE_PASSEDPAWNS:0.5259184664064562
CE_PAWNWEAKNESSES:0.4640673338531563
CE_PIECEACTIVITY:0.5144208066031576
CE_KINGPAWNSHIELD:0.5044010951087482
CE_PIECECOORDINATION:0.5079755034143277
CE_MATERIAL:0.5018113617532743
CE_KINGSAFETY:0.5026312472402731
C_PIECESQUARETABLES:0.539707924047199
C_MOBILITY:0.4940732100047823
C_KINGSAFETY:0.4828663710531796
C_PAWNSTRUCTURE:0.5367837419733826
C_PIECECOORDINATION:0.5557770854569621
C_ROOKANDPAWNMOVEMENT:0.5557770854569621
C_CENTERCONTROL:0.4579387435356104
C_DEVELOPPIECES:0.47038581314491945
C_MATERIAL:0.493544106500497
