ELO:989
CE_PASSEDPAWNS:0.45573900640650666
CE_PAWNWEAKNESSES:0.5108458098139005
CE_PIECEACTIVITY:0.5105914416254217
CE_KINGPAWNSHIELD:0.5318490885458708
CE_PIECECOORDINATION:0.5077290917528373
CE_MATERIAL:0.5107179578628996
CE_KINGSAFETY:0.5244295803324694
C_PIECESQUARETABLES:0.508755193699293
C_MOBILITY:0.43109480433476577
C_KINGSAFETY:0.4656215968199693
C_PAWNSTRUCTURE:0.5598708663259426
C_PIECECOORDINATION:0.41626644252157435
C_ROOKANDPAWNMOVEMENT:0.41626644252157435
C_CENTERCONTROL:0.4377650214685139
C_DEVELOPPIECES:0.448353911933961
C_MATERIAL:0.5116426683773597
