ELO:907
CE_PASSEDPAWNS:0.5328987533940036
CE_PAWNWEAKNESSES:0.5287370950637258
CE_PIECEACTIVITY:0.5116671160400886
CE_KINGPAWNSHIELD:0.427754927291449
CE_PIECECOORDINATION:0.5282949290079451
CE_MATERIAL:0.5664947229420357
CE_KINGSAFETY:0.5
C_PIECESQUARETABLES:0.5
C_MOBILITY:0.4364870898029519
C_KINGSAFETY:0.4148712532924737
C_PAWNSTRUCTURE:0.4837804360322591
C_PIECECOORDINATION:0.5212507819666953
C_ROOKANDPAWNMOVEMENT:0.5212507819666953
C_CENTERCONTROL:0.5268540964048234
C_DEVELOPPIECES:0.4445137033283717
C_MATERIAL:0.5654056953828603
