ELO:1018
CE_PASSEDPAWNS:0.48779824767406077
CE_PAWNWEAKNESSES:0.48766349263016895
CE_PIECEACTIVITY:0.5012219424887812
CE_KINGPAWNSHIELD:0.5116685598205051
CE_PIECECOORDINATION:0.4952178608209557
CE_MATERIAL:0.5034723437588465
CE_KINGSAFETY:0.512934085443938
C_PIECESQUARETABLES:0.5
C_MOBILITY:0.4924360675917885
C_KINGSAFETY:0.5
C_PAWNSTRUCTURE:0.5
C_PIECECOORDINATION:0.48571423410937736
C_ROOKANDPAWNMOVEMENT:0.48571423410937736
C_CENTERCONTROL:0.5132798452143453
C_DEVELOPPIECES:0.4959563453670451
C_MATERIAL:0.4953350321969743
C_MOVECOUNT:0.4891806429623272
