ELO:959
CE_PASSEDPAWNS:0.46086506232810087
CE_PAWNWEAKNESSES:0.5134695526032735
CE_PIECEACTIVITY:0.48877900649072314
CE_KINGPAWNSHIELD:0.4986655409926519
CE_PIECECOORDINATION:0.48642521335428707
CE_MATERIAL:0.549860067643339
CE_KINGSAFETY:0.5257320525612096
C_PIECESQUARETABLES:0.5186382258678484
C_MOBILITY:0.44954933480244064
C_KINGSAFETY:0.48109988274306886
C_PAWNSTRUCTURE:0.4972331447728455
C_PIECECOORDINATION:0.49947315915240403
C_ROOKANDPAWNMOVEMENT:0.49947315915240403
C_CENTERCONTROL:0.49306315491181796
C_DEVELOPPIECES:0.46580561415951405
C_MATERIAL:0.4906230276756368
C_MOVECOUNT:0.501675583080835
