ELO:992
CE_PASSEDPAWNS:0.4967826147415734
CE_PAWNWEAKNESSES:0.503340702610135
CE_PIECEACTIVITY:0.5048754737353931
CE_KINGPAWNSHIELD:0.4875511836860489
CE_PIECECOORDINATION:0.5168767155757976
CE_MATERIAL:0.4895946943872949
CE_KINGSAFETY:0.5
C_PIECESQUARETABLES:0.5224881375792422
C_MOBILITY:0.5143284661624351
C_KINGSAFETY:0.4887786993681707
C_PAWNSTRUCTURE:0.5
C_PIECECOORDINATION:0.4994997145688924
C_ROOKANDPAWNMOVEMENT:0.4994997145688924
C_CENTERCONTROL:0.5238970674076261
C_DEVELOPPIECES:0.49168041211751107
C_MATERIAL:0.5068518743733311
