ELO:1018
CE_PASSEDPAWNS:0.5062323992275707
CE_PAWNWEAKNESSES:0.5035392195198948
CE_PIECEACTIVITY:0.5070477514444577
CE_KINGPAWNSHIELD:0.505807969009218
CE_PIECECOORDINATION:0.5011356107269369
CE_MATERIAL:0.5111487329348097
CE_KINGSAFETY:0.5065888675566823
C_PIECESQUARETABLES:0.5
C_MOBILITY:0.5015055934837745
C_KINGSAFETY:0.5010648368026067
C_PAWNSTRUCTURE:0.5049527528780591
C_PIECECOORDINATION:0.4876463962350688
C_ROOKANDPAWNMOVEMENT:0.4876463962350688
C_CENTERCONTROL:0.5
C_DEVELOPPIECES:0.4919315272563716
C_MATERIAL:0.5
C_MOVECOUNT:0.5
