ELO:1018
CE_PASSEDPAWNS:0.5
CE_PAWNWEAKNESSES:0.5
CE_PIECEACTIVITY:0.505381718558542
CE_KINGPAWNSHIELD:0.5179472640820005
CE_PIECECOORDINATION:0.5
CE_MATERIAL:0.48561150728947106
CE_KINGSAFETY:0.5175132522142962
C_PIECESQUARETABLES:0.4912901314298103
C_MOBILITY:0.5249654797197681
C_KINGSAFETY:0.5135461387674912
C_PAWNSTRUCTURE:0.5
C_PIECECOORDINATION:0.5061365854526221
C_ROOKANDPAWNMOVEMENT:0.5061365854526221
C_CENTERCONTROL:0.48341735494626803
C_DEVELOPPIECES:0.5325878482277272
C_MATERIAL:0.4743758010019541
C_MOVECOUNT:0.5
