ELO:895
CE_PASSEDPAWNS:0.6191876082202159
CE_PAWNWEAKNESSES:0.5103222528473705
CE_PIECEACTIVITY:0.48323524024954595
CE_KINGPAWNSHIELD:0.5254354156809458
CE_PIECECOORDINATION:0.4992032269447968
CE_MATERIAL:0.5412221939336815
CE_KINGSAFETY:0.4983448505436348
C_PIECESQUARETABLES:0.47767079364361453
C_MOBILITY:0.5595684348872804
C_KINGSAFETY:0.40504540806015493
C_PAWNSTRUCTURE:0.46955839914002034
C_PIECECOORDINATION:0.5260555017594084
C_ROOKANDPAWNMOVEMENT:0.5260555017594084
C_CENTERCONTROL:0.48140090933616997
C_DEVELOPPIECES:0.43685562506617803
C_MATERIAL:0.5113924257354665
C_MOVECOUNT:0.5
