ELO:967
CE_PASSEDPAWNS:0.4817214421580739
CE_PAWNWEAKNESSES:0.4911273917290847
CE_PIECEACTIVITY:0.5123619019430555
CE_KINGPAWNSHIELD:0.4768232352211847
CE_PIECECOORDINATION:0.5083139439613032
CE_MATERIAL:0.4681130107998825
CE_KINGSAFETY:0.47282495310326017
C_PIECESQUARETABLES:0.5128062956257127
C_MOBILITY:0.5031895550322603
C_KINGSAFETY:0.5156623894670662
C_PAWNSTRUCTURE:0.5168360256017099
C_PIECECOORDINATION:0.4891945920554902
C_ROOK:0.5138529195026934
CE_ROOK:0.5153398998935276
C_CENTERCONTROL:0.5086859605902031
C_DEVELOPPIECES:0.512283017917271
C_MATERIAL:0.4907692093842122
C_MOVECOUNT:0.510422429744304
C_PAWNMOVEMENT:0.48218993293366524
