ELO:897
CE_PASSEDPAWNS:0.4557257802561469
CE_PAWNWEAKNESSES:0.4995783109583393
CE_PIECEACTIVITY:0.49176143117756144
CE_KINGPAWNSHIELD:0.4836038039142032
CE_PIECECOORDINATION:0.5005831146250023
CE_MATERIAL:0.5351412740653433
CE_KINGSAFETY:0.5
C_PIECESQUARETABLES:0.5
C_MOBILITY:0.4609099018353174
C_KINGSAFETY:0.46768875060288384
C_PAWNSTRUCTURE:0.5331654924431465
C_PIECECOORDINATION:0.5204108931954895
C_ROOKANDPAWNMOVEMENT:0.5204108931954895
C_CENTERCONTROL:0.5081028660567309
C_DEVELOPPIECES:0.5468047785496764
C_MATERIAL:0.4937600272266302
C_MOVECOUNT:0.5
