ELO:1083
CE_PASSEDPAWNS:0.5056630203091187
CE_PAWNWEAKNESSES:0.45484690150005436
CE_PIECEACTIVITY:0.5557538791204379
CE_KINGPAWNSHIELD:0.4887692377501839
CE_PIECECOORDINATION:0.5381227877995974
CE_MATERIAL:0.5332197387724633
CE_KINGSAFETY:0.5
C_PIECESQUARETABLES:0.4737161392883248
C_MOBILITY:0.4877373389429647
C_KINGSAFETY:0.5980337783229497
C_PAWNSTRUCTURE:0.5098453686536272
C_PIECECOORDINATION:0.4689358622678078
C_ROOKANDPAWNMOVEMENT:0.4689358622678078
C_CENTERCONTROL:0.5616267943107082
C_DEVELOPPIECES:0.4708716687852647
C_MATERIAL:0.5
C_MOVECOUNT:0.521975550403894
