ELO:1018
CE_PASSEDPAWNS:0.6400462265814312
CE_PAWNWEAKNESSES:0.465866937629873
CE_PIECEACTIVITY:0.49225469421192103
CE_KINGPAWNSHIELD:0.4768776699496979
CE_PIECECOORDINATION:0.4713224245958881
CE_MATERIAL:0.46505498755870206
CE_KINGSAFETY:0.501761568144265
C_PIECESQUARETABLES:0.5
C_MOBILITY:0.4248267579183304
C_KINGSAFETY:0.5098613792743959
C_PAWNSTRUCTURE:0.429243138444142
C_PIECECOORDINATION:0.4652308364833527
C_ROOKANDPAWNMOVEMENT:0.4652308364833527
C_CENTERCONTROL:0.4929437679829234
C_DEVELOPPIECES:0.6172236798440194
C_MATERIAL:0.42919285313272804
