ELO:991
CE_PASSEDPAWNS:0.48946824845887843
CE_PAWNWEAKNESSES:0.4825773168357988
CE_PIECEACTIVITY:0.4976461193886007
CE_KINGPAWNSHIELD:0.4928609641696379
CE_PIECECOORDINATION:0.5061768020049632
CE_MATERIAL:0.5066401848957433
CE_KINGSAFETY:0.5042612979313756
C_PIECESQUARETABLES:0.5099585845702339
C_MOBILITY:0.49224946684918214
C_KINGSAFETY:0.5
C_PAWNSTRUCTURE:0.5010737621382858
C_PIECECOORDINATION:0.5082324162059174
C_ROOKANDPAWNMOVEMENT:0.5082324162059174
C_CENTERCONTROL:0.4718045717570082
C_DEVELOPPIECES:0.48540150534174425
C_MATERIAL:0.5073418939111665
C_MOVECOUNT:0.4879030426913463
