ELO:1009
CE_PASSEDPAWNS:0.510955793413904
CE_PAWNWEAKNESSES:0.492736221047086
CE_PIECEACTIVITY:0.49296790067570906
CE_KINGPAWNSHIELD:0.4712913259640878
CE_PIECECOORDINATION:0.5031841805432496
CE_MATERIAL:0.4935909975243069
CE_KINGSAFETY:0.49527734471168927
C_PIECESQUARETABLES:0.5136558249931387
C_MOBILITY:0.5
C_KINGSAFETY:0.49819697853633765
C_PAWNSTRUCTURE:0.507174343802419
C_PIECECOORDINATION:0.5195478455150414
C_ROOKANDPAWNMOVEMENT:0.5195478455150414
C_CENTERCONTROL:0.5
C_DEVELOPPIECES:0.5037716188707468
C_MATERIAL:0.5
