ELO:965
CE_PASSEDPAWNS:0.4919447981573923
CE_PAWNWEAKNESSES:0.5074592216040787
CE_PIECEACTIVITY:0.5143533884079057
CE_KINGPAWNSHIELD:0.5258396638861231
CE_PIECECOORDINATION:0.5581014342133331
CE_MATERIAL:0.4696636864797454
CE_KINGSAFETY:0.5141427543079117
C_PIECESQUARETABLES:0.48819364022973344
C_MOBILITY:0.4392813283632969
C_KINGSAFETY:0.46904358828593434
C_PAWNSTRUCTURE:0.5567462651061251
C_PIECECOORDINATION:0.39324675960768657
C_ROOKANDPAWNMOVEMENT:0.39324675960768657
C_CENTERCONTROL:0.44987456215713484
C_DEVELOPPIECES:0.4553292000971895
C_MATERIAL:0.48423340751566724
