ELO:963
CE_PASSEDPAWNS:0.4857489565722429
CE_PAWNWEAKNESSES:0.49741893367088214
CE_PIECEACTIVITY:0.5163475645360249
CE_KINGPAWNSHIELD:0.5214400647506923
CE_PIECECOORDINATION:0.5528079181934429
CE_MATERIAL:0.457836903166498
CE_KINGSAFETY:0.49707437862281467
C_PIECESQUARETABLES:0.5134317279454855
C_MOBILITY:0.49636688470639173
C_KINGSAFETY:0.4586062645494529
C_PAWNSTRUCTURE:0.5233487536734278
C_PIECECOORDINATION:0.3775832268744203
C_ROOKANDPAWNMOVEMENT:0.3775832268744203
C_CENTERCONTROL:0.47554373321517174
C_DEVELOPPIECES:0.48314598443699147
C_MATERIAL:0.444820027166767
