ELO:719
CE_PASSEDPAWNS:0.4166041764908167
CE_PAWNWEAKNESSES:0.5798598987666431
CE_PIECEACTIVITY:0.45063797086645135
CE_KINGPAWNSHIELD:0.47734415500198696
CE_PIECECOORDINATION:0.43221693764799424
CE_MATERIAL:0.48274143017696525
CE_KINGSAFETY:0.4872940588096074
C_PIECESQUARETABLES:0.5161419748903847
C_MOBILITY:0.4385068330599156
C_KINGSAFETY:0.4025992150812355
C_PAWNSTRUCTURE:0.48472626662483737
C_PIECECOORDINATION:0.5181568045028117
C_ROOKANDPAWNMOVEMENT:0.5181568045028117
C_CENTERCONTROL:0.46548429809223285
C_DEVELOPPIECES:0.574774144834722
C_MATERIAL:0.4612218078085074
C_MOVECOUNT:0.5104096187781069
