ELO:1012
CE_PASSEDPAWNS:0.4978636590756982
CE_PAWNWEAKNESSES:0.5250926902281914
CE_PIECEACTIVITY:0.5027842534224632
CE_KINGPAWNSHIELD:0.5
CE_PIECECOORDINATION:0.47621953791979016
CE_MATERIAL:0.4997648603677989
CE_KINGSAFETY:0.5078788575717891
C_PIECESQUARETABLES:0.5175350026263593
C_MOBILITY:0.4896853529541151
C_KINGSAFETY:0.5
C_PAWNSTRUCTURE:0.5
C_PIECECOORDINATION:0.4909907074796499
C_ROOKANDPAWNMOVEMENT:0.4909907074796499
C_CENTERCONTROL:0.510123551239968
C_DEVELOPPIECES:0.4892850874522052
C_MATERIAL:0.5089171695686799
