ELO:822
CE_PASSEDPAWNS:0.4584173567590085
CE_PAWNWEAKNESSES:0.5354823321983542
CE_PIECEACTIVITY:0.4475751827957396
CE_KINGPAWNSHIELD:0.5123388789396025
CE_PIECECOORDINATION:0.5201968647603604
CE_MATERIAL:0.4057254052449609
CE_KINGSAFETY:0.5072054191402217
C_PIECESQUARETABLES:0.5358056431001342
C_MOBILITY:0.48098215325103444
C_KINGSAFETY:0.4984113601507592
C_PAWNSTRUCTURE:0.4975333023431454
C_PIECECOORDINATION:0.5148903954491862
C_ROOKANDPAWNMOVEMENT:0.5148903954491862
C_CENTERCONTROL:0.5134882444294584
C_DEVELOPPIECES:0.49663882274561855
C_MATERIAL:0.44326652146467593
C_MOVECOUNT:0.5
