ELO:981
CE_PASSEDPAWNS:0.5005020171790854
CE_PAWNWEAKNESSES:0.46553658301673895
CE_PIECEACTIVITY:0.5566664328625986
CE_KINGPAWNSHIELD:0.5484127823995388
CE_PIECECOORDINATION:0.598239609122524
CE_MATERIAL:0.5253016362138834
CE_KINGSAFETY:0.5354111838976723
C_PIECESQUARETABLES:0.498613687074255
C_MOBILITY:0.5558778361672588
C_KINGSAFETY:0.4823820008507984
C_PAWNSTRUCTURE:0.5298596432740402
C_PIECECOORDINATION:0.532673210662113
C_ROOKANDPAWNMOVEMENT:0.532673210662113
C_CENTERCONTROL:0.4426332920418209
C_DEVELOPPIECES:0.4877034110498003
C_MATERIAL:0.44733933467007175
