ELO:959
CE_PASSEDPAWNS:0.5043130951871506
CE_PAWNWEAKNESSES:0.4055226728780051
CE_PIECEACTIVITY:0.5299509485789222
CE_KINGPAWNSHIELD:0.5322702915689693
CE_PIECECOORDINATION:0.5623939867080632
CE_MATERIAL:0.5232902719206378
CE_KINGSAFETY:0.5143942354018793
C_PIECESQUARETABLES:0.5177351485344438
C_MOBILITY:0.5362846085423242
C_KINGSAFETY:0.5050922075541022
C_PAWNSTRUCTURE:0.5315520377379399
C_PIECECOORDINATION:0.5051403903364521
C_ROOKANDPAWNMOVEMENT:0.5051403903364521
C_CENTERCONTROL:0.39936146695161145
C_DEVELOPPIECES:0.5134613382697955
C_MATERIAL:0.4480018685692123
