ELO:898
CE_PASSEDPAWNS:0.48592393901010605
CE_PAWNWEAKNESSES:0.48558118708648074
CE_PIECEACTIVITY:0.5211083398498458
CE_KINGPAWNSHIELD:0.5254804565533427
CE_PIECECOORDINATION:0.5355687054923753
CE_MATERIAL:0.5874917097988355
CE_KINGSAFETY:0.4854487751989839
C_PIECESQUARETABLES:0.5002968081032613
C_MOBILITY:0.5513096226613984
C_KINGSAFETY:0.47482010134130054
C_PAWNSTRUCTURE:0.503678059510746
C_PIECECOORDINATION:0.4632150707174987
C_ROOKANDPAWNMOVEMENT:0.4632150707174987
C_CENTERCONTROL:0.38417668230003277
C_DEVELOPPIECES:0.4739593764886189
C_MATERIAL:0.48427646846461103
