ELO:900
CE_PASSEDPAWNS:0.46308307824956946
CE_PAWNWEAKNESSES:0.4805482503507771
CE_PIECEACTIVITY:0.5098019509898993
CE_KINGPAWNSHIELD:0.46448508048912474
CE_PIECECOORDINATION:0.46200715825026034
CE_MATERIAL:0.4926374273783678
CE_KINGSAFETY:0.5102006992726794
C_PIECESQUARETABLES:0.5020010363095273
C_MOBILITY:0.4494551530762071
C_KINGSAFETY:0.5439396058307552
C_PAWNSTRUCTURE:0.5329591872538588
C_PIECECOORDINATION:0.50758644349117
C_ROOK:0.5172034331771252
CE_ROOK:0.5285200787705929
C_CENTERCONTROL:0.5019272009536428
C_DEVELOPPIECES:0.5617871556399835
C_MATERIAL:0.5183478271558153
C_MOVECOUNT:0.52754815887077
C_PAWNMOVEMENT:0.4743788869971876
