ELO:935
CE_PASSEDPAWNS:0.5141196281093084
CE_PAWNWEAKNESSES:0.48805996319418055
CE_PIECEACTIVITY:0.5577981043806799
CE_KINGPAWNSHIELD:0.5073246732903779
CE_PIECECOORDINATION:0.5776475071328717
CE_MATERIAL:0.4441567438170442
CE_KINGSAFETY:0.5138041889700572
C_PIECESQUARETABLES:0.5508512181173731
C_MOBILITY:0.5352114188766656
C_KINGSAFETY:0.4747592145180281
C_PAWNSTRUCTURE:0.5160244812331074
C_PIECECOORDINATION:0.37230304170506295
C_ROOKANDPAWNMOVEMENT:0.37230304170506295
C_CENTERCONTROL:0.4919249263859513
C_DEVELOPPIECES:0.5014056554896374
C_MATERIAL:0.4181607230387957
