ELO:997
CE_PASSEDPAWNS:0.5
CE_PAWNWEAKNESSES:0.5042024742330027
CE_PIECEACTIVITY:0.4971912237748263
CE_KINGPAWNSHIELD:0.48037527510379524
CE_PIECECOORDINATION:0.5073618993749682
CE_MATERIAL:0.5082464996961971
CE_KINGSAFETY:0.5092577530893192
C_PIECESQUARETABLES:0.49324671366900597
C_MOBILITY:0.4989224333241574
C_KINGSAFETY:0.5088579693592592
C_PAWNSTRUCTURE:0.4992320240849821
C_PIECECOORDINATION:0.49243563510160704
C_ROOK:0.5
CE_ROOK:0.5084813729688401
C_CENTERCONTROL:0.5068972340230389
C_DEVELOPPIECES:0.5124886824190987
C_MATERIAL:0.5
C_MOVECOUNT:0.5083223188457141
C_PAWNMOVEMENT:0.5061336937349792
