ELO:939
CE_PASSEDPAWNS:0.5290179847441789
CE_PAWNWEAKNESSES:0.4416122955310928
CE_PIECEACTIVITY:0.5072318902433757
CE_KINGPAWNSHIELD:0.575247171976436
CE_PIECECOORDINATION:0.5515541427475938
CE_MATERIAL:0.5695513461512047
CE_KINGSAFETY:0.5026537255573111
C_PIECESQUARETABLES:0.48535480021026756
C_MOBILITY:0.5380478855239001
C_KINGSAFETY:0.5092244984927975
C_PAWNSTRUCTURE:0.5018122451959011
C_PIECECOORDINATION:0.4986191746231713
C_ROOKANDPAWNMOVEMENT:0.4986191746231713
C_CENTERCONTROL:0.4079967059964669
C_DEVELOPPIECES:0.5189732395330993
C_MATERIAL:0.4294498282733114
