ELO:999
CE_PASSEDPAWNS:0.5155957431831603
CE_PAWNWEAKNESSES:0.46168066398857005
CE_PIECEACTIVITY:0.5432983822268367
CE_KINGPAWNSHIELD:0.5455247994814194
CE_PIECECOORDINATION:0.5750126641860502
CE_MATERIAL:0.5120686968917932
CE_KINGSAFETY:0.5076620021539879
C_PIECESQUARETABLES:0.48771986469597517
C_MOBILITY:0.5289772237070122
C_KINGSAFETY:0.4672272656948727
C_PAWNSTRUCTURE:0.49245474570433173
C_PIECECOORDINATION:0.5515381362946424
C_ROOKANDPAWNMOVEMENT:0.5515381362946424
C_CENTERCONTROL:0.464059523567619
C_DEVELOPPIECES:0.48291196799668223
C_MATERIAL:0.46745798506124975
