ELO:801
CE_PASSEDPAWNS:0.4424861747886831
CE_PAWNWEAKNESSES:0.509917368431962
CE_PIECEACTIVITY:0.446982700171347
CE_KINGPAWNSHIELD:0.5653962974001272
CE_PIECECOORDINATION:0.5317363740430043
CE_MATERIAL:0.42650062991047155
CE_KINGSAFETY:0.4822112371647124
C_PIECESQUARETABLES:0.555515410505
C_MOBILITY:0.533270156120774
C_KINGSAFETY:0.48632671014533396
C_PAWNSTRUCTURE:0.49395959407081036
C_PIECECOORDINATION:0.505842012528518
C_ROOKANDPAWNMOVEMENT:0.505842012528518
C_CENTERCONTROL:0.5320158818651587
C_DEVELOPPIECES:0.48613498350379075
C_MATERIAL:0.45797354205318375
C_MOVECOUNT:0.5
