ELO:1000
CE_PASSEDPAWNS:0.5145498045570204
CE_PAWNWEAKNESSES:0.4664422410659035
CE_PIECEACTIVITY:0.49811730627549816
CE_KINGPAWNSHIELD:0.515984945670647
CE_PIECECOORDINATION:0.4813667644716684
CE_MATERIAL:0.48035953993221214
CE_KINGSAFETY:0.5104014511216859
C_PIECESQUARETABLES:0.5158568496244109
C_MOBILITY:0.5192758195310262
C_KINGSAFETY:0.5059540589204408
C_PAWNSTRUCTURE:0.5002883528736131
C_PIECECOORDINATION:0.5485826064017219
C_ROOKANDPAWNMOVEMENT:0.5485826064017219
C_CENTERCONTROL:0.49096105327333145
C_DEVELOPPIECES:0.4687320253146742
C_MATERIAL:0.5050184399345955
