ELO:883
CE_PASSEDPAWNS:0.46119843326573723
CE_PAWNWEAKNESSES:0.508188604268191
CE_PIECEACTIVITY:0.510457058110493
CE_KINGPAWNSHIELD:0.4763926709745872
CE_PIECECOORDINATION:0.45237014761749744
CE_MATERIAL:0.4983742462599706
CE_KINGSAFETY:0.5019000621054553
C_PIECESQUARETABLES:0.49780937332766945
C_MOBILITY:0.45108368750563765
C_KINGSAFETY:0.5624196625540805
C_PAWNSTRUCTURE:0.5500873979357849
C_PIECECOORDINATION:0.4977277195805144
C_ROOK:0.539365631713165
CE_ROOK:0.5240552445796992
C_CENTERCONTROL:0.47376535919516066
C_DEVELOPPIECES:0.542629114349672
C_MATERIAL:0.5024622557098567
C_MOVECOUNT:0.5338362397704746
C_PAWNMOVEMENT:0.4743959036006348
