ELO:1034
CE_PASSEDPAWNS:0.5
CE_PAWNWEAKNESSES:0.491795090311253
CE_PIECEACTIVITY:0.5
CE_KINGPAWNSHIELD:0.5065327896317079
CE_PIECECOORDINATION:0.5
CE_MATERIAL:0.5
CE_KINGSAFETY:0.5
C_PIECESQUARETABLES:0.5
C_MOBILITY:0.49675148418199977
C_KINGSAFETY:0.4969042645878023
C_PAWNSTRUCTURE:0.49212885711015797
C_PIECECOORDINATION:0.5
C_ROOKANDPAWNMOVEMENT:0.5
C_CENTERCONTROL:0.48968035375040403
C_DEVELOPPIECES:0.5
C_MATERIAL:0.5
