ELO:949
CE_PASSEDPAWNS:0.5270647894264295
CE_PAWNWEAKNESSES:0.5312123094847064
CE_PIECEACTIVITY:0.47370922532197424
CE_KINGPAWNSHIELD:0.5104724939826788
CE_PIECECOORDINATION:0.5
CE_MATERIAL:0.5091311954740314
CE_KINGSAFETY:0.5
C_PIECESQUARETABLES:0.4923106682994453
C_MOBILITY:0.5077614411764414
C_KINGSAFETY:0.49297747502427447
C_PAWNSTRUCTURE:0.5178346830580023
C_PIECECOORDINATION:0.49787845984544277
C_ROOKANDPAWNMOVEMENT:0.49787845984544277
C_CENTERCONTROL:0.5086743867069744
C_DEVELOPPIECES:0.49780746457693464
C_MATERIAL:0.5061316377352174
C_MOVECOUNT:0.5
