ELO:1000
CE_PASSEDPAWNS:0.502714542302801
CE_PAWNWEAKNESSES:0.49229907128719846
CE_PIECEACTIVITY:0.5
CE_KINGPAWNSHIELD:0.5
CE_PIECECOORDINATION:0.49720703358974383
CE_MATERIAL:0.5
CE_KINGSAFETY:0.5097796991816692
C_PIECESQUARETABLES:0.5
C_MOBILITY:0.5
C_KINGSAFETY:0.5
C_PAWNSTRUCTURE:0.5
C_PIECECOORDINATION:0.5
C_ROOKANDPAWNMOVEMENT:0.5
C_CENTERCONTROL:0.4872266821427612
C_DEVELOPPIECES:0.5
C_MATERIAL:0.5
