ELO:892
CE_PASSEDPAWNS:0.49915870279336294
CE_PAWNWEAKNESSES:0.4648897947132224
CE_PIECEACTIVITY:0.5420212664275771
CE_KINGPAWNSHIELD:0.5356916384298243
CE_PIECECOORDINATION:0.5204796019791014
CE_MATERIAL:0.6107395975308424
CE_KINGSAFETY:0.5084845273583695
C_PIECESQUARETABLES:0.49523285614347895
C_MOBILITY:0.5407807391055783
C_KINGSAFETY:0.49073519741908206
C_PAWNSTRUCTURE:0.5090413272573984
C_PIECECOORDINATION:0.4904386350304966
C_ROOKANDPAWNMOVEMENT:0.4904386350304966
C_CENTERCONTROL:0.3848117628415046
C_DEVELOPPIECES:0.45830751166851985
C_MATERIAL:0.49697645340357466
