ELO:921
CE_PASSEDPAWNS:0.4687075874866172
CE_PAWNWEAKNESSES:0.4960735280529545
CE_PIECEACTIVITY:0.5052142480996161
CE_KINGPAWNSHIELD:0.48963108208755746
CE_PIECECOORDINATION:0.5093335471655275
CE_MATERIAL:0.4612042795053642
CE_KINGSAFETY:0.4807736504470597
C_PIECESQUARETABLES:0.5104113191213517
C_MOBILITY:0.4946388806219955
C_KINGSAFETY:0.5554701033338856
C_PAWNSTRUCTURE:0.5152509714479904
C_PIECECOORDINATION:0.4899944553087949
C_ROOK:0.5067277551778507
CE_ROOK:0.5049391380213036
C_CENTERCONTROL:0.5033710525497532
C_DEVELOPPIECES:0.5053383703194888
C_MATERIAL:0.5013801731806198
C_MOVECOUNT:0.5019760291900104
C_PAWNMOVEMENT:0.47001892059659717
