ELO:1090
CE_PASSEDPAWNS:0.6179573924864216
CE_PAWNWEAKNESSES:0.4941233634459181
CE_PIECEACTIVITY:0.4972060665098636
CE_KINGPAWNSHIELD:0.4869153686128443
CE_PIECECOORDINATION:0.4437010415981877
CE_MATERIAL:0.44656194879234834
CE_KINGSAFETY:0.48759664917851003
C_PIECESQUARETABLES:0.49103441367746936
C_MOBILITY:0.4485395729063175
C_KINGSAFETY:0.5195466950165115
C_PAWNSTRUCTURE:0.42541234530977445
C_PIECECOORDINATION:0.460853174850604
C_ROOKANDPAWNMOVEMENT:0.460853174850604
C_CENTERCONTROL:0.5138030165202194
C_DEVELOPPIECES:0.5831215315036856
C_MATERIAL:0.42655342472901564
