ELO:934
CE_PASSEDPAWNS:0.46809425395031445
CE_PAWNWEAKNESSES:0.480221538291233
CE_PIECEACTIVITY:0.523380975303328
CE_KINGPAWNSHIELD:0.4844380239418674
CE_PIECECOORDINATION:0.4886174581708778
CE_MATERIAL:0.4775908510234311
CE_KINGSAFETY:0.5080433045206659
C_PIECESQUARETABLES:0.5
C_MOBILITY:0.4799380859577578
C_KINGSAFETY:0.5584516304412315
C_PAWNSTRUCTURE:0.531213095094024
C_PIECECOORDINATION:0.49185634703051057
C_ROOK:0.4896531219366275
CE_ROOK:0.5213518552544684
C_CENTERCONTROL:0.5100214831650647
C_DEVELOPPIECES:0.5115882837678082
C_MATERIAL:0.5371959291275705
C_MOVECOUNT:0.5165494827382682
C_PAWNMOVEMENT:0.45045843560082865
