ELO:888
CE_PASSEDPAWNS:0.5509756655396171
CE_PAWNWEAKNESSES:0.48470215692046403
CE_PIECEACTIVITY:0.4567657690846905
CE_KINGPAWNSHIELD:0.6316177400490618
CE_PIECECOORDINATION:0.48542943919660553
CE_MATERIAL:0.36706297786845826
CE_KINGSAFETY:0.5157650830387736
C_PIECESQUARETABLES:0.4984947399146632
C_MOBILITY:0.4154802663330914
C_KINGSAFETY:0.431960423409157
C_PAWNSTRUCTURE:0.5630670164692154
C_PIECECOORDINATION:0.4377728323375524
C_ROOKANDPAWNMOVEMENT:0.4377728323375524
C_CENTERCONTROL:0.40140107846752043
C_DEVELOPPIECES:0.4625683064693492
C_MATERIAL:0.5615996262977945
