ELO:720
CE_PASSEDPAWNS:0.4541145268291032
CE_PAWNWEAKNESSES:0.4972082990823506
CE_PIECEACTIVITY:0.44609753288554327
CE_KINGPAWNSHIELD:0.5621707758191246
CE_PIECECOORDINATION:0.5281137845967846
CE_MATERIAL:0.4257235976352686
CE_KINGSAFETY:0.5159536308407086
C_PIECESQUARETABLES:0.534972833723526
C_MOBILITY:0.5090084203527966
C_KINGSAFETY:0.47206215400292884
C_PAWNSTRUCTURE:0.5015512840648747
C_PIECECOORDINATION:0.5326194424425789
C_ROOKANDPAWNMOVEMENT:0.5326194424425789
C_CENTERCONTROL:0.4982668992767743
C_DEVELOPPIECES:0.48616013473289676
C_MATERIAL:0.4675621921882409
C_MOVECOUNT:0.5
