ELO:989
CE_PASSEDPAWNS:0.42158525846579253
CE_PAWNWEAKNESSES:0.5285693285687264
CE_PIECEACTIVITY:0.5148100859821149
CE_KINGPAWNSHIELD:0.46780571608466387
CE_PIECECOORDINATION:0.5257877144274378
CE_MATERIAL:0.5569300349861567
CE_KINGSAFETY:0.47669623950650725
C_PIECESQUARETABLES:0.5059994445470448
C_MOBILITY:0.5172213027174821
C_KINGSAFETY:0.5075133341544654
C_PAWNSTRUCTURE:0.49924609595317243
C_PIECECOORDINATION:0.5041859370022441
C_ROOKANDPAWNMOVEMENT:0.5041859370022441
C_CENTERCONTROL:0.4861702811915472
C_DEVELOPPIECES:0.553547113254718
C_MATERIAL:0.5065532164217912
