ELO:781
CE_PASSEDPAWNS:0.4889561202793154
CE_PAWNWEAKNESSES:0.518995288924527
CE_PIECEACTIVITY:0.5501419344826584
CE_KINGPAWNSHIELD:0.5064897892864709
CE_PIECECOORDINATION:0.49657436620096906
CE_MATERIAL:0.5069391956643022
CE_KINGSAFETY:0.45716069329976605
C_PIECESQUARETABLES:0.5088787463596647
C_MOBILITY:0.526102077356751
C_KINGSAFETY:0.5011327711690665
C_PAWNSTRUCTURE:0.5139009872991436
C_PIECECOORDINATION:0.5338256559593906
C_ROOKANDPAWNMOVEMENT:0.5338256559593906
C_CENTERCONTROL:0.48592726224879673
C_DEVELOPPIECES:0.5618757129097439
C_MATERIAL:0.5172195002799388
C_MOVECOUNT:0.5
