ELO:1000
CE_PASSEDPAWNS:0.42526691352933144
CE_PAWNWEAKNESSES:0.5522364225014863
CE_PIECEACTIVITY:0.5276207734216777
CE_KINGPAWNSHIELD:0.490468110880684
CE_PIECECOORDINATION:0.49576969373468616
CE_MATERIAL:0.5651351241397234
CE_KINGSAFETY:0.48366278134816176
C_PIECESQUARETABLES:0.47835055063189763
C_MOBILITY:0.5321779558982203
C_KINGSAFETY:0.5184257137777004
C_PAWNSTRUCTURE:0.4851347622427929
C_PIECECOORDINATION:0.486048571941786
C_ROOKANDPAWNMOVEMENT:0.486048571941786
C_CENTERCONTROL:0.48618388241231353
C_DEVELOPPIECES:0.5415048386933
C_MATERIAL:0.5586795330720985
