ELO:882
CE_PASSEDPAWNS:0.411278877967466
CE_PAWNWEAKNESSES:0.5120189984033808
CE_PIECEACTIVITY:0.544990787730931
CE_KINGPAWNSHIELD:0.5071573449490869
CE_PIECECOORDINATION:0.6947928627580456
CE_MATERIAL:0.31405176626791825
CE_KINGSAFETY:0.49201291408819303
C_PIECESQUARETABLES:0.5696227120727956
C_MOBILITY:0.5151953545739353
C_KINGSAFETY:0.41762320532903163
C_PAWNSTRUCTURE:0.4990834454658193
C_PIECECOORDINATION:0.3711260423793014
C_ROOKANDPAWNMOVEMENT:0.3711260423793014
C_CENTERCONTROL:0.48718140477462885
C_DEVELOPPIECES:0.4175895866851033
C_MATERIAL:0.5208237152305251
