ELO:916
CE_PASSEDPAWNS:0.4918648211505182
CE_PAWNWEAKNESSES:0.44759668145933
CE_PIECEACTIVITY:0.5035799461681604
CE_KINGPAWNSHIELD:0.49231899735035095
CE_PIECECOORDINATION:0.450045750575592
CE_MATERIAL:0.5328373034096988
CE_KINGSAFETY:0.4928268954138815
C_PIECESQUARETABLES:0.5077915899738953
C_MOBILITY:0.5362375204799184
C_KINGSAFETY:0.5018625129091079
C_PAWNSTRUCTURE:0.5319572133957815
C_PIECECOORDINATION:0.4204578865527272
C_ROOK:0.471150727610007
CE_ROOK:0.5484151417772961
C_CENTERCONTROL:0.5163891427273781
C_DEVELOPPIECES:0.48919306575700977
C_MATERIAL:0.459582780377953
C_MOVECOUNT:0.5095043459254249
C_PAWNMOVEMENT:0.5342007115143049
