ELO:905
CE_PASSEDPAWNS:0.5030323438848204
CE_PAWNWEAKNESSES:0.4671827382205343
CE_PIECEACTIVITY:0.5183887084120626
CE_KINGPAWNSHIELD:0.4807529436428813
CE_PIECECOORDINATION:0.450045750575592
CE_MATERIAL:0.5422828653104138
CE_KINGSAFETY:0.4950392582763484
C_PIECESQUARETABLES:0.48797951399423445
C_MOBILITY:0.5301040959253949
C_KINGSAFETY:0.4978343852750138
C_PAWNSTRUCTURE:0.5239034092106158
C_PIECECOORDINATION:0.4204578865527272
C_ROOK:0.471150727610007
CE_ROOK:0.5368993226617208
C_CENTERCONTROL:0.518512018241547
C_DEVELOPPIECES:0.47194698274364405
C_MATERIAL:0.459582780377953
C_MOVECOUNT:0.5232777875172785
C_PAWNMOVEMENT:0.5247149862434405
