ELO:928
CE_PASSEDPAWNS:0.5
CE_PAWNWEAKNESSES:0.4240260398754959
CE_PIECEACTIVITY:0.4950759149829468
CE_KINGPAWNSHIELD:0.5295127548945567
CE_PIECECOORDINATION:0.5258224396173218
CE_MATERIAL:0.42084812956129014
CE_KINGSAFETY:0.5
C_PIECESQUARETABLES:0.5
C_MOBILITY:0.5135505642034407
C_KINGSAFETY:0.49843502607390017
C_PAWNSTRUCTURE:0.5206624065768257
C_PIECECOORDINATION:0.4943469719487219
C_ROOKANDPAWNMOVEMENT:0.4943469719487219
C_CENTERCONTROL:0.5011764541295259
C_DEVELOPPIECES:0.491641893603548
C_MATERIAL:0.5
C_MOVECOUNT:0.5
