ELO:954
CE_PASSEDPAWNS:0.44598510763151816
CE_PAWNWEAKNESSES:0.5783774618362933
CE_PIECEACTIVITY:0.49543461149080276
CE_KINGPAWNSHIELD:0.5103582767268939
CE_PIECECOORDINATION:0.4793401229600538
CE_MATERIAL:0.5741775995702177
CE_KINGSAFETY:0.520152271401045
C_PIECESQUARETABLES:0.525305282282519
C_MOBILITY:0.5014852222657585
C_KINGSAFETY:0.4779431736851941
C_PAWNSTRUCTURE:0.4763538344683084
C_PIECECOORDINATION:0.4564357944889179
C_ROOKANDPAWNMOVEMENT:0.4564357944889179
C_CENTERCONTROL:0.49602601332277485
C_DEVELOPPIECES:0.5734168464926038
C_MATERIAL:0.5926652969549623
