ELO:997
CE_PASSEDPAWNS:0.40730077625450756
CE_PAWNWEAKNESSES:0.5363140721801988
CE_PIECEACTIVITY:0.4923771214480586
CE_KINGPAWNSHIELD:0.45574967644221914
CE_PIECECOORDINATION:0.5227154218528348
CE_MATERIAL:0.5214630387873809
CE_KINGSAFETY:0.48482009848653723
C_PIECESQUARETABLES:0.4964541861401522
C_MOBILITY:0.5192673704028612
C_KINGSAFETY:0.5090949325336641
C_PAWNSTRUCTURE:0.503864196116373
C_PIECECOORDINATION:0.5173664725568138
C_ROOKANDPAWNMOVEMENT:0.5173664725568138
C_CENTERCONTROL:0.4771283379087653
C_DEVELOPPIECES:0.5525614128015798
C_MATERIAL:0.4967312490534882
