ELO:886
CE_PASSEDPAWNS:0.4512583653776575
CE_PAWNWEAKNESSES:0.5397531692976966
CE_PIECEACTIVITY:0.5458900208627677
CE_KINGPAWNSHIELD:0.5678387269610278
CE_PIECECOORDINATION:0.46213855283074806
CE_MATERIAL:0.40476297812878437
CE_KINGSAFETY:0.4928848471533303
C_PIECESQUARETABLES:0.5278953908564509
C_MOBILITY:0.5384252005598062
C_KINGSAFETY:0.41062847270765124
C_PAWNSTRUCTURE:0.5034467685217623
C_PIECECOORDINATION:0.32722537116823447
C_ROOKANDPAWNMOVEMENT:0.32722537116823447
C_CENTERCONTROL:0.3664622321306716
C_DEVELOPPIECES:0.4069241745334139
C_MATERIAL:0.4711155687838491
