ELO:915
CE_PASSEDPAWNS:0.49793230657633153
CE_PAWNWEAKNESSES:0.4902280899365431
CE_PIECEACTIVITY:0.5312391223109089
CE_KINGPAWNSHIELD:0.5227951224305691
CE_PIECECOORDINATION:0.5224298152321789
CE_MATERIAL:0.49149224328474794
CE_KINGSAFETY:0.4978635487797526
C_PIECESQUARETABLES:0.4960628116411587
C_MOBILITY:0.5275528098113799
C_KINGSAFETY:0.4303147886698226
C_PAWNSTRUCTURE:0.5180881824340743
C_PIECECOORDINATION:0.457393764208197
C_ROOKANDPAWNMOVEMENT:0.457393764208197
C_CENTERCONTROL:0.5071928839187468
C_DEVELOPPIECES:0.4770562478049122
C_MATERIAL:0.5373743492794743
C_MOVECOUNT:0.5
