ELO:1000
CE_PASSEDPAWNS:0.5051894563022206
CE_PAWNWEAKNESSES:0.4398033145239589
CE_PIECEACTIVITY:0.5142807144798518
CE_KINGPAWNSHIELD:0.5101706163320703
CE_PIECECOORDINATION:0.5137946761055676
CE_MATERIAL:0.4731459164204325
CE_KINGSAFETY:0.5000591806489455
C_PIECESQUARETABLES:0.45690364626377805
C_MOBILITY:0.48432483535385085
C_KINGSAFETY:0.5073612156791316
C_PAWNSTRUCTURE:0.5095887843577541
C_PIECECOORDINATION:0.49369198044756285
C_ROOKANDPAWNMOVEMENT:0.49369198044756285
C_CENTERCONTROL:0.5419463724130229
C_DEVELOPPIECES:0.45168365291415347
C_MATERIAL:0.4340413623813246
