ELO:911
CE_PASSEDPAWNS:0.4809146716008185
CE_PAWNWEAKNESSES:0.44759668145933
CE_PIECEACTIVITY:0.4997247631567335
CE_KINGPAWNSHIELD:0.49194113327500427
CE_PIECECOORDINATION:0.47723540905909
CE_MATERIAL:0.5408662167579753
CE_KINGSAFETY:0.4898571060335933
C_PIECESQUARETABLES:0.5079188151110308
C_MOBILITY:0.5362375204799184
C_KINGSAFETY:0.5018625129091079
C_PAWNSTRUCTURE:0.520901477647718
C_PIECECOORDINATION:0.4297168511353879
C_ROOK:0.471150727610007
CE_ROOK:0.5484151417772961
C_CENTERCONTROL:0.5221523028399206
C_DEVELOPPIECES:0.47704242735735203
C_MATERIAL:0.47122128872399677
C_MOVECOUNT:0.5159143465463353
C_PAWNMOVEMENT:0.540365018136031
