ELO:911
CE_PASSEDPAWNS:0.5026072012216132
CE_PAWNWEAKNESSES:0.486028115995798
CE_PIECEACTIVITY:0.5154695639759681
CE_KINGPAWNSHIELD:0.4540335456851053
CE_PIECECOORDINATION:0.44997752331010366
CE_MATERIAL:0.5347174019241863
CE_KINGSAFETY:0.5025510484238468
C_PIECESQUARETABLES:0.4895261311565262
C_MOBILITY:0.5213200242280468
C_KINGSAFETY:0.49426885156861533
C_PAWNSTRUCTURE:0.4905509584418385
C_PIECECOORDINATION:0.45252549147186055
C_ROOK:0.49751773762163765
CE_ROOK:0.5290277465418782
C_CENTERCONTROL:0.5223559285490786
C_DEVELOPPIECES:0.4860337477005907
C_MATERIAL:0.4696376316129615
C_MOVECOUNT:0.5141200119654498
C_PAWNMOVEMENT:0.5083198682010105
