ELO:1037
CE_PASSEDPAWNS:0.4967396397470185
CE_PAWNWEAKNESSES:0.5
CE_PIECEACTIVITY:0.5
CE_KINGPAWNSHIELD:0.4879273232350927
CE_PIECECOORDINATION:0.506600964461738
CE_MATERIAL:0.5
CE_KINGSAFETY:0.5102717278501088
C_PIECESQUARETABLES:0.5
C_MOBILITY:0.49520564445547544
C_KINGSAFETY:0.48788738545385546
C_PAWNSTRUCTURE:0.48300879416231207
C_PIECECOORDINATION:0.5034953511446664
C_ROOKANDPAWNMOVEMENT:0.5034953511446664
C_CENTERCONTROL:0.510945720437329
C_DEVELOPPIECES:0.5
C_MATERIAL:0.4812212079245336
