ELO:947
CE_PASSEDPAWNS:0.41695107174898083
CE_PAWNWEAKNESSES:0.45214449973096765
CE_PIECEACTIVITY:0.5713436633280197
CE_KINGPAWNSHIELD:0.4877017405332115
CE_PIECECOORDINATION:0.5334127561498222
CE_MATERIAL:0.45952816186558804
CE_KINGSAFETY:0.5039863230851941
C_PIECESQUARETABLES:0.4901595228472513
C_MOBILITY:0.5165270534966863
C_KINGSAFETY:0.3961736709749796
C_PAWNSTRUCTURE:0.3478776431632259
C_PIECECOORDINATION:0.4380446240894604
C_ROOKANDPAWNMOVEMENT:0.4380446240894604
C_CENTERCONTROL:0.5012221359734306
C_DEVELOPPIECES:0.5072102817228834
C_MATERIAL:0.5263866296818289
