ELO:960
CE_PASSEDPAWNS:0.4971957632967833
CE_PAWNWEAKNESSES:0.4955466682541772
CE_PIECEACTIVITY:0.508917009887917
CE_KINGPAWNSHIELD:0.45586249200403095
CE_PIECECOORDINATION:0.4486016414329584
CE_MATERIAL:0.5347174019241863
CE_KINGSAFETY:0.5
C_PIECESQUARETABLES:0.5
C_MOBILITY:0.5168053062679939
C_KINGSAFETY:0.49426885156861533
C_PAWNSTRUCTURE:0.4905509584418385
C_PIECECOORDINATION:0.45304361404202137
C_ROOK:0.49105574140592806
CE_ROOK:0.5169279348675506
C_CENTERCONTROL:0.5355791018005656
C_DEVELOPPIECES:0.4860337477005907
C_MATERIAL:0.47026518163113895
C_MOVECOUNT:0.5171323056976893
C_PAWNMOVEMENT:0.5076795956610483
