ELO:1001
CE_PASSEDPAWNS:0.6099182645150402
CE_PAWNWEAKNESSES:0.5563928592654238
CE_PIECEACTIVITY:0.47258209012725383
CE_KINGPAWNSHIELD:0.3929270889340286
CE_PIECECOORDINATION:0.45371565764450855
CE_MATERIAL:0.4444219848452351
CE_KINGSAFETY:0.4837431438712619
C_PIECESQUARETABLES:0.5095584555166275
C_MOBILITY:0.4298208020838287
C_KINGSAFETY:0.4938564851731561
C_PAWNSTRUCTURE:0.42328164958581377
C_PIECECOORDINATION:0.5117592080413891
C_ROOKANDPAWNMOVEMENT:0.5117592080413891
C_CENTERCONTROL:0.5498846264274373
C_DEVELOPPIECES:0.5701995819719311
C_MATERIAL:0.42929952744545724
