ELO:988
CE_PASSEDPAWNS:0.4376423764770649
CE_PAWNWEAKNESSES:0.5357773827316744
CE_PIECEACTIVITY:0.5063432391896378
CE_KINGPAWNSHIELD:0.49341020244597317
CE_PIECECOORDINATION:0.5195585742017099
CE_MATERIAL:0.547131139270635
CE_KINGSAFETY:0.4975466311606098
C_PIECESQUARETABLES:0.4741833390867913
C_MOBILITY:0.48968009233850496
C_KINGSAFETY:0.47288317766753074
C_PAWNSTRUCTURE:0.4816199312393584
C_PIECECOORDINATION:0.474644628018543
C_ROOKANDPAWNMOVEMENT:0.474644628018543
C_CENTERCONTROL:0.4823102615866694
C_DEVELOPPIECES:0.5680143162619053
C_MATERIAL:0.5614764057213494
