ELO:936
CE_PASSEDPAWNS:0.47003244568299224
CE_PAWNWEAKNESSES:0.5766352656470612
CE_PIECEACTIVITY:0.5229921652672086
CE_KINGPAWNSHIELD:0.5327656961607378
CE_PIECECOORDINATION:0.4654644505330128
CE_MATERIAL:0.5753097747571596
CE_KINGSAFETY:0.5375905387423144
C_PIECESQUARETABLES:0.5368846398561483
C_MOBILITY:0.4886595210062001
C_KINGSAFETY:0.4821078960517442
C_PAWNSTRUCTURE:0.44183723444454637
C_PIECECOORDINATION:0.4731706473287423
C_ROOKANDPAWNMOVEMENT:0.4731706473287423
C_CENTERCONTROL:0.5206156361631363
C_DEVELOPPIECES:0.5531611726640564
C_MATERIAL:0.599571592034244
