ELO:1000
CE_PASSEDPAWNS:0.5045462476363648
CE_PAWNWEAKNESSES:0.4328204868818764
CE_PIECEACTIVITY:0.5191987085268344
CE_KINGPAWNSHIELD:0.4936722038123505
CE_PIECECOORDINATION:0.511855603790985
CE_MATERIAL:0.4808871957660154
CE_KINGSAFETY:0.5001803005989043
C_PIECESQUARETABLES:0.4625790516630483
C_MOBILITY:0.497399638209123
C_KINGSAFETY:0.5194281870612564
C_PAWNSTRUCTURE:0.5102595675027111
C_PIECECOORDINATION:0.4922175006063022
C_ROOKANDPAWNMOVEMENT:0.4922175006063022
C_CENTERCONTROL:0.5609996861011733
C_DEVELOPPIECES:0.4458202891951306
C_MATERIAL:0.4359678594738857
