ELO:1023
CE_PASSEDPAWNS:0.5004260825839424
CE_PAWNWEAKNESSES:0.5006371033553221
CE_PIECEACTIVITY:0.5011083100624675
CE_KINGPAWNSHIELD:0.5
CE_PIECECOORDINATION:0.49197475658423173
CE_MATERIAL:0.5
CE_KINGSAFETY:0.5
C_PIECESQUARETABLES:0.5028772498013562
C_MOBILITY:0.519574025700711
C_KINGSAFETY:0.500045412876624
C_PAWNSTRUCTURE:0.5203979785313994
C_PIECECOORDINATION:0.4928048012694883
C_ROOKANDPAWNMOVEMENT:0.4928048012694883
C_CENTERCONTROL:0.5121714588872911
C_DEVELOPPIECES:0.5
C_MATERIAL:0.49449122842110665
C_MOVECOUNT:0.5
