ELO:933
CE_PASSEDPAWNS:0.4705435618376575
CE_PAWNWEAKNESSES:0.39894556684553983
CE_PIECEACTIVITY:0.46995698664443786
CE_KINGPAWNSHIELD:0.5757159111871001
CE_PIECECOORDINATION:0.49254352354948727
CE_MATERIAL:0.4871642528344647
CE_KINGSAFETY:0.5143443654231649
C_PIECESQUARETABLES:0.5060457761383438
C_MOBILITY:0.4833098237549761
C_KINGSAFETY:0.5057811053010755
C_PAWNSTRUCTURE:0.5377279356224209
C_PIECECOORDINATION:0.5385924260436966
C_ROOKANDPAWNMOVEMENT:0.5385924260436966
C_CENTERCONTROL:0.4318421149432558
C_DEVELOPPIECES:0.4775392665299522
C_MATERIAL:0.4615977075907955
