ELO:956
CE_PASSEDPAWNS:0.5044998306284535
CE_PAWNWEAKNESSES:0.540624000927805
CE_PIECEACTIVITY:0.4605257375344687
CE_KINGPAWNSHIELD:0.482566870277877
CE_PIECECOORDINATION:0.5356701691146875
CE_MATERIAL:0.48496899346633904
CE_KINGSAFETY:0.49258279112146225
C_PIECESQUARETABLES:0.5194886526017295
C_MOBILITY:0.5355323369460008
C_KINGSAFETY:0.5270720855105924
C_PAWNSTRUCTURE:0.5235968932041378
C_PIECECOORDINATION:0.4619798790420802
C_ROOKANDPAWNMOVEMENT:0.4619798790420802
C_CENTERCONTROL:0.6047143479642618
C_DEVELOPPIECES:0.47397615821697664
C_MATERIAL:0.4086309060358977
