ELO:910
CE_PASSEDPAWNS:0.4743415276988636
CE_PAWNWEAKNESSES:0.39425809566717024
CE_PIECEACTIVITY:0.49433370052590037
CE_KINGPAWNSHIELD:0.5540586824372548
CE_PIECECOORDINATION:0.5061346954796554
CE_MATERIAL:0.4859011862186093
CE_KINGSAFETY:0.5367350079080663
C_PIECESQUARETABLES:0.5169740101487892
C_MOBILITY:0.47741371722831366
C_KINGSAFETY:0.491772929607039
C_PAWNSTRUCTURE:0.49319157696006827
C_PIECECOORDINATION:0.5078740088357743
C_ROOKANDPAWNMOVEMENT:0.5078740088357743
C_CENTERCONTROL:0.43234543567632794
C_DEVELOPPIECES:0.47421493495205025
C_MATERIAL:0.4783420729413776
