ELO:1089
CE_PASSEDPAWNS:0.6167594258963931
CE_PAWNWEAKNESSES:0.5007496376538525
CE_PIECEACTIVITY:0.4749362909216822
CE_KINGPAWNSHIELD:0.4878719110458613
CE_PIECECOORDINATION:0.4803925721213925
CE_MATERIAL:0.45398262924940724
CE_KINGSAFETY:0.5024163211111855
C_PIECESQUARETABLES:0.5
C_MOBILITY:0.4294575429989225
C_KINGSAFETY:0.5076807408223325
C_PAWNSTRUCTURE:0.40867401522414953
C_PIECECOORDINATION:0.47863206872267633
C_ROOKANDPAWNMOVEMENT:0.47863206872267633
C_CENTERCONTROL:0.5298661502678639
C_DEVELOPPIECES:0.5692613406274102
C_MATERIAL:0.4199131871199561
