ELO:933
CE_PASSEDPAWNS:0.49319820415382093
CE_PAWNWEAKNESSES:0.5666009470364796
CE_PIECEACTIVITY:0.5044193664208136
CE_KINGPAWNSHIELD:0.5079893464719101
CE_PIECECOORDINATION:0.5130272428687065
CE_MATERIAL:0.5330088184387305
CE_KINGSAFETY:0.4525678070654728
C_PIECESQUARETABLES:0.47975357794650375
C_MOBILITY:0.4665086243392557
C_KINGSAFETY:0.4988457677971346
C_PAWNSTRUCTURE:0.4067527956103256
C_PIECECOORDINATION:0.4747010304571526
C_ROOKANDPAWNMOVEMENT:0.4747010304571526
C_CENTERCONTROL:0.5430319183430857
C_DEVELOPPIECES:0.5052277809409315
C_MATERIAL:0.5705050195683057
