ELO:1018
CE_PASSEDPAWNS:0.49648233565320143
CE_PAWNWEAKNESSES:0.49542930831855553
CE_PIECEACTIVITY:0.4719710543953638
CE_KINGPAWNSHIELD:0.49738787782138855
CE_PIECECOORDINATION:0.5082605728637757
CE_MATERIAL:0.5157313067794234
CE_KINGSAFETY:0.5
C_PIECESQUARETABLES:0.5
C_MOBILITY:0.5057183330436802
C_KINGSAFETY:0.5
C_PAWNSTRUCTURE:0.49819852381852564
C_PIECECOORDINATION:0.5065494597357826
C_ROOKANDPAWNMOVEMENT:0.5065494597357826
C_CENTERCONTROL:0.5066656335912153
C_DEVELOPPIECES:0.5
C_MATERIAL:0.5044547270739383
C_MOVECOUNT:0.4842465588258102
