ELO:924
CE_PASSEDPAWNS:0.5060856719902709
CE_PAWNWEAKNESSES:0.5104254806009979
CE_PIECEACTIVITY:0.491649774558234
CE_KINGPAWNSHIELD:0.5114981398912051
CE_PIECECOORDINATION:0.5234778143198299
CE_MATERIAL:0.48817168337300515
CE_KINGSAFETY:0.5457436676984698
C_PIECESQUARETABLES:0.5007383844415153
C_MOBILITY:0.5326454140818184
C_KINGSAFETY:0.5324897930485339
C_PAWNSTRUCTURE:0.574558227764412
C_PIECECOORDINATION:0.4779817924496783
C_ROOKANDPAWNMOVEMENT:0.4779817924496783
C_CENTERCONTROL:0.481624914050268
C_DEVELOPPIECES:0.5034951961451813
C_MATERIAL:0.553474842220719
C_MOVECOUNT:0.5
