ELO:996
CE_PASSEDPAWNS:0.4916110860080067
CE_PAWNWEAKNESSES:0.5046317934478531
CE_PIECEACTIVITY:0.49793854590378156
CE_KINGPAWNSHIELD:0.48587765084298185
CE_PIECECOORDINATION:0.4884408521660984
CE_MATERIAL:0.50807833468161
CE_KINGSAFETY:0.514656768500398
C_PIECESQUARETABLES:0.5
C_MOBILITY:0.49347827955663354
C_KINGSAFETY:0.5039606467132158
C_PAWNSTRUCTURE:0.49698179224211486
C_PIECECOORDINATION:0.5050775169458162
C_ROOK:0.48491855971810843
CE_ROOK:0.48001010970851915
C_CENTERCONTROL:0.48392449860842274
C_DEVELOPPIECES:0.5086537915759876
C_MATERIAL:0.502842587694945
C_MOVECOUNT:0.4720982621129261
C_PAWNMOVEMENT:0.4866969283223671
