ELO:987
CE_PASSEDPAWNS:0.5099538824484109
CE_PAWNWEAKNESSES:0.5029075321633867
CE_PIECEACTIVITY:0.5
CE_KINGPAWNSHIELD:0.4989266985519535
CE_PIECECOORDINATION:0.49720319004102614
CE_MATERIAL:0.5
CE_KINGSAFETY:0.5086179609802092
C_PIECESQUARETABLES:0.5072727063856829
C_MOBILITY:0.4870544340977422
C_KINGSAFETY:0.4947351064996283
C_PAWNSTRUCTURE:0.49182387030073926
C_PIECECOORDINATION:0.4842635055408707
C_ROOKANDPAWNMOVEMENT:0.4842635055408707
C_CENTERCONTROL:0.508266082244678
C_DEVELOPPIECES:0.5
C_MATERIAL:0.5
C_MOVECOUNT:0.5060984852487725
