ELO:993
CE_PASSEDPAWNS:0.5034066746975732
CE_PAWNWEAKNESSES:0.4397718306090146
CE_PIECEACTIVITY:0.5096459412879134
CE_KINGPAWNSHIELD:0.47547873356093917
CE_PIECECOORDINATION:0.5072728629855141
CE_MATERIAL:0.4674607859924387
CE_KINGSAFETY:0.5053839979008704
C_PIECESQUARETABLES:0.45870672411272134
C_MOBILITY:0.516273292407876
C_KINGSAFETY:0.5279892650594075
C_PAWNSTRUCTURE:0.5170529914482834
C_PIECECOORDINATION:0.4800352512526322
C_ROOKANDPAWNMOVEMENT:0.4800352512526322
C_CENTERCONTROL:0.5942026053185212
C_DEVELOPPIECES:0.4510782371747863
C_MATERIAL:0.44015669765901244
