ELO:1000
CE_PASSEDPAWNS:0.5029897930028262
CE_PAWNWEAKNESSES:0.44145493982765033
CE_PIECEACTIVITY:0.5189101790406384
CE_KINGPAWNSHIELD:0.5025780360635699
CE_PIECECOORDINATION:0.5212570334325093
CE_MATERIAL:0.4869833745785544
CE_KINGSAFETY:0.49794925325399064
C_PIECESQUARETABLES:0.46389522078078044
C_MOBILITY:0.5145446629786002
C_KINGSAFETY:0.5309638931794889
C_PAWNSTRUCTURE:0.5140958323044262
C_PIECECOORDINATION:0.47836284830961495
C_ROOKANDPAWNMOVEMENT:0.47836284830961495
C_CENTERCONTROL:0.5802868294308158
C_DEVELOPPIECES:0.4489908650817852
C_MATERIAL:0.4372690600973989
