ELO:967
CE_PASSEDPAWNS:0.4992118824195455
CE_PAWNWEAKNESSES:0.4686704854324411
CE_PIECEACTIVITY:0.49642558504161816
CE_KINGPAWNSHIELD:0.4917467505923742
CE_PIECECOORDINATION:0.47855289593067774
CE_MATERIAL:0.492454911634561
CE_KINGSAFETY:0.5041264873261792
C_PIECESQUARETABLES:0.5
C_MOBILITY:0.46876723072500287
C_KINGSAFETY:0.48005955903661807
C_PAWNSTRUCTURE:0.51178020923408
C_PIECECOORDINATION:0.4990827181758366
C_ROOK:0.48738942803587276
CE_ROOK:0.4654953063191963
C_CENTERCONTROL:0.5047479764514456
C_DEVELOPPIECES:0.466731763139218
C_MATERIAL:0.48197906261409296
C_MOVECOUNT:0.4173840928817699
C_PAWNMOVEMENT:0.4953438082495118
