ELO:987
CE_PASSEDPAWNS:0.4998142101367233
CE_PAWNWEAKNESSES:0.42705758601820637
CE_PIECEACTIVITY:0.4722316554886193
CE_KINGPAWNSHIELD:0.5420928650206096
CE_PIECECOORDINATION:0.46860426477304906
CE_MATERIAL:0.48355426980972055
CE_KINGSAFETY:0.4779967497057197
C_PIECESQUARETABLES:0.5033582305671861
C_MOBILITY:0.5193379284631443
C_KINGSAFETY:0.4965836058827679
C_PAWNSTRUCTURE:0.5465573805863984
C_PIECECOORDINATION:0.4740684501221804
C_ROOKANDPAWNMOVEMENT:0.4740684501221804
C_CENTERCONTROL:0.4300770210081009
C_DEVELOPPIECES:0.49325144122521053
C_MATERIAL:0.451794218944063
