ELO:988
CE_PASSEDPAWNS:0.6440796605192042
CE_PAWNWEAKNESSES:0.4604575962470446
CE_PIECEACTIVITY:0.4634739132191663
CE_KINGPAWNSHIELD:0.4186548454815116
CE_PIECECOORDINATION:0.5295854818872505
CE_MATERIAL:0.44665591940178245
CE_KINGSAFETY:0.4867536080338906
C_PIECESQUARETABLES:0.4896776456811205
C_MOBILITY:0.44980150543203046
C_KINGSAFETY:0.511860025670205
C_PAWNSTRUCTURE:0.4538934241407901
C_PIECECOORDINATION:0.45276809019945247
C_ROOKANDPAWNMOVEMENT:0.45276809019945247
C_CENTERCONTROL:0.4606981858791304
C_DEVELOPPIECES:0.4473371996051023
C_MATERIAL:0.5206978226084134
