ELO:986
CE_PASSEDPAWNS:0.4352647073519207
CE_PAWNWEAKNESSES:0.5029161782290068
CE_PIECEACTIVITY:0.4290566937502654
CE_KINGPAWNSHIELD:0.4229200786471183
CE_PIECECOORDINATION:0.4801509780913869
CE_MATERIAL:0.5231244764186903
CE_KINGSAFETY:0.501318027539883
C_PIECESQUARETABLES:0.5255019795375421
C_MOBILITY:0.4569919439466511
C_KINGSAFETY:0.48998226853443366
C_PAWNSTRUCTURE:0.4698916346268199
C_PIECECOORDINATION:0.4414660090249644
C_ROOKANDPAWNMOVEMENT:0.4414660090249644
C_CENTERCONTROL:0.5281152664814219
C_DEVELOPPIECES:0.4855591646520994
C_MATERIAL:0.5947628275891955
