ELO:994
CE_PASSEDPAWNS:0.5818388184450803
CE_PAWNWEAKNESSES:0.4366458359141276
CE_PIECEACTIVITY:0.4854658860059672
CE_KINGPAWNSHIELD:0.43943143613268454
CE_PIECECOORDINATION:0.5031252591474634
CE_MATERIAL:0.4451824924685794
CE_KINGSAFETY:0.5040952853903311
C_PIECESQUARETABLES:0.5026478113592219
C_MOBILITY:0.4601174098995224
C_KINGSAFETY:0.49860079334799856
C_PAWNSTRUCTURE:0.46049028738471903
C_PIECECOORDINATION:0.46607846027701383
C_ROOKANDPAWNMOVEMENT:0.46607846027701383
C_CENTERCONTROL:0.5195583321408962
C_DEVELOPPIECES:0.4725941242972234
C_MATERIAL:0.5132188330121823
