ELO:1000
CE_PASSEDPAWNS:0.5077120308881726
CE_PAWNWEAKNESSES:0.5
CE_PIECEACTIVITY:0.5
CE_KINGPAWNSHIELD:0.5092862271858861
CE_PIECECOORDINATION:0.5
CE_MATERIAL:0.5
CE_KINGSAFETY:0.5
C_PIECESQUARETABLES:0.5
C_MOBILITY:0.5061493522912885
C_KINGSAFETY:0.5
C_PAWNSTRUCTURE:0.49078072029634223
C_PIECECOORDINATION:0.5
C_ROOK:0.48863318752480944
CE_ROOK:0.5
C_CENTERCONTROL:0.5
C_DEVELOPPIECES:0.5
C_MATERIAL:0.5060412059979228
C_MOVECOUNT:0.5
C_PAWNMOVEMENT:0.5
