ELO:873
CE_PASSEDPAWNS:0.6030172314922102
CE_PAWNWEAKNESSES:0.39561248261212584
CE_PIECEACTIVITY:0.4685208558788354
CE_KINGPAWNSHIELD:0.43129447400466636
CE_PIECECOORDINATION:0.5028097334393431
CE_MATERIAL:0.38877981665529227
CE_KINGSAFETY:0.5546251900094129
C_PIECESQUARETABLES:0.4909545589706235
C_MOBILITY:0.516957691676805
C_KINGSAFETY:0.48061809808153033
C_PAWNSTRUCTURE:0.40993202041929117
C_PIECECOORDINATION:0.41417117983663004
C_ROOKANDPAWNMOVEMENT:0.41417117983663004
C_CENTERCONTROL:0.5362132704890902
C_DEVELOPPIECES:0.4459221446713013
C_MATERIAL:0.528162198309147
