ELO:952
CE_PASSEDPAWNS:0.3858556155626495
CE_PAWNWEAKNESSES:0.4275036125971957
CE_PIECEACTIVITY:0.45624212741475917
CE_KINGPAWNSHIELD:0.35700399394692905
CE_PIECECOORDINATION:0.45712999988139685
CE_MATERIAL:0.46591832723535626
CE_KINGSAFETY:0.48845496335525745
C_PIECESQUARETABLES:0.48986767846945306
C_MOBILITY:0.42212321733922564
C_KINGSAFETY:0.46301626403900703
C_PAWNSTRUCTURE:0.47889503469291755
C_PIECECOORDINATION:0.4520631840176626
C_ROOKANDPAWNMOVEMENT:0.4520631840176626
C_CENTERCONTROL:0.5169705237927089
C_DEVELOPPIECES:0.5596597497732405
C_MATERIAL:0.6356095248934316
