ELO:979
CE_PASSEDPAWNS:0.4426246236988867
CE_PAWNWEAKNESSES:0.49490158170409165
CE_PIECEACTIVITY:0.43414740690773007
CE_KINGPAWNSHIELD:0.4175924981275169
CE_PIECECOORDINATION:0.5127665977119725
CE_MATERIAL:0.5099232358301317
CE_KINGSAFETY:0.45236877719077667
C_PIECESQUARETABLES:0.47212531830842946
C_MOBILITY:0.43268323177031903
C_KINGSAFETY:0.4762540758675168
C_PAWNSTRUCTURE:0.46828665599048375
C_PIECECOORDINATION:0.4315857817857579
C_ROOKANDPAWNMOVEMENT:0.4315857817857579
C_CENTERCONTROL:0.5243060262958312
C_DEVELOPPIECES:0.47635490557855525
C_MATERIAL:0.5747357553067363
