ELO:742
CE_PASSEDPAWNS:0.4726005618855035
CE_PAWNWEAKNESSES:0.536089092994248
CE_PIECEACTIVITY:0.520673617770836
CE_KINGPAWNSHIELD:0.4808961432180425
CE_PIECECOORDINATION:0.4885810523016545
CE_MATERIAL:0.45103550256995323
CE_KINGSAFETY:0.47451818675926516
C_PIECESQUARETABLES:0.4778000118609501
C_MOBILITY:0.4914994431821714
C_KINGSAFETY:0.5470640075696841
C_PAWNSTRUCTURE:0.45799587577156115
C_PIECECOORDINATION:0.5418986840354727
C_ROOKANDPAWNMOVEMENT:0.5418986840354727
C_CENTERCONTROL:0.4873333622108707
C_DEVELOPPIECES:0.5254505607584827
C_MATERIAL:0.4922687287242248
C_MOVECOUNT:0.5
