ELO:905
CE_PASSEDPAWNS:0.4081237401528363
CE_PAWNWEAKNESSES:0.3943288800379673
CE_PIECEACTIVITY:0.45517376346593
CE_KINGPAWNSHIELD:0.3461234573474192
CE_PIECECOORDINATION:0.44648124700017866
CE_MATERIAL:0.510748816314801
CE_KINGSAFETY:0.5637664345376026
C_PIECESQUARETABLES:0.45643170501561775
C_MOBILITY:0.4570630341387736
C_KINGSAFETY:0.4047673547987121
C_PAWNSTRUCTURE:0.4218290737059435
C_PIECECOORDINATION:0.5048009661746683
C_ROOKANDPAWNMOVEMENT:0.5048009661746683
C_CENTERCONTROL:0.49421810523439064
C_DEVELOPPIECES:0.5525381946376458
C_MATERIAL:0.6929502232985834
