ELO:1030
CE_PASSEDPAWNS:0.5
CE_PAWNWEAKNESSES:0.4932101472111552
CE_PIECEACTIVITY:0.5113855681158862
CE_KINGPAWNSHIELD:0.5
CE_PIECECOORDINATION:0.4829386164179933
CE_MATERIAL:0.49806689240881213
CE_KINGSAFETY:0.49847564003961436
C_PIECESQUARETABLES:0.4976420231069016
C_MOBILITY:0.4928606886996962
C_KINGSAFETY:0.49087747327824643
C_PAWNSTRUCTURE:0.49381836502151233
C_PIECECOORDINATION:0.4990877933169054
C_ROOKANDPAWNMOVEMENT:0.4990877933169054
C_CENTERCONTROL:0.4779917360986111
C_DEVELOPPIECES:0.5
C_MATERIAL:0.49413351506983216
C_MOVECOUNT:0.5
