ELO:989
CE_PASSEDPAWNS:0.6496455071049062
CE_PAWNWEAKNESSES:0.47688920444738003
CE_PIECEACTIVITY:0.46910358021096304
CE_KINGPAWNSHIELD:0.42660475682655863
CE_PIECECOORDINATION:0.5178521876089955
CE_MATERIAL:0.45743505999517275
CE_KINGSAFETY:0.4737493657416798
C_PIECESQUARETABLES:0.492860760272444
C_MOBILITY:0.4551163132679704
C_KINGSAFETY:0.5027612697341243
C_PAWNSTRUCTURE:0.46616390485741327
C_PIECECOORDINATION:0.47267490860110173
C_ROOKANDPAWNMOVEMENT:0.47267490860110173
C_CENTERCONTROL:0.4606981858791304
C_DEVELOPPIECES:0.44407750678881414
C_MATERIAL:0.5258295061399951
