ELO:1021
CE_PASSEDPAWNS:0.5
CE_PAWNWEAKNESSES:0.4972866100632133
CE_PIECEACTIVITY:0.5
CE_KINGPAWNSHIELD:0.5087101191842174
CE_PIECECOORDINATION:0.5056301041148357
CE_MATERIAL:0.5
CE_KINGSAFETY:0.5077373452302337
C_PIECESQUARETABLES:0.504447103947898
C_MOBILITY:0.5118874096121433
C_KINGSAFETY:0.4866946795917901
C_PAWNSTRUCTURE:0.49674649797420944
C_PIECECOORDINATION:0.491476649928545
C_ROOKANDPAWNMOVEMENT:0.491476649928545
C_CENTERCONTROL:0.4929669259042418
C_DEVELOPPIECES:0.49325920679032326
C_MATERIAL:0.4810699304797875
