ELO:800
CE_PASSEDPAWNS:0.4734105442905476
CE_PAWNWEAKNESSES:0.6251707625381918
CE_PIECEACTIVITY:0.4914588899977695
CE_KINGPAWNSHIELD:0.5615177598337628
CE_PIECECOORDINATION:0.4907913810919912
CE_MATERIAL:0.531220790359933
CE_KINGSAFETY:0.499291938535301
C_PIECESQUARETABLES:0.5
C_MOBILITY:0.48372369216754807
C_KINGSAFETY:0.41874565186156587
C_PAWNSTRUCTURE:0.49722941661355763
C_PIECECOORDINATION:0.48971080871164435
C_ROOKANDPAWNMOVEMENT:0.48971080871164435
C_CENTERCONTROL:0.5542210286670709
C_DEVELOPPIECES:0.40926201248238697
C_MATERIAL:0.43327881944390273
C_MOVECOUNT:0.49261322820633274
