ELO:909
CE_PASSEDPAWNS:0.6108979937005361
CE_PAWNWEAKNESSES:0.352947849410216
CE_PIECEACTIVITY:0.46721866898336295
CE_KINGPAWNSHIELD:0.45071267391760844
CE_PIECECOORDINATION:0.46187755991852314
CE_MATERIAL:0.41013107135548826
CE_KINGSAFETY:0.5592416187130461
C_PIECESQUARETABLES:0.44019387075974475
C_MOBILITY:0.5327793662818553
C_KINGSAFETY:0.48422625483090187
C_PAWNSTRUCTURE:0.40609875271527485
C_PIECECOORDINATION:0.42311428983841143
C_ROOKANDPAWNMOVEMENT:0.42311428983841143
C_CENTERCONTROL:0.5369665688357639
C_DEVELOPPIECES:0.4727080154093723
C_MATERIAL:0.5492554201809189
