ELO:991
CE_PASSEDPAWNS:0.5931364492797366
CE_PAWNWEAKNESSES:0.45283174131599124
CE_PIECEACTIVITY:0.4662985311129687
CE_KINGPAWNSHIELD:0.4489599704944171
CE_PIECECOORDINATION:0.48373951443126617
CE_MATERIAL:0.4526838580792432
CE_KINGSAFETY:0.49606639986969187
C_PIECESQUARETABLES:0.4864771975161617
C_MOBILITY:0.45117181378527527
C_KINGSAFETY:0.5036208040625163
C_PAWNSTRUCTURE:0.4745427700941309
C_PIECECOORDINATION:0.48148594832304425
C_ROOKANDPAWNMOVEMENT:0.48148594832304425
C_CENTERCONTROL:0.4943342379453776
C_DEVELOPPIECES:0.4769882185414591
C_MATERIAL:0.4959507546202553
