ELO:963
CE_PASSEDPAWNS:0.4985253962561363
CE_PAWNWEAKNESSES:0.506715973532638
CE_PIECEACTIVITY:0.48913306904617987
CE_KINGPAWNSHIELD:0.4927652329640295
CE_PIECECOORDINATION:0.5065216355875116
CE_MATERIAL:0.48823148517826914
CE_KINGSAFETY:0.49150600576439624
C_PIECESQUARETABLES:0.5046658247296106
C_MOBILITY:0.5109251179217351
C_KINGSAFETY:0.5168344256127728
C_PAWNSTRUCTURE:0.49913049474260685
C_PIECECOORDINATION:0.5003537352473277
C_ROOKANDPAWNMOVEMENT:0.5003537352473277
C_CENTERCONTROL:0.4847496137323571
C_DEVELOPPIECES:0.502244864257968
C_MATERIAL:0.4988637969286258
C_MOVECOUNT:0.533855104065648
