ELO:1000
CE_PASSEDPAWNS:0.522747365446274
CE_PAWNWEAKNESSES:0.5047055012544731
CE_PIECEACTIVITY:0.4927850401908953
CE_KINGPAWNSHIELD:0.5066717782946469
CE_PIECECOORDINATION:0.5176159666431633
CE_MATERIAL:0.4663790656216768
CE_KINGSAFETY:0.5264116322612182
C_PIECESQUARETABLES:0.5120568916203532
C_MOBILITY:0.47987520582792564
C_KINGSAFETY:0.4913222114530282
C_PAWNSTRUCTURE:0.4965214180794723
C_PIECECOORDINATION:0.47823870270520924
C_ROOKANDPAWNMOVEMENT:0.47823870270520924
C_CENTERCONTROL:0.5229007387004212
C_DEVELOPPIECES:0.5019967627478655
C_MATERIAL:0.5070941907261695
