ELO:930
CE_PASSEDPAWNS:0.536324297911836
CE_PAWNWEAKNESSES:0.45287874355214197
CE_PIECEACTIVITY:0.4775713244962216
CE_KINGPAWNSHIELD:0.4932832771069625
CE_PIECECOORDINATION:0.5035355238398489
CE_MATERIAL:0.5192877465928465
CE_KINGSAFETY:0.496072465922402
C_PIECESQUARETABLES:0.5013539598493697
C_MOBILITY:0.4845942212403849
C_KINGSAFETY:0.5454426319823857
C_PAWNSTRUCTURE:0.5501291741051015
C_PIECECOORDINATION:0.5063034081644963
C_ROOK:0.4739535903268255
CE_ROOK:0.498008483913734
C_CENTERCONTROL:0.4918908881448456
C_DEVELOPPIECES:0.5167885596715821
C_MATERIAL:0.5086440533247291
C_MOVECOUNT:0.5012719349611949
C_PAWNMOVEMENT:0.49082167258209386
