ELO:1000
CE_PASSEDPAWNS:0.49845760895118635
CE_PAWNWEAKNESSES:0.49653066289145814
CE_PIECEACTIVITY:0.5043039420535287
CE_KINGPAWNSHIELD:0.5001854989295433
CE_PIECECOORDINATION:0.5073726337685659
CE_MATERIAL:0.47355163935649325
CE_KINGSAFETY:0.4848302839233513
C_PIECESQUARETABLES:0.493048569707954
C_MOBILITY:0.5
C_KINGSAFETY:0.4955440866884326
C_PAWNSTRUCTURE:0.5142196471098661
C_PIECECOORDINATION:0.5082421722322299
C_ROOKANDPAWNMOVEMENT:0.5082421722322299
C_CENTERCONTROL:0.5096629097120772
C_DEVELOPPIECES:0.5
C_MATERIAL:0.5194368050395568
C_MOVECOUNT:0.5
