ELO:919
CE_PASSEDPAWNS:0.48027964029320114
CE_PAWNWEAKNESSES:0.4984944195418092
CE_PIECEACTIVITY:0.5023841977988034
CE_KINGPAWNSHIELD:0.49479889733732596
CE_PIECECOORDINATION:0.5197947091170713
CE_MATERIAL:0.4482356988207846
CE_KINGSAFETY:0.4995974859724755
C_PIECESQUARETABLES:0.5175520180668549
C_MOBILITY:0.5057536800490776
C_KINGSAFETY:0.5068261436727626
C_PAWNSTRUCTURE:0.5065981971804598
C_PIECECOORDINATION:0.48331218784396757
C_ROOKANDPAWNMOVEMENT:0.48331218784396757
C_CENTERCONTROL:0.4931061050179293
C_DEVELOPPIECES:0.4735048948539451
C_MATERIAL:0.5010966805894019
C_MOVECOUNT:0.48883792562127454
