ELO:988
CE_PASSEDPAWNS:0.5259745819445036
CE_PAWNWEAKNESSES:0.5329173536899937
CE_PIECEACTIVITY:0.5147464506829702
CE_KINGPAWNSHIELD:0.41811925619169543
CE_PIECECOORDINATION:0.42930210234470695
CE_MATERIAL:0.474647451981425
CE_KINGSAFETY:0.5
C_PIECESQUARETABLES:0.5
C_MOBILITY:0.49816549280442246
C_KINGSAFETY:0.5077087654596292
C_PAWNSTRUCTURE:0.5006281247243053
C_PIECECOORDINATION:0.5276342836822328
C_ROOKANDPAWNMOVEMENT:0.5276342836822328
C_CENTERCONTROL:0.39113134328111704
C_DEVELOPPIECES:0.5087704791705147
C_MATERIAL:0.5866536899795093
