ELO:1011
CE_PASSEDPAWNS:0.4604436130034457
CE_PAWNWEAKNESSES:0.5069894194012635
CE_PIECEACTIVITY:0.5029400248075624
CE_KINGPAWNSHIELD:0.4870182058863144
CE_PIECECOORDINATION:0.5032474776571032
CE_MATERIAL:0.4769959819108555
CE_KINGSAFETY:0.4927795876461766
C_PIECESQUARETABLES:0.5055464474045509
C_MOBILITY:0.5207860227840152
C_KINGSAFETY:0.4931622217291123
C_PAWNSTRUCTURE:0.49511946566482523
C_PIECECOORDINATION:0.5040855568164389
C_ROOKANDPAWNMOVEMENT:0.5040855568164389
C_CENTERCONTROL:0.48993796881468493
C_DEVELOPPIECES:0.5083809132376229
C_MATERIAL:0.4993401369910913
C_MOVECOUNT:0.5
