ELO:924
CE_PASSEDPAWNS:0.47230267093811606
CE_PAWNWEAKNESSES:0.48606181336548304
CE_PIECEACTIVITY:0.49225305189266344
CE_KINGPAWNSHIELD:0.48396368692148817
CE_PIECECOORDINATION:0.4664529324711403
CE_MATERIAL:0.5081247249723472
CE_KINGSAFETY:0.5003014896304512
C_PIECESQUARETABLES:0.4936134799611427
C_MOBILITY:0.47743368599499103
C_KINGSAFETY:0.5107552282825591
C_PAWNSTRUCTURE:0.4833579506101637
C_PIECECOORDINATION:0.5059942124541098
C_ROOKANDPAWNMOVEMENT:0.5059942124541098
C_CENTERCONTROL:0.48254654957326776
C_DEVELOPPIECES:0.5054711440121438
C_MATERIAL:0.5039593112186602
C_MOVECOUNT:0.5103862039465568
