ELO:957
CE_PASSEDPAWNS:0.5038300034537292
CE_PAWNWEAKNESSES:0.464289338144309
CE_PIECEACTIVITY:0.47455908590544016
CE_KINGPAWNSHIELD:0.5109034849358849
CE_PIECECOORDINATION:0.5085539733434074
CE_MATERIAL:0.5180008908575426
CE_KINGSAFETY:0.525281785271225
C_PIECESQUARETABLES:0.4260295615470083
C_MOBILITY:0.5122697486653659
C_KINGSAFETY:0.47145855261192127
C_PAWNSTRUCTURE:0.5609233426929233
C_PIECECOORDINATION:0.4979385750295711
C_ROOKANDPAWNMOVEMENT:0.4979385750295711
C_CENTERCONTROL:0.48792117735754936
C_DEVELOPPIECES:0.501680873284169
C_MATERIAL:0.48123896489033785
C_MOVECOUNT:0.5
