ELO:959
CE_PASSEDPAWNS:0.5136089924347573
CE_PAWNWEAKNESSES:0.4773748931166499
CE_PIECEACTIVITY:0.5365819680087934
CE_KINGPAWNSHIELD:0.4989074062242994
CE_PIECECOORDINATION:0.48030563397218706
CE_MATERIAL:0.5239353772401416
CE_KINGSAFETY:0.5
C_PIECESQUARETABLES:0.5103431887785856
C_MOBILITY:0.5405378542115609
C_KINGSAFETY:0.5313472816798886
C_PAWNSTRUCTURE:0.5130862869257952
C_PIECECOORDINATION:0.5028539305753342
C_ROOK:0.50672446783373
CE_ROOK:0.498964234108158
C_CENTERCONTROL:0.5070106400415737
C_DEVELOPPIECES:0.4986942793243867
C_MATERIAL:0.49154544733978156
C_MOVECOUNT:0.511541961882833
C_PAWNMOVEMENT:0.49217787452797007
