ELO:960
CE_PASSEDPAWNS:0.5136089924347573
CE_PAWNWEAKNESSES:0.4773748931166499
CE_PIECEACTIVITY:0.5247412911585816
CE_KINGPAWNSHIELD:0.4989074062242994
CE_PIECECOORDINATION:0.4852833393948347
CE_MATERIAL:0.521271010074564
CE_KINGSAFETY:0.5
C_PIECESQUARETABLES:0.5
C_MOBILITY:0.5288708948282861
C_KINGSAFETY:0.5250428717906515
C_PAWNSTRUCTURE:0.5081592787762583
C_PIECECOORDINATION:0.4887026417941653
C_ROOK:0.5016313783542687
CE_ROOK:0.498964234108158
C_CENTERCONTROL:0.49629724274259585
C_DEVELOPPIECES:0.4986942793243867
C_MATERIAL:0.49154544733978156
C_MOVECOUNT:0.5083114796316026
C_PAWNMOVEMENT:0.49936583042914234
