ELO:981
CE_PASSEDPAWNS:0.5213509966289428
CE_PAWNWEAKNESSES:0.4773748931166499
CE_PIECEACTIVITY:0.5365819680087934
CE_KINGPAWNSHIELD:0.5034102796797049
CE_PIECECOORDINATION:0.48030563397218706
CE_MATERIAL:0.5239353772401416
CE_KINGSAFETY:0.489375709158658
C_PIECESQUARETABLES:0.5110699542166858
C_MOBILITY:0.5307658426019496
C_KINGSAFETY:0.5313472816798886
C_PAWNSTRUCTURE:0.5205523565988734
C_PIECECOORDINATION:0.5028539305753342
C_ROOK:0.5072810134222434
CE_ROOK:0.498964234108158
C_CENTERCONTROL:0.49932609385283017
C_DEVELOPPIECES:0.48904165488623746
C_MATERIAL:0.49154544733978156
C_MOVECOUNT:0.511541961882833
C_PAWNMOVEMENT:0.49217787452797007
