ELO:943
CE_PASSEDPAWNS:0.5689911921104063
CE_PAWNWEAKNESSES:0.47890995681655363
CE_PIECEACTIVITY:0.506769481025724
CE_KINGPAWNSHIELD:0.5192739908800277
CE_PIECECOORDINATION:0.546391345398302
CE_MATERIAL:0.5098163947219067
CE_KINGSAFETY:0.4614703217826408
C_PIECESQUARETABLES:0.4776740125213331
C_MOBILITY:0.49088014298869526
C_KINGSAFETY:0.5309721182655724
C_PAWNSTRUCTURE:0.4979305171324215
C_PIECECOORDINATION:0.5150674833944577
C_ROOKANDPAWNMOVEMENT:0.5150674833944577
C_CENTERCONTROL:0.5382262526434821
C_DEVELOPPIECES:0.5487736351248084
C_MATERIAL:0.49253254179386324
C_MOVECOUNT:0.5
