ELO:918
CE_PASSEDPAWNS:0.4316778997635521
CE_PAWNWEAKNESSES:0.3545954951895176
CE_PIECEACTIVITY:0.47011166073220984
CE_KINGPAWNSHIELD:0.372027968287991
CE_PIECECOORDINATION:0.4162179365336646
CE_MATERIAL:0.48002722410039717
CE_KINGSAFETY:0.5166092962750118
C_PIECESQUARETABLES:0.4714971342230316
C_MOBILITY:0.42735527456202466
C_KINGSAFETY:0.4394182552819079
C_PAWNSTRUCTURE:0.4756968231768854
C_PIECECOORDINATION:0.48002838872200193
C_ROOKANDPAWNMOVEMENT:0.48002838872200193
C_CENTERCONTROL:0.512948405548055
C_DEVELOPPIECES:0.49363747826322335
C_MATERIAL:0.6608206144029649
