ELO:796
CE_PASSEDPAWNS:0.44242674026841877
CE_PAWNWEAKNESSES:0.6881282970704725
CE_PIECEACTIVITY:0.5298850800521171
CE_KINGPAWNSHIELD:0.45547937144091233
CE_PIECECOORDINATION:0.3892987153606137
CE_MATERIAL:0.4769714220376203
CE_KINGSAFETY:0.46219045824670313
C_PIECESQUARETABLES:0.5245606108404717
C_MOBILITY:0.4443369142487538
C_KINGSAFETY:0.5476389950036163
C_PAWNSTRUCTURE:0.4275227445749049
C_PIECECOORDINATION:0.5836828773977115
C_ROOKANDPAWNMOVEMENT:0.5836828773977115
C_CENTERCONTROL:0.4996195075128606
C_DEVELOPPIECES:0.5487541331029636
C_MATERIAL:0.4083526023692502
C_MOVECOUNT:0.5
