ELO:927
CE_PASSEDPAWNS:0.536324297911836
CE_PAWNWEAKNESSES:0.45287874355214197
CE_PIECEACTIVITY:0.4775713244962216
CE_KINGPAWNSHIELD:0.5031596009608482
CE_PIECECOORDINATION:0.5035355238398489
CE_MATERIAL:0.520031566299341
CE_KINGSAFETY:0.5
C_PIECESQUARETABLES:0.5
C_MOBILITY:0.48720386878949207
C_KINGSAFETY:0.5569181248084625
C_PAWNSTRUCTURE:0.5564258647619782
C_PIECECOORDINATION:0.5059676619047391
C_ROOK:0.4739535903268255
CE_ROOK:0.498008483913734
C_CENTERCONTROL:0.4871638262012318
C_DEVELOPPIECES:0.5167885596715821
C_MATERIAL:0.500108527851079
C_MOVECOUNT:0.5012719349611949
C_PAWNMOVEMENT:0.4931694689624666
