ELO:949
CE_PASSEDPAWNS:0.39591677540831216
CE_PAWNWEAKNESSES:0.4188284273870591
CE_PIECEACTIVITY:0.45624212741475917
CE_KINGPAWNSHIELD:0.35036722162572376
CE_PIECECOORDINATION:0.44288464948262873
CE_MATERIAL:0.4690985624108752
CE_KINGSAFETY:0.4858426461196796
C_PIECESQUARETABLES:0.48752177476515596
C_MOBILITY:0.4172345746753422
C_KINGSAFETY:0.4561944982774259
C_PAWNSTRUCTURE:0.48108198004059244
C_PIECECOORDINATION:0.46927538375488087
C_ROOKANDPAWNMOVEMENT:0.46927538375488087
C_CENTERCONTROL:0.5235136309794582
C_DEVELOPPIECES:0.5641210473427929
C_MATERIAL:0.6650659503271716
