ELO:1051
CE_PASSEDPAWNS:0.4698496751841322
CE_PAWNWEAKNESSES:0.46274289760704435
CE_PIECEACTIVITY:0.5672632444188147
CE_KINGPAWNSHIELD:0.5001658988175292
CE_PIECECOORDINATION:0.5343727085089267
CE_MATERIAL:0.3772921641049941
CE_KINGSAFETY:0.48880623232129833
C_PIECESQUARETABLES:0.5096059531417044
C_MOBILITY:0.5362708026053216
C_KINGSAFETY:0.6155225929785252
C_PAWNSTRUCTURE:0.4268739052239269
C_PIECECOORDINATION:0.38532704511826565
C_ROOKANDPAWNMOVEMENT:0.38532704511826565
C_CENTERCONTROL:0.5183648425435646
C_DEVELOPPIECES:0.47870885451299566
C_MATERIAL:0.39126870999087066
