ELO:989
CE_PASSEDPAWNS:0.5021840912462556
CE_PAWNWEAKNESSES:0.4985081833326566
CE_PIECEACTIVITY:0.501469898430968
CE_KINGPAWNSHIELD:0.49893619259075245
CE_PIECECOORDINATION:0.5076811008688442
CE_MATERIAL:0.5258570333671184
CE_KINGSAFETY:0.500570570894996
C_PIECESQUARETABLES:0.493133070388708
C_MOBILITY:0.5138526321030483
C_KINGSAFETY:0.5060981111630798
C_PAWNSTRUCTURE:0.5297059347410711
C_PIECECOORDINATION:0.49540223223969154
C_ROOK:0.49115538145890414
CE_ROOK:0.5027871747307698
C_CENTERCONTROL:0.495609103264662
C_DEVELOPPIECES:0.4986942793243867
C_MATERIAL:0.5066904851218345
C_MOVECOUNT:0.5203502514751519
C_PAWNMOVEMENT:0.4888353298648401
