ELO:1000
CE_PASSEDPAWNS:0.522199717698315
CE_PAWNWEAKNESSES:0.5058758836042432
CE_PIECEACTIVITY:0.5140706837041017
CE_KINGPAWNSHIELD:0.49818343499711804
CE_PIECECOORDINATION:0.5110374796830551
CE_MATERIAL:0.4830343606992975
CE_KINGSAFETY:0.5008335510632793
C_PIECESQUARETABLES:0.499735275493393
C_MOBILITY:0.48600644073988364
C_KINGSAFETY:0.4871556073389689
C_PAWNSTRUCTURE:0.46224444346621274
C_PIECECOORDINATION:0.4908620771379635
C_ROOKANDPAWNMOVEMENT:0.4908620771379635
C_CENTERCONTROL:0.515034542439612
C_DEVELOPPIECES:0.48716410777207736
C_MATERIAL:0.4884321638084106
