ELO:1089
CE_PASSEDPAWNS:0.5896220000125011
CE_PAWNWEAKNESSES:0.49576606294394177
CE_PIECEACTIVITY:0.4778438750580748
CE_KINGPAWNSHIELD:0.46038110827333706
CE_PIECECOORDINATION:0.45214343985069483
CE_MATERIAL:0.44673922077428824
CE_KINGSAFETY:0.4722317824521712
C_PIECESQUARETABLES:0.5110475169516916
C_MOBILITY:0.41156630159638913
C_KINGSAFETY:0.4845263913102489
C_PAWNSTRUCTURE:0.4166815638723129
C_PIECECOORDINATION:0.46134282576025687
C_ROOKANDPAWNMOVEMENT:0.46134282576025687
C_CENTERCONTROL:0.5167023977082739
C_DEVELOPPIECES:0.5650078628298799
C_MATERIAL:0.4132779947888406
