ELO:907
CE_PASSEDPAWNS:0.5559158829321269
CE_PAWNWEAKNESSES:0.4644187055704752
CE_PIECEACTIVITY:0.48277827434845916
CE_KINGPAWNSHIELD:0.517755961341684
CE_PIECECOORDINATION:0.4860692848117039
CE_MATERIAL:0.5484386154408448
CE_KINGSAFETY:0.5125893600091161
C_PIECESQUARETABLES:0.4929733763828686
C_MOBILITY:0.45818773015511927
C_KINGSAFETY:0.5395739335749125
C_PAWNSTRUCTURE:0.5347266451841778
C_PIECECOORDINATION:0.5394556083858941
C_ROOK:0.47439391142362114
CE_ROOK:0.498946834828618
C_CENTERCONTROL:0.47821095293775756
C_DEVELOPPIECES:0.5107616977691808
C_MATERIAL:0.5251468982422604
C_MOVECOUNT:0.5125964501419754
C_PAWNMOVEMENT:0.5376815250040093
