ELO:1092
CE_PASSEDPAWNS:0.45809862779161364
CE_PAWNWEAKNESSES:0.48272935197040073
CE_PIECEACTIVITY:0.5783754065841558
CE_KINGPAWNSHIELD:0.6311305544171626
CE_PIECECOORDINATION:0.5279111839369776
CE_MATERIAL:0.3963786524687434
CE_KINGSAFETY:0.4780126801606747
C_PIECESQUARETABLES:0.5
C_MOBILITY:0.5290444444287612
C_KINGSAFETY:0.5676802545883656
C_PAWNSTRUCTURE:0.4510017500193151
C_PIECECOORDINATION:0.48430233874975176
C_ROOKANDPAWNMOVEMENT:0.48430233874975176
C_CENTERCONTROL:0.5247140390385672
C_DEVELOPPIECES:0.4788859383477325
C_MATERIAL:0.40395252128894926
