ELO:925
CE_PASSEDPAWNS:0.49127556533747757
CE_PAWNWEAKNESSES:0.509076987730625
CE_PIECEACTIVITY:0.5201366136842559
CE_KINGPAWNSHIELD:0.5045578758655935
CE_PIECECOORDINATION:0.515533477181111
CE_MATERIAL:0.445985174396207
CE_KINGSAFETY:0.5149375753455563
C_PIECESQUARETABLES:0.5246392615153265
C_MOBILITY:0.5065811109307039
C_KINGSAFETY:0.4923490644353891
C_PAWNSTRUCTURE:0.5011559853327725
C_PIECECOORDINATION:0.47431109778965497
C_ROOKANDPAWNMOVEMENT:0.47431109778965497
C_CENTERCONTROL:0.5044520724941385
C_DEVELOPPIECES:0.459826603820309
C_MATERIAL:0.5110997756780405
C_MOVECOUNT:0.4964168139428559
