ELO:961
CE_PASSEDPAWNS:0.5419785994572519
CE_PAWNWEAKNESSES:0.46459142055243796
CE_PIECEACTIVITY:0.5271332508292036
CE_KINGPAWNSHIELD:0.4993658555146415
CE_PIECECOORDINATION:0.48626710612531493
CE_MATERIAL:0.5327076381233089
CE_KINGSAFETY:0.5031610166234062
C_PIECESQUARETABLES:0.4949545485958746
C_MOBILITY:0.5153344742255818
C_KINGSAFETY:0.5377154843259762
C_PAWNSTRUCTURE:0.5278367510489721
C_PIECECOORDINATION:0.5028539305753342
C_ROOK:0.504621823753258
CE_ROOK:0.5012048346937545
C_CENTERCONTROL:0.4998604808121053
C_DEVELOPPIECES:0.48904165488623746
C_MATERIAL:0.4846867250530708
C_MOVECOUNT:0.5025785008097436
C_PAWNMOVEMENT:0.48581798739891036
