ELO:976
CE_PASSEDPAWNS:0.46918971897680184
CE_PAWNWEAKNESSES:0.5472852147818322
CE_PIECEACTIVITY:0.5011856285392744
CE_KINGPAWNSHIELD:0.5062327826252861
CE_PIECECOORDINATION:0.49513782201088646
CE_MATERIAL:0.503557716715195
CE_KINGSAFETY:0.49954151390699986
C_PIECESQUARETABLES:0.5247090115285347
C_MOBILITY:0.5230131654686581
C_KINGSAFETY:0.4961309468870039
C_PAWNSTRUCTURE:0.4919717586457095
C_PIECECOORDINATION:0.5093991703324307
C_ROOK:0.5149092051291666
CE_ROOK:0.49242794501534565
C_CENTERCONTROL:0.5006969621897996
C_DEVELOPPIECES:0.5150914088487449
C_MATERIAL:0.5206029723343155
C_MOVECOUNT:0.4977383101984712
C_PAWNMOVEMENT:0.4789904282914264
