ELO:984
CE_PASSEDPAWNS:0.4392520928153228
CE_PAWNWEAKNESSES:0.4945778861689217
CE_PIECEACTIVITY:0.4378152295798384
CE_KINGPAWNSHIELD:0.4103770314106663
CE_PIECECOORDINATION:0.5333205306233155
CE_MATERIAL:0.528795704552993
CE_KINGSAFETY:0.45308243094408845
C_PIECESQUARETABLES:0.4849291542618716
C_MOBILITY:0.44103506856033253
C_KINGSAFETY:0.5010340028221275
C_PAWNSTRUCTURE:0.4742298396536142
C_PIECECOORDINATION:0.4292941984005535
C_ROOKANDPAWNMOVEMENT:0.4292941984005535
C_CENTERCONTROL:0.5142236316277174
C_DEVELOPPIECES:0.4884516735968972
C_MATERIAL:0.5615110448817783
