ELO:709
CE_PASSEDPAWNS:0.44501654527184553
CE_PAWNWEAKNESSES:0.5296389604589281
CE_PIECEACTIVITY:0.5083857726013544
CE_KINGPAWNSHIELD:0.46167050196270093
CE_PIECECOORDINATION:0.4821516193336271
CE_MATERIAL:0.4500871871900364
CE_KINGSAFETY:0.473694618165931
C_PIECESQUARETABLES:0.488744781493146
C_MOBILITY:0.49289507537979893
C_KINGSAFETY:0.5248171032640556
C_PAWNSTRUCTURE:0.48257436361598555
C_PIECECOORDINATION:0.54866565384637
C_ROOKANDPAWNMOVEMENT:0.54866565384637
C_CENTERCONTROL:0.4988457065254692
C_DEVELOPPIECES:0.5257851335783751
C_MATERIAL:0.4921018950597772
C_MOVECOUNT:0.5
