ELO:939
CE_PASSEDPAWNS:0.4284513044993464
CE_PAWNWEAKNESSES:0.40079812912972057
CE_PIECEACTIVITY:0.45028549895149367
CE_KINGPAWNSHIELD:0.3598168439279188
CE_PIECECOORDINATION:0.4470298196779362
CE_MATERIAL:0.4400131361795134
CE_KINGSAFETY:0.4958194534369979
C_PIECESQUARETABLES:0.5042802267871186
C_MOBILITY:0.4417138747297088
C_KINGSAFETY:0.4437550125563477
C_PAWNSTRUCTURE:0.49294108959938143
C_PIECECOORDINATION:0.4643902028593788
C_ROOKANDPAWNMOVEMENT:0.4643902028593788
C_CENTERCONTROL:0.5139019055854213
C_DEVELOPPIECES:0.5238266572657704
C_MATERIAL:0.675880472605751
