ELO:1008
CE_PASSEDPAWNS:0.493909551608872
CE_PAWNWEAKNESSES:0.5
CE_PIECEACTIVITY:0.5108263088873515
CE_KINGPAWNSHIELD:0.49523432949434776
CE_PIECECOORDINATION:0.5106641783277887
CE_MATERIAL:0.48587650126397675
CE_KINGSAFETY:0.5
C_PIECESQUARETABLES:0.5
C_MOBILITY:0.5033135760774201
C_KINGSAFETY:0.49943503536350303
C_PAWNSTRUCTURE:0.5023896068089257
C_PIECECOORDINATION:0.4757232846075807
C_ROOKANDPAWNMOVEMENT:0.4757232846075807
C_CENTERCONTROL:0.4911636345143396
C_DEVELOPPIECES:0.5
C_MATERIAL:0.5059891194520441
