ELO:927
CE_PASSEDPAWNS:0.37321276083579724
CE_PAWNWEAKNESSES:0.6059809667756585
CE_PIECEACTIVITY:0.5582613826357289
CE_KINGPAWNSHIELD:0.45353345706886916
CE_PIECECOORDINATION:0.5756118801189172
CE_MATERIAL:0.49736458339253514
CE_KINGSAFETY:0.5172519462650929
C_PIECESQUARETABLES:0.46267206422275076
C_MOBILITY:0.5258239588828807
C_KINGSAFETY:0.4347060356171123
C_PAWNSTRUCTURE:0.4427913794564278
C_PIECECOORDINATION:0.43304279175309607
C_ROOKANDPAWNMOVEMENT:0.43304279175309607
C_CENTERCONTROL:0.49724751731588807
C_DEVELOPPIECES:0.4203816793728174
C_MATERIAL:0.5191751675934035
