ELO:960
CE_PASSEDPAWNS:0.5419701006767382
CE_PAWNWEAKNESSES:0.4419776741858066
CE_PIECEACTIVITY:0.49939896619658936
CE_KINGPAWNSHIELD:0.5015759947778532
CE_PIECECOORDINATION:0.510006567622279
CE_MATERIAL:0.5279145060201998
CE_KINGSAFETY:0.5015040574091257
C_PIECESQUARETABLES:0.5147838472679986
C_MOBILITY:0.5155490260131783
C_KINGSAFETY:0.5452188586277605
C_PAWNSTRUCTURE:0.5380136126542755
C_PIECECOORDINATION:0.4988794831536241
C_ROOK:0.4905896547033679
CE_ROOK:0.5232975339221795
C_CENTERCONTROL:0.4926001593335573
C_DEVELOPPIECES:0.5066865914797454
C_MATERIAL:0.5106635826404043
C_MOVECOUNT:0.5184090749526103
C_PAWNMOVEMENT:0.49565907105832635
