ELO:991
CE_PASSEDPAWNS:0.5990017720222176
CE_PAWNWEAKNESSES:0.43314279935571365
CE_PIECEACTIVITY:0.47489272244689024
CE_KINGPAWNSHIELD:0.43663137115738154
CE_PIECECOORDINATION:0.4904347743136792
CE_MATERIAL:0.4531601249014186
CE_KINGSAFETY:0.49446742863231014
C_PIECESQUARETABLES:0.5068345186326916
C_MOBILITY:0.4394428915988247
C_KINGSAFETY:0.5077621167500185
C_PAWNSTRUCTURE:0.46309306732158484
C_PIECECOORDINATION:0.4854256941027441
C_ROOKANDPAWNMOVEMENT:0.4854256941027441
C_CENTERCONTROL:0.5091907971349499
C_DEVELOPPIECES:0.49155823195985215
C_MATERIAL:0.5157491076918836
