ELO:990
CE_PASSEDPAWNS:0.4833356045750238
CE_PAWNWEAKNESSES:0.49153747739782117
CE_PIECEACTIVITY:0.4957131703304506
CE_KINGPAWNSHIELD:0.5100411209598856
CE_PIECECOORDINATION:0.5215240616863165
CE_MATERIAL:0.5082651813250072
CE_KINGSAFETY:0.49028096654989417
C_PIECESQUARETABLES:0.48272613727510916
C_MOBILITY:0.5
C_KINGSAFETY:0.48962993206593186
C_PAWNSTRUCTURE:0.48611940130445935
C_PIECECOORDINATION:0.511736084091671
C_ROOK:0.5173605105423664
CE_ROOK:0.5127948319695999
C_CENTERCONTROL:0.5075237901881673
C_DEVELOPPIECES:0.48811491152452813
C_MATERIAL:0.5047993033346135
C_MOVECOUNT:0.515824742548617
C_PAWNMOVEMENT:0.5075781406788364
