ELO:935
CE_PASSEDPAWNS:0.417264256046919
CE_PAWNWEAKNESSES:0.49466402023087136
CE_PIECEACTIVITY:0.46756316986208823
CE_KINGPAWNSHIELD:0.5171765662905885
CE_PIECECOORDINATION:0.4799337192643747
CE_MATERIAL:0.5051266844055367
CE_KINGSAFETY:0.5253862197294874
C_PIECESQUARETABLES:0.5392042168870962
C_MOBILITY:0.4949323689680931
C_KINGSAFETY:0.5212430027726701
C_PAWNSTRUCTURE:0.480980716258762
C_PIECECOORDINATION:0.5068446928491807
C_ROOKANDPAWNMOVEMENT:0.5068446928491807
C_CENTERCONTROL:0.5387930238608152
C_DEVELOPPIECES:0.49912351553564605
C_MATERIAL:0.5106156290232635
