ELO:970
CE_PASSEDPAWNS:0.49701242642019533
CE_PAWNWEAKNESSES:0.4863632008943865
CE_PIECEACTIVITY:0.5295326714190755
CE_KINGPAWNSHIELD:0.48532862093712187
CE_PIECECOORDINATION:0.49591092420628574
CE_MATERIAL:0.4979144872536027
CE_KINGSAFETY:0.49083071228114894
C_PIECESQUARETABLES:0.49046461288796794
C_MOBILITY:0.4974240345870342
C_KINGSAFETY:0.4949143849575568
C_PAWNSTRUCTURE:0.5045511461829472
C_PIECECOORDINATION:0.4940445067080007
C_ROOKANDPAWNMOVEMENT:0.4940445067080007
C_CENTERCONTROL:0.5032800360099998
C_DEVELOPPIECES:0.49196544820915417
C_MATERIAL:0.5024881268041079
C_MOVECOUNT:0.5
