ELO:988
CE_PASSEDPAWNS:0.551270477936595
CE_PAWNWEAKNESSES:0.39791206806982465
CE_PIECEACTIVITY:0.4012873578704155
CE_KINGPAWNSHIELD:0.5155378268503683
CE_PIECECOORDINATION:0.5268415735919456
CE_MATERIAL:0.46859637285950567
CE_KINGSAFETY:0.4836442635512621
C_PIECESQUARETABLES:0.5004007317933018
C_MOBILITY:0.5778119296210675
C_KINGSAFETY:0.6058775128356797
C_PAWNSTRUCTURE:0.480022602812645
C_PIECECOORDINATION:0.5346714264962121
C_ROOKANDPAWNMOVEMENT:0.5346714264962121
C_CENTERCONTROL:0.4962364579525237
C_DEVELOPPIECES:0.504384906415522
C_MATERIAL:0.5271011711980653
