ELO:972
CE_PASSEDPAWNS:0.46396095372274204
CE_PAWNWEAKNESSES:0.4588201708716226
CE_PIECEACTIVITY:0.4906411057887608
CE_KINGPAWNSHIELD:0.44592202648607393
CE_PIECECOORDINATION:0.4913360353374369
CE_MATERIAL:0.4998133805370015
CE_KINGSAFETY:0.4884599575582207
C_PIECESQUARETABLES:0.4990368122916004
C_MOBILITY:0.5196345946206684
C_KINGSAFETY:0.333825384749411
C_PAWNSTRUCTURE:0.4687821362550103
C_PIECECOORDINATION:0.5716204098346507
C_ROOKANDPAWNMOVEMENT:0.5716204098346507
C_CENTERCONTROL:0.5210432202263582
C_DEVELOPPIECES:0.4878436252490891
C_MATERIAL:0.501330497227867
