ELO:840
CE_PASSEDPAWNS:0.4568311630967558
CE_PAWNWEAKNESSES:0.4323857690701613
CE_PIECEACTIVITY:0.4360057944565516
CE_KINGPAWNSHIELD:0.4217100445689239
CE_PIECECOORDINATION:0.49408383810320233
CE_MATERIAL:0.5833714254574622
CE_KINGSAFETY:0.4302703679432687
C_PIECESQUARETABLES:0.522014936121431
C_MOBILITY:0.5541513167957861
C_KINGSAFETY:0.3406798223277777
C_PAWNSTRUCTURE:0.5661769100603248
C_PIECECOORDINATION:0.5426974890926867
C_ROOKANDPAWNMOVEMENT:0.5426974890926867
C_CENTERCONTROL:0.5027349982216939
C_DEVELOPPIECES:0.4639166858939416
C_MATERIAL:0.5257244936343466
