ELO:781
CE_PASSEDPAWNS:0.5205256583711546
CE_PAWNWEAKNESSES:0.4222750335823059
CE_PIECEACTIVITY:0.5522616163493665
CE_KINGPAWNSHIELD:0.5364857612113579
CE_PIECECOORDINATION:0.42427757569212926
CE_MATERIAL:0.39608653986550735
CE_KINGSAFETY:0.4935785735674218
C_PIECESQUARETABLES:0.4644322757734997
C_MOBILITY:0.5193065031335126
C_KINGSAFETY:0.4944659225508533
C_PAWNSTRUCTURE:0.4108679195083448
C_PIECECOORDINATION:0.5408152654982356
C_ROOKANDPAWNMOVEMENT:0.5408152654982356
C_CENTERCONTROL:0.4962345556210877
C_DEVELOPPIECES:0.5158546658407621
C_MATERIAL:0.4591880254412265
C_MOVECOUNT:0.5
