ELO:1000
CE_PASSEDPAWNS:0.4906515523540422
CE_PAWNWEAKNESSES:0.5015048855264139
CE_PIECEACTIVITY:0.44613981716192436
CE_KINGPAWNSHIELD:0.4937453195822494
CE_PIECECOORDINATION:0.4604153643522412
CE_MATERIAL:0.5016843828743239
CE_KINGSAFETY:0.4472038405208307
C_PIECESQUARETABLES:0.49907782763827957
C_MOBILITY:0.45071038553866377
C_KINGSAFETY:0.5368993943761396
C_PAWNSTRUCTURE:0.44442074793921166
C_PIECECOORDINATION:0.5094130791170345
C_ROOKANDPAWNMOVEMENT:0.5094130791170345
C_CENTERCONTROL:0.510573959885159
C_DEVELOPPIECES:0.48268249634796223
C_MATERIAL:0.4598044351750148
