ELO:1017
CE_PASSEDPAWNS:0.4930606491233163
CE_PAWNWEAKNESSES:0.49153747739782117
CE_PIECEACTIVITY:0.4890429631900268
CE_KINGPAWNSHIELD:0.5170938629885469
CE_PIECECOORDINATION:0.5127806643488982
CE_MATERIAL:0.5041618444279746
CE_KINGSAFETY:0.4796357505202576
C_PIECESQUARETABLES:0.5116660678347063
C_MOBILITY:0.4988921237330988
C_KINGSAFETY:0.48962993206593186
C_PAWNSTRUCTURE:0.48611940130445935
C_PIECECOORDINATION:0.507529528440565
C_ROOK:0.4922825441035227
CE_ROOK:0.47704330441299186
C_CENTERCONTROL:0.5218613973040136
C_DEVELOPPIECES:0.48811491152452813
C_MATERIAL:0.50017904772337
C_MOVECOUNT:0.5160966464623759
C_PAWNMOVEMENT:0.5013490251534575
