ELO:987
CE_PASSEDPAWNS:0.49771733994388706
CE_PAWNWEAKNESSES:0.5070295224989054
CE_PIECEACTIVITY:0.5287601681592358
CE_KINGPAWNSHIELD:0.444562463226917
CE_PIECECOORDINATION:0.48198623473084096
CE_MATERIAL:0.47471549401862834
CE_KINGSAFETY:0.5
C_PIECESQUARETABLES:0.49008247823830176
C_MOBILITY:0.4933360089520684
C_KINGSAFETY:0.5116868497594064
C_PAWNSTRUCTURE:0.48412695891234964
C_PIECECOORDINATION:0.5226155178413658
C_ROOK:0.4593354332879302
CE_ROOK:0.4908242390318528
C_CENTERCONTROL:0.4823101694904601
C_DEVELOPPIECES:0.46257167637646995
C_MATERIAL:0.5236980840975641
C_MOVECOUNT:0.4301731145270687
C_PAWNMOVEMENT:0.4578632382303157
