ELO:940
CE_PASSEDPAWNS:0.5161623333677199
CE_PAWNWEAKNESSES:0.5036986260049979
CE_PIECEACTIVITY:0.40535212848817403
CE_KINGPAWNSHIELD:0.4797789626987169
CE_PIECECOORDINATION:0.5159873336981972
CE_MATERIAL:0.576260563731589
CE_KINGSAFETY:0.4980707846122747
C_PIECESQUARETABLES:0.5030227660508738
C_MOBILITY:0.40546421740078864
C_KINGSAFETY:0.47462735280142787
C_PAWNSTRUCTURE:0.44912865069957814
C_PIECECOORDINATION:0.5269441516188376
C_ROOKANDPAWNMOVEMENT:0.5269441516188376
C_CENTERCONTROL:0.5048795401626834
C_DEVELOPPIECES:0.5282824663730216
C_MATERIAL:0.5842891863045884
