ELO:1000
CE_PASSEDPAWNS:0.488966181044162
CE_PAWNWEAKNESSES:0.5067864807266567
CE_PIECEACTIVITY:0.5
CE_KINGPAWNSHIELD:0.5
CE_PIECECOORDINATION:0.5048827736099695
CE_MATERIAL:0.4970839835317871
CE_KINGSAFETY:0.47742199090742926
C_PIECESQUARETABLES:0.4894675329991424
C_MOBILITY:0.5076333320353448
C_KINGSAFETY:0.4992201414186208
C_PAWNSTRUCTURE:0.492978935212267
C_PIECECOORDINATION:0.5097120774299173
C_ROOK:0.5130814578685717
CE_ROOK:0.4972476140623183
C_CENTERCONTROL:0.49174161712371234
C_DEVELOPPIECES:0.5
C_MATERIAL:0.4910421538075635
C_MOVECOUNT:0.5
C_PAWNMOVEMENT:0.5040748637039392
