ELO:914
CE_PASSEDPAWNS:0.48948270113610987
CE_PAWNWEAKNESSES:0.4265722384320703
CE_PIECEACTIVITY:0.4438779266318888
CE_KINGPAWNSHIELD:0.4021498926013149
CE_PIECECOORDINATION:0.47849923687859414
CE_MATERIAL:0.5258169101160497
CE_KINGSAFETY:0.4492785630884277
C_PIECESQUARETABLES:0.49196139047639686
C_MOBILITY:0.546034632694068
C_KINGSAFETY:0.3315742004166454
C_PAWNSTRUCTURE:0.559937740201688
C_PIECECOORDINATION:0.557404593835136
C_ROOKANDPAWNMOVEMENT:0.557404593835136
C_CENTERCONTROL:0.5130812573979113
C_DEVELOPPIECES:0.48762277370680474
C_MATERIAL:0.5096248320116238
