ELO:888
CE_PASSEDPAWNS:0.505724604084828
CE_PAWNWEAKNESSES:0.5035119039736761
CE_PIECEACTIVITY:0.5124823004565947
CE_KINGPAWNSHIELD:0.5070818926692464
CE_PIECECOORDINATION:0.45978821275669857
CE_MATERIAL:0.5259701039103215
CE_KINGSAFETY:0.5
C_PIECESQUARETABLES:0.4964861832040646
C_MOBILITY:0.5322196505383232
C_KINGSAFETY:0.5073998242523278
C_PAWNSTRUCTURE:0.5317003549129617
C_PIECECOORDINATION:0.5072402670932599
C_ROOKANDPAWNMOVEMENT:0.5072402670932599
C_CENTERCONTROL:0.49664191593201745
C_DEVELOPPIECES:0.5115154921063294
C_MATERIAL:0.4860886827480221
C_MOVECOUNT:0.5
