ELO:960
CE_PASSEDPAWNS:0.4964296822535609
CE_PAWNWEAKNESSES:0.488285081840994
CE_PIECEACTIVITY:0.5185045073212805
CE_KINGPAWNSHIELD:0.5066738573515891
CE_PIECECOORDINATION:0.49591092420628574
CE_MATERIAL:0.4979144872536027
CE_KINGSAFETY:0.49083071228114894
C_PIECESQUARETABLES:0.4812509823770869
C_MOBILITY:0.5003170322324417
C_KINGSAFETY:0.49404421487729006
C_PAWNSTRUCTURE:0.5045511461829472
C_PIECECOORDINATION:0.5060314312928574
C_ROOKANDPAWNMOVEMENT:0.5060314312928574
C_CENTERCONTROL:0.5032800360099998
C_DEVELOPPIECES:0.49196544820915417
C_MATERIAL:0.5024881268041079
C_MOVECOUNT:0.5
