ELO:965
CE_PASSEDPAWNS:0.4815376336715559
CE_PAWNWEAKNESSES:0.5180662697899773
CE_PIECEACTIVITY:0.43835113172723783
CE_KINGPAWNSHIELD:0.459011929661197
CE_PIECECOORDINATION:0.4882561861148043
CE_MATERIAL:0.529385489824361
CE_KINGSAFETY:0.4837912166526552
C_PIECESQUARETABLES:0.5041109913376024
C_MOBILITY:0.4065577072080065
C_KINGSAFETY:0.4721737644059267
C_PAWNSTRUCTURE:0.4857792427646263
C_PIECECOORDINATION:0.5234484960900708
C_ROOKANDPAWNMOVEMENT:0.5234484960900708
C_CENTERCONTROL:0.5410967956212792
C_DEVELOPPIECES:0.542655590329789
C_MATERIAL:0.5148499604788506
