ELO:1008
CE_PASSEDPAWNS:0.49771733994388706
CE_PAWNWEAKNESSES:0.48586349155810005
CE_PIECEACTIVITY:0.4537301018198262
CE_KINGPAWNSHIELD:0.5249550835608966
CE_PIECECOORDINATION:0.5054150739868447
CE_MATERIAL:0.5114859203706471
CE_KINGSAFETY:0.5
C_PIECESQUARETABLES:0.5
C_MOBILITY:0.4813271613564722
C_KINGSAFETY:0.4745022702053904
C_PAWNSTRUCTURE:0.4984238162774086
C_PIECECOORDINATION:0.5304542664900367
C_ROOK:0.5178986728585836
CE_ROOK:0.49568208707785216
C_CENTERCONTROL:0.47258234708224234
C_DEVELOPPIECES:0.48848286687289516
C_MATERIAL:0.4893926640072716
C_MOVECOUNT:0.4701640049785616
C_PAWNMOVEMENT:0.501825826357947
