ELO:1000
CE_PASSEDPAWNS:0.5049784368576117
CE_PAWNWEAKNESSES:0.48909663237599554
CE_PIECEACTIVITY:0.4934845050411069
CE_KINGPAWNSHIELD:0.49309412808792186
CE_PIECECOORDINATION:0.4810215536312299
CE_MATERIAL:0.48170757648522233
CE_KINGSAFETY:0.45697529082181887
C_PIECESQUARETABLES:0.4835868412373345
C_MOBILITY:0.46932455595507494
C_KINGSAFETY:0.5455577499801986
C_PAWNSTRUCTURE:0.45913627083994035
C_PIECECOORDINATION:0.5266692164019326
C_ROOKANDPAWNMOVEMENT:0.5266692164019326
C_CENTERCONTROL:0.5069262511219222
C_DEVELOPPIECES:0.4842473581743953
C_MATERIAL:0.47156421745936755
