ELO:959
CE_PASSEDPAWNS:0.5348595743679935
CE_PAWNWEAKNESSES:0.5253508639695222
CE_PIECEACTIVITY:0.5411189680983611
CE_KINGPAWNSHIELD:0.4596052584950482
CE_PIECECOORDINATION:0.4877138077772046
CE_MATERIAL:0.5048468521000679
CE_KINGSAFETY:0.5
C_PIECESQUARETABLES:0.49870405077042285
C_MOBILITY:0.4443485620455522
C_KINGSAFETY:0.5010051048178367
C_PAWNSTRUCTURE:0.4888461959390988
C_PIECECOORDINATION:0.5005840417775448
C_ROOK:0.5108768561517943
CE_ROOK:0.4771034340606765
C_CENTERCONTROL:0.5167203567252895
C_DEVELOPPIECES:0.5062075946069686
C_MATERIAL:0.5564588301946396
C_MOVECOUNT:0.48578069848748656
C_PAWNMOVEMENT:0.4759792623181466
