ELO:874
CE_PASSEDPAWNS:0.4666557898489135
CE_PAWNWEAKNESSES:0.4452447202640423
CE_PIECEACTIVITY:0.4401207654443499
CE_KINGPAWNSHIELD:0.41385924875873703
CE_PIECECOORDINATION:0.5027586157812521
CE_MATERIAL:0.5686539510872181
CE_KINGSAFETY:0.4451312507895764
C_PIECESQUARETABLES:0.522014936121431
C_MOBILITY:0.552756783706834
C_KINGSAFETY:0.3488531995940886
C_PAWNSTRUCTURE:0.5690493605582021
C_PIECECOORDINATION:0.5577962442224674
C_ROOKANDPAWNMOVEMENT:0.5577962442224674
C_CENTERCONTROL:0.5008701783183972
C_DEVELOPPIECES:0.4639166858939416
C_MATERIAL:0.5230997993104552
