ELO:1000
CE_PASSEDPAWNS:0.47667631192996196
CE_PAWNWEAKNESSES:0.4979919371482847
CE_PIECEACTIVITY:0.5069913441622174
CE_KINGPAWNSHIELD:0.4858168146380156
CE_PIECECOORDINATION:0.4975381281176758
CE_MATERIAL:0.49457662580584927
CE_KINGSAFETY:0.4782946976372468
C_PIECESQUARETABLES:0.4977243994452779
C_MOBILITY:0.49017019702035763
C_KINGSAFETY:0.5298072004168917
C_PAWNSTRUCTURE:0.4621716039436115
C_PIECECOORDINATION:0.523167213775478
C_ROOKANDPAWNMOVEMENT:0.523167213775478
C_CENTERCONTROL:0.49646190054419664
C_DEVELOPPIECES:0.5024095367321829
C_MATERIAL:0.49272689347466286
