ELO:897
CE_PASSEDPAWNS:0.5123528247433163
CE_PAWNWEAKNESSES:0.5275406074058876
CE_PIECEACTIVITY:0.42410752330209867
CE_KINGPAWNSHIELD:0.4804512706338381
CE_PIECECOORDINATION:0.5951333674699167
CE_MATERIAL:0.6316807348339656
CE_KINGSAFETY:0.5063707553887793
C_PIECESQUARETABLES:0.41876651755893063
C_MOBILITY:0.3371484795386272
C_KINGSAFETY:0.49068094440823873
C_PAWNSTRUCTURE:0.454413018348356
C_PIECECOORDINATION:0.583215951252154
C_ROOKANDPAWNMOVEMENT:0.583215951252154
C_CENTERCONTROL:0.456537979740859
C_DEVELOPPIECES:0.5483867007348832
C_MATERIAL:0.6239368601472882
