ELO:989
CE_PASSEDPAWNS:0.5208333995582515
CE_PAWNWEAKNESSES:0.5
CE_PIECEACTIVITY:0.4887569604193323
CE_KINGPAWNSHIELD:0.49818841841937833
CE_PIECECOORDINATION:0.5013798084442974
CE_MATERIAL:0.4895679011208996
CE_KINGSAFETY:0.5
C_PIECESQUARETABLES:0.49071286922056334
C_MOBILITY:0.5075503542204364
C_KINGSAFETY:0.4985863289268983
C_PAWNSTRUCTURE:0.4943989733675678
C_PIECECOORDINATION:0.5054573987268263
C_ROOKANDPAWNMOVEMENT:0.5054573987268263
C_CENTERCONTROL:0.4999135828653697
C_DEVELOPPIECES:0.5125243048592004
C_MATERIAL:0.5023005135887519
C_MOVECOUNT:0.5107884925615035
