ELO:678
CE_PASSEDPAWNS:0.5408716392369312
CE_PAWNWEAKNESSES:0.40532219820760895
CE_PIECEACTIVITY:0.5914852073783968
CE_KINGPAWNSHIELD:0.5236671942277239
CE_PIECECOORDINATION:0.45288957368894167
CE_MATERIAL:0.37299635118944935
CE_KINGSAFETY:0.47685536848827126
C_PIECESQUARETABLES:0.4659157164456787
C_MOBILITY:0.5183179237198441
C_KINGSAFETY:0.49012263647825693
C_PAWNSTRUCTURE:0.4404139464511004
C_PIECECOORDINATION:0.5612328642374398
C_ROOKANDPAWNMOVEMENT:0.5612328642374398
C_CENTERCONTROL:0.49390064150649987
C_DEVELOPPIECES:0.4961481373639104
C_MATERIAL:0.4492604476785169
C_MOVECOUNT:0.5
