ELO:951
CE_PASSEDPAWNS:0.47738875959916943
CE_PAWNWEAKNESSES:0.4621350001765906
CE_PIECEACTIVITY:0.5109815327817092
CE_KINGPAWNSHIELD:0.4992609048960495
CE_PIECECOORDINATION:0.4878961181204177
CE_MATERIAL:0.5021958744854891
CE_KINGSAFETY:0.5
C_PIECESQUARETABLES:0.5
C_MOBILITY:0.5090678574956113
C_KINGSAFETY:0.5098257419668699
C_PAWNSTRUCTURE:0.46363627000335117
C_PIECECOORDINATION:0.5097915219078165
C_ROOK:0.4829019652682494
CE_ROOK:0.4878798024627272
C_CENTERCONTROL:0.4729740523012143
C_DEVELOPPIECES:0.4914740719729739
C_MATERIAL:0.5351155191997318
C_MOVECOUNT:0.500602818450841
C_PAWNMOVEMENT:0.47755507828642346
