ELO:896
CE_PASSEDPAWNS:0.48980855450312083
CE_PAWNWEAKNESSES:0.4548356411681078
CE_PIECEACTIVITY:0.506482307164228
CE_KINGPAWNSHIELD:0.5254357809009886
CE_PIECECOORDINATION:0.5163268431399547
CE_MATERIAL:0.4984909607556737
CE_KINGSAFETY:0.49914456124526896
C_PIECESQUARETABLES:0.5023422563865112
C_MOBILITY:0.48568642262912715
C_KINGSAFETY:0.4070095621429854
C_PAWNSTRUCTURE:0.4544671850724574
C_PIECECOORDINATION:0.506207615068236
C_ROOKANDPAWNMOVEMENT:0.506207615068236
C_CENTERCONTROL:0.511294280198873
C_DEVELOPPIECES:0.551249524233334
C_MATERIAL:0.5227661648308966
C_MOVECOUNT:0.4998218211354398
