ELO:903
CE_PASSEDPAWNS:0.47580368358902725
CE_PAWNWEAKNESSES:0.45816573673300637
CE_PIECEACTIVITY:0.5345016412857401
CE_KINGPAWNSHIELD:0.5116031566890948
CE_PIECECOORDINATION:0.5082462563731012
CE_MATERIAL:0.4755450823355254
CE_KINGSAFETY:0.5020388307578018
C_PIECESQUARETABLES:0.5469798978498701
C_MOBILITY:0.5359949187456564
C_KINGSAFETY:0.5230148554180393
C_PAWNSTRUCTURE:0.5203162774571982
C_PIECECOORDINATION:0.5386847265805901
C_ROOKANDPAWNMOVEMENT:0.5386847265805901
C_CENTERCONTROL:0.5085781183187127
C_DEVELOPPIECES:0.5368118726042275
C_MATERIAL:0.510928964488492
C_MOVECOUNT:0.43497207014404443
