ELO:955
CE_PASSEDPAWNS:0.47342155908345634
CE_PAWNWEAKNESSES:0.4843539486728734
CE_PIECEACTIVITY:0.5008710776230656
CE_KINGPAWNSHIELD:0.4644287170484115
CE_PIECECOORDINATION:0.482673631551595
CE_MATERIAL:0.48604646353627073
CE_KINGSAFETY:0.5
C_PIECESQUARETABLES:0.5
C_MOBILITY:0.49188703350667523
C_KINGSAFETY:0.5132089091510749
C_PAWNSTRUCTURE:0.45631261641977877
C_PIECECOORDINATION:0.5162817465785002
C_ROOK:0.49192301503939256
CE_ROOK:0.4759214876456734
C_CENTERCONTROL:0.47699152365001585
C_DEVELOPPIECES:0.46975404843917756
C_MATERIAL:0.5424525415039791
C_MOVECOUNT:0.500602818450841
C_PAWNMOVEMENT:0.4759792623181466
