ELO:910
CE_PASSEDPAWNS:0.4454751575557205
CE_PAWNWEAKNESSES:0.46167466621890335
CE_PIECEACTIVITY:0.4692870632451153
CE_KINGPAWNSHIELD:0.4365453754184668
CE_PIECECOORDINATION:0.4672844002315322
CE_MATERIAL:0.5284460309674773
CE_KINGSAFETY:0.486197689643418
C_PIECESQUARETABLES:0.504379658376501
C_MOBILITY:0.5908433677825031
C_KINGSAFETY:0.3374021203613398
C_PAWNSTRUCTURE:0.5537588144234187
C_PIECECOORDINATION:0.5542370745559918
C_ROOKANDPAWNMOVEMENT:0.5542370745559918
C_CENTERCONTROL:0.5065311559136872
C_DEVELOPPIECES:0.439849105457509
C_MATERIAL:0.5069685369309682
