ELO:862
CE_PASSEDPAWNS:0.47832603265325524
CE_PAWNWEAKNESSES:0.5746298456381616
CE_PIECEACTIVITY:0.5282913039297168
CE_KINGPAWNSHIELD:0.5768084073893094
CE_PIECECOORDINATION:0.5684527885058842
CE_MATERIAL:0.5522018637637578
CE_KINGSAFETY:0.5080469980622635
C_PIECESQUARETABLES:0.5163633547520128
C_MOBILITY:0.4585560525473716
C_KINGSAFETY:0.48539302328333156
C_PAWNSTRUCTURE:0.4940368611959627
C_PIECECOORDINATION:0.3600566710718481
C_ROOKANDPAWNMOVEMENT:0.3600566710718481
C_CENTERCONTROL:0.4916793921459896
C_DEVELOPPIECES:0.471365784797519
C_MATERIAL:0.5473549125324799
