ELO:938
CE_PASSEDPAWNS:0.49146410993703227
CE_PAWNWEAKNESSES:0.43878126678441665
CE_PIECEACTIVITY:0.5155108180723589
CE_KINGPAWNSHIELD:0.5368512628753491
CE_PIECECOORDINATION:0.5301923784313698
CE_MATERIAL:0.434881504162164
CE_KINGSAFETY:0.5022814208193619
C_PIECESQUARETABLES:0.5081946529970232
C_MOBILITY:0.4741191929559168
C_KINGSAFETY:0.3988269485268673
C_PAWNSTRUCTURE:0.4647148293802708
C_PIECECOORDINATION:0.5050456962052837
C_ROOKANDPAWNMOVEMENT:0.5050456962052837
C_CENTERCONTROL:0.4810484705168824
C_DEVELOPPIECES:0.5543694478978254
C_MATERIAL:0.4476360378902479
C_MOVECOUNT:0.49832933792043926
