ELO:1010
CE_PASSEDPAWNS:0.5
CE_PAWNWEAKNESSES:0.5040394173897335
CE_PIECEACTIVITY:0.5
CE_KINGPAWNSHIELD:0.5033228334225499
CE_PIECECOORDINATION:0.4892477157490865
CE_MATERIAL:0.49910319349396143
CE_KINGSAFETY:0.5
C_PIECESQUARETABLES:0.5
C_MOBILITY:0.5084961451642582
C_KINGSAFETY:0.5
C_PAWNSTRUCTURE:0.5095755460057702
C_PIECECOORDINATION:0.4802897557790784
C_ROOKANDPAWNMOVEMENT:0.4802897557790784
C_CENTERCONTROL:0.504899391189381
C_DEVELOPPIECES:0.5
C_MATERIAL:0.51240940986423
C_MOVECOUNT:0.5
