ELO:1034
CE_PASSEDPAWNS:0.4517168292161211
CE_PAWNWEAKNESSES:0.42326222339584574
CE_PIECEACTIVITY:0.44527536166687953
CE_KINGPAWNSHIELD:0.46865639744945076
CE_PIECECOORDINATION:0.52708070904453
CE_MATERIAL:0.48285403765495655
CE_KINGSAFETY:0.5520873708012701
C_PIECESQUARETABLES:0.5
C_MOBILITY:0.5025309136404624
C_KINGSAFETY:0.5714049072828421
C_PAWNSTRUCTURE:0.5213888758850086
C_PIECECOORDINATION:0.5375902947935126
C_ROOKANDPAWNMOVEMENT:0.5375902947935126
C_CENTERCONTROL:0.4981376547841633
C_DEVELOPPIECES:0.5383789246600317
C_MATERIAL:0.6477653485198398
