ELO:974
CE_PASSEDPAWNS:0.4889422818954287
CE_PAWNWEAKNESSES:0.4981562352558114
CE_PIECEACTIVITY:0.5277477103636709
CE_KINGPAWNSHIELD:0.49382093765747337
CE_PIECECOORDINATION:0.49750216125385066
CE_MATERIAL:0.5090038650517028
CE_KINGSAFETY:0.5114469721737487
C_PIECESQUARETABLES:0.5
C_MOBILITY:0.498915301212734
C_KINGSAFETY:0.5015158384949598
C_PAWNSTRUCTURE:0.5126422704736172
C_PIECECOORDINATION:0.5100286182280335
C_ROOKANDPAWNMOVEMENT:0.5100286182280335
C_CENTERCONTROL:0.507577652744166
C_DEVELOPPIECES:0.5073802631125137
C_MATERIAL:0.5108180673887417
C_MOVECOUNT:0.5115640348617524
