ELO:989
CE_PASSEDPAWNS:0.5443426170402736
CE_PAWNWEAKNESSES:0.4155784670716098
CE_PIECEACTIVITY:0.5030776477247667
CE_KINGPAWNSHIELD:0.47230381130560684
CE_PIECECOORDINATION:0.47163222939423377
CE_MATERIAL:0.5134624149190306
CE_KINGSAFETY:0.4794386860117239
C_PIECESQUARETABLES:0.5160422302410117
C_MOBILITY:0.554180038247414
C_KINGSAFETY:0.4827678102519029
C_PAWNSTRUCTURE:0.477273583562097
C_PIECECOORDINATION:0.5420229992774747
C_ROOKANDPAWNMOVEMENT:0.5420229992774747
C_CENTERCONTROL:0.5056022300302748
C_DEVELOPPIECES:0.5080565331373207
C_MATERIAL:0.5244552363152423
