ELO:1005
CE_PASSEDPAWNS:0.5113549528892484
CE_PAWNWEAKNESSES:0.49412639960963517
CE_PIECEACTIVITY:0.4798696374368844
CE_KINGPAWNSHIELD:0.47185190882563505
CE_PIECECOORDINATION:0.507527815729606
CE_MATERIAL:0.5000681605711824
CE_KINGSAFETY:0.5
C_PIECESQUARETABLES:0.4904244455000677
C_MOBILITY:0.5109796522009409
C_KINGSAFETY:0.503810550927579
C_PAWNSTRUCTURE:0.5101709430381982
C_PIECECOORDINATION:0.5118206602578352
C_ROOKANDPAWNMOVEMENT:0.5118206602578352
C_CENTERCONTROL:0.5018969843623715
C_DEVELOPPIECES:0.5007254505205315
C_MATERIAL:0.5
C_MOVECOUNT:0.5127355789803764
