ELO:1011
CE_PASSEDPAWNS:0.5136757612393501
CE_PAWNWEAKNESSES:0.41979358759630925
CE_PIECEACTIVITY:0.5080500086574431
CE_KINGPAWNSHIELD:0.4781820110423452
CE_PIECECOORDINATION:0.4852838235181176
CE_MATERIAL:0.5190310174898468
CE_KINGSAFETY:0.48667178348811324
C_PIECESQUARETABLES:0.5060757704486644
C_MOBILITY:0.5357336886617733
C_KINGSAFETY:0.48738686711352286
C_PAWNSTRUCTURE:0.4733285599348718
C_PIECECOORDINATION:0.5251049660163082
C_ROOKANDPAWNMOVEMENT:0.5251049660163082
C_CENTERCONTROL:0.49150216895044296
C_DEVELOPPIECES:0.4996173131985312
C_MATERIAL:0.5114870926041728
