ELO:982
CE_PASSEDPAWNS:0.5064618843046967
CE_PAWNWEAKNESSES:0.4924515532069819
CE_PIECEACTIVITY:0.47708195164999834
CE_KINGPAWNSHIELD:0.48756141687077187
CE_PIECECOORDINATION:0.49081168207468484
CE_MATERIAL:0.49906422527672684
CE_KINGSAFETY:0.4895314344123256
C_PIECESQUARETABLES:0.49883237581447387
C_MOBILITY:0.5147478361821786
C_KINGSAFETY:0.4963459645567147
C_PAWNSTRUCTURE:0.4895663260108461
C_PIECECOORDINATION:0.4711240160866404
C_ROOKANDPAWNMOVEMENT:0.4711240160866404
C_CENTERCONTROL:0.5324292417416993
C_DEVELOPPIECES:0.5
C_MATERIAL:0.5026249422115809
