ELO:992
CE_PASSEDPAWNS:0.5
CE_PAWNWEAKNESSES:0.48807111483303395
CE_PIECEACTIVITY:0.5
CE_KINGPAWNSHIELD:0.5062236736741306
CE_PIECECOORDINATION:0.4916610946830515
CE_MATERIAL:0.4880606848403743
CE_KINGSAFETY:0.5026070719912474
C_PIECESQUARETABLES:0.5
C_MOBILITY:0.5310838692710778
C_KINGSAFETY:0.5147370515698617
C_PAWNSTRUCTURE:0.5145774420351297
C_PIECECOORDINATION:0.48099116730305036
C_ROOKANDPAWNMOVEMENT:0.48099116730305036
C_CENTERCONTROL:0.5
C_DEVELOPPIECES:0.5138927761202242
C_MATERIAL:0.5108310096554242
C_MOVECOUNT:0.4954189662580906
