ELO:911
CE_PASSEDPAWNS:0.47974199880444296
CE_PAWNWEAKNESSES:0.5015799141356767
CE_PIECEACTIVITY:0.5033323571703885
CE_KINGPAWNSHIELD:0.5352377044842037
CE_PIECECOORDINATION:0.49398471128575544
CE_MATERIAL:0.4830355573758642
CE_KINGSAFETY:0.4957680006878243
C_PIECESQUARETABLES:0.5184616820223754
C_MOBILITY:0.5193381996256454
C_KINGSAFETY:0.49080240604011727
C_PAWNSTRUCTURE:0.5054656288419811
C_PIECECOORDINATION:0.5042449439164476
C_ROOKANDPAWNMOVEMENT:0.5042449439164476
C_CENTERCONTROL:0.509924996797701
C_DEVELOPPIECES:0.49117092844305077
C_MATERIAL:0.49544359026356355
C_MOVECOUNT:0.4572268286813578
