ELO:986
CE_PASSEDPAWNS:0.4761012612347995
CE_PAWNWEAKNESSES:0.470053269148108
CE_PIECEACTIVITY:0.4313343938217051
CE_KINGPAWNSHIELD:0.474192124743113
CE_PIECECOORDINATION:0.48449379457537245
CE_MATERIAL:0.49149735723192917
CE_KINGSAFETY:0.49619831915963436
C_PIECESQUARETABLES:0.5146623790643975
C_MOBILITY:0.4182404777626988
C_KINGSAFETY:0.5060492255117142
C_PAWNSTRUCTURE:0.48885627994420733
C_PIECECOORDINATION:0.5236384010992692
C_ROOKANDPAWNMOVEMENT:0.5236384010992692
C_CENTERCONTROL:0.5229997254272888
C_DEVELOPPIECES:0.49538498837039097
C_MATERIAL:0.5115207929071494
