ELO:1036
CE_PASSEDPAWNS:0.49252832573148697
CE_PAWNWEAKNESSES:0.4814907870789716
CE_PIECEACTIVITY:0.504840509805144
CE_KINGPAWNSHIELD:0.5092371208598846
CE_PIECECOORDINATION:0.5075365806861021
CE_MATERIAL:0.5
CE_KINGSAFETY:0.5
C_PIECESQUARETABLES:0.5
C_MOBILITY:0.5
C_KINGSAFETY:0.5049700016672378
C_PAWNSTRUCTURE:0.5
C_PIECECOORDINATION:0.5110920784006526
C_ROOK:0.5003972453986638
CE_ROOK:0.48948146807984905
C_CENTERCONTROL:0.5
C_DEVELOPPIECES:0.5
C_MATERIAL:0.5128014050847955
C_MOVECOUNT:0.49181151571208087
C_PAWNMOVEMENT:0.4980079668964463
