ELO:1000
CE_PASSEDPAWNS:0.49749108420690696
CE_PAWNWEAKNESSES:0.501201341684632
CE_PIECEACTIVITY:0.4621939996176184
CE_KINGPAWNSHIELD:0.4913232712153579
CE_PIECECOORDINATION:0.45152124657706477
CE_MATERIAL:0.5096579265113157
CE_KINGSAFETY:0.45221271219998627
C_PIECESQUARETABLES:0.4916463182805735
C_MOBILITY:0.4201934404859092
C_KINGSAFETY:0.5348430826880405
C_PAWNSTRUCTURE:0.4935300914778006
C_PIECECOORDINATION:0.5112680551770687
C_ROOKANDPAWNMOVEMENT:0.5112680551770687
C_CENTERCONTROL:0.5379610726630224
C_DEVELOPPIECES:0.48522483471602357
C_MATERIAL:0.45998221293684566
