ELO:1026
CE_PASSEDPAWNS:0.5015200662682089
CE_PAWNWEAKNESSES:0.40071414213985684
CE_PIECEACTIVITY:0.5148637375656662
CE_KINGPAWNSHIELD:0.4490064376454872
CE_PIECECOORDINATION:0.52708070904453
CE_MATERIAL:0.4805851636453582
CE_KINGSAFETY:0.4836442635512621
C_PIECESQUARETABLES:0.4533519587494254
C_MOBILITY:0.5025309136404624
C_KINGSAFETY:0.3948765310991503
C_PAWNSTRUCTURE:0.49124294705892413
C_PIECECOORDINATION:0.41684552574854494
C_ROOKANDPAWNMOVEMENT:0.41684552574854494
C_CENTERCONTROL:0.48280299332189747
C_DEVELOPPIECES:0.44484160398557765
C_MATERIAL:0.630760854865
