ELO:879
CE_PASSEDPAWNS:0.46239850248447834
CE_PAWNWEAKNESSES:0.47031279511334667
CE_PIECEACTIVITY:0.5106013027088054
CE_KINGPAWNSHIELD:0.500557458920257
CE_PIECECOORDINATION:0.4867373329984485
CE_MATERIAL:0.47729190773398783
CE_KINGSAFETY:0.5006820969200391
C_PIECESQUARETABLES:0.4830782142607835
C_MOBILITY:0.4820383792484032
C_KINGSAFETY:0.5155845887112868
C_PAWNSTRUCTURE:0.5240873058273938
C_PIECECOORDINATION:0.48803029847635104
C_ROOKANDPAWNMOVEMENT:0.48803029847635104
C_CENTERCONTROL:0.4735312777270187
C_DEVELOPPIECES:0.5212543366299699
C_MATERIAL:0.48445348080904693
C_MOVECOUNT:0.5
