ELO:976
CE_PASSEDPAWNS:0.5179591658070092
CE_PAWNWEAKNESSES:0.49219761117641214
CE_PIECEACTIVITY:0.5263483482815364
CE_KINGPAWNSHIELD:0.5091062708330787
CE_PIECECOORDINATION:0.45249071943723423
CE_MATERIAL:0.49549722809310326
CE_KINGSAFETY:0.5
C_PIECESQUARETABLES:0.5
C_MOBILITY:0.4915683261473082
C_KINGSAFETY:0.4957159129901899
C_PAWNSTRUCTURE:0.48420067225489744
C_PIECECOORDINATION:0.5020411358461335
C_ROOK:0.482314502035044
CE_ROOK:0.536552208764063
C_CENTERCONTROL:0.5172917720494082
C_DEVELOPPIECES:0.49436532366477515
C_MATERIAL:0.5323491725086331
C_MOVECOUNT:0.5004344972583114
C_PAWNMOVEMENT:0.48888663680470384
