ELO:790
CE_PASSEDPAWNS:0.4505078111049813
CE_PAWNWEAKNESSES:0.4869155134433753
CE_PIECEACTIVITY:0.49206163635504335
CE_KINGPAWNSHIELD:0.5200803567705364
CE_PIECECOORDINATION:0.472594790368979
CE_MATERIAL:0.48043264967165117
CE_KINGSAFETY:0.4961749768478717
C_PIECESQUARETABLES:0.49657934649733865
C_MOBILITY:0.47321963572656667
C_KINGSAFETY:0.5250978233919879
C_PAWNSTRUCTURE:0.5562303639331729
C_PIECECOORDINATION:0.49394401216056
C_ROOKANDPAWNMOVEMENT:0.49394401216056
C_CENTERCONTROL:0.4899027826806199
C_DEVELOPPIECES:0.49145152759129457
C_MATERIAL:0.481092772450232
C_MOVECOUNT:0.5
