ELO:942
CE_PASSEDPAWNS:0.5173039882225121
CE_PAWNWEAKNESSES:0.5294652487663054
CE_PIECEACTIVITY:0.48984685350590923
CE_KINGPAWNSHIELD:0.5251262944641758
CE_PIECECOORDINATION:0.5000300742530535
CE_MATERIAL:0.508638154764361
CE_KINGSAFETY:0.5190985432032227
C_PIECESQUARETABLES:0.4951614125039038
C_MOBILITY:0.5424492027712913
C_KINGSAFETY:0.525891636110569
C_PAWNSTRUCTURE:0.536089570132331
C_PIECECOORDINATION:0.5125035038159753
C_ROOKANDPAWNMOVEMENT:0.5125035038159753
C_CENTERCONTROL:0.5070715689723613
C_DEVELOPPIECES:0.47044111130094995
C_MATERIAL:0.4700481287633386
C_MOVECOUNT:0.5
