ELO:1000
CE_PASSEDPAWNS:0.5025407594334795
CE_PAWNWEAKNESSES:0.46752268172566525
CE_PIECEACTIVITY:0.5001391861944724
CE_KINGPAWNSHIELD:0.4869085019157985
CE_PIECECOORDINATION:0.517623458763594
CE_MATERIAL:0.5083849002237335
CE_KINGSAFETY:0.5
C_PIECESQUARETABLES:0.49978833210962154
C_MOBILITY:0.5196949213369169
C_KINGSAFETY:0.5373556120278569
C_PAWNSTRUCTURE:0.5023860829338849
C_PIECECOORDINATION:0.5191898045780988
C_ROOKANDPAWNMOVEMENT:0.5191898045780988
C_CENTERCONTROL:0.4982501347875093
C_DEVELOPPIECES:0.5224090053731265
C_MATERIAL:0.5041642876671508
