ELO:980
CE_PASSEDPAWNS:0.4794109163816798
CE_PAWNWEAKNESSES:0.5027390947906231
CE_PIECEACTIVITY:0.4381246777811075
CE_KINGPAWNSHIELD:0.4535685928168893
CE_PIECECOORDINATION:0.4783461139089491
CE_MATERIAL:0.5391123287978925
CE_KINGSAFETY:0.4866421316764763
C_PIECESQUARETABLES:0.5008912967150045
C_MOBILITY:0.4278536172060073
C_KINGSAFETY:0.4555108660623193
C_PAWNSTRUCTURE:0.48389543941662205
C_PIECECOORDINATION:0.5298390654103841
C_ROOKANDPAWNMOVEMENT:0.5298390654103841
C_CENTERCONTROL:0.5289265865551326
C_DEVELOPPIECES:0.5458398995826396
C_MATERIAL:0.5193966480458331
