ELO:910
CE_PASSEDPAWNS:0.46522125268140224
CE_PAWNWEAKNESSES:0.5279226645199999
CE_PIECEACTIVITY:0.48918933208394894
CE_KINGPAWNSHIELD:0.5508866982540352
CE_PIECECOORDINATION:0.4772301312950065
CE_MATERIAL:0.5491935272571655
CE_KINGSAFETY:0.516297820065814
C_PIECESQUARETABLES:0.5310796702042905
C_MOBILITY:0.5654015614240155
C_KINGSAFETY:0.3676853329941529
C_PAWNSTRUCTURE:0.4801984433323284
C_PIECECOORDINATION:0.43196378623343773
C_ROOKANDPAWNMOVEMENT:0.43196378623343773
C_CENTERCONTROL:0.5497402093577607
C_DEVELOPPIECES:0.4323435596714911
C_MATERIAL:0.4369187724337023
