ELO:965
CE_PASSEDPAWNS:0.4400012882930767
CE_PAWNWEAKNESSES:0.5279321857738786
CE_PIECEACTIVITY:0.48132345785480274
CE_KINGPAWNSHIELD:0.5348997860490279
CE_PIECECOORDINATION:0.48394542800291934
CE_MATERIAL:0.4780511785341778
CE_KINGSAFETY:0.47527936116008485
C_PIECESQUARETABLES:0.5176000456670214
C_MOBILITY:0.5173119743843951
C_KINGSAFETY:0.5182037069687536
C_PAWNSTRUCTURE:0.4467750553125376
C_PIECECOORDINATION:0.4989718723098263
C_ROOKANDPAWNMOVEMENT:0.4989718723098263
C_CENTERCONTROL:0.47812283099912645
C_DEVELOPPIECES:0.43944405448287577
C_MATERIAL:0.45613166523713516
