ELO:925
CE_PASSEDPAWNS:0.4701218283272056
CE_PAWNWEAKNESSES:0.5133122712024442
CE_PIECEACTIVITY:0.46211111518812403
CE_KINGPAWNSHIELD:0.5372517867921821
CE_PIECECOORDINATION:0.5315935867016441
CE_MATERIAL:0.46686832255240407
CE_KINGSAFETY:0.5182571312580756
C_PIECESQUARETABLES:0.49747217357024426
C_MOBILITY:0.5625632669198195
C_KINGSAFETY:0.38110161233808265
C_PAWNSTRUCTURE:0.4778369717604184
C_PIECECOORDINATION:0.42262405922990626
C_ROOKANDPAWNMOVEMENT:0.42262405922990626
C_CENTERCONTROL:0.5356552327652458
C_DEVELOPPIECES:0.4242151766555762
C_MATERIAL:0.46817081351709866
