ELO:948
CE_PASSEDPAWNS:0.48825660548835037
CE_PAWNWEAKNESSES:0.4993225737557168
CE_PIECEACTIVITY:0.4795551495294007
CE_KINGPAWNSHIELD:0.47566399460158665
CE_PIECECOORDINATION:0.4884204791635607
CE_MATERIAL:0.515072987845809
CE_KINGSAFETY:0.506288564561276
C_PIECESQUARETABLES:0.499107732881588
C_MOBILITY:0.48521855216026194
C_KINGSAFETY:0.4927764257452435
C_PAWNSTRUCTURE:0.5064154815271663
C_PIECECOORDINATION:0.4820070075619213
C_ROOK:0.5156629134377803
CE_ROOK:0.514798660130512
C_CENTERCONTROL:0.49863996378040626
C_DEVELOPPIECES:0.4681731019416272
C_MATERIAL:0.5034321010384166
C_MOVECOUNT:0.4795132072128874
C_PAWNMOVEMENT:0.5057602313442339
