ELO:972
CE_PASSEDPAWNS:0.42186428833468687
CE_PAWNWEAKNESSES:0.5315908925406514
CE_PIECEACTIVITY:0.5116670616883949
CE_KINGPAWNSHIELD:0.5336974932342233
CE_PIECECOORDINATION:0.48251544475833397
CE_MATERIAL:0.49620348445567874
CE_KINGSAFETY:0.5005985322787382
C_PIECESQUARETABLES:0.5178637804230208
C_MOBILITY:0.49963206166196455
C_KINGSAFETY:0.516595394781285
C_PAWNSTRUCTURE:0.4541956627875427
C_PIECECOORDINATION:0.5016896017909406
C_ROOKANDPAWNMOVEMENT:0.5016896017909406
C_CENTERCONTROL:0.47292005172250756
C_DEVELOPPIECES:0.45620695549970297
C_MATERIAL:0.48360887977217487
