ELO:979
CE_PASSEDPAWNS:0.5
CE_PAWNWEAKNESSES:0.48614199816588644
CE_PIECEACTIVITY:0.47817884560413276
CE_KINGPAWNSHIELD:0.5
CE_PIECECOORDINATION:0.4997091442927707
CE_MATERIAL:0.4991612537414187
CE_KINGSAFETY:0.5082427764011407
C_PIECESQUARETABLES:0.5117206957148447
C_MOBILITY:0.5
C_KINGSAFETY:0.4711772188547655
C_PAWNSTRUCTURE:0.49091050283722565
C_PIECECOORDINATION:0.49407077970347035
C_ROOKANDPAWNMOVEMENT:0.49407077970347035
C_CENTERCONTROL:0.48341735494626803
C_DEVELOPPIECES:0.5
C_MATERIAL:0.49416954033465205
C_MOVECOUNT:0.5
