ELO:974
CE_PASSEDPAWNS:0.4765673823639643
CE_PAWNWEAKNESSES:0.46892233704177366
CE_PIECEACTIVITY:0.5
CE_KINGPAWNSHIELD:0.5051295901911345
CE_PIECECOORDINATION:0.4979206629627091
CE_MATERIAL:0.49317511317092566
CE_KINGSAFETY:0.4925579919933739
C_PIECESQUARETABLES:0.5038735279578037
C_MOBILITY:0.5
C_KINGSAFETY:0.48213155021594484
C_PAWNSTRUCTURE:0.49387012977628897
C_PIECECOORDINATION:0.4968094094943847
C_ROOKANDPAWNMOVEMENT:0.4968094094943847
C_CENTERCONTROL:0.510118913097763
C_DEVELOPPIECES:0.5151177884133493
C_MATERIAL:0.5115560089935229
