ELO:981
CE_PASSEDPAWNS:0.4919850115652386
CE_PAWNWEAKNESSES:0.4788769627909931
CE_PIECEACTIVITY:0.5234884887920456
CE_KINGPAWNSHIELD:0.5720695670171655
CE_PIECECOORDINATION:0.5763683910114178
CE_MATERIAL:0.4787900770302827
CE_KINGSAFETY:0.4779046691155164
C_PIECESQUARETABLES:0.5309327375867975
C_MOBILITY:0.5403331382924257
C_KINGSAFETY:0.45591317078580645
C_PAWNSTRUCTURE:0.48345484186895205
C_PIECECOORDINATION:0.46669218229441933
C_ROOKANDPAWNMOVEMENT:0.46669218229441933
C_CENTERCONTROL:0.5237279801438791
C_DEVELOPPIECES:0.470072173251947
C_MATERIAL:0.5073026629900758
