ELO:756
CE_PASSEDPAWNS:0.4796527212434316
CE_PAWNWEAKNESSES:0.4439943765989473
CE_PIECEACTIVITY:0.4672858376937077
CE_KINGPAWNSHIELD:0.5501088952262763
CE_PIECECOORDINATION:0.42293167568986
CE_MATERIAL:0.5333340963141067
CE_KINGSAFETY:0.5715462022061392
C_PIECESQUARETABLES:0.5429812650328812
C_MOBILITY:0.5801060002960458
C_KINGSAFETY:0.5722489206142058
C_PAWNSTRUCTURE:0.5497998525859803
C_PIECECOORDINATION:0.41792375576354124
C_ROOKANDPAWNMOVEMENT:0.41792375576354124
C_CENTERCONTROL:0.48523602315887115
C_DEVELOPPIECES:0.468607709713894
C_MATERIAL:0.536706652867531
C_MOVECOUNT:0.5
