ELO:909
CE_PASSEDPAWNS:0.4785459817871775
CE_PAWNWEAKNESSES:0.5262447769495475
CE_PIECEACTIVITY:0.49026905945455657
CE_KINGPAWNSHIELD:0.5572345179862873
CE_PIECECOORDINATION:0.45845059855986897
CE_MATERIAL:0.5426327846857584
CE_KINGSAFETY:0.5137103902365056
C_PIECESQUARETABLES:0.5402672140966976
C_MOBILITY:0.5619113756318828
C_KINGSAFETY:0.3653848122843852
C_PAWNSTRUCTURE:0.46089190615493125
C_PIECECOORDINATION:0.41657690461535707
C_ROOKANDPAWNMOVEMENT:0.41657690461535707
C_CENTERCONTROL:0.5577652228921777
C_DEVELOPPIECES:0.4180741801259212
C_MATERIAL:0.4277286868036917
