ELO:944
CE_PASSEDPAWNS:0.45992861696066767
CE_PAWNWEAKNESSES:0.5165798258376623
CE_PIECEACTIVITY:0.493127644212415
CE_KINGPAWNSHIELD:0.5476504631430535
CE_PIECECOORDINATION:0.5624721941547908
CE_MATERIAL:0.4737718326442357
CE_KINGSAFETY:0.43688456036826445
C_PIECESQUARETABLES:0.5141631845715369
C_MOBILITY:0.590003664793964
C_KINGSAFETY:0.41594643143700927
C_PAWNSTRUCTURE:0.445829060050112
C_PIECECOORDINATION:0.449386807212343
C_ROOKANDPAWNMOVEMENT:0.449386807212343
C_CENTERCONTROL:0.5357525130814741
C_DEVELOPPIECES:0.4357594668150303
C_MATERIAL:0.5052582505380018
