ELO:1005
CE_PASSEDPAWNS:0.5183426270832615
CE_PAWNWEAKNESSES:0.5007823580873638
CE_PIECEACTIVITY:0.47544844603174335
CE_KINGPAWNSHIELD:0.5108193124067895
CE_PIECECOORDINATION:0.5131686203526431
CE_MATERIAL:0.48564872966116657
CE_KINGSAFETY:0.5
C_PIECESQUARETABLES:0.5007232215147787
C_MOBILITY:0.482347942129719
C_KINGSAFETY:0.4811413664804936
C_PAWNSTRUCTURE:0.5105640934049577
C_PIECECOORDINATION:0.5312011434042032
C_ROOK:0.5087179678736831
CE_ROOK:0.5437560133778188
C_CENTERCONTROL:0.5009217104768202
C_DEVELOPPIECES:0.49965160675801606
C_MATERIAL:0.5011259277329964
C_MOVECOUNT:0.513501588422569
C_PAWNMOVEMENT:0.5211486333545423
