ELO:992
CE_PASSEDPAWNS:0.4951594369192677
CE_PAWNWEAKNESSES:0.49170978565319934
CE_PIECEACTIVITY:0.5043359746936182
CE_KINGPAWNSHIELD:0.5549914976536282
CE_PIECECOORDINATION:0.577742682100494
CE_MATERIAL:0.4925169100244323
CE_KINGSAFETY:0.4888289714421975
C_PIECESQUARETABLES:0.516246507448052
C_MOBILITY:0.5310731375269107
C_KINGSAFETY:0.4931676697286842
C_PAWNSTRUCTURE:0.4726739839132084
C_PIECECOORDINATION:0.4766135033166261
C_ROOKANDPAWNMOVEMENT:0.4766135033166261
C_CENTERCONTROL:0.5157595838425716
C_DEVELOPPIECES:0.48413588708081295
C_MATERIAL:0.5098725868290984
