ELO:747
CE_PASSEDPAWNS:0.5820468348195356
CE_PAWNWEAKNESSES:0.5657306082566429
CE_PIECEACTIVITY:0.4135084525299437
CE_KINGPAWNSHIELD:0.45384713571461766
CE_PIECECOORDINATION:0.4574710649174171
CE_MATERIAL:0.43806744488267224
CE_KINGSAFETY:0.4756115370907009
C_PIECESQUARETABLES:0.5238949138801644
C_MOBILITY:0.47828475428150913
C_KINGSAFETY:0.5225874337488058
C_PAWNSTRUCTURE:0.5421320405624496
C_PIECECOORDINATION:0.44193995009593634
C_ROOKANDPAWNMOVEMENT:0.44193995009593634
C_CENTERCONTROL:0.4571800966672124
C_DEVELOPPIECES:0.5214442104911303
C_MATERIAL:0.3902042625493235
C_MOVECOUNT:0.4193372064501847
