ELO:1021
CE_PASSEDPAWNS:0.4913783947375296
CE_PAWNWEAKNESSES:0.49986583336062734
CE_PIECEACTIVITY:0.5
CE_KINGPAWNSHIELD:0.5
CE_PIECECOORDINATION:0.5
CE_MATERIAL:0.5060022924239469
CE_KINGSAFETY:0.5
C_PIECESQUARETABLES:0.5
C_MOBILITY:0.5
C_KINGSAFETY:0.5039191373526382
C_PAWNSTRUCTURE:0.5071882392849716
C_PIECECOORDINATION:0.5081067509295035
C_ROOKANDPAWNMOVEMENT:0.5081067509295035
C_CENTERCONTROL:0.5
C_DEVELOPPIECES:0.5
C_MATERIAL:0.4751114859836836
C_MOVECOUNT:0.5
