ELO:925
CE_PASSEDPAWNS:0.41467375814994556
CE_PAWNWEAKNESSES:0.5112977154352307
CE_PIECEACTIVITY:0.5372988068051477
CE_KINGPAWNSHIELD:0.4921613812003014
CE_PIECECOORDINATION:0.4229982955597497
CE_MATERIAL:0.446616107396241
CE_KINGSAFETY:0.49255050502775805
C_PIECESQUARETABLES:0.5489375819466159
C_MOBILITY:0.5328760863485312
C_KINGSAFETY:0.5453684378124793
C_PAWNSTRUCTURE:0.5215565419535866
C_PIECECOORDINATION:0.5229991978049556
C_ROOKANDPAWNMOVEMENT:0.5229991978049556
C_CENTERCONTROL:0.48086731000888155
C_DEVELOPPIECES:0.5107652279634887
C_MATERIAL:0.5152104559091926
