ELO:999
CE_PASSEDPAWNS:0.5
CE_PAWNWEAKNESSES:0.5016278899003582
CE_PIECEACTIVITY:0.48981630509758123
CE_KINGPAWNSHIELD:0.5187691743166097
CE_PIECECOORDINATION:0.49923380724629723
CE_MATERIAL:0.5077296308089131
CE_KINGSAFETY:0.49372684409567513
C_PIECESQUARETABLES:0.5
C_MOBILITY:0.49079843020392744
C_KINGSAFETY:0.49149355334433037
C_PAWNSTRUCTURE:0.5
C_PIECECOORDINATION:0.5204537975749808
C_ROOK:0.4986482106141689
CE_ROOK:0.5036732546285463
C_CENTERCONTROL:0.5028798238032488
C_DEVELOPPIECES:0.5082851456662455
C_MATERIAL:0.4985036539024802
C_MOVECOUNT:0.5041148221829951
C_PAWNMOVEMENT:0.49313048850232244
