ELO:952
CE_PASSEDPAWNS:0.5039899487901105
CE_PAWNWEAKNESSES:0.5095625227569361
CE_PIECEACTIVITY:0.49102060827385574
CE_KINGPAWNSHIELD:0.47566399460158665
CE_PIECECOORDINATION:0.4842791483316762
CE_MATERIAL:0.5032708539175434
CE_KINGSAFETY:0.5035063072558391
C_PIECESQUARETABLES:0.49060708126884994
C_MOBILITY:0.4957268898864786
C_KINGSAFETY:0.4854719177912654
C_PAWNSTRUCTURE:0.5014544370575746
C_PIECECOORDINATION:0.4872449973538949
C_ROOK:0.4956898327196619
CE_ROOK:0.5271980029588382
C_CENTERCONTROL:0.5031917489929038
C_DEVELOPPIECES:0.477816320951715
C_MATERIAL:0.5047592866537609
C_MOVECOUNT:0.4617002109934208
C_PAWNMOVEMENT:0.4870180673198505
