ELO:946
CE_PASSEDPAWNS:0.472969570069825
CE_PAWNWEAKNESSES:0.48554988654843245
CE_PIECEACTIVITY:0.4915515091527906
CE_KINGPAWNSHIELD:0.5437712410892818
CE_PIECECOORDINATION:0.5884374373700839
CE_MATERIAL:0.4757472539327102
CE_KINGSAFETY:0.4742776507509221
C_PIECESQUARETABLES:0.5100053003006979
C_MOBILITY:0.5790043704701427
C_KINGSAFETY:0.4438272734193772
C_PAWNSTRUCTURE:0.4791364466055867
C_PIECECOORDINATION:0.4380588332722655
C_ROOKANDPAWNMOVEMENT:0.4380588332722655
C_CENTERCONTROL:0.5227728373299698
C_DEVELOPPIECES:0.43393920592313834
C_MATERIAL:0.49346793765110925
