ELO:1084
CE_PASSEDPAWNS:0.45783115818043396
CE_PAWNWEAKNESSES:0.5302011927512122
CE_PIECEACTIVITY:0.4905906145863203
CE_KINGPAWNSHIELD:0.4151747035871997
CE_PIECECOORDINATION:0.5704596139755191
CE_MATERIAL:0.4564755924257264
CE_KINGSAFETY:0.5
C_PIECESQUARETABLES:0.5
C_MOBILITY:0.40572242282818155
C_KINGSAFETY:0.5122110193792271
C_PAWNSTRUCTURE:0.4599733206860053
C_PIECECOORDINATION:0.36062421724656424
C_ROOKANDPAWNMOVEMENT:0.36062421724656424
C_CENTERCONTROL:0.5027264606990834
C_DEVELOPPIECES:0.5034004472324135
C_MATERIAL:0.4110938576633668
