ELO:988
CE_PASSEDPAWNS:0.5148148275669969
CE_PAWNWEAKNESSES:0.5128889835512717
CE_PIECEACTIVITY:0.5200191961325408
CE_KINGPAWNSHIELD:0.4025171275211203
CE_PIECECOORDINATION:0.44538019471221774
CE_MATERIAL:0.558312866592386
CE_KINGSAFETY:0.5
C_PIECESQUARETABLES:0.4926165285481926
C_MOBILITY:0.48592150437602205
C_KINGSAFETY:0.5121148057880746
C_PAWNSTRUCTURE:0.5006281247243053
C_PIECECOORDINATION:0.5350567576815112
C_ROOKANDPAWNMOVEMENT:0.5350567576815112
C_CENTERCONTROL:0.3961743429544671
C_DEVELOPPIECES:0.5094109414966498
C_MATERIAL:0.5859692747107864
