ELO:831
CE_PASSEDPAWNS:0.5984250940026027
CE_PAWNWEAKNESSES:0.47983161435385924
CE_PIECEACTIVITY:0.5101808022707498
CE_KINGPAWNSHIELD:0.5713635186286065
CE_PIECECOORDINATION:0.5040261862732799
CE_MATERIAL:0.5537188182661413
CE_KINGSAFETY:0.5
C_PIECESQUARETABLES:0.5108721401390139
C_MOBILITY:0.503343182060701
C_KINGSAFETY:0.49953160864105656
C_PAWNSTRUCTURE:0.4603107457298666
C_PIECECOORDINATION:0.5159129818871547
C_ROOKANDPAWNMOVEMENT:0.5159129818871547
C_CENTERCONTROL:0.5071473681795383
C_DEVELOPPIECES:0.5093537684711462
C_MATERIAL:0.47285622554504736
C_MOVECOUNT:0.5
