ELO:1082
CE_PASSEDPAWNS:0.6383601110774803
CE_PAWNWEAKNESSES:0.47689863195596965
CE_PIECEACTIVITY:0.4941331991824446
CE_KINGPAWNSHIELD:0.4462752849858936
CE_PIECECOORDINATION:0.5239420897176501
CE_MATERIAL:0.4707973062641189
CE_KINGSAFETY:0.5
C_PIECESQUARETABLES:0.5121886847785646
C_MOBILITY:0.4248722025850633
C_KINGSAFETY:0.6112739659793378
C_PAWNSTRUCTURE:0.45143991545674345
C_PIECECOORDINATION:0.35283258564292674
C_ROOKANDPAWNMOVEMENT:0.35283258564292674
C_CENTERCONTROL:0.5398382924800127
C_DEVELOPPIECES:0.5562174035704669
C_MATERIAL:0.4109425175851857
