ELO:1000
CE_PASSEDPAWNS:0.5
CE_PAWNWEAKNESSES:0.5016278899003582
CE_PIECEACTIVITY:0.48981630509758123
CE_KINGPAWNSHIELD:0.5187691743166097
CE_PIECECOORDINATION:0.5
CE_MATERIAL:0.5
CE_KINGSAFETY:0.5
C_PIECESQUARETABLES:0.5
C_MOBILITY:0.49688868358446897
C_KINGSAFETY:0.4913885297025198
C_PAWNSTRUCTURE:0.5
C_PIECECOORDINATION:0.5038691487949185
C_ROOK:0.5070823323478456
CE_ROOK:0.5
C_CENTERCONTROL:0.5
C_DEVELOPPIECES:0.5
C_MATERIAL:0.5
C_MOVECOUNT:0.5
C_PAWNMOVEMENT:0.49313048850232244
