ELO:969
CE_PASSEDPAWNS:0.42493772442893984
CE_PAWNWEAKNESSES:0.5247546668725018
CE_PIECEACTIVITY:0.4898371103534777
CE_KINGPAWNSHIELD:0.5384922415274361
CE_PIECECOORDINATION:0.48251544475833397
CE_MATERIAL:0.4835336704214501
CE_KINGSAFETY:0.49042127548618647
C_PIECESQUARETABLES:0.5275935197245225
C_MOBILITY:0.5103696040790254
C_KINGSAFETY:0.5096142967056613
C_PAWNSTRUCTURE:0.4398134846183169
C_PIECECOORDINATION:0.5101788396247865
C_ROOKANDPAWNMOVEMENT:0.5101788396247865
C_CENTERCONTROL:0.488311262831191
C_DEVELOPPIECES:0.44255329150872497
C_MATERIAL:0.4696089596929859
