ELO:1000
CE_PASSEDPAWNS:0.5042330412550433
CE_PAWNWEAKNESSES:0.4956906912565229
CE_PIECEACTIVITY:0.501559656204092
CE_KINGPAWNSHIELD:0.5111208356371651
CE_PIECECOORDINATION:0.4826529599313046
CE_MATERIAL:0.4830507779338412
CE_KINGSAFETY:0.49101080810040293
C_PIECESQUARETABLES:0.5111042742147108
C_MOBILITY:0.49229349606177647
C_KINGSAFETY:0.5182193225987368
C_PAWNSTRUCTURE:0.5
C_PIECECOORDINATION:0.49255485581679265
C_ROOKANDPAWNMOVEMENT:0.49255485581679265
C_CENTERCONTROL:0.5025518304400086
C_DEVELOPPIECES:0.4934502261298683
C_MATERIAL:0.5008565168881846
