ELO:1000
CE_PASSEDPAWNS:0.5161271977260619
CE_PAWNWEAKNESSES:0.4939863032620333
CE_PIECEACTIVITY:0.486161818923079
CE_KINGPAWNSHIELD:0.566748900226734
CE_PIECECOORDINATION:0.5349923434573072
CE_MATERIAL:0.49396459316906544
CE_KINGSAFETY:0.5190456730266908
C_PIECESQUARETABLES:0.5132636499520854
C_MOBILITY:0.5550175226290283
C_KINGSAFETY:0.49857309467668276
C_PAWNSTRUCTURE:0.5022285931982318
C_PIECECOORDINATION:0.4506169182594168
C_ROOKANDPAWNMOVEMENT:0.4506169182594168
C_CENTERCONTROL:0.5017567988553252
C_DEVELOPPIECES:0.4808300430929336
C_MATERIAL:0.48862338612835526
