ELO:965
CE_PASSEDPAWNS:0.47393759121868023
CE_PAWNWEAKNESSES:0.49446679847914565
CE_PIECEACTIVITY:0.49979400901025955
CE_KINGPAWNSHIELD:0.5502839554433709
CE_PIECECOORDINATION:0.6017272195977076
CE_MATERIAL:0.4630379486680251
CE_KINGSAFETY:0.5
C_PIECESQUARETABLES:0.5
C_MOBILITY:0.562425694532587
C_KINGSAFETY:0.44294135425145054
C_PAWNSTRUCTURE:0.49799832344492034
C_PIECECOORDINATION:0.4388712167617183
C_ROOKANDPAWNMOVEMENT:0.4388712167617183
C_CENTERCONTROL:0.5330019232322992
C_DEVELOPPIECES:0.4709671297735258
C_MATERIAL:0.4948106080482303
