ELO:1021
CE_PASSEDPAWNS:0.5088969170105517
CE_PAWNWEAKNESSES:0.4951745637076463
CE_PIECEACTIVITY:0.4924320163354914
CE_KINGPAWNSHIELD:0.4842560856591406
CE_PIECECOORDINATION:0.49430285223111053
CE_MATERIAL:0.5064722813277464
CE_KINGSAFETY:0.5
C_PIECESQUARETABLES:0.497913750796623
C_MOBILITY:0.5034888904832598
C_KINGSAFETY:0.4943537217008693
C_PAWNSTRUCTURE:0.502681943437004
C_PIECECOORDINATION:0.5050787609776789
C_ROOK:0.5048071818876927
CE_ROOK:0.5086966849335627
C_CENTERCONTROL:0.505673478175524
C_DEVELOPPIECES:0.49194891943136915
C_MATERIAL:0.4886496058239635
C_MOVECOUNT:0.4963060505601836
C_PAWNMOVEMENT:0.5010059955913374
