ELO:988
CE_PASSEDPAWNS:0.4561015252973935
CE_PAWNWEAKNESSES:0.5489160633623573
CE_PIECEACTIVITY:0.5340521504185876
CE_KINGPAWNSHIELD:0.5043012550431565
CE_PIECECOORDINATION:0.4763884903929929
CE_MATERIAL:0.5189995273466211
CE_KINGSAFETY:0.48147795050124664
C_PIECESQUARETABLES:0.5020318348958033
C_MOBILITY:0.48710949196546927
C_KINGSAFETY:0.5387953885795987
C_PAWNSTRUCTURE:0.46730175315098443
C_PIECECOORDINATION:0.5188675677968109
C_ROOKANDPAWNMOVEMENT:0.5188675677968109
C_CENTERCONTROL:0.4685542434929807
C_DEVELOPPIECES:0.48726662274980265
C_MATERIAL:0.5089081355433072
