ELO:989
CE_PASSEDPAWNS:0.49184720289650746
CE_PAWNWEAKNESSES:0.4993225737557168
CE_PIECEACTIVITY:0.4900964832743966
CE_KINGPAWNSHIELD:0.49267598787722705
CE_PIECECOORDINATION:0.4850870954205903
CE_MATERIAL:0.5013122087480413
CE_KINGSAFETY:0.5187558175429827
C_PIECESQUARETABLES:0.48768870462912123
C_MOBILITY:0.4842928561394223
C_KINGSAFETY:0.4985742057764535
C_PAWNSTRUCTURE:0.5008710591977875
C_PIECECOORDINATION:0.49934761610715583
C_ROOK:0.5138651438789473
CE_ROOK:0.5121062031426347
C_CENTERCONTROL:0.5129095770547244
C_DEVELOPPIECES:0.5065387338326794
C_MATERIAL:0.4896330545430145
C_MOVECOUNT:0.4719916855800096
C_PAWNMOVEMENT:0.5061902751891979
