ELO:936
CE_PASSEDPAWNS:0.42902940515735305
CE_PAWNWEAKNESSES:0.5580236423285265
CE_PIECEACTIVITY:0.511323443254554
CE_KINGPAWNSHIELD:0.48225023113162724
CE_PIECECOORDINATION:0.5593365692382966
CE_MATERIAL:0.5203718755994604
CE_KINGSAFETY:0.5106575110100668
C_PIECESQUARETABLES:0.49363179771368304
C_MOBILITY:0.4660095884745337
C_KINGSAFETY:0.49717659641217854
C_PAWNSTRUCTURE:0.5033189599011597
C_PIECECOORDINATION:0.49507558008298336
C_ROOK:0.5081546012078211
CE_ROOK:0.5437560133778188
C_CENTERCONTROL:0.502969506784842
C_DEVELOPPIECES:0.5211913264180325
C_MATERIAL:0.5037173529519937
C_MOVECOUNT:0.5092599427823667
C_PAWNMOVEMENT:0.5007485953624153
