ELO:988
CE_PASSEDPAWNS:0.4933299965425364
CE_PAWNWEAKNESSES:0.49828785214894256
CE_PIECEACTIVITY:0.5121583834179101
CE_KINGPAWNSHIELD:0.5599913989761618
CE_PIECECOORDINATION:0.5689248890601868
CE_MATERIAL:0.4910606620224323
CE_KINGSAFETY:0.5
C_PIECESQUARETABLES:0.5
C_MOBILITY:0.5341814949540309
C_KINGSAFETY:0.49393814772348416
C_PAWNSTRUCTURE:0.4841668123911101
C_PIECECOORDINATION:0.47080172612092214
C_ROOKANDPAWNMOVEMENT:0.47080172612092214
C_CENTERCONTROL:0.5188265224399634
C_DEVELOPPIECES:0.48342049167718604
C_MATERIAL:0.510388517422253
