ELO:1000
CE_PASSEDPAWNS:0.4832649987332073
CE_PAWNWEAKNESSES:0.4956906912565229
CE_PIECEACTIVITY:0.4969056030158177
CE_KINGPAWNSHIELD:0.5198863663333333
CE_PIECECOORDINATION:0.47307150862780517
CE_MATERIAL:0.4830507779338412
CE_KINGSAFETY:0.49101080810040293
C_PIECESQUARETABLES:0.5111042742147108
C_MOBILITY:0.49229349606177647
C_KINGSAFETY:0.5182193225987368
C_PAWNSTRUCTURE:0.5077217300764899
C_PIECECOORDINATION:0.49255485581679265
C_ROOKANDPAWNMOVEMENT:0.49255485581679265
C_CENTERCONTROL:0.49646073698107396
C_DEVELOPPIECES:0.5041970403934695
C_MATERIAL:0.5112729967147933
