ELO:943
CE_PASSEDPAWNS:0.5205466689821314
CE_PAWNWEAKNESSES:0.45989106454217527
CE_PIECEACTIVITY:0.5020499381422093
CE_KINGPAWNSHIELD:0.48313191069566486
CE_PIECECOORDINATION:0.4625656386257727
CE_MATERIAL:0.5113711543061042
CE_KINGSAFETY:0.5
C_PIECESQUARETABLES:0.510578397553543
C_MOBILITY:0.5096909481545896
C_KINGSAFETY:0.5544771629260441
C_PAWNSTRUCTURE:0.5397092130456651
C_PIECECOORDINATION:0.5031653836791311
C_ROOK:0.48328208752949964
CE_ROOK:0.5202531731955747
C_CENTERCONTROL:0.4921312419304174
C_DEVELOPPIECES:0.5054314922979187
C_MATERIAL:0.541289192247685
C_MOVECOUNT:0.5342346235790556
C_PAWNMOVEMENT:0.5286390160908302
