ELO:971
CE_PASSEDPAWNS:0.5113302979638239
CE_PAWNWEAKNESSES:0.510449287877861
CE_PIECEACTIVITY:0.4570522465494753
CE_KINGPAWNSHIELD:0.48690876807072186
CE_PIECECOORDINATION:0.5593365692382966
CE_MATERIAL:0.5206999303046704
CE_KINGSAFETY:0.4968475460864698
C_PIECESQUARETABLES:0.4838250514343773
C_MOBILITY:0.5220283707802121
C_KINGSAFETY:0.49800005179914164
C_PAWNSTRUCTURE:0.5033189599011597
C_PIECECOORDINATION:0.5261745231141636
C_ROOK:0.49657390780811816
CE_ROOK:0.5309347584974223
C_CENTERCONTROL:0.49822502995922435
C_DEVELOPPIECES:0.498182907291814
C_MATERIAL:0.5037173529519937
C_MOVECOUNT:0.5092599427823667
C_PAWNMOVEMENT:0.5163126260125814
