ELO:1000
CE_PASSEDPAWNS:0.5115776916704041
CE_PAWNWEAKNESSES:0.4815789664439432
CE_PIECEACTIVITY:0.47797144588252655
CE_KINGPAWNSHIELD:0.5583140486068652
CE_PIECECOORDINATION:0.527813899913171
CE_MATERIAL:0.4811157701535947
CE_KINGSAFETY:0.5275292835069054
C_PIECESQUARETABLES:0.5163636321312141
C_MOBILITY:0.5039905782501224
C_KINGSAFETY:0.4899760829025379
C_PAWNSTRUCTURE:0.5117175523004257
C_PIECECOORDINATION:0.46034383007392515
C_ROOKANDPAWNMOVEMENT:0.46034383007392515
C_CENTERCONTROL:0.5099642142278163
C_DEVELOPPIECES:0.4876232675712187
C_MATERIAL:0.48844312536601503
