ELO:908
CE_PASSEDPAWNS:0.4995019148842124
CE_PAWNWEAKNESSES:0.4960840260082239
CE_PIECEACTIVITY:0.4840118279241812
CE_KINGPAWNSHIELD:0.5056805673506969
CE_PIECECOORDINATION:0.4979395158944852
CE_MATERIAL:0.5020201994193592
CE_KINGSAFETY:0.509731231079925
C_PIECESQUARETABLES:0.49177692398880896
C_MOBILITY:0.5057170880715164
C_KINGSAFETY:0.5300912200277097
C_PAWNSTRUCTURE:0.5394024504165813
C_PIECECOORDINATION:0.49319705330075736
C_ROOKANDPAWNMOVEMENT:0.49319705330075736
C_CENTERCONTROL:0.48300408613210644
C_DEVELOPPIECES:0.4953037974817561
C_MATERIAL:0.5065965157718129
C_MOVECOUNT:0.5
