ELO:1005
CE_PASSEDPAWNS:0.4856186992104034
CE_PAWNWEAKNESSES:0.5
CE_PIECEACTIVITY:0.5184424582150267
CE_KINGPAWNSHIELD:0.5220799933118081
CE_PIECECOORDINATION:0.48864375086294676
CE_MATERIAL:0.4995201459506831
CE_KINGSAFETY:0.49306513093417365
C_PIECESQUARETABLES:0.5072877405134532
C_MOBILITY:0.506767796663473
C_KINGSAFETY:0.5013034547560824
C_PAWNSTRUCTURE:0.5145774420351297
C_PIECECOORDINATION:0.49162974515052915
C_ROOKANDPAWNMOVEMENT:0.49162974515052915
C_CENTERCONTROL:0.4876988626475344
C_DEVELOPPIECES:0.5
C_MATERIAL:0.4897201091688698
C_MOVECOUNT:0.496075931400985
