ELO:1087
CE_PASSEDPAWNS:0.6218110652627374
CE_PAWNWEAKNESSES:0.47307679442226147
CE_PIECEACTIVITY:0.47137698889919377
CE_KINGPAWNSHIELD:0.4545535250516409
CE_PIECECOORDINATION:0.46160457483446843
CE_MATERIAL:0.46698734023991934
CE_KINGSAFETY:0.5159640496887988
C_PIECESQUARETABLES:0.5108213750595829
C_MOBILITY:0.5335361914694342
C_KINGSAFETY:0.5938414912365518
C_PAWNSTRUCTURE:0.43323879006721305
C_PIECECOORDINATION:0.36429103761298
C_ROOKANDPAWNMOVEMENT:0.36429103761298
C_CENTERCONTROL:0.5916556751746048
C_DEVELOPPIECES:0.5897299624735641
C_MATERIAL:0.39905729367906356
