ELO:790
CE_PASSEDPAWNS:0.48747634141438384
CE_PAWNWEAKNESSES:0.463777823937299
CE_PIECEACTIVITY:0.5067976222850696
CE_KINGPAWNSHIELD:0.4904050070447183
CE_PIECECOORDINATION:0.4824160832588336
CE_MATERIAL:0.5077122842038488
CE_KINGSAFETY:0.5152625331014771
C_PIECESQUARETABLES:0.48113769632161263
C_MOBILITY:0.5124058564665329
C_KINGSAFETY:0.5155142834699663
C_PAWNSTRUCTURE:0.5478649260964424
C_PIECECOORDINATION:0.4337162515010964
C_ROOKANDPAWNMOVEMENT:0.4337162515010964
C_CENTERCONTROL:0.4882530920947784
C_DEVELOPPIECES:0.5041528144847436
C_MATERIAL:0.5339132985917953
C_MOVECOUNT:0.5
