ELO:1027
CE_PASSEDPAWNS:0.5769537503301227
CE_PAWNWEAKNESSES:0.49283342582087225
CE_PIECEACTIVITY:0.500493527330939
CE_KINGPAWNSHIELD:0.5162649847722571
CE_PIECECOORDINATION:0.49932499775595746
CE_MATERIAL:0.43976507227220135
CE_KINGSAFETY:0.5
C_PIECESQUARETABLES:0.5008909949930566
C_MOBILITY:0.5208116225592293
C_KINGSAFETY:0.577594386849659
C_PAWNSTRUCTURE:0.49963753500770836
C_PIECECOORDINATION:0.5297865949811075
C_ROOKANDPAWNMOVEMENT:0.5297865949811075
C_CENTERCONTROL:0.4581037426886816
C_DEVELOPPIECES:0.5188561531212581
C_MATERIAL:0.4755106970725297
