ELO:971
CE_PASSEDPAWNS:0.5217911659732686
CE_PAWNWEAKNESSES:0.5067511026222711
CE_PIECEACTIVITY:0.46080346523791516
CE_KINGPAWNSHIELD:0.4833507640055185
CE_PIECECOORDINATION:0.5129900651816361
CE_MATERIAL:0.4735858139962168
CE_KINGSAFETY:0.5031847215894627
C_PIECESQUARETABLES:0.5
C_MOBILITY:0.5017787346568249
C_KINGSAFETY:0.5223909484014799
C_PAWNSTRUCTURE:0.5263766161083524
C_PIECECOORDINATION:0.5058937731895732
C_ROOK:0.46544478874179224
CE_ROOK:0.5411598992101835
C_CENTERCONTROL:0.473060146432552
C_DEVELOPPIECES:0.49589596147669646
C_MATERIAL:0.4906897133480021
C_MOVECOUNT:0.4897058020238934
C_PAWNMOVEMENT:0.5051090263514019
