ELO:988
CE_PASSEDPAWNS:0.5205394483232803
CE_PAWNWEAKNESSES:0.5228234675441802
CE_PIECEACTIVITY:0.5115517959390631
CE_KINGPAWNSHIELD:0.4181252916846987
CE_PIECECOORDINATION:0.44538019471221774
CE_MATERIAL:0.5471023871008046
CE_KINGSAFETY:0.5
C_PIECESQUARETABLES:0.4863574985685742
C_MOBILITY:0.49518446282672646
C_KINGSAFETY:0.5121973078884378
C_PAWNSTRUCTURE:0.49444566772295184
C_PIECECOORDINATION:0.5394690157530535
C_ROOKANDPAWNMOVEMENT:0.5394690157530535
C_CENTERCONTROL:0.3976101602692124
C_DEVELOPPIECES:0.5005600999977399
C_MATERIAL:0.589232933348482
