ELO:998
CE_PASSEDPAWNS:0.4992646965943097
CE_PAWNWEAKNESSES:0.5118240965806307
CE_PIECEACTIVITY:0.5035684858818766
CE_KINGPAWNSHIELD:0.5
CE_PIECECOORDINATION:0.5
CE_MATERIAL:0.5119511565281734
CE_KINGSAFETY:0.5009281826824344
C_PIECESQUARETABLES:0.4997534124513519
C_MOBILITY:0.4979882861358098
C_KINGSAFETY:0.4823528190371193
C_PAWNSTRUCTURE:0.4930558580470216
C_PIECECOORDINATION:0.4924646308139871
C_ROOKANDPAWNMOVEMENT:0.4924646308139871
C_CENTERCONTROL:0.4953967635867361
C_DEVELOPPIECES:0.5096835485515071
C_MATERIAL:0.5053731703237995
C_MOVECOUNT:0.5
