ELO:997
CE_PASSEDPAWNS:0.5471597159315883
CE_PAWNWEAKNESSES:0.4960593242950424
CE_PIECEACTIVITY:0.49527204600868735
CE_KINGPAWNSHIELD:0.5043008881128459
CE_PIECECOORDINATION:0.5275520839730832
CE_MATERIAL:0.43401855803897865
CE_KINGSAFETY:0.503205376218363
C_PIECESQUARETABLES:0.4405785250008616
C_MOBILITY:0.5008471233003293
C_KINGSAFETY:0.5421218946860159
C_PAWNSTRUCTURE:0.4932076296021311
C_PIECECOORDINATION:0.5252129023261941
C_ROOKANDPAWNMOVEMENT:0.5252129023261941
C_CENTERCONTROL:0.48689786232696447
C_DEVELOPPIECES:0.5020558175205837
C_MATERIAL:0.4649704214937663
