ELO:1000
CE_PASSEDPAWNS:0.5522105928417067
CE_PAWNWEAKNESSES:0.4963647523881978
CE_PIECEACTIVITY:0.5243633635358176
CE_KINGPAWNSHIELD:0.5016478364104423
CE_PIECECOORDINATION:0.5252870713239702
CE_MATERIAL:0.5102684550564192
CE_KINGSAFETY:0.5068729604004203
C_PIECESQUARETABLES:0.47734222170175766
C_MOBILITY:0.4870806492733392
C_KINGSAFETY:0.5118975425938893
C_PAWNSTRUCTURE:0.5019152580201871
C_PIECECOORDINATION:0.5449511417690819
C_ROOKANDPAWNMOVEMENT:0.5449511417690819
C_CENTERCONTROL:0.4571541869944475
C_DEVELOPPIECES:0.4878255424817529
C_MATERIAL:0.4771979118474997
