ELO:1000
CE_PASSEDPAWNS:0.473829951993626
CE_PAWNWEAKNESSES:0.4460794518233183
CE_PIECEACTIVITY:0.45543566500635524
CE_KINGPAWNSHIELD:0.4746640073484094
CE_PIECECOORDINATION:0.47873512505589005
CE_MATERIAL:0.4958447911000088
CE_KINGSAFETY:0.49318090665480513
C_PIECESQUARETABLES:0.5014152686873584
C_MOBILITY:0.5119786373795085
C_KINGSAFETY:0.4680886382027503
C_PAWNSTRUCTURE:0.5805383750674884
C_PIECECOORDINATION:0.5193349995068911
C_ROOKANDPAWNMOVEMENT:0.5193349995068911
C_CENTERCONTROL:0.5224306765196556
C_DEVELOPPIECES:0.4362555890634001
C_MATERIAL:0.4698329292180399
