ELO:971
CE_PASSEDPAWNS:0.5173366674557218
CE_PAWNWEAKNESSES:0.5004445793232823
CE_PIECEACTIVITY:0.3729411209896735
CE_KINGPAWNSHIELD:0.508768944104311
CE_PIECECOORDINATION:0.5134303947909039
CE_MATERIAL:0.4747681857294824
CE_KINGSAFETY:0.4723608499324547
C_PIECESQUARETABLES:0.5009853594447984
C_MOBILITY:0.5099172991867849
C_KINGSAFETY:0.5210097088930024
C_PAWNSTRUCTURE:0.5982557210997888
C_PIECECOORDINATION:0.4455295289066636
C_ROOKANDPAWNMOVEMENT:0.4455295289066636
C_CENTERCONTROL:0.4319751600244121
C_DEVELOPPIECES:0.5300066172263109
C_MATERIAL:0.6089430316858985
