ELO:1003
CE_PASSEDPAWNS:0.5087198533716549
CE_PAWNWEAKNESSES:0.529279878512087
CE_PIECEACTIVITY:0.49693441921652143
CE_KINGPAWNSHIELD:0.5
CE_PIECECOORDINATION:0.48947509031545894
CE_MATERIAL:0.5030075251014996
CE_KINGSAFETY:0.5
C_PIECESQUARETABLES:0.5
C_MOBILITY:0.5
C_KINGSAFETY:0.48301608596871665
C_PAWNSTRUCTURE:0.5128800941719722
C_PIECECOORDINATION:0.5023902023220663
C_ROOK:0.5066799186991583
CE_ROOK:0.5
C_CENTERCONTROL:0.5054526694904439
C_DEVELOPPIECES:0.49287944876264117
C_MATERIAL:0.5118913507566483
C_MOVECOUNT:0.5144342852170304
C_PAWNMOVEMENT:0.49417375325911556
