ELO:940
CE_PASSEDPAWNS:0.45917004641047643
CE_PAWNWEAKNESSES:0.4293961894224238
CE_PIECEACTIVITY:0.48209761327471634
CE_KINGPAWNSHIELD:0.40332631506618105
CE_PIECECOORDINATION:0.49334849516770585
CE_MATERIAL:0.5571851532404244
CE_KINGSAFETY:0.48872915891622265
C_PIECESQUARETABLES:0.5162136452003405
C_MOBILITY:0.42430988709684664
C_KINGSAFETY:0.523366426354471
C_PAWNSTRUCTURE:0.5857745517145849
C_PIECECOORDINATION:0.5603750188424105
C_ROOKANDPAWNMOVEMENT:0.5603750188424105
C_CENTERCONTROL:0.5688196023152898
C_DEVELOPPIECES:0.34612276349451254
C_MATERIAL:0.4339550167200911
