ELO:992
CE_PASSEDPAWNS:0.4881551022532291
CE_PAWNWEAKNESSES:0.5185425528366344
CE_PIECEACTIVITY:0.49633996954011256
CE_KINGPAWNSHIELD:0.5079344265200508
CE_PIECECOORDINATION:0.5237506036798144
CE_MATERIAL:0.48702457228525664
CE_KINGSAFETY:0.5
C_PIECESQUARETABLES:0.4807244847928026
C_MOBILITY:0.49424734047887586
C_KINGSAFETY:0.5051613560551284
C_PAWNSTRUCTURE:0.4971057068200163
C_PIECECOORDINATION:0.531524963693993
C_ROOKANDPAWNMOVEMENT:0.531524963693993
C_CENTERCONTROL:0.5186240362589812
C_DEVELOPPIECES:0.5060646507181101
C_MATERIAL:0.5051806379883269
C_MOVECOUNT:0.4839033411922715
