ELO:988
CE_PASSEDPAWNS:0.5084498282893507
CE_PAWNWEAKNESSES:0.5128889835512717
CE_PIECEACTIVITY:0.5115517959390631
CE_KINGPAWNSHIELD:0.4076561608377238
CE_PIECECOORDINATION:0.44538019471221774
CE_MATERIAL:0.5561775794490093
CE_KINGSAFETY:0.5075110156817986
C_PIECESQUARETABLES:0.4863574985685742
C_MOBILITY:0.49518446282672646
C_KINGSAFETY:0.5118961167478732
C_PAWNSTRUCTURE:0.5006281247243053
C_PIECECOORDINATION:0.5392806373079977
C_ROOKANDPAWNMOVEMENT:0.5392806373079977
C_CENTERCONTROL:0.39113134328111704
C_DEVELOPPIECES:0.5067495606305472
C_MATERIAL:0.589232933348482
