ELO:1000
CE_PASSEDPAWNS:0.5
CE_PAWNWEAKNESSES:0.5118240965806307
CE_PIECEACTIVITY:0.49191698271448303
CE_KINGPAWNSHIELD:0.5
CE_PIECECOORDINATION:0.5
CE_MATERIAL:0.5
CE_KINGSAFETY:0.5009281826824344
C_PIECESQUARETABLES:0.5
C_MOBILITY:0.4979882861358098
C_KINGSAFETY:0.4909076686036189
C_PAWNSTRUCTURE:0.5
C_PIECECOORDINATION:0.5012329044625625
C_ROOKANDPAWNMOVEMENT:0.5012329044625625
C_CENTERCONTROL:0.4953967635867361
C_DEVELOPPIECES:0.5
C_MATERIAL:0.5
C_MOVECOUNT:0.5
