ELO:973
CE_PASSEDPAWNS:0.4993480114832791
CE_PAWNWEAKNESSES:0.5334007620393412
CE_PIECEACTIVITY:0.48069172146958744
CE_KINGPAWNSHIELD:0.4822130616042494
CE_PIECECOORDINATION:0.4844107700863806
CE_MATERIAL:0.5031889248596352
CE_KINGSAFETY:0.49456426764606537
C_PIECESQUARETABLES:0.5
C_MOBILITY:0.516781950102396
C_KINGSAFETY:0.4999759169820337
C_PAWNSTRUCTURE:0.5143228833207685
C_PIECECOORDINATION:0.5023902023220663
C_ROOK:0.4990056688171268
CE_ROOK:0.4705429424208279
C_CENTERCONTROL:0.49812950181081356
C_DEVELOPPIECES:0.4934638835273696
C_MATERIAL:0.5265447930659414
C_MOVECOUNT:0.4996548825806483
C_PAWNMOVEMENT:0.49494345294886266
