ELO:1092
CE_PASSEDPAWNS:0.47058017775505445
CE_PAWNWEAKNESSES:0.5
CE_PIECEACTIVITY:0.500570440588215
CE_KINGPAWNSHIELD:0.5009155981554093
CE_PIECECOORDINATION:0.5033727516818475
CE_MATERIAL:0.5072677713112468
CE_KINGSAFETY:0.5
C_PIECESQUARETABLES:0.5
C_MOBILITY:0.4949698754927532
C_KINGSAFETY:0.5069747514965638
C_PAWNSTRUCTURE:0.5127002290046653
C_PIECECOORDINATION:0.4859048740406785
C_ROOKANDPAWNMOVEMENT:0.4859048740406785
C_CENTERCONTROL:0.5
C_DEVELOPPIECES:0.504319735952589
C_MATERIAL:0.49789447213421595
C_MOVECOUNT:0.5
