ELO:943
CE_PASSEDPAWNS:0.48493838397996714
CE_PAWNWEAKNESSES:0.4708413738286533
CE_PIECEACTIVITY:0.4712953539531611
CE_KINGPAWNSHIELD:0.5172694105603005
CE_PIECECOORDINATION:0.48072046412526975
CE_MATERIAL:0.46483872926029357
CE_KINGSAFETY:0.5089674198744811
C_PIECESQUARETABLES:0.5
C_MOBILITY:0.524078443545884
C_KINGSAFETY:0.46497599733926503
C_PAWNSTRUCTURE:0.4934924124470769
C_PIECECOORDINATION:0.45045663915706025
C_ROOK:0.5135533644877656
CE_ROOK:0.4791515319057229
C_CENTERCONTROL:0.5034886077932279
C_DEVELOPPIECES:0.49350082624362945
C_MATERIAL:0.5137730726005777
C_MOVECOUNT:0.48884706060999583
C_PAWNMOVEMENT:0.4950808497199704
