ELO:999
CE_PASSEDPAWNS:0.5
CE_PAWNWEAKNESSES:0.5073086588493195
CE_PIECEACTIVITY:0.5
CE_KINGPAWNSHIELD:0.5122541969401712
CE_PIECECOORDINATION:0.497927815339112
CE_MATERIAL:0.5
CE_KINGSAFETY:0.4988086332137878
C_PIECESQUARETABLES:0.5
C_MOBILITY:0.4995794892230603
C_KINGSAFETY:0.5055243035626362
C_PAWNSTRUCTURE:0.5
C_PIECECOORDINATION:0.4880813881781535
C_ROOKANDPAWNMOVEMENT:0.4880813881781535
C_CENTERCONTROL:0.5
C_DEVELOPPIECES:0.5
C_MATERIAL:0.49838751491450056
C_MOVECOUNT:0.5
