ELO:985
CE_PASSEDPAWNS:0.4910715572795605
CE_PAWNWEAKNESSES:0.48261092399594846
CE_PIECEACTIVITY:0.5
CE_KINGPAWNSHIELD:0.5007009350397268
CE_PIECECOORDINATION:0.5105313410732445
CE_MATERIAL:0.5080214717279055
CE_KINGSAFETY:0.5
C_PIECESQUARETABLES:0.5
C_MOBILITY:0.4894724311170639
C_KINGSAFETY:0.5
C_PAWNSTRUCTURE:0.5201197176122956
C_PIECECOORDINATION:0.5115248056821516
C_ROOKANDPAWNMOVEMENT:0.5115248056821516
C_CENTERCONTROL:0.49856513504128014
C_DEVELOPPIECES:0.5055810819768815
C_MATERIAL:0.481853582800754
C_MOVECOUNT:0.508559251306436
