ELO:1000
CE_PASSEDPAWNS:0.46465134161230526
CE_PAWNWEAKNESSES:0.4670661330062053
CE_PIECEACTIVITY:0.46375911385813945
CE_KINGPAWNSHIELD:0.49500413656612663
CE_PIECECOORDINATION:0.49010401381714075
CE_MATERIAL:0.4980695388505253
CE_KINGSAFETY:0.5
C_PIECESQUARETABLES:0.5124835220077272
C_MOBILITY:0.5146254564999071
C_KINGSAFETY:0.47926698964373754
C_PAWNSTRUCTURE:0.5684118844466202
C_PIECECOORDINATION:0.5240692624729535
C_ROOKANDPAWNMOVEMENT:0.5240692624729535
C_CENTERCONTROL:0.5300163460655075
C_DEVELOPPIECES:0.4423753342569224
C_MATERIAL:0.43907337672359387
