ELO:1008
CE_PASSEDPAWNS:0.4394137474028625
CE_PAWNWEAKNESSES:0.4036792427149346
CE_PIECEACTIVITY:0.4964675835343711
CE_KINGPAWNSHIELD:0.5247995219509215
CE_PIECECOORDINATION:0.5080400631758178
CE_MATERIAL:0.5009541227649936
CE_KINGSAFETY:0.5
C_PIECESQUARETABLES:0.5009680234639642
C_MOBILITY:0.5857208489531694
C_KINGSAFETY:0.5130259295527491
C_PAWNSTRUCTURE:0.48753981175252425
C_PIECECOORDINATION:0.6070648022504447
C_ROOKANDPAWNMOVEMENT:0.6070648022504447
C_CENTERCONTROL:0.4828609009425299
C_DEVELOPPIECES:0.47255784743792706
C_MATERIAL:0.5320641872602884
