ELO:988
CE_PASSEDPAWNS:0.5084498282893507
CE_PAWNWEAKNESSES:0.5152820977254045
CE_PIECEACTIVITY:0.5079089744217373
CE_KINGPAWNSHIELD:0.3843209339443346
CE_PIECECOORDINATION:0.44129179900049087
CE_MATERIAL:0.5561775794490093
CE_KINGSAFETY:0.5099439899073313
C_PIECESQUARETABLES:0.5
C_MOBILITY:0.4987353418410564
C_KINGSAFETY:0.5063702273428342
C_PAWNSTRUCTURE:0.5006281247243053
C_PIECECOORDINATION:0.5269481986921654
C_ROOKANDPAWNMOVEMENT:0.5269481986921654
C_CENTERCONTROL:0.39804379152601943
C_DEVELOPPIECES:0.5162922956684439
C_MATERIAL:0.5859692747107864
