ELO:1096
CE_PASSEDPAWNS:0.4980445582674632
CE_PAWNWEAKNESSES:0.4892926816716441
CE_PIECEACTIVITY:0.5
CE_KINGPAWNSHIELD:0.5009155981554093
CE_PIECECOORDINATION:0.5095072935218928
CE_MATERIAL:0.4934669129523613
CE_KINGSAFETY:0.5
C_PIECESQUARETABLES:0.5
C_MOBILITY:0.503343182060701
C_KINGSAFETY:0.5244783218694085
C_PAWNSTRUCTURE:0.49155286495881056
C_PIECECOORDINATION:0.5240553831216296
C_ROOKANDPAWNMOVEMENT:0.5240553831216296
C_CENTERCONTROL:0.5
C_DEVELOPPIECES:0.4747775736791693
C_MATERIAL:0.5095662347524706
C_MOVECOUNT:0.5
