ELO:999
CE_PASSEDPAWNS:0.48167819655091815
CE_PAWNWEAKNESSES:0.48261092399594846
CE_PIECEACTIVITY:0.5002947339637945
CE_KINGPAWNSHIELD:0.5052673113852272
CE_PIECECOORDINATION:0.4960758075545189
CE_MATERIAL:0.5
CE_KINGSAFETY:0.5058660740200217
C_PIECESQUARETABLES:0.50234129912242
C_MOBILITY:0.505816832523644
C_KINGSAFETY:0.5000071760689269
C_PAWNSTRUCTURE:0.4900787662932126
C_PIECECOORDINATION:0.49335489855274517
C_ROOKANDPAWNMOVEMENT:0.49335489855274517
C_CENTERCONTROL:0.5122537591645565
C_DEVELOPPIECES:0.5065652709572016
C_MATERIAL:0.5063954680960786
C_MOVECOUNT:0.5
