ELO:1041
CE_PASSEDPAWNS:0.6190208873665338
CE_PAWNWEAKNESSES:0.4939402950951084
CE_PIECEACTIVITY:0.5006968239320125
CE_KINGPAWNSHIELD:0.5083442410854827
CE_PIECECOORDINATION:0.474920201377326
CE_MATERIAL:0.4555670207334307
CE_KINGSAFETY:0.4987922302764348
C_PIECESQUARETABLES:0.4899807331194717
C_MOBILITY:0.44617452153645587
C_KINGSAFETY:0.5052638723296303
C_PAWNSTRUCTURE:0.46669614671780085
C_PIECECOORDINATION:0.4739362375605079
C_ROOKANDPAWNMOVEMENT:0.4739362375605079
C_CENTERCONTROL:0.5302758414226328
C_DEVELOPPIECES:0.565042726191833
C_MATERIAL:0.41550027492430314
