ELO:948
CE_PASSEDPAWNS:0.47132053608613655
CE_PAWNWEAKNESSES:0.41532457786082577
CE_PIECEACTIVITY:0.477892821148664
CE_KINGPAWNSHIELD:0.39299898642808295
CE_PIECECOORDINATION:0.49907664692674153
CE_MATERIAL:0.5349366063785481
CE_KINGSAFETY:0.5067717634764937
C_PIECESQUARETABLES:0.5218715998057506
C_MOBILITY:0.38203027278657503
C_KINGSAFETY:0.516004161215226
C_PAWNSTRUCTURE:0.5858798230099351
C_PIECECOORDINATION:0.5441180216091773
C_ROOKANDPAWNMOVEMENT:0.5441180216091773
C_CENTERCONTROL:0.577005938939105
C_DEVELOPPIECES:0.36335678687145473
C_MATERIAL:0.44500324162815813
