ELO:963
CE_PASSEDPAWNS:0.5262439901873776
CE_PAWNWEAKNESSES:0.5118619353900404
CE_PIECEACTIVITY:0.4620061241454455
CE_KINGPAWNSHIELD:0.507755397975724
CE_PIECECOORDINATION:0.4950341677034091
CE_MATERIAL:0.49156962649484465
CE_KINGSAFETY:0.4847493987738476
C_PIECESQUARETABLES:0.4785210671877308
C_MOBILITY:0.45399443553953667
C_KINGSAFETY:0.5021418196275028
C_PAWNSTRUCTURE:0.47188252787886475
C_PIECECOORDINATION:0.49611048545578684
C_ROOKANDPAWNMOVEMENT:0.49611048545578684
C_CENTERCONTROL:0.5201446310475171
C_DEVELOPPIECES:0.5062338619498142
C_MATERIAL:0.4880027477038189
C_MOVECOUNT:0.5457532930948482
