ELO:842
CE_PASSEDPAWNS:0.5243131194107967
CE_PAWNWEAKNESSES:0.5221631832876961
CE_PIECEACTIVITY:0.4992497567651368
CE_KINGPAWNSHIELD:0.4433712654796612
CE_PIECECOORDINATION:0.5338249196330026
CE_MATERIAL:0.4505979295085991
CE_KINGSAFETY:0.5259209502767989
C_PIECESQUARETABLES:0.5119404071092301
C_MOBILITY:0.48988184088885917
C_KINGSAFETY:0.41432120984330734
C_PAWNSTRUCTURE:0.4944186448501551
C_PIECECOORDINATION:0.462392416194311
C_ROOKANDPAWNMOVEMENT:0.462392416194311
C_CENTERCONTROL:0.48553166055302766
C_DEVELOPPIECES:0.5067907745369603
C_MATERIAL:0.5043968318308027
C_MOVECOUNT:0.5001505824452296
