ELO:940
CE_PASSEDPAWNS:0.5179961285563723
CE_PAWNWEAKNESSES:0.5180612210356618
CE_PIECEACTIVITY:0.4819233324908743
CE_KINGPAWNSHIELD:0.48580160005361783
CE_PIECECOORDINATION:0.4817194285472058
CE_MATERIAL:0.49852686395922563
CE_KINGSAFETY:0.5052810137807189
C_PIECESQUARETABLES:0.491562864299071
C_MOBILITY:0.5246461389197665
C_KINGSAFETY:0.4855175379567432
C_PAWNSTRUCTURE:0.49444791889028444
C_PIECECOORDINATION:0.5028965927312101
C_ROOK:0.4999542883182336
CE_ROOK:0.4705429424208279
C_CENTERCONTROL:0.4825450525055248
C_DEVELOPPIECES:0.4805626928890999
C_MATERIAL:0.5188258735407862
C_MOVECOUNT:0.4996548825806483
C_PAWNMOVEMENT:0.49874222217894815
