ELO:995
CE_PASSEDPAWNS:0.5087198533716549
CE_PAWNWEAKNESSES:0.49808066364187614
CE_PIECEACTIVITY:0.5147738312247219
CE_KINGPAWNSHIELD:0.4979890784466532
CE_PIECECOORDINATION:0.5010664276294313
CE_MATERIAL:0.5030075251014996
CE_KINGSAFETY:0.4890305088746109
C_PIECESQUARETABLES:0.515446059336588
C_MOBILITY:0.49946803260838796
C_KINGSAFETY:0.4898978839106201
C_PAWNSTRUCTURE:0.5061358828922746
C_PIECECOORDINATION:0.5023902023220663
C_ROOK:0.5091452935387798
CE_ROOK:0.5
C_CENTERCONTROL:0.5054526694904439
C_DEVELOPPIECES:0.5
C_MATERIAL:0.511752379759539
C_MOVECOUNT:0.5179549636276911
C_PAWNMOVEMENT:0.4590675100239037
