ELO:930
CE_PASSEDPAWNS:0.5162499533611529
CE_PAWNWEAKNESSES:0.5096267009202573
CE_PIECEACTIVITY:0.48634175075636443
CE_KINGPAWNSHIELD:0.4833507640055185
CE_PIECECOORDINATION:0.4813220529431337
CE_MATERIAL:0.5075676244883651
CE_KINGSAFETY:0.5028337977683321
C_PIECESQUARETABLES:0.5040607525173052
C_MOBILITY:0.5156180079966114
C_KINGSAFETY:0.4970582692034506
C_PAWNSTRUCTURE:0.4676303210212996
C_PIECECOORDINATION:0.5072371392138382
C_ROOK:0.5103492295320334
CE_ROOK:0.4924948212133502
C_CENTERCONTROL:0.4704387092601255
C_DEVELOPPIECES:0.4926307596933241
C_MATERIAL:0.4995809329138934
C_MOVECOUNT:0.4969808570257167
C_PAWNMOVEMENT:0.4918112799586928
