ELO:1000
CE_PASSEDPAWNS:0.4904551236439602
CE_PAWNWEAKNESSES:0.48014742661060217
CE_PIECEACTIVITY:0.510993056490394
CE_KINGPAWNSHIELD:0.5104399833415075
CE_PIECECOORDINATION:0.4958840538655712
CE_MATERIAL:0.5121504140788371
CE_KINGSAFETY:0.4770186728939406
C_PIECESQUARETABLES:0.4839995997773285
C_MOBILITY:0.48599208627718493
C_KINGSAFETY:0.511082955054386
C_PAWNSTRUCTURE:0.5035470025210727
C_PIECECOORDINATION:0.5046672442042255
C_ROOKANDPAWNMOVEMENT:0.5046672442042255
C_CENTERCONTROL:0.5054035761757276
C_DEVELOPPIECES:0.4903277713102038
C_MATERIAL:0.5
