ELO:1000
CE_PASSEDPAWNS:0.5534286003761816
CE_PAWNWEAKNESSES:0.49669142656301424
CE_PIECEACTIVITY:0.5432538508389156
CE_KINGPAWNSHIELD:0.5073906217208222
CE_PIECECOORDINATION:0.5274542348345735
CE_MATERIAL:0.46509199698068704
CE_KINGSAFETY:0.5108845760106204
C_PIECESQUARETABLES:0.4648588664748475
C_MOBILITY:0.49365860396318684
C_KINGSAFETY:0.5350747242707801
C_PAWNSTRUCTURE:0.49515156118845866
C_PIECECOORDINATION:0.529177525196027
C_ROOKANDPAWNMOVEMENT:0.529177525196027
C_CENTERCONTROL:0.4645331741612763
C_DEVELOPPIECES:0.49999894093021885
C_MATERIAL:0.4677436315823945
