ELO:964
CE_PASSEDPAWNS:0.5032115491175017
CE_PAWNWEAKNESSES:0.4963918641094843
CE_PIECEACTIVITY:0.4669945556985821
CE_KINGPAWNSHIELD:0.4155113751696943
CE_PIECECOORDINATION:0.541911790997849
CE_MATERIAL:0.48787532899215247
CE_KINGSAFETY:0.5057067270158029
C_PIECESQUARETABLES:0.5002784227406832
C_MOBILITY:0.4960834876060091
C_KINGSAFETY:0.5295418629011529
C_PAWNSTRUCTURE:0.4191802286469416
C_PIECECOORDINATION:0.5109841086042487
C_ROOKANDPAWNMOVEMENT:0.5109841086042487
C_CENTERCONTROL:0.4832107348764437
C_DEVELOPPIECES:0.40197774971963113
C_MATERIAL:0.555516819964677
C_MOVECOUNT:0.5
