ELO:980
CE_PASSEDPAWNS:0.5062361560421166
CE_PAWNWEAKNESSES:0.5181486963795972
CE_PIECEACTIVITY:0.4819233324908743
CE_KINGPAWNSHIELD:0.4916710732714489
CE_PIECECOORDINATION:0.48915811676086524
CE_MATERIAL:0.5009624270597423
CE_KINGSAFETY:0.4879680613045461
C_PIECESQUARETABLES:0.4988710253386772
C_MOBILITY:0.5379108937917058
C_KINGSAFETY:0.49185653533979606
C_PAWNSTRUCTURE:0.5045818740968242
C_PIECECOORDINATION:0.5231014523841186
C_ROOK:0.4999542883182336
CE_ROOK:0.4705429424208279
C_CENTERCONTROL:0.498663864131199
C_DEVELOPPIECES:0.4948806690352843
C_MATERIAL:0.5301450734445656
C_MOVECOUNT:0.4996548825806483
C_PAWNMOVEMENT:0.4876200799083955
