ELO:915
CE_PASSEDPAWNS:0.540558011015286
CE_PAWNWEAKNESSES:0.5081192281885814
CE_PIECEACTIVITY:0.4819233324908743
CE_KINGPAWNSHIELD:0.49428559754511364
CE_PIECECOORDINATION:0.47394303029754004
CE_MATERIAL:0.49852686395922563
CE_KINGSAFETY:0.49850769368309333
C_PIECESQUARETABLES:0.491562864299071
C_MOBILITY:0.5246461389197665
C_KINGSAFETY:0.4855175379567432
C_PAWNSTRUCTURE:0.49010611504550183
C_PIECECOORDINATION:0.5035420964659243
C_ROOK:0.4999542883182336
CE_ROOK:0.4611683990947819
C_CENTERCONTROL:0.4825450525055248
C_DEVELOPPIECES:0.47696831825537367
C_MATERIAL:0.5188258735407862
C_MOVECOUNT:0.5014495300642366
C_PAWNMOVEMENT:0.4968593915084709
