ELO:962
CE_PASSEDPAWNS:0.5130359174287161
CE_PAWNWEAKNESSES:0.5067511026222711
CE_PIECEACTIVITY:0.4741606596245457
CE_KINGPAWNSHIELD:0.4833507640055185
CE_PIECECOORDINATION:0.49146675012249713
CE_MATERIAL:0.5087067349502359
CE_KINGSAFETY:0.494087843782295
C_PIECESQUARETABLES:0.5
C_MOBILITY:0.5156180079966114
C_KINGSAFETY:0.4781807998934741
C_PAWNSTRUCTURE:0.4746514414930158
C_PIECECOORDINATION:0.5080331020052523
C_ROOK:0.49010168125067866
CE_ROOK:0.4924948212133502
C_CENTERCONTROL:0.4651513551658753
C_DEVELOPPIECES:0.49589596147669646
C_MATERIAL:0.4995809329138934
C_MOVECOUNT:0.4969808570257167
C_PAWNMOVEMENT:0.4807904767779419
