ELO:932
CE_PASSEDPAWNS:0.5052784123529993
CE_PAWNWEAKNESSES:0.4698910001386362
CE_PIECEACTIVITY:0.533452387700205
CE_KINGPAWNSHIELD:0.4337418685534568
CE_PIECECOORDINATION:0.5082554120374155
CE_MATERIAL:0.49199108893204374
CE_KINGSAFETY:0.510010503143709
C_PIECESQUARETABLES:0.49911241516643057
C_MOBILITY:0.5185884659286136
C_KINGSAFETY:0.5078073035864351
C_PAWNSTRUCTURE:0.580618834221905
C_PIECECOORDINATION:0.511842714173339
C_ROOKANDPAWNMOVEMENT:0.511842714173339
C_CENTERCONTROL:0.43738510720536544
C_DEVELOPPIECES:0.4897228681786445
C_MATERIAL:0.3855347666637849
