ELO:988
CE_PASSEDPAWNS:0.5259745819445036
CE_PAWNWEAKNESSES:0.5128889835512717
CE_PIECEACTIVITY:0.5211010280011655
CE_KINGPAWNSHIELD:0.4014225303919603
CE_PIECECOORDINATION:0.44538019471221774
CE_MATERIAL:0.5548648161793022
CE_KINGSAFETY:0.4949002095318386
C_PIECESQUARETABLES:0.5
C_MOBILITY:0.49518446282672646
C_KINGSAFETY:0.5118961167478732
C_PAWNSTRUCTURE:0.5006281247243053
C_PIECECOORDINATION:0.5394690157530535
C_ROOKANDPAWNMOVEMENT:0.5394690157530535
C_CENTERCONTROL:0.3976101602692124
C_DEVELOPPIECES:0.5067495606305472
C_MATERIAL:0.5902678983201064
