ELO:1006
CE_PASSEDPAWNS:0.4724270669421991
CE_PAWNWEAKNESSES:0.49636368001316034
CE_PIECEACTIVITY:0.534599320488009
CE_KINGPAWNSHIELD:0.4593416599547342
CE_PIECECOORDINATION:0.5042110828887596
CE_MATERIAL:0.4845915157124527
CE_KINGSAFETY:0.48899188937367793
C_PIECESQUARETABLES:0.5085050653708111
C_MOBILITY:0.5191540025452968
C_KINGSAFETY:0.5351789775759725
C_PAWNSTRUCTURE:0.5692137085516686
C_PIECECOORDINATION:0.5443805769174292
C_ROOKANDPAWNMOVEMENT:0.5443805769174292
C_CENTERCONTROL:0.39886237299574734
C_DEVELOPPIECES:0.48295944586953027
C_MATERIAL:0.44753747543370404
