ELO:1000
CE_PASSEDPAWNS:0.4955724162334992
CE_PAWNWEAKNESSES:0.49180899159239266
CE_PIECEACTIVITY:0.48458905807097397
CE_KINGPAWNSHIELD:0.5180982967792603
CE_PIECECOORDINATION:0.5290536220271247
CE_MATERIAL:0.5615562170415674
CE_KINGSAFETY:0.5141084078605757
C_PIECESQUARETABLES:0.5234459361353884
C_MOBILITY:0.4721517590695589
C_KINGSAFETY:0.5294503809033658
C_PAWNSTRUCTURE:0.49898349582310575
C_PIECECOORDINATION:0.5139631736883297
C_ROOKANDPAWNMOVEMENT:0.5139631736883297
C_CENTERCONTROL:0.49644074838330404
C_DEVELOPPIECES:0.5011187883430325
C_MATERIAL:0.5042542177032904
