ELO:884
CE_PASSEDPAWNS:0.4788326129023404
CE_PAWNWEAKNESSES:0.49115698289358334
CE_PIECEACTIVITY:0.5125943519538934
CE_KINGPAWNSHIELD:0.4344553211202183
CE_PIECECOORDINATION:0.5096162917085999
CE_MATERIAL:0.47496972929634457
CE_KINGSAFETY:0.5202693623764454
C_PIECESQUARETABLES:0.5050723908724584
C_MOBILITY:0.5171142046760159
C_KINGSAFETY:0.48685727246796584
C_PAWNSTRUCTURE:0.532094566906708
C_PIECECOORDINATION:0.5429583562101614
C_ROOKANDPAWNMOVEMENT:0.5429583562101614
C_CENTERCONTROL:0.45601603174706906
C_DEVELOPPIECES:0.4806847347074379
C_MATERIAL:0.4932647948632572
C_MOVECOUNT:0.4980614894991749
