ELO:910
CE_PASSEDPAWNS:0.5121812057593236
CE_PAWNWEAKNESSES:0.43891417986548437
CE_PIECEACTIVITY:0.5197413863726431
CE_KINGPAWNSHIELD:0.48599471622724777
CE_PIECECOORDINATION:0.5160526109078467
CE_MATERIAL:0.5599892226509257
CE_KINGSAFETY:0.48973396938447544
C_PIECESQUARETABLES:0.43536268734039774
C_MOBILITY:0.579655869486729
C_KINGSAFETY:0.5000689981220504
C_PAWNSTRUCTURE:0.5910268388563152
C_PIECECOORDINATION:0.4742477019808396
C_ROOKANDPAWNMOVEMENT:0.4742477019808396
C_CENTERCONTROL:0.43590338160367603
C_DEVELOPPIECES:0.49960421599841087
C_MATERIAL:0.515609296467006
