ELO:907
CE_PASSEDPAWNS:0.4773250678934122
CE_PAWNWEAKNESSES:0.4685406363008825
CE_PIECEACTIVITY:0.49070318661492013
CE_KINGPAWNSHIELD:0.4898250866644036
CE_PIECECOORDINATION:0.49925386320441245
CE_MATERIAL:0.5081186048338976
CE_KINGSAFETY:0.47990441957637464
C_PIECESQUARETABLES:0.49699019082837853
C_MOBILITY:0.4896329559522709
C_KINGSAFETY:0.524290563337556
C_PAWNSTRUCTURE:0.5018162141905114
C_PIECECOORDINATION:0.50048938736858
C_ROOKANDPAWNMOVEMENT:0.50048938736858
C_CENTERCONTROL:0.5117140757144533
C_DEVELOPPIECES:0.4648842146677176
C_MATERIAL:0.5091914994967192
