ELO:962
CE_PASSEDPAWNS:0.43614945135892735
CE_PAWNWEAKNESSES:0.5590809451815002
CE_PIECEACTIVITY:0.3470761046011887
CE_KINGPAWNSHIELD:0.49047111950725264
CE_PIECECOORDINATION:0.4676526794093495
CE_MATERIAL:0.4401429336654136
CE_KINGSAFETY:0.49486480504016245
C_PIECESQUARETABLES:0.49273313080530706
C_MOBILITY:0.5287675555692015
C_KINGSAFETY:0.4976491566533701
C_PAWNSTRUCTURE:0.4063867487224768
C_PIECECOORDINATION:0.47949482574788177
C_ROOKANDPAWNMOVEMENT:0.47949482574788177
C_CENTERCONTROL:0.5808990450753347
C_DEVELOPPIECES:0.44670810655312143
C_MATERIAL:0.5745429676684111
