ELO:1000
CE_PASSEDPAWNS:0.5146999193091678
CE_PAWNWEAKNESSES:0.48468432349031454
CE_PIECEACTIVITY:0.48274696196841044
CE_KINGPAWNSHIELD:0.5103053842296177
CE_PIECECOORDINATION:0.5381555948959541
CE_MATERIAL:0.5364328931279092
CE_KINGSAFETY:0.5209100358677988
C_PIECESQUARETABLES:0.5351518546901459
C_MOBILITY:0.48331377874396675
C_KINGSAFETY:0.5284545562968823
C_PAWNSTRUCTURE:0.5086553713624677
C_PIECECOORDINATION:0.5203374729492403
C_ROOKANDPAWNMOVEMENT:0.5203374729492403
C_CENTERCONTROL:0.5052990330796396
C_DEVELOPPIECES:0.51467668271981
C_MATERIAL:0.5093552899720822
