ELO:949
CE_PASSEDPAWNS:0.46084791596870345
CE_PAWNWEAKNESSES:0.5276686826978333
CE_PIECEACTIVITY:0.3483841646657943
CE_KINGPAWNSHIELD:0.4512514800724446
CE_PIECECOORDINATION:0.47727319993178513
CE_MATERIAL:0.44863883264998977
CE_KINGSAFETY:0.5017600834469351
C_PIECESQUARETABLES:0.47910229968534396
C_MOBILITY:0.5134491110626866
C_KINGSAFETY:0.4952101781689552
C_PAWNSTRUCTURE:0.4204679854761271
C_PIECECOORDINATION:0.4618124689789347
C_ROOKANDPAWNMOVEMENT:0.4618124689789347
C_CENTERCONTROL:0.569760414306737
C_DEVELOPPIECES:0.43304604371336813
C_MATERIAL:0.5513703260504855
