ELO:832
CE_PASSEDPAWNS:0.4984491836790837
CE_PAWNWEAKNESSES:0.4395615339677979
CE_PIECEACTIVITY:0.5469039977902123
CE_KINGPAWNSHIELD:0.6142405524525869
CE_PIECECOORDINATION:0.4334918417392663
CE_MATERIAL:0.4807088992575417
CE_KINGSAFETY:0.5
C_PIECESQUARETABLES:0.5
C_MOBILITY:0.4179117867954137
C_KINGSAFETY:0.47908712909753176
C_PAWNSTRUCTURE:0.4624787858680573
C_PIECECOORDINATION:0.3861909833418873
C_ROOKANDPAWNMOVEMENT:0.3861909833418873
C_CENTERCONTROL:0.5582554262185085
C_DEVELOPPIECES:0.4503095233071609
C_MATERIAL:0.611540144890691
C_MOVECOUNT:0.510609629023861
