ELO:964
CE_PASSEDPAWNS:0.49983305858076743
CE_PAWNWEAKNESSES:0.48366979363215845
CE_PIECEACTIVITY:0.5188221432962143
CE_KINGPAWNSHIELD:0.488065875058807
CE_PIECECOORDINATION:0.5130048569262066
CE_MATERIAL:0.5277001967956321
CE_KINGSAFETY:0.5
C_PIECESQUARETABLES:0.5
C_MOBILITY:0.4816494220395201
C_KINGSAFETY:0.4954762245254442
C_PAWNSTRUCTURE:0.5060987135828635
C_PIECECOORDINATION:0.5
C_ROOKANDPAWNMOVEMENT:0.5
C_CENTERCONTROL:0.4776303628515126
C_DEVELOPPIECES:0.4962328251354892
C_MATERIAL:0.46294984863708183
C_MOVECOUNT:0.5
