ELO:958
CE_PASSEDPAWNS:0.47134063062693365
CE_PAWNWEAKNESSES:0.5192153885492183
CE_PIECEACTIVITY:0.4816820550201423
CE_KINGPAWNSHIELD:0.5020093152906465
CE_PIECECOORDINATION:0.5375214357219013
CE_MATERIAL:0.5548797914224554
CE_KINGSAFETY:0.48336102993762503
C_PIECESQUARETABLES:0.4893634356411027
C_MOBILITY:0.4962398102646454
C_KINGSAFETY:0.5084300567353006
C_PAWNSTRUCTURE:0.4772027004845842
C_PIECECOORDINATION:0.531326773709414
C_ROOKANDPAWNMOVEMENT:0.531326773709414
C_CENTERCONTROL:0.5171704147030406
C_DEVELOPPIECES:0.5501377265012897
C_MATERIAL:0.5228949401580456
