ELO:956
CE_PASSEDPAWNS:0.4759868944950609
CE_PAWNWEAKNESSES:0.5192153885492183
CE_PIECEACTIVITY:0.46717829555687107
CE_KINGPAWNSHIELD:0.4991394258708242
CE_PIECECOORDINATION:0.542816148514906
CE_MATERIAL:0.5548797914224554
CE_KINGSAFETY:0.48336102993762503
C_PIECESQUARETABLES:0.4893634356411027
C_MOBILITY:0.4879032988534156
C_KINGSAFETY:0.5063405497778897
C_PAWNSTRUCTURE:0.46768078513875705
C_PIECECOORDINATION:0.5408192274856978
C_ROOKANDPAWNMOVEMENT:0.5408192274856978
C_CENTERCONTROL:0.517612973585102
C_DEVELOPPIECES:0.5501377265012897
C_MATERIAL:0.5124299490605779
