ELO:996
CE_PASSEDPAWNS:0.5457345729423272
CE_PAWNWEAKNESSES:0.5013207738167736
CE_PIECEACTIVITY:0.5115517959390631
CE_KINGPAWNSHIELD:0.41814064358575637
CE_PIECECOORDINATION:0.6150913326575678
CE_MATERIAL:0.5466188401148204
CE_KINGSAFETY:0.5087239472723033
C_PIECESQUARETABLES:0.5
C_MOBILITY:0.49816549280442246
C_KINGSAFETY:0.5077087654596292
C_PAWNSTRUCTURE:0.6252974550310533
C_PIECECOORDINATION:0.5267799962752057
C_ROOKANDPAWNMOVEMENT:0.5267799962752057
C_CENTERCONTROL:0.35858337551177144
C_DEVELOPPIECES:0.518840667322234
C_MATERIAL:0.5855459770780688
