ELO:784
CE_PASSEDPAWNS:0.48654502623072365
CE_PAWNWEAKNESSES:0.5852973944197654
CE_PIECEACTIVITY:0.4827104746350358
CE_KINGPAWNSHIELD:0.5085925132830351
CE_PIECECOORDINATION:0.44794308006867095
CE_MATERIAL:0.4893843469820836
CE_KINGSAFETY:0.45964560479455335
C_PIECESQUARETABLES:0.4916007555136332
C_MOBILITY:0.5955373614355267
C_KINGSAFETY:0.500263927342536
C_PAWNSTRUCTURE:0.4900784438083062
C_PIECECOORDINATION:0.5772511076221625
C_ROOKANDPAWNMOVEMENT:0.5772511076221625
C_CENTERCONTROL:0.5354038801859359
C_DEVELOPPIECES:0.4335736469266149
C_MATERIAL:0.4146514558066547
C_MOVECOUNT:0.5
