ELO:902
CE_PASSEDPAWNS:0.461703126521086
CE_PAWNWEAKNESSES:0.519944304160772
CE_PIECEACTIVITY:0.34696099917848483
CE_KINGPAWNSHIELD:0.3897738737491836
CE_PIECECOORDINATION:0.43534993959762935
CE_MATERIAL:0.4749767405557999
CE_KINGSAFETY:0.5089431902644761
C_PIECESQUARETABLES:0.4939707789453528
C_MOBILITY:0.521259382217181
C_KINGSAFETY:0.5012530851048831
C_PAWNSTRUCTURE:0.4430956039977825
C_PIECECOORDINATION:0.5602008563780577
C_ROOKANDPAWNMOVEMENT:0.5602008563780577
C_CENTERCONTROL:0.5717958958853521
C_DEVELOPPIECES:0.43978095310594256
C_MATERIAL:0.5418452431971581
