ELO:982
CE_PASSEDPAWNS:0.4990039716392384
CE_PAWNWEAKNESSES:0.4974663646033221
CE_PIECEACTIVITY:0.5164216784200076
CE_KINGPAWNSHIELD:0.4901731041338672
CE_PIECECOORDINATION:0.5074816951749341
CE_MATERIAL:0.5087522260470262
CE_KINGSAFETY:0.5
C_PIECESQUARETABLES:0.5155016878354198
C_MOBILITY:0.5040113667371453
C_KINGSAFETY:0.5
C_PAWNSTRUCTURE:0.4900944976785987
C_PIECECOORDINATION:0.47900439434931097
C_ROOKANDPAWNMOVEMENT:0.47900439434931097
C_CENTERCONTROL:0.4971484510887184
C_DEVELOPPIECES:0.5037317539606128
C_MATERIAL:0.49787498563794036
C_MOVECOUNT:0.5183461103249593
