ELO:993
CE_PASSEDPAWNS:0.5051724789907589
CE_PAWNWEAKNESSES:0.48833723668701784
CE_PIECEACTIVITY:0.5097379305053832
CE_KINGPAWNSHIELD:0.49408028697039436
CE_PIECECOORDINATION:0.47116814511333405
CE_MATERIAL:0.49586586860969845
CE_KINGSAFETY:0.5158362031596488
C_PIECESQUARETABLES:0.49790132578253643
C_MOBILITY:0.49872222433445484
C_KINGSAFETY:0.5169531492961862
C_PAWNSTRUCTURE:0.5184053312552618
C_PIECECOORDINATION:0.5098554938510563
C_ROOK:0.5
CE_ROOK:0.5
C_CENTERCONTROL:0.4881752091815096
C_DEVELOPPIECES:0.49015988101561453
C_MATERIAL:0.4873156899945366
C_MOVECOUNT:0.49653411258653446
C_PAWNMOVEMENT:0.5
