ELO:1000
CE_PASSEDPAWNS:0.5046869483355931
CE_PAWNWEAKNESSES:0.4842106545927958
CE_PIECEACTIVITY:0.49027425879821246
CE_KINGPAWNSHIELD:0.5258190128238089
CE_PIECECOORDINATION:0.5391178574917541
CE_MATERIAL:0.5585361928687281
CE_KINGSAFETY:0.5243801759019423
C_PIECESQUARETABLES:0.526107996323661
C_MOBILITY:0.45474627080496155
C_KINGSAFETY:0.5254533457733592
C_PAWNSTRUCTURE:0.5061516745619914
C_PIECECOORDINATION:0.5161709193135882
C_ROOKANDPAWNMOVEMENT:0.5161709193135882
C_CENTERCONTROL:0.5034874679617208
C_DEVELOPPIECES:0.49649282322685523
C_MATERIAL:0.5093552899720822
