ELO:949
CE_PASSEDPAWNS:0.47894753847605676
CE_PAWNWEAKNESSES:0.4877674247527577
CE_PIECEACTIVITY:0.4973384863272521
CE_KINGPAWNSHIELD:0.46029321384249877
CE_PIECECOORDINATION:0.5168033572413528
CE_MATERIAL:0.5036491465185675
CE_KINGSAFETY:0.5
C_PIECESQUARETABLES:0.5043254096258689
C_MOBILITY:0.5
C_KINGSAFETY:0.494152458239774
C_PAWNSTRUCTURE:0.5109428705582615
C_PIECECOORDINATION:0.5054033337492273
C_ROOKANDPAWNMOVEMENT:0.5054033337492273
C_CENTERCONTROL:0.4739095170512235
C_DEVELOPPIECES:0.48931185053125886
C_MATERIAL:0.4903163881007407
C_MOVECOUNT:0.4979106600213102
