ELO:980
CE_PASSEDPAWNS:0.4743282043435242
CE_PAWNWEAKNESSES:0.5088910743640743
CE_PIECEACTIVITY:0.517945054164554
CE_KINGPAWNSHIELD:0.5012390831473273
CE_PIECECOORDINATION:0.5237769728044414
CE_MATERIAL:0.5311790891442918
CE_KINGSAFETY:0.49761776112297584
C_PIECESQUARETABLES:0.5
C_MOBILITY:0.5037030916785137
C_KINGSAFETY:0.5274595124447721
C_PAWNSTRUCTURE:0.49198450316795816
C_PIECECOORDINATION:0.5177875833416671
C_ROOKANDPAWNMOVEMENT:0.5177875833416671
C_CENTERCONTROL:0.5003364840090287
C_DEVELOPPIECES:0.5076119423300068
C_MATERIAL:0.4930190466871746
C_MOVECOUNT:0.5
