ELO:1017
CE_PASSEDPAWNS:0.5034507561763385
CE_PAWNWEAKNESSES:0.503933769595215
CE_PIECEACTIVITY:0.5099643044653721
CE_KINGPAWNSHIELD:0.4957494380202444
CE_PIECECOORDINATION:0.5254639287438814
CE_MATERIAL:0.4990389899205434
CE_KINGSAFETY:0.5
C_PIECESQUARETABLES:0.49843576163088604
C_MOBILITY:0.5026778807748807
C_KINGSAFETY:0.5
C_PAWNSTRUCTURE:0.5152175550557272
C_PIECECOORDINATION:0.5224515018825217
C_ROOK:0.511476189943598
CE_ROOK:0.5115540037442572
C_CENTERCONTROL:0.4869144050227749
C_DEVELOPPIECES:0.5271781048189464
C_MATERIAL:0.49706480786024376
C_MOVECOUNT:0.48314016934763326
C_PAWNMOVEMENT:0.5124955770113537
