ELO:1005
CE_PASSEDPAWNS:0.5068493498185143
CE_PAWNWEAKNESSES:0.4679835109679804
CE_PIECEACTIVITY:0.4801140643040157
CE_KINGPAWNSHIELD:0.4875888418607583
CE_PIECECOORDINATION:0.4945324270760551
CE_MATERIAL:0.5266114526051692
CE_KINGSAFETY:0.5144017495641056
C_PIECESQUARETABLES:0.5070434633384107
C_MOBILITY:0.49676357592563153
C_KINGSAFETY:0.4985381983791365
C_PAWNSTRUCTURE:0.4912806995589969
C_PIECECOORDINATION:0.5211195403150456
C_ROOK:0.5222697156187844
CE_ROOK:0.4964560462678721
C_CENTERCONTROL:0.5008867309420275
C_DEVELOPPIECES:0.4647401750342283
C_MATERIAL:0.48217609310393933
C_MOVECOUNT:0.5157123882180779
C_PAWNMOVEMENT:0.5260459540625663
