ELO:988
CE_PASSEDPAWNS:0.5084498282893507
CE_PAWNWEAKNESSES:0.5128889835512717
CE_PIECEACTIVITY:0.5115517959390631
CE_KINGPAWNSHIELD:0.41330952204867455
CE_PIECECOORDINATION:0.43872841192981876
CE_MATERIAL:0.5709368909004146
CE_KINGSAFETY:0.49593622469621623
C_PIECESQUARETABLES:0.4769666858952451
C_MOBILITY:0.4754762488685398
C_KINGSAFETY:0.5094530485795095
C_PAWNSTRUCTURE:0.48987718739466574
C_PIECECOORDINATION:0.5279536809013019
C_ROOKANDPAWNMOVEMENT:0.5279536809013019
C_CENTERCONTROL:0.3976101602692124
C_DEVELOPPIECES:0.5005600999977399
C_MATERIAL:0.5902678983201064
