ELO:1000
CE_PASSEDPAWNS:0.5069613087307789
CE_PAWNWEAKNESSES:0.5057736417851514
CE_PIECEACTIVITY:0.48356014527893726
CE_KINGPAWNSHIELD:0.5149796813863226
CE_PIECECOORDINATION:0.4814833199169655
CE_MATERIAL:0.5
CE_KINGSAFETY:0.5179101126302218
C_PIECESQUARETABLES:0.5119277388305297
C_MOBILITY:0.5079084427920395
C_KINGSAFETY:0.4952295270405045
C_PAWNSTRUCTURE:0.5
C_PIECECOORDINATION:0.49882442157008006
C_ROOKANDPAWNMOVEMENT:0.49882442157008006
C_CENTERCONTROL:0.4876134260240992
C_DEVELOPPIECES:0.5015251072963521
C_MATERIAL:0.49324676620420843
