ELO:995
CE_PASSEDPAWNS:0.515364408370774
CE_PAWNWEAKNESSES:0.4760198038848592
CE_PIECEACTIVITY:0.4873743810058223
CE_KINGPAWNSHIELD:0.5011713753312251
CE_PIECECOORDINATION:0.5134567127927058
CE_MATERIAL:0.5194418204962375
CE_KINGSAFETY:0.5
C_PIECESQUARETABLES:0.4919937160683025
C_MOBILITY:0.4787784049293794
C_KINGSAFETY:0.47234914940353745
C_PAWNSTRUCTURE:0.4921923989580593
C_PIECECOORDINATION:0.5249305068408128
C_ROOK:0.4884217645058831
CE_ROOK:0.46310157448571826
C_CENTERCONTROL:0.5038596439939428
C_DEVELOPPIECES:0.4956866279773438
C_MATERIAL:0.4482163663892376
C_MOVECOUNT:0.4843714213506421
C_PAWNMOVEMENT:0.48413740621238494
