ELO:1087
CE_PASSEDPAWNS:0.6476646333740852
CE_PAWNWEAKNESSES:0.4682831454414356
CE_PIECEACTIVITY:0.5179715021909795
CE_KINGPAWNSHIELD:0.4822169036296919
CE_PIECECOORDINATION:0.4987647350501778
CE_MATERIAL:0.44171717842229286
CE_KINGSAFETY:0.5188490664481336
C_PIECESQUARETABLES:0.5124095819759928
C_MOBILITY:0.5315277421004153
C_KINGSAFETY:0.5163294222041723
C_PAWNSTRUCTURE:0.43097009395128055
C_PIECECOORDINATION:0.4883498580309582
C_ROOKANDPAWNMOVEMENT:0.4883498580309582
C_CENTERCONTROL:0.5916556751746048
C_DEVELOPPIECES:0.4966634356877781
C_MATERIAL:0.42271374148430957
