ELO:999
CE_PASSEDPAWNS:0.4948683698299192
CE_PAWNWEAKNESSES:0.4665497949682924
CE_PIECEACTIVITY:0.50709152057394
CE_KINGPAWNSHIELD:0.5062587360338713
CE_PIECECOORDINATION:0.49556511454275265
CE_MATERIAL:0.49823102157204746
CE_KINGSAFETY:0.49748187012682055
C_PIECESQUARETABLES:0.5
C_MOBILITY:0.5
C_KINGSAFETY:0.5114470892439906
C_PAWNSTRUCTURE:0.5013354868804364
C_PIECECOORDINATION:0.5107642546729634
C_ROOK:0.5185160696619353
CE_ROOK:0.5
C_CENTERCONTROL:0.4863574012563894
C_DEVELOPPIECES:0.4907125374111173
C_MATERIAL:0.49421823555612726
C_MOVECOUNT:0.512027924387326
C_PAWNMOVEMENT:0.5160156422302375
