ELO:970
CE_PASSEDPAWNS:0.5002950424780535
CE_PAWNWEAKNESSES:0.4786334723791399
CE_PIECEACTIVITY:0.504392490267486
CE_KINGPAWNSHIELD:0.46388850591029057
CE_PIECECOORDINATION:0.5190967347677806
CE_MATERIAL:0.48745270515829425
CE_KINGSAFETY:0.4895605135659422
C_PIECESQUARETABLES:0.5
C_MOBILITY:0.5254793556882357
C_KINGSAFETY:0.5325220510405383
C_PAWNSTRUCTURE:0.5
C_PIECECOORDINATION:0.5419133790737515
C_ROOK:0.45064530416012205
CE_ROOK:0.5211855721619457
C_CENTERCONTROL:0.512843276845775
C_DEVELOPPIECES:0.4689354572359715
C_MATERIAL:0.5501757967534687
C_MOVECOUNT:0.48021241885343807
C_PAWNMOVEMENT:0.5073736523930757
