ELO:929
CE_PASSEDPAWNS:0.452279320785738
CE_PAWNWEAKNESSES:0.4777520967787993
CE_PIECEACTIVITY:0.48822323064738826
CE_KINGPAWNSHIELD:0.4969073568205093
CE_PIECECOORDINATION:0.5223171078826485
CE_MATERIAL:0.5176058919448691
CE_KINGSAFETY:0.5071332183468187
C_PIECESQUARETABLES:0.5
C_MOBILITY:0.5149980919543689
C_KINGSAFETY:0.5034087621368907
C_PAWNSTRUCTURE:0.5460748635481701
C_PIECECOORDINATION:0.4828392785250406
C_ROOKANDPAWNMOVEMENT:0.4828392785250406
C_CENTERCONTROL:0.4894282900999005
C_DEVELOPPIECES:0.5189325327113149
C_MATERIAL:0.48274849884622045
