ELO:989
CE_PASSEDPAWNS:0.457622977282254
CE_PAWNWEAKNESSES:0.5198729900693126
CE_PIECEACTIVITY:0.43297755433477453
CE_KINGPAWNSHIELD:0.4984477041365352
CE_PIECECOORDINATION:0.4493799926453488
CE_MATERIAL:0.473117142619289
CE_KINGSAFETY:0.4977030218375666
C_PIECESQUARETABLES:0.4890249075647805
C_MOBILITY:0.5161127195553282
C_KINGSAFETY:0.510881798704389
C_PAWNSTRUCTURE:0.420727181554649
C_PIECECOORDINATION:0.5160631019474803
C_ROOKANDPAWNMOVEMENT:0.5160631019474803
C_CENTERCONTROL:0.5273310313117205
C_DEVELOPPIECES:0.4851756985932016
C_MATERIAL:0.5699747657766144
