ELO:901
CE_PASSEDPAWNS:0.461703126521086
CE_PAWNWEAKNESSES:0.5094200851477576
CE_PIECEACTIVITY:0.34696099917848483
CE_KINGPAWNSHIELD:0.3890124141606131
CE_PIECECOORDINATION:0.43534993959762935
CE_MATERIAL:0.4749767405557999
CE_KINGSAFETY:0.5089431902644761
C_PIECESQUARETABLES:0.4939707789453528
C_MOBILITY:0.521259382217181
C_KINGSAFETY:0.5012530851048831
C_PAWNSTRUCTURE:0.4344992444102167
C_PIECECOORDINATION:0.5703452830144431
C_ROOKANDPAWNMOVEMENT:0.5703452830144431
C_CENTERCONTROL:0.5717958958853521
C_DEVELOPPIECES:0.43978095310594256
C_MATERIAL:0.5435925195273862
