ELO:964
CE_PASSEDPAWNS:0.43313862535234804
CE_PAWNWEAKNESSES:0.5479046667901936
CE_PIECEACTIVITY:0.37063630189103935
CE_KINGPAWNSHIELD:0.49513517823171005
CE_PIECECOORDINATION:0.4479447239199881
CE_MATERIAL:0.4469046491095696
CE_KINGSAFETY:0.4969260391038728
C_PIECESQUARETABLES:0.5167326691224611
C_MOBILITY:0.5158913024101979
C_KINGSAFETY:0.4976491566533701
C_PAWNSTRUCTURE:0.41985454317573034
C_PIECECOORDINATION:0.478788473045812
C_ROOKANDPAWNMOVEMENT:0.478788473045812
C_CENTERCONTROL:0.5744226391900108
C_DEVELOPPIECES:0.4438597988926806
C_MATERIAL:0.5717124871656378
