ELO:888
CE_PASSEDPAWNS:0.5130267123844188
CE_PAWNWEAKNESSES:0.5595277986880158
CE_PIECEACTIVITY:0.4755941656097464
CE_KINGPAWNSHIELD:0.5232076304943852
CE_PIECECOORDINATION:0.5030783171192359
CE_MATERIAL:0.5108822290528722
CE_KINGSAFETY:0.537727534638371
C_PIECESQUARETABLES:0.5328856563895441
C_MOBILITY:0.5826600508578648
C_KINGSAFETY:0.4928271471213362
C_PAWNSTRUCTURE:0.4901480832232194
C_PIECECOORDINATION:0.4849073875822987
C_ROOKANDPAWNMOVEMENT:0.4849073875822987
C_CENTERCONTROL:0.496563774197263
C_DEVELOPPIECES:0.5581290461732595
C_MATERIAL:0.5333045953682407
C_MOVECOUNT:0.5
