ELO:991
CE_PASSEDPAWNS:0.5
CE_PAWNWEAKNESSES:0.510839758732576
CE_PIECEACTIVITY:0.4961527471800393
CE_KINGPAWNSHIELD:0.5
CE_PIECECOORDINATION:0.5123487454434152
CE_MATERIAL:0.4945337139556061
CE_KINGSAFETY:0.5
C_PIECESQUARETABLES:0.5
C_MOBILITY:0.4981892970011626
C_KINGSAFETY:0.5121564070041418
C_PAWNSTRUCTURE:0.5043343658716225
C_PIECECOORDINATION:0.4854513223120983
C_ROOKANDPAWNMOVEMENT:0.4854513223120983
C_CENTERCONTROL:0.4967611645667648
C_DEVELOPPIECES:0.49790952323396204
C_MATERIAL:0.4959106287410889
C_MOVECOUNT:0.5
