ELO:985
CE_PASSEDPAWNS:0.5119980466354433
CE_PAWNWEAKNESSES:0.4910953380407818
CE_PIECEACTIVITY:0.48995142508794187
CE_KINGPAWNSHIELD:0.4892969022253207
CE_PIECECOORDINATION:0.5
CE_MATERIAL:0.4959473298569466
CE_KINGSAFETY:0.5046711205864235
C_PIECESQUARETABLES:0.49713540720226534
C_MOBILITY:0.5116078753323758
C_KINGSAFETY:0.5
C_PAWNSTRUCTURE:0.49103749463865853
C_PIECECOORDINATION:0.5
C_ROOKANDPAWNMOVEMENT:0.5
C_CENTERCONTROL:0.5021266044131767
C_DEVELOPPIECES:0.5
C_MATERIAL:0.5006947838435584
C_MOVECOUNT:0.5
