ELO:934
CE_PASSEDPAWNS:0.4377780524644786
CE_PAWNWEAKNESSES:0.4786881732471901
CE_PIECEACTIVITY:0.4813965309752288
CE_KINGPAWNSHIELD:0.49543727983790165
CE_PIECECOORDINATION:0.5139151915268544
CE_MATERIAL:0.5177061526405201
CE_KINGSAFETY:0.5071185309697381
C_PIECESQUARETABLES:0.5094926126972015
C_MOBILITY:0.5114215933302418
C_KINGSAFETY:0.49981786068106865
C_PAWNSTRUCTURE:0.5431550100955373
C_PIECECOORDINATION:0.4709748380138214
C_ROOKANDPAWNMOVEMENT:0.4709748380138214
C_CENTERCONTROL:0.4921198949988545
C_DEVELOPPIECES:0.5090465245169925
C_MATERIAL:0.475203787392257
