ELO:1000
CE_PASSEDPAWNS:0.4863614611093512
CE_PAWNWEAKNESSES:0.49201702117668267
CE_PIECEACTIVITY:0.492814168984918
CE_KINGPAWNSHIELD:0.5118633676838396
CE_PIECECOORDINATION:0.5249366323890562
CE_MATERIAL:0.5441723635212307
CE_KINGSAFETY:0.517675551155272
C_PIECESQUARETABLES:0.5152350933759481
C_MOBILITY:0.4595729137231973
C_KINGSAFETY:0.5279629417419899
C_PAWNSTRUCTURE:0.4959419339010244
C_PIECECOORDINATION:0.5104820893960411
C_ROOKANDPAWNMOVEMENT:0.5104820893960411
C_CENTERCONTROL:0.4898196278244939
C_DEVELOPPIECES:0.510031322946505
C_MATERIAL:0.5143458043277487
