ELO:900
CE_PASSEDPAWNS:0.48816699158215004
CE_PAWNWEAKNESSES:0.5076688030593186
CE_PIECEACTIVITY:0.3661112079696325
CE_KINGPAWNSHIELD:0.39329586373191305
CE_PIECECOORDINATION:0.4207221315896407
CE_MATERIAL:0.454072226553207
CE_KINGSAFETY:0.47739620187086745
C_PIECESQUARETABLES:0.4846935549553836
C_MOBILITY:0.5171068180527575
C_KINGSAFETY:0.5204836321364341
C_PAWNSTRUCTURE:0.4103118344296899
C_PIECECOORDINATION:0.5612936876054753
C_ROOKANDPAWNMOVEMENT:0.5612936876054753
C_CENTERCONTROL:0.5686175342151523
C_DEVELOPPIECES:0.4338373973201766
C_MATERIAL:0.5157374983712787
