ELO:1008
CE_PASSEDPAWNS:0.4948683698299192
CE_PAWNWEAKNESSES:0.47072048378408665
CE_PIECEACTIVITY:0.4801140643040157
CE_KINGPAWNSHIELD:0.499040184888399
CE_PIECECOORDINATION:0.4925057744021683
CE_MATERIAL:0.5151167674013287
CE_KINGSAFETY:0.5074753704633296
C_PIECESQUARETABLES:0.49546322226738176
C_MOBILITY:0.49676357592563153
C_KINGSAFETY:0.4985381983791365
C_PAWNSTRUCTURE:0.5013354868804364
C_PIECECOORDINATION:0.5103030915100882
C_ROOK:0.5133854393124287
CE_ROOK:0.5
C_CENTERCONTROL:0.506566904274539
C_DEVELOPPIECES:0.4647401750342283
C_MATERIAL:0.48217609310393933
C_MOVECOUNT:0.5157123882180779
C_PAWNMOVEMENT:0.5260459540625663
