ELO:953
CE_PASSEDPAWNS:0.4596767580891139
CE_PAWNWEAKNESSES:0.520454987047386
CE_PIECEACTIVITY:0.35726251942485104
CE_KINGPAWNSHIELD:0.4569684571218927
CE_PIECECOORDINATION:0.46807510024491517
CE_MATERIAL:0.4427353027494575
CE_KINGSAFETY:0.49924696836353355
C_PIECESQUARETABLES:0.45740759394610153
C_MOBILITY:0.5027045065059748
C_KINGSAFETY:0.5063070671369948
C_PAWNSTRUCTURE:0.40234983342308417
C_PIECECOORDINATION:0.4609542115846158
C_ROOKANDPAWNMOVEMENT:0.4609542115846158
C_CENTERCONTROL:0.5659740671112714
C_DEVELOPPIECES:0.41553044687036206
C_MATERIAL:0.5391223749777855
