ELO:1000
CE_PASSEDPAWNS:0.4915752368008696
CE_PAWNWEAKNESSES:0.4930401842708886
CE_PIECEACTIVITY:0.5
CE_KINGPAWNSHIELD:0.5115724449067374
CE_PIECECOORDINATION:0.4955505645113693
CE_MATERIAL:0.4988181813120311
CE_KINGSAFETY:0.5031493725846837
C_PIECESQUARETABLES:0.5115102702150246
C_MOBILITY:0.48951315526936784
C_KINGSAFETY:0.5041181253634852
C_PAWNSTRUCTURE:0.5088857690853767
C_PIECECOORDINATION:0.5006275601964233
C_ROOKANDPAWNMOVEMENT:0.5006275601964233
C_CENTERCONTROL:0.4891863919298052
C_DEVELOPPIECES:0.5089260395100949
C_MATERIAL:0.48737707901922395
