ELO:1088
CE_PASSEDPAWNS:0.6273491274402089
CE_PAWNWEAKNESSES:0.4985459043967137
CE_PIECEACTIVITY:0.4844328347599726
CE_KINGPAWNSHIELD:0.5305684323205426
CE_PIECECOORDINATION:0.5449900128502336
CE_MATERIAL:0.39783305558335186
CE_KINGSAFETY:0.47761667994281987
C_PIECESQUARETABLES:0.48420432762905274
C_MOBILITY:0.4222503642619846
C_KINGSAFETY:0.6097311758592526
C_PAWNSTRUCTURE:0.41819021306042825
C_PIECECOORDINATION:0.44523098086356994
C_ROOKANDPAWNMOVEMENT:0.44523098086356994
C_CENTERCONTROL:0.5190675030311793
C_DEVELOPPIECES:0.5765227371207959
C_MATERIAL:0.3955040832864113
