ELO:1051
CE_PASSEDPAWNS:0.4581353348351347
CE_PAWNWEAKNESSES:0.49935946693842614
CE_PIECEACTIVITY:0.45415367345998564
CE_KINGPAWNSHIELD:0.541012180237429
CE_PIECECOORDINATION:0.5480034498664238
CE_MATERIAL:0.39821832069350804
CE_KINGSAFETY:0.4924027848543287
C_PIECESQUARETABLES:0.4842073238347588
C_MOBILITY:0.40698578309287176
C_KINGSAFETY:0.6272558984847338
C_PAWNSTRUCTURE:0.429119738301916
C_PIECECOORDINATION:0.509409125573932
C_ROOKANDPAWNMOVEMENT:0.509409125573932
C_CENTERCONTROL:0.5241198724591581
C_DEVELOPPIECES:0.5826672823017061
C_MATERIAL:0.4038645889316614
