ELO:988
CE_PASSEDPAWNS:0.5156839845540195
CE_PAWNWEAKNESSES:0.5146435128275281
CE_PIECEACTIVITY:0.5079089744217373
CE_KINGPAWNSHIELD:0.41811925619169543
CE_PIECECOORDINATION:0.44436024073992586
CE_MATERIAL:0.5548648161793022
CE_KINGSAFETY:0.5099439899073313
C_PIECESQUARETABLES:0.5
C_MOBILITY:0.5009564085809315
C_KINGSAFETY:0.498785558244578
C_PAWNSTRUCTURE:0.5006281247243053
C_PIECECOORDINATION:0.5276342836822328
C_ROOKANDPAWNMOVEMENT:0.5276342836822328
C_CENTERCONTROL:0.39989406255849036
C_DEVELOPPIECES:0.5006897898957257
C_MATERIAL:0.5902678983201064
