ELO:889
CE_PASSEDPAWNS:0.45348869553615134
CE_PAWNWEAKNESSES:0.5128150909560126
CE_PIECEACTIVITY:0.48486452550750037
CE_KINGPAWNSHIELD:0.5404695022044058
CE_PIECECOORDINATION:0.42142567316823415
CE_MATERIAL:0.49150448094065285
CE_KINGSAFETY:0.5090946566799749
C_PIECESQUARETABLES:0.5058021014620462
C_MOBILITY:0.45940660024464686
C_KINGSAFETY:0.5067364799233938
C_PAWNSTRUCTURE:0.5045279228887563
C_PIECECOORDINATION:0.4734965875400026
C_ROOKANDPAWNMOVEMENT:0.4734965875400026
C_CENTERCONTROL:0.4751488186714018
C_DEVELOPPIECES:0.4596506589480563
C_MATERIAL:0.5176027248617674
C_MOVECOUNT:0.5
