ELO:1013
CE_PASSEDPAWNS:0.4930422799260162
CE_PAWNWEAKNESSES:0.49424848627625895
CE_PIECEACTIVITY:0.5079562177092062
CE_KINGPAWNSHIELD:0.49853502477334455
CE_PIECECOORDINATION:0.47416014520375893
CE_MATERIAL:0.5
CE_KINGSAFETY:0.5
C_PIECESQUARETABLES:0.5
C_MOBILITY:0.4938999648171093
C_KINGSAFETY:0.48863197829762745
C_PAWNSTRUCTURE:0.49904733053828715
C_PIECECOORDINATION:0.5026672863420318
C_ROOKANDPAWNMOVEMENT:0.5026672863420318
C_CENTERCONTROL:0.5003675250946639
C_DEVELOPPIECES:0.5
C_MATERIAL:0.4882222312053664
