ELO:873
CE_PASSEDPAWNS:0.5441468909976057
CE_PAWNWEAKNESSES:0.4334125463275175
CE_PIECEACTIVITY:0.5281316448819486
CE_KINGPAWNSHIELD:0.5605676480463119
CE_PIECECOORDINATION:0.4699604816684888
CE_MATERIAL:0.42146310336904524
CE_KINGSAFETY:0.5225583504706829
C_PIECESQUARETABLES:0.5512094167713704
C_MOBILITY:0.5367763050645614
C_KINGSAFETY:0.5107253356397536
C_PAWNSTRUCTURE:0.5064780513507086
C_PIECECOORDINATION:0.5584892648464052
C_ROOKANDPAWNMOVEMENT:0.5584892648464052
C_CENTERCONTROL:0.5017732576862295
C_DEVELOPPIECES:0.4445586277524033
C_MATERIAL:0.5254157233627645
C_MOVECOUNT:0.5
