ELO:1000
CE_PASSEDPAWNS:0.5352428869134515
CE_PAWNWEAKNESSES:0.47391812658627325
CE_PIECEACTIVITY:0.4924008802796403
CE_KINGPAWNSHIELD:0.514705782878066
CE_PIECECOORDINATION:0.5046027304175758
CE_MATERIAL:0.5245678816651008
CE_KINGSAFETY:0.5125947290086053
C_PIECESQUARETABLES:0.5198293911835801
C_MOBILITY:0.553322477500623
C_KINGSAFETY:0.5036566741364032
C_PAWNSTRUCTURE:0.47113263908910197
C_PIECECOORDINATION:0.49291351021590324
C_ROOKANDPAWNMOVEMENT:0.49291351021590324
C_CENTERCONTROL:0.517477483738979
C_DEVELOPPIECES:0.5055476802770664
C_MATERIAL:0.5191010160145438
