ELO:952
CE_PASSEDPAWNS:0.5198119204392224
CE_PAWNWEAKNESSES:0.5181367753383213
CE_PIECEACTIVITY:0.5080103218670341
CE_KINGPAWNSHIELD:0.4492847361328645
CE_PIECECOORDINATION:0.5158409534061823
CE_MATERIAL:0.5438179755787862
CE_KINGSAFETY:0.5
C_PIECESQUARETABLES:0.48932726303446783
C_MOBILITY:0.4865874819535776
C_KINGSAFETY:0.5128962024875582
C_PAWNSTRUCTURE:0.4961047197428318
C_PIECECOORDINATION:0.4822968146495062
C_ROOK:0.5214021485796108
CE_ROOK:0.4725942138657693
C_CENTERCONTROL:0.5207811102654952
C_DEVELOPPIECES:0.4944501139920006
C_MATERIAL:0.5272927786440966
C_MOVECOUNT:0.5271886983447718
C_PAWNMOVEMENT:0.4869548406810876
