ELO:713
CE_PASSEDPAWNS:0.4791517652627838
CE_PAWNWEAKNESSES:0.5357787219466099
CE_PIECEACTIVITY:0.42912953177204577
CE_KINGPAWNSHIELD:0.49160547931798665
CE_PIECECOORDINATION:0.47087373369721924
CE_MATERIAL:0.4953011353578868
CE_KINGSAFETY:0.5315741326202528
C_PIECESQUARETABLES:0.509749141314583
C_MOBILITY:0.46214659639478856
C_KINGSAFETY:0.40423241958733686
C_PAWNSTRUCTURE:0.4092691315503816
C_PIECECOORDINATION:0.5371065938338864
C_ROOKANDPAWNMOVEMENT:0.5371065938338864
C_CENTERCONTROL:0.4034155308586193
C_DEVELOPPIECES:0.48880467528362975
C_MATERIAL:0.5150382725696058
C_MOVECOUNT:0.49314672795930015
