ELO:921
CE_PASSEDPAWNS:0.5091456679443036
CE_PAWNWEAKNESSES:0.5094560815241045
CE_PIECEACTIVITY:0.4946166166839993
CE_KINGPAWNSHIELD:0.45339526492429466
CE_PIECECOORDINATION:0.4985468418058339
CE_MATERIAL:0.49565274496581396
CE_KINGSAFETY:0.4922526524750757
C_PIECESQUARETABLES:0.4817550800807233
C_MOBILITY:0.5276507377480374
C_KINGSAFETY:0.4841259825505408
C_PAWNSTRUCTURE:0.4687686390029136
C_PIECECOORDINATION:0.48435278334225323
C_ROOKANDPAWNMOVEMENT:0.48435278334225323
C_CENTERCONTROL:0.4900070911030717
C_DEVELOPPIECES:0.5047924243369093
C_MATERIAL:0.5504583243929179
C_MOVECOUNT:0.52593709459284
