ELO:984
CE_PASSEDPAWNS:0.4710750687851516
CE_PAWNWEAKNESSES:0.4244951839329418
CE_PIECEACTIVITY:0.556297007387126
CE_KINGPAWNSHIELD:0.5600517334352296
CE_PIECECOORDINATION:0.523616950643625
CE_MATERIAL:0.4004718450906906
CE_KINGSAFETY:0.5114140320034882
C_PIECESQUARETABLES:0.5080129143450405
C_MOBILITY:0.4847417295925484
C_KINGSAFETY:0.4875968311415136
C_PAWNSTRUCTURE:0.5038413991850473
C_PIECECOORDINATION:0.47197054934158295
C_ROOKANDPAWNMOVEMENT:0.47197054934158295
C_CENTERCONTROL:0.5222050449582512
C_DEVELOPPIECES:0.5267399798387677
C_MATERIAL:0.39020874813741613
C_MOVECOUNT:0.5710733439984009
