ELO:1018
CE_PASSEDPAWNS:0.5007949786052449
CE_PAWNWEAKNESSES:0.5
CE_PIECEACTIVITY:0.5177845848959464
CE_KINGPAWNSHIELD:0.5
CE_PIECECOORDINATION:0.5
CE_MATERIAL:0.5
CE_KINGSAFETY:0.49423566010051284
C_PIECESQUARETABLES:0.5
C_MOBILITY:0.5
C_KINGSAFETY:0.5068085702954956
C_PAWNSTRUCTURE:0.515834766930971
C_PIECECOORDINATION:0.5
C_ROOKANDPAWNMOVEMENT:0.5
C_CENTERCONTROL:0.5
C_DEVELOPPIECES:0.49065846716617306
C_MATERIAL:0.49413351506983216
C_MOVECOUNT:0.5
