ELO:982
CE_PASSEDPAWNS:0.4662229084651066
CE_PAWNWEAKNESSES:0.5757261131729637
CE_PIECEACTIVITY:0.3705947220860977
CE_KINGPAWNSHIELD:0.533648545976713
CE_PIECECOORDINATION:0.4832327217429726
CE_MATERIAL:0.4614132349077169
CE_KINGSAFETY:0.5
C_PIECESQUARETABLES:0.5062527267429442
C_MOBILITY:0.543325055470013
C_KINGSAFETY:0.45262325696264266
C_PAWNSTRUCTURE:0.44153668086143244
C_PIECECOORDINATION:0.5090047424915364
C_ROOKANDPAWNMOVEMENT:0.5090047424915364
C_CENTERCONTROL:0.4062713811548362
C_DEVELOPPIECES:0.5154687428473778
C_MATERIAL:0.4788548611817655
