ELO:862
CE_PASSEDPAWNS:0.451985862873586
CE_PAWNWEAKNESSES:0.5208478853273174
CE_PIECEACTIVITY:0.4844973688491652
CE_KINGPAWNSHIELD:0.5599973534577731
CE_PIECECOORDINATION:0.35392955530660986
CE_MATERIAL:0.5316449161264056
CE_KINGSAFETY:0.4734542744575784
C_PIECESQUARETABLES:0.4431129909686645
C_MOBILITY:0.4511875099341912
C_KINGSAFETY:0.4671764414491018
C_PAWNSTRUCTURE:0.4515996402433376
C_PIECECOORDINATION:0.42705633596042286
C_ROOKANDPAWNMOVEMENT:0.42705633596042286
C_CENTERCONTROL:0.47625564964623024
C_DEVELOPPIECES:0.504465850082091
C_MATERIAL:0.5153176257794723
C_MOVECOUNT:0.5
