ELO:967
CE_PASSEDPAWNS:0.5023604667964715
CE_PAWNWEAKNESSES:0.541026187207247
CE_PIECEACTIVITY:0.503039042556036
CE_KINGPAWNSHIELD:0.48902102174295825
CE_PIECECOORDINATION:0.5496251785774426
CE_MATERIAL:0.5413020121160156
CE_KINGSAFETY:0.4758932558376423
C_PIECESQUARETABLES:0.5028337690652738
C_MOBILITY:0.5105229181195846
C_KINGSAFETY:0.49022279999227
C_PAWNSTRUCTURE:0.5022392796783445
C_PIECECOORDINATION:0.4996397767496984
C_ROOK:0.49644403548729094
CE_ROOK:0.5203698215731664
C_CENTERCONTROL:0.5231071470789989
C_DEVELOPPIECES:0.470030334869199
C_MATERIAL:0.48940953771057766
C_MOVECOUNT:0.5323965331625115
C_PAWNMOVEMENT:0.4929815188669987
