ELO:867
CE_PASSEDPAWNS:0.46430673042931736
CE_PAWNWEAKNESSES:0.48123518458741826
CE_PIECEACTIVITY:0.4775147795180944
CE_KINGPAWNSHIELD:0.48956679879473736
CE_PIECECOORDINATION:0.5423730207347914
CE_MATERIAL:0.4760776444707651
CE_KINGSAFETY:0.48969273698203575
C_PIECESQUARETABLES:0.5228512605263735
C_MOBILITY:0.5593255382654221
C_KINGSAFETY:0.4485902034325304
C_PAWNSTRUCTURE:0.517754558079514
C_PIECECOORDINATION:0.6114130872645823
C_ROOKANDPAWNMOVEMENT:0.6114130872645823
C_CENTERCONTROL:0.5359017513629712
C_DEVELOPPIECES:0.49899492957395697
C_MATERIAL:0.5252875543082423
C_MOVECOUNT:0.5
