ELO:940
CE_PASSEDPAWNS:0.49734266312027275
CE_PAWNWEAKNESSES:0.4958483334216917
CE_PIECEACTIVITY:0.49974018093151484
CE_KINGPAWNSHIELD:0.4608060467372915
CE_PIECECOORDINATION:0.482757738210767
CE_MATERIAL:0.4579203158551852
CE_KINGSAFETY:0.4902448526881227
C_PIECESQUARETABLES:0.48979667480023226
C_MOBILITY:0.5358975138802458
C_KINGSAFETY:0.5264502073843776
C_PAWNSTRUCTURE:0.496362325386132
C_PIECECOORDINATION:0.5425222529669687
C_ROOKANDPAWNMOVEMENT:0.5425222529669687
C_CENTERCONTROL:0.4678865231146011
C_DEVELOPPIECES:0.5232778764727022
C_MATERIAL:0.5266317411008691
C_MOVECOUNT:0.4281148109773174
