ELO:974
CE_PASSEDPAWNS:0.4889736306110328
CE_PAWNWEAKNESSES:0.5099893770143089
CE_PIECEACTIVITY:0.5224211304272971
CE_KINGPAWNSHIELD:0.5575506262043733
CE_PIECECOORDINATION:0.4696384799676328
CE_MATERIAL:0.4551813038242192
CE_KINGSAFETY:0.5
C_PIECESQUARETABLES:0.5
C_MOBILITY:0.5125986344789507
C_KINGSAFETY:0.49665909394130564
C_PAWNSTRUCTURE:0.5079687329868701
C_PIECECOORDINATION:0.45473312908008046
C_ROOKANDPAWNMOVEMENT:0.45473312908008046
C_CENTERCONTROL:0.4640681374226605
C_DEVELOPPIECES:0.49332744481375934
C_MATERIAL:0.4858432293275645
