ELO:1022
CE_PASSEDPAWNS:0.5114973824019342
CE_PAWNWEAKNESSES:0.5
CE_PIECEACTIVITY:0.4978348586000485
CE_KINGPAWNSHIELD:0.5
CE_PIECECOORDINATION:0.4973250886132832
CE_MATERIAL:0.49824503669062126
CE_KINGSAFETY:0.5
C_PIECESQUARETABLES:0.5
C_MOBILITY:0.5066540375879506
C_KINGSAFETY:0.5
C_PAWNSTRUCTURE:0.5040008209303578
C_PIECECOORDINATION:0.4926230241354604
C_ROOKANDPAWNMOVEMENT:0.4926230241354604
C_CENTERCONTROL:0.49582365494440744
C_DEVELOPPIECES:0.4886143035657751
C_MATERIAL:0.503629910601707
C_MOVECOUNT:0.4875985917768924
