ELO:1000
CE_PASSEDPAWNS:0.5331812606911633
CE_PAWNWEAKNESSES:0.4750848396339787
CE_PIECEACTIVITY:0.48880975801904336
CE_KINGPAWNSHIELD:0.5168700839044178
CE_PIECECOORDINATION:0.5023469258967229
CE_MATERIAL:0.5313442303958243
CE_KINGSAFETY:0.5107060001311322
C_PIECESQUARETABLES:0.5238163355774496
C_MOBILITY:0.54967955759522
C_KINGSAFETY:0.5096703089004759
C_PAWNSTRUCTURE:0.49016845518241947
C_PIECECOORDINATION:0.4950592304962134
C_ROOKANDPAWNMOVEMENT:0.4950592304962134
C_CENTERCONTROL:0.5202671988474749
C_DEVELOPPIECES:0.5012843399687652
C_MATERIAL:0.5121529630649174
