ELO:908
CE_PASSEDPAWNS:0.5335669046717272
CE_PAWNWEAKNESSES:0.512109936319034
CE_PIECEACTIVITY:0.5581637765396492
CE_KINGPAWNSHIELD:0.4474393925764982
CE_PIECECOORDINATION:0.4942698167469834
CE_MATERIAL:0.54809555430795
CE_KINGSAFETY:0.4608016653028202
C_PIECESQUARETABLES:0.5512896780128144
C_MOBILITY:0.4761300217229332
C_KINGSAFETY:0.4970577748299419
C_PAWNSTRUCTURE:0.4988702799120252
C_PIECECOORDINATION:0.4163329521998246
C_ROOKANDPAWNMOVEMENT:0.4163329521998246
C_CENTERCONTROL:0.3944552024994286
C_DEVELOPPIECES:0.5416710530884494
C_MATERIAL:0.5176988010536052
