ELO:998
CE_PASSEDPAWNS:0.49908747445169216
CE_PAWNWEAKNESSES:0.5
CE_PIECEACTIVITY:0.5120497510077455
CE_KINGPAWNSHIELD:0.5
CE_PIECECOORDINATION:0.5
CE_MATERIAL:0.5103550068468953
CE_KINGSAFETY:0.507749983095184
C_PIECESQUARETABLES:0.502824327738029
C_MOBILITY:0.5180801373701963
C_KINGSAFETY:0.5031926946165749
C_PAWNSTRUCTURE:0.526430545056445
C_PIECECOORDINATION:0.4919134230130417
C_ROOKANDPAWNMOVEMENT:0.4919134230130417
C_CENTERCONTROL:0.4955977994484915
C_DEVELOPPIECES:0.48121126782920626
C_MATERIAL:0.4918890628341335
C_MOVECOUNT:0.5
