ELO:988
CE_PASSEDPAWNS:0.5032009414237436
CE_PAWNWEAKNESSES:0.4999361390531452
CE_PIECEACTIVITY:0.48566770483039345
CE_KINGPAWNSHIELD:0.5701440529573836
CE_PIECECOORDINATION:0.5080253093886471
CE_MATERIAL:0.49172999384279575
CE_KINGSAFETY:0.5006022069560475
C_PIECESQUARETABLES:0.48783441901086044
C_MOBILITY:0.5296875331557213
C_KINGSAFETY:0.4961156720674711
C_PAWNSTRUCTURE:0.5161975054773845
C_PIECECOORDINATION:0.48357409624293984
C_ROOKANDPAWNMOVEMENT:0.48357409624293984
C_CENTERCONTROL:0.4606990451167286
C_DEVELOPPIECES:0.5288820947518249
C_MATERIAL:0.5296112142353435
