ELO:859
CE_PASSEDPAWNS:0.45008979555496953
CE_PAWNWEAKNESSES:0.42829731612635286
CE_PIECEACTIVITY:0.45721129427380247
CE_KINGPAWNSHIELD:0.6127724081641068
CE_PIECECOORDINATION:0.46669840289364084
CE_MATERIAL:0.48653982307291405
CE_KINGSAFETY:0.527224743984099
C_PIECESQUARETABLES:0.5626640607720823
C_MOBILITY:0.5012911502614221
C_KINGSAFETY:0.615503998358431
C_PAWNSTRUCTURE:0.5648776929318765
C_PIECECOORDINATION:0.5581973390504574
C_ROOKANDPAWNMOVEMENT:0.5581973390504574
C_CENTERCONTROL:0.50253062949197
C_DEVELOPPIECES:0.5323405480875094
C_MATERIAL:0.49749450266829204
C_MOVECOUNT:0.5
