ELO:887
CE_PASSEDPAWNS:0.5259061446977543
CE_PAWNWEAKNESSES:0.5234718929909299
CE_PIECEACTIVITY:0.48338245836440735
CE_KINGPAWNSHIELD:0.49821196265306505
CE_PIECECOORDINATION:0.49424979706895467
CE_MATERIAL:0.48941428521413183
CE_KINGSAFETY:0.505880354768152
C_PIECESQUARETABLES:0.501768236681562
C_MOBILITY:0.50388556477122
C_KINGSAFETY:0.5200878352876658
C_PAWNSTRUCTURE:0.47567662092593244
C_PIECECOORDINATION:0.5030538852600952
C_ROOKANDPAWNMOVEMENT:0.5030538852600952
C_CENTERCONTROL:0.4943304400279368
C_DEVELOPPIECES:0.48468436273430077
C_MATERIAL:0.5342782374161399
C_MOVECOUNT:0.5026999020525611
