ELO:926
CE_PASSEDPAWNS:0.5014432422230118
CE_PAWNWEAKNESSES:0.5313879454740871
CE_PIECEACTIVITY:0.5052481725479706
CE_KINGPAWNSHIELD:0.48544124050824855
CE_PIECECOORDINATION:0.5341282595013845
CE_MATERIAL:0.5101139829328024
CE_KINGSAFETY:0.5
C_PIECESQUARETABLES:0.5
C_MOBILITY:0.5046066975717565
C_KINGSAFETY:0.48754686618309423
C_PAWNSTRUCTURE:0.511998974871103
C_PIECECOORDINATION:0.5119321861007482
C_ROOK:0.49651193176729896
CE_ROOK:0.5362181381810369
C_CENTERCONTROL:0.5226683642886971
C_DEVELOPPIECES:0.4662174377739723
C_MATERIAL:0.46762377200824057
C_MOVECOUNT:0.5072049613308132
C_PAWNMOVEMENT:0.49872597679004554
