ELO:1003
CE_PASSEDPAWNS:0.48071406055804683
CE_PAWNWEAKNESSES:0.4970440615996603
CE_PIECEACTIVITY:0.5075081669300948
CE_KINGPAWNSHIELD:0.5
CE_PIECECOORDINATION:0.4834035117706418
CE_MATERIAL:0.5104360105488954
CE_KINGSAFETY:0.5
C_PIECESQUARETABLES:0.49700608015327236
C_MOBILITY:0.5035589728385048
C_KINGSAFETY:0.5085950348234852
C_PAWNSTRUCTURE:0.5040008209303578
C_PIECECOORDINATION:0.5023648694298086
C_ROOKANDPAWNMOVEMENT:0.5023648694298086
C_CENTERCONTROL:0.507548870118654
C_DEVELOPPIECES:0.5119059568637833
C_MATERIAL:0.4914595253769186
C_MOVECOUNT:0.5181731150259001
