ELO:1037
CE_PASSEDPAWNS:0.4979981994237782
CE_PAWNWEAKNESSES:0.5067179007440878
CE_PIECEACTIVITY:0.4968934245856581
CE_KINGPAWNSHIELD:0.49576403969998994
CE_PIECECOORDINATION:0.5147058506969759
CE_MATERIAL:0.48233583251337026
CE_KINGSAFETY:0.5
C_PIECESQUARETABLES:0.49979766930598324
C_MOBILITY:0.5100270534271034
C_KINGSAFETY:0.5088040581997637
C_PAWNSTRUCTURE:0.49803331376711396
C_PIECECOORDINATION:0.5107287657126409
C_ROOKANDPAWNMOVEMENT:0.5107287657126409
C_CENTERCONTROL:0.4927538722469062
C_DEVELOPPIECES:0.5064277505877933
C_MATERIAL:0.503943327173323
