ELO:879
CE_PASSEDPAWNS:0.5280892685867474
CE_PAWNWEAKNESSES:0.505248789664536
CE_PIECEACTIVITY:0.5223895735849196
CE_KINGPAWNSHIELD:0.42066012184366103
CE_PIECECOORDINATION:0.5107880834901722
CE_MATERIAL:0.5316914936269683
CE_KINGSAFETY:0.4973118835089456
C_PIECESQUARETABLES:0.49598725090325835
C_MOBILITY:0.47969663973349536
C_KINGSAFETY:0.5039368015177
C_PAWNSTRUCTURE:0.48431549255104783
C_PIECECOORDINATION:0.4831869658239268
C_ROOK:0.5180277127945111
CE_ROOK:0.4649704116596489
C_CENTERCONTROL:0.5168597340292101
C_DEVELOPPIECES:0.4735251923616294
C_MATERIAL:0.5307312952887464
C_MOVECOUNT:0.531002493537694
C_PAWNMOVEMENT:0.45780394838920707
