ELO:915
CE_PASSEDPAWNS:0.5119490140590852
CE_PAWNWEAKNESSES:0.49999147065398686
CE_PIECEACTIVITY:0.5339792911948579
CE_KINGPAWNSHIELD:0.5162066085322281
CE_PIECECOORDINATION:0.5070625212754779
CE_MATERIAL:0.5380042776404497
CE_KINGSAFETY:0.4789342670032552
C_PIECESQUARETABLES:0.5288803800977095
C_MOBILITY:0.4799429260620487
C_KINGSAFETY:0.5208769209390907
C_PAWNSTRUCTURE:0.4854540649326813
C_PIECECOORDINATION:0.4481368280335124
C_ROOKANDPAWNMOVEMENT:0.4481368280335124
C_CENTERCONTROL:0.4115948442441237
C_DEVELOPPIECES:0.5322857872816864
C_MATERIAL:0.5060375427261073
