ELO:1027
CE_PASSEDPAWNS:0.5100963428654872
CE_PAWNWEAKNESSES:0.5
CE_PIECEACTIVITY:0.4933698137720657
CE_KINGPAWNSHIELD:0.5
CE_PIECECOORDINATION:0.5056803076159943
CE_MATERIAL:0.5
CE_KINGSAFETY:0.5
C_PIECESQUARETABLES:0.5
C_MOBILITY:0.5
C_KINGSAFETY:0.5
C_PAWNSTRUCTURE:0.5
C_PIECECOORDINATION:0.49312548669272555
C_ROOKANDPAWNMOVEMENT:0.49312548669272555
C_CENTERCONTROL:0.5
C_DEVELOPPIECES:0.5091519851903535
C_MATERIAL:0.4990269827152449
C_MOVECOUNT:0.4875985917768924
