ELO:991
CE_PASSEDPAWNS:0.5057810050664662
CE_PAWNWEAKNESSES:0.5028764747868905
CE_PIECEACTIVITY:0.49182828239026366
CE_KINGPAWNSHIELD:0.5
CE_PIECECOORDINATION:0.4834035117706418
CE_MATERIAL:0.5104360105488954
CE_KINGSAFETY:0.5
C_PIECESQUARETABLES:0.5
C_MOBILITY:0.49333752727263375
C_KINGSAFETY:0.5
C_PAWNSTRUCTURE:0.5040008209303578
C_PIECECOORDINATION:0.4981786038511777
C_ROOKANDPAWNMOVEMENT:0.4981786038511777
C_CENTERCONTROL:0.5
C_DEVELOPPIECES:0.5119059568637833
C_MATERIAL:0.49804074591500386
C_MOVECOUNT:0.5181731150259001
