ELO:1067
CE_PASSEDPAWNS:0.4605776904927
CE_PAWNWEAKNESSES:0.49020224892532394
CE_PIECEACTIVITY:0.46692412512033904
CE_KINGPAWNSHIELD:0.5658848086907627
CE_PIECECOORDINATION:0.5434450781789094
CE_MATERIAL:0.39821832069350804
CE_KINGSAFETY:0.49174451610594994
C_PIECESQUARETABLES:0.4842073238347588
C_MOBILITY:0.414563221121853
C_KINGSAFETY:0.6156364722600763
C_PAWNSTRUCTURE:0.4299548437811879
C_PIECECOORDINATION:0.5104481550453549
C_ROOKANDPAWNMOVEMENT:0.5104481550453549
C_CENTERCONTROL:0.5297139642604982
C_DEVELOPPIECES:0.5902347535834691
C_MATERIAL:0.3925470433852633
