ELO:970
CE_PASSEDPAWNS:0.5140293283496601
CE_PAWNWEAKNESSES:0.538637289262107
CE_PIECEACTIVITY:0.496585653736798
CE_KINGPAWNSHIELD:0.4987752580814774
CE_PIECECOORDINATION:0.5168469893913269
CE_MATERIAL:0.5240721514294392
CE_KINGSAFETY:0.47694950212677095
C_PIECESQUARETABLES:0.5
C_MOBILITY:0.5091998166601748
C_KINGSAFETY:0.5
C_PAWNSTRUCTURE:0.4895318138613533
C_PIECECOORDINATION:0.5057873590542084
C_ROOK:0.49644403548729094
CE_ROOK:0.5174792277392386
C_CENTERCONTROL:0.5062066229233619
C_DEVELOPPIECES:0.4805885335461375
C_MATERIAL:0.48107079795246066
C_MOVECOUNT:0.5400331333451543
C_PAWNMOVEMENT:0.5136108621660082
