ELO:999
CE_PASSEDPAWNS:0.511919501894608
CE_PAWNWEAKNESSES:0.5146417137632013
CE_PIECEACTIVITY:0.5
CE_KINGPAWNSHIELD:0.48307379404211587
CE_PIECECOORDINATION:0.5235682069875354
CE_MATERIAL:0.5056997501805045
CE_KINGSAFETY:0.48099743057124245
C_PIECESQUARETABLES:0.5
C_MOBILITY:0.5022789522120032
C_KINGSAFETY:0.5
C_PAWNSTRUCTURE:0.48808764788942033
C_PIECECOORDINATION:0.4917518392584301
C_ROOK:0.49418736856651024
CE_ROOK:0.5132350284260838
C_CENTERCONTROL:0.5
C_DEVELOPPIECES:0.5021317985017784
C_MATERIAL:0.49282158558446904
C_MOVECOUNT:0.5110008834939397
C_PAWNMOVEMENT:0.5
