ELO:977
CE_PASSEDPAWNS:0.48181214887942553
CE_PAWNWEAKNESSES:0.49552493820127846
CE_PIECEACTIVITY:0.5020217278327403
CE_KINGPAWNSHIELD:0.5575506262043733
CE_PIECECOORDINATION:0.46393798098317884
CE_MATERIAL:0.46527401967612003
CE_KINGSAFETY:0.5007301495221707
C_PIECESQUARETABLES:0.4835400822721204
C_MOBILITY:0.5125986344789507
C_KINGSAFETY:0.488827072237493
C_PAWNSTRUCTURE:0.5059477493344141
C_PIECECOORDINATION:0.4662483103689996
C_ROOKANDPAWNMOVEMENT:0.4662483103689996
C_CENTERCONTROL:0.465185848063138
C_DEVELOPPIECES:0.49332744481375934
C_MATERIAL:0.4858432293275645
