ELO:1017
CE_PASSEDPAWNS:0.48071406055804683
CE_PAWNWEAKNESSES:0.4970440615996603
CE_PIECEACTIVITY:0.5075081669300948
CE_KINGPAWNSHIELD:0.4934142668053551
CE_PIECECOORDINATION:0.4834035117706418
CE_MATERIAL:0.5
CE_KINGSAFETY:0.5
C_PIECESQUARETABLES:0.49700608015327236
C_MOBILITY:0.5016956584053531
C_KINGSAFETY:0.5088370260498759
C_PAWNSTRUCTURE:0.49050195863470236
C_PIECECOORDINATION:0.5
C_ROOKANDPAWNMOVEMENT:0.5
C_CENTERCONTROL:0.5
C_DEVELOPPIECES:0.514758518718268
C_MATERIAL:0.47570607686919464
C_MOVECOUNT:0.5
