ELO:1000
CE_PASSEDPAWNS:0.527880045212006
CE_PAWNWEAKNESSES:0.5042412574629886
CE_PIECEACTIVITY:0.5289114567294626
CE_KINGPAWNSHIELD:0.5082362786035972
CE_PIECECOORDINATION:0.5218795856988858
CE_MATERIAL:0.4922050731176617
CE_KINGSAFETY:0.5
C_PIECESQUARETABLES:0.504874327919446
C_MOBILITY:0.5016319851311335
C_KINGSAFETY:0.49747609630958395
C_PAWNSTRUCTURE:0.5045555435839699
C_PIECECOORDINATION:0.5
C_ROOKANDPAWNMOVEMENT:0.5
C_CENTERCONTROL:0.5053371301808673
C_DEVELOPPIECES:0.5178673633207358
C_MATERIAL:0.5090269243882612
C_MOVECOUNT:0.49708442549868853
