ELO:1017
CE_PASSEDPAWNS:0.5072556794088499
CE_PAWNWEAKNESSES:0.49808850080363193
CE_PIECEACTIVITY:0.5
CE_KINGPAWNSHIELD:0.510141136623018
CE_PIECECOORDINATION:0.5003463276406712
CE_MATERIAL:0.5
CE_KINGSAFETY:0.5118817687760657
C_PIECESQUARETABLES:0.5
C_MOBILITY:0.5158317394408877
C_KINGSAFETY:0.5
C_PAWNSTRUCTURE:0.4989932729397916
C_PIECECOORDINATION:0.4715419024091864
C_ROOKANDPAWNMOVEMENT:0.4715419024091864
C_CENTERCONTROL:0.5058732730347052
C_DEVELOPPIECES:0.4825789482407065
C_MATERIAL:0.4886539917049975
C_MOVECOUNT:0.5
