ELO:905
CE_PASSEDPAWNS:0.4992617358844961
CE_PAWNWEAKNESSES:0.5105909512328264
CE_PIECEACTIVITY:0.4305565369531776
CE_KINGPAWNSHIELD:0.46776052228361764
CE_PIECECOORDINATION:0.4529740648319043
CE_MATERIAL:0.4838326025933889
CE_KINGSAFETY:0.5287436261268957
C_PIECESQUARETABLES:0.5032986091845792
C_MOBILITY:0.44864043099778034
C_KINGSAFETY:0.47362356443103193
C_PAWNSTRUCTURE:0.48422379174319646
C_PIECECOORDINATION:0.49883569552694074
C_ROOKANDPAWNMOVEMENT:0.49883569552694074
C_CENTERCONTROL:0.508311171868007
C_DEVELOPPIECES:0.4601890436545271
C_MATERIAL:0.4967034403304556
C_MOVECOUNT:0.5
