ELO:985
CE_PASSEDPAWNS:0.5013794188597467
CE_PAWNWEAKNESSES:0.519056513444814
CE_PIECEACTIVITY:0.5017849614851257
CE_KINGPAWNSHIELD:0.5544614788273236
CE_PIECECOORDINATION:0.48963968637437266
CE_MATERIAL:0.5115300749762379
CE_KINGSAFETY:0.49571704857342674
C_PIECESQUARETABLES:0.5097664085096136
C_MOBILITY:0.5105673374145521
C_KINGSAFETY:0.4889732682464675
C_PAWNSTRUCTURE:0.5025106066392668
C_PIECECOORDINATION:0.4986888900876337
C_ROOKANDPAWNMOVEMENT:0.4986888900876337
C_CENTERCONTROL:0.453887366011748
C_DEVELOPPIECES:0.5072412885811984
C_MATERIAL:0.529555317632728
