ELO:947
CE_PASSEDPAWNS:0.3639580153630245
CE_PAWNWEAKNESSES:0.5306355883448484
CE_PIECEACTIVITY:0.43695470994384367
CE_KINGPAWNSHIELD:0.4878315816218293
CE_PIECECOORDINATION:0.6005657379181637
CE_MATERIAL:0.45211066686248036
CE_KINGSAFETY:0.523216021494284
C_PIECESQUARETABLES:0.5279794138564807
C_MOBILITY:0.5544627385496291
C_KINGSAFETY:0.44093875452641673
C_PAWNSTRUCTURE:0.3801321780244516
C_PIECECOORDINATION:0.5099426415015967
C_ROOKANDPAWNMOVEMENT:0.5099426415015967
C_CENTERCONTROL:0.5806124392258155
C_DEVELOPPIECES:0.4877824925737052
C_MATERIAL:0.5444480952520061
