ELO:968
CE_PASSEDPAWNS:0.4900794497038962
CE_PAWNWEAKNESSES:0.517799131242908
CE_PIECEACTIVITY:0.5067937620579077
CE_KINGPAWNSHIELD:0.48928834220685413
CE_PIECECOORDINATION:0.5208433877884806
CE_MATERIAL:0.5083385906436069
CE_KINGSAFETY:0.49198298573031773
C_PIECESQUARETABLES:0.4938381741833899
C_MOBILITY:0.5259107483996367
C_KINGSAFETY:0.4893003213328109
C_PAWNSTRUCTURE:0.5131685097921278
C_PIECECOORDINATION:0.5172293998619513
C_ROOK:0.4964502725011931
CE_ROOK:0.5518544888306097
C_CENTERCONTROL:0.5094248133507072
C_DEVELOPPIECES:0.4561779260494287
C_MATERIAL:0.4684013976491758
C_MOVECOUNT:0.5303365432640372
C_PAWNMOVEMENT:0.49697683959567135
