ELO:888
CE_PASSEDPAWNS:0.3575968015129384
CE_PAWNWEAKNESSES:0.5217300692483114
CE_PIECEACTIVITY:0.4462664912220769
CE_KINGPAWNSHIELD:0.4774786941824243
CE_PIECECOORDINATION:0.5952887064486703
CE_MATERIAL:0.45211066686248036
CE_KINGSAFETY:0.5125718351909547
C_PIECESQUARETABLES:0.540224114588962
C_MOBILITY:0.5751701379951685
C_KINGSAFETY:0.4484505525356134
C_PAWNSTRUCTURE:0.36297288981744663
C_PIECECOORDINATION:0.514685856521567
C_ROOKANDPAWNMOVEMENT:0.514685856521567
C_CENTERCONTROL:0.562444821428893
C_DEVELOPPIECES:0.4877345254615894
C_MATERIAL:0.562919148530394
