ELO:896
CE_PASSEDPAWNS:0.5014922827300584
CE_PAWNWEAKNESSES:0.5196691300324071
CE_PIECEACTIVITY:0.5106826265261422
CE_KINGPAWNSHIELD:0.538815340819136
CE_PIECECOORDINATION:0.5096101119378544
CE_MATERIAL:0.48178416663333556
CE_KINGSAFETY:0.5326723217730565
C_PIECESQUARETABLES:0.47174642692767105
C_MOBILITY:0.4803468224709842
C_KINGSAFETY:0.5036237601132404
C_PAWNSTRUCTURE:0.4336404309606449
C_PIECECOORDINATION:0.4986265998679432
C_ROOKANDPAWNMOVEMENT:0.4986265998679432
C_CENTERCONTROL:0.48377062585826486
C_DEVELOPPIECES:0.4158222548396645
C_MATERIAL:0.5563684540708386
C_MOVECOUNT:0.5042209140546289
