ELO:841
CE_PASSEDPAWNS:0.42946030841069266
CE_PAWNWEAKNESSES:0.4249527186056667
CE_PIECEACTIVITY:0.5336158767179092
CE_KINGPAWNSHIELD:0.5189905813987377
CE_PIECECOORDINATION:0.44170035727059476
CE_MATERIAL:0.46520086052369336
CE_KINGSAFETY:0.5083862407018166
C_PIECESQUARETABLES:0.5795633514856687
C_MOBILITY:0.3843831388243551
C_KINGSAFETY:0.4763777471065239
C_PAWNSTRUCTURE:0.44934832113273443
C_PIECECOORDINATION:0.5255761292989961
C_ROOKANDPAWNMOVEMENT:0.5255761292989961
C_CENTERCONTROL:0.5244259487152069
C_DEVELOPPIECES:0.5676242192633434
C_MATERIAL:0.4690472463375609
