ELO:1020
CE_PASSEDPAWNS:0.5
CE_PAWNWEAKNESSES:0.5
CE_PIECEACTIVITY:0.5020009571501189
CE_KINGPAWNSHIELD:0.5
CE_PIECECOORDINATION:0.5
CE_MATERIAL:0.5149822564640387
CE_KINGSAFETY:0.5087020565987953
C_PIECESQUARETABLES:0.49392369450972995
C_MOBILITY:0.5
C_KINGSAFETY:0.5
C_PAWNSTRUCTURE:0.5020841890250983
C_PIECECOORDINATION:0.5039539552710596
C_ROOKANDPAWNMOVEMENT:0.5039539552710596
C_CENTERCONTROL:0.510945720437329
C_DEVELOPPIECES:0.5
C_MATERIAL:0.5
