ELO:891
CE_PASSEDPAWNS:0.518466034578064
CE_PAWNWEAKNESSES:0.5135433342204041
CE_PIECEACTIVITY:0.5018105298313538
CE_KINGPAWNSHIELD:0.5015483585697904
CE_PIECECOORDINATION:0.49424979706895467
CE_MATERIAL:0.5010177462046173
CE_KINGSAFETY:0.509625884368574
C_PIECESQUARETABLES:0.4982113091626422
C_MOBILITY:0.5136285705070135
C_KINGSAFETY:0.4980483763674655
C_PAWNSTRUCTURE:0.4773650052478103
C_PIECECOORDINATION:0.48407139676688865
C_ROOKANDPAWNMOVEMENT:0.48407139676688865
C_CENTERCONTROL:0.5068986588883314
C_DEVELOPPIECES:0.4758771178316306
C_MATERIAL:0.5186768194333863
C_MOVECOUNT:0.4933924740494571
