ELO:943
CE_PASSEDPAWNS:0.5047852188011754
CE_PAWNWEAKNESSES:0.5197026798008862
CE_PIECEACTIVITY:0.5073607959439994
CE_KINGPAWNSHIELD:0.49013692149381544
CE_PIECECOORDINATION:0.5634224027476377
CE_MATERIAL:0.53027007433823
CE_KINGSAFETY:0.5
C_PIECESQUARETABLES:0.491927108272439
C_MOBILITY:0.5113627642702638
C_KINGSAFETY:0.48754686618309423
C_PAWNSTRUCTURE:0.5177951658225546
C_PIECECOORDINATION:0.512091448751426
C_ROOK:0.4969952447542697
CE_ROOK:0.5203698215731664
C_CENTERCONTROL:0.5231071470789989
C_DEVELOPPIECES:0.470030334869199
C_MATERIAL:0.4831295161329362
C_MOVECOUNT:0.5323965331625115
C_PAWNMOVEMENT:0.47999252391579367
