ELO:1000
CE_PASSEDPAWNS:0.5096430737800186
CE_PAWNWEAKNESSES:0.5036575506544512
CE_PIECEACTIVITY:0.395712871141311
CE_KINGPAWNSHIELD:0.5055683421586852
CE_PIECECOORDINATION:0.48343347907528206
CE_MATERIAL:0.43824734658394143
CE_KINGSAFETY:0.5041345896848841
C_PIECESQUARETABLES:0.4951532029344352
C_MOBILITY:0.5106613729687686
C_KINGSAFETY:0.5140321326700582
C_PAWNSTRUCTURE:0.4976803184238469
C_PIECECOORDINATION:0.4603318579631404
C_ROOKANDPAWNMOVEMENT:0.4603318579631404
C_CENTERCONTROL:0.4644307315044499
C_DEVELOPPIECES:0.5015292659426711
C_MATERIAL:0.4795021346807932
