ELO:849
CE_PASSEDPAWNS:0.516119171452331
CE_PAWNWEAKNESSES:0.42382809598240834
CE_PIECEACTIVITY:0.5251420628231025
CE_KINGPAWNSHIELD:0.5700148615383184
CE_PIECECOORDINATION:0.4851648792709768
CE_MATERIAL:0.4113131252984748
CE_KINGSAFETY:0.5467353566374948
C_PIECESQUARETABLES:0.5262816682876316
C_MOBILITY:0.5243501066435057
C_KINGSAFETY:0.5063771502276161
C_PAWNSTRUCTURE:0.5206058169101745
C_PIECECOORDINATION:0.5647124732516597
C_ROOKANDPAWNMOVEMENT:0.5647124732516597
C_CENTERCONTROL:0.5087957307543893
C_DEVELOPPIECES:0.473146245824803
C_MATERIAL:0.5146780710460334
C_MOVECOUNT:0.5
