ELO:993
CE_PASSEDPAWNS:0.49274058063780146
CE_PAWNWEAKNESSES:0.5151081640932456
CE_PIECEACTIVITY:0.510583884156628
CE_KINGPAWNSHIELD:0.4862038424916968
CE_PIECECOORDINATION:0.5024635615425338
CE_MATERIAL:0.5030716440715185
CE_KINGSAFETY:0.5127703544901435
C_PIECESQUARETABLES:0.5099536229884213
C_MOBILITY:0.5146835333197228
C_KINGSAFETY:0.5024160572346311
C_PAWNSTRUCTURE:0.4911750566568214
C_PIECECOORDINATION:0.4963759282926088
C_ROOKANDPAWNMOVEMENT:0.4963759282926088
C_CENTERCONTROL:0.5200633596834384
C_DEVELOPPIECES:0.4902557894892237
C_MATERIAL:0.5042665834643729
C_MOVECOUNT:0.4983644167027746
