ELO:918
CE_PASSEDPAWNS:0.5304172118137738
CE_PAWNWEAKNESSES:0.5141298176388024
CE_PIECEACTIVITY:0.5055054096267131
CE_KINGPAWNSHIELD:0.4301018553407373
CE_PIECECOORDINATION:0.5219636368418434
CE_MATERIAL:0.5386081825999721
CE_KINGSAFETY:0.48914975389424414
C_PIECESQUARETABLES:0.5
C_MOBILITY:0.47969663973349536
C_KINGSAFETY:0.5128962024875582
C_PAWNSTRUCTURE:0.5003650000031549
C_PIECECOORDINATION:0.47706740115572316
C_ROOK:0.5214021485796108
CE_ROOK:0.4676254846290588
C_CENTERCONTROL:0.5223047974728675
C_DEVELOPPIECES:0.49994446845105983
C_MATERIAL:0.5294817894252785
C_MOVECOUNT:0.5337909947577688
C_PAWNMOVEMENT:0.4770922449868932
