ELO:1000
CE_PASSEDPAWNS:0.4756249080518375
CE_PAWNWEAKNESSES:0.5195222343553092
CE_PIECEACTIVITY:0.5107536569585467
CE_KINGPAWNSHIELD:0.4884730377007672
CE_PIECECOORDINATION:0.5077657330008232
CE_MATERIAL:0.5335454472194655
CE_KINGSAFETY:0.5279657354973506
C_PIECESQUARETABLES:0.49124907012001223
C_MOBILITY:0.4561888318932048
C_KINGSAFETY:0.5409743676215321
C_PAWNSTRUCTURE:0.4935841257859445
C_PIECECOORDINATION:0.47524453169944203
C_ROOKANDPAWNMOVEMENT:0.47524453169944203
C_CENTERCONTROL:0.5403850761272453
C_DEVELOPPIECES:0.5112128252255295
C_MATERIAL:0.5090092982523499
