ELO:1027
CE_PASSEDPAWNS:0.4920017741848396
CE_PAWNWEAKNESSES:0.48978305043708176
CE_PIECEACTIVITY:0.5081077186236131
CE_KINGPAWNSHIELD:0.502989799343693
CE_PIECECOORDINATION:0.5
CE_MATERIAL:0.5
CE_KINGSAFETY:0.49947951982514177
C_PIECESQUARETABLES:0.49052747480723163
C_MOBILITY:0.5
C_KINGSAFETY:0.49248933302585673
C_PAWNSTRUCTURE:0.5002324115827795
C_PIECECOORDINATION:0.5
C_ROOKANDPAWNMOVEMENT:0.5
C_CENTERCONTROL:0.5004353635597532
C_DEVELOPPIECES:0.5
C_MATERIAL:0.4924048047487421
C_MOVECOUNT:0.5
