ELO:667
CE_PASSEDPAWNS:0.6105568676426919
CE_PAWNWEAKNESSES:0.5278229714300868
CE_PIECEACTIVITY:0.5567009572125013
CE_KINGPAWNSHIELD:0.4568175477926743
CE_PIECECOORDINATION:0.6113805162884446
CE_MATERIAL:0.5035256137665926
CE_KINGSAFETY:0.5175975453069526
C_PIECESQUARETABLES:0.49550914182335326
C_MOBILITY:0.5182853237165304
C_KINGSAFETY:0.6226975872684147
C_PAWNSTRUCTURE:0.5300647718262592
C_PIECECOORDINATION:0.6181863391471806
C_ROOKANDPAWNMOVEMENT:0.6181863391471806
C_CENTERCONTROL:0.36203423062888934
C_DEVELOPPIECES:0.5273280966375349
C_MATERIAL:0.4552394590872684
C_MOVECOUNT:0.49824700106022657
