ELO:964
CE_PASSEDPAWNS:0.4039063069379163
CE_PAWNWEAKNESSES:0.507520162530253
CE_PIECEACTIVITY:0.5081451121074164
CE_KINGPAWNSHIELD:0.5067227017441558
CE_PIECECOORDINATION:0.6211183792730295
CE_MATERIAL:0.5623282809955266
CE_KINGSAFETY:0.5
C_PIECESQUARETABLES:0.4992883776958514
C_MOBILITY:0.41640856004552185
C_KINGSAFETY:0.5934269212642939
C_PAWNSTRUCTURE:0.5371699851763692
C_PIECECOORDINATION:0.5467769164781614
C_ROOKANDPAWNMOVEMENT:0.5467769164781614
C_CENTERCONTROL:0.43943303220882823
C_DEVELOPPIECES:0.4749289879670947
C_MATERIAL:0.5639858708306479
