ELO:972
CE_PASSEDPAWNS:0.557009682475567
CE_PAWNWEAKNESSES:0.5117304827790579
CE_PIECEACTIVITY:0.5081839420254582
CE_KINGPAWNSHIELD:0.49384009051317845
CE_PIECECOORDINATION:0.49413531757876383
CE_MATERIAL:0.5183644711380311
CE_KINGSAFETY:0.5077995435229374
C_PIECESQUARETABLES:0.4724423900223983
C_MOBILITY:0.5452874295651313
C_KINGSAFETY:0.49275577912652485
C_PAWNSTRUCTURE:0.5056012557071884
C_PIECECOORDINATION:0.5257410691688768
C_ROOKANDPAWNMOVEMENT:0.5257410691688768
C_CENTERCONTROL:0.5037091852965871
C_DEVELOPPIECES:0.5122725272834607
C_MATERIAL:0.5419758962908163
C_MOVECOUNT:0.5000349195362643
