ELO:1011
CE_PASSEDPAWNS:0.5106300650418459
CE_PAWNWEAKNESSES:0.5
CE_PIECEACTIVITY:0.5206218090167932
CE_KINGPAWNSHIELD:0.5
CE_PIECECOORDINATION:0.5033112089246126
CE_MATERIAL:0.5018038340112114
CE_KINGSAFETY:0.5
C_PIECESQUARETABLES:0.5
C_MOBILITY:0.5110295679649414
C_KINGSAFETY:0.5053259434550856
C_PAWNSTRUCTURE:0.5037568545259127
C_PIECECOORDINATION:0.47722185969344316
C_ROOKANDPAWNMOVEMENT:0.47722185969344316
C_CENTERCONTROL:0.5
C_DEVELOPPIECES:0.48145634816513694
C_MATERIAL:0.49661817650321544
C_MOVECOUNT:0.5
