ELO:1055
CE_PASSEDPAWNS:0.5
CE_PAWNWEAKNESSES:0.4870369523051619
CE_PIECEACTIVITY:0.49947273194025005
CE_KINGPAWNSHIELD:0.5031169207692459
CE_PIECECOORDINATION:0.49197475658423173
CE_MATERIAL:0.49760586661600825
CE_KINGSAFETY:0.49304449061871203
C_PIECESQUARETABLES:0.4852975323543081
C_MOBILITY:0.5101156645084093
C_KINGSAFETY:0.5171483243315748
C_PAWNSTRUCTURE:0.5049907578683622
C_PIECECOORDINATION:0.49760743891478354
C_ROOKANDPAWNMOVEMENT:0.49760743891478354
C_CENTERCONTROL:0.5
C_DEVELOPPIECES:0.5
C_MATERIAL:0.5318664396843247
C_MOVECOUNT:0.5
