ELO:854
CE_PASSEDPAWNS:0.46756302950614964
CE_PAWNWEAKNESSES:0.5404126764897749
CE_PIECEACTIVITY:0.5119141959035378
CE_KINGPAWNSHIELD:0.46657003466810626
CE_PIECECOORDINATION:0.5197709031862761
CE_MATERIAL:0.4250466071743582
CE_KINGSAFETY:0.4856959262962551
C_PIECESQUARETABLES:0.488671564411728
C_MOBILITY:0.5287709470039227
C_KINGSAFETY:0.5325575076141744
C_PAWNSTRUCTURE:0.554400234899946
C_PIECECOORDINATION:0.4779195545947964
C_ROOKANDPAWNMOVEMENT:0.4779195545947964
C_CENTERCONTROL:0.4675076046170289
C_DEVELOPPIECES:0.5968554275363012
C_MATERIAL:0.48884255504116536
C_MOVECOUNT:0.5109473411946857
