ELO:966
CE_PASSEDPAWNS:0.49392195126766614
CE_PAWNWEAKNESSES:0.47075383328884207
CE_PIECEACTIVITY:0.5164648744471244
CE_KINGPAWNSHIELD:0.5323842718905806
CE_PIECECOORDINATION:0.47668812015653766
CE_MATERIAL:0.49190459870993475
CE_KINGSAFETY:0.5053060065581072
C_PIECESQUARETABLES:0.5258721807059522
C_MOBILITY:0.49754388308733516
C_KINGSAFETY:0.5002097875409464
C_PAWNSTRUCTURE:0.4968984687636633
C_PIECECOORDINATION:0.49817166195417484
C_ROOKANDPAWNMOVEMENT:0.49817166195417484
C_CENTERCONTROL:0.5239293477224705
C_DEVELOPPIECES:0.4807300493495331
C_MATERIAL:0.5206894484640682
