ELO:989
CE_PASSEDPAWNS:0.4301814729695992
CE_PAWNWEAKNESSES:0.49308320546435436
CE_PIECEACTIVITY:0.5243449944962538
CE_KINGPAWNSHIELD:0.48714554409388355
CE_PIECECOORDINATION:0.5605061363349958
CE_MATERIAL:0.5413536378632485
CE_KINGSAFETY:0.5095046408747937
C_PIECESQUARETABLES:0.5204377137321664
C_MOBILITY:0.45695844237028166
C_KINGSAFETY:0.5463253491869181
C_PAWNSTRUCTURE:0.5365182805885104
C_PIECECOORDINATION:0.5485994365549536
C_ROOKANDPAWNMOVEMENT:0.5485994365549536
C_CENTERCONTROL:0.4987847457940554
C_DEVELOPPIECES:0.47171943628907237
C_MATERIAL:0.5027291368738062
