ELO:783
CE_PASSEDPAWNS:0.5107650223022143
CE_PAWNWEAKNESSES:0.5436345808845885
CE_PIECEACTIVITY:0.5188455796747127
CE_KINGPAWNSHIELD:0.4963937677128223
CE_PIECECOORDINATION:0.53309323074215
CE_MATERIAL:0.41386676472825784
CE_KINGSAFETY:0.44258044706468014
C_PIECESQUARETABLES:0.4897530094552518
C_MOBILITY:0.5240427696137141
C_KINGSAFETY:0.549072121901782
C_PAWNSTRUCTURE:0.564781571559004
C_PIECECOORDINATION:0.44787080138009727
C_ROOKANDPAWNMOVEMENT:0.44787080138009727
C_CENTERCONTROL:0.42363010726989636
C_DEVELOPPIECES:0.5922774635712015
C_MATERIAL:0.448805415653377
C_MOVECOUNT:0.4953343202014788
