ELO:926
CE_PASSEDPAWNS:0.40505691437987085
CE_PAWNWEAKNESSES:0.5111909739117825
CE_PIECEACTIVITY:0.4961372079029216
CE_KINGPAWNSHIELD:0.5155337753747172
CE_PIECECOORDINATION:0.5295554692756879
CE_MATERIAL:0.5103535229350198
CE_KINGSAFETY:0.5082855737684736
C_PIECESQUARETABLES:0.5
C_MOBILITY:0.47694022193951774
C_KINGSAFETY:0.5204527977394873
C_PAWNSTRUCTURE:0.49374345745689685
C_PIECECOORDINATION:0.5063198712049891
C_ROOK:0.5032670728549306
CE_ROOK:0.5166567556151456
C_CENTERCONTROL:0.5179620874477971
C_DEVELOPPIECES:0.49687915447333697
C_MATERIAL:0.5348570399353958
C_MOVECOUNT:0.4733913187936088
C_PAWNMOVEMENT:0.5044595200123294
