ELO:731
CE_PASSEDPAWNS:0.6044364958024733
CE_PAWNWEAKNESSES:0.5445930469122584
CE_PIECEACTIVITY:0.5594330991177918
CE_KINGPAWNSHIELD:0.43162259334323977
CE_PIECECOORDINATION:0.6104932991191218
CE_MATERIAL:0.4704981335343666
CE_KINGSAFETY:0.5033134321358721
C_PIECESQUARETABLES:0.49037119348326313
C_MOBILITY:0.5040519760931603
C_KINGSAFETY:0.6090928185431757
C_PAWNSTRUCTURE:0.5351273914448879
C_PIECECOORDINATION:0.6211428354790303
C_ROOKANDPAWNMOVEMENT:0.6211428354790303
C_CENTERCONTROL:0.3742329908888034
C_DEVELOPPIECES:0.5227406822953554
C_MATERIAL:0.44703606287578285
C_MOVECOUNT:0.5144205257134709
