ELO:1000
CE_PASSEDPAWNS:0.4816510609631526
CE_PAWNWEAKNESSES:0.49730697024637344
CE_PIECEACTIVITY:0.5186317073965511
CE_KINGPAWNSHIELD:0.48834457600742026
CE_PIECECOORDINATION:0.5001745490886081
CE_MATERIAL:0.536566779444496
CE_KINGSAFETY:0.5439053708682786
C_PIECESQUARETABLES:0.4837074925697533
C_MOBILITY:0.4817481708351335
C_KINGSAFETY:0.5245397382619629
C_PAWNSTRUCTURE:0.4749413669819744
C_PIECECOORDINATION:0.4873438648856733
C_ROOKANDPAWNMOVEMENT:0.4873438648856733
C_CENTERCONTROL:0.5123468836829734
C_DEVELOPPIECES:0.49917552988641667
C_MATERIAL:0.5124502598034493
