ELO:985
CE_PASSEDPAWNS:0.493945312361163
CE_PAWNWEAKNESSES:0.512454258122052
CE_PIECEACTIVITY:0.503698223429749
CE_KINGPAWNSHIELD:0.5
CE_PIECECOORDINATION:0.4909281797119092
CE_MATERIAL:0.5136591506467026
CE_KINGSAFETY:0.5
C_PIECESQUARETABLES:0.5
C_MOBILITY:0.4840149440435317
C_KINGSAFETY:0.5011145900219082
C_PAWNSTRUCTURE:0.501454872267285
C_PIECECOORDINATION:0.5022201473040331
C_ROOKANDPAWNMOVEMENT:0.5022201473040331
C_CENTERCONTROL:0.5048780313354247
C_DEVELOPPIECES:0.5173425086000675
C_MATERIAL:0.5
C_MOVECOUNT:0.48215407087562545
