ELO:968
CE_PASSEDPAWNS:0.46688646657797256
CE_PAWNWEAKNESSES:0.5625026692274588
CE_PIECEACTIVITY:0.5056354429853477
CE_KINGPAWNSHIELD:0.5200003326498053
CE_PIECECOORDINATION:0.4744349852975547
CE_MATERIAL:0.590623886182431
CE_KINGSAFETY:0.49545229884563474
C_PIECESQUARETABLES:0.5141766848047241
C_MOBILITY:0.4948556846930072
C_KINGSAFETY:0.5515919959468176
C_PAWNSTRUCTURE:0.5107692215287369
C_PIECECOORDINATION:0.43470100871610456
C_ROOKANDPAWNMOVEMENT:0.43470100871610456
C_CENTERCONTROL:0.5906114875548677
C_DEVELOPPIECES:0.5127707232704833
C_MATERIAL:0.48716464267007104
