ELO:996
CE_PASSEDPAWNS:0.5457345729423272
CE_PAWNWEAKNESSES:0.44542974891888637
CE_PIECEACTIVITY:0.4993252072845339
CE_KINGPAWNSHIELD:0.47296228941213614
CE_PIECECOORDINATION:0.5138962178399454
CE_MATERIAL:0.5030403841932721
CE_KINGSAFETY:0.5101288615535733
C_PIECESQUARETABLES:0.49133599034094816
C_MOBILITY:0.5964803695348339
C_KINGSAFETY:0.5077087654596292
C_PAWNSTRUCTURE:0.5006281247243053
C_PIECECOORDINATION:0.5350567576815112
C_ROOKANDPAWNMOVEMENT:0.5350567576815112
C_CENTERCONTROL:0.392187416616906
C_DEVELOPPIECES:0.5092147161567365
C_MATERIAL:0.5855459770780688
