ELO:732
CE_PASSEDPAWNS:0.5459412274093148
CE_PAWNWEAKNESSES:0.5134610331589018
CE_PIECEACTIVITY:0.5150160957072276
CE_KINGPAWNSHIELD:0.4642216913180995
CE_PIECECOORDINATION:0.6269841505739875
CE_MATERIAL:0.4963357243705454
CE_KINGSAFETY:0.4863803947077234
C_PIECESQUARETABLES:0.5482496467286194
C_MOBILITY:0.49793890976998556
C_KINGSAFETY:0.6296637944900153
C_PAWNSTRUCTURE:0.5554153428395443
C_PIECECOORDINATION:0.5902602026572119
C_ROOKANDPAWNMOVEMENT:0.5902602026572119
C_CENTERCONTROL:0.4219665989919264
C_DEVELOPPIECES:0.5175746173901835
C_MATERIAL:0.5256756365556465
C_MOVECOUNT:0.5
