ELO:982
CE_PASSEDPAWNS:0.5095573592907009
CE_PAWNWEAKNESSES:0.4811263928358066
CE_PIECEACTIVITY:0.49868876821922775
CE_KINGPAWNSHIELD:0.492410914477426
CE_PIECECOORDINATION:0.5095475484557547
CE_MATERIAL:0.4864678224114407
CE_KINGSAFETY:0.5
C_PIECESQUARETABLES:0.5
C_MOBILITY:0.5002099431553971
C_KINGSAFETY:0.49556498143348476
C_PAWNSTRUCTURE:0.5066388899995695
C_PIECECOORDINATION:0.5
C_ROOKANDPAWNMOVEMENT:0.5
C_CENTERCONTROL:0.48848126300886036
C_DEVELOPPIECES:0.5083695028385102
C_MATERIAL:0.5
C_MOVECOUNT:0.5
