ELO:933
CE_PASSEDPAWNS:0.4931257103223133
CE_PAWNWEAKNESSES:0.5287687061967259
CE_PIECEACTIVITY:0.563443156999798
CE_KINGPAWNSHIELD:0.505374758603012
CE_PIECECOORDINATION:0.4892094388066996
CE_MATERIAL:0.6101831016700203
CE_KINGSAFETY:0.4889637023998245
C_PIECESQUARETABLES:0.5056628131774591
C_MOBILITY:0.4687163008015851
C_KINGSAFETY:0.584083406201921
C_PAWNSTRUCTURE:0.5074279915540424
C_PIECECOORDINATION:0.4311451774727623
C_ROOKANDPAWNMOVEMENT:0.4311451774727623
C_CENTERCONTROL:0.567334791017597
C_DEVELOPPIECES:0.5508463871682211
C_MATERIAL:0.4975018210146305
