ELO:923
CE_PASSEDPAWNS:0.4009569822511968
CE_PAWNWEAKNESSES:0.5222599350443674
CE_PIECEACTIVITY:0.458968955416235
CE_KINGPAWNSHIELD:0.48778648874772595
CE_PIECECOORDINATION:0.5524934226564661
CE_MATERIAL:0.5185781250984854
CE_KINGSAFETY:0.4970602159512285
C_PIECESQUARETABLES:0.4988657305666451
C_MOBILITY:0.4499695652365011
C_KINGSAFETY:0.522127542856311
C_PAWNSTRUCTURE:0.48945616787566504
C_PIECECOORDINATION:0.4812337613032035
C_ROOK:0.49711257385013174
CE_ROOK:0.5079999763681132
C_CENTERCONTROL:0.48053946395109853
C_DEVELOPPIECES:0.5145151202180831
C_MATERIAL:0.5064072189010547
C_MOVECOUNT:0.4650207741864098
C_PAWNMOVEMENT:0.4818348820395153
