ELO:966
CE_PASSEDPAWNS:0.4601210201171498
CE_PAWNWEAKNESSES:0.5010962611035354
CE_PIECEACTIVITY:0.4780640644762829
CE_KINGPAWNSHIELD:0.5173404070393789
CE_PIECECOORDINATION:0.5124287619351148
CE_MATERIAL:0.5041984691600547
CE_KINGSAFETY:0.5098682123196213
C_PIECESQUARETABLES:0.5
C_MOBILITY:0.4712503546250392
C_KINGSAFETY:0.49797485542295095
C_PAWNSTRUCTURE:0.5079820669076428
C_PIECECOORDINATION:0.5067920172702746
C_ROOK:0.5163576628099029
CE_ROOK:0.5151433252606876
C_CENTERCONTROL:0.5214454917829019
C_DEVELOPPIECES:0.4991331563503124
C_MATERIAL:0.5243617683087483
C_MOVECOUNT:0.506244666406384
C_PAWNMOVEMENT:0.5141457305512906
