ELO:901
CE_PASSEDPAWNS:0.49183623605732957
CE_PAWNWEAKNESSES:0.537022288884588
CE_PIECEACTIVITY:0.5593889928030198
CE_KINGPAWNSHIELD:0.49717497028819774
CE_PIECECOORDINATION:0.5151967975689794
CE_MATERIAL:0.6204695232488955
CE_KINGSAFETY:0.5361223376668827
C_PIECESQUARETABLES:0.5098618624067391
C_MOBILITY:0.43568392817416574
C_KINGSAFETY:0.554620193907231
C_PAWNSTRUCTURE:0.5078966271339935
C_PIECECOORDINATION:0.4605329142566003
C_ROOKANDPAWNMOVEMENT:0.4605329142566003
C_CENTERCONTROL:0.5496489265899244
C_DEVELOPPIECES:0.5063961908502379
C_MATERIAL:0.5923977071726624
