ELO:974
CE_PASSEDPAWNS:0.39229670065092187
CE_PAWNWEAKNESSES:0.4952934330083875
CE_PIECEACTIVITY:0.5298239002630224
CE_KINGPAWNSHIELD:0.5140766993997162
CE_PIECECOORDINATION:0.592390317796561
CE_MATERIAL:0.5846469893327592
CE_KINGSAFETY:0.48258933915497504
C_PIECESQUARETABLES:0.5479963547565958
C_MOBILITY:0.45193260720081574
C_KINGSAFETY:0.5797640033588437
C_PAWNSTRUCTURE:0.5979651477606266
C_PIECECOORDINATION:0.5650562809954613
C_ROOKANDPAWNMOVEMENT:0.5650562809954613
C_CENTERCONTROL:0.47074509767647926
C_DEVELOPPIECES:0.45141608545651424
C_MATERIAL:0.5244519178020072
