ELO:996
CE_PASSEDPAWNS:0.483335102470462
CE_PAWNWEAKNESSES:0.5026926775144359
CE_PIECEACTIVITY:0.5052002482456059
CE_KINGPAWNSHIELD:0.5169752067008669
CE_PIECECOORDINATION:0.501041964296261
CE_MATERIAL:0.5118559853064019
CE_KINGSAFETY:0.48794085977142654
C_PIECESQUARETABLES:0.5
C_MOBILITY:0.49551189648031385
C_KINGSAFETY:0.5066836974726503
C_PAWNSTRUCTURE:0.48481946708352186
C_PIECECOORDINATION:0.5122843650408866
C_ROOK:0.5269559039724918
CE_ROOK:0.5140168849583646
C_CENTERCONTROL:0.5204936954047741
C_DEVELOPPIECES:0.5119021713602419
C_MATERIAL:0.5197420225525716
C_MOVECOUNT:0.49200083820918483
C_PAWNMOVEMENT:0.5010838632173608
