ELO:944
CE_PASSEDPAWNS:0.47894124147840733
CE_PAWNWEAKNESSES:0.5106279508394078
CE_PIECEACTIVITY:0.5135412130038208
CE_KINGPAWNSHIELD:0.49900235497563367
CE_PIECECOORDINATION:0.5283133122743282
CE_MATERIAL:0.4432528612240608
CE_KINGSAFETY:0.473678973662746
C_PIECESQUARETABLES:0.5105121887657552
C_MOBILITY:0.5488297225872302
C_KINGSAFETY:0.5466250618020764
C_PAWNSTRUCTURE:0.5241087606337946
C_PIECECOORDINATION:0.4860937276656073
C_ROOKANDPAWNMOVEMENT:0.4860937276656073
C_CENTERCONTROL:0.4975528117295136
C_DEVELOPPIECES:0.5734112666658472
C_MATERIAL:0.47232576025864387
C_MOVECOUNT:0.5192240386415963
