ELO:971
CE_PASSEDPAWNS:0.5106267579510846
CE_PAWNWEAKNESSES:0.5100120966977713
CE_PIECEACTIVITY:0.491524378703286
CE_KINGPAWNSHIELD:0.5110432276679375
CE_PIECECOORDINATION:0.4824373578248639
CE_MATERIAL:0.5053403205182354
CE_KINGSAFETY:0.5101395327700895
C_PIECESQUARETABLES:0.5086817134849236
C_MOBILITY:0.5
C_KINGSAFETY:0.5122428352907228
C_PAWNSTRUCTURE:0.49324580028965226
C_PIECECOORDINATION:0.5003453029096943
C_ROOK:0.5029912201758324
CE_ROOK:0.5
C_CENTERCONTROL:0.521925696891816
C_DEVELOPPIECES:0.48769307309991966
C_MATERIAL:0.5
C_MOVECOUNT:0.5
C_PAWNMOVEMENT:0.5101815602650427
