ELO:767
CE_PASSEDPAWNS:0.4441695818626398
CE_PAWNWEAKNESSES:0.5231423724541534
CE_PIECEACTIVITY:0.4707155971203534
CE_KINGPAWNSHIELD:0.3358800202247296
CE_PIECECOORDINATION:0.45086778296290736
CE_MATERIAL:0.44120455627663313
CE_KINGSAFETY:0.49857207668383724
C_PIECESQUARETABLES:0.5052408121434675
C_MOBILITY:0.5139703340776262
C_KINGSAFETY:0.5638717456158775
C_PAWNSTRUCTURE:0.5125270268071397
C_PIECECOORDINATION:0.5472429698442572
C_ROOKANDPAWNMOVEMENT:0.5472429698442572
C_CENTERCONTROL:0.444615915789269
C_DEVELOPPIECES:0.5431757202062136
C_MATERIAL:0.5020291617895987
