ELO:962
CE_PASSEDPAWNS:0.43422049763373954
CE_PAWNWEAKNESSES:0.4991945891560887
CE_PIECEACTIVITY:0.4748529127583362
CE_KINGPAWNSHIELD:0.5103996994690767
CE_PIECECOORDINATION:0.5294120670333803
CE_MATERIAL:0.5136453939220027
CE_KINGSAFETY:0.5034326913519872
C_PIECESQUARETABLES:0.5
C_MOBILITY:0.4687493024090683
C_KINGSAFETY:0.5088406898616112
C_PAWNSTRUCTURE:0.4979021796276631
C_PIECECOORDINATION:0.4923533129340445
C_ROOK:0.5074328129963284
CE_ROOK:0.5166567556151456
C_CENTERCONTROL:0.5258989307973243
C_DEVELOPPIECES:0.5053006649714707
C_MATERIAL:0.5268390341026089
C_MOVECOUNT:0.5011837270965486
C_PAWNMOVEMENT:0.517397103239402
