ELO:984
CE_PASSEDPAWNS:0.5
CE_PAWNWEAKNESSES:0.4905420847489329
CE_PIECEACTIVITY:0.5
CE_KINGPAWNSHIELD:0.5055812997847625
CE_PIECECOORDINATION:0.494158494781802
CE_MATERIAL:0.5024431186337073
CE_KINGSAFETY:0.5132634328965836
C_PIECESQUARETABLES:0.5
C_MOBILITY:0.5
C_KINGSAFETY:0.5
C_PAWNSTRUCTURE:0.5061443734423001
C_PIECECOORDINATION:0.4792378348870793
C_ROOKANDPAWNMOVEMENT:0.4792378348870793
C_CENTERCONTROL:0.5038910620088779
C_DEVELOPPIECES:0.5091549795219411
C_MATERIAL:0.4872310553403354
