ELO:1003
CE_PASSEDPAWNS:0.4466841834394996
CE_PAWNWEAKNESSES:0.4954262363520028
CE_PIECEACTIVITY:0.5140007176344895
CE_KINGPAWNSHIELD:0.4898558106231938
CE_PIECECOORDINATION:0.5288471577238618
CE_MATERIAL:0.5421659094271204
CE_KINGSAFETY:0.4789171542634359
C_PIECESQUARETABLES:0.4765003820568478
C_MOBILITY:0.4866755740268957
C_KINGSAFETY:0.5379162424439424
C_PAWNSTRUCTURE:0.5348024867374755
C_PIECECOORDINATION:0.5141583209841784
C_ROOKANDPAWNMOVEMENT:0.5141583209841784
C_CENTERCONTROL:0.4713798350767435
C_DEVELOPPIECES:0.4750594969415386
C_MATERIAL:0.5073006671680177
