ELO:1035
CE_PASSEDPAWNS:0.5
CE_PAWNWEAKNESSES:0.5076385581632333
CE_PIECEACTIVITY:0.5
CE_KINGPAWNSHIELD:0.493394028037346
CE_PIECECOORDINATION:0.5
CE_MATERIAL:0.49432821273079836
CE_KINGSAFETY:0.48800036795335083
C_PIECESQUARETABLES:0.4971268409951848
C_MOBILITY:0.5096523529635382
C_KINGSAFETY:0.5034662373694556
C_PAWNSTRUCTURE:0.5003784056212636
C_PIECECOORDINATION:0.4995464450658634
C_ROOKANDPAWNMOVEMENT:0.4995464450658634
C_CENTERCONTROL:0.5071681719560325
C_DEVELOPPIECES:0.4890676814065032
C_MATERIAL:0.49787265597822133
C_MOVECOUNT:0.5
