ELO:999
CE_PASSEDPAWNS:0.49986630070883925
CE_PAWNWEAKNESSES:0.5124756532578099
CE_PIECEACTIVITY:0.503698223429749
CE_KINGPAWNSHIELD:0.5
CE_PIECECOORDINATION:0.4909281797119092
CE_MATERIAL:0.4899514917716041
CE_KINGSAFETY:0.5
C_PIECESQUARETABLES:0.5
C_MOBILITY:0.4840149440435317
C_KINGSAFETY:0.5060261983857482
C_PAWNSTRUCTURE:0.501454872267285
C_PIECECOORDINATION:0.5070944394454409
C_ROOKANDPAWNMOVEMENT:0.5070944394454409
C_CENTERCONTROL:0.4894500313715664
C_DEVELOPPIECES:0.5192237936133134
C_MATERIAL:0.5
C_MOVECOUNT:0.4997851963067331
