ELO:984
CE_PASSEDPAWNS:0.5076693451652105
CE_PAWNWEAKNESSES:0.511358320120793
CE_PIECEACTIVITY:0.46818174741506324
CE_KINGPAWNSHIELD:0.5032919971233267
CE_PIECECOORDINATION:0.48971573171445126
CE_MATERIAL:0.5
CE_KINGSAFETY:0.5155042720051004
C_PIECESQUARETABLES:0.5113177015245963
C_MOBILITY:0.49484532338574067
C_KINGSAFETY:0.5306703305406337
C_PAWNSTRUCTURE:0.4893183581212012
C_PIECECOORDINATION:0.5013036803056884
C_ROOK:0.49475677584424427
CE_ROOK:0.5127429503406481
C_CENTERCONTROL:0.5275652906371645
C_DEVELOPPIECES:0.5065024459622236
C_MATERIAL:0.488737241111331
C_MOVECOUNT:0.48961956163936904
C_PAWNMOVEMENT:0.5
