ELO:1000
CE_PASSEDPAWNS:0.443495174434077
CE_PAWNWEAKNESSES:0.476043567975772
CE_PIECEACTIVITY:0.5418556514194958
CE_KINGPAWNSHIELD:0.49308917637310723
CE_PIECECOORDINATION:0.5563305857681812
CE_MATERIAL:0.528904454051263
CE_KINGSAFETY:0.4869036095169153
C_PIECESQUARETABLES:0.4676399968052446
C_MOBILITY:0.48147927964613296
C_KINGSAFETY:0.5588746896360466
C_PAWNSTRUCTURE:0.5328572258057707
C_PIECECOORDINATION:0.5338400778353151
C_ROOKANDPAWNMOVEMENT:0.5338400778353151
C_CENTERCONTROL:0.5097270844384246
C_DEVELOPPIECES:0.48007185109843786
C_MATERIAL:0.5226835550982072
