ELO:796
CE_PASSEDPAWNS:0.372565267029454
CE_PAWNWEAKNESSES:0.45583607049804087
CE_PIECEACTIVITY:0.5031161110680323
CE_KINGPAWNSHIELD:0.4425276579167634
CE_PIECECOORDINATION:0.4950473288296504
CE_MATERIAL:0.5055460193386794
CE_KINGSAFETY:0.5115534760523508
C_PIECESQUARETABLES:0.5082123471635585
C_MOBILITY:0.3056597455582432
C_KINGSAFETY:0.5605394561377709
C_PAWNSTRUCTURE:0.3704032344694894
C_PIECECOORDINATION:0.4738929909942117
C_ROOKANDPAWNMOVEMENT:0.4738929909942117
C_CENTERCONTROL:0.5113373453422598
C_DEVELOPPIECES:0.4598825983582492
C_MATERIAL:0.49921210301350616
C_MOVECOUNT:0.526841597716222
