ELO:760
CE_PASSEDPAWNS:0.5526779340036291
CE_PAWNWEAKNESSES:0.5312077265445231
CE_PIECEACTIVITY:0.4946063574017355
CE_KINGPAWNSHIELD:0.4767265828165872
CE_PIECECOORDINATION:0.5720582211987627
CE_MATERIAL:0.45691531262861007
CE_KINGSAFETY:0.521212273042089
C_PIECESQUARETABLES:0.526251747889676
C_MOBILITY:0.5373080083234307
C_KINGSAFETY:0.5315186523296268
C_PAWNSTRUCTURE:0.5311419662134325
C_PIECECOORDINATION:0.531492312823575
C_ROOKANDPAWNMOVEMENT:0.531492312823575
C_CENTERCONTROL:0.4500051005044187
C_DEVELOPPIECES:0.47734889317704987
C_MATERIAL:0.4970551062204002
C_MOVECOUNT:0.5
