ELO:963
CE_PASSEDPAWNS:0.45594396143363464
CE_PAWNWEAKNESSES:0.4991945891560887
CE_PIECEACTIVITY:0.4722527883267809
CE_KINGPAWNSHIELD:0.5189069553306005
CE_PIECECOORDINATION:0.5179695825864529
CE_MATERIAL:0.5014776770299124
CE_KINGSAFETY:0.4954110731577222
C_PIECESQUARETABLES:0.5038862739660059
C_MOBILITY:0.4586368205708906
C_KINGSAFETY:0.5096740670373133
C_PAWNSTRUCTURE:0.4979021796276631
C_PIECECOORDINATION:0.4954890518454653
C_ROOK:0.5074328129963284
CE_ROOK:0.5166567556151456
C_CENTERCONTROL:0.5227687521595463
C_DEVELOPPIECES:0.5068206929753264
C_MATERIAL:0.5249566765105866
C_MOVECOUNT:0.493613174817098
C_PAWNMOVEMENT:0.5141457305512906
