ELO:951
CE_PASSEDPAWNS:0.49936033640282673
CE_PAWNWEAKNESSES:0.5067708566974147
CE_PIECEACTIVITY:0.4975026090811992
CE_KINGPAWNSHIELD:0.515735859303997
CE_PIECECOORDINATION:0.4866538595219682
CE_MATERIAL:0.48854463797780556
CE_KINGSAFETY:0.5006978309388327
C_PIECESQUARETABLES:0.49590708556236957
C_MOBILITY:0.5007474785750797
C_KINGSAFETY:0.49278493551895286
C_PAWNSTRUCTURE:0.50663050858299
C_PIECECOORDINATION:0.4798000609701486
C_ROOKANDPAWNMOVEMENT:0.4798000609701486
C_CENTERCONTROL:0.4925003615314973
C_DEVELOPPIECES:0.4851947788067277
C_MATERIAL:0.5125502182129571
C_MOVECOUNT:0.5
