ELO:896
CE_PASSEDPAWNS:0.49943543527679723
CE_PAWNWEAKNESSES:0.5272467849481484
CE_PIECEACTIVITY:0.5625529875358893
CE_KINGPAWNSHIELD:0.5000723911469948
CE_PIECECOORDINATION:0.5340038440149615
CE_MATERIAL:0.6065276277770533
CE_KINGSAFETY:0.527774135013718
C_PIECESQUARETABLES:0.49789560231864227
C_MOBILITY:0.43732679972922966
C_KINGSAFETY:0.5528107979259929
C_PAWNSTRUCTURE:0.48018661247143263
C_PIECECOORDINATION:0.46182634287358704
C_ROOKANDPAWNMOVEMENT:0.46182634287358704
C_CENTERCONTROL:0.534894938757213
C_DEVELOPPIECES:0.5207181834759895
C_MATERIAL:0.5860884160901664
