ELO:974
CE_PASSEDPAWNS:0.5
CE_PAWNWEAKNESSES:0.5
CE_PIECEACTIVITY:0.5799777422490265
CE_KINGPAWNSHIELD:0.5011153214629693
CE_PIECECOORDINATION:0.5258224396173218
CE_MATERIAL:0.5213610408482559
CE_KINGSAFETY:0.5
C_PIECESQUARETABLES:0.4878949584195983
C_MOBILITY:0.5100506975321502
C_KINGSAFETY:0.5212630770538783
C_PAWNSTRUCTURE:0.4804837528008742
C_PIECECOORDINATION:0.485024539335221
C_ROOKANDPAWNMOVEMENT:0.485024539335221
C_CENTERCONTROL:0.4666246803793508
C_DEVELOPPIECES:0.46879947066441074
C_MATERIAL:0.49831507192468644
C_MOVECOUNT:0.5
