ELO:994
CE_PASSEDPAWNS:0.467391769124004
CE_PAWNWEAKNESSES:0.48107433703253716
CE_PIECEACTIVITY:0.49589423134771604
CE_KINGPAWNSHIELD:0.4728408608719225
CE_PIECECOORDINATION:0.5074158122845649
CE_MATERIAL:0.48786067287465257
CE_KINGSAFETY:0.5
C_PIECESQUARETABLES:0.5
C_MOBILITY:0.5013590634283139
C_KINGSAFETY:0.4855697488147185
C_PAWNSTRUCTURE:0.5079362917316934
C_PIECECOORDINATION:0.4842672614493234
C_ROOK:0.5005234401475087
CE_ROOK:0.4854361812081888
C_CENTERCONTROL:0.4969546341942513
C_DEVELOPPIECES:0.49870829096553204
C_MATERIAL:0.5063068279310138
C_MOVECOUNT:0.4565546094823454
C_PAWNMOVEMENT:0.4958831919451372
