ELO:984
CE_PASSEDPAWNS:0.5
CE_PAWNWEAKNESSES:0.5009028188943203
CE_PIECEACTIVITY:0.5212881987191861
CE_KINGPAWNSHIELD:0.5167896506963406
CE_PIECECOORDINATION:0.47087676000921885
CE_MATERIAL:0.5009804368214746
CE_KINGSAFETY:0.49559116572160217
C_PIECESQUARETABLES:0.5
C_MOBILITY:0.4918905680188294
C_KINGSAFETY:0.5
C_PAWNSTRUCTURE:0.48377422104595524
C_PIECECOORDINATION:0.48825994617718416
C_ROOKANDPAWNMOVEMENT:0.48825994617718416
C_CENTERCONTROL:0.4972507269725674
C_DEVELOPPIECES:0.5119475370840663
C_MATERIAL:0.48122316415777827
C_MOVECOUNT:0.5
