ELO:971
CE_PASSEDPAWNS:0.4997249690006287
CE_PAWNWEAKNESSES:0.47008509059037246
CE_PIECEACTIVITY:0.4487435868625644
CE_KINGPAWNSHIELD:0.5227432731374198
CE_PIECECOORDINATION:0.4485643251343535
CE_MATERIAL:0.503249422295487
CE_KINGSAFETY:0.49840022570764203
C_PIECESQUARETABLES:0.5006576206470013
C_MOBILITY:0.46798694174431915
C_KINGSAFETY:0.5455436325249892
C_PAWNSTRUCTURE:0.4996494244083269
C_PIECECOORDINATION:0.4967365470330771
C_ROOKANDPAWNMOVEMENT:0.4967365470330771
C_CENTERCONTROL:0.5460384954617105
C_DEVELOPPIECES:0.4431268791882429
C_MATERIAL:0.5315742411220338
