ELO:979
CE_PASSEDPAWNS:0.5056859353940176
CE_PAWNWEAKNESSES:0.5185002037571955
CE_PIECEACTIVITY:0.5014669924032714
CE_KINGPAWNSHIELD:0.5312175051140556
CE_PIECECOORDINATION:0.5462152407193022
CE_MATERIAL:0.5047063137866324
CE_KINGSAFETY:0.49001761380556325
C_PIECESQUARETABLES:0.5088217308715142
C_MOBILITY:0.5055789153776025
C_KINGSAFETY:0.48991738589693146
C_PAWNSTRUCTURE:0.5015179793167162
C_PIECECOORDINATION:0.5167264156963651
C_ROOKANDPAWNMOVEMENT:0.5167264156963651
C_CENTERCONTROL:0.4954849951896925
C_DEVELOPPIECES:0.4646596205561639
C_MATERIAL:0.47712492247600896
C_MOVECOUNT:0.5
