ELO:971
CE_PASSEDPAWNS:0.5159130219507694
CE_PAWNWEAKNESSES:0.4925052899238333
CE_PIECEACTIVITY:0.5128994922370343
CE_KINGPAWNSHIELD:0.48653827848703224
CE_PIECECOORDINATION:0.4916541838726598
CE_MATERIAL:0.5091904486622274
CE_KINGSAFETY:0.5
C_PIECESQUARETABLES:0.5060241081380215
C_MOBILITY:0.4982025233438527
C_KINGSAFETY:0.4726312052961903
C_PAWNSTRUCTURE:0.5304661883138923
C_PIECECOORDINATION:0.5233888977676434
C_ROOK:0.5003639018536183
CE_ROOK:0.49077539530193204
C_CENTERCONTROL:0.5026472481933659
C_DEVELOPPIECES:0.5276292790370296
C_MATERIAL:0.47995431644630715
C_MOVECOUNT:0.4855596403591494
C_PAWNMOVEMENT:0.5217602093616969
