ELO:848
CE_PASSEDPAWNS:0.4327568236079728
CE_PAWNWEAKNESSES:0.5658951132500457
CE_PIECEACTIVITY:0.5189758025502823
CE_KINGPAWNSHIELD:0.5057577729316935
CE_PIECECOORDINATION:0.5095639804770383
CE_MATERIAL:0.511361753200779
CE_KINGSAFETY:0.4970664852177307
C_PIECESQUARETABLES:0.499037982207354
C_MOBILITY:0.5702609228504516
C_KINGSAFETY:0.48827370879634263
C_PAWNSTRUCTURE:0.5378075652033659
C_PIECECOORDINATION:0.39784641789046576
C_ROOKANDPAWNMOVEMENT:0.39784641789046576
C_CENTERCONTROL:0.4706173733907904
C_DEVELOPPIECES:0.4314381926252297
C_MATERIAL:0.4078547527860723
