ELO:960
CE_PASSEDPAWNS:0.4850557424873098
CE_PAWNWEAKNESSES:0.40178426622423635
CE_PIECEACTIVITY:0.5268429594071298
CE_KINGPAWNSHIELD:0.5309905097531878
CE_PIECECOORDINATION:0.49557187397776703
CE_MATERIAL:0.4699618592494867
CE_KINGSAFETY:0.5
C_PIECESQUARETABLES:0.48845769295135494
C_MOBILITY:0.5065743824179656
C_KINGSAFETY:0.5064212792405047
C_PAWNSTRUCTURE:0.47399971388114903
C_PIECECOORDINATION:0.499976604016106
C_ROOKANDPAWNMOVEMENT:0.499976604016106
C_CENTERCONTROL:0.4395137691267157
C_DEVELOPPIECES:0.47991129559973267
C_MATERIAL:0.5135972032803453
C_MOVECOUNT:0.5
