ELO:999
CE_PASSEDPAWNS:0.46582365081365684
CE_PAWNWEAKNESSES:0.4997146322235092
CE_PIECEACTIVITY:0.45641853827048906
CE_KINGPAWNSHIELD:0.48910981540645687
CE_PIECECOORDINATION:0.5146193776241559
CE_MATERIAL:0.493550948517145
CE_KINGSAFETY:0.5
C_PIECESQUARETABLES:0.5
C_MOBILITY:0.471753631585008
C_KINGSAFETY:0.46371005439926566
C_PAWNSTRUCTURE:0.4877211438988972
C_PIECECOORDINATION:0.5073366034478431
C_ROOK:0.46544478874179224
CE_ROOK:0.5094720798810508
C_CENTERCONTROL:0.46805458764724367
C_DEVELOPPIECES:0.46975404843917756
C_MATERIAL:0.4744183076085266
C_MOVECOUNT:0.46333024218355534
C_PAWNMOVEMENT:0.5037547385522029
