ELO:926
CE_PASSEDPAWNS:0.4787817397041233
CE_PAWNWEAKNESSES:0.489420952182029
CE_PIECEACTIVITY:0.5128024861696997
CE_KINGPAWNSHIELD:0.46115609589846807
CE_PIECECOORDINATION:0.5008487953116019
CE_MATERIAL:0.4789689856373227
CE_KINGSAFETY:0.519004425677966
C_PIECESQUARETABLES:0.48107050827802383
C_MOBILITY:0.48743755317232795
C_KINGSAFETY:0.4875367798077445
C_PAWNSTRUCTURE:0.5088033307653761
C_PIECECOORDINATION:0.49246372164886787
C_ROOKANDPAWNMOVEMENT:0.49246372164886787
C_CENTERCONTROL:0.5170966629848782
C_DEVELOPPIECES:0.520292225201708
C_MATERIAL:0.4692924887006967
