ELO:933
CE_PASSEDPAWNS:0.4615749068585013
CE_PAWNWEAKNESSES:0.43740353484480704
CE_PIECEACTIVITY:0.4176113979445368
CE_KINGPAWNSHIELD:0.4224655195087022
CE_PIECECOORDINATION:0.492316190412677
CE_MATERIAL:0.47467725977434805
CE_KINGSAFETY:0.5015047084355315
C_PIECESQUARETABLES:0.48420356861722336
C_MOBILITY:0.44499232518134
C_KINGSAFETY:0.5816890270335103
C_PAWNSTRUCTURE:0.5203760325791036
C_PIECECOORDINATION:0.4949189365517693
C_ROOKANDPAWNMOVEMENT:0.4949189365517693
C_CENTERCONTROL:0.5456418050553244
C_DEVELOPPIECES:0.4286325420062437
C_MATERIAL:0.45029354582898035
