ELO:818
CE_PASSEDPAWNS:0.45100598721807217
CE_PAWNWEAKNESSES:0.5791833298443069
CE_PIECEACTIVITY:0.540621146670502
CE_KINGPAWNSHIELD:0.4828129580609071
CE_PIECECOORDINATION:0.5153332834125368
CE_MATERIAL:0.4778270214410948
CE_KINGSAFETY:0.5062589816707471
C_PIECESQUARETABLES:0.44415639412130936
C_MOBILITY:0.5590922400724002
C_KINGSAFETY:0.4961063951133175
C_PAWNSTRUCTURE:0.5224271191114006
C_PIECECOORDINATION:0.4071195603908477
C_ROOKANDPAWNMOVEMENT:0.4071195603908477
C_CENTERCONTROL:0.4829186200116114
C_DEVELOPPIECES:0.4375617128113086
C_MATERIAL:0.43890524142063747
