ELO:985
CE_PASSEDPAWNS:0.49887694461575366
CE_PAWNWEAKNESSES:0.49511865583956216
CE_PIECEACTIVITY:0.5094874282803649
CE_KINGPAWNSHIELD:0.48661903348440055
CE_PIECECOORDINATION:0.4971253769183174
CE_MATERIAL:0.49118735807398134
CE_KINGSAFETY:0.4995283003132324
C_PIECESQUARETABLES:0.5208439638915734
C_MOBILITY:0.4953851919798049
C_KINGSAFETY:0.48249012845487543
C_PAWNSTRUCTURE:0.5185469779041334
C_PIECECOORDINATION:0.5121467732417864
C_ROOK:0.5040308905944146
CE_ROOK:0.5075934347099967
C_CENTERCONTROL:0.4924442273305173
C_DEVELOPPIECES:0.5211842082579645
C_MATERIAL:0.46609655217121976
C_MOVECOUNT:0.4808864133232724
C_PAWNMOVEMENT:0.5221636531757329
