ELO:937
CE_PASSEDPAWNS:0.5067220476838514
CE_PAWNWEAKNESSES:0.4486953794665965
CE_PIECEACTIVITY:0.49390603503914515
CE_KINGPAWNSHIELD:0.5769936863899394
CE_PIECECOORDINATION:0.512350908050682
CE_MATERIAL:0.4990122579976285
CE_KINGSAFETY:0.5050632217882336
C_PIECESQUARETABLES:0.5
C_MOBILITY:0.4532664349226648
C_KINGSAFETY:0.5266219372205012
C_PAWNSTRUCTURE:0.49332883325593424
C_PIECECOORDINATION:0.5266187511024933
C_ROOKANDPAWNMOVEMENT:0.5266187511024933
C_CENTERCONTROL:0.5
C_DEVELOPPIECES:0.439694387708118
C_MATERIAL:0.4778916391878081
C_MOVECOUNT:0.5
