ELO:999
CE_PASSEDPAWNS:0.5
CE_PAWNWEAKNESSES:0.4935058238178532
CE_PIECEACTIVITY:0.5064386148682044
CE_KINGPAWNSHIELD:0.5
CE_PIECECOORDINATION:0.5
CE_MATERIAL:0.49436388316674734
CE_KINGSAFETY:0.5037670956250118
C_PIECESQUARETABLES:0.5
C_MOBILITY:0.5
C_KINGSAFETY:0.5
C_PAWNSTRUCTURE:0.5119195921177198
C_PIECECOORDINATION:0.5056154667362829
C_ROOK:0.5
CE_ROOK:0.492527965022339
C_CENTERCONTROL:0.4862571705253501
C_DEVELOPPIECES:0.5014871905785547
C_MATERIAL:0.5
C_MOVECOUNT:0.4900528223569089
C_PAWNMOVEMENT:0.5033281871166082
