ELO:988
CE_PASSEDPAWNS:0.5205394483232803
CE_PAWNWEAKNESSES:0.5081949031981932
CE_PIECEACTIVITY:0.5082956132045412
CE_KINGPAWNSHIELD:0.3987168418265493
CE_PIECECOORDINATION:0.45760556002462505
CE_MATERIAL:0.5640993985863744
CE_KINGSAFETY:0.4949002095318386
C_PIECESQUARETABLES:0.5
C_MOBILITY:0.4981167876389623
C_KINGSAFETY:0.5077087654596292
C_PAWNSTRUCTURE:0.5113302306932695
C_PIECECOORDINATION:0.5269481986921654
C_ROOKANDPAWNMOVEMENT:0.5269481986921654
C_CENTERCONTROL:0.3976101602692124
C_DEVELOPPIECES:0.5002417353909768
C_MATERIAL:0.5902678983201064
