ELO:1003
CE_PASSEDPAWNS:0.5
CE_PAWNWEAKNESSES:0.5006358478396588
CE_PIECEACTIVITY:0.502153800292359
CE_KINGPAWNSHIELD:0.5105086593803206
CE_PIECECOORDINATION:0.5027081192633627
CE_MATERIAL:0.5194238097536179
CE_KINGSAFETY:0.5
C_PIECESQUARETABLES:0.48358289096363405
C_MOBILITY:0.5047907030839075
C_KINGSAFETY:0.4980562681438627
C_PAWNSTRUCTURE:0.5
C_PIECECOORDINATION:0.5065153712041292
C_ROOKANDPAWNMOVEMENT:0.5065153712041292
C_CENTERCONTROL:0.4952271102083107
C_DEVELOPPIECES:0.4908275545530001
C_MATERIAL:0.4854656492881104
C_MOVECOUNT:0.48369150782508535
