ELO:1009
CE_PASSEDPAWNS:0.46367200379886414
CE_PAWNWEAKNESSES:0.4957788693963985
CE_PIECEACTIVITY:0.4768751214654635
CE_KINGPAWNSHIELD:0.5117282849980962
CE_PIECECOORDINATION:0.4741784978328132
CE_MATERIAL:0.4926554004135257
CE_KINGSAFETY:0.4801759048611708
C_PIECESQUARETABLES:0.4896112041430935
C_MOBILITY:0.5242915687359003
C_KINGSAFETY:0.5658590560704297
C_PAWNSTRUCTURE:0.47223545027465497
C_PIECECOORDINATION:0.4598548582607078
C_ROOKANDPAWNMOVEMENT:0.4598548582607078
C_CENTERCONTROL:0.5453229130271684
C_DEVELOPPIECES:0.5105517872890561
C_MATERIAL:0.5122916527441805
