ELO:986
CE_PASSEDPAWNS:0.481357048610179
CE_PAWNWEAKNESSES:0.47886781202333206
CE_PIECEACTIVITY:0.4547596890521486
CE_KINGPAWNSHIELD:0.5058563960833515
CE_PIECECOORDINATION:0.44289693547258185
CE_MATERIAL:0.5200639648503667
CE_KINGSAFETY:0.5
C_PIECESQUARETABLES:0.4954605830995499
C_MOBILITY:0.46884707743834947
C_KINGSAFETY:0.534184656263237
C_PAWNSTRUCTURE:0.5081323282034722
C_PIECECOORDINATION:0.4878619651922147
C_ROOKANDPAWNMOVEMENT:0.4878619651922147
C_CENTERCONTROL:0.5348802859840088
C_DEVELOPPIECES:0.42495829338862295
C_MATERIAL:0.5066089470783178
