ELO:1000
CE_PASSEDPAWNS:0.4936052233476478
CE_PAWNWEAKNESSES:0.4944534500646283
CE_PIECEACTIVITY:0.4707295906928047
CE_KINGPAWNSHIELD:0.5147307458379083
CE_PIECECOORDINATION:0.4764975000043668
CE_MATERIAL:0.47697816145415484
CE_KINGSAFETY:0.48414432799251506
C_PIECESQUARETABLES:0.5028467555719562
C_MOBILITY:0.5157387854608515
C_KINGSAFETY:0.529726028705142
C_PAWNSTRUCTURE:0.5064568899851782
C_PIECECOORDINATION:0.49299113813368783
C_ROOKANDPAWNMOVEMENT:0.49299113813368783
C_CENTERCONTROL:0.500398134402154
C_DEVELOPPIECES:0.49425166238169926
C_MATERIAL:0.5245302081742291
