ELO:996
CE_PASSEDPAWNS:0.5049576047416146
CE_PAWNWEAKNESSES:0.5230695763460902
CE_PIECEACTIVITY:0.4993252072845339
CE_KINGPAWNSHIELD:0.49308177199325837
CE_PIECECOORDINATION:0.4512971009153325
CE_MATERIAL:0.5588249382610434
CE_KINGSAFETY:0.5137394576711419
C_PIECESQUARETABLES:0.5023352315186386
C_MOBILITY:0.49816549280442246
C_KINGSAFETY:0.5002647536524195
C_PAWNSTRUCTURE:0.5006281247243053
C_PIECECOORDINATION:0.5260945715499948
C_ROOKANDPAWNMOVEMENT:0.5260945715499948
C_CENTERCONTROL:0.3886094360474488
C_DEVELOPPIECES:0.5067495606305472
C_MATERIAL:0.5961268017656108
