ELO:936
CE_PASSEDPAWNS:0.46821112607128984
CE_PAWNWEAKNESSES:0.5152518978441624
CE_PIECEACTIVITY:0.49534515432949344
CE_KINGPAWNSHIELD:0.49152412828997794
CE_PIECECOORDINATION:0.48122841160492513
CE_MATERIAL:0.5311790891442918
CE_KINGSAFETY:0.5425593042971457
C_PIECESQUARETABLES:0.4854914501817071
C_MOBILITY:0.43143216850071237
C_KINGSAFETY:0.5156793512066555
C_PAWNSTRUCTURE:0.47136353854358204
C_PIECECOORDINATION:0.4791176075386582
C_ROOKANDPAWNMOVEMENT:0.4791176075386582
C_CENTERCONTROL:0.5033058301691063
C_DEVELOPPIECES:0.52498299712846
C_MATERIAL:0.5377794552310564
C_MOVECOUNT:0.5
