ELO:915
CE_PASSEDPAWNS:0.4301787439817103
CE_PAWNWEAKNESSES:0.5517027827045867
CE_PIECEACTIVITY:0.5264481572073959
CE_KINGPAWNSHIELD:0.51586606513352
CE_PIECECOORDINATION:0.522308321089048
CE_MATERIAL:0.4605374121286405
CE_KINGSAFETY:0.48492358666838026
C_PIECESQUARETABLES:0.45572516439020155
C_MOBILITY:0.5874138774793668
C_KINGSAFETY:0.49804869796658474
C_PAWNSTRUCTURE:0.5498112653935923
C_PIECECOORDINATION:0.43177458517202544
C_ROOKANDPAWNMOVEMENT:0.43177458517202544
C_CENTERCONTROL:0.5123486041031897
C_DEVELOPPIECES:0.42558178119076023
C_MATERIAL:0.44664362464609986
