ELO:1090
CE_PASSEDPAWNS:0.6130816542437759
CE_PAWNWEAKNESSES:0.49146724175162715
CE_PIECEACTIVITY:0.46947415521330277
CE_KINGPAWNSHIELD:0.47750255796052127
CE_PIECECOORDINATION:0.48912152538041526
CE_MATERIAL:0.45174468992099315
CE_KINGSAFETY:0.5017442014530242
C_PIECESQUARETABLES:0.5238405977363092
C_MOBILITY:0.3883627567039072
C_KINGSAFETY:0.50338864722218
C_PAWNSTRUCTURE:0.43372802172752034
C_PIECECOORDINATION:0.46787601410223756
C_ROOKANDPAWNMOVEMENT:0.46787601410223756
C_CENTERCONTROL:0.5241516181776379
C_DEVELOPPIECES:0.5770640075764388
C_MATERIAL:0.4120356507459963
