ELO:981
CE_PASSEDPAWNS:0.5002300832811147
CE_PAWNWEAKNESSES:0.5024632820007167
CE_PIECEACTIVITY:0.4824276985252314
CE_KINGPAWNSHIELD:0.4846661640252261
CE_PIECECOORDINATION:0.49024954709853175
CE_MATERIAL:0.5070796310827956
CE_KINGSAFETY:0.4939830344743774
C_PIECESQUARETABLES:0.4950948593959008
C_MOBILITY:0.48545372690006494
C_KINGSAFETY:0.49330399959627247
C_PAWNSTRUCTURE:0.5047019077278478
C_PIECECOORDINATION:0.49379632744185625
C_ROOKANDPAWNMOVEMENT:0.49379632744185625
C_CENTERCONTROL:0.4672965808687987
C_DEVELOPPIECES:0.5126190329020954
C_MATERIAL:0.500864294984038
C_MOVECOUNT:0.4996727378267021
