ELO:988
CE_PASSEDPAWNS:0.44880366137654815
CE_PAWNWEAKNESSES:0.4765481628674877
CE_PIECEACTIVITY:0.45298470211357855
CE_KINGPAWNSHIELD:0.4509006070866691
CE_PIECECOORDINATION:0.4713119129906843
CE_MATERIAL:0.47735214961063144
CE_KINGSAFETY:0.5084248130812263
C_PIECESQUARETABLES:0.49325235415495317
C_MOBILITY:0.4652783942691541
C_KINGSAFETY:0.3905217680166991
C_PAWNSTRUCTURE:0.47002929908133945
C_PIECECOORDINATION:0.44094125720793254
C_ROOKANDPAWNMOVEMENT:0.44094125720793254
C_CENTERCONTROL:0.5175974966456149
C_DEVELOPPIECES:0.42543986857487615
C_MATERIAL:0.6695783879078887
