ELO:963
CE_PASSEDPAWNS:0.48130798989053397
CE_PAWNWEAKNESSES:0.44384499719230014
CE_PIECEACTIVITY:0.4513120040362322
CE_KINGPAWNSHIELD:0.520460654673471
CE_PIECECOORDINATION:0.42387545114100184
CE_MATERIAL:0.4899864895216471
CE_KINGSAFETY:0.49040918952796697
C_PIECESQUARETABLES:0.4960622311099067
C_MOBILITY:0.46798694174431915
C_KINGSAFETY:0.5474983702636229
C_PAWNSTRUCTURE:0.49826482735357575
C_PIECECOORDINATION:0.5078419714178388
C_ROOKANDPAWNMOVEMENT:0.5078419714178388
C_CENTERCONTROL:0.5368848824891812
C_DEVELOPPIECES:0.4326771256307072
C_MATERIAL:0.5115632427374189
