ELO:1007
CE_PASSEDPAWNS:0.42761680564112253
CE_PAWNWEAKNESSES:0.5720065271278447
CE_PIECEACTIVITY:0.5624783031036023
CE_KINGPAWNSHIELD:0.4606636330128748
CE_PIECECOORDINATION:0.5088518100275055
CE_MATERIAL:0.4948662262943065
CE_KINGSAFETY:0.4690414430179343
C_PIECESQUARETABLES:0.4177358821910001
C_MOBILITY:0.5208406940746955
C_KINGSAFETY:0.4294197537239032
C_PAWNSTRUCTURE:0.566809420166256
C_PIECECOORDINATION:0.60662275117247
C_ROOKANDPAWNMOVEMENT:0.60662275117247
C_CENTERCONTROL:0.5188114059738506
C_DEVELOPPIECES:0.48729198194531653
C_MATERIAL:0.4935858419423327
