ELO:951
CE_PASSEDPAWNS:0.4842451614380234
CE_PAWNWEAKNESSES:0.45500589676410524
CE_PIECEACTIVITY:0.4409211247198799
CE_KINGPAWNSHIELD:0.5143279653563251
CE_PIECECOORDINATION:0.4234212058864199
CE_MATERIAL:0.4709949259273229
CE_KINGSAFETY:0.5140597445243815
C_PIECESQUARETABLES:0.4969090258959079
C_MOBILITY:0.46881493411833236
C_KINGSAFETY:0.5500609188461687
C_PAWNSTRUCTURE:0.49819544359041007
C_PIECECOORDINATION:0.510971032388519
C_ROOKANDPAWNMOVEMENT:0.510971032388519
C_CENTERCONTROL:0.5314599331307936
C_DEVELOPPIECES:0.4095336377356911
C_MATERIAL:0.5278708744646936
