ELO:972
CE_PASSEDPAWNS:0.5159130219507694
CE_PAWNWEAKNESSES:0.49511865583956216
CE_PIECEACTIVITY:0.508044665725695
CE_KINGPAWNSHIELD:0.4884167918562367
CE_PIECECOORDINATION:0.49548435249965694
CE_MATERIAL:0.49985682637570716
CE_KINGSAFETY:0.5
C_PIECESQUARETABLES:0.5051004116578478
C_MOBILITY:0.4982025233438527
C_KINGSAFETY:0.4726312052961903
C_PAWNSTRUCTURE:0.5304661883138923
C_PIECECOORDINATION:0.5202085564802591
C_ROOK:0.5003639018536183
CE_ROOK:0.49945576613828474
C_CENTERCONTROL:0.4924442273305173
C_DEVELOPPIECES:0.5276292790370296
C_MATERIAL:0.49035527582340505
C_MOVECOUNT:0.4855596403591494
C_PAWNMOVEMENT:0.5217602093616969
