ELO:988
CE_PASSEDPAWNS:0.48662661429853554
CE_PAWNWEAKNESSES:0.48062458402517005
CE_PIECEACTIVITY:0.450430656876495
CE_KINGPAWNSHIELD:0.520345082174137
CE_PIECECOORDINATION:0.44289693547258185
CE_MATERIAL:0.5272546525100577
CE_KINGSAFETY:0.48918209981387206
C_PIECESQUARETABLES:0.5074687922302785
C_MOBILITY:0.46884707743834947
C_KINGSAFETY:0.5417713524355761
C_PAWNSTRUCTURE:0.499619204118025
C_PIECECOORDINATION:0.4878619651922147
C_ROOKANDPAWNMOVEMENT:0.4878619651922147
C_CENTERCONTROL:0.5247499591238814
C_DEVELOPPIECES:0.43138435319406226
C_MATERIAL:0.5071437022143369
