ELO:999
CE_PASSEDPAWNS:0.5
CE_PAWNWEAKNESSES:0.49643808917780763
CE_PIECEACTIVITY:0.5081818531495007
CE_KINGPAWNSHIELD:0.5004125718125904
CE_PIECECOORDINATION:0.5
CE_MATERIAL:0.4971848487010568
CE_KINGSAFETY:0.5
C_PIECESQUARETABLES:0.5
C_MOBILITY:0.5105897566035937
C_KINGSAFETY:0.5
C_PAWNSTRUCTURE:0.4925984481043151
C_PIECECOORDINATION:0.5
C_ROOKANDPAWNMOVEMENT:0.5
C_CENTERCONTROL:0.5020038128444985
C_DEVELOPPIECES:0.5046115570727376
C_MATERIAL:0.5
C_MOVECOUNT:0.5027061951824611
