ELO:840
CE_PASSEDPAWNS:0.4842911208916272
CE_PAWNWEAKNESSES:0.5006691301789139
CE_PIECEACTIVITY:0.42415834694607296
CE_KINGPAWNSHIELD:0.5321512290216611
CE_PIECECOORDINATION:0.4854780029178902
CE_MATERIAL:0.5554288732975519
CE_KINGSAFETY:0.48233616916244515
C_PIECESQUARETABLES:0.5116355553930948
C_MOBILITY:0.45230671919484117
C_KINGSAFETY:0.610133955872352
C_PAWNSTRUCTURE:0.48919823805117074
C_PIECECOORDINATION:0.5127748226117795
C_ROOKANDPAWNMOVEMENT:0.5127748226117795
C_CENTERCONTROL:0.5481264057322862
C_DEVELOPPIECES:0.4684585424187898
C_MATERIAL:0.555497271901911
C_MOVECOUNT:0.5
