ELO:1000
CE_PASSEDPAWNS:0.4863451991605494
CE_PAWNWEAKNESSES:0.5001730129207484
CE_PIECEACTIVITY:0.5059898711864573
CE_KINGPAWNSHIELD:0.5111602400908182
CE_PIECECOORDINATION:0.49040037660431135
CE_MATERIAL:0.5062827814260119
CE_KINGSAFETY:0.5314802963585532
C_PIECESQUARETABLES:0.4789687284859566
C_MOBILITY:0.48744101655333677
C_KINGSAFETY:0.5273472843744851
C_PAWNSTRUCTURE:0.5021309538764142
C_PIECECOORDINATION:0.5005073892262852
C_ROOKANDPAWNMOVEMENT:0.5005073892262852
C_CENTERCONTROL:0.5050420843179926
C_DEVELOPPIECES:0.5106656836818896
C_MATERIAL:0.49676764915040406
