ELO:917
CE_PASSEDPAWNS:0.4705179958210219
CE_PAWNWEAKNESSES:0.5164168608194716
CE_PIECEACTIVITY:0.5037066350169767
CE_KINGPAWNSHIELD:0.47147863789517247
CE_PIECECOORDINATION:0.5012337605513292
CE_MATERIAL:0.5554958691266516
CE_KINGSAFETY:0.5089597914445525
C_PIECESQUARETABLES:0.5190672596407611
C_MOBILITY:0.5004149788125525
C_KINGSAFETY:0.5283474774984701
C_PAWNSTRUCTURE:0.48261633675599985
C_PIECECOORDINATION:0.43732482375614284
C_ROOKANDPAWNMOVEMENT:0.43732482375614284
C_CENTERCONTROL:0.47031841080095005
C_DEVELOPPIECES:0.5255002071422417
C_MATERIAL:0.5318914498710567
C_MOVECOUNT:0.5269904405370793
