ELO:1000
CE_PASSEDPAWNS:0.5091706635018274
CE_PAWNWEAKNESSES:0.4925728821504513
CE_PIECEACTIVITY:0.5051758766279747
CE_KINGPAWNSHIELD:0.5
CE_PIECECOORDINATION:0.4992806993776616
CE_MATERIAL:0.5175764455486002
CE_KINGSAFETY:0.5
C_PIECESQUARETABLES:0.5
C_MOBILITY:0.501940738042608
C_KINGSAFETY:0.5012482005929559
C_PAWNSTRUCTURE:0.4976477250037915
C_PIECECOORDINATION:0.49734683302910887
C_ROOKANDPAWNMOVEMENT:0.49734683302910887
C_CENTERCONTROL:0.4917444354585477
C_DEVELOPPIECES:0.4960336060183891
C_MATERIAL:0.5044547270739383
C_MOVECOUNT:0.5227126617450092
