ELO:1003
CE_PASSEDPAWNS:0.4633108615923945
CE_PAWNWEAKNESSES:0.4567109019708141
CE_PIECEACTIVITY:0.4437341333982354
CE_KINGPAWNSHIELD:0.48245275149411443
CE_PIECECOORDINATION:0.5044547975167487
CE_MATERIAL:0.5167376623775717
CE_KINGSAFETY:0.5276025076054665
C_PIECESQUARETABLES:0.49545943598278125
C_MOBILITY:0.530719168803279
C_KINGSAFETY:0.3873701380592399
C_PAWNSTRUCTURE:0.48322275295721884
C_PIECECOORDINATION:0.45795594365183645
C_ROOKANDPAWNMOVEMENT:0.45795594365183645
C_CENTERCONTROL:0.5371752681126152
C_DEVELOPPIECES:0.4195763959348062
C_MATERIAL:0.47273494728542376
