ELO:983
CE_PASSEDPAWNS:0.47428961058948177
CE_PAWNWEAKNESSES:0.5073783996455112
CE_PIECEACTIVITY:0.5011412424490588
CE_KINGPAWNSHIELD:0.5089849341898938
CE_PIECECOORDINATION:0.5343324228066855
CE_MATERIAL:0.47924107681583267
CE_KINGSAFETY:0.5
C_PIECESQUARETABLES:0.5
C_MOBILITY:0.5491744198532802
C_KINGSAFETY:0.5010396651413015
C_PAWNSTRUCTURE:0.5200288347493638
C_PIECECOORDINATION:0.5113876526875692
C_ROOK:0.5277144583847722
CE_ROOK:0.5012328256061186
C_CENTERCONTROL:0.5094154599721322
C_DEVELOPPIECES:0.4727473771815632
C_MATERIAL:0.5289006201509058
C_MOVECOUNT:0.4551431673987417
C_PAWNMOVEMENT:0.5261873643466072
