ELO:988
CE_PASSEDPAWNS:0.5
CE_PAWNWEAKNESSES:0.5
CE_PIECEACTIVITY:0.5
CE_KINGPAWNSHIELD:0.5
CE_PIECECOORDINATION:0.5
CE_MATERIAL:0.5111241590921831
CE_KINGSAFETY:0.513158167252747
C_PIECESQUARETABLES:0.48865540163550236
C_MOBILITY:0.4984550083999552
C_KINGSAFETY:0.5072543910912053
C_PAWNSTRUCTURE:0.5
C_PIECECOORDINATION:0.5004066259771378
C_ROOKANDPAWNMOVEMENT:0.5004066259771378
C_CENTERCONTROL:0.5077505431432818
C_DEVELOPPIECES:0.5
C_MATERIAL:0.5
C_MOVECOUNT:0.5
