ELO:928
CE_PASSEDPAWNS:0.4795826372636584
CE_PAWNWEAKNESSES:0.43740353484480704
CE_PIECEACTIVITY:0.41375533355263977
CE_KINGPAWNSHIELD:0.4188892947116037
CE_PIECECOORDINATION:0.492316190412677
CE_MATERIAL:0.4939707751117056
CE_KINGSAFETY:0.5022019554302849
C_PIECESQUARETABLES:0.4894517767495756
C_MOBILITY:0.4423249128713624
C_KINGSAFETY:0.5768840098040707
C_PAWNSTRUCTURE:0.5213967156207724
C_PIECECOORDINATION:0.4949189365517693
C_ROOKANDPAWNMOVEMENT:0.4949189365517693
C_CENTERCONTROL:0.5456418050553244
C_DEVELOPPIECES:0.43745260591936486
C_MATERIAL:0.450538061417758
