ELO:974
CE_PASSEDPAWNS:0.49059175551180384
CE_PAWNWEAKNESSES:0.5050712481811315
CE_PIECEACTIVITY:0.5042191724048991
CE_KINGPAWNSHIELD:0.49630421309834233
CE_PIECECOORDINATION:0.4913232365055968
CE_MATERIAL:0.5064899658833107
CE_KINGSAFETY:0.5075780813972443
C_PIECESQUARETABLES:0.499038431377185
C_MOBILITY:0.49587909488118326
C_KINGSAFETY:0.5034547098965333
C_PAWNSTRUCTURE:0.5
C_PIECECOORDINATION:0.49209504942532767
C_ROOKANDPAWNMOVEMENT:0.49209504942532767
C_CENTERCONTROL:0.48812042796937477
C_DEVELOPPIECES:0.5
C_MATERIAL:0.5
C_MOVECOUNT:0.5
