ELO:956
CE_PASSEDPAWNS:0.5031773209943063
CE_PAWNWEAKNESSES:0.49523506953182733
CE_PIECEACTIVITY:0.5301158475003726
CE_KINGPAWNSHIELD:0.49803570936642116
CE_PIECECOORDINATION:0.4852063996030974
CE_MATERIAL:0.49464478177997334
CE_KINGSAFETY:0.5
C_PIECESQUARETABLES:0.5
C_MOBILITY:0.5624248161058126
C_KINGSAFETY:0.5
C_PAWNSTRUCTURE:0.4637404480517205
C_PIECECOORDINATION:0.5138096475395003
C_ROOKANDPAWNMOVEMENT:0.5138096475395003
C_CENTERCONTROL:0.46912026720608335
C_DEVELOPPIECES:0.47447303303901667
C_MATERIAL:0.5
C_MOVECOUNT:0.5
