ELO:1006
CE_PASSEDPAWNS:0.48447721816400846
CE_PAWNWEAKNESSES:0.5023430714215178
CE_PIECEACTIVITY:0.5
CE_KINGPAWNSHIELD:0.48945461292303993
CE_PIECECOORDINATION:0.5
CE_MATERIAL:0.49230489114173315
CE_KINGSAFETY:0.4871087731723137
C_PIECESQUARETABLES:0.4938394105954705
C_MOBILITY:0.5
C_KINGSAFETY:0.5108410803564546
C_PAWNSTRUCTURE:0.5
C_PIECECOORDINATION:0.5330423745628812
C_ROOKANDPAWNMOVEMENT:0.5330423745628812
C_CENTERCONTROL:0.5066951545915654
C_DEVELOPPIECES:0.49221033221567223
C_MATERIAL:0.5108515657792845
C_MOVECOUNT:0.5
