ELO:915
CE_PASSEDPAWNS:0.5062280213643612
CE_PAWNWEAKNESSES:0.5109135192556421
CE_PIECEACTIVITY:0.49055791780569735
CE_KINGPAWNSHIELD:0.5036271010306185
CE_PIECECOORDINATION:0.5225237458159397
CE_MATERIAL:0.47096050986832083
CE_KINGSAFETY:0.508290882450988
C_PIECESQUARETABLES:0.5077619841445232
C_MOBILITY:0.4992596262578598
C_KINGSAFETY:0.5196540494672465
C_PAWNSTRUCTURE:0.49341193618732704
C_PIECECOORDINATION:0.4980165897503088
C_ROOKANDPAWNMOVEMENT:0.4980165897503088
C_CENTERCONTROL:0.4859369869867541
C_DEVELOPPIECES:0.5016818974649387
C_MATERIAL:0.4973203314617162
C_MOVECOUNT:0.5
