ELO:978
CE_PASSEDPAWNS:0.47409280248458885
CE_PAWNWEAKNESSES:0.4390725085333269
CE_PIECEACTIVITY:0.491355587244187
CE_KINGPAWNSHIELD:0.5139445157674263
CE_PIECECOORDINATION:0.5256356255902479
CE_MATERIAL:0.4822439846405513
CE_KINGSAFETY:0.4949392220739091
C_PIECESQUARETABLES:0.5
C_MOBILITY:0.5317141102932811
C_KINGSAFETY:0.5
C_PAWNSTRUCTURE:0.47141506397907734
C_PIECECOORDINATION:0.41887958169099804
C_ROOKANDPAWNMOVEMENT:0.41887958169099804
C_CENTERCONTROL:0.5064402069144418
C_DEVELOPPIECES:0.5060984434944055
C_MATERIAL:0.5608722598656009
C_MOVECOUNT:0.5
