ELO:837
CE_PASSEDPAWNS:0.4412237461877953
CE_PAWNWEAKNESSES:0.5694796696728793
CE_PIECEACTIVITY:0.5426416220219338
CE_KINGPAWNSHIELD:0.49340982147291934
CE_PIECECOORDINATION:0.5153751031698496
CE_MATERIAL:0.47262633895194495
CE_KINGSAFETY:0.5090429571080395
C_PIECESQUARETABLES:0.4459910521978586
C_MOBILITY:0.549223687273436
C_KINGSAFETY:0.4975562098261212
C_PAWNSTRUCTURE:0.524806158796854
C_PIECECOORDINATION:0.397561319914668
C_ROOKANDPAWNMOVEMENT:0.397561319914668
C_CENTERCONTROL:0.5141099941621603
C_DEVELOPPIECES:0.43103922059822014
C_MATERIAL:0.43032095380005664
