ELO:870
CE_PASSEDPAWNS:0.48881549154940657
CE_PAWNWEAKNESSES:0.6103548185671523
CE_PIECEACTIVITY:0.5278847187981197
CE_KINGPAWNSHIELD:0.5382372920728974
CE_PIECECOORDINATION:0.39436867650331714
CE_MATERIAL:0.49431426155038927
CE_KINGSAFETY:0.5
C_PIECESQUARETABLES:0.49814377244139657
C_MOBILITY:0.5322647021828396
C_KINGSAFETY:0.5182532233180741
C_PAWNSTRUCTURE:0.45660668274798666
C_PIECECOORDINATION:0.6596220227144993
C_ROOKANDPAWNMOVEMENT:0.6596220227144993
C_CENTERCONTROL:0.42862216266420816
C_DEVELOPPIECES:0.4676690380235256
C_MATERIAL:0.5396374385637849
