ELO:1000
CE_PASSEDPAWNS:0.496126559821584
CE_PAWNWEAKNESSES:0.4845889815226069
CE_PIECEACTIVITY:0.45903800056665717
CE_KINGPAWNSHIELD:0.5313850281317006
CE_PIECECOORDINATION:0.5043716396514737
CE_MATERIAL:0.4855470893444158
CE_KINGSAFETY:0.4762852028132351
C_PIECESQUARETABLES:0.47897099276570204
C_MOBILITY:0.4839851994386983
C_KINGSAFETY:0.49279020163937565
C_PAWNSTRUCTURE:0.4961207890528415
C_PIECECOORDINATION:0.47198519595915334
C_ROOKANDPAWNMOVEMENT:0.47198519595915334
C_CENTERCONTROL:0.4922801016057732
C_DEVELOPPIECES:0.5060439661803519
C_MATERIAL:0.5169160887729295
