ELO:1006
CE_PASSEDPAWNS:0.4521144445067246
CE_PAWNWEAKNESSES:0.5363286875609813
CE_PIECEACTIVITY:0.5641127946336207
CE_KINGPAWNSHIELD:0.5103986060815733
CE_PIECECOORDINATION:0.4388988158347194
CE_MATERIAL:0.470873745369584
CE_KINGSAFETY:0.5
C_PIECESQUARETABLES:0.4910525274818782
C_MOBILITY:0.5668904649814873
C_KINGSAFETY:0.46415716860422884
C_PAWNSTRUCTURE:0.5327205129955134
C_PIECECOORDINATION:0.5183154002007482
C_ROOKANDPAWNMOVEMENT:0.5183154002007482
C_CENTERCONTROL:0.43916345063822937
C_DEVELOPPIECES:0.5023802898806424
C_MATERIAL:0.5147945715711938
