ELO:996
CE_PASSEDPAWNS:0.5263976465784063
CE_PAWNWEAKNESSES:0.4806396157536016
CE_PIECEACTIVITY:0.48889336248800547
CE_KINGPAWNSHIELD:0.5442005483412368
CE_PIECECOORDINATION:0.5365861090924522
CE_MATERIAL:0.4887622802933426
CE_KINGSAFETY:0.5024031135675474
C_PIECESQUARETABLES:0.49699388948896683
C_MOBILITY:0.48994008310774123
C_KINGSAFETY:0.51025034707788
C_PAWNSTRUCTURE:0.5028672543926308
C_PIECECOORDINATION:0.4860235431236438
C_ROOKANDPAWNMOVEMENT:0.4860235431236438
C_CENTERCONTROL:0.484503262606133
C_DEVELOPPIECES:0.5518074876864106
C_MATERIAL:0.5229632513005574
