ELO:998
CE_PASSEDPAWNS:0.496032520296275
CE_PAWNWEAKNESSES:0.5
CE_PIECEACTIVITY:0.5027738497306189
CE_KINGPAWNSHIELD:0.5064579333524586
CE_PIECECOORDINATION:0.49532914850329457
CE_MATERIAL:0.5000884773257064
CE_KINGSAFETY:0.49581227016385204
C_PIECESQUARETABLES:0.4876505450097104
C_MOBILITY:0.5254316421110843
C_KINGSAFETY:0.5029068494103311
C_PAWNSTRUCTURE:0.49129569208867097
C_PIECECOORDINATION:0.501465825288302
C_ROOK:0.5106157293895303
CE_ROOK:0.4898846434917892
C_CENTERCONTROL:0.5036104494412724
C_DEVELOPPIECES:0.5
C_MATERIAL:0.5032468259469932
C_MOVECOUNT:0.47460565428775503
C_PAWNMOVEMENT:0.49732426642647914
