ELO:980
CE_PASSEDPAWNS:0.4938334046134366
CE_PAWNWEAKNESSES:0.5348286169414526
CE_PIECEACTIVITY:0.4596687161490542
CE_KINGPAWNSHIELD:0.45459547650959825
CE_PIECECOORDINATION:0.4737835689336553
CE_MATERIAL:0.5183853963236802
CE_KINGSAFETY:0.4822837261840174
C_PIECESQUARETABLES:0.487398144528682
C_MOBILITY:0.4892599620411854
C_KINGSAFETY:0.6008457576060441
C_PAWNSTRUCTURE:0.5486779703601208
C_PIECECOORDINATION:0.5119010484217998
C_ROOKANDPAWNMOVEMENT:0.5119010484217998
C_CENTERCONTROL:0.4525568283136171
C_DEVELOPPIECES:0.45552813093096384
C_MATERIAL:0.5429203867457869
