ELO:838
CE_PASSEDPAWNS:0.506387871214948
CE_PAWNWEAKNESSES:0.5276290912109826
CE_PIECEACTIVITY:0.4846445190747283
CE_KINGPAWNSHIELD:0.46122746535884274
CE_PIECECOORDINATION:0.4958121942250288
CE_MATERIAL:0.5231803537710964
CE_KINGSAFETY:0.5067388986857498
C_PIECESQUARETABLES:0.4970735642590562
C_MOBILITY:0.44437546748180273
C_KINGSAFETY:0.48722733388835116
C_PAWNSTRUCTURE:0.46145668785411387
C_PIECECOORDINATION:0.5127542825650877
C_ROOKANDPAWNMOVEMENT:0.5127542825650877
C_CENTERCONTROL:0.4779211209522582
C_DEVELOPPIECES:0.5180163776592344
C_MATERIAL:0.5250848518517658
C_MOVECOUNT:0.4571889856661241
