ELO:995
CE_PASSEDPAWNS:0.49666403717411184
CE_PAWNWEAKNESSES:0.47016787714876834
CE_PIECEACTIVITY:0.5064150420197624
CE_KINGPAWNSHIELD:0.4989266985519535
CE_PIECECOORDINATION:0.4812968720097805
CE_MATERIAL:0.5004368789114089
CE_KINGSAFETY:0.5
C_PIECESQUARETABLES:0.5
C_MOBILITY:0.490633223481763
C_KINGSAFETY:0.4842437713907492
C_PAWNSTRUCTURE:0.5146208519847121
C_PIECECOORDINATION:0.49602914358337774
C_ROOKANDPAWNMOVEMENT:0.49602914358337774
C_CENTERCONTROL:0.5
C_DEVELOPPIECES:0.5066649699429508
C_MATERIAL:0.5
C_MOVECOUNT:0.49894197932224105
