ELO:1000
CE_PASSEDPAWNS:0.4989104611364459
CE_PAWNWEAKNESSES:0.509290625285981
CE_PIECEACTIVITY:0.5
CE_KINGPAWNSHIELD:0.4809926654536906
CE_PIECECOORDINATION:0.5245382786070253
CE_MATERIAL:0.5355403594186892
CE_KINGSAFETY:0.5
C_PIECESQUARETABLES:0.5
C_MOBILITY:0.49424734047887586
C_KINGSAFETY:0.5024940692122671
C_PAWNSTRUCTURE:0.5
C_PIECECOORDINATION:0.49808722535425565
C_ROOKANDPAWNMOVEMENT:0.49808722535425565
C_CENTERCONTROL:0.4967071340647892
C_DEVELOPPIECES:0.5058920641531947
C_MATERIAL:0.5
C_MOVECOUNT:0.4889297895730014
