ELO:988
CE_PASSEDPAWNS:0.5066790514459053
CE_PAWNWEAKNESSES:0.5128889835512717
CE_PIECEACTIVITY:0.5165790578095213
CE_KINGPAWNSHIELD:0.4076561608377238
CE_PIECECOORDINATION:0.44538019471221774
CE_MATERIAL:0.5504138504565618
CE_KINGSAFETY:0.49618902381356667
C_PIECESQUARETABLES:0.5
C_MOBILITY:0.49816549280442246
C_KINGSAFETY:0.519151789105757
C_PAWNSTRUCTURE:0.5006281247243053
C_PIECECOORDINATION:0.5350567576815112
C_ROOKANDPAWNMOVEMENT:0.5350567576815112
C_CENTERCONTROL:0.3976101602692124
C_DEVELOPPIECES:0.5111474001129531
C_MATERIAL:0.5859692747107864
