ELO:910
CE_PASSEDPAWNS:0.5554221592376287
CE_PAWNWEAKNESSES:0.5665103018705908
CE_PIECEACTIVITY:0.3952583438914233
CE_KINGPAWNSHIELD:0.4976486491563169
CE_PIECECOORDINATION:0.49168137939622714
CE_MATERIAL:0.5780802511357432
CE_KINGSAFETY:0.5233882212124183
C_PIECESQUARETABLES:0.527177065769959
C_MOBILITY:0.5976202374547835
C_KINGSAFETY:0.40176216315006574
C_PAWNSTRUCTURE:0.4584395173784341
C_PIECECOORDINATION:0.4590658741930692
C_ROOKANDPAWNMOVEMENT:0.4590658741930692
C_CENTERCONTROL:0.5068495423751141
C_DEVELOPPIECES:0.4305580668883442
C_MATERIAL:0.5030138980052394
