ELO:1006
CE_PASSEDPAWNS:0.4989104611364459
CE_PAWNWEAKNESSES:0.5118127540303242
CE_PIECEACTIVITY:0.5091927178108101
CE_KINGPAWNSHIELD:0.5150105262248466
CE_PIECECOORDINATION:0.5245382786070253
CE_MATERIAL:0.49964128437538524
CE_KINGSAFETY:0.5
C_PIECESQUARETABLES:0.5
C_MOBILITY:0.49424734047887586
C_KINGSAFETY:0.4888335213442487
C_PAWNSTRUCTURE:0.4998300091479487
C_PIECECOORDINATION:0.5357532615791558
C_ROOKANDPAWNMOVEMENT:0.5357532615791558
C_CENTERCONTROL:0.5186240362589812
C_DEVELOPPIECES:0.5058920641531947
C_MATERIAL:0.526155190687986
C_MOVECOUNT:0.49874475223623826
