ELO:998
CE_PASSEDPAWNS:0.5363688362262671
CE_PAWNWEAKNESSES:0.526397259079501
CE_PIECEACTIVITY:0.5239457789928017
CE_KINGPAWNSHIELD:0.5289453459302521
CE_PIECECOORDINATION:0.478106062644169
CE_MATERIAL:0.47495888990152024
CE_KINGSAFETY:0.5669702562793046
C_PIECESQUARETABLES:0.47552174049472407
C_MOBILITY:0.5091259088404154
C_KINGSAFETY:0.4828111557086344
C_PAWNSTRUCTURE:0.5122861598278224
C_PIECECOORDINATION:0.48828266424874156
C_ROOKANDPAWNMOVEMENT:0.48828266424874156
C_CENTERCONTROL:0.4430248977421188
C_DEVELOPPIECES:0.5117662487329828
C_MATERIAL:0.5172771831552987
