ELO:1000
CE_PASSEDPAWNS:0.48844440874752176
CE_PAWNWEAKNESSES:0.5029237068902443
CE_PIECEACTIVITY:0.4938476018285842
CE_KINGPAWNSHIELD:0.5
CE_PIECECOORDINATION:0.4997668834006589
CE_MATERIAL:0.5122580323885753
CE_KINGSAFETY:0.49709224468547936
C_PIECESQUARETABLES:0.5124088972497476
C_MOBILITY:0.48841146863430573
C_KINGSAFETY:0.5
C_PAWNSTRUCTURE:0.5005604427319317
C_PIECECOORDINATION:0.5
C_ROOKANDPAWNMOVEMENT:0.5
C_CENTERCONTROL:0.5016358390007558
C_DEVELOPPIECES:0.5
C_MATERIAL:0.5002474428443958
