ELO:974
CE_PASSEDPAWNS:0.5007943770077307
CE_PAWNWEAKNESSES:0.5501699597391365
CE_PIECEACTIVITY:0.4418021414005104
CE_KINGPAWNSHIELD:0.47455597360169605
CE_PIECECOORDINATION:0.48761068246703243
CE_MATERIAL:0.543691795991869
CE_KINGSAFETY:0.5012424004575103
C_PIECESQUARETABLES:0.5224703466651931
C_MOBILITY:0.5346702548867966
C_KINGSAFETY:0.5085531622189225
C_PAWNSTRUCTURE:0.502576080426891
C_PIECECOORDINATION:0.4966524024506644
C_ROOKANDPAWNMOVEMENT:0.4966524024506644
C_CENTERCONTROL:0.5403044160150993
C_DEVELOPPIECES:0.5236903835267563
C_MATERIAL:0.5024602168577852
