ELO:981
CE_PASSEDPAWNS:0.4899680884215319
CE_PAWNWEAKNESSES:0.4953860796450426
CE_PIECEACTIVITY:0.5033110580346836
CE_KINGPAWNSHIELD:0.51618994141185
CE_PIECECOORDINATION:0.48404047415747786
CE_MATERIAL:0.49062127295451274
CE_KINGSAFETY:0.5112972386938608
C_PIECESQUARETABLES:0.48660591863222824
C_MOBILITY:0.5322229051452964
C_KINGSAFETY:0.5041214454711849
C_PAWNSTRUCTURE:0.500239667573134
C_PIECECOORDINATION:0.4841052589557697
C_ROOK:0.5026081936509857
CE_ROOK:0.4873859896298917
C_CENTERCONTROL:0.5122173957292492
C_DEVELOPPIECES:0.4806407530764816
C_MATERIAL:0.5032468259469932
C_MOVECOUNT:0.4568559384022295
C_PAWNMOVEMENT:0.5097978225825297
