ELO:922
CE_PASSEDPAWNS:0.5184272848350991
CE_PAWNWEAKNESSES:0.5448064403333502
CE_PIECEACTIVITY:0.450231206098567
CE_KINGPAWNSHIELD:0.45459547650959825
CE_PIECECOORDINATION:0.48838323781703524
CE_MATERIAL:0.5306035418655288
CE_KINGSAFETY:0.5
C_PIECESQUARETABLES:0.5089420770849351
C_MOBILITY:0.521949967598548
C_KINGSAFETY:0.6029536921524463
C_PAWNSTRUCTURE:0.5448398860562791
C_PIECECOORDINATION:0.5249320908896429
C_ROOKANDPAWNMOVEMENT:0.5249320908896429
C_CENTERCONTROL:0.42492493371832324
C_DEVELOPPIECES:0.468509145051594
C_MATERIAL:0.508893432382041
