ELO:1011
CE_PASSEDPAWNS:0.5
CE_PAWNWEAKNESSES:0.49470248843033576
CE_PIECEACTIVITY:0.5
CE_KINGPAWNSHIELD:0.5
CE_PIECECOORDINATION:0.5025664619324854
CE_MATERIAL:0.5098193574506049
CE_KINGSAFETY:0.5
C_PIECESQUARETABLES:0.49116832207365
C_MOBILITY:0.508029888637604
C_KINGSAFETY:0.5
C_PAWNSTRUCTURE:0.5
C_PIECECOORDINATION:0.5
C_ROOKANDPAWNMOVEMENT:0.5
C_CENTERCONTROL:0.5
C_DEVELOPPIECES:0.5
C_MATERIAL:0.5082357415723393
C_MOVECOUNT:0.5
