ELO:947
CE_PASSEDPAWNS:0.49614564791148624
CE_PAWNWEAKNESSES:0.5639684873178906
CE_PIECEACTIVITY:0.43332338076376
CE_KINGPAWNSHIELD:0.46228054790200923
CE_PIECECOORDINATION:0.4926230950673346
CE_MATERIAL:0.5868606116368728
CE_KINGSAFETY:0.5209051152069589
C_PIECESQUARETABLES:0.527267284098029
C_MOBILITY:0.5506346007689714
C_KINGSAFETY:0.4606353338518978
C_PAWNSTRUCTURE:0.4936303179740907
C_PIECECOORDINATION:0.46498944064468645
C_ROOKANDPAWNMOVEMENT:0.46498944064468645
C_CENTERCONTROL:0.5274317277387858
C_DEVELOPPIECES:0.4712240228820749
C_MATERIAL:0.51028283312415
