ELO:989
CE_PASSEDPAWNS:0.49165982013709225
CE_PAWNWEAKNESSES:0.5095963797988619
CE_PIECEACTIVITY:0.49981194150113084
CE_KINGPAWNSHIELD:0.5096089548707977
CE_PIECECOORDINATION:0.49668118992939136
CE_MATERIAL:0.49338586358901915
CE_KINGSAFETY:0.4910483439167809
C_PIECESQUARETABLES:0.5155016878354198
C_MOBILITY:0.5
C_KINGSAFETY:0.5047296590294877
C_PAWNSTRUCTURE:0.5094665588245281
C_PIECECOORDINATION:0.5034529882807594
C_ROOKANDPAWNMOVEMENT:0.5034529882807594
C_CENTERCONTROL:0.5
C_DEVELOPPIECES:0.48252904355831805
C_MATERIAL:0.5
C_MOVECOUNT:0.49338966708920995
