ELO:1005
CE_PASSEDPAWNS:0.5279595379147685
CE_PAWNWEAKNESSES:0.5108966955025357
CE_PIECEACTIVITY:0.5002903469794394
CE_KINGPAWNSHIELD:0.5
CE_PIECECOORDINATION:0.48934421991763843
CE_MATERIAL:0.5
CE_KINGSAFETY:0.49020990649508683
C_PIECESQUARETABLES:0.5038776074558856
C_MOBILITY:0.48909489064122613
C_KINGSAFETY:0.48738541434167854
C_PAWNSTRUCTURE:0.5
C_PIECECOORDINATION:0.49760743891478354
C_ROOKANDPAWNMOVEMENT:0.49760743891478354
C_CENTERCONTROL:0.4897646955567681
C_DEVELOPPIECES:0.5031423765304002
C_MATERIAL:0.48733814197526254
C_MOVECOUNT:0.5
