ELO:998
CE_PASSEDPAWNS:0.488762898542033
CE_PAWNWEAKNESSES:0.5541592272549055
CE_PIECEACTIVITY:0.46996611306588226
CE_KINGPAWNSHIELD:0.474807799031934
CE_PIECECOORDINATION:0.4958577892098791
CE_MATERIAL:0.5611359228148789
CE_KINGSAFETY:0.49616678066702735
C_PIECESQUARETABLES:0.5490097029464562
C_MOBILITY:0.5632706410729201
C_KINGSAFETY:0.5044294387334574
C_PAWNSTRUCTURE:0.4967188767430032
C_PIECECOORDINATION:0.5033479147968994
C_ROOKANDPAWNMOVEMENT:0.5033479147968994
C_CENTERCONTROL:0.5130074793385588
C_DEVELOPPIECES:0.49681815783620414
C_MATERIAL:0.5112323123986311
