ELO:1029
CE_PASSEDPAWNS:0.5
CE_PAWNWEAKNESSES:0.5
CE_PIECEACTIVITY:0.5
CE_KINGPAWNSHIELD:0.5
CE_PIECECOORDINATION:0.5104294414610198
CE_MATERIAL:0.5
CE_KINGSAFETY:0.5
C_PIECESQUARETABLES:0.5
C_MOBILITY:0.5
C_KINGSAFETY:0.48887788397073795
C_PAWNSTRUCTURE:0.5
C_PIECECOORDINATION:0.48521767874513383
C_ROOKANDPAWNMOVEMENT:0.48521767874513383
C_CENTERCONTROL:0.5
C_DEVELOPPIECES:0.5096379307570734
C_MATERIAL:0.5
C_MOVECOUNT:0.5
