ELO:915
CE_PASSEDPAWNS:0.5335751625424907
CE_PAWNWEAKNESSES:0.5092573722790739
CE_PIECEACTIVITY:0.5053395497769496
CE_KINGPAWNSHIELD:0.5124289579150398
CE_PIECECOORDINATION:0.4985634274686875
CE_MATERIAL:0.4920446000774724
CE_KINGSAFETY:0.5215429803427144
C_PIECESQUARETABLES:0.5598675530902293
C_MOBILITY:0.4883589443627176
C_KINGSAFETY:0.5162919841969303
C_PAWNSTRUCTURE:0.46528774622259783
C_PIECECOORDINATION:0.5209195938236018
C_ROOK:0.49719655933359636
CE_ROOK:0.5418845936302329
C_CENTERCONTROL:0.512261683165944
C_DEVELOPPIECES:0.5193388549672108
C_MATERIAL:0.5115280896381761
C_MOVECOUNT:0.5002967309442305
C_PAWNMOVEMENT:0.47313888291564127
