ELO:988
CE_PASSEDPAWNS:0.5101139921200475
CE_PAWNWEAKNESSES:0.5139058480960953
CE_PIECEACTIVITY:0.5263082564627266
CE_KINGPAWNSHIELD:0.4117058931866665
CE_PIECECOORDINATION:0.44538019471221774
CE_MATERIAL:0.540103870879036
CE_KINGSAFETY:0.4921988186254542
C_PIECESQUARETABLES:0.48806617161185156
C_MOBILITY:0.49816549280442246
C_KINGSAFETY:0.5063702273428342
C_PAWNSTRUCTURE:0.5113302306932695
C_PIECECOORDINATION:0.543378553846701
C_ROOKANDPAWNMOVEMENT:0.543378553846701
C_CENTERCONTROL:0.4007209853984171
C_DEVELOPPIECES:0.5090227260343998
C_MATERIAL:0.5807148488354972
