ELO:1000
CE_PASSEDPAWNS:0.5038793390109239
CE_PAWNWEAKNESSES:0.49030055943909895
CE_PIECEACTIVITY:0.492336748994563
CE_KINGPAWNSHIELD:0.5060725326188739
CE_PIECECOORDINATION:0.4917886298214404
CE_MATERIAL:0.503413172888647
CE_KINGSAFETY:0.48744709999924524
C_PIECESQUARETABLES:0.4906918155319696
C_MOBILITY:0.4856876404620197
C_KINGSAFETY:0.4942278077263957
C_PAWNSTRUCTURE:0.5
C_PIECECOORDINATION:0.5010790997711871
C_ROOKANDPAWNMOVEMENT:0.5010790997711871
C_CENTERCONTROL:0.4983487932605981
C_DEVELOPPIECES:0.4804593812768231
C_MATERIAL:0.5008034600533114
