ELO:983
CE_PASSEDPAWNS:0.5194798267801408
CE_PAWNWEAKNESSES:0.5023671154484513
CE_PIECEACTIVITY:0.5357058068585394
CE_KINGPAWNSHIELD:0.49255923564363674
CE_PIECECOORDINATION:0.5021572903359859
CE_MATERIAL:0.5040456915730079
CE_KINGSAFETY:0.5
C_PIECESQUARETABLES:0.5
C_MOBILITY:0.48205566845908715
C_KINGSAFETY:0.4840205380456301
C_PAWNSTRUCTURE:0.5421551351386918
C_PIECECOORDINATION:0.5081438699217163
C_ROOK:0.49361738851163545
CE_ROOK:0.5436412463032948
C_CENTERCONTROL:0.49500406223562304
C_DEVELOPPIECES:0.5077780893406347
C_MATERIAL:0.5290853549424099
C_MOVECOUNT:0.4803231403233444
C_PAWNMOVEMENT:0.4853878697416621
