ELO:979
CE_PASSEDPAWNS:0.5
CE_PAWNWEAKNESSES:0.5052208449434603
CE_PIECEACTIVITY:0.4982301121491084
CE_KINGPAWNSHIELD:0.5044155390263015
CE_PIECECOORDINATION:0.48627726930142806
CE_MATERIAL:0.49122761397053655
CE_KINGSAFETY:0.506824010748915
C_PIECESQUARETABLES:0.4990152961056315
C_MOBILITY:0.5
C_KINGSAFETY:0.48207565128747965
C_PAWNSTRUCTURE:0.5021549907607883
C_PIECECOORDINATION:0.4994746970025598
C_ROOKANDPAWNMOVEMENT:0.4994746970025598
C_CENTERCONTROL:0.5084510391466848
C_DEVELOPPIECES:0.4860096778201173
C_MATERIAL:0.5590387618816279
C_MOVECOUNT:0.5
