ELO:987
CE_PASSEDPAWNS:0.5162233477644413
CE_PAWNWEAKNESSES:0.48247943521802344
CE_PIECEACTIVITY:0.5088568004368772
CE_KINGPAWNSHIELD:0.5394825388984535
CE_PIECECOORDINATION:0.49037197389385123
CE_MATERIAL:0.4929927631482744
CE_KINGSAFETY:0.49888918608505095
C_PIECESQUARETABLES:0.5023585008352747
C_MOBILITY:0.5013590634283139
C_KINGSAFETY:0.5066495983925626
C_PAWNSTRUCTURE:0.502932790819361
C_PIECECOORDINATION:0.4842672614493234
C_ROOK:0.5272298454178094
CE_ROOK:0.48881139727124817
C_CENTERCONTROL:0.5301289448011852
C_DEVELOPPIECES:0.48437140464847583
C_MATERIAL:0.5147790722491165
C_MOVECOUNT:0.44207782153567204
C_PAWNMOVEMENT:0.5200483298857485
