ELO:1000
CE_PASSEDPAWNS:0.4882465224213929
CE_PAWNWEAKNESSES:0.5060638506102086
CE_PIECEACTIVITY:0.4664936374636579
CE_KINGPAWNSHIELD:0.47416764768894326
CE_PIECECOORDINATION:0.5094535333281509
CE_MATERIAL:0.5481511527094325
CE_KINGSAFETY:0.5219123249284481
C_PIECESQUARETABLES:0.547410213012621
C_MOBILITY:0.5469080572280324
C_KINGSAFETY:0.5049159286109903
C_PAWNSTRUCTURE:0.48502690171240437
C_PIECECOORDINATION:0.5037818945758784
C_ROOKANDPAWNMOVEMENT:0.5037818945758784
C_CENTERCONTROL:0.5129706629711035
C_DEVELOPPIECES:0.49316171596533276
C_MATERIAL:0.528503857079782
