ELO:897
CE_PASSEDPAWNS:0.469774604616648
CE_PAWNWEAKNESSES:0.5117247556954664
CE_PIECEACTIVITY:0.43399666334272063
CE_KINGPAWNSHIELD:0.5004578260829213
CE_PIECECOORDINATION:0.5
CE_MATERIAL:0.4504230853677807
CE_KINGSAFETY:0.499961549570599
C_PIECESQUARETABLES:0.47356013057362534
C_MOBILITY:0.554903390264903
C_KINGSAFETY:0.47456623150224403
C_PAWNSTRUCTURE:0.5293793645101735
C_PIECECOORDINATION:0.4696812822982163
C_ROOKANDPAWNMOVEMENT:0.4696812822982163
C_CENTERCONTROL:0.48102091433136934
C_DEVELOPPIECES:0.4666830811032701
C_MATERIAL:0.41349884975778634
C_MOVECOUNT:0.5
