ELO:921
CE_PASSEDPAWNS:0.5
CE_PAWNWEAKNESSES:0.5047630327567725
CE_PIECEACTIVITY:0.44973959564237265
CE_KINGPAWNSHIELD:0.5134449888949707
CE_PIECECOORDINATION:0.46345570047348306
CE_MATERIAL:0.4839272484620134
CE_KINGSAFETY:0.5
C_PIECESQUARETABLES:0.5
C_MOBILITY:0.4754155593718032
C_KINGSAFETY:0.4929553903394998
C_PAWNSTRUCTURE:0.5027160055672114
C_PIECECOORDINATION:0.4848038779771029
C_ROOKANDPAWNMOVEMENT:0.4848038779771029
C_CENTERCONTROL:0.4682294455116741
C_DEVELOPPIECES:0.4914942823640918
C_MATERIAL:0.3995849967759316
C_MOVECOUNT:0.5
