ELO:995
CE_PASSEDPAWNS:0.501573421578491
CE_PAWNWEAKNESSES:0.4755012417502156
CE_PIECEACTIVITY:0.5
CE_KINGPAWNSHIELD:0.48788191035009343
CE_PIECECOORDINATION:0.47412020989744136
CE_MATERIAL:0.5021819159293709
CE_KINGSAFETY:0.509431809451344
C_PIECESQUARETABLES:0.4957005556483435
C_MOBILITY:0.5101190964187103
C_KINGSAFETY:0.5280336428640423
C_PAWNSTRUCTURE:0.4934219011972898
C_PIECECOORDINATION:0.5
C_ROOKANDPAWNMOVEMENT:0.5
C_CENTERCONTROL:0.5
C_DEVELOPPIECES:0.48705284375564317
C_MATERIAL:0.49564568359494154
C_MOVECOUNT:0.5
