ELO:1010
CE_PASSEDPAWNS:0.5
CE_PAWNWEAKNESSES:0.5
CE_PIECEACTIVITY:0.5076219406526686
CE_KINGPAWNSHIELD:0.5
CE_PIECECOORDINATION:0.5076811556503882
CE_MATERIAL:0.5149822564640387
CE_KINGSAFETY:0.5
C_PIECESQUARETABLES:0.49392369450972995
C_MOBILITY:0.5
C_KINGSAFETY:0.5
C_PAWNSTRUCTURE:0.5
C_PIECECOORDINATION:0.5
C_ROOKANDPAWNMOVEMENT:0.5
C_CENTERCONTROL:0.5194798709981038
C_DEVELOPPIECES:0.5
C_MATERIAL:0.4973628697071845
