ELO:936
CE_PASSEDPAWNS:0.5096764380508941
CE_PAWNWEAKNESSES:0.5448064403333502
CE_PIECEACTIVITY:0.450231206098567
CE_KINGPAWNSHIELD:0.45459547650959825
CE_PIECECOORDINATION:0.48838323781703524
CE_MATERIAL:0.5306035418655288
CE_KINGSAFETY:0.5
C_PIECESQUARETABLES:0.5089420770849351
C_MOBILITY:0.5220348553337679
C_KINGSAFETY:0.6029536921524463
C_PAWNSTRUCTURE:0.5448398860562791
C_PIECECOORDINATION:0.5254992610425293
C_ROOKANDPAWNMOVEMENT:0.5254992610425293
C_CENTERCONTROL:0.43569350571233684
C_DEVELOPPIECES:0.4724304880690465
C_MATERIAL:0.508893432382041
