ELO:967
CE_PASSEDPAWNS:0.4980410988654245
CE_PAWNWEAKNESSES:0.4425088895717971
CE_PIECEACTIVITY:0.474373789979975
CE_KINGPAWNSHIELD:0.5007300628660027
CE_PIECECOORDINATION:0.5470874047006203
CE_MATERIAL:0.45700396052602743
CE_KINGSAFETY:0.5106293719931492
C_PIECESQUARETABLES:0.5
C_MOBILITY:0.4850244591829032
C_KINGSAFETY:0.5349446824469897
C_PAWNSTRUCTURE:0.4783352485449505
C_PIECECOORDINATION:0.4526681308618232
C_ROOKANDPAWNMOVEMENT:0.4526681308618232
C_CENTERCONTROL:0.5949008410296197
C_DEVELOPPIECES:0.5
C_MATERIAL:0.4731277385751543
C_MOVECOUNT:0.5
