ELO:973
CE_PASSEDPAWNS:0.4991429134538676
CE_PAWNWEAKNESSES:0.5021393112674931
CE_PIECEACTIVITY:0.487671954239117
CE_KINGPAWNSHIELD:0.495919650681773
CE_PIECECOORDINATION:0.5019396423401097
CE_MATERIAL:0.5069138825115902
CE_KINGSAFETY:0.47394495662671465
C_PIECESQUARETABLES:0.5125569670857563
C_MOBILITY:0.5120993102997452
C_KINGSAFETY:0.501424124111858
C_PAWNSTRUCTURE:0.4969913539108461
C_PIECECOORDINATION:0.501651215430554
C_ROOKANDPAWNMOVEMENT:0.501651215430554
C_CENTERCONTROL:0.4677146869020815
C_DEVELOPPIECES:0.5187869745976543
C_MATERIAL:0.503853639229288
