ELO:924
CE_PASSEDPAWNS:0.5057653659262193
CE_PAWNWEAKNESSES:0.5434060869558668
CE_PIECEACTIVITY:0.4846560323078514
CE_KINGPAWNSHIELD:0.4882256068449142
CE_PIECECOORDINATION:0.5037651807304363
CE_MATERIAL:0.5042987147655055
CE_KINGSAFETY:0.5053727333574312
C_PIECESQUARETABLES:0.5019288237225705
C_MOBILITY:0.4486446727511078
C_KINGSAFETY:0.48722733388835116
C_PAWNSTRUCTURE:0.45831619213257785
C_PIECECOORDINATION:0.5038928236393985
C_ROOKANDPAWNMOVEMENT:0.5038928236393985
C_CENTERCONTROL:0.4779211209522582
C_DEVELOPPIECES:0.5175597260801243
C_MATERIAL:0.5198377388016464
C_MOVECOUNT:0.4362052831941692
