ELO:853
CE_PASSEDPAWNS:0.5534525701089442
CE_PAWNWEAKNESSES:0.40109812996288463
CE_PIECEACTIVITY:0.43279853051574524
CE_KINGPAWNSHIELD:0.5059423617071171
CE_PIECECOORDINATION:0.4456071215897743
CE_MATERIAL:0.5520261106826039
CE_KINGSAFETY:0.5216639948678158
C_PIECESQUARETABLES:0.5
C_MOBILITY:0.4110146275312534
C_KINGSAFETY:0.6141098595060591
C_PAWNSTRUCTURE:0.45005138481709195
C_PIECECOORDINATION:0.48326051212765775
C_ROOKANDPAWNMOVEMENT:0.48326051212765775
C_CENTERCONTROL:0.44056110022017037
C_DEVELOPPIECES:0.439694387708118
C_MATERIAL:0.511953441228821
C_MOVECOUNT:0.5
