ELO:997
CE_PASSEDPAWNS:0.5103645188137806
CE_PAWNWEAKNESSES:0.5125627542928147
CE_PIECEACTIVITY:0.4810990917610371
CE_KINGPAWNSHIELD:0.5463411420170595
CE_PIECECOORDINATION:0.5211298470999802
CE_MATERIAL:0.48351048141075814
CE_KINGSAFETY:0.5
C_PIECESQUARETABLES:0.5
C_MOBILITY:0.4932047823658854
C_KINGSAFETY:0.5325408002540932
C_PAWNSTRUCTURE:0.5077485754869963
C_PIECECOORDINATION:0.4602228078974826
C_ROOK:0.4618956685586121
CE_ROOK:0.49919273348041027
C_CENTERCONTROL:0.5332833892693716
C_DEVELOPPIECES:0.5227082644589882
C_MATERIAL:0.5160514532419177
C_MOVECOUNT:0.500764129682438
C_PAWNMOVEMENT:0.4981881389400676
