ELO:933
CE_PASSEDPAWNS:0.521861555033794
CE_PAWNWEAKNESSES:0.5668067088805205
CE_PIECEACTIVITY:0.39477237719482317
CE_KINGPAWNSHIELD:0.4864084567816814
CE_PIECECOORDINATION:0.486224548708715
CE_MATERIAL:0.6154111444944669
CE_KINGSAFETY:0.5144425415303358
C_PIECESQUARETABLES:0.5006348593836377
C_MOBILITY:0.5796159933126697
C_KINGSAFETY:0.42432786774974646
C_PAWNSTRUCTURE:0.47723182743040654
C_PIECECOORDINATION:0.46871776153219064
C_ROOKANDPAWNMOVEMENT:0.46871776153219064
C_CENTERCONTROL:0.5092849442761662
C_DEVELOPPIECES:0.4776279679616144
C_MATERIAL:0.5012862874866076
