ELO:986
CE_PASSEDPAWNS:0.5162233477644413
CE_PAWNWEAKNESSES:0.5152159049751686
CE_PIECEACTIVITY:0.5088568004368772
CE_KINGPAWNSHIELD:0.5394825388984535
CE_PIECECOORDINATION:0.4871993194417916
CE_MATERIAL:0.48351048141075814
CE_KINGSAFETY:0.5
C_PIECESQUARETABLES:0.5
C_MOBILITY:0.49990902194374864
C_KINGSAFETY:0.5066495983925626
C_PAWNSTRUCTURE:0.5190351004181141
C_PIECECOORDINATION:0.5343194762006991
C_ROOK:0.4618956685586121
CE_ROOK:0.48881139727124817
C_CENTERCONTROL:0.5052607482256809
C_DEVELOPPIECES:0.48437140464847583
C_MATERIAL:0.47542386456521446
C_MOVECOUNT:0.500764129682438
C_PAWNMOVEMENT:0.5200483298857485
