ELO:987
CE_PASSEDPAWNS:0.5016944729957492
CE_PAWNWEAKNESSES:0.5192266071236477
CE_PIECEACTIVITY:0.5285274214308333
CE_KINGPAWNSHIELD:0.5128574569788089
CE_PIECECOORDINATION:0.511155408486086
CE_MATERIAL:0.5116336438737766
CE_KINGSAFETY:0.5063115751438364
C_PIECESQUARETABLES:0.4693337261396235
C_MOBILITY:0.5076395292240548
C_KINGSAFETY:0.4842805803241886
C_PAWNSTRUCTURE:0.5241590721988075
C_PIECECOORDINATION:0.5291948777142174
C_ROOKANDPAWNMOVEMENT:0.5291948777142174
C_CENTERCONTROL:0.47783746765424534
C_DEVELOPPIECES:0.5113697545528956
C_MATERIAL:0.4997816006821018
