ELO:1076
CE_PASSEDPAWNS:0.4547589721651432
CE_PAWNWEAKNESSES:0.5049538678398092
CE_PIECEACTIVITY:0.5914314784072682
CE_KINGPAWNSHIELD:0.4092505595553801
CE_PIECECOORDINATION:0.5449900128502336
CE_MATERIAL:0.39783305558335186
CE_KINGSAFETY:0.5
C_PIECESQUARETABLES:0.5
C_MOBILITY:0.4124512223224506
C_KINGSAFETY:0.4829262580860852
C_PAWNSTRUCTURE:0.43888914156893166
C_PIECECOORDINATION:0.5035741764698227
C_ROOKANDPAWNMOVEMENT:0.5035741764698227
C_CENTERCONTROL:0.5288236354578044
C_DEVELOPPIECES:0.5153242496279343
C_MATERIAL:0.40741401119469467
