ELO:913
CE_PASSEDPAWNS:0.5002154376386068
CE_PAWNWEAKNESSES:0.4403191036604211
CE_PIECEACTIVITY:0.5218306774026101
CE_KINGPAWNSHIELD:0.47066118752610486
CE_PIECECOORDINATION:0.4631373076054541
CE_MATERIAL:0.3876962926690933
CE_KINGSAFETY:0.5473531689044859
C_PIECESQUARETABLES:0.48159212405132734
C_MOBILITY:0.43077774733860774
C_KINGSAFETY:0.5032072375012052
C_PAWNSTRUCTURE:0.408623313944117
C_PIECECOORDINATION:0.3548076940641695
C_ROOKANDPAWNMOVEMENT:0.3548076940641695
C_CENTERCONTROL:0.44995372793701177
C_DEVELOPPIECES:0.46095386337892685
C_MATERIAL:0.5037659075869962
