ELO:1000
CE_PASSEDPAWNS:0.4809819082838889
CE_PAWNWEAKNESSES:0.5155389106569562
CE_PIECEACTIVITY:0.47132702969651263
CE_KINGPAWNSHIELD:0.4863776774983492
CE_PIECECOORDINATION:0.49668840295510963
CE_MATERIAL:0.5536345356695581
CE_KINGSAFETY:0.5020000885502476
C_PIECESQUARETABLES:0.5490097029464562
C_MOBILITY:0.5470637542963906
C_KINGSAFETY:0.5111344675665683
C_PAWNSTRUCTURE:0.4983062174155829
C_PIECECOORDINATION:0.5051544960836811
C_ROOKANDPAWNMOVEMENT:0.5051544960836811
C_CENTERCONTROL:0.5133633370971716
C_DEVELOPPIECES:0.4960341278955661
C_MATERIAL:0.5352081157667458
