ELO:956
CE_PASSEDPAWNS:0.5231608757728986
CE_PAWNWEAKNESSES:0.5640351814198612
CE_PIECEACTIVITY:0.4239181068866565
CE_KINGPAWNSHIELD:0.47306402354178684
CE_PIECECOORDINATION:0.4957811154006933
CE_MATERIAL:0.5896210740770476
CE_KINGSAFETY:0.5018446434664503
C_PIECESQUARETABLES:0.4853447899610712
C_MOBILITY:0.5816191420511959
C_KINGSAFETY:0.5131022900787756
C_PAWNSTRUCTURE:0.4948428223287393
C_PIECECOORDINATION:0.4346459071568245
C_ROOKANDPAWNMOVEMENT:0.4346459071568245
C_CENTERCONTROL:0.5038795496814936
C_DEVELOPPIECES:0.5053685376374278
C_MATERIAL:0.5076990178090721
