ELO:953
CE_PASSEDPAWNS:0.5082249583621546
CE_PAWNWEAKNESSES:0.5689802648434031
CE_PIECEACTIVITY:0.43670580127167086
CE_KINGPAWNSHIELD:0.45236392538877773
CE_PIECECOORDINATION:0.4918713424597157
CE_MATERIAL:0.5954773057283298
CE_KINGSAFETY:0.4971242157915384
C_PIECESQUARETABLES:0.49202673798431373
C_MOBILITY:0.5683025440704513
C_KINGSAFETY:0.5004432622718117
C_PAWNSTRUCTURE:0.504390756893574
C_PIECECOORDINATION:0.43748160895357424
C_ROOKANDPAWNMOVEMENT:0.43748160895357424
C_CENTERCONTROL:0.5155712438650794
C_DEVELOPPIECES:0.49974743384025305
C_MATERIAL:0.5014007568139769
