ELO:989
CE_PASSEDPAWNS:0.5106490133722695
CE_PAWNWEAKNESSES:0.4909582624786928
CE_PIECEACTIVITY:0.5149259289499778
CE_KINGPAWNSHIELD:0.5394825388984535
CE_PIECECOORDINATION:0.4862522304421456
CE_MATERIAL:0.4806690485015193
CE_KINGSAFETY:0.5097225652498134
C_PIECESQUARETABLES:0.5023585008352747
C_MOBILITY:0.5013590634283139
C_KINGSAFETY:0.5121258829557285
C_PAWNSTRUCTURE:0.5087621786600592
C_PIECECOORDINATION:0.47190340355213434
C_ROOK:0.5272298454178094
CE_ROOK:0.48881139727124817
C_CENTERCONTROL:0.5244921437897584
C_DEVELOPPIECES:0.48437140464847583
C_MATERIAL:0.5147790722491165
C_MOVECOUNT:0.44974112701790453
C_PAWNMOVEMENT:0.5200483298857485
