ELO:971
CE_PASSEDPAWNS:0.4980410988654245
CE_PAWNWEAKNESSES:0.4618648902815815
CE_PIECEACTIVITY:0.521629919535263
CE_KINGPAWNSHIELD:0.5
CE_PIECECOORDINATION:0.4879365424681443
CE_MATERIAL:0.46083520681436285
CE_KINGSAFETY:0.5
C_PIECESQUARETABLES:0.5
C_MOBILITY:0.5026921092397274
C_KINGSAFETY:0.545450638944934
C_PAWNSTRUCTURE:0.5101175196741319
C_PIECECOORDINATION:0.5011646512406724
C_ROOKANDPAWNMOVEMENT:0.5011646512406724
C_CENTERCONTROL:0.5988664572225119
C_DEVELOPPIECES:0.467851394839735
C_MATERIAL:0.5325847506197589
C_MOVECOUNT:0.5
