ELO:1005
CE_PASSEDPAWNS:0.5118777487404658
CE_PAWNWEAKNESSES:0.48596883096053656
CE_PIECEACTIVITY:0.5581693132593651
CE_KINGPAWNSHIELD:0.49831966790523047
CE_PIECECOORDINATION:0.5498663243899301
CE_MATERIAL:0.46024995710068145
CE_KINGSAFETY:0.5
C_PIECESQUARETABLES:0.5
C_MOBILITY:0.5
C_KINGSAFETY:0.55846899721255
C_PAWNSTRUCTURE:0.5093134734611626
C_PIECECOORDINATION:0.4562118515675272
C_ROOKANDPAWNMOVEMENT:0.4562118515675272
C_CENTERCONTROL:0.4572684751911312
C_DEVELOPPIECES:0.44050650998912266
C_MATERIAL:0.4778916391878081
C_MOVECOUNT:0.5
