ELO:974
CE_PASSEDPAWNS:0.4992487105373854
CE_PAWNWEAKNESSES:0.4977029750636975
CE_PIECEACTIVITY:0.5028825936120614
CE_KINGPAWNSHIELD:0.5
CE_PIECECOORDINATION:0.4962374204540807
CE_MATERIAL:0.4883342716418938
CE_KINGSAFETY:0.5
C_PIECESQUARETABLES:0.5068099016835294
C_MOBILITY:0.5
C_KINGSAFETY:0.5017162858394136
C_PAWNSTRUCTURE:0.48066859063216855
C_PIECECOORDINATION:0.5
C_ROOKANDPAWNMOVEMENT:0.5
C_CENTERCONTROL:0.5003444942006396
C_DEVELOPPIECES:0.49837134151916584
C_MATERIAL:0.5
C_MOVECOUNT:0.5
