ELO:1063
CE_PASSEDPAWNS:0.5086078626992011
CE_PAWNWEAKNESSES:0.5007823580873638
CE_PIECEACTIVITY:0.45641853827048906
CE_KINGPAWNSHIELD:0.5050914370919352
CE_PIECECOORDINATION:0.5086703503588659
CE_MATERIAL:0.5077212810683485
CE_KINGSAFETY:0.5
C_PIECESQUARETABLES:0.5
C_MOBILITY:0.5108789503004801
C_KINGSAFETY:0.5042051878248334
C_PAWNSTRUCTURE:0.4951326566476162
C_PIECECOORDINATION:0.5183704837768273
C_ROOK:0.5
CE_ROOK:0.49552285313019595
C_CENTERCONTROL:0.5094226295869053
C_DEVELOPPIECES:0.4882427012499089
C_MATERIAL:0.4964541094673097
C_MOVECOUNT:0.4846707064941805
C_PAWNMOVEMENT:0.5105671416101011
