ELO:1075
CE_PASSEDPAWNS:0.5380702369356082
CE_PAWNWEAKNESSES:0.523754187620675
CE_PIECEACTIVITY:0.5130995520551449
CE_KINGPAWNSHIELD:0.5025507360126594
CE_PIECECOORDINATION:0.5043901861355996
CE_MATERIAL:0.4936647227553223
CE_KINGSAFETY:0.5
C_PIECESQUARETABLES:0.5
C_MOBILITY:0.45824781231478373
C_KINGSAFETY:0.5037736504157492
C_PAWNSTRUCTURE:0.5173756872893983
C_PIECECOORDINATION:0.5030209784933546
C_ROOK:0.5
CE_ROOK:0.5030727620260684
C_CENTERCONTROL:0.5407764769159645
C_DEVELOPPIECES:0.48357526442606574
C_MATERIAL:0.5009285379404309
C_MOVECOUNT:0.5237340254126772
C_PAWNMOVEMENT:0.5033132972092471
