ELO:939
CE_PASSEDPAWNS:0.5419687373232116
CE_PAWNWEAKNESSES:0.4800754918010351
CE_PIECEACTIVITY:0.4105454560667526
CE_KINGPAWNSHIELD:0.43981891204845913
CE_PIECECOORDINATION:0.5169323968486383
CE_MATERIAL:0.4896977560223083
CE_KINGSAFETY:0.5207405017927987
C_PIECESQUARETABLES:0.5022817662971073
C_MOBILITY:0.5706830325029197
C_KINGSAFETY:0.5617159311599023
C_PAWNSTRUCTURE:0.5335369571528051
C_PIECECOORDINATION:0.6649617174317085
C_ROOKANDPAWNMOVEMENT:0.6649617174317085
C_CENTERCONTROL:0.5769057249566089
C_DEVELOPPIECES:0.43239225553649346
C_MATERIAL:0.5067992450606478
