ELO:988
CE_PASSEDPAWNS:0.5156839845540195
CE_PAWNWEAKNESSES:0.49531597807360855
CE_PIECEACTIVITY:0.5093827234589514
CE_KINGPAWNSHIELD:0.39802067945639663
CE_PIECECOORDINATION:0.43537138374399786
CE_MATERIAL:0.5382465695177477
CE_KINGSAFETY:0.49196913058999364
C_PIECESQUARETABLES:0.5
C_MOBILITY:0.5102529898840642
C_KINGSAFETY:0.5057431554820532
C_PAWNSTRUCTURE:0.5006281247243053
C_PIECECOORDINATION:0.5201548662261858
C_ROOKANDPAWNMOVEMENT:0.5201548662261858
C_CENTERCONTROL:0.40269970531601934
C_DEVELOPPIECES:0.5067495606305472
C_MATERIAL:0.5867013494407116
