ELO:1014
CE_PASSEDPAWNS:0.4993108872645027
CE_PAWNWEAKNESSES:0.5
CE_PIECEACTIVITY:0.5
CE_KINGPAWNSHIELD:0.4695617372106935
CE_PIECECOORDINATION:0.4955909101753558
CE_MATERIAL:0.5
CE_KINGSAFETY:0.5
C_PIECESQUARETABLES:0.5112440543155999
C_MOBILITY:0.505232959458698
C_KINGSAFETY:0.497730207668942
C_PAWNSTRUCTURE:0.4994891099066237
C_PIECECOORDINATION:0.4869025209661117
C_ROOKANDPAWNMOVEMENT:0.4869025209661117
C_CENTERCONTROL:0.503303649882317
C_DEVELOPPIECES:0.5256051777336695
C_MATERIAL:0.5234527732247173
