ELO:1020
CE_PASSEDPAWNS:0.5086078626992011
CE_PAWNWEAKNESSES:0.5
CE_PIECEACTIVITY:0.49573349540477873
CE_KINGPAWNSHIELD:0.5032667049389522
CE_PIECECOORDINATION:0.5075365806861021
CE_MATERIAL:0.5059162654734934
CE_KINGSAFETY:0.51108381360401
C_PIECESQUARETABLES:0.48823610028178965
C_MOBILITY:0.4928182891816444
C_KINGSAFETY:0.4884726715446014
C_PAWNSTRUCTURE:0.5
C_PIECECOORDINATION:0.5117530500500119
C_ROOK:0.49942828541685225
CE_ROOK:0.49552285313019595
C_CENTERCONTROL:0.49963078275450845
C_DEVELOPPIECES:0.5
C_MATERIAL:0.5075952282283505
C_MOVECOUNT:0.5040832496513623
C_PAWNMOVEMENT:0.5049255284258698
