ELO:846
CE_PASSEDPAWNS:0.5205429079999295
CE_PAWNWEAKNESSES:0.627965466537777
CE_PIECEACTIVITY:0.49749138684562944
CE_KINGPAWNSHIELD:0.5340874016884266
CE_PIECECOORDINATION:0.498981078216899
CE_MATERIAL:0.5484041602478676
CE_KINGSAFETY:0.4414404942328412
C_PIECESQUARETABLES:0.5568288417489128
C_MOBILITY:0.4140788897216166
C_KINGSAFETY:0.4741527497814333
C_PAWNSTRUCTURE:0.5093222004215212
C_PIECECOORDINATION:0.4731760735008031
C_ROOKANDPAWNMOVEMENT:0.4731760735008031
C_CENTERCONTROL:0.5660265210303914
C_DEVELOPPIECES:0.4768290476332938
C_MATERIAL:0.5269712041222273
C_MOVECOUNT:0.5721308928959071
