ELO:921
CE_PASSEDPAWNS:0.44082266767189365
CE_PAWNWEAKNESSES:0.5193778771353664
CE_PIECEACTIVITY:0.5129817316575157
CE_KINGPAWNSHIELD:0.5179993896934728
CE_PIECECOORDINATION:0.5240499016847872
CE_MATERIAL:0.5062148315715408
CE_KINGSAFETY:0.49647146672677267
C_PIECESQUARETABLES:0.49113491934748116
C_MOBILITY:0.4883561664590552
C_KINGSAFETY:0.5116079465634363
C_PAWNSTRUCTURE:0.5091382329202581
C_PIECECOORDINATION:0.46763006212505626
C_ROOKANDPAWNMOVEMENT:0.46763006212505626
C_CENTERCONTROL:0.4837954100376448
C_DEVELOPPIECES:0.5095988452500605
C_MATERIAL:0.49984826913154307
C_MOVECOUNT:0.5
