ELO:1000
CE_PASSEDPAWNS:0.5072912916939327
CE_PAWNWEAKNESSES:0.500861986133776
CE_PIECEACTIVITY:0.5449831369600244
CE_KINGPAWNSHIELD:0.4859927923690441
CE_PIECECOORDINATION:0.4833833022794732
CE_MATERIAL:0.4962372145720597
CE_KINGSAFETY:0.5336263507062534
C_PIECESQUARETABLES:0.4968634136005305
C_MOBILITY:0.5577033311402085
C_KINGSAFETY:0.4864090274300945
C_PAWNSTRUCTURE:0.44330233268279085
C_PIECECOORDINATION:0.4646898554724198
C_ROOKANDPAWNMOVEMENT:0.4646898554724198
C_CENTERCONTROL:0.5071366753792383
C_DEVELOPPIECES:0.5251378788934927
C_MATERIAL:0.5081172026222159
