ELO:1039
CE_PASSEDPAWNS:0.48715157963415806
CE_PAWNWEAKNESSES:0.5053483548265357
CE_PIECEACTIVITY:0.4815143021810089
CE_KINGPAWNSHIELD:0.5486870825306857
CE_PIECECOORDINATION:0.5
CE_MATERIAL:0.5163929973762303
CE_KINGSAFETY:0.5
C_PIECESQUARETABLES:0.5
C_MOBILITY:0.4958575839663233
C_KINGSAFETY:0.47953568737238267
C_PAWNSTRUCTURE:0.49542987029183017
C_PIECECOORDINATION:0.5108340780944686
C_ROOK:0.49977484436432357
CE_ROOK:0.5
C_CENTERCONTROL:0.49591674456893553
C_DEVELOPPIECES:0.5152850028779169
C_MATERIAL:0.5011939301347549
C_MOVECOUNT:0.48871135583086506
C_PAWNMOVEMENT:0.4804229145699416
