ELO:951
CE_PASSEDPAWNS:0.5061058580250639
CE_PAWNWEAKNESSES:0.5624200347013896
CE_PIECEACTIVITY:0.4948028470945554
CE_KINGPAWNSHIELD:0.5003958682891033
CE_PIECECOORDINATION:0.4935156657526634
CE_MATERIAL:0.5018753411249196
CE_KINGSAFETY:0.5021130084132405
C_PIECESQUARETABLES:0.5221517265390296
C_MOBILITY:0.44517208925418045
C_KINGSAFETY:0.5014611124559687
C_PAWNSTRUCTURE:0.5072784373697792
C_PIECECOORDINATION:0.4909779538651926
C_ROOKANDPAWNMOVEMENT:0.4909779538651926
C_CENTERCONTROL:0.5726746565522643
C_DEVELOPPIECES:0.5150408813932672
C_MATERIAL:0.5104510072567052
C_MOVECOUNT:0.5193897413525976
