ELO:1030
CE_PASSEDPAWNS:0.49466509944209847
CE_PAWNWEAKNESSES:0.5
CE_PIECEACTIVITY:0.47225465398940075
CE_KINGPAWNSHIELD:0.5108193124067895
CE_PIECECOORDINATION:0.5042780734726124
CE_MATERIAL:0.48426420079647864
CE_KINGSAFETY:0.5
C_PIECESQUARETABLES:0.5
C_MOBILITY:0.519473537413262
C_KINGSAFETY:0.479614052768268
C_PAWNSTRUCTURE:0.5011184076901242
C_PIECECOORDINATION:0.5187121361950087
C_ROOK:0.4650633174525654
CE_ROOK:0.5065841379310213
C_CENTERCONTROL:0.49908000958574095
C_DEVELOPPIECES:0.5149028448848842
C_MATERIAL:0.48197906261409296
C_MOVECOUNT:0.4939827515543085
C_PAWNMOVEMENT:0.4953020681581354
