ELO:889
CE_PASSEDPAWNS:0.5768408380714828
CE_PAWNWEAKNESSES:0.5064882357383234
CE_PIECEACTIVITY:0.43074575427074396
CE_KINGPAWNSHIELD:0.4577107041589886
CE_PIECECOORDINATION:0.565169503144056
CE_MATERIAL:0.4967299676605578
CE_KINGSAFETY:0.5117061468020884
C_PIECESQUARETABLES:0.5185685276145844
C_MOBILITY:0.571591311381897
C_KINGSAFETY:0.5990616166178686
C_PAWNSTRUCTURE:0.5537912081270187
C_PIECECOORDINATION:0.6224142290304664
C_ROOKANDPAWNMOVEMENT:0.6224142290304664
C_CENTERCONTROL:0.5591045935778186
C_DEVELOPPIECES:0.4375976829997347
C_MATERIAL:0.4987322247980897
