ELO:991
CE_PASSEDPAWNS:0.4870128188451061
CE_PAWNWEAKNESSES:0.5086689011298955
CE_PIECEACTIVITY:0.4467351460768367
CE_KINGPAWNSHIELD:0.47998396864059434
CE_PIECECOORDINATION:0.4992419522876317
CE_MATERIAL:0.5526426372893406
CE_KINGSAFETY:0.49686675421290344
C_PIECESQUARETABLES:0.5047844477023838
C_MOBILITY:0.5852146223178488
C_KINGSAFETY:0.5345923585077476
C_PAWNSTRUCTURE:0.5166481951020696
C_PIECECOORDINATION:0.5555509101236662
C_ROOKANDPAWNMOVEMENT:0.5555509101236662
C_CENTERCONTROL:0.5546804968283486
C_DEVELOPPIECES:0.4706573279403883
C_MATERIAL:0.47739677374690015
