ELO:1000
CE_PASSEDPAWNS:0.4550224490225021
CE_PAWNWEAKNESSES:0.5109704895723592
CE_PIECEACTIVITY:0.4773291162607282
CE_KINGPAWNSHIELD:0.4775516724434341
CE_PIECECOORDINATION:0.478493570701039
CE_MATERIAL:0.5062911932264583
CE_KINGSAFETY:0.5079912030912138
C_PIECESQUARETABLES:0.5
C_MOBILITY:0.5207928228493319
C_KINGSAFETY:0.5249642743991821
C_PAWNSTRUCTURE:0.5173692570866525
C_PIECECOORDINATION:0.5310171346564019
C_ROOKANDPAWNMOVEMENT:0.5310171346564019
C_CENTERCONTROL:0.5321611615282931
C_DEVELOPPIECES:0.49171802512540536
C_MATERIAL:0.4848512187222752
