ELO:915
CE_PASSEDPAWNS:0.4794165251225997
CE_PAWNWEAKNESSES:0.48337460929571274
CE_PIECEACTIVITY:0.4952811126308631
CE_KINGPAWNSHIELD:0.48552668718683256
CE_PIECECOORDINATION:0.568937933131225
CE_MATERIAL:0.48365418419047695
CE_KINGSAFETY:0.5013002372242151
C_PIECESQUARETABLES:0.5177762410247653
C_MOBILITY:0.5361427470348016
C_KINGSAFETY:0.505423796006922
C_PAWNSTRUCTURE:0.4683193385594059
C_PIECECOORDINATION:0.5522272892388181
C_ROOKANDPAWNMOVEMENT:0.5522272892388181
C_CENTERCONTROL:0.484198170115807
C_DEVELOPPIECES:0.5403701350821274
C_MATERIAL:0.47400791769561806
C_MOVECOUNT:0.5
