ELO:996
CE_PASSEDPAWNS:0.46520643490294644
CE_PAWNWEAKNESSES:0.5303480376718145
CE_PIECEACTIVITY:0.45733195357378914
CE_KINGPAWNSHIELD:0.445179157093362
CE_PIECECOORDINATION:0.46768412155459393
CE_MATERIAL:0.5337425917407258
CE_KINGSAFETY:0.5124981318479498
C_PIECESQUARETABLES:0.5121792799491153
C_MOBILITY:0.5543460576812762
C_KINGSAFETY:0.5353332249744944
C_PAWNSTRUCTURE:0.49257673610328045
C_PIECECOORDINATION:0.547109168667402
C_ROOKANDPAWNMOVEMENT:0.547109168667402
C_CENTERCONTROL:0.5242809578636615
C_DEVELOPPIECES:0.47640596087581183
C_MATERIAL:0.490236378295148
