ELO:985
CE_PASSEDPAWNS:0.5
CE_PAWNWEAKNESSES:0.5113840411411957
CE_PIECEACTIVITY:0.4870521193135885
CE_KINGPAWNSHIELD:0.5089444774601599
CE_PIECECOORDINATION:0.5016613415144745
CE_MATERIAL:0.5
CE_KINGSAFETY:0.5062577862376159
C_PIECESQUARETABLES:0.49359452030830864
C_MOBILITY:0.49533476141983007
C_KINGSAFETY:0.5014232158099552
C_PAWNSTRUCTURE:0.5
C_PIECECOORDINATION:0.5
C_ROOKANDPAWNMOVEMENT:0.5
C_CENTERCONTROL:0.5
C_DEVELOPPIECES:0.5033894762418829
C_MATERIAL:0.49702218204369414
