ELO:917
CE_PASSEDPAWNS:0.5171785617551911
CE_PAWNWEAKNESSES:0.5287370950637258
CE_PIECEACTIVITY:0.48839753196372926
CE_KINGPAWNSHIELD:0.42576714721437553
CE_PIECECOORDINATION:0.39309928770063957
CE_MATERIAL:0.5861060378159885
CE_KINGSAFETY:0.5354352565373095
C_PIECESQUARETABLES:0.5259853202716545
C_MOBILITY:0.5683873517041729
C_KINGSAFETY:0.46687754806859
C_PAWNSTRUCTURE:0.4620698750870984
C_PIECECOORDINATION:0.4194247208049616
C_ROOKANDPAWNMOVEMENT:0.4194247208049616
C_CENTERCONTROL:0.4571118295429756
C_DEVELOPPIECES:0.5036497940373952
C_MATERIAL:0.4194000789954695
