ELO:1031
CE_PASSEDPAWNS:0.49466509944209847
CE_PAWNWEAKNESSES:0.478219647497634
CE_PIECEACTIVITY:0.47225465398940075
CE_KINGPAWNSHIELD:0.5007371787734637
CE_PIECECOORDINATION:0.5159505491453478
CE_MATERIAL:0.48426420079647864
CE_KINGSAFETY:0.5
C_PIECESQUARETABLES:0.5
C_MOBILITY:0.519473537413262
C_KINGSAFETY:0.46232275311251947
C_PAWNSTRUCTURE:0.5011184076901242
C_PIECECOORDINATION:0.5187121361950087
C_ROOK:0.5221569755385295
CE_ROOK:0.4721512202863491
C_CENTERCONTROL:0.49908000958574095
C_DEVELOPPIECES:0.5149028448848842
C_MATERIAL:0.48197906261409296
C_MOVECOUNT:0.4805938206986978
C_PAWNMOVEMENT:0.4953020681581354
