ELO:941
CE_PASSEDPAWNS:0.5435001395437085
CE_PAWNWEAKNESSES:0.5072245286298854
CE_PIECEACTIVITY:0.4100103460056102
CE_KINGPAWNSHIELD:0.44351593541889284
CE_PIECECOORDINATION:0.5440516080466405
CE_MATERIAL:0.4896977560223083
CE_KINGSAFETY:0.5136113173338654
C_PIECESQUARETABLES:0.4863472346270098
C_MOBILITY:0.5847434226905903
C_KINGSAFETY:0.5533079583418486
C_PAWNSTRUCTURE:0.5188459870112239
C_PIECECOORDINATION:0.6536122556587435
C_ROOKANDPAWNMOVEMENT:0.6536122556587435
C_CENTERCONTROL:0.5697757770450042
C_DEVELOPPIECES:0.442006150534413
C_MATERIAL:0.48577172625001114
