ELO:956
CE_PASSEDPAWNS:0.48975268105566117
CE_PAWNWEAKNESSES:0.48518110670017806
CE_PIECEACTIVITY:0.46319919587280606
CE_KINGPAWNSHIELD:0.4831091481623771
CE_PIECECOORDINATION:0.5185528838153954
CE_MATERIAL:0.4933169837632694
CE_KINGSAFETY:0.5032417814815849
C_PIECESQUARETABLES:0.5117416810307449
C_MOBILITY:0.5165858873561918
C_KINGSAFETY:0.5005116743370072
C_PAWNSTRUCTURE:0.5136765291331199
C_PIECECOORDINATION:0.5036930615360812
C_ROOKANDPAWNMOVEMENT:0.5036930615360812
C_CENTERCONTROL:0.4870156485606724
C_DEVELOPPIECES:0.4777404016468385
C_MATERIAL:0.5325703963560269
C_MOVECOUNT:0.5065033303279812
