ELO:923
CE_PASSEDPAWNS:0.4976146957529718
CE_PAWNWEAKNESSES:0.49688930755540645
CE_PIECEACTIVITY:0.5121108069796402
CE_KINGPAWNSHIELD:0.48132517276301334
CE_PIECECOORDINATION:0.48877389617763844
CE_MATERIAL:0.4911053897454294
CE_KINGSAFETY:0.4943087770056363
C_PIECESQUARETABLES:0.4896816945460266
C_MOBILITY:0.48906087282512767
C_KINGSAFETY:0.49440851735028185
C_PAWNSTRUCTURE:0.5245624779949004
C_PIECECOORDINATION:0.4972869705512805
C_ROOK:0.5
CE_ROOK:0.5
C_CENTERCONTROL:0.48238945621872653
C_DEVELOPPIECES:0.46484356524811477
C_MATERIAL:0.5027330460912022
C_MOVECOUNT:0.5112514498276344
C_PAWNMOVEMENT:0.5
