ELO:1008
CE_PASSEDPAWNS:0.5039353998074381
CE_PAWNWEAKNESSES:0.4896638618650602
CE_PIECEACTIVITY:0.48990892768589567
CE_KINGPAWNSHIELD:0.5
CE_PIECECOORDINATION:0.5089767737523967
CE_MATERIAL:0.500463759805792
CE_KINGSAFETY:0.5
C_PIECESQUARETABLES:0.5
C_MOBILITY:0.5
C_KINGSAFETY:0.4914063451861395
C_PAWNSTRUCTURE:0.506898465558476
C_PIECECOORDINATION:0.5073048074829598
C_ROOKANDPAWNMOVEMENT:0.5073048074829598
C_CENTERCONTROL:0.5
C_DEVELOPPIECES:0.5013602943225469
C_MATERIAL:0.5
