ELO:934
CE_PASSEDPAWNS:0.5474412580771031
CE_PAWNWEAKNESSES:0.5129331047941695
CE_PIECEACTIVITY:0.4702855060126247
CE_KINGPAWNSHIELD:0.4797394197674939
CE_PIECECOORDINATION:0.49832946033189573
CE_MATERIAL:0.5077068515626514
CE_KINGSAFETY:0.5110529202047931
C_PIECESQUARETABLES:0.5
C_MOBILITY:0.5126065463965785
C_KINGSAFETY:0.5197757815694061
C_PAWNSTRUCTURE:0.5057297464002298
C_PIECECOORDINATION:0.47147919885971135
C_ROOKANDPAWNMOVEMENT:0.47147919885971135
C_CENTERCONTROL:0.4974646897541856
C_DEVELOPPIECES:0.5258481632136105
C_MATERIAL:0.486416969841366
C_MOVECOUNT:0.5
