ELO:1013
CE_PASSEDPAWNS:0.5037473903302028
CE_PAWNWEAKNESSES:0.503933769595215
CE_PIECEACTIVITY:0.506346503157013
CE_KINGPAWNSHIELD:0.47044298087866615
CE_PIECECOORDINATION:0.47525578573572047
CE_MATERIAL:0.48426420079647864
CE_KINGSAFETY:0.5
C_PIECESQUARETABLES:0.5
C_MOBILITY:0.54387804628315
C_KINGSAFETY:0.48555989294079704
C_PAWNSTRUCTURE:0.5090085318315547
C_PIECECOORDINATION:0.5187121361950087
C_ROOK:0.4650633174525654
CE_ROOK:0.48332193206982976
C_CENTERCONTROL:0.45547399386637577
C_DEVELOPPIECES:0.47944667082985915
C_MATERIAL:0.48197906261409296
C_MOVECOUNT:0.5021343610710851
C_PAWNMOVEMENT:0.4784800926892652
