ELO:965
CE_PASSEDPAWNS:0.4251713017728434
CE_PAWNWEAKNESSES:0.4917305629275442
CE_PIECEACTIVITY:0.4964202756724581
CE_KINGPAWNSHIELD:0.4506345606650836
CE_PIECECOORDINATION:0.48204598505459884
CE_MATERIAL:0.5056543739485122
CE_KINGSAFETY:0.5
C_PIECESQUARETABLES:0.5
C_MOBILITY:0.5171616195372161
C_KINGSAFETY:0.6182887098607327
C_PAWNSTRUCTURE:0.5000472854475159
C_PIECECOORDINATION:0.5533791889581036
C_ROOKANDPAWNMOVEMENT:0.5533791889581036
C_CENTERCONTROL:0.4785141927152024
C_DEVELOPPIECES:0.5013391619851276
C_MATERIAL:0.4894552241907365
C_MOVECOUNT:0.5
