ELO:937
CE_PASSEDPAWNS:0.5090080353321961
CE_PAWNWEAKNESSES:0.49192688283565594
CE_PIECEACTIVITY:0.5012431748903553
CE_KINGPAWNSHIELD:0.5167774667939774
CE_PIECECOORDINATION:0.5235566931755229
CE_MATERIAL:0.46892932753492056
CE_KINGSAFETY:0.5183721930541573
C_PIECESQUARETABLES:0.502200295802043
C_MOBILITY:0.4803240154308679
C_KINGSAFETY:0.5195345843858908
C_PAWNSTRUCTURE:0.5093166589949847
C_PIECECOORDINATION:0.48863971216765617
C_ROOKANDPAWNMOVEMENT:0.48863971216765617
C_CENTERCONTROL:0.5380297465547741
C_DEVELOPPIECES:0.46704793491151914
C_MATERIAL:0.49360902048510713
C_MOVECOUNT:0.5
