ELO:1016
CE_PASSEDPAWNS:0.4923351035803931
CE_PAWNWEAKNESSES:0.5
CE_PIECEACTIVITY:0.4787208349522932
CE_KINGPAWNSHIELD:0.4916056577510133
CE_PIECECOORDINATION:0.5095038550499151
CE_MATERIAL:0.515485972498605
CE_KINGSAFETY:0.49317505715219084
C_PIECESQUARETABLES:0.4781851644878667
C_MOBILITY:0.4950620628226104
C_KINGSAFETY:0.5
C_PAWNSTRUCTURE:0.5079833331295335
C_PIECECOORDINATION:0.511122721158212
C_ROOKANDPAWNMOVEMENT:0.511122721158212
C_CENTERCONTROL:0.5229472399476927
C_DEVELOPPIECES:0.5058146769403239
C_MATERIAL:0.5229624499353774
