ELO:973
CE_PASSEDPAWNS:0.5283396085596576
CE_PAWNWEAKNESSES:0.4709521573566707
CE_PIECEACTIVITY:0.5361219457983988
CE_KINGPAWNSHIELD:0.5298748566118197
CE_PIECECOORDINATION:0.4869351754717412
CE_MATERIAL:0.5495924031031071
CE_KINGSAFETY:0.48760979460738757
C_PIECESQUARETABLES:0.48709015234923503
C_MOBILITY:0.5358940171900751
C_KINGSAFETY:0.41827052946954146
C_PAWNSTRUCTURE:0.46280341125881336
C_PIECECOORDINATION:0.42284515327271593
C_ROOKANDPAWNMOVEMENT:0.42284515327271593
C_CENTERCONTROL:0.45870479243433115
C_DEVELOPPIECES:0.4938293315128159
C_MATERIAL:0.5224148553396697
