ELO:1000
CE_PASSEDPAWNS:0.49868692502369755
CE_PAWNWEAKNESSES:0.4990027661758173
CE_PIECEACTIVITY:0.4853689964581649
CE_KINGPAWNSHIELD:0.5154299235377781
CE_PIECECOORDINATION:0.49686888004292434
CE_MATERIAL:0.5134866380935578
CE_KINGSAFETY:0.5016734261442146
C_PIECESQUARETABLES:0.5
C_MOBILITY:0.4975799924746706
C_KINGSAFETY:0.5060794647304316
C_PAWNSTRUCTURE:0.5121554879101856
C_PIECECOORDINATION:0.5052258444900871
C_ROOKANDPAWNMOVEMENT:0.5052258444900871
C_CENTERCONTROL:0.5192434222805065
C_DEVELOPPIECES:0.4869328839105332
C_MATERIAL:0.47730664976149983
