ELO:1032
CE_PASSEDPAWNS:0.5334977015059155
CE_PAWNWEAKNESSES:0.5053483548265357
CE_PIECEACTIVITY:0.48661846218344973
CE_KINGPAWNSHIELD:0.5486870825306857
CE_PIECECOORDINATION:0.4939580946664056
CE_MATERIAL:0.5077212810683485
CE_KINGSAFETY:0.5
C_PIECESQUARETABLES:0.5
C_MOBILITY:0.5132001157821605
C_KINGSAFETY:0.4699788242076066
C_PAWNSTRUCTURE:0.4951797095200419
C_PIECECOORDINATION:0.5161112147581152
C_ROOK:0.49048038580905434
CE_ROOK:0.5157836039624435
C_CENTERCONTROL:0.45547399386637577
C_DEVELOPPIECES:0.5316858011432377
C_MATERIAL:0.5180966590467132
C_MOVECOUNT:0.5021343610710851
C_PAWNMOVEMENT:0.4916719956034862
