ELO:889
CE_PASSEDPAWNS:0.5613111603853932
CE_PAWNWEAKNESSES:0.49274389805006796
CE_PIECEACTIVITY:0.4150423121494718
CE_KINGPAWNSHIELD:0.4670297803808032
CE_PIECECOORDINATION:0.5324560642648334
CE_MATERIAL:0.5028830635923309
CE_KINGSAFETY:0.5212328490268278
C_PIECESQUARETABLES:0.5076201794928855
C_MOBILITY:0.5735897711635131
C_KINGSAFETY:0.5975790521875107
C_PAWNSTRUCTURE:0.5471739816619129
C_PIECECOORDINATION:0.630560665489487
C_ROOKANDPAWNMOVEMENT:0.630560665489487
C_CENTERCONTROL:0.5772517975926167
C_DEVELOPPIECES:0.42508582260708944
C_MATERIAL:0.4853648889282338
