ELO:1043
CE_PASSEDPAWNS:0.4984997249495993
CE_PAWNWEAKNESSES:0.46158925539644685
CE_PIECEACTIVITY:0.49669922482791296
CE_KINGPAWNSHIELD:0.5053802018525926
CE_PIECECOORDINATION:0.5117626846070501
CE_MATERIAL:0.47378498699933563
CE_KINGSAFETY:0.5
C_PIECESQUARETABLES:0.5
C_MOBILITY:0.5
C_KINGSAFETY:0.4778837742082676
C_PAWNSTRUCTURE:0.49817597534023766
C_PIECECOORDINATION:0.48310128427797977
C_ROOK:0.4904586565037176
CE_ROOK:0.47507486477495864
C_CENTERCONTROL:0.4824005627424918
C_DEVELOPPIECES:0.4925283032106535
C_MATERIAL:0.48826105598907077
C_MOVECOUNT:0.5128536074138685
C_PAWNMOVEMENT:0.49108945402567095
