ELO:990
CE_PASSEDPAWNS:0.5018893973093436
CE_PAWNWEAKNESSES:0.5162516112851906
CE_PIECEACTIVITY:0.426483233993365
CE_KINGPAWNSHIELD:0.46854208443609086
CE_PIECECOORDINATION:0.4903934980287146
CE_MATERIAL:0.5475642425605345
CE_KINGSAFETY:0.5170307348516751
C_PIECESQUARETABLES:0.5218835032738769
C_MOBILITY:0.56041069539986
C_KINGSAFETY:0.520958734549469
C_PAWNSTRUCTURE:0.4945915789158546
C_PIECECOORDINATION:0.5878409884614674
C_ROOKANDPAWNMOVEMENT:0.5878409884614674
C_CENTERCONTROL:0.5536733656294831
C_DEVELOPPIECES:0.4667154084156608
C_MATERIAL:0.47811991645314045
