ELO:988
CE_PASSEDPAWNS:0.5156839845540195
CE_PAWNWEAKNESSES:0.5128889835512717
CE_PIECEACTIVITY:0.5115517959390631
CE_KINGPAWNSHIELD:0.4076561608377238
CE_PIECECOORDINATION:0.45909703734638235
CE_MATERIAL:0.5561775794490093
CE_KINGSAFETY:0.5040183707057422
C_PIECESQUARETABLES:0.48804367407972127
C_MOBILITY:0.4987353418410564
C_KINGSAFETY:0.5077087654596292
C_PAWNSTRUCTURE:0.5006281247243053
C_PIECECOORDINATION:0.543378553846701
C_ROOKANDPAWNMOVEMENT:0.543378553846701
C_CENTERCONTROL:0.39989406255849036
C_DEVELOPPIECES:0.5067495606305472
C_MATERIAL:0.5901540970532296
