ELO:902
CE_PASSEDPAWNS:0.4732054501805023
CE_PAWNWEAKNESSES:0.4543136433983993
CE_PIECEACTIVITY:0.5358269751794522
CE_KINGPAWNSHIELD:0.5402188292570831
CE_PIECECOORDINATION:0.5188377202842716
CE_MATERIAL:0.4934808504410734
CE_KINGSAFETY:0.4804798580828053
C_PIECESQUARETABLES:0.49333513947575
C_MOBILITY:0.5476588502699367
C_KINGSAFETY:0.41184150503425304
C_PAWNSTRUCTURE:0.43771484166426694
C_PIECECOORDINATION:0.4098901237420481
C_ROOKANDPAWNMOVEMENT:0.4098901237420481
C_CENTERCONTROL:0.4628243691979852
C_DEVELOPPIECES:0.4990010111858561
C_MATERIAL:0.5516624449269718
