ELO:902
CE_PASSEDPAWNS:0.4142701789166096
CE_PAWNWEAKNESSES:0.4644780566464513
CE_PIECEACTIVITY:0.4767387635098171
CE_KINGPAWNSHIELD:0.4510376835558098
CE_PIECECOORDINATION:0.5360481391853134
CE_MATERIAL:0.5193254904169449
CE_KINGSAFETY:0.51305150019731
C_PIECESQUARETABLES:0.45698061314334515
C_MOBILITY:0.5091761833397292
C_KINGSAFETY:0.5010334511270255
C_PAWNSTRUCTURE:0.5058719063305087
C_PIECECOORDINATION:0.5530586721925489
C_ROOKANDPAWNMOVEMENT:0.5530586721925489
C_CENTERCONTROL:0.47693719066445933
C_DEVELOPPIECES:0.4833410940952018
C_MATERIAL:0.5072948283757083
C_MOVECOUNT:0.5
