ELO:988
CE_PASSEDPAWNS:0.5156839845540195
CE_PAWNWEAKNESSES:0.5146435128275281
CE_PIECEACTIVITY:0.5115517959390631
CE_KINGPAWNSHIELD:0.41330952204867455
CE_PIECECOORDINATION:0.44129179900049087
CE_MATERIAL:0.40410840023497746
CE_KINGSAFETY:0.5
C_PIECESQUARETABLES:0.493054855767614
C_MOBILITY:0.5013552894157398
C_KINGSAFETY:0.5063702273428342
C_PAWNSTRUCTURE:0.5036299686703688
C_PIECECOORDINATION:0.5350567576815112
C_ROOKANDPAWNMOVEMENT:0.5350567576815112
C_CENTERCONTROL:0.39989406255849036
C_DEVELOPPIECES:0.5039540640952546
C_MATERIAL:0.5719056699262447
