ELO:1032
CE_PASSEDPAWNS:0.4948699378877846
CE_PAWNWEAKNESSES:0.505888252246682
CE_PIECEACTIVITY:0.47720231126595597
CE_KINGPAWNSHIELD:0.48568821456508515
CE_PIECECOORDINATION:0.49825204941202283
CE_MATERIAL:0.49181775090965224
CE_KINGSAFETY:0.5
C_PIECESQUARETABLES:0.5104323675586371
C_MOBILITY:0.5040380084826781
C_KINGSAFETY:0.49120596857507026
C_PAWNSTRUCTURE:0.49872624054051096
C_PIECECOORDINATION:0.5255713582031676
C_ROOK:0.4908040969293647
CE_ROOK:0.4941331280785939
C_CENTERCONTROL:0.475723447149842
C_DEVELOPPIECES:0.5019174547484602
C_MATERIAL:0.49716867730398456
C_MOVECOUNT:0.4722447649162971
C_PAWNMOVEMENT:0.4815111571007603
