ELO:972
CE_PASSEDPAWNS:0.46450794400480433
CE_PAWNWEAKNESSES:0.47745950649900987
CE_PIECEACTIVITY:0.5172000560942474
CE_KINGPAWNSHIELD:0.4983027302288583
CE_PIECECOORDINATION:0.5024293749338112
CE_MATERIAL:0.513106871042862
CE_KINGSAFETY:0.4993844527284503
C_PIECESQUARETABLES:0.5098950017867391
C_MOBILITY:0.5116919994747465
C_KINGSAFETY:0.5242338087458437
C_PAWNSTRUCTURE:0.5
C_PIECECOORDINATION:0.4974575147545517
C_ROOKANDPAWNMOVEMENT:0.4974575147545517
C_CENTERCONTROL:0.4932525082606857
C_DEVELOPPIECES:0.49711298880975147
C_MATERIAL:0.5003606787810185
C_MOVECOUNT:0.5
