ELO:920
CE_PASSEDPAWNS:0.49835714745250687
CE_PAWNWEAKNESSES:0.5718262112972591
CE_PIECEACTIVITY:0.502736977493192
CE_KINGPAWNSHIELD:0.4958698889105383
CE_PIECECOORDINATION:0.4991071848393761
CE_MATERIAL:0.5384726069016086
CE_KINGSAFETY:0.48554422905672934
C_PIECESQUARETABLES:0.5482071252211574
C_MOBILITY:0.43994480107068534
C_KINGSAFETY:0.506354405476091
C_PAWNSTRUCTURE:0.5322182210915589
C_PIECECOORDINATION:0.4582043602333571
C_ROOKANDPAWNMOVEMENT:0.4582043602333571
C_CENTERCONTROL:0.5561292348078212
C_DEVELOPPIECES:0.5043551586690341
C_MATERIAL:0.520018885575704
C_MOVECOUNT:0.5505348897071201
