ELO:989
CE_PASSEDPAWNS:0.5010775789969601
CE_PAWNWEAKNESSES:0.5139469582928348
CE_PIECEACTIVITY:0.43114471944905186
CE_KINGPAWNSHIELD:0.454705932545245
CE_PIECECOORDINATION:0.5030612097285234
CE_MATERIAL:0.5326142082259174
CE_KINGSAFETY:0.5067935033322617
C_PIECESQUARETABLES:0.5268073571447823
C_MOBILITY:0.5697215310448253
C_KINGSAFETY:0.5191887172810496
C_PAWNSTRUCTURE:0.49191348958604963
C_PIECECOORDINATION:0.5888550519906979
C_ROOKANDPAWNMOVEMENT:0.5888550519906979
C_CENTERCONTROL:0.5453063536675596
C_DEVELOPPIECES:0.4836458657519606
C_MATERIAL:0.4718991478235078
