ELO:995
CE_PASSEDPAWNS:0.5099020347887768
CE_PAWNWEAKNESSES:0.5041792098661492
CE_PIECEACTIVITY:0.5472500732640806
CE_KINGPAWNSHIELD:0.4919172913012697
CE_PIECECOORDINATION:0.4631436052082208
CE_MATERIAL:0.5033431872599763
CE_KINGSAFETY:0.5282937089218657
C_PIECESQUARETABLES:0.4620452721594722
C_MOBILITY:0.5697659482714819
C_KINGSAFETY:0.4533892734658207
C_PAWNSTRUCTURE:0.48500929162210304
C_PIECECOORDINATION:0.45246460858502263
C_ROOKANDPAWNMOVEMENT:0.45246460858502263
C_CENTERCONTROL:0.49370855528866264
C_DEVELOPPIECES:0.4770589264419906
C_MATERIAL:0.5021595570575765
