ELO:988
CE_PASSEDPAWNS:0.5156839845540195
CE_PAWNWEAKNESSES:0.5015624803777277
CE_PIECEACTIVITY:0.5263082564627266
CE_KINGPAWNSHIELD:0.4117058931866665
CE_PIECECOORDINATION:0.4454668928573011
CE_MATERIAL:0.540103870879036
CE_KINGSAFETY:0.5110749369547505
C_PIECESQUARETABLES:0.5
C_MOBILITY:0.4987353418410564
C_KINGSAFETY:0.5063702273428342
C_PAWNSTRUCTURE:0.48806538021753815
C_PIECECOORDINATION:0.5350567576815112
C_ROOKANDPAWNMOVEMENT:0.5350567576815112
C_CENTERCONTROL:0.3997851853345394
C_DEVELOPPIECES:0.5111474001129531
C_MATERIAL:0.5760547808194728
