ELO:995
CE_PASSEDPAWNS:0.5126188242736978
CE_PAWNWEAKNESSES:0.5023938699391216
CE_PIECEACTIVITY:0.4813455842218491
CE_KINGPAWNSHIELD:0.5111166965599192
CE_PIECECOORDINATION:0.5155351540038402
CE_MATERIAL:0.5048022251584299
CE_KINGSAFETY:0.48860098961794474
C_PIECESQUARETABLES:0.5
C_MOBILITY:0.5074185303900093
C_KINGSAFETY:0.5100915295089983
C_PAWNSTRUCTURE:0.4913213373250516
C_PIECECOORDINATION:0.48793260629532553
C_ROOKANDPAWNMOVEMENT:0.48793260629532553
C_CENTERCONTROL:0.4831194768556055
C_DEVELOPPIECES:0.5181525737406075
C_MATERIAL:0.4897692086050153
C_MOVECOUNT:0.48241820185382506
