ELO:800
CE_PASSEDPAWNS:0.4628572127460736
CE_PAWNWEAKNESSES:0.4933223414816842
CE_PIECEACTIVITY:0.4215281379055261
CE_KINGPAWNSHIELD:0.41938251709751917
CE_PIECECOORDINATION:0.41501759732143817
CE_MATERIAL:0.40045269306281006
CE_KINGSAFETY:0.5223195184924027
C_PIECESQUARETABLES:0.45603431826180635
C_MOBILITY:0.5960100523595384
C_KINGSAFETY:0.509748657849975
C_PAWNSTRUCTURE:0.42881522184994236
C_PIECECOORDINATION:0.5127748226117795
C_ROOKANDPAWNMOVEMENT:0.5127748226117795
C_CENTERCONTROL:0.3923656239622626
C_DEVELOPPIECES:0.4944196590706845
C_MATERIAL:0.6579021099504835
C_MOVECOUNT:0.49652048668979176
