ELO:1070
CE_PASSEDPAWNS:0.5001627123762505
CE_PAWNWEAKNESSES:0.5101304147258322
CE_PIECEACTIVITY:0.5100890023247386
CE_KINGPAWNSHIELD:0.5007721174266254
CE_PIECECOORDINATION:0.5080081785316549
CE_MATERIAL:0.4840662056925468
CE_KINGSAFETY:0.5
C_PIECESQUARETABLES:0.5
C_MOBILITY:0.48304155941452737
C_KINGSAFETY:0.47663303188437883
C_PAWNSTRUCTURE:0.5165695141646971
C_PIECECOORDINATION:0.5124269745948176
C_ROOK:0.4820435025592838
CE_ROOK:0.4960860099806561
C_CENTERCONTROL:0.4869144050227749
C_DEVELOPPIECES:0.5284044370215044
C_MATERIAL:0.4694591356605998
C_MOVECOUNT:0.5
C_PAWNMOVEMENT:0.5
