ELO:904
CE_PASSEDPAWNS:0.5000461139813317
CE_PAWNWEAKNESSES:0.4492884337834488
CE_PIECEACTIVITY:0.5140292860740692
CE_KINGPAWNSHIELD:0.47867484297183244
CE_PIECECOORDINATION:0.5216918320046555
CE_MATERIAL:0.5117800082678922
CE_KINGSAFETY:0.49711828709841366
C_PIECESQUARETABLES:0.5295650575885777
C_MOBILITY:0.4917393538748716
C_KINGSAFETY:0.49033838634264404
C_PAWNSTRUCTURE:0.520934810272895
C_PIECECOORDINATION:0.4924373183873665
C_ROOK:0.4847424456638427
CE_ROOK:0.4807783362020789
C_CENTERCONTROL:0.5055067197267847
C_DEVELOPPIECES:0.5076060625452834
C_MATERIAL:0.5268894959630206
C_MOVECOUNT:0.5104276581348167
C_PAWNMOVEMENT:0.4814469896869762
