ELO:905
CE_PASSEDPAWNS:0.38477179798725486
CE_PAWNWEAKNESSES:0.5439311148672574
CE_PIECEACTIVITY:0.49103496226927146
CE_KINGPAWNSHIELD:0.5047104694011502
CE_PIECECOORDINATION:0.5606906185035717
CE_MATERIAL:0.4985552734421501
CE_KINGSAFETY:0.49308103873512776
C_PIECESQUARETABLES:0.4784788488754303
C_MOBILITY:0.4862399681369368
C_KINGSAFETY:0.46006716575898865
C_PAWNSTRUCTURE:0.4997199036977358
C_PIECECOORDINATION:0.5229646250841056
C_ROOKANDPAWNMOVEMENT:0.5229646250841056
C_CENTERCONTROL:0.5160555115653427
C_DEVELOPPIECES:0.4994924429871131
C_MATERIAL:0.5189358880188956
C_MOVECOUNT:0.5
