ELO:943
CE_PASSEDPAWNS:0.5107420581821148
CE_PAWNWEAKNESSES:0.48806945832416876
CE_PIECEACTIVITY:0.5703102933114235
CE_KINGPAWNSHIELD:0.4829036300364415
CE_PIECECOORDINATION:0.5123489056420413
CE_MATERIAL:0.509174023879876
CE_KINGSAFETY:0.5021342672516861
C_PIECESQUARETABLES:0.4899956018234447
C_MOBILITY:0.4685211476678352
C_KINGSAFETY:0.5101143363523415
C_PAWNSTRUCTURE:0.480530181969012
C_PIECECOORDINATION:0.5067674175313049
C_ROOKANDPAWNMOVEMENT:0.5067674175313049
C_CENTERCONTROL:0.46957520793389596
C_DEVELOPPIECES:0.4848046230877107
C_MATERIAL:0.49992954314448673
C_MOVECOUNT:0.5
