ELO:977
CE_PASSEDPAWNS:0.5096708817033987
CE_PAWNWEAKNESSES:0.5223041933111569
CE_PIECEACTIVITY:0.4393613747200644
CE_KINGPAWNSHIELD:0.47283024520502903
CE_PIECECOORDINATION:0.5070800881062372
CE_MATERIAL:0.5175010014047927
CE_KINGSAFETY:0.4923771479229703
C_PIECESQUARETABLES:0.5160349013280551
C_MOBILITY:0.5905050080562536
C_KINGSAFETY:0.5335544153668206
C_PAWNSTRUCTURE:0.48514354212526256
C_PIECECOORDINATION:0.6228631631681526
C_ROOKANDPAWNMOVEMENT:0.6228631631681526
C_CENTERCONTROL:0.5387143101297638
C_DEVELOPPIECES:0.46276804159713836
C_MATERIAL:0.46622612477785624
