ELO:956
CE_PASSEDPAWNS:0.48296034696112944
CE_PAWNWEAKNESSES:0.4569905778826468
CE_PIECEACTIVITY:0.49161786878695807
CE_KINGPAWNSHIELD:0.44177167149588054
CE_PIECECOORDINATION:0.4587763819935396
CE_MATERIAL:0.4023031883788202
CE_KINGSAFETY:0.5076408084856351
C_PIECESQUARETABLES:0.5194144157187807
C_MOBILITY:0.4894017041505965
C_KINGSAFETY:0.48186038026224604
C_PAWNSTRUCTURE:0.4859926937752837
C_PIECECOORDINATION:0.5489759673121101
C_ROOKANDPAWNMOVEMENT:0.5489759673121101
C_CENTERCONTROL:0.528097130575264
C_DEVELOPPIECES:0.5025692151308876
C_MATERIAL:0.5674174718304194
