ELO:1000
CE_PASSEDPAWNS:0.4887106698616898
CE_PAWNWEAKNESSES:0.5055226674462282
CE_PIECEACTIVITY:0.5008042949540576
CE_KINGPAWNSHIELD:0.5012404147614068
CE_PIECECOORDINATION:0.49837265083020255
CE_MATERIAL:0.47887938473120395
CE_KINGSAFETY:0.49039533683394154
C_PIECESQUARETABLES:0.5
C_MOBILITY:0.5169241948908582
C_KINGSAFETY:0.49426208652098763
C_PAWNSTRUCTURE:0.5094663766753738
C_PIECECOORDINATION:0.5050518854274361
C_ROOKANDPAWNMOVEMENT:0.5050518854274361
C_CENTERCONTROL:0.5051713757375735
C_DEVELOPPIECES:0.5013728572663055
C_MATERIAL:0.5250274002572558
