ELO:933
CE_PASSEDPAWNS:0.5265393915552661
CE_PAWNWEAKNESSES:0.5185258999020784
CE_PIECEACTIVITY:0.4704784318545263
CE_KINGPAWNSHIELD:0.45273100861921645
CE_PIECECOORDINATION:0.48771992555142024
CE_MATERIAL:0.48280300483830324
CE_KINGSAFETY:0.49464847104955467
C_PIECESQUARETABLES:0.5036028959421668
C_MOBILITY:0.47392953006231203
C_KINGSAFETY:0.4921178192264354
C_PAWNSTRUCTURE:0.5185402161078452
C_PIECECOORDINATION:0.380731242907391
C_ROOKANDPAWNMOVEMENT:0.380731242907391
C_CENTERCONTROL:0.5114831685265685
C_DEVELOPPIECES:0.385375217972839
C_MATERIAL:0.6413814191342745
