ELO:1012
CE_PASSEDPAWNS:0.5
CE_PAWNWEAKNESSES:0.5046008503539748
CE_PIECEACTIVITY:0.5016108917421253
CE_KINGPAWNSHIELD:0.5122731711401619
CE_PIECECOORDINATION:0.4981419134725926
CE_MATERIAL:0.5008809309371495
CE_KINGSAFETY:0.5
C_PIECESQUARETABLES:0.5001914055655396
C_MOBILITY:0.5013868994447684
C_KINGSAFETY:0.49383025438582717
C_PAWNSTRUCTURE:0.4948706785908793
C_PIECECOORDINATION:0.5173257691929583
C_ROOKANDPAWNMOVEMENT:0.5173257691929583
C_CENTERCONTROL:0.5
C_DEVELOPPIECES:0.5069339033666453
C_MATERIAL:0.5059789077919051
C_MOVECOUNT:0.5
