ELO:989
CE_PASSEDPAWNS:0.5204091506458592
CE_PAWNWEAKNESSES:0.48016331366037146
CE_PIECEACTIVITY:0.48428241181462295
CE_KINGPAWNSHIELD:0.4546787504888312
CE_PIECECOORDINATION:0.4653340956502005
CE_MATERIAL:0.4496334755295887
CE_KINGSAFETY:0.46049224347371875
C_PIECESQUARETABLES:0.5569170173563421
C_MOBILITY:0.5069721363185496
C_KINGSAFETY:0.48678371914457674
C_PAWNSTRUCTURE:0.49517272550608027
C_PIECECOORDINATION:0.5393511114308333
C_ROOKANDPAWNMOVEMENT:0.5393511114308333
C_CENTERCONTROL:0.5136585842262222
C_DEVELOPPIECES:0.5264911556959186
C_MATERIAL:0.5533491763778864
