ELO:1015
CE_PASSEDPAWNS:0.506114828008963
CE_PAWNWEAKNESSES:0.5134731024977444
CE_PIECEACTIVITY:0.5049507557632258
CE_KINGPAWNSHIELD:0.5
CE_PIECECOORDINATION:0.5036556746228148
CE_MATERIAL:0.5034012949760374
CE_KINGSAFETY:0.5
C_PIECESQUARETABLES:0.49320390501736544
C_MOBILITY:0.5028185340900474
C_KINGSAFETY:0.4944154294570175
C_PAWNSTRUCTURE:0.48163390641002873
C_PIECECOORDINATION:0.5
C_ROOKANDPAWNMOVEMENT:0.5
C_CENTERCONTROL:0.5
C_DEVELOPPIECES:0.5124311492009285
C_MATERIAL:0.5
