ELO:950
CE_PASSEDPAWNS:0.5357628139489397
CE_PAWNWEAKNESSES:0.5237133151879432
CE_PIECEACTIVITY:0.5057315509630947
CE_KINGPAWNSHIELD:0.446839921111769
CE_PIECECOORDINATION:0.5189524363350931
CE_MATERIAL:0.5143990036209032
CE_KINGSAFETY:0.4686924588145688
C_PIECESQUARETABLES:0.49528103939650886
C_MOBILITY:0.528866448305321
C_KINGSAFETY:0.4885506215572298
C_PAWNSTRUCTURE:0.49383514324475536
C_PIECECOORDINATION:0.5742014396278815
C_ROOKANDPAWNMOVEMENT:0.5742014396278815
C_CENTERCONTROL:0.5055505169182842
C_DEVELOPPIECES:0.49174320385625936
C_MATERIAL:0.5147947022902357
C_MOVECOUNT:0.5
