ELO:922
CE_PASSEDPAWNS:0.5116656402617626
CE_PAWNWEAKNESSES:0.49240784975298907
CE_PIECEACTIVITY:0.4808433980554383
CE_KINGPAWNSHIELD:0.42938788181388476
CE_PIECECOORDINATION:0.455751633953949
CE_MATERIAL:0.3761605634617316
CE_KINGSAFETY:0.5175114166998446
C_PIECESQUARETABLES:0.510560844593963
C_MOBILITY:0.43334089439995943
C_KINGSAFETY:0.5359465372301861
C_PAWNSTRUCTURE:0.5080185135690913
C_PIECECOORDINATION:0.4960186229524615
C_ROOKANDPAWNMOVEMENT:0.4960186229524615
C_CENTERCONTROL:0.576172338726937
C_DEVELOPPIECES:0.517969612703953
C_MATERIAL:0.5885224630813545
