ELO:761
CE_PASSEDPAWNS:0.4589815862830011
CE_PAWNWEAKNESSES:0.509305057323147
CE_PIECEACTIVITY:0.39591071414960344
CE_KINGPAWNSHIELD:0.4690703341033946
CE_PIECECOORDINATION:0.48466332940431306
CE_MATERIAL:0.5313926439053916
CE_KINGSAFETY:0.48111362811239305
C_PIECESQUARETABLES:0.47633509953903425
C_MOBILITY:0.5254654523179014
C_KINGSAFETY:0.5199467052499462
C_PAWNSTRUCTURE:0.5132300078335061
C_PIECECOORDINATION:0.48090357727402
C_ROOKANDPAWNMOVEMENT:0.48090357727402
C_CENTERCONTROL:0.5108749046983746
C_DEVELOPPIECES:0.6213544887639713
C_MATERIAL:0.5429947630359931
C_MOVECOUNT:0.5121209707202933
