ELO:961
CE_PASSEDPAWNS:0.513873561028766
CE_PAWNWEAKNESSES:0.5177299066446047
CE_PIECEACTIVITY:0.5215372353142234
CE_KINGPAWNSHIELD:0.4370618490649767
CE_PIECECOORDINATION:0.5139835666910045
CE_MATERIAL:0.5012364637955438
CE_KINGSAFETY:0.5
C_PIECESQUARETABLES:0.5
C_MOBILITY:0.5111081083955595
C_KINGSAFETY:0.49705102466138085
C_PAWNSTRUCTURE:0.5013854280017924
C_PIECECOORDINATION:0.5294737042044813
C_ROOKANDPAWNMOVEMENT:0.5294737042044813
C_CENTERCONTROL:0.4922660882710434
C_DEVELOPPIECES:0.4865460118187615
C_MATERIAL:0.5147956872399168
C_MOVECOUNT:0.5
