ELO:970
CE_PASSEDPAWNS:0.46582365081365684
CE_PAWNWEAKNESSES:0.49294490287834936
CE_PIECEACTIVITY:0.5183693221460055
CE_KINGPAWNSHIELD:0.5308220218291492
CE_PIECECOORDINATION:0.5123766282676476
CE_MATERIAL:0.46357042445397345
CE_KINGSAFETY:0.5
C_PIECESQUARETABLES:0.5
C_MOBILITY:0.524078443545884
C_KINGSAFETY:0.45876223514809666
C_PAWNSTRUCTURE:0.5284387406760419
C_PIECECOORDINATION:0.5162499943360007
C_ROOK:0.5262010425762442
CE_ROOK:0.46750552068743634
C_CENTERCONTROL:0.5047306719044389
C_DEVELOPPIECES:0.49664185211984396
C_MATERIAL:0.5515547581457438
C_MOVECOUNT:0.4750865664062517
C_PAWNMOVEMENT:0.4581283312085755
