ELO:970
CE_PASSEDPAWNS:0.46290938032484047
CE_PAWNWEAKNESSES:0.4878096976740429
CE_PIECEACTIVITY:0.5238775018291928
CE_KINGPAWNSHIELD:0.5434612717887345
CE_PIECECOORDINATION:0.5206444350470286
CE_MATERIAL:0.5390320331015449
CE_KINGSAFETY:0.5
C_PIECESQUARETABLES:0.5021935152589416
C_MOBILITY:0.5211684117093222
C_KINGSAFETY:0.4572175562765436
C_PAWNSTRUCTURE:0.4819321392049244
C_PIECECOORDINATION:0.5012773490522545
C_ROOK:0.4965491677020373
CE_ROOK:0.5220729828614642
C_CENTERCONTROL:0.472021253134861
C_DEVELOPPIECES:0.4999963149397339
C_MATERIAL:0.46824155380460436
C_MOVECOUNT:0.5628409315327965
C_PAWNMOVEMENT:0.5398983351060891
