ELO:982
CE_PASSEDPAWNS:0.5112714844346751
CE_PAWNWEAKNESSES:0.4991267690420464
CE_PIECEACTIVITY:0.49297004634451563
CE_KINGPAWNSHIELD:0.5016809875326526
CE_PIECECOORDINATION:0.5033032045401757
CE_MATERIAL:0.502653221081989
CE_KINGSAFETY:0.5072040131494798
C_PIECESQUARETABLES:0.48765737043040225
C_MOBILITY:0.5
C_KINGSAFETY:0.4815947530997546
C_PAWNSTRUCTURE:0.49885126557063697
C_PIECECOORDINATION:0.49480126942443275
C_ROOKANDPAWNMOVEMENT:0.49480126942443275
C_CENTERCONTROL:0.5057588765437155
C_DEVELOPPIECES:0.5130445305983415
C_MATERIAL:0.499282947354529
