ELO:987
CE_PASSEDPAWNS:0.5
CE_PAWNWEAKNESSES:0.5072797046425157
CE_PIECEACTIVITY:0.5
CE_KINGPAWNSHIELD:0.5
CE_PIECECOORDINATION:0.4812968720097805
CE_MATERIAL:0.4993227605581001
CE_KINGSAFETY:0.5075646915682565
C_PIECESQUARETABLES:0.5009125641425858
C_MOBILITY:0.4995052156253718
C_KINGSAFETY:0.5011494201937708
C_PAWNSTRUCTURE:0.5
C_PIECECOORDINATION:0.5
C_ROOKANDPAWNMOVEMENT:0.5
C_CENTERCONTROL:0.5
C_DEVELOPPIECES:0.5009482738233606
C_MATERIAL:0.5090324022866074
C_MOVECOUNT:0.5
