ELO:945
CE_PASSEDPAWNS:0.495202195520302
CE_PAWNWEAKNESSES:0.4928027198037423
CE_PIECEACTIVITY:0.4893952485851725
CE_KINGPAWNSHIELD:0.43596343688228034
CE_PIECECOORDINATION:0.448586633292051
CE_MATERIAL:0.38239507790502225
CE_KINGSAFETY:0.4980579561304115
C_PIECESQUARETABLES:0.5273604977703997
C_MOBILITY:0.48073411593098225
C_KINGSAFETY:0.5169785251624404
C_PAWNSTRUCTURE:0.48290001745389466
C_PIECECOORDINATION:0.5395311173214975
C_ROOKANDPAWNMOVEMENT:0.5395311173214975
C_CENTERCONTROL:0.5293569913807966
C_DEVELOPPIECES:0.5142675842775178
C_MATERIAL:0.5924463641481093
