ELO:934
CE_PASSEDPAWNS:0.5122302557103295
CE_PAWNWEAKNESSES:0.5133963885026461
CE_PIECEACTIVITY:0.4923201212106126
CE_KINGPAWNSHIELD:0.5008073647413823
CE_PIECECOORDINATION:0.5063164611758243
CE_MATERIAL:0.5122418271863254
CE_KINGSAFETY:0.4976158191480335
C_PIECESQUARETABLES:0.4948533187155982
C_MOBILITY:0.49473855757141516
C_KINGSAFETY:0.49823488823886025
C_PAWNSTRUCTURE:0.4885915848654691
C_PIECECOORDINATION:0.5217372835546815
C_ROOKANDPAWNMOVEMENT:0.5217372835546815
C_CENTERCONTROL:0.505084072987725
C_DEVELOPPIECES:0.4959152698320123
C_MATERIAL:0.5118026762024209
C_MOVECOUNT:0.5
