ELO:812
CE_PASSEDPAWNS:0.5293134185827825
CE_PAWNWEAKNESSES:0.6499804287287152
CE_PIECEACTIVITY:0.5197541011466024
CE_KINGPAWNSHIELD:0.588554213393547
CE_PIECECOORDINATION:0.563140448709809
CE_MATERIAL:0.5007063449022112
CE_KINGSAFETY:0.5350128579254009
C_PIECESQUARETABLES:0.49136223709657567
C_MOBILITY:0.5113287422859204
C_KINGSAFETY:0.5573098563774028
C_PAWNSTRUCTURE:0.57041266955521
C_PIECECOORDINATION:0.4575265684596045
C_ROOKANDPAWNMOVEMENT:0.4575265684596045
C_CENTERCONTROL:0.5135899737039649
C_DEVELOPPIECES:0.45998118864129856
C_MATERIAL:0.5076492102388996
C_MOVECOUNT:0.5
