ELO:931
CE_PASSEDPAWNS:0.496591856995787
CE_PAWNWEAKNESSES:0.5018582826057888
CE_PIECEACTIVITY:0.4900416771466402
CE_KINGPAWNSHIELD:0.42954352349544483
CE_PIECECOORDINATION:0.445129093204777
CE_MATERIAL:0.37618804613171575
CE_KINGSAFETY:0.509958665512002
C_PIECESQUARETABLES:0.5
C_MOBILITY:0.46846998951692936
C_KINGSAFETY:0.5214323682714521
C_PAWNSTRUCTURE:0.5227919366207985
C_PIECECOORDINATION:0.49792401081174403
C_ROOKANDPAWNMOVEMENT:0.49792401081174403
C_CENTERCONTROL:0.5548918075053227
C_DEVELOPPIECES:0.5179783697442876
C_MATERIAL:0.5738757204018572
