ELO:738
CE_PASSEDPAWNS:0.4535624453715494
CE_PAWNWEAKNESSES:0.5144229998190764
CE_PIECEACTIVITY:0.4005903975459571
CE_KINGPAWNSHIELD:0.4765798893444228
CE_PIECECOORDINATION:0.4922583447801225
CE_MATERIAL:0.5171859527999096
CE_KINGSAFETY:0.4900451997607228
C_PIECESQUARETABLES:0.4779994474293353
C_MOBILITY:0.5054654140534685
C_KINGSAFETY:0.5213785271524589
C_PAWNSTRUCTURE:0.5007792756474214
C_PIECECOORDINATION:0.46620125897481823
C_ROOKANDPAWNMOVEMENT:0.46620125897481823
C_CENTERCONTROL:0.500168632676698
C_DEVELOPPIECES:0.6271852238827317
C_MATERIAL:0.5623660619219473
C_MOVECOUNT:0.503376462290466
