ELO:1010
CE_PASSEDPAWNS:0.6482244962039045
CE_PAWNWEAKNESSES:0.4773879003989959
CE_PIECEACTIVITY:0.4101468810848417
CE_KINGPAWNSHIELD:0.4893567061925941
CE_PIECECOORDINATION:0.5464311811123912
CE_MATERIAL:0.4146631001792135
CE_KINGSAFETY:0.4902201348100151
C_PIECESQUARETABLES:0.500195529292075
C_MOBILITY:0.4078688541513168
C_KINGSAFETY:0.518518868846418
C_PAWNSTRUCTURE:0.3947468237674841
C_PIECECOORDINATION:0.490297420387762
C_ROOKANDPAWNMOVEMENT:0.490297420387762
C_CENTERCONTROL:0.476674176017408
C_DEVELOPPIECES:0.6022188743534542
C_MATERIAL:0.4427218811681872
