ELO:974
CE_PASSEDPAWNS:0.4928499538220872
CE_PAWNWEAKNESSES:0.5
CE_PIECEACTIVITY:0.5194326056696488
CE_KINGPAWNSHIELD:0.5179428686461858
CE_PIECECOORDINATION:0.4935365418073057
CE_MATERIAL:0.5108501396422358
CE_KINGSAFETY:0.5
C_PIECESQUARETABLES:0.5
C_MOBILITY:0.5090625437388244
C_KINGSAFETY:0.4933785015237812
C_PAWNSTRUCTURE:0.5043751971957917
C_PIECECOORDINATION:0.5
C_ROOK:0.5007495426225681
CE_ROOK:0.5086204719178161
C_CENTERCONTROL:0.4905344104826275
C_DEVELOPPIECES:0.49617215626445493
C_MATERIAL:0.5073484390365912
C_MOVECOUNT:0.5
C_PAWNMOVEMENT:0.5071868242382459
