ELO:916
CE_PASSEDPAWNS:0.5465695731759738
CE_PAWNWEAKNESSES:0.5239779950226302
CE_PIECEACTIVITY:0.4738504824272553
CE_KINGPAWNSHIELD:0.5196948623050904
CE_PIECECOORDINATION:0.44663394312296895
CE_MATERIAL:0.5086079543054081
CE_KINGSAFETY:0.5285009627222355
C_PIECESQUARETABLES:0.5119611366411673
C_MOBILITY:0.531825217837333
C_KINGSAFETY:0.47437367564172767
C_PAWNSTRUCTURE:0.537194242746279
C_PIECECOORDINATION:0.410858803097617
C_ROOKANDPAWNMOVEMENT:0.410858803097617
C_CENTERCONTROL:0.5783342785497125
C_DEVELOPPIECES:0.38573749668526663
C_MATERIAL:0.43258294183151674
