ELO:901
CE_PASSEDPAWNS:0.480546209759764
CE_PAWNWEAKNESSES:0.5520603136115081
CE_PIECEACTIVITY:0.4800077573265897
CE_KINGPAWNSHIELD:0.5028713823921754
CE_PIECECOORDINATION:0.4917732957702744
CE_MATERIAL:0.5971328992877968
CE_KINGSAFETY:0.5
C_PIECESQUARETABLES:0.5
C_MOBILITY:0.47620824589668187
C_KINGSAFETY:0.5219717141548147
C_PAWNSTRUCTURE:0.49405578706718056
C_PIECECOORDINATION:0.4660468412709375
C_ROOKANDPAWNMOVEMENT:0.4660468412709375
C_CENTERCONTROL:0.4695797758962088
C_DEVELOPPIECES:0.5062837080582208
C_MATERIAL:0.42549653647861024
C_MOVECOUNT:0.510609629023861
