ELO:1013
CE_PASSEDPAWNS:0.5
CE_PAWNWEAKNESSES:0.5160361164962095
CE_PIECEACTIVITY:0.5105691633699476
CE_KINGPAWNSHIELD:0.49361445938381915
CE_PIECECOORDINATION:0.5054051018862731
CE_MATERIAL:0.5
CE_KINGSAFETY:0.4785778692189033
C_PIECESQUARETABLES:0.5038455058365026
C_MOBILITY:0.5072294529783872
C_KINGSAFETY:0.5071132123908371
C_PAWNSTRUCTURE:0.5018283865562689
C_PIECECOORDINATION:0.4992334438298576
C_ROOKANDPAWNMOVEMENT:0.4992334438298576
C_CENTERCONTROL:0.4949594430069986
C_DEVELOPPIECES:0.4910241896424096
C_MATERIAL:0.5030263293894269
C_MOVECOUNT:0.5231136650747984
