ELO:920
CE_PASSEDPAWNS:0.4504341727783168
CE_PAWNWEAKNESSES:0.4226387924815418
CE_PIECEACTIVITY:0.4648973614093104
CE_KINGPAWNSHIELD:0.5458835186497949
CE_PIECECOORDINATION:0.49343270260481586
CE_MATERIAL:0.4745250737907946
CE_KINGSAFETY:0.5
C_PIECESQUARETABLES:0.5
C_MOBILITY:0.5027297382767125
C_KINGSAFETY:0.469676028986422
C_PAWNSTRUCTURE:0.5747574526348538
C_PIECECOORDINATION:0.49464651719760777
C_ROOKANDPAWNMOVEMENT:0.49464651719760777
C_CENTERCONTROL:0.5917255610074821
C_DEVELOPPIECES:0.4183757898825794
C_MATERIAL:0.39763601952641764
