ELO:967
CE_PASSEDPAWNS:0.4864069505840548
CE_PAWNWEAKNESSES:0.49294490287834936
CE_PIECEACTIVITY:0.5353494129309075
CE_KINGPAWNSHIELD:0.49410152443688893
CE_PIECECOORDINATION:0.5123766282676476
CE_MATERIAL:0.48038505957546473
CE_KINGSAFETY:0.5
C_PIECESQUARETABLES:0.5
C_MOBILITY:0.44828295370556775
C_KINGSAFETY:0.46358439348088526
C_PAWNSTRUCTURE:0.45524445987419304
C_PIECECOORDINATION:0.49949888377975615
C_ROOK:0.4822587510033072
CE_ROOK:0.511500133211776
C_CENTERCONTROL:0.4564428304660861
C_DEVELOPPIECES:0.5121777906927659
C_MATERIAL:0.4790523925293389
C_MOVECOUNT:0.5079501750494912
C_PAWNMOVEMENT:0.5196688018838899
