ELO:996
CE_PASSEDPAWNS:0.3671258369474086
CE_PAWNWEAKNESSES:0.5128889835512717
CE_PIECEACTIVITY:0.5174752662563031
CE_KINGPAWNSHIELD:0.40720780658408906
CE_PIECECOORDINATION:0.44538019471221774
CE_MATERIAL:0.5727135862848416
CE_KINGSAFETY:0.5112899109944471
C_PIECESQUARETABLES:0.49809155590774706
C_MOBILITY:0.5103901331107087
C_KINGSAFETY:0.5742475742575268
C_PAWNSTRUCTURE:0.6291116172171712
C_PIECECOORDINATION:0.5562674503149065
C_ROOKANDPAWNMOVEMENT:0.5562674503149065
C_CENTERCONTROL:0.35488331713916
C_DEVELOPPIECES:0.5067495606305472
C_MATERIAL:0.5961268017656108
