ELO:987
CE_PASSEDPAWNS:0.5
CE_PAWNWEAKNESSES:0.5
CE_PIECEACTIVITY:0.4939906629734288
CE_KINGPAWNSHIELD:0.5095315420906567
CE_PIECECOORDINATION:0.5065165513281397
CE_MATERIAL:0.5
CE_KINGSAFETY:0.5
C_PIECESQUARETABLES:0.5
C_MOBILITY:0.5
C_KINGSAFETY:0.5043411187012643
C_PAWNSTRUCTURE:0.5
C_PIECECOORDINATION:0.5
C_ROOKANDPAWNMOVEMENT:0.5
C_CENTERCONTROL:0.5018574588664502
C_DEVELOPPIECES:0.5
C_MATERIAL:0.5079592155211479
C_MOVECOUNT:0.5
