ELO:1000
CE_PASSEDPAWNS:0.49586351868862966
CE_PAWNWEAKNESSES:0.5095601803089234
CE_PIECEACTIVITY:0.47653178667924245
CE_KINGPAWNSHIELD:0.5038090623302129
CE_PIECECOORDINATION:0.485237631921524
CE_MATERIAL:0.5202689579465883
CE_KINGSAFETY:0.4996785466262245
C_PIECESQUARETABLES:0.512079870966335
C_MOBILITY:0.4989289884286871
C_KINGSAFETY:0.5486378926866239
C_PAWNSTRUCTURE:0.49493751497290295
C_PIECECOORDINATION:0.5151287105659369
C_ROOKANDPAWNMOVEMENT:0.5151287105659369
C_CENTERCONTROL:0.4878886889178777
C_DEVELOPPIECES:0.486295160036495
C_MATERIAL:0.5236955169151281
