ELO:1033
CE_PASSEDPAWNS:0.5354540261679833
CE_PAWNWEAKNESSES:0.5059321803980413
CE_PIECEACTIVITY:0.41204774001739153
CE_KINGPAWNSHIELD:0.47007856838159223
CE_PIECECOORDINATION:0.5266964941375797
CE_MATERIAL:0.48275001575866033
CE_KINGSAFETY:0.5
C_PIECESQUARETABLES:0.5
C_MOBILITY:0.4410223019042261
C_KINGSAFETY:0.3600218360379949
C_PAWNSTRUCTURE:0.49056623678291467
C_PIECECOORDINATION:0.4890240639057343
C_ROOKANDPAWNMOVEMENT:0.4890240639057343
C_CENTERCONTROL:0.48280299332189747
C_DEVELOPPIECES:0.49336465591346695
C_MATERIAL:0.5797347259491737
