ELO:1000
CE_PASSEDPAWNS:0.4962822543471169
CE_PAWNWEAKNESSES:0.5009815057937034
CE_PIECEACTIVITY:0.49285146696801146
CE_KINGPAWNSHIELD:0.47874417078668524
CE_PIECECOORDINATION:0.47285930076201316
CE_MATERIAL:0.4934859246717657
CE_KINGSAFETY:0.48214490285488615
C_PIECESQUARETABLES:0.5251382041542353
C_MOBILITY:0.48005565691835395
C_KINGSAFETY:0.5268115336265627
C_PAWNSTRUCTURE:0.49716666595772496
C_PIECECOORDINATION:0.5303791548830181
C_ROOKANDPAWNMOVEMENT:0.5303791548830181
C_CENTERCONTROL:0.4894692823997975
C_DEVELOPPIECES:0.4990834941246132
C_MATERIAL:0.5290642178480536
