ELO:1028
CE_PASSEDPAWNS:0.4505019961272844
CE_PAWNWEAKNESSES:0.5055252708323158
CE_PIECEACTIVITY:0.4309728554287274
CE_KINGPAWNSHIELD:0.5350585278292016
CE_PIECECOORDINATION:0.5463957005664292
CE_MATERIAL:0.4708106797289423
CE_KINGSAFETY:0.5148665483855398
C_PIECESQUARETABLES:0.5009079252062619
C_MOBILITY:0.51065701749662
C_KINGSAFETY:0.3712365515098322
C_PAWNSTRUCTURE:0.5168218709734752
C_PIECECOORDINATION:0.3931672153316673
C_ROOKANDPAWNMOVEMENT:0.3931672153316673
C_CENTERCONTROL:0.4726430363633609
C_DEVELOPPIECES:0.4785947049558797
C_MATERIAL:0.5400557239881676
