ELO:720
CE_PASSEDPAWNS:0.4455105466088989
CE_PAWNWEAKNESSES:0.5172543361221988
CE_PIECEACTIVITY:0.40898627761294143
CE_KINGPAWNSHIELD:0.4644726257780245
CE_PIECECOORDINATION:0.48343887055668594
CE_MATERIAL:0.5313834832113801
CE_KINGSAFETY:0.48747002276153417
C_PIECESQUARETABLES:0.48593747565898704
C_MOBILITY:0.5203213549013225
C_KINGSAFETY:0.5199467052499462
C_PAWNSTRUCTURE:0.5151845331012327
C_PIECECOORDINATION:0.4709354227630665
C_ROOKANDPAWNMOVEMENT:0.4709354227630665
C_CENTERCONTROL:0.5214874357444017
C_DEVELOPPIECES:0.6273202230427478
C_MATERIAL:0.5806644344477194
C_MOVECOUNT:0.49726784030751253
