ELO:919
CE_PASSEDPAWNS:0.495656146588489
CE_PAWNWEAKNESSES:0.3908053438886515
CE_PIECEACTIVITY:0.47930811268258816
CE_KINGPAWNSHIELD:0.3692468093916304
CE_PIECECOORDINATION:0.4820134578361207
CE_MATERIAL:0.5046178611634631
CE_KINGSAFETY:0.5
C_PIECESQUARETABLES:0.5
C_MOBILITY:0.47620824589668187
C_KINGSAFETY:0.5584474014202582
C_PAWNSTRUCTURE:0.5096963768626865
C_PIECECOORDINATION:0.45750681799121495
C_ROOKANDPAWNMOVEMENT:0.45750681799121495
C_CENTERCONTROL:0.4764889441820766
C_DEVELOPPIECES:0.513382921097591
C_MATERIAL:0.4805112615866776
C_MOVECOUNT:0.49933219625755987
