ELO:949
CE_PASSEDPAWNS:0.5065003603225359
CE_PAWNWEAKNESSES:0.48633365978148674
CE_PIECEACTIVITY:0.4973284776877496
CE_KINGPAWNSHIELD:0.4550433080126838
CE_PIECECOORDINATION:0.4300782566817165
CE_MATERIAL:0.3893846694185498
CE_KINGSAFETY:0.4965561005159186
C_PIECESQUARETABLES:0.5235734968851367
C_MOBILITY:0.4853564817389956
C_KINGSAFETY:0.523270160414757
C_PAWNSTRUCTURE:0.46500296200065994
C_PIECECOORDINATION:0.5412167926772407
C_ROOKANDPAWNMOVEMENT:0.5412167926772407
C_CENTERCONTROL:0.5324278635611698
C_DEVELOPPIECES:0.49811304448005733
C_MATERIAL:0.6015126087230133
