ELO:941
CE_PASSEDPAWNS:0.4272312677216818
CE_PAWNWEAKNESSES:0.5008426676534674
CE_PIECEACTIVITY:0.4752698204352175
CE_KINGPAWNSHIELD:0.5194193357170799
CE_PIECECOORDINATION:0.5572952996098249
CE_MATERIAL:0.45917528362134113
CE_KINGSAFETY:0.47908328684272056
C_PIECESQUARETABLES:0.4679126841931067
C_MOBILITY:0.49415170860161756
C_KINGSAFETY:0.5097108155178336
C_PAWNSTRUCTURE:0.483469197616277
C_PIECECOORDINATION:0.5735952256727775
C_ROOKANDPAWNMOVEMENT:0.5735952256727775
C_CENTERCONTROL:0.5183717916299615
C_DEVELOPPIECES:0.4577753744601157
C_MATERIAL:0.5413594193350154
C_MOVECOUNT:0.5
