ELO:996
CE_PASSEDPAWNS:0.3671258369474086
CE_PAWNWEAKNESSES:0.5128889835512717
CE_PIECEACTIVITY:0.49498755917585713
CE_KINGPAWNSHIELD:0.40734889935085244
CE_PIECECOORDINATION:0.44538019471221774
CE_MATERIAL:0.508726587610651
CE_KINGSAFETY:0.5101288615535733
C_PIECESQUARETABLES:0.5
C_MOBILITY:0.49175049448995367
C_KINGSAFETY:0.5555396845641076
C_PAWNSTRUCTURE:0.5006281247243053
C_PIECECOORDINATION:0.5178685362773264
C_ROOKANDPAWNMOVEMENT:0.5178685362773264
C_CENTERCONTROL:0.392187416616906
C_DEVELOPPIECES:0.518840667322234
C_MATERIAL:0.5862079048080913
