ELO:959
CE_PASSEDPAWNS:0.47974451738468377
CE_PAWNWEAKNESSES:0.49654624275165893
CE_PIECEACTIVITY:0.5211171137061141
CE_KINGPAWNSHIELD:0.525896534265826
CE_PIECECOORDINATION:0.4923642436189463
CE_MATERIAL:0.5201620069689494
CE_KINGSAFETY:0.5
C_PIECESQUARETABLES:0.5
C_MOBILITY:0.5089069377526864
C_KINGSAFETY:0.47243497094788345
C_PAWNSTRUCTURE:0.4741045202230774
C_PIECECOORDINATION:0.4847772814620491
C_ROOK:0.4925602893335519
CE_ROOK:0.5256247927648038
C_CENTERCONTROL:0.45488322884110294
C_DEVELOPPIECES:0.5017303650252964
C_MATERIAL:0.47581972819893037
C_MOVECOUNT:0.5255783746384889
C_PAWNMOVEMENT:0.526972231700193
