ELO:839
CE_PASSEDPAWNS:0.44045216912606877
CE_PAWNWEAKNESSES:0.4866784478060789
CE_PIECEACTIVITY:0.54093292495304
CE_KINGPAWNSHIELD:0.5257108950060012
CE_PIECECOORDINATION:0.49313799015210036
CE_MATERIAL:0.5487215042182175
CE_KINGSAFETY:0.49813418914900237
C_PIECESQUARETABLES:0.5028664031213944
C_MOBILITY:0.5103954445447997
C_KINGSAFETY:0.5363311806587286
C_PAWNSTRUCTURE:0.4606668229744096
C_PIECECOORDINATION:0.5602447682314613
C_ROOKANDPAWNMOVEMENT:0.5602447682314613
C_CENTERCONTROL:0.4856387603861782
C_DEVELOPPIECES:0.5113572918577155
C_MATERIAL:0.6255844572831427
C_MOVECOUNT:0.5
