ELO:961
CE_PASSEDPAWNS:0.4928499538220872
CE_PAWNWEAKNESSES:0.5094401396133715
CE_PIECEACTIVITY:0.5289147228684207
CE_KINGPAWNSHIELD:0.5179428686461858
CE_PIECECOORDINATION:0.48118166342906155
CE_MATERIAL:0.5223424543316033
CE_KINGSAFETY:0.5
C_PIECESQUARETABLES:0.5
C_MOBILITY:0.5108020187439535
C_KINGSAFETY:0.4933785015237812
C_PAWNSTRUCTURE:0.4977172016848244
C_PIECECOORDINATION:0.49230709857901667
C_ROOK:0.5127259254325427
CE_ROOK:0.5165401820529241
C_CENTERCONTROL:0.4905344104826275
C_DEVELOPPIECES:0.49746457576181596
C_MATERIAL:0.48174651818443004
C_MOVECOUNT:0.5112596526540218
C_PAWNMOVEMENT:0.5071868242382459
