ELO:948
CE_PASSEDPAWNS:0.5345605801238795
CE_PAWNWEAKNESSES:0.5031971984685039
CE_PIECEACTIVITY:0.4576529279759429
CE_KINGPAWNSHIELD:0.471006431851348
CE_PIECECOORDINATION:0.49090336405710316
CE_MATERIAL:0.4840448581776738
CE_KINGSAFETY:0.5048060686884162
C_PIECESQUARETABLES:0.5112243285812054
C_MOBILITY:0.47247021035872366
C_KINGSAFETY:0.47288849385982795
C_PAWNSTRUCTURE:0.5185309165021075
C_PIECECOORDINATION:0.3609174922265923
C_ROOKANDPAWNMOVEMENT:0.3609174922265923
C_CENTERCONTROL:0.5080123817827203
C_DEVELOPPIECES:0.38746095563673305
C_MATERIAL:0.6269557829831213
