ELO:1004
CE_PASSEDPAWNS:0.4975513989199177
CE_PAWNWEAKNESSES:0.48986748701391974
CE_PIECEACTIVITY:0.49228555728861567
CE_KINGPAWNSHIELD:0.5
CE_PIECECOORDINATION:0.48221875907286704
CE_MATERIAL:0.5126642726318358
CE_KINGSAFETY:0.5
C_PIECESQUARETABLES:0.5
C_MOBILITY:0.48185998203727787
C_KINGSAFETY:0.5055876792061822
C_PAWNSTRUCTURE:0.4992760254215013
C_PIECECOORDINATION:0.5
C_ROOKANDPAWNMOVEMENT:0.5
C_CENTERCONTROL:0.5083868930369323
C_DEVELOPPIECES:0.5
C_MATERIAL:0.5118906295890684
C_MOVECOUNT:0.49894197932224105
