ELO:1010
CE_PASSEDPAWNS:0.5111149673532346
CE_PAWNWEAKNESSES:0.5110238768890837
CE_PIECEACTIVITY:0.5038421339517635
CE_KINGPAWNSHIELD:0.4985795554356752
CE_PIECECOORDINATION:0.49756185016277316
CE_MATERIAL:0.49750902054535373
CE_KINGSAFETY:0.5
C_PIECESQUARETABLES:0.5
C_MOBILITY:0.5125279713702324
C_KINGSAFETY:0.5240590034009495
C_PAWNSTRUCTURE:0.49872624054051096
C_PIECECOORDINATION:0.5024062923218431
C_ROOK:0.5082618200115928
CE_ROOK:0.4916578152683325
C_CENTERCONTROL:0.5218613973040136
C_DEVELOPPIECES:0.47782947764943645
C_MATERIAL:0.5000688632165662
C_MOVECOUNT:0.5013699718586283
C_PAWNMOVEMENT:0.501825826357947
