ELO:1005
CE_PASSEDPAWNS:0.4682633321988182
CE_PAWNWEAKNESSES:0.4871715224824995
CE_PIECEACTIVITY:0.48143346278645555
CE_KINGPAWNSHIELD:0.5209285780744096
CE_PIECECOORDINATION:0.5084254921402538
CE_MATERIAL:0.4914661031427333
CE_KINGSAFETY:0.5
C_PIECESQUARETABLES:0.5
C_MOBILITY:0.4940133154259423
C_KINGSAFETY:0.5095296266170088
C_PAWNSTRUCTURE:0.5061951641169354
C_PIECECOORDINATION:0.48787037814480594
C_ROOKANDPAWNMOVEMENT:0.48787037814480594
C_CENTERCONTROL:0.5000352455794389
C_DEVELOPPIECES:0.5209574096381253
C_MATERIAL:0.4972317474597646
C_MOVECOUNT:0.5
