ELO:998
CE_PASSEDPAWNS:0.5227460776169052
CE_PAWNWEAKNESSES:0.4924320025808494
CE_PIECEACTIVITY:0.49682232567169804
CE_KINGPAWNSHIELD:0.5021073642646362
CE_PIECECOORDINATION:0.5029084943262581
CE_MATERIAL:0.5150623562354972
CE_KINGSAFETY:0.5
C_PIECESQUARETABLES:0.5
C_MOBILITY:0.5125279713702324
C_KINGSAFETY:0.4802234662474188
C_PAWNSTRUCTURE:0.47229996450026107
C_PIECECOORDINATION:0.5158410203840428
C_ROOK:0.5045266501051656
CE_ROOK:0.47873097011169324
C_CENTERCONTROL:0.5110082045526055
C_DEVELOPPIECES:0.4888684472186382
C_MATERIAL:0.4882969655538142
C_MOVECOUNT:0.4781126926424103
C_PAWNMOVEMENT:0.5037223531226751
