ELO:960
CE_PASSEDPAWNS:0.47110943501353497
CE_PAWNWEAKNESSES:0.4985983589814829
CE_PIECEACTIVITY:0.5330454572264814
CE_KINGPAWNSHIELD:0.5315862966486964
CE_PIECECOORDINATION:0.5047817064816478
CE_MATERIAL:0.5390320331015449
CE_KINGSAFETY:0.5
C_PIECESQUARETABLES:0.5122878132573112
C_MOBILITY:0.5224945845488251
C_KINGSAFETY:0.47029533929030937
C_PAWNSTRUCTURE:0.47631967513577167
C_PIECECOORDINATION:0.5051724976834667
C_ROOK:0.49239614165619966
CE_ROOK:0.5189815191968374
C_CENTERCONTROL:0.4753367643303419
C_DEVELOPPIECES:0.5120418732253121
C_MATERIAL:0.46824155380460436
C_MOVECOUNT:0.5427642368830158
C_PAWNMOVEMENT:0.5331703986599172
