ELO:994
CE_PASSEDPAWNS:0.5152452055532459
CE_PAWNWEAKNESSES:0.48396007731122054
CE_PIECEACTIVITY:0.5044448962310343
CE_KINGPAWNSHIELD:0.5070027793640959
CE_PIECECOORDINATION:0.4968970689354905
CE_MATERIAL:0.4996845655273095
CE_KINGSAFETY:0.4976284004835585
C_PIECESQUARETABLES:0.49860093336562084
C_MOBILITY:0.504520466331748
C_KINGSAFETY:0.5202222148935848
C_PAWNSTRUCTURE:0.4797943750003795
C_PIECECOORDINATION:0.4971524645861436
C_ROOK:0.5020116800196923
CE_ROOK:0.5
C_CENTERCONTROL:0.5070608069173773
C_DEVELOPPIECES:0.4952765638894041
C_MATERIAL:0.5067678252734161
C_MOVECOUNT:0.5102178850010571
C_PAWNMOVEMENT:0.5008569568912581
