ELO:1007
CE_PASSEDPAWNS:0.5111149673532346
CE_PAWNWEAKNESSES:0.49872959034490016
CE_PIECEACTIVITY:0.5
CE_KINGPAWNSHIELD:0.5205458834192515
CE_PIECECOORDINATION:0.5136610720994581
CE_MATERIAL:0.5098457914445861
CE_KINGSAFETY:0.5
C_PIECESQUARETABLES:0.5
C_MOBILITY:0.5125279713702324
C_KINGSAFETY:0.4762344473877797
C_PAWNSTRUCTURE:0.48144749827520533
C_PIECECOORDINATION:0.5024062923218431
C_ROOK:0.5082618200115928
CE_ROOK:0.4916578152683325
C_CENTERCONTROL:0.4975115328985506
C_DEVELOPPIECES:0.47782947764943645
C_MATERIAL:0.5127653659151674
C_MOVECOUNT:0.5013699718586283
C_PAWNMOVEMENT:0.4580263027062803
