ELO:956
CE_PASSEDPAWNS:0.5056153452586363
CE_PAWNWEAKNESSES:0.5175535890237662
CE_PIECEACTIVITY:0.4721905626260951
CE_KINGPAWNSHIELD:0.5069030304613525
CE_PIECECOORDINATION:0.4979932409984048
CE_MATERIAL:0.5084547200621131
CE_KINGSAFETY:0.5096892024301088
C_PIECESQUARETABLES:0.47615858574951314
C_MOBILITY:0.4912553712187425
C_KINGSAFETY:0.5108357035295912
C_PAWNSTRUCTURE:0.47074675112766734
C_PIECECOORDINATION:0.5430366851760793
C_ROOKANDPAWNMOVEMENT:0.5430366851760793
C_CENTERCONTROL:0.5062908168391809
C_DEVELOPPIECES:0.45592644234926755
C_MATERIAL:0.5118026762024209
C_MOVECOUNT:0.5
