ELO:1010
CE_PASSEDPAWNS:0.48715157963415806
CE_PAWNWEAKNESSES:0.5110238768890837
CE_PIECEACTIVITY:0.505881031225999
CE_KINGPAWNSHIELD:0.4746274944582042
CE_PIECECOORDINATION:0.4687345920328115
CE_MATERIAL:0.4842486117367992
CE_KINGSAFETY:0.5
C_PIECESQUARETABLES:0.5
C_MOBILITY:0.5125279713702324
C_KINGSAFETY:0.4532218677956674
C_PAWNSTRUCTURE:0.5167109789664993
C_PIECECOORDINATION:0.4939065445797985
C_ROOK:0.4784710806988522
CE_ROOK:0.4932727104297994
C_CENTERCONTROL:0.48513109523155706
C_DEVELOPPIECES:0.5021266776944183
C_MATERIAL:0.5000688632165662
C_MOVECOUNT:0.5032365966270125
C_PAWNMOVEMENT:0.5037223531226751
