ELO:1000
CE_PASSEDPAWNS:0.4828883748985821
CE_PAWNWEAKNESSES:0.5050505484646721
CE_PIECEACTIVITY:0.48348620741293913
CE_KINGPAWNSHIELD:0.5079477020251004
CE_PIECECOORDINATION:0.4742624652120064
CE_MATERIAL:0.4358711468174324
CE_KINGSAFETY:0.503544627708039
C_PIECESQUARETABLES:0.5214167909990804
C_MOBILITY:0.5457679627760068
C_KINGSAFETY:0.47686820428110194
C_PAWNSTRUCTURE:0.5320020384361109
C_PIECECOORDINATION:0.4912875175906698
C_ROOKANDPAWNMOVEMENT:0.4912875175906698
C_CENTERCONTROL:0.5255736874755306
C_DEVELOPPIECES:0.5049700944943558
C_MATERIAL:0.5017550674018253
