ELO:965
CE_PASSEDPAWNS:0.4971971556124399
CE_PAWNWEAKNESSES:0.49367323927561363
CE_PIECEACTIVITY:0.49046266363664404
CE_KINGPAWNSHIELD:0.4957803202885925
CE_PIECECOORDINATION:0.44496545528943093
CE_MATERIAL:0.5262754945889391
CE_KINGSAFETY:0.5
C_PIECESQUARETABLES:0.5
C_MOBILITY:0.47147390318987464
C_KINGSAFETY:0.490986881758508
C_PAWNSTRUCTURE:0.5206221487950914
C_PIECECOORDINATION:0.5202653298545553
C_ROOK:0.48276468054242894
CE_ROOK:0.5465255204621787
C_CENTERCONTROL:0.5171939695791324
C_DEVELOPPIECES:0.4948110261149429
C_MATERIAL:0.4470078621396786
C_MOVECOUNT:0.47089291814042933
C_PAWNMOVEMENT:0.45405746756183724
