ELO:972
CE_PASSEDPAWNS:0.49648353224824693
CE_PAWNWEAKNESSES:0.5504492183987633
CE_PIECEACTIVITY:0.4613100369008538
CE_KINGPAWNSHIELD:0.5297646991075261
CE_PIECECOORDINATION:0.5292332031525148
CE_MATERIAL:0.4465732815189744
CE_KINGSAFETY:0.4965600131184369
C_PIECESQUARETABLES:0.49197222902174603
C_MOBILITY:0.5337033697177967
C_KINGSAFETY:0.5042878831944301
C_PAWNSTRUCTURE:0.5086394982970983
C_PIECECOORDINATION:0.47836330731578813
C_ROOKANDPAWNMOVEMENT:0.47836330731578813
C_CENTERCONTROL:0.5893735244294126
C_DEVELOPPIECES:0.4726945346846441
C_MATERIAL:0.4854777747636248
