ELO:958
CE_PASSEDPAWNS:0.4884576016882428
CE_PAWNWEAKNESSES:0.5085996383203777
CE_PIECEACTIVITY:0.5164494780815002
CE_KINGPAWNSHIELD:0.4935322394701629
CE_PIECECOORDINATION:0.4897013539307093
CE_MATERIAL:0.5046364505099068
CE_KINGSAFETY:0.5
C_PIECESQUARETABLES:0.5
C_MOBILITY:0.5153440443364684
C_KINGSAFETY:0.5044338148159987
C_PAWNSTRUCTURE:0.48167447258161544
C_PIECECOORDINATION:0.4994185201983987
C_ROOK:0.5239318144794083
CE_ROOK:0.492339192948185
C_CENTERCONTROL:0.47834396197929496
C_DEVELOPPIECES:0.4986788538142053
C_MATERIAL:0.5061786042359336
C_MOVECOUNT:0.4923819492355396
C_PAWNMOVEMENT:0.5180976810383222
