ELO:1000
CE_PASSEDPAWNS:0.5000343515525666
CE_PAWNWEAKNESSES:0.5
CE_PIECEACTIVITY:0.5
CE_KINGPAWNSHIELD:0.5
CE_PIECECOORDINATION:0.5
CE_MATERIAL:0.5045061079193727
CE_KINGSAFETY:0.509716122487152
C_PIECESQUARETABLES:0.5040396714853712
C_MOBILITY:0.5
C_KINGSAFETY:0.5086760971143888
C_PAWNSTRUCTURE:0.48802752685764444
C_PIECECOORDINATION:0.5
C_ROOK:0.4998318245901761
CE_ROOK:0.5113530600998158
C_CENTERCONTROL:0.49033068911574257
C_DEVELOPPIECES:0.5
C_MATERIAL:0.4813831364701919
C_MOVECOUNT:0.4999679528569607
C_PAWNMOVEMENT:0.5044198891433771
