ELO:1018
CE_PASSEDPAWNS:0.6223471007969904
CE_PAWNWEAKNESSES:0.47764216647354896
CE_PIECEACTIVITY:0.4532746546442428
CE_KINGPAWNSHIELD:0.49183312235804166
CE_PIECECOORDINATION:0.48920624099019927
CE_MATERIAL:0.42760794628061416
CE_KINGSAFETY:0.5004516492522838
C_PIECESQUARETABLES:0.50000106357528
C_MOBILITY:0.42356522858272805
C_KINGSAFETY:0.5092581349193795
C_PAWNSTRUCTURE:0.3932380365190521
C_PIECECOORDINATION:0.49931014739501983
C_ROOKANDPAWNMOVEMENT:0.49931014739501983
C_CENTERCONTROL:0.535266389797304
C_DEVELOPPIECES:0.5599605202982444
C_MATERIAL:0.4369312835707468
