ELO:1000
CE_PASSEDPAWNS:0.4730300778572566
CE_PAWNWEAKNESSES:0.4990241401266114
CE_PIECEACTIVITY:0.5061345460472945
CE_KINGPAWNSHIELD:0.48852380219367086
CE_PIECECOORDINATION:0.5432942235077425
CE_MATERIAL:0.4970284463755218
CE_KINGSAFETY:0.49398224350351316
C_PIECESQUARETABLES:0.4866209005962975
C_MOBILITY:0.4978952858066064
C_KINGSAFETY:0.5216017602024917
C_PAWNSTRUCTURE:0.5232789129283719
C_PIECECOORDINATION:0.49934750181807197
C_ROOKANDPAWNMOVEMENT:0.49934750181807197
C_CENTERCONTROL:0.525081960978406
C_DEVELOPPIECES:0.4898459491994582
C_MATERIAL:0.5052333794981871
