ELO:916
CE_PASSEDPAWNS:0.3924265922366191
CE_PAWNWEAKNESSES:0.5236157460500982
CE_PIECEACTIVITY:0.5110455874656299
CE_KINGPAWNSHIELD:0.5400700600648173
CE_PIECECOORDINATION:0.45321025661593967
CE_MATERIAL:0.410403289832612
CE_KINGSAFETY:0.4770143942666505
C_PIECESQUARETABLES:0.5096858384556493
C_MOBILITY:0.4877475944604836
C_KINGSAFETY:0.49431808922375436
C_PAWNSTRUCTURE:0.44467881282190486
C_PIECECOORDINATION:0.5213097392198378
C_ROOKANDPAWNMOVEMENT:0.5213097392198378
C_CENTERCONTROL:0.5
C_DEVELOPPIECES:0.5169172508519713
C_MATERIAL:0.4708611042762181
C_MOVECOUNT:0.5
