ELO:970
CE_PASSEDPAWNS:0.4884576016882428
CE_PAWNWEAKNESSES:0.4862116651232308
CE_PIECEACTIVITY:0.5118951254258314
CE_KINGPAWNSHIELD:0.46917785326614125
CE_PIECECOORDINATION:0.48095548216019773
CE_MATERIAL:0.4994366583603006
CE_KINGSAFETY:0.5
C_PIECESQUARETABLES:0.4984257199927818
C_MOBILITY:0.5098302544640895
C_KINGSAFETY:0.5090603827159502
C_PAWNSTRUCTURE:0.4891818034319087
C_PIECECOORDINATION:0.499190795275142
C_ROOK:0.5240035593196264
CE_ROOK:0.49806490530961434
C_CENTERCONTROL:0.4857948326497926
C_DEVELOPPIECES:0.5036139884971145
C_MATERIAL:0.4833802167815315
C_MOVECOUNT:0.49787351650611134
C_PAWNMOVEMENT:0.5135335696731932
