ELO:982
CE_PASSEDPAWNS:0.5000045609064583
CE_PAWNWEAKNESSES:0.5013862577230275
CE_PIECEACTIVITY:0.504324011079029
CE_KINGPAWNSHIELD:0.46917785326614125
CE_PIECECOORDINATION:0.48889362414065374
CE_MATERIAL:0.5116108384413586
CE_KINGSAFETY:0.5048711996525533
C_PIECESQUARETABLES:0.5
C_MOBILITY:0.5098302544640895
C_KINGSAFETY:0.512226178431542
C_PAWNSTRUCTURE:0.4891818034319087
C_PIECECOORDINATION:0.5091093975707061
C_ROOK:0.5075505980758992
CE_ROOK:0.5051504195119785
C_CENTERCONTROL:0.4857948326497926
C_DEVELOPPIECES:0.5070064616718343
C_MATERIAL:0.48640391183272114
C_MOVECOUNT:0.5084336113024965
C_PAWNMOVEMENT:0.5140901114177149
