ELO:964
CE_PASSEDPAWNS:0.4938656897092196
CE_PAWNWEAKNESSES:0.5064818065274409
CE_PIECEACTIVITY:0.4313267989450577
CE_KINGPAWNSHIELD:0.5427105351786161
CE_PIECECOORDINATION:0.5449859088256805
CE_MATERIAL:0.4519442566784548
CE_KINGSAFETY:0.49633652423497626
C_PIECESQUARETABLES:0.49295862996745204
C_MOBILITY:0.5247128817174892
C_KINGSAFETY:0.5034625138977369
C_PAWNSTRUCTURE:0.5265920246612853
C_PIECECOORDINATION:0.43961432933557576
C_ROOKANDPAWNMOVEMENT:0.43961432933557576
C_CENTERCONTROL:0.5970704560535204
C_DEVELOPPIECES:0.47525774831679674
C_MATERIAL:0.48148238755524186
