ELO:959
CE_PASSEDPAWNS:0.5296126817334676
CE_PAWNWEAKNESSES:0.48109424779659044
CE_PIECEACTIVITY:0.5134922710621629
CE_KINGPAWNSHIELD:0.478323595559188
CE_PIECECOORDINATION:0.47768084450944287
CE_MATERIAL:0.47243955679974503
CE_KINGSAFETY:0.49020388110597546
C_PIECESQUARETABLES:0.5206531521502391
C_MOBILITY:0.4963872877034729
C_KINGSAFETY:0.5024184671798441
C_PAWNSTRUCTURE:0.5172871604526788
C_PIECECOORDINATION:0.5071744498240862
C_ROOK:0.4619234639482919
CE_ROOK:0.480670608225764
C_CENTERCONTROL:0.502378345611648
C_DEVELOPPIECES:0.5113609055093058
C_MATERIAL:0.5161300872166588
C_MOVECOUNT:0.5002509980086878
C_PAWNMOVEMENT:0.5149371075925538
