ELO:1000
CE_PASSEDPAWNS:0.48099000020468075
CE_PAWNWEAKNESSES:0.543254773185496
CE_PIECEACTIVITY:0.5143433345785614
CE_KINGPAWNSHIELD:0.5362465831080363
CE_PIECECOORDINATION:0.5229375451304671
CE_MATERIAL:0.4667899044226475
CE_KINGSAFETY:0.5219850525997123
C_PIECESQUARETABLES:0.5093489651578696
C_MOBILITY:0.47236825866675336
C_KINGSAFETY:0.5101305161677672
C_PAWNSTRUCTURE:0.5010381905357528
C_PIECECOORDINATION:0.5231663051707733
C_ROOKANDPAWNMOVEMENT:0.5231663051707733
C_CENTERCONTROL:0.48671613211846027
C_DEVELOPPIECES:0.48986810920470697
C_MATERIAL:0.490239263607471
