ELO:994
CE_PASSEDPAWNS:0.50966570137195
CE_PAWNWEAKNESSES:0.5029019915603119
CE_PIECEACTIVITY:0.49289740885721633
CE_KINGPAWNSHIELD:0.5196294993040946
CE_PIECECOORDINATION:0.4960816094553516
CE_MATERIAL:0.5071995927001003
CE_KINGSAFETY:0.5040889709038006
C_PIECESQUARETABLES:0.505627260617267
C_MOBILITY:0.4937432530983621
C_KINGSAFETY:0.5062428896819059
C_PAWNSTRUCTURE:0.49749917559416074
C_PIECECOORDINATION:0.5086578858714663
C_ROOKANDPAWNMOVEMENT:0.5086578858714663
C_CENTERCONTROL:0.48691237700693535
C_DEVELOPPIECES:0.4973307415200376
C_MATERIAL:0.5123042594424585
C_MOVECOUNT:0.5
