ELO:967
CE_PASSEDPAWNS:0.5246555969367872
CE_PAWNWEAKNESSES:0.4871338239706471
CE_PIECEACTIVITY:0.529698439398014
CE_KINGPAWNSHIELD:0.479173758562018
CE_PIECECOORDINATION:0.5341870813174088
CE_MATERIAL:0.47420139004120054
CE_KINGSAFETY:0.5
C_PIECESQUARETABLES:0.5
C_MOBILITY:0.5157577603171636
C_KINGSAFETY:0.5090321380659661
C_PAWNSTRUCTURE:0.496701342524089
C_PIECECOORDINATION:0.5086778310267411
C_ROOK:0.5420329289196851
CE_ROOK:0.4901622091372423
C_CENTERCONTROL:0.46054959780480975
C_DEVELOPPIECES:0.48096738307398
C_MATERIAL:0.49870141964144243
C_MOVECOUNT:0.4937067078428488
C_PAWNMOVEMENT:0.48893630916012565
