ELO:1030
CE_PASSEDPAWNS:0.6117827401268958
CE_PAWNWEAKNESSES:0.47154640461312325
CE_PIECEACTIVITY:0.46541119950651855
CE_KINGPAWNSHIELD:0.4889540123258179
CE_PIECECOORDINATION:0.4837023013048116
CE_MATERIAL:0.43445628148748705
CE_KINGSAFETY:0.4968199014984157
C_PIECESQUARETABLES:0.4904816926211598
C_MOBILITY:0.4270751233366754
C_KINGSAFETY:0.49173617408800596
C_PAWNSTRUCTURE:0.39625456109306373
C_PIECECOORDINATION:0.47286082026472265
C_ROOKANDPAWNMOVEMENT:0.47286082026472265
C_CENTERCONTROL:0.5208037580031947
C_DEVELOPPIECES:0.5758040788459166
C_MATERIAL:0.43663886206208535
