ELO:998
CE_PASSEDPAWNS:0.4865147277724833
CE_PAWNWEAKNESSES:0.5491075943069946
CE_PIECEACTIVITY:0.5017919586708245
CE_KINGPAWNSHIELD:0.4846106267770309
CE_PIECECOORDINATION:0.5627943055700312
CE_MATERIAL:0.4885556211473936
CE_KINGSAFETY:0.4781800152754285
C_PIECESQUARETABLES:0.48472006027903214
C_MOBILITY:0.5650610745160848
C_KINGSAFETY:0.49451692483471926
C_PAWNSTRUCTURE:0.47829212420637207
C_PIECECOORDINATION:0.5214750234675991
C_ROOKANDPAWNMOVEMENT:0.5214750234675991
C_CENTERCONTROL:0.518721624710492
C_DEVELOPPIECES:0.4798441854612125
C_MATERIAL:0.46954572303720066
