ELO:806
CE_PASSEDPAWNS:0.507012886588793
CE_PAWNWEAKNESSES:0.48239360236511997
CE_PIECEACTIVITY:0.4600762168269907
CE_KINGPAWNSHIELD:0.5307867028327226
CE_PIECECOORDINATION:0.4645911214243855
CE_MATERIAL:0.4703280914970524
CE_KINGSAFETY:0.4647796687337936
C_PIECESQUARETABLES:0.4887250291925383
C_MOBILITY:0.49996594519303705
C_KINGSAFETY:0.5049669757441421
C_PAWNSTRUCTURE:0.4953473232361838
C_PIECECOORDINATION:0.4923363453694625
C_ROOKANDPAWNMOVEMENT:0.4923363453694625
C_CENTERCONTROL:0.5249567498498255
C_DEVELOPPIECES:0.5236995762678401
C_MATERIAL:0.5248789284633895
C_MOVECOUNT:0.5
