ELO:988
CE_PASSEDPAWNS:0.5156839845540195
CE_PAWNWEAKNESSES:0.5081949031981932
CE_PIECEACTIVITY:0.5115517959390631
CE_KINGPAWNSHIELD:0.4181252916846987
CE_PIECECOORDINATION:0.45760556002462505
CE_MATERIAL:0.5525623846997869
CE_KINGSAFETY:0.4949002095318386
C_PIECESQUARETABLES:0.493054855767614
C_MOBILITY:0.49306251417911273
C_KINGSAFETY:0.5077087654596292
C_PAWNSTRUCTURE:0.49015088611272395
C_PIECECOORDINATION:0.6224246103362719
C_ROOKANDPAWNMOVEMENT:0.6224246103362719
C_CENTERCONTROL:0.38961094778234084
C_DEVELOPPIECES:0.5410730682186933
C_MATERIAL:0.5866536899795093
