ELO:983
CE_PASSEDPAWNS:0.5404597946937416
CE_PAWNWEAKNESSES:0.5035150369979211
CE_PIECEACTIVITY:0.4863311895101257
CE_KINGPAWNSHIELD:0.5412496069403937
CE_PIECECOORDINATION:0.5205905839375613
CE_MATERIAL:0.4688118038821376
CE_KINGSAFETY:0.500151379075828
C_PIECESQUARETABLES:0.5
C_MOBILITY:0.48459162336036077
C_KINGSAFETY:0.4706705982065898
C_PAWNSTRUCTURE:0.5233746664521488
C_PIECECOORDINATION:0.5169102255621967
C_ROOKANDPAWNMOVEMENT:0.5169102255621967
C_CENTERCONTROL:0.48619659080848837
C_DEVELOPPIECES:0.4829959611736023
C_MATERIAL:0.5968042447507591
