ELO:981
CE_PASSEDPAWNS:0.48358995372487185
CE_PAWNWEAKNESSES:0.5008442145719318
CE_PIECEACTIVITY:0.5233475867157459
CE_KINGPAWNSHIELD:0.5042434548973316
CE_PIECECOORDINATION:0.4899431944054286
CE_MATERIAL:0.5046364505099068
CE_KINGSAFETY:0.5
C_PIECESQUARETABLES:0.5
C_MOBILITY:0.5238590158924832
C_KINGSAFETY:0.4924285356569527
C_PAWNSTRUCTURE:0.4711922678925551
C_PIECECOORDINATION:0.5021101065579818
C_ROOK:0.5213774314540252
CE_ROOK:0.49256792755627443
C_CENTERCONTROL:0.5123854650332612
C_DEVELOPPIECES:0.4895871033413186
C_MATERIAL:0.5108716385463533
C_MOVECOUNT:0.4963734013746165
C_PAWNMOVEMENT:0.5171201105317901
