ELO:945
CE_PASSEDPAWNS:0.46762423752826154
CE_PAWNWEAKNESSES:0.46573633603018105
CE_PIECEACTIVITY:0.5306162511137085
CE_KINGPAWNSHIELD:0.4122526461634515
CE_PIECECOORDINATION:0.4833695541775904
CE_MATERIAL:0.537084881824032
CE_KINGSAFETY:0.4817587420133514
C_PIECESQUARETABLES:0.5186379018337298
C_MOBILITY:0.5229720758982912
C_KINGSAFETY:0.48411687909460105
C_PAWNSTRUCTURE:0.47876380475212527
C_PIECECOORDINATION:0.48105454034171224
C_ROOKANDPAWNMOVEMENT:0.48105454034171224
C_CENTERCONTROL:0.48405383307486877
C_DEVELOPPIECES:0.5190185777708725
C_MATERIAL:0.4907588042631625
C_MOVECOUNT:0.5830418218967283
