ELO:813
CE_PASSEDPAWNS:0.5082582975076239
CE_PAWNWEAKNESSES:0.5
CE_PIECEACTIVITY:0.4704503726717623
CE_KINGPAWNSHIELD:0.5737782178203171
CE_PIECECOORDINATION:0.3989074862014775
CE_MATERIAL:0.5471167514762995
CE_KINGSAFETY:0.5
C_PIECESQUARETABLES:0.5
C_MOBILITY:0.49594291287011355
C_KINGSAFETY:0.48703490070239924
C_PAWNSTRUCTURE:0.4840678523866483
C_PIECECOORDINATION:0.47024975788305445
C_ROOKANDPAWNMOVEMENT:0.47024975788305445
C_CENTERCONTROL:0.5542210286670709
C_DEVELOPPIECES:0.49914522744289086
C_MATERIAL:0.5151910152370538
C_MOVECOUNT:0.48764433756794656
