ELO:969
CE_PASSEDPAWNS:0.5231699248844857
CE_PAWNWEAKNESSES:0.4487061786665746
CE_PIECEACTIVITY:0.5363149538084468
CE_KINGPAWNSHIELD:0.495128996985726
CE_PIECECOORDINATION:0.4900658208629906
CE_MATERIAL:0.49891784671619677
CE_KINGSAFETY:0.5049448819105373
C_PIECESQUARETABLES:0.5181216597934277
C_MOBILITY:0.4839253796856733
C_KINGSAFETY:0.5258016831974915
C_PAWNSTRUCTURE:0.49442438722498416
C_PIECECOORDINATION:0.49066472448813836
C_ROOKANDPAWNMOVEMENT:0.49066472448813836
C_CENTERCONTROL:0.5156056340539389
C_DEVELOPPIECES:0.49219181740212603
C_MATERIAL:0.5101864796673875
