ELO:890
CE_PASSEDPAWNS:0.49722304943940865
CE_PAWNWEAKNESSES:0.6807950994319807
CE_PIECEACTIVITY:0.569546924998435
CE_KINGPAWNSHIELD:0.513169558194157
CE_PIECECOORDINATION:0.5231052525171919
CE_MATERIAL:0.4667735384785438
CE_KINGSAFETY:0.5
C_PIECESQUARETABLES:0.49653769418402943
C_MOBILITY:0.4367314047138511
C_KINGSAFETY:0.41929653649464854
C_PAWNSTRUCTURE:0.5576783721530683
C_PIECECOORDINATION:0.5104416370437797
C_ROOKANDPAWNMOVEMENT:0.5104416370437797
C_CENTERCONTROL:0.6031572158244918
C_DEVELOPPIECES:0.5270594518977758
C_MATERIAL:0.4133662646134438
