ELO:988
CE_PASSEDPAWNS:0.5
CE_PAWNWEAKNESSES:0.49047815430364816
CE_PIECEACTIVITY:0.5101635342517551
CE_KINGPAWNSHIELD:0.49939460467457414
CE_PIECECOORDINATION:0.5219348516617954
CE_MATERIAL:0.4959976863347926
CE_KINGSAFETY:0.48441759601620954
C_PIECESQUARETABLES:0.5
C_MOBILITY:0.5146552919447129
C_KINGSAFETY:0.5184006438475909
C_PAWNSTRUCTURE:0.4904961323022433
C_PIECECOORDINATION:0.529275989410873
C_ROOKANDPAWNMOVEMENT:0.529275989410873
C_CENTERCONTROL:0.496054690375215
C_DEVELOPPIECES:0.5147267890245111
C_MATERIAL:0.49578315052808486
C_MOVECOUNT:0.47470301338473797
