ELO:825
CE_PASSEDPAWNS:0.4937912612867687
CE_PAWNWEAKNESSES:0.5400331474216967
CE_PIECEACTIVITY:0.5264861652262716
CE_KINGPAWNSHIELD:0.5844523916401726
CE_PIECECOORDINATION:0.41745719661408004
CE_MATERIAL:0.4541021817724086
CE_KINGSAFETY:0.5
C_PIECESQUARETABLES:0.5061932004897953
C_MOBILITY:0.6203766461222339
C_KINGSAFETY:0.45449494550552716
C_PAWNSTRUCTURE:0.4617182241454256
C_PIECECOORDINATION:0.5506273420609176
C_ROOKANDPAWNMOVEMENT:0.5506273420609176
C_CENTERCONTROL:0.5730862928262074
C_DEVELOPPIECES:0.4483595827440854
C_MATERIAL:0.5141044648817524
C_MOVECOUNT:0.45271568324198147
