ELO:994
CE_PASSEDPAWNS:0.49573448202034165
CE_PAWNWEAKNESSES:0.5491075943069946
CE_PIECEACTIVITY:0.49536260156712497
CE_KINGPAWNSHIELD:0.4846106267770309
CE_PIECECOORDINATION:0.5632680667652986
CE_MATERIAL:0.5050601336560613
CE_KINGSAFETY:0.4859144887019057
C_PIECESQUARETABLES:0.4816636616674333
C_MOBILITY:0.5532633944119685
C_KINGSAFETY:0.4862282639550547
C_PAWNSTRUCTURE:0.4786134376399072
C_PIECECOORDINATION:0.5224877383101675
C_ROOKANDPAWNMOVEMENT:0.5224877383101675
C_CENTERCONTROL:0.5052100990856205
C_DEVELOPPIECES:0.4811290165563138
C_MATERIAL:0.4553889082408028
