ELO:938
CE_PASSEDPAWNS:0.5438118920499717
CE_PAWNWEAKNESSES:0.508167785625508
CE_PIECEACTIVITY:0.4797750154017444
CE_KINGPAWNSHIELD:0.5181574776085418
CE_PIECECOORDINATION:0.5187794762372155
CE_MATERIAL:0.444514684636556
CE_KINGSAFETY:0.5
C_PIECESQUARETABLES:0.4765128702909793
C_MOBILITY:0.5081264577281069
C_KINGSAFETY:0.47799181526123036
C_PAWNSTRUCTURE:0.5373436414913394
C_PIECECOORDINATION:0.5046690874302919
C_ROOKANDPAWNMOVEMENT:0.5046690874302919
C_CENTERCONTROL:0.5132267116946192
C_DEVELOPPIECES:0.4873813718172443
C_MATERIAL:0.5840852733603203
