ELO:843
CE_PASSEDPAWNS:0.46834605729855533
CE_PAWNWEAKNESSES:0.5412439665368487
CE_PIECEACTIVITY:0.4343855950073257
CE_KINGPAWNSHIELD:0.5823947821850742
CE_PIECECOORDINATION:0.5245715556605195
CE_MATERIAL:0.37555970116281306
CE_KINGSAFETY:0.505971543895391
C_PIECESQUARETABLES:0.500867587765278
C_MOBILITY:0.5059836478413886
C_KINGSAFETY:0.4966336730291802
C_PAWNSTRUCTURE:0.415640614328691
C_PIECECOORDINATION:0.5111367113867974
C_ROOKANDPAWNMOVEMENT:0.5111367113867974
C_CENTERCONTROL:0.3481507551414985
C_DEVELOPPIECES:0.5317202198070677
C_MATERIAL:0.5386518161260241
