ELO:988
CE_PASSEDPAWNS:0.5413539471620237
CE_PAWNWEAKNESSES:0.5164465322056282
CE_PIECEACTIVITY:0.49668299017931605
CE_KINGPAWNSHIELD:0.5483070508698386
CE_PIECECOORDINATION:0.5258450146666931
CE_MATERIAL:0.44897366160657143
CE_KINGSAFETY:0.5348266841919274
C_PIECESQUARETABLES:0.5390348911345183
C_MOBILITY:0.48459162336036077
C_KINGSAFETY:0.49086119694392116
C_PAWNSTRUCTURE:0.5374642023166096
C_PIECECOORDINATION:0.5214037651527316
C_ROOKANDPAWNMOVEMENT:0.5214037651527316
C_CENTERCONTROL:0.49646745522595764
C_DEVELOPPIECES:0.4963901583364664
C_MATERIAL:0.6048996471381745
