ELO:965
CE_PASSEDPAWNS:0.49519757172869217
CE_PAWNWEAKNESSES:0.49131303308891233
CE_PIECEACTIVITY:0.5408049927323592
CE_KINGPAWNSHIELD:0.486997593183983
CE_PIECECOORDINATION:0.48334023716242586
CE_MATERIAL:0.4854918877608375
CE_KINGSAFETY:0.5186137279494777
C_PIECESQUARETABLES:0.48885506445652627
C_MOBILITY:0.49155467991055535
C_KINGSAFETY:0.5088986470564598
C_PAWNSTRUCTURE:0.4761419465236471
C_PIECECOORDINATION:0.5327678771016947
C_ROOKANDPAWNMOVEMENT:0.5327678771016947
C_CENTERCONTROL:0.4793588596740002
C_DEVELOPPIECES:0.5
C_MATERIAL:0.48913907884372354
C_MOVECOUNT:0.4871131282620246
