ELO:1018
CE_PASSEDPAWNS:0.5
CE_PAWNWEAKNESSES:0.5
CE_PIECEACTIVITY:0.5
CE_KINGPAWNSHIELD:0.5058945382993332
CE_PIECECOORDINATION:0.48927167370381364
CE_MATERIAL:0.4978781506464017
CE_KINGSAFETY:0.5
C_PIECESQUARETABLES:0.5
C_MOBILITY:0.512423095812527
C_KINGSAFETY:0.5
C_PAWNSTRUCTURE:0.4945226291665045
C_PIECECOORDINATION:0.5112028862933908
C_ROOKANDPAWNMOVEMENT:0.5112028862933908
C_CENTERCONTROL:0.5
C_DEVELOPPIECES:0.5
C_MATERIAL:0.5
C_MOVECOUNT:0.49572257300065303
