ELO:1002
CE_PASSEDPAWNS:0.6213463202405859
CE_PAWNWEAKNESSES:0.4451403294966356
CE_PIECEACTIVITY:0.4884532879100556
CE_KINGPAWNSHIELD:0.4711806715640217
CE_PIECECOORDINATION:0.47578395776021304
CE_MATERIAL:0.43760220313235854
CE_KINGSAFETY:0.4936810590225447
C_PIECESQUARETABLES:0.520978103762598
C_MOBILITY:0.4584978431865875
C_KINGSAFETY:0.5264975496265539
C_PAWNSTRUCTURE:0.4020180743158771
C_PIECECOORDINATION:0.47128950099416256
C_ROOKANDPAWNMOVEMENT:0.47128950099416256
C_CENTERCONTROL:0.5377560668536877
C_DEVELOPPIECES:0.5879586012445367
C_MATERIAL:0.43601760919579363
