ELO:919
CE_PASSEDPAWNS:0.5180550379353175
CE_PAWNWEAKNESSES:0.4878714993982973
CE_PIECEACTIVITY:0.4723389079318348
CE_KINGPAWNSHIELD:0.5255196381690654
CE_PIECECOORDINATION:0.4698635319468564
CE_MATERIAL:0.5096548634401504
CE_KINGSAFETY:0.45635715559628376
C_PIECESQUARETABLES:0.5074050852208982
C_MOBILITY:0.48121361650728833
C_KINGSAFETY:0.5133393743903588
C_PAWNSTRUCTURE:0.498314815039908
C_PIECECOORDINATION:0.48063137899689373
C_ROOKANDPAWNMOVEMENT:0.48063137899689373
C_CENTERCONTROL:0.5224416660081785
C_DEVELOPPIECES:0.5124240479615771
C_MATERIAL:0.5106472803941267
C_MOVECOUNT:0.5
