ELO:1007
CE_PASSEDPAWNS:0.6253919352585248
CE_PAWNWEAKNESSES:0.46079840593164356
CE_PIECEACTIVITY:0.513058052333254
CE_KINGPAWNSHIELD:0.48015726976678547
CE_PIECECOORDINATION:0.47624909545825306
CE_MATERIAL:0.42183513153712504
CE_KINGSAFETY:0.49121951642433387
C_PIECESQUARETABLES:0.5155229314501835
C_MOBILITY:0.4393316372004358
C_KINGSAFETY:0.529669833329467
C_PAWNSTRUCTURE:0.39775230247130855
C_PIECECOORDINATION:0.46864642009861784
C_ROOKANDPAWNMOVEMENT:0.46864642009861784
C_CENTERCONTROL:0.5479121644709916
C_DEVELOPPIECES:0.5721600940431408
C_MATERIAL:0.4311592690152475
