ELO:970
CE_PASSEDPAWNS:0.4884576016882428
CE_PAWNWEAKNESSES:0.4926487121454197
CE_PIECEACTIVITY:0.5196139538693744
CE_KINGPAWNSHIELD:0.4715415194144518
CE_PIECECOORDINATION:0.48095548216019773
CE_MATERIAL:0.4994366583603006
CE_KINGSAFETY:0.5076763173127388
C_PIECESQUARETABLES:0.4915359778605687
C_MOBILITY:0.5029927030373684
C_KINGSAFETY:0.5090603827159502
C_PAWNSTRUCTURE:0.4803321209134694
C_PIECECOORDINATION:0.499190795275142
C_ROOK:0.5179946077501754
CE_ROOK:0.49806490530961434
C_CENTERCONTROL:0.4771015879775721
C_DEVELOPPIECES:0.5036139884971145
C_MATERIAL:0.49532367621282936
C_MOVECOUNT:0.49787351650611134
C_PAWNMOVEMENT:0.5176884660877674
