ELO:981
CE_PASSEDPAWNS:0.4957153292287771
CE_PAWNWEAKNESSES:0.5100438176524247
CE_PIECEACTIVITY:0.5241675687754141
CE_KINGPAWNSHIELD:0.49706906107671456
CE_PIECECOORDINATION:0.48287711891478974
CE_MATERIAL:0.5021127531781417
CE_KINGSAFETY:0.5
C_PIECESQUARETABLES:0.5
C_MOBILITY:0.54387804628315
C_KINGSAFETY:0.500317990489611
C_PAWNSTRUCTURE:0.4922682083791488
C_PIECECOORDINATION:0.5205508551636676
C_ROOK:0.5103960963287268
CE_ROOK:0.5073904333055989
C_CENTERCONTROL:0.492647916341436
C_DEVELOPPIECES:0.48096738307398
C_MATERIAL:0.49384033658543436
C_MOVECOUNT:0.48943283416139155
C_PAWNMOVEMENT:0.5297206060621521
