ELO:931
CE_PASSEDPAWNS:0.46489976421303575
CE_PAWNWEAKNESSES:0.5264912506400571
CE_PIECEACTIVITY:0.4002634592007079
CE_KINGPAWNSHIELD:0.5607734956254856
CE_PIECECOORDINATION:0.5647959267786706
CE_MATERIAL:0.45339002044922916
CE_KINGSAFETY:0.5093783323289178
C_PIECESQUARETABLES:0.5023304677669532
C_MOBILITY:0.5424178701752965
C_KINGSAFETY:0.45377579410243035
C_PAWNSTRUCTURE:0.5343268785260161
C_PIECECOORDINATION:0.4153302134920684
C_ROOKANDPAWNMOVEMENT:0.4153302134920684
C_CENTERCONTROL:0.5885923235714338
C_DEVELOPPIECES:0.4860197964802542
C_MATERIAL:0.5436615789651471
