ELO:972
CE_PASSEDPAWNS:0.4957153292287771
CE_PAWNWEAKNESSES:0.48729823196551075
CE_PIECEACTIVITY:0.5241675687754141
CE_KINGPAWNSHIELD:0.4596300694798048
CE_PIECECOORDINATION:0.4981172965173857
CE_MATERIAL:0.5021127531781417
CE_KINGSAFETY:0.5
C_PIECESQUARETABLES:0.5
C_MOBILITY:0.54387804628315
C_KINGSAFETY:0.500317990489611
C_PAWNSTRUCTURE:0.4922682083791488
C_PIECECOORDINATION:0.5372358219386494
C_ROOK:0.5103960963287268
CE_ROOK:0.5073904333055989
C_CENTERCONTROL:0.492647916341436
C_DEVELOPPIECES:0.48150149913570944
C_MATERIAL:0.4638291970961701
C_MOVECOUNT:0.5317895256243793
C_PAWNMOVEMENT:0.48893630916012565
