ELO:987
CE_PASSEDPAWNS:0.5055145788900314
CE_PAWNWEAKNESSES:0.5091234997708254
CE_PIECEACTIVITY:0.49956210189198547
CE_KINGPAWNSHIELD:0.5036095541973236
CE_PIECECOORDINATION:0.4992806993776616
CE_MATERIAL:0.5146128068313072
CE_KINGSAFETY:0.5046590736704347
C_PIECESQUARETABLES:0.5
C_MOBILITY:0.5061253283438792
C_KINGSAFETY:0.46896010187621995
C_PAWNSTRUCTURE:0.4967347282609879
C_PIECECOORDINATION:0.5073973372084001
C_ROOKANDPAWNMOVEMENT:0.5073973372084001
C_CENTERCONTROL:0.49934956245227424
C_DEVELOPPIECES:0.5119106161300131
C_MATERIAL:0.5096011067097793
C_MOVECOUNT:0.4923160529812021
