ELO:1000
CE_PASSEDPAWNS:0.5080588338708861
CE_PAWNWEAKNESSES:0.49211762410793813
CE_PIECEACTIVITY:0.5011459119766457
CE_KINGPAWNSHIELD:0.5
CE_PIECECOORDINATION:0.48836089120549664
CE_MATERIAL:0.5011882206862669
CE_KINGSAFETY:0.5
C_PIECESQUARETABLES:0.4997614235625628
C_MOBILITY:0.5
C_KINGSAFETY:0.49031388991949554
C_PAWNSTRUCTURE:0.5
C_PIECECOORDINATION:0.5
C_ROOKANDPAWNMOVEMENT:0.5
C_CENTERCONTROL:0.5
C_DEVELOPPIECES:0.5052209718085984
C_MATERIAL:0.5
C_MOVECOUNT:0.5
