ELO:969
CE_PASSEDPAWNS:0.5246555969367872
CE_PAWNWEAKNESSES:0.5005333833098354
CE_PIECEACTIVITY:0.529698439398014
CE_KINGPAWNSHIELD:0.479173758562018
CE_PIECECOORDINATION:0.45076617077422243
CE_MATERIAL:0.48442699550589635
CE_KINGSAFETY:0.5
C_PIECESQUARETABLES:0.5
C_MOBILITY:0.5157577603171636
C_KINGSAFETY:0.5117743741934295
C_PAWNSTRUCTURE:0.4983115944077633
C_PIECECOORDINATION:0.5013570459404944
C_ROOK:0.5420329289196851
CE_ROOK:0.49093405599296497
C_CENTERCONTROL:0.4872338985556909
C_DEVELOPPIECES:0.48420057129119176
C_MATERIAL:0.49803134493088713
C_MOVECOUNT:0.5224622593974803
C_PAWNMOVEMENT:0.48893630916012565
