ELO:988
CE_PASSEDPAWNS:0.489087324765298
CE_PAWNWEAKNESSES:0.4815019874223021
CE_PIECEACTIVITY:0.49444572112506174
CE_KINGPAWNSHIELD:0.5039398357244769
CE_PIECECOORDINATION:0.46561777677974975
CE_MATERIAL:0.501887960075651
CE_KINGSAFETY:0.5
C_PIECESQUARETABLES:0.5025572643088461
C_MOBILITY:0.4995916696924098
C_KINGSAFETY:0.506088945844353
C_PAWNSTRUCTURE:0.5068624589274534
C_PIECECOORDINATION:0.5177875833416671
C_ROOKANDPAWNMOVEMENT:0.5177875833416671
C_CENTERCONTROL:0.4875024975276746
C_DEVELOPPIECES:0.48401097448909813
C_MATERIAL:0.4886161362867841
C_MOVECOUNT:0.5
