ELO:958
CE_PASSEDPAWNS:0.5990810931714251
CE_PAWNWEAKNESSES:0.5370262480693911
CE_PIECEACTIVITY:0.47136653516782795
CE_KINGPAWNSHIELD:0.6298690569589019
CE_PIECECOORDINATION:0.5957144604675697
CE_MATERIAL:0.5954574469548259
CE_KINGSAFETY:0.47891938744367524
C_PIECESQUARETABLES:0.49793874772889174
C_MOBILITY:0.5690997868049475
C_KINGSAFETY:0.475748407029689
C_PAWNSTRUCTURE:0.4903468518419207
C_PIECECOORDINATION:0.2677244140368904
C_ROOKANDPAWNMOVEMENT:0.2677244140368904
C_CENTERCONTROL:0.5283052805274752
C_DEVELOPPIECES:0.4666973255121297
C_MATERIAL:0.6402263010544132
