ELO:945
CE_PASSEDPAWNS:0.4901286462878376
CE_PAWNWEAKNESSES:0.5018346446300926
CE_PIECEACTIVITY:0.4467417237684132
CE_KINGPAWNSHIELD:0.5286481649073028
CE_PIECECOORDINATION:0.5579442372735929
CE_MATERIAL:0.48807299740702553
CE_KINGSAFETY:0.4712456957775475
C_PIECESQUARETABLES:0.486467705609889
C_MOBILITY:0.5019730858439417
C_KINGSAFETY:0.5201195819034756
C_PAWNSTRUCTURE:0.4545341218368639
C_PIECECOORDINATION:0.5489352017911174
C_ROOKANDPAWNMOVEMENT:0.5489352017911174
C_CENTERCONTROL:0.5006096122645124
C_DEVELOPPIECES:0.5273763157717143
C_MATERIAL:0.49030528847823274
C_MOVECOUNT:0.5063252577215663
