ELO:991
CE_PASSEDPAWNS:0.5079014942980483
CE_PAWNWEAKNESSES:0.5106856098643058
CE_PIECEACTIVITY:0.5104224081437683
CE_KINGPAWNSHIELD:0.5427856753770671
CE_PIECECOORDINATION:0.5152496879381099
CE_MATERIAL:0.46810114502943995
CE_KINGSAFETY:0.509344497221325
C_PIECESQUARETABLES:0.4829237068842167
C_MOBILITY:0.457029322913528
C_KINGSAFETY:0.486981772132026
C_PAWNSTRUCTURE:0.5329733070665159
C_PIECECOORDINATION:0.5106244252244195
C_ROOKANDPAWNMOVEMENT:0.5106244252244195
C_CENTERCONTROL:0.5020478193772006
C_DEVELOPPIECES:0.4872436600028794
C_MATERIAL:0.5134742804851476
