ELO:1000
CE_PASSEDPAWNS:0.5071135409864272
CE_PAWNWEAKNESSES:0.4905397954986958
CE_PIECEACTIVITY:0.5092865535268923
CE_KINGPAWNSHIELD:0.5017611113592972
CE_PIECECOORDINATION:0.5
CE_MATERIAL:0.5
CE_KINGSAFETY:0.5106231648120269
C_PIECESQUARETABLES:0.4981414166304204
C_MOBILITY:0.49344984953508664
C_KINGSAFETY:0.49169628801620385
C_PAWNSTRUCTURE:0.5073409919798835
C_PIECECOORDINATION:0.5
C_ROOKANDPAWNMOVEMENT:0.5
C_CENTERCONTROL:0.49409187218975287
C_DEVELOPPIECES:0.511727926894856
C_MATERIAL:0.5
C_MOVECOUNT:0.5
