ELO:987
CE_PASSEDPAWNS:0.5743441529504106
CE_PAWNWEAKNESSES:0.46064769913670645
CE_PIECEACTIVITY:0.5228992409698683
CE_KINGPAWNSHIELD:0.4966227039762961
CE_PIECECOORDINATION:0.4312292794354249
CE_MATERIAL:0.511850974350803
CE_KINGSAFETY:0.4984225770253392
C_PIECESQUARETABLES:0.498810234150266
C_MOBILITY:0.4695399285267739
C_KINGSAFETY:0.4909240953963923
C_PAWNSTRUCTURE:0.4759718345866003
C_PIECECOORDINATION:0.4165484019984
C_ROOKANDPAWNMOVEMENT:0.4165484019984
C_CENTERCONTROL:0.5131163323821477
C_DEVELOPPIECES:0.41285990852780613
C_MATERIAL:0.45479771776568045
