ELO:946
CE_PASSEDPAWNS:0.541499746361488
CE_PAWNWEAKNESSES:0.4394900568536239
CE_PIECEACTIVITY:0.5272267206929017
CE_KINGPAWNSHIELD:0.4699448292568289
CE_PIECECOORDINATION:0.46805407355835077
CE_MATERIAL:0.46147490683129305
CE_KINGSAFETY:0.5114672506615309
C_PIECESQUARETABLES:0.47993643387225976
C_MOBILITY:0.5041575812990435
C_KINGSAFETY:0.46231089613580306
C_PAWNSTRUCTURE:0.45045338965784665
C_PIECECOORDINATION:0.38097706576239987
C_ROOKANDPAWNMOVEMENT:0.38097706576239987
C_CENTERCONTROL:0.49739308404414456
C_DEVELOPPIECES:0.3816512307374812
C_MATERIAL:0.40167011392911167
