ELO:815
CE_PASSEDPAWNS:0.5052353911896261
CE_PAWNWEAKNESSES:0.5268696186540887
CE_PIECEACTIVITY:0.5069088537401675
CE_KINGPAWNSHIELD:0.5298832610937019
CE_PIECECOORDINATION:0.4973508828834849
CE_MATERIAL:0.4449139405420574
CE_KINGSAFETY:0.47452396398777996
C_PIECESQUARETABLES:0.5545689889190837
C_MOBILITY:0.4240915070910681
C_KINGSAFETY:0.4577487304791351
C_PAWNSTRUCTURE:0.5637566543465182
C_PIECECOORDINATION:0.5121766820876598
C_ROOKANDPAWNMOVEMENT:0.5121766820876598
C_CENTERCONTROL:0.4846097557138816
C_DEVELOPPIECES:0.48969680188081144
C_MATERIAL:0.4770240667928128
C_MOVECOUNT:0.5
