ELO:994
CE_PASSEDPAWNS:0.556695615079236
CE_PAWNWEAKNESSES:0.47671388057897307
CE_PIECEACTIVITY:0.5830502753168965
CE_KINGPAWNSHIELD:0.41423571322930997
CE_PIECECOORDINATION:0.49450172521703395
CE_MATERIAL:0.5561845079137773
CE_KINGSAFETY:0.5189221729423048
C_PIECESQUARETABLES:0.5097885894311978
C_MOBILITY:0.4750288176687128
C_KINGSAFETY:0.5122393280205892
C_PAWNSTRUCTURE:0.46072259414735256
C_PIECECOORDINATION:0.5187842570166018
C_ROOKANDPAWNMOVEMENT:0.5187842570166018
C_CENTERCONTROL:0.47146060911159465
C_DEVELOPPIECES:0.5614265298492183
C_MATERIAL:0.6038129590319162
