ELO:1013
CE_PASSEDPAWNS:0.5
CE_PAWNWEAKNESSES:0.5043793490079057
CE_PIECEACTIVITY:0.4949129487326603
CE_KINGPAWNSHIELD:0.5
CE_PIECECOORDINATION:0.4687173842898013
CE_MATERIAL:0.495816290525052
CE_KINGSAFETY:0.5
C_PIECESQUARETABLES:0.5
C_MOBILITY:0.5
C_KINGSAFETY:0.49270106809588543
C_PAWNSTRUCTURE:0.5402429035349409
C_PIECECOORDINATION:0.49301265667327765
C_ROOKANDPAWNMOVEMENT:0.49301265667327765
C_CENTERCONTROL:0.4993659115264845
C_DEVELOPPIECES:0.5
C_MATERIAL:0.5
C_MOVECOUNT:0.5
