ELO:938
CE_PASSEDPAWNS:0.5568094814933642
CE_PAWNWEAKNESSES:0.4411520087179256
CE_PIECEACTIVITY:0.5269140813215728
CE_KINGPAWNSHIELD:0.45793302305930245
CE_PIECECOORDINATION:0.44770327677288857
CE_MATERIAL:0.47588342782959053
CE_KINGSAFETY:0.5281180251594598
C_PIECESQUARETABLES:0.48564962245115556
C_MOBILITY:0.49821963684870196
C_KINGSAFETY:0.4660790258565865
C_PAWNSTRUCTURE:0.442575427241866
C_PIECECOORDINATION:0.3859253614032029
C_ROOKANDPAWNMOVEMENT:0.3859253614032029
C_CENTERCONTROL:0.49446909939405326
C_DEVELOPPIECES:0.3876418535950223
C_MATERIAL:0.39269247455593503
