ELO:959
CE_PASSEDPAWNS:0.503511605165555
CE_PAWNWEAKNESSES:0.5045355297495779
CE_PIECEACTIVITY:0.48763284216015
CE_KINGPAWNSHIELD:0.516091083014728
CE_PIECECOORDINATION:0.4757463776820824
CE_MATERIAL:0.4826838666961119
CE_KINGSAFETY:0.5
C_PIECESQUARETABLES:0.49777039551810937
C_MOBILITY:0.4866413833455822
C_KINGSAFETY:0.49172728510401803
C_PAWNSTRUCTURE:0.5055971456287527
C_PIECECOORDINATION:0.4825210840200149
C_ROOK:0.5385554836093609
CE_ROOK:0.49701073797318546
C_CENTERCONTROL:0.5040083367020518
C_DEVELOPPIECES:0.5120183223859838
C_MATERIAL:0.5115603105752775
C_MOVECOUNT:0.5142090219497067
C_PAWNMOVEMENT:0.49390872609161973
