ELO:963
CE_PASSEDPAWNS:0.49092692854323294
CE_PAWNWEAKNESSES:0.5058865921332392
CE_PIECEACTIVITY:0.48763284216015
CE_KINGPAWNSHIELD:0.5062264147866555
CE_PIECECOORDINATION:0.4878461383015903
CE_MATERIAL:0.49121528867582215
CE_KINGSAFETY:0.5
C_PIECESQUARETABLES:0.49777039551810937
C_MOBILITY:0.49871415678147246
C_KINGSAFETY:0.4814547606361681
C_PAWNSTRUCTURE:0.5200473333818763
C_PIECECOORDINATION:0.4926485138893363
C_ROOK:0.5369380294257
CE_ROOK:0.5110201141381533
C_CENTERCONTROL:0.5040083367020518
C_DEVELOPPIECES:0.5131633599350338
C_MATERIAL:0.5115603105752775
C_MOVECOUNT:0.5198967412310034
C_PAWNMOVEMENT:0.503764076759108
