ELO:895
CE_PASSEDPAWNS:0.48985698698058294
CE_PAWNWEAKNESSES:0.5069969805276402
CE_PIECEACTIVITY:0.4970531779926877
CE_KINGPAWNSHIELD:0.5275551241114012
CE_PIECECOORDINATION:0.47986890398437454
CE_MATERIAL:0.5085858324174506
CE_KINGSAFETY:0.49296201853140703
C_PIECESQUARETABLES:0.5066318251107856
C_MOBILITY:0.4704901762200177
C_KINGSAFETY:0.4386567197657285
C_PAWNSTRUCTURE:0.5718145645911036
C_PIECECOORDINATION:0.45271447510022944
C_ROOK:0.556830813113332
CE_ROOK:0.4697899392816318
C_CENTERCONTROL:0.49323143119945617
C_DEVELOPPIECES:0.4871409499358565
C_MATERIAL:0.5129534122232179
C_MOVECOUNT:0.47961926266835997
C_PAWNMOVEMENT:0.4609120966586388
