ELO:1000
CE_PASSEDPAWNS:0.5432497337341897
CE_PAWNWEAKNESSES:0.47233709607049007
CE_PIECEACTIVITY:0.5202641848142298
CE_KINGPAWNSHIELD:0.4807604210205928
CE_PIECECOORDINATION:0.4496457039764356
CE_MATERIAL:0.5110843413917371
CE_KINGSAFETY:0.503229293252323
C_PIECESQUARETABLES:0.5028334811455084
C_MOBILITY:0.448981413588329
C_KINGSAFETY:0.5154149686528515
C_PAWNSTRUCTURE:0.41773774172014905
C_PIECECOORDINATION:0.4253897082863046
C_ROOKANDPAWNMOVEMENT:0.4253897082863046
C_CENTERCONTROL:0.4907640065599613
C_DEVELOPPIECES:0.403161311732356
C_MATERIAL:0.4760761571289688
