ELO:995
CE_PASSEDPAWNS:0.4924119406395649
CE_PAWNWEAKNESSES:0.4964244324797094
CE_PIECEACTIVITY:0.5006278820473228
CE_KINGPAWNSHIELD:0.5125559363687591
CE_PIECECOORDINATION:0.5
CE_MATERIAL:0.4943836773059559
CE_KINGSAFETY:0.5
C_PIECESQUARETABLES:0.5117249326078718
C_MOBILITY:0.5123873427071012
C_KINGSAFETY:0.4947313143182619
C_PAWNSTRUCTURE:0.5268247010392757
C_PIECECOORDINATION:0.4968572618126164
C_ROOKANDPAWNMOVEMENT:0.4968572618126164
C_CENTERCONTROL:0.5
C_DEVELOPPIECES:0.4923485574974515
C_MATERIAL:0.5030459034767049
