ELO:908
CE_PASSEDPAWNS:0.48280472666914054
CE_PAWNWEAKNESSES:0.49367559855103227
CE_PIECEACTIVITY:0.4950622247506949
CE_KINGPAWNSHIELD:0.5393409385212946
CE_PIECECOORDINATION:0.4865671696252483
CE_MATERIAL:0.49903266291818055
CE_KINGSAFETY:0.5
C_PIECESQUARETABLES:0.4847067090143238
C_MOBILITY:0.4711973596699665
C_KINGSAFETY:0.4639376517720615
C_PAWNSTRUCTURE:0.5576394169478032
C_PIECECOORDINATION:0.4334189137181193
C_ROOK:0.5599241325244096
CE_ROOK:0.47224127882448197
C_CENTERCONTROL:0.4858679852107473
C_DEVELOPPIECES:0.5002332835689517
C_MATERIAL:0.5078620907984073
C_MOVECOUNT:0.5020081671925221
C_PAWNMOVEMENT:0.4746631436800785
