ELO:1011
CE_PASSEDPAWNS:0.4855100821958456
CE_PAWNWEAKNESSES:0.49320325855623404
CE_PIECEACTIVITY:0.5
CE_KINGPAWNSHIELD:0.5041017641287812
CE_PIECECOORDINATION:0.49878904228970966
CE_MATERIAL:0.5
CE_KINGSAFETY:0.511777403877695
C_PIECESQUARETABLES:0.5
C_MOBILITY:0.5
C_KINGSAFETY:0.5083238295042869
C_PAWNSTRUCTURE:0.5060542573520026
C_PIECECOORDINATION:0.49758975002071637
C_ROOK:0.5127950212326347
CE_ROOK:0.48754444931252894
C_CENTERCONTROL:0.5
C_DEVELOPPIECES:0.5
C_MATERIAL:0.4792232024071598
C_MOVECOUNT:0.5
C_PAWNMOVEMENT:0.5
