ELO:993
CE_PASSEDPAWNS:0.5049862258767251
CE_PAWNWEAKNESSES:0.4960287949802879
CE_PIECEACTIVITY:0.49091765915685487
CE_KINGPAWNSHIELD:0.5021735632967658
CE_PIECECOORDINATION:0.49257642280129504
CE_MATERIAL:0.48334981731956256
CE_KINGSAFETY:0.5039529685726148
C_PIECESQUARETABLES:0.5010440778259426
C_MOBILITY:0.5021212798997133
C_KINGSAFETY:0.505423796006922
C_PAWNSTRUCTURE:0.5170863107158039
C_PIECECOORDINATION:0.48825994617718416
C_ROOKANDPAWNMOVEMENT:0.48825994617718416
C_CENTERCONTROL:0.4788039330858914
C_DEVELOPPIECES:0.5157786319218556
C_MATERIAL:0.5
C_MOVECOUNT:0.5
