ELO:1043
CE_PASSEDPAWNS:0.4392000282307845
CE_PAWNWEAKNESSES:0.4668812395734652
CE_PIECEACTIVITY:0.4864085267120998
CE_KINGPAWNSHIELD:0.47702487973764923
CE_PIECECOORDINATION:0.5311500895265306
CE_MATERIAL:0.41329318724532976
CE_KINGSAFETY:0.5161044875314028
C_PIECESQUARETABLES:0.527854826703155
C_MOBILITY:0.5362650035944944
C_KINGSAFETY:0.473762812550486
C_PAWNSTRUCTURE:0.4428175300413875
C_PIECECOORDINATION:0.4462762119359437
C_ROOKANDPAWNMOVEMENT:0.4462762119359437
C_CENTERCONTROL:0.5156990834387783
C_DEVELOPPIECES:0.46582298746347844
C_MATERIAL:0.40683436556506786
