ELO:947
CE_PASSEDPAWNS:0.5502215956128993
CE_PAWNWEAKNESSES:0.4394900568536239
CE_PIECEACTIVITY:0.5269140813215728
CE_KINGPAWNSHIELD:0.45105682976470657
CE_PIECECOORDINATION:0.4549963527191611
CE_MATERIAL:0.4719895381117072
CE_KINGSAFETY:0.5114672506615309
C_PIECESQUARETABLES:0.47993643387225976
C_MOBILITY:0.5041575812990435
C_KINGSAFETY:0.46231089613580306
C_PAWNSTRUCTURE:0.45045338965784665
C_PIECECOORDINATION:0.38228229861513
C_ROOKANDPAWNMOVEMENT:0.38228229861513
C_CENTERCONTROL:0.49739308404414456
C_DEVELOPPIECES:0.38671399144816865
C_MATERIAL:0.40167011392911167
