ELO:999
CE_PASSEDPAWNS:0.5698856767033187
CE_PAWNWEAKNESSES:0.4707913718181848
CE_PIECEACTIVITY:0.5327548248055372
CE_KINGPAWNSHIELD:0.4837394060105396
CE_PIECECOORDINATION:0.44061718167390895
CE_MATERIAL:0.5023559098042044
CE_KINGSAFETY:0.4928087475328829
C_PIECESQUARETABLES:0.5267667222664083
C_MOBILITY:0.48026984593982136
C_KINGSAFETY:0.5174926797583741
C_PAWNSTRUCTURE:0.42569603869259076
C_PIECECOORDINATION:0.40901989254785465
C_ROOKANDPAWNMOVEMENT:0.40901989254785465
C_CENTERCONTROL:0.5089622768392397
C_DEVELOPPIECES:0.3927373235649997
C_MATERIAL:0.47329105119095444
