ELO:726
CE_PASSEDPAWNS:0.5152042713518099
CE_PAWNWEAKNESSES:0.4527352883854762
CE_PIECEACTIVITY:0.4871707757881522
CE_KINGPAWNSHIELD:0.5791126786549583
CE_PIECECOORDINATION:0.44601641917947826
CE_MATERIAL:0.5777951254919506
CE_KINGSAFETY:0.5040821103043712
C_PIECESQUARETABLES:0.49141121614131333
C_MOBILITY:0.4589726297894674
C_KINGSAFETY:0.51708300558913
C_PAWNSTRUCTURE:0.4782628148187366
C_PIECECOORDINATION:0.5768719183593026
C_ROOKANDPAWNMOVEMENT:0.5768719183593026
C_CENTERCONTROL:0.45202658481971847
C_DEVELOPPIECES:0.5641039760307153
C_MATERIAL:0.5237242087735429
C_MOVECOUNT:0.4949249953792015
