ELO:924
CE_PASSEDPAWNS:0.48633625405016795
CE_PAWNWEAKNESSES:0.5142812672448918
CE_PIECEACTIVITY:0.4908805915827971
CE_KINGPAWNSHIELD:0.5116505545635496
CE_PIECECOORDINATION:0.46899601668632807
CE_MATERIAL:0.5167629218558811
CE_KINGSAFETY:0.4667002353347895
C_PIECESQUARETABLES:0.5023186530542652
C_MOBILITY:0.4717544962678794
C_KINGSAFETY:0.44984887158965037
C_PAWNSTRUCTURE:0.5648014714156595
C_PIECECOORDINATION:0.43653928886762194
C_ROOK:0.5706045208621927
CE_ROOK:0.46803600289111486
C_CENTERCONTROL:0.49972646810752946
C_DEVELOPPIECES:0.4974077556398156
C_MATERIAL:0.4920362378548747
C_MOVECOUNT:0.46991630305325344
C_PAWNMOVEMENT:0.4530896798065884
