ELO:1000
CE_PASSEDPAWNS:0.5380061859003783
CE_PAWNWEAKNESSES:0.5713444361807091
CE_PIECEACTIVITY:0.49820612303332085
CE_KINGPAWNSHIELD:0.49891987606546634
CE_PIECECOORDINATION:0.5004954553161884
CE_MATERIAL:0.5006604446279403
CE_KINGSAFETY:0.5
C_PIECESQUARETABLES:0.5
C_MOBILITY:0.5648899866899978
C_KINGSAFETY:0.4939436496850581
C_PAWNSTRUCTURE:0.5425820036747518
C_PIECECOORDINATION:0.5241281800636823
C_ROOKANDPAWNMOVEMENT:0.5241281800636823
C_CENTERCONTROL:0.4844601571675427
C_DEVELOPPIECES:0.49831692366079156
C_MATERIAL:0.5566863291822467
