ELO:940
CE_PASSEDPAWNS:0.49807820311183426
CE_PAWNWEAKNESSES:0.4974415179813617
CE_PIECEACTIVITY:0.49877706605158173
CE_KINGPAWNSHIELD:0.5032789657122974
CE_PIECECOORDINATION:0.5010590197573082
CE_MATERIAL:0.48072097614813913
CE_KINGSAFETY:0.49822745218431325
C_PIECESQUARETABLES:0.5116698020323128
C_MOBILITY:0.5087655154796472
C_KINGSAFETY:0.5017218100436251
C_PAWNSTRUCTURE:0.5119753933859726
C_PIECECOORDINATION:0.4942324019010285
C_ROOKANDPAWNMOVEMENT:0.4942324019010285
C_CENTERCONTROL:0.4943117246207236
C_DEVELOPPIECES:0.47576353545752303
C_MATERIAL:0.48280042825114733
C_MOVECOUNT:0.47733863448812053
