ELO:1000
CE_PASSEDPAWNS:0.5380061859003783
CE_PAWNWEAKNESSES:0.5726284066891262
CE_PIECEACTIVITY:0.49172144819201513
CE_KINGPAWNSHIELD:0.48882132281520896
CE_PIECECOORDINATION:0.5004954553161884
CE_MATERIAL:0.509603302489046
CE_KINGSAFETY:0.5348578567065919
C_PIECESQUARETABLES:0.5068689064877073
C_MOBILITY:0.5648899866899978
C_KINGSAFETY:0.4986111349912711
C_PAWNSTRUCTURE:0.55292308955466
C_PIECECOORDINATION:0.5266570437438594
C_ROOKANDPAWNMOVEMENT:0.5266570437438594
C_CENTERCONTROL:0.4857955372664185
C_DEVELOPPIECES:0.4971170384287728
C_MATERIAL:0.5598481947069077
