ELO:894
CE_PASSEDPAWNS:0.48653507443024874
CE_PAWNWEAKNESSES:0.49367559855103227
CE_PIECEACTIVITY:0.4950622247506949
CE_KINGPAWNSHIELD:0.5280413962473922
CE_PIECECOORDINATION:0.4865671696252483
CE_MATERIAL:0.5003854063193851
CE_KINGSAFETY:0.5031255405297786
C_PIECESQUARETABLES:0.5
C_MOBILITY:0.4724852372351399
C_KINGSAFETY:0.4584098949179072
C_PAWNSTRUCTURE:0.5658079036554204
C_PIECECOORDINATION:0.42291145385698975
C_ROOK:0.5564142228911735
CE_ROOK:0.4863728239811379
C_CENTERCONTROL:0.4858679852107473
C_DEVELOPPIECES:0.491948544737007
C_MATERIAL:0.5007787753999854
C_MOVECOUNT:0.5020081671925221
C_PAWNMOVEMENT:0.47841971479458256
