ELO:1004
CE_PASSEDPAWNS:0.5308599972321933
CE_PAWNWEAKNESSES:0.49114450929360876
CE_PIECEACTIVITY:0.5
CE_KINGPAWNSHIELD:0.49831310196492623
CE_PIECECOORDINATION:0.525577453203407
CE_MATERIAL:0.49075345115362506
CE_KINGSAFETY:0.48814653993718904
C_PIECESQUARETABLES:0.49038271407051603
C_MOBILITY:0.4930143154483227
C_KINGSAFETY:0.49636935709361746
C_PAWNSTRUCTURE:0.5174206190622799
C_PIECECOORDINATION:0.5
C_ROOKANDPAWNMOVEMENT:0.5
C_CENTERCONTROL:0.5103622677503289
C_DEVELOPPIECES:0.4714842060198015
C_MATERIAL:0.4995447074250442
C_MOVECOUNT:0.5
