ELO:929
CE_PASSEDPAWNS:0.49334172377687924
CE_PAWNWEAKNESSES:0.4974415179813617
CE_PIECEACTIVITY:0.5024267801349102
CE_KINGPAWNSHIELD:0.49692963335068613
CE_PIECECOORDINATION:0.4888984157519919
CE_MATERIAL:0.48407073034587683
CE_KINGSAFETY:0.49822745218431325
C_PIECESQUARETABLES:0.5068896281440596
C_MOBILITY:0.5182472652470463
C_KINGSAFETY:0.5017218100436251
C_PAWNSTRUCTURE:0.5119753933859726
C_PIECECOORDINATION:0.49413383017094137
C_ROOKANDPAWNMOVEMENT:0.49413383017094137
C_CENTERCONTROL:0.48711493094758446
C_DEVELOPPIECES:0.48565594042045057
C_MATERIAL:0.48878905570099646
C_MOVECOUNT:0.4853602030925691
