ELO:1000
CE_PASSEDPAWNS:0.5120169000392922
CE_PAWNWEAKNESSES:0.5459751751722587
CE_PIECEACTIVITY:0.4760245527572722
CE_KINGPAWNSHIELD:0.4836133141361773
CE_PIECECOORDINATION:0.4989257318886065
CE_MATERIAL:0.5166354901021452
CE_KINGSAFETY:0.5083166752445133
C_PIECESQUARETABLES:0.5004295735038823
C_MOBILITY:0.5282381273874833
C_KINGSAFETY:0.5244150072208572
C_PAWNSTRUCTURE:0.5365985428841901
C_PIECECOORDINATION:0.518933376470271
C_ROOKANDPAWNMOVEMENT:0.518933376470271
C_CENTERCONTROL:0.474476181975485
C_DEVELOPPIECES:0.5340440259323862
C_MATERIAL:0.5427147007048506
