ELO:1000
CE_PASSEDPAWNS:0.5301063828721582
CE_PAWNWEAKNESSES:0.5664140933688365
CE_PIECEACTIVITY:0.48014351045811754
CE_KINGPAWNSHIELD:0.4966032127946341
CE_PIECECOORDINATION:0.5071471335772166
CE_MATERIAL:0.5071648643565563
CE_KINGSAFETY:0.5317496890031556
C_PIECESQUARETABLES:0.5027214204679482
C_MOBILITY:0.5478693345593512
C_KINGSAFETY:0.505491608520101
C_PAWNSTRUCTURE:0.5634143670472036
C_PIECECOORDINATION:0.5303435858857302
C_ROOKANDPAWNMOVEMENT:0.5303435858857302
C_CENTERCONTROL:0.47722396445495696
C_DEVELOPPIECES:0.5002391306937464
C_MATERIAL:0.5576987436715627
