ELO:1022
CE_PASSEDPAWNS:0.5074051089175717
CE_PAWNWEAKNESSES:0.5089281177544255
CE_PIECEACTIVITY:0.5113527393294602
CE_KINGPAWNSHIELD:0.5007293698804464
CE_PIECECOORDINATION:0.49486481114388936
CE_MATERIAL:0.5
CE_KINGSAFETY:0.47852380455300736
C_PIECESQUARETABLES:0.4993164710282785
C_MOBILITY:0.5
C_KINGSAFETY:0.4950707136674928
C_PAWNSTRUCTURE:0.5050145343450878
C_PIECECOORDINATION:0.486612651653917
C_ROOKANDPAWNMOVEMENT:0.486612651653917
C_CENTERCONTROL:0.4980541734522689
C_DEVELOPPIECES:0.5030962136633828
C_MATERIAL:0.4885114675110489
C_MOVECOUNT:0.5
