ELO:1031
CE_PASSEDPAWNS:0.5125631697415173
CE_PAWNWEAKNESSES:0.5
CE_PIECEACTIVITY:0.5013960713889211
CE_KINGPAWNSHIELD:0.46312793633894545
CE_PIECECOORDINATION:0.5
CE_MATERIAL:0.49760586661600825
CE_KINGSAFETY:0.5780898801242255
C_PIECESQUARETABLES:0.4893819499242211
C_MOBILITY:0.5
C_KINGSAFETY:0.5
C_PAWNSTRUCTURE:0.5030436593500548
C_PIECECOORDINATION:0.5
C_ROOKANDPAWNMOVEMENT:0.5
C_CENTERCONTROL:0.4797853418025956
C_DEVELOPPIECES:0.5253359441959117
C_MATERIAL:0.4804174213395196
C_MOVECOUNT:0.5
