ELO:721
CE_PASSEDPAWNS:0.5198750036956086
CE_PAWNWEAKNESSES:0.4546319412541054
CE_PIECEACTIVITY:0.49184418772258
CE_KINGPAWNSHIELD:0.5532160403673517
CE_PIECECOORDINATION:0.44032384956444015
CE_MATERIAL:0.6171762919943353
CE_KINGSAFETY:0.5216586531893183
C_PIECESQUARETABLES:0.483431829142041
C_MOBILITY:0.4496668225725888
C_KINGSAFETY:0.522101584224575
C_PAWNSTRUCTURE:0.47189670906967474
C_PIECECOORDINATION:0.5621112973087022
C_ROOKANDPAWNMOVEMENT:0.5621112973087022
C_CENTERCONTROL:0.4611952685599004
C_DEVELOPPIECES:0.5608379639210155
C_MATERIAL:0.5086923025979816
C_MOVECOUNT:0.5000938008864826
