ELO:898
CE_PASSEDPAWNS:0.4952970279891178
CE_PAWNWEAKNESSES:0.5392862969515579
CE_PIECEACTIVITY:0.6216713715440899
CE_KINGPAWNSHIELD:0.48611752946069886
CE_PIECECOORDINATION:0.45298776093735554
CE_MATERIAL:0.46083436630874036
CE_KINGSAFETY:0.4856459589736431
C_PIECESQUARETABLES:0.4725421866965474
C_MOBILITY:0.5890328035228636
C_KINGSAFETY:0.4178460020887635
C_PAWNSTRUCTURE:0.5006088175721501
C_PIECECOORDINATION:0.47452791345324025
C_ROOKANDPAWNMOVEMENT:0.47452791345324025
C_CENTERCONTROL:0.5507371189194784
C_DEVELOPPIECES:0.547239292632141
C_MATERIAL:0.5400543393152951
C_MOVECOUNT:0.46726394027615714
