ELO:979
CE_PASSEDPAWNS:0.49931719359282156
CE_PAWNWEAKNESSES:0.47007212287666295
CE_PIECEACTIVITY:0.46564586838811234
CE_KINGPAWNSHIELD:0.5106380712534816
CE_PIECECOORDINATION:0.48859239850306174
CE_MATERIAL:0.486212921297544
CE_KINGSAFETY:0.4972111953952139
C_PIECESQUARETABLES:0.5035891686734169
C_MOBILITY:0.5
C_KINGSAFETY:0.4955589623860466
C_PAWNSTRUCTURE:0.5053714675245379
C_PIECECOORDINATION:0.5037122068769387
C_ROOKANDPAWNMOVEMENT:0.5037122068769387
C_CENTERCONTROL:0.49237392389876977
C_DEVELOPPIECES:0.5144487546025724
C_MATERIAL:0.5062496305058379
C_MOVECOUNT:0.5
