ELO:737
CE_PASSEDPAWNS:0.5290061943973351
CE_PAWNWEAKNESSES:0.4544841773038491
CE_PIECEACTIVITY:0.48583266279811466
CE_KINGPAWNSHIELD:0.5791126786549583
CE_PIECECOORDINATION:0.45123811197239
CE_MATERIAL:0.5583989945980299
CE_KINGSAFETY:0.5098843770193631
C_PIECESQUARETABLES:0.49109428206722133
C_MOBILITY:0.4700741379914693
C_KINGSAFETY:0.5219716314216515
C_PAWNSTRUCTURE:0.47405811154316446
C_PIECECOORDINATION:0.5740270678072893
C_ROOKANDPAWNMOVEMENT:0.5740270678072893
C_CENTERCONTROL:0.45202658481971847
C_DEVELOPPIECES:0.5738069521615808
C_MATERIAL:0.5255522760956846
C_MOVECOUNT:0.5055823001081869
