ELO:1000
CE_PASSEDPAWNS:0.5400910700643234
CE_PAWNWEAKNESSES:0.4617776517237419
CE_PIECEACTIVITY:0.5060259262330538
CE_KINGPAWNSHIELD:0.4739019331608041
CE_PIECECOORDINATION:0.43390005424355965
CE_MATERIAL:0.5036743876620712
CE_KINGSAFETY:0.5125218008613764
C_PIECESQUARETABLES:0.49670759040405704
C_MOBILITY:0.45271184368953377
C_KINGSAFETY:0.4885491399953905
C_PAWNSTRUCTURE:0.42685911971966634
C_PIECECOORDINATION:0.42451750608698874
C_ROOKANDPAWNMOVEMENT:0.42451750608698874
C_CENTERCONTROL:0.48716943888016484
C_DEVELOPPIECES:0.40565232468812557
C_MATERIAL:0.5117606592785927
