ELO:1000
CE_PASSEDPAWNS:0.4975695750696674
CE_PAWNWEAKNESSES:0.4841622517797788
CE_PIECEACTIVITY:0.49265861332565597
CE_KINGPAWNSHIELD:0.48618489806862564
CE_PIECECOORDINATION:0.46708630982939353
CE_MATERIAL:0.5082074341222711
CE_KINGSAFETY:0.4964909303059768
C_PIECESQUARETABLES:0.482468649450429
C_MOBILITY:0.5012053301153304
C_KINGSAFETY:0.5279047095257349
C_PAWNSTRUCTURE:0.45612707848737066
C_PIECECOORDINATION:0.48208375134469583
C_ROOKANDPAWNMOVEMENT:0.48208375134469583
C_CENTERCONTROL:0.5236372619856341
C_DEVELOPPIECES:0.47236550952440093
C_MATERIAL:0.5004489959237555
