ELO:1000
CE_PASSEDPAWNS:0.5009967206643671
CE_PAWNWEAKNESSES:0.4893850738340752
CE_PIECEACTIVITY:0.4940917370961032
CE_KINGPAWNSHIELD:0.4801190531871544
CE_PIECECOORDINATION:0.49161361486398375
CE_MATERIAL:0.498129025336852
CE_KINGSAFETY:0.4934605151636792
C_PIECESQUARETABLES:0.4945805205538468
C_MOBILITY:0.5012053301153304
C_KINGSAFETY:0.5219946993426009
C_PAWNSTRUCTURE:0.48215778265410436
C_PIECECOORDINATION:0.4811068372473717
C_ROOKANDPAWNMOVEMENT:0.4811068372473717
C_CENTERCONTROL:0.5027058243354194
C_DEVELOPPIECES:0.4847970147682068
C_MATERIAL:0.5062456826052683
