ELO:1039
CE_PASSEDPAWNS:0.46611279914224313
CE_PAWNWEAKNESSES:0.5540474967962324
CE_PIECEACTIVITY:0.48790606893823774
CE_KINGPAWNSHIELD:0.5144957232136251
CE_PIECECOORDINATION:0.47337578959366544
CE_MATERIAL:0.5110623316981842
CE_KINGSAFETY:0.5
C_PIECESQUARETABLES:0.5
C_MOBILITY:0.5278922233536928
C_KINGSAFETY:0.5822577691948871
C_PAWNSTRUCTURE:0.45983952331389183
C_PIECECOORDINATION:0.5582868971918887
C_ROOKANDPAWNMOVEMENT:0.5582868971918887
C_CENTERCONTROL:0.44624597019036766
C_DEVELOPPIECES:0.5065053074868672
C_MATERIAL:0.45966248783265196
