ELO:1000
CE_PASSEDPAWNS:0.542529174093772
CE_PAWNWEAKNESSES:0.47218377145662904
CE_PIECEACTIVITY:0.5359419741540055
CE_KINGPAWNSHIELD:0.4930419542592504
CE_PIECECOORDINATION:0.4186238744227291
CE_MATERIAL:0.5190569345403493
CE_KINGSAFETY:0.5048784753380705
C_PIECESQUARETABLES:0.5032509366646911
C_MOBILITY:0.46082778320959583
C_KINGSAFETY:0.5221694109926743
C_PAWNSTRUCTURE:0.39420666679918565
C_PIECECOORDINATION:0.4144364730816658
C_ROOKANDPAWNMOVEMENT:0.4144364730816658
C_CENTERCONTROL:0.4952114305541166
C_DEVELOPPIECES:0.4104944902701249
C_MATERIAL:0.4789316843033533
