ELO:1000
CE_PASSEDPAWNS:0.5
CE_PAWNWEAKNESSES:0.5091979943845929
CE_PIECEACTIVITY:0.49759080110573656
CE_KINGPAWNSHIELD:0.5112353291019136
CE_PIECECOORDINATION:0.4946423993281698
CE_MATERIAL:0.5124709525901522
CE_KINGSAFETY:0.501911688001893
C_PIECESQUARETABLES:0.5
C_MOBILITY:0.5
C_KINGSAFETY:0.49754522237581633
C_PAWNSTRUCTURE:0.5
C_PIECECOORDINATION:0.5
C_ROOKANDPAWNMOVEMENT:0.5
C_CENTERCONTROL:0.4797846561972023
C_DEVELOPPIECES:0.5040513356582362
C_MATERIAL:0.5185487524201796
