ELO:972
CE_PASSEDPAWNS:0.5055260337216538
CE_PAWNWEAKNESSES:0.4704035150189237
CE_PIECEACTIVITY:0.5
CE_KINGPAWNSHIELD:0.5268594214409575
CE_PIECECOORDINATION:0.5707069145022846
CE_MATERIAL:0.5
CE_KINGSAFETY:0.5
C_PIECESQUARETABLES:0.4890034903015888
C_MOBILITY:0.5360982864770881
C_KINGSAFETY:0.5168215146311326
C_PAWNSTRUCTURE:0.497074303929706
C_PIECECOORDINATION:0.4914650361758102
C_ROOKANDPAWNMOVEMENT:0.4914650361758102
C_CENTERCONTROL:0.49681230343384497
C_DEVELOPPIECES:0.4888748667940057
C_MATERIAL:0.44558357749244115
C_MOVECOUNT:0.5
