ELO:953
CE_PASSEDPAWNS:0.48967739009381334
CE_PAWNWEAKNESSES:0.5066375815908444
CE_PIECEACTIVITY:0.49877706605158173
CE_KINGPAWNSHIELD:0.5
CE_PIECECOORDINATION:0.49632264722202785
CE_MATERIAL:0.5027631004201291
CE_KINGSAFETY:0.512460213493467
C_PIECESQUARETABLES:0.5091749114221071
C_MOBILITY:0.5
C_KINGSAFETY:0.5
C_PAWNSTRUCTURE:0.50022410004536
C_PIECECOORDINATION:0.4966986420836491
C_ROOKANDPAWNMOVEMENT:0.4966986420836491
C_CENTERCONTROL:0.5033846409578633
C_DEVELOPPIECES:0.48992031439458883
C_MATERIAL:0.5
C_MOVECOUNT:0.5
