ELO:932
CE_PASSEDPAWNS:0.47098178791553047
CE_PAWNWEAKNESSES:0.4286680804578355
CE_PIECEACTIVITY:0.5905671550710024
CE_KINGPAWNSHIELD:0.5143869760659978
CE_PIECECOORDINATION:0.5041823864944511
CE_MATERIAL:0.6262481673982431
CE_KINGSAFETY:0.48987391726421187
C_PIECESQUARETABLES:0.447629290958206
C_MOBILITY:0.40820268959722095
C_KINGSAFETY:0.5913343914012777
C_PAWNSTRUCTURE:0.527978617401401
C_PIECECOORDINATION:0.4689953209821746
C_ROOKANDPAWNMOVEMENT:0.4689953209821746
C_CENTERCONTROL:0.4619826590635481
C_DEVELOPPIECES:0.5956408922117428
C_MATERIAL:0.6670349575594811
