ELO:1000
CE_PASSEDPAWNS:0.5619582694205032
CE_PAWNWEAKNESSES:0.4763845928728792
CE_PIECEACTIVITY:0.5177383801375215
CE_KINGPAWNSHIELD:0.4777556556061858
CE_PIECECOORDINATION:0.45032278473322845
CE_MATERIAL:0.49816984520241087
CE_KINGSAFETY:0.4954858484071581
C_PIECESQUARETABLES:0.501422514048262
C_MOBILITY:0.4622046558008611
C_KINGSAFETY:0.5154149686528515
C_PAWNSTRUCTURE:0.42626056762454945
C_PIECECOORDINATION:0.4007368835549529
C_ROOKANDPAWNMOVEMENT:0.4007368835549529
C_CENTERCONTROL:0.5017940681766785
C_DEVELOPPIECES:0.39860064325873434
C_MATERIAL:0.48152931498850066
