ELO:1015
CE_PASSEDPAWNS:0.4973793211401792
CE_PAWNWEAKNESSES:0.5501392603969176
CE_PIECEACTIVITY:0.48790606893823774
CE_KINGPAWNSHIELD:0.5144957232136251
CE_PIECECOORDINATION:0.45901770424703825
CE_MATERIAL:0.44395047154114464
CE_KINGSAFETY:0.5
C_PIECESQUARETABLES:0.5
C_MOBILITY:0.5182118979657092
C_KINGSAFETY:0.551420327985016
C_PAWNSTRUCTURE:0.45723694460232356
C_PIECECOORDINATION:0.5682912251921968
C_ROOKANDPAWNMOVEMENT:0.5682912251921968
C_CENTERCONTROL:0.44629180828473947
C_DEVELOPPIECES:0.5707941733243843
C_MATERIAL:0.5362646477364904
