ELO:786
CE_PASSEDPAWNS:0.5444119759011178
CE_PAWNWEAKNESSES:0.46921632932257784
CE_PIECEACTIVITY:0.5243408843000409
CE_KINGPAWNSHIELD:0.5384806453621918
CE_PIECECOORDINATION:0.44861496952495794
CE_MATERIAL:0.574185092881326
CE_KINGSAFETY:0.5113448495906534
C_PIECESQUARETABLES:0.5288712883066701
C_MOBILITY:0.5000710689738262
C_KINGSAFETY:0.5494975982213692
C_PAWNSTRUCTURE:0.4813997178267504
C_PIECECOORDINATION:0.5456512506553786
C_ROOKANDPAWNMOVEMENT:0.5456512506553786
C_CENTERCONTROL:0.4557952433788211
C_DEVELOPPIECES:0.5824010765134101
C_MATERIAL:0.5277654410168741
C_MOVECOUNT:0.5
