ELO:865
CE_PASSEDPAWNS:0.5132939907606472
CE_PAWNWEAKNESSES:0.5261396450379573
CE_PIECEACTIVITY:0.5875769341999626
CE_KINGPAWNSHIELD:0.48929517575253134
CE_PIECECOORDINATION:0.46516050983840923
CE_MATERIAL:0.46509729846567144
CE_KINGSAFETY:0.49015436234985654
C_PIECESQUARETABLES:0.4637794060831907
C_MOBILITY:0.5540253781320376
C_KINGSAFETY:0.4433488849711376
C_PAWNSTRUCTURE:0.5012810548142836
C_PIECECOORDINATION:0.48771465530994246
C_ROOKANDPAWNMOVEMENT:0.48771465530994246
C_CENTERCONTROL:0.5493826561599605
C_DEVELOPPIECES:0.5298757575604537
C_MATERIAL:0.5283475861086203
C_MOVECOUNT:0.4677645084236347
