ELO:754
CE_PASSEDPAWNS:0.5631918196922095
CE_PAWNWEAKNESSES:0.47915596142258776
CE_PIECEACTIVITY:0.48886206404528804
CE_KINGPAWNSHIELD:0.538916769716128
CE_PIECECOORDINATION:0.5212251394379281
CE_MATERIAL:0.5544387184684345
CE_KINGSAFETY:0.5138641138576125
C_PIECESQUARETABLES:0.5436838078277998
C_MOBILITY:0.4881824527686424
C_KINGSAFETY:0.5133331937764066
C_PAWNSTRUCTURE:0.5095085765437747
C_PIECECOORDINATION:0.5267938455080576
C_ROOKANDPAWNMOVEMENT:0.5267938455080576
C_CENTERCONTROL:0.5118320400404666
C_DEVELOPPIECES:0.5895755936811334
C_MATERIAL:0.5189210759965541
C_MOVECOUNT:0.5
