ELO:925
CE_PASSEDPAWNS:0.5196387127118042
CE_PAWNWEAKNESSES:0.5040599392950131
CE_PIECEACTIVITY:0.4204105356977571
CE_KINGPAWNSHIELD:0.4873439013846081
CE_PIECECOORDINATION:0.5010373381552924
CE_MATERIAL:0.5055832240200993
CE_KINGSAFETY:0.5196636794760071
C_PIECESQUARETABLES:0.4889579759329652
C_MOBILITY:0.4863875474475166
C_KINGSAFETY:0.508562702679867
C_PAWNSTRUCTURE:0.5453074969586107
C_PIECECOORDINATION:0.5167329322186386
C_ROOKANDPAWNMOVEMENT:0.5167329322186386
C_CENTERCONTROL:0.5133936311697028
C_DEVELOPPIECES:0.49009244157288034
C_MATERIAL:0.458859966850637
