ELO:943
CE_PASSEDPAWNS:0.5585424025316229
CE_PAWNWEAKNESSES:0.413818833136311
CE_PIECEACTIVITY:0.6289433057845212
CE_KINGPAWNSHIELD:0.4891354724840563
CE_PIECECOORDINATION:0.49516172558367566
CE_MATERIAL:0.618117759587968
CE_KINGSAFETY:0.4862520036176313
C_PIECESQUARETABLES:0.5050380738196985
C_MOBILITY:0.4355841676222284
C_KINGSAFETY:0.5354032071490546
C_PAWNSTRUCTURE:0.5054068358701747
C_PIECECOORDINATION:0.4764893237430679
C_ROOKANDPAWNMOVEMENT:0.4764893237430679
C_CENTERCONTROL:0.4612865404197847
C_DEVELOPPIECES:0.538310244594385
C_MATERIAL:0.6151044850484267
