ELO:988
CE_PASSEDPAWNS:0.5705295841151264
CE_PAWNWEAKNESSES:0.4695549848270143
CE_PIECEACTIVITY:0.5228992409698683
CE_KINGPAWNSHIELD:0.4966227039762961
CE_PIECECOORDINATION:0.44356972154842855
CE_MATERIAL:0.5030482635431546
CE_KINGSAFETY:0.5029900032013678
C_PIECESQUARETABLES:0.5192457148859027
C_MOBILITY:0.47744130354413855
C_KINGSAFETY:0.4808339170328412
C_PAWNSTRUCTURE:0.46088308896510016
C_PIECECOORDINATION:0.41605465403732805
C_ROOKANDPAWNMOVEMENT:0.41605465403732805
C_CENTERCONTROL:0.5286885839154266
C_DEVELOPPIECES:0.41285990852780613
C_MATERIAL:0.4681063194710813
