ELO:1100
CE_PASSEDPAWNS:0.442778421640529
CE_PAWNWEAKNESSES:0.49006525408506235
CE_PIECEACTIVITY:0.4640487317855847
CE_KINGPAWNSHIELD:0.4932361393422987
CE_PIECECOORDINATION:0.5092088468888271
CE_MATERIAL:0.3963786524687434
CE_KINGSAFETY:0.5037130210810918
C_PIECESQUARETABLES:0.5
C_MOBILITY:0.5107309047410132
C_KINGSAFETY:0.5186819993905388
C_PAWNSTRUCTURE:0.41040599071577993
C_PIECECOORDINATION:0.4756998613712549
C_ROOKANDPAWNMOVEMENT:0.4756998613712549
C_CENTERCONTROL:0.5500760856118104
C_DEVELOPPIECES:0.5902285898439642
C_MATERIAL:0.3830367297990373
