ELO:988
CE_PASSEDPAWNS:0.50138330268671
CE_PAWNWEAKNESSES:0.5153186925731192
CE_PIECEACTIVITY:0.5115517959390631
CE_KINGPAWNSHIELD:0.4148077468972809
CE_PIECECOORDINATION:0.4523326715433251
CE_MATERIAL:0.550988984239979
CE_KINGSAFETY:0.5075110156817986
C_PIECESQUARETABLES:0.496202796578023
C_MOBILITY:0.4987353418410564
C_KINGSAFETY:0.5077087654596292
C_PAWNSTRUCTURE:0.5048116514102996
C_PIECECOORDINATION:0.5178685362773264
C_ROOKANDPAWNMOVEMENT:0.5178685362773264
C_CENTERCONTROL:0.39804379152601943
C_DEVELOPPIECES:0.5069533549455701
C_MATERIAL:0.5868682024870738
