ELO:1000
CE_PASSEDPAWNS:0.530161992813489
CE_PAWNWEAKNESSES:0.46613806393396723
CE_PIECEACTIVITY:0.5339662348761437
CE_KINGPAWNSHIELD:0.5048730070358352
CE_PIECECOORDINATION:0.49650460828835674
CE_MATERIAL:0.5247080881731114
CE_KINGSAFETY:0.48293187754839084
C_PIECESQUARETABLES:0.5430307938654892
C_MOBILITY:0.4126959039415047
C_KINGSAFETY:0.509189730319555
C_PAWNSTRUCTURE:0.4669934262974719
C_PIECECOORDINATION:0.47119811086731145
C_ROOKANDPAWNMOVEMENT:0.47119811086731145
C_CENTERCONTROL:0.4959934309555215
C_DEVELOPPIECES:0.4831419888234937
C_MATERIAL:0.49025599815053794
