ELO:980
CE_PASSEDPAWNS:0.4896864407924142
CE_PAWNWEAKNESSES:0.5107383925942116
CE_PIECEACTIVITY:0.5471529786604474
CE_KINGPAWNSHIELD:0.5229543359317697
CE_PIECECOORDINATION:0.5344993850633579
CE_MATERIAL:0.5033167706922451
CE_KINGSAFETY:0.5
C_PIECESQUARETABLES:0.4915307060556877
C_MOBILITY:0.4573983905616754
C_KINGSAFETY:0.5464435622594216
C_PAWNSTRUCTURE:0.4953470643391382
C_PIECECOORDINATION:0.5247300671081706
C_ROOKANDPAWNMOVEMENT:0.5247300671081706
C_CENTERCONTROL:0.5034424817642819
C_DEVELOPPIECES:0.4931218282176906
C_MATERIAL:0.4704827014424883
C_MOVECOUNT:0.44234569552330943
