ELO:988
CE_PASSEDPAWNS:0.5
CE_PAWNWEAKNESSES:0.5058796538598304
CE_PIECEACTIVITY:0.5003249997171295
CE_KINGPAWNSHIELD:0.5031073839711414
CE_PIECECOORDINATION:0.49352493848662093
CE_MATERIAL:0.5
CE_KINGSAFETY:0.5
C_PIECESQUARETABLES:0.4895177370295835
C_MOBILITY:0.5
C_KINGSAFETY:0.5
C_PAWNSTRUCTURE:0.5074947746729324
C_PIECECOORDINATION:0.5119291400297104
C_ROOKANDPAWNMOVEMENT:0.5119291400297104
C_CENTERCONTROL:0.5052156789185733
C_DEVELOPPIECES:0.5
C_MATERIAL:0.4889828315272976
C_MOVECOUNT:0.49531739571588823
