ELO:1002
CE_PASSEDPAWNS:0.48800680537002505
CE_PAWNWEAKNESSES:0.46738438825556944
CE_PIECEACTIVITY:0.5138336857080081
CE_KINGPAWNSHIELD:0.5837476923578468
CE_PIECECOORDINATION:0.4952052359889894
CE_MATERIAL:0.507372725160217
CE_KINGSAFETY:0.5520827629441383
C_PIECESQUARETABLES:0.495489078688885
C_MOBILITY:0.5154307416147393
C_KINGSAFETY:0.48810404479153185
C_PAWNSTRUCTURE:0.5462259898035281
C_PIECECOORDINATION:0.49937123615888607
C_ROOKANDPAWNMOVEMENT:0.49937123615888607
C_CENTERCONTROL:0.495272763967406
C_DEVELOPPIECES:0.45575259246421773
C_MATERIAL:0.5197587971050872
