ELO:986
CE_PASSEDPAWNS:0.5090957635851795
CE_PAWNWEAKNESSES:0.5245711209381797
CE_PIECEACTIVITY:0.4987789912546481
CE_KINGPAWNSHIELD:0.5
CE_PIECECOORDINATION:0.5060933481694494
CE_MATERIAL:0.4890794876562924
CE_KINGSAFETY:0.5
C_PIECESQUARETABLES:0.5
C_MOBILITY:0.4973878998916185
C_KINGSAFETY:0.4721627755691015
C_PAWNSTRUCTURE:0.503153173162703
C_PIECECOORDINATION:0.5022719315515514
C_ROOKANDPAWNMOVEMENT:0.5022719315515514
C_CENTERCONTROL:0.5
C_DEVELOPPIECES:0.5
C_MATERIAL:0.5050752183209924
C_MOVECOUNT:0.4849457619490587
