ELO:927
CE_PASSEDPAWNS:0.5138740711120803
CE_PAWNWEAKNESSES:0.4785044795153861
CE_PIECEACTIVITY:0.4897413092868055
CE_KINGPAWNSHIELD:0.46562992229442224
CE_PIECECOORDINATION:0.4682796699589539
CE_MATERIAL:0.5297087862255954
CE_KINGSAFETY:0.5147110058494236
C_PIECESQUARETABLES:0.5082901662089713
C_MOBILITY:0.46472482249540087
C_KINGSAFETY:0.5489542932771592
C_PAWNSTRUCTURE:0.5369187869853898
C_PIECECOORDINATION:0.4856436532267078
C_ROOK:0.45017489242121683
CE_ROOK:0.4703169580756717
C_CENTERCONTROL:0.46577979024648336
C_DEVELOPPIECES:0.5082476007903036
C_MATERIAL:0.5202973870856138
C_MOVECOUNT:0.44666565954509446
C_PAWNMOVEMENT:0.4818048387598075
