ELO:1064
CE_PASSEDPAWNS:0.4948427292618502
CE_PAWNWEAKNESSES:0.5090166992888512
CE_PIECEACTIVITY:0.507290441682004
CE_KINGPAWNSHIELD:0.46452651993750516
CE_PIECECOORDINATION:0.5001148036816035
CE_MATERIAL:0.48670668891165975
CE_KINGSAFETY:0.508600883991528
C_PIECESQUARETABLES:0.5
C_MOBILITY:0.46984450886973544
C_KINGSAFETY:0.5
C_PAWNSTRUCTURE:0.5127002290046653
C_PIECECOORDINATION:0.4478202544938807
C_ROOKANDPAWNMOVEMENT:0.4478202544938807
C_CENTERCONTROL:0.5115478061113276
C_DEVELOPPIECES:0.5
C_MATERIAL:0.4894550182675427
C_MOVECOUNT:0.5
