ELO:982
CE_PASSEDPAWNS:0.504159751576965
CE_PAWNWEAKNESSES:0.5182456958398064
CE_PIECEACTIVITY:0.5049645520942894
CE_KINGPAWNSHIELD:0.5025973893482938
CE_PIECECOORDINATION:0.4894647475835445
CE_MATERIAL:0.49379129899863333
CE_KINGSAFETY:0.5088110756299643
C_PIECESQUARETABLES:0.4985997993899658
C_MOBILITY:0.4859927919643061
C_KINGSAFETY:0.49912519477794953
C_PAWNSTRUCTURE:0.5043615309355557
C_PIECECOORDINATION:0.48993669997092015
C_ROOKANDPAWNMOVEMENT:0.48993669997092015
C_CENTERCONTROL:0.5042161020143691
C_DEVELOPPIECES:0.5250299852093875
C_MATERIAL:0.4890704655228722
