ELO:963
CE_PASSEDPAWNS:0.49210298185126755
CE_PAWNWEAKNESSES:0.49848762376073846
CE_PIECEACTIVITY:0.4911410697101706
CE_KINGPAWNSHIELD:0.4593213987530438
CE_PIECECOORDINATION:0.5280875985012714
CE_MATERIAL:0.5046178611634631
CE_KINGSAFETY:0.579530644919784
C_PIECESQUARETABLES:0.5
C_MOBILITY:0.4808889521956203
C_KINGSAFETY:0.5497927830550638
C_PAWNSTRUCTURE:0.46596503702130504
C_PIECECOORDINATION:0.424421575186192
C_ROOKANDPAWNMOVEMENT:0.424421575186192
C_CENTERCONTROL:0.46752981485419226
C_DEVELOPPIECES:0.4976746320734282
C_MATERIAL:0.46802135229456265
C_MOVECOUNT:0.5
