ELO:989
CE_PASSEDPAWNS:0.4287281369871026
CE_PAWNWEAKNESSES:0.49313021423393016
CE_PIECEACTIVITY:0.45331102742407975
CE_KINGPAWNSHIELD:0.5007099035767185
CE_PIECECOORDINATION:0.5094822262344411
CE_MATERIAL:0.5776354809913964
CE_KINGSAFETY:0.5138995116065025
C_PIECESQUARETABLES:0.5205359141384437
C_MOBILITY:0.5199311598748647
C_KINGSAFETY:0.44080338398234337
C_PAWNSTRUCTURE:0.5265605361002453
C_PIECECOORDINATION:0.541017175078816
C_ROOKANDPAWNMOVEMENT:0.541017175078816
C_CENTERCONTROL:0.4626689110516123
C_DEVELOPPIECES:0.40461262886758054
C_MATERIAL:0.6169075193765221
