ELO:906
CE_PASSEDPAWNS:0.5919629181836621
CE_PAWNWEAKNESSES:0.5263503061284028
CE_PIECEACTIVITY:0.5115153178603301
CE_KINGPAWNSHIELD:0.5059881762020703
CE_PIECECOORDINATION:0.37180250622799027
CE_MATERIAL:0.515004472694558
CE_KINGSAFETY:0.5110462600416691
C_PIECESQUARETABLES:0.4919135480519215
C_MOBILITY:0.4325804119674352
C_KINGSAFETY:0.4486713952415352
C_PAWNSTRUCTURE:0.5162567091763082
C_PIECECOORDINATION:0.512148313645501
C_ROOKANDPAWNMOVEMENT:0.512148313645501
C_CENTERCONTROL:0.5704985620949029
C_DEVELOPPIECES:0.44626413291169625
C_MATERIAL:0.4409452528908878
