ELO:995
CE_PASSEDPAWNS:0.5
CE_PAWNWEAKNESSES:0.49048824915770306
CE_PIECEACTIVITY:0.49881032118141144
CE_KINGPAWNSHIELD:0.4843685982096349
CE_PIECECOORDINATION:0.5
CE_MATERIAL:0.5005873939086712
CE_KINGSAFETY:0.5104762489474748
C_PIECESQUARETABLES:0.5
C_MOBILITY:0.4816150952492944
C_KINGSAFETY:0.5089883691247459
C_PAWNSTRUCTURE:0.5215760795160622
C_PIECECOORDINATION:0.49301265667327765
C_ROOKANDPAWNMOVEMENT:0.49301265667327765
C_CENTERCONTROL:0.5063585400833926
C_DEVELOPPIECES:0.48798910923176514
C_MATERIAL:0.5159860389509392
C_MOVECOUNT:0.5
