ELO:929
CE_PASSEDPAWNS:0.513299293197909
CE_PAWNWEAKNESSES:0.4638637064186658
CE_PIECEACTIVITY:0.4786901952837001
CE_KINGPAWNSHIELD:0.4429186475646942
CE_PIECECOORDINATION:0.4881143465170457
CE_MATERIAL:0.5448236895259703
CE_KINGSAFETY:0.49472080183842077
C_PIECESQUARETABLES:0.5062268326846004
C_MOBILITY:0.46691150416744037
C_KINGSAFETY:0.5363616758089508
C_PAWNSTRUCTURE:0.5632403021077655
C_PIECECOORDINATION:0.44623939443345484
C_ROOK:0.4412702348044497
CE_ROOK:0.45778765584553477
C_CENTERCONTROL:0.450091226169555
C_DEVELOPPIECES:0.5200275505119175
C_MATERIAL:0.512867482176342
C_MOVECOUNT:0.4345546558828105
C_PAWNMOVEMENT:0.47939245602441205
