ELO:1008
CE_PASSEDPAWNS:0.4918693024075597
CE_PAWNWEAKNESSES:0.4482493914781499
CE_PIECEACTIVITY:0.5137194667387263
CE_KINGPAWNSHIELD:0.512283353932152
CE_PIECECOORDINATION:0.5348150918791749
CE_MATERIAL:0.46837377775804356
CE_KINGSAFETY:0.5
C_PIECESQUARETABLES:0.5
C_MOBILITY:0.5101968912770709
C_KINGSAFETY:0.519609402901787
C_PAWNSTRUCTURE:0.5099399411777752
C_PIECECOORDINATION:0.4978046757467898
C_ROOKANDPAWNMOVEMENT:0.4978046757467898
C_CENTERCONTROL:0.5842071670277783
C_DEVELOPPIECES:0.5455956714917135
C_MATERIAL:0.47839265275049464
C_MOVECOUNT:0.5
