ELO:973
CE_PASSEDPAWNS:0.39333784621815976
CE_PAWNWEAKNESSES:0.49831376296941926
CE_PIECEACTIVITY:0.4520019986419051
CE_KINGPAWNSHIELD:0.514264068284261
CE_PIECECOORDINATION:0.5923763098700008
CE_MATERIAL:0.5861060378159885
CE_KINGSAFETY:0.5446765093739828
C_PIECESQUARETABLES:0.4921990998463691
C_MOBILITY:0.4324100579780208
C_KINGSAFETY:0.5809305743802777
C_PAWNSTRUCTURE:0.4961908342880676
C_PIECECOORDINATION:0.5231769412438744
C_ROOKANDPAWNMOVEMENT:0.5231769412438744
C_CENTERCONTROL:0.4541959089564456
C_DEVELOPPIECES:0.5020277978786326
C_MATERIAL:0.6235476217142814
