ELO:940
CE_PASSEDPAWNS:0.39333784621815976
CE_PAWNWEAKNESSES:0.46625261036440724
CE_PIECEACTIVITY:0.41539187373187414
CE_KINGPAWNSHIELD:0.5536787785920531
CE_PIECECOORDINATION:0.4612588068203538
CE_MATERIAL:0.45307274299934625
CE_KINGSAFETY:0.5
C_PIECESQUARETABLES:0.5
C_MOBILITY:0.46744295516434853
C_KINGSAFETY:0.6141612017190802
C_PAWNSTRUCTURE:0.5511810051279755
C_PIECECOORDINATION:0.557454661763305
C_ROOKANDPAWNMOVEMENT:0.557454661763305
C_CENTERCONTROL:0.5111488885130562
C_DEVELOPPIECES:0.5775985781033569
C_MATERIAL:0.6240656082668976
