ELO:939
CE_PASSEDPAWNS:0.5103926938682188
CE_PAWNWEAKNESSES:0.4908994891096494
CE_PIECEACTIVITY:0.48842417471524624
CE_KINGPAWNSHIELD:0.46505806781177766
CE_PIECECOORDINATION:0.4808021951433386
CE_MATERIAL:0.5116686274268268
CE_KINGSAFETY:0.5
C_PIECESQUARETABLES:0.5041064464226992
C_MOBILITY:0.4967977337703906
C_KINGSAFETY:0.52536000600537
C_PAWNSTRUCTURE:0.5354894587150255
C_PIECECOORDINATION:0.4698931396254724
C_ROOK:0.45718582540526936
CE_ROOK:0.499379882391244
C_CENTERCONTROL:0.470097779986915
C_DEVELOPPIECES:0.5050828804444824
C_MATERIAL:0.5330502107532763
C_MOVECOUNT:0.4636157205366062
C_PAWNMOVEMENT:0.480497196874097
