ELO:908
CE_PASSEDPAWNS:0.5149021580662024
CE_PAWNWEAKNESSES:0.4581543966079525
CE_PIECEACTIVITY:0.49911888314982233
CE_KINGPAWNSHIELD:0.502777569102608
CE_PIECECOORDINATION:0.5181670324797355
CE_MATERIAL:0.4712542070759748
CE_KINGSAFETY:0.4693924183755273
C_PIECESQUARETABLES:0.4695733331613146
C_MOBILITY:0.49658128293014353
C_KINGSAFETY:0.48500511385615774
C_PAWNSTRUCTURE:0.490719791542483
C_PIECECOORDINATION:0.5344512559351802
C_ROOKANDPAWNMOVEMENT:0.5344512559351802
C_CENTERCONTROL:0.4784499507897211
C_DEVELOPPIECES:0.47687250335236164
C_MATERIAL:0.5339667343070306
C_MOVECOUNT:0.5
