ELO:971
CE_PASSEDPAWNS:0.5108246686475185
CE_PAWNWEAKNESSES:0.5195440521583486
CE_PIECEACTIVITY:0.5020431234745396
CE_KINGPAWNSHIELD:0.524092023436426
CE_PIECECOORDINATION:0.4825975183461281
CE_MATERIAL:0.48767619558476155
CE_KINGSAFETY:0.514269672964628
C_PIECESQUARETABLES:0.49110466454603835
C_MOBILITY:0.481584430374069
C_KINGSAFETY:0.49766448354790416
C_PAWNSTRUCTURE:0.5186472710621449
C_PIECECOORDINATION:0.4932931002553423
C_ROOKANDPAWNMOVEMENT:0.4932931002553423
C_CENTERCONTROL:0.5285476739749594
C_DEVELOPPIECES:0.5152812674435585
C_MATERIAL:0.5052790762961618
C_MOVECOUNT:0.5110818747836608
