ELO:992
CE_PASSEDPAWNS:0.49289556820378183
CE_PAWNWEAKNESSES:0.4831436935758314
CE_PIECEACTIVITY:0.5213583699739953
CE_KINGPAWNSHIELD:0.5915568919096671
CE_PIECECOORDINATION:0.5155773083623076
CE_MATERIAL:0.496745688838052
CE_KINGSAFETY:0.49514476788181705
C_PIECESQUARETABLES:0.5063540693954803
C_MOBILITY:0.5345403089428652
C_KINGSAFETY:0.4784096307418825
C_PAWNSTRUCTURE:0.5417852880697231
C_PIECECOORDINATION:0.49357459824527894
C_ROOKANDPAWNMOVEMENT:0.49357459824527894
C_CENTERCONTROL:0.5057652951289029
C_DEVELOPPIECES:0.45616678063320215
C_MATERIAL:0.5370165373480802
