ELO:921
CE_PASSEDPAWNS:0.5131302172124409
CE_PAWNWEAKNESSES:0.4530158327127758
CE_PIECEACTIVITY:0.4786901952837001
CE_KINGPAWNSHIELD:0.4675132043293362
CE_PIECECOORDINATION:0.4869152854630168
CE_MATERIAL:0.5444415660223937
CE_KINGSAFETY:0.49341518536665996
C_PIECESQUARETABLES:0.5062268326846004
C_MOBILITY:0.4629116547359031
C_KINGSAFETY:0.5423849615291352
C_PAWNSTRUCTURE:0.5441893058564036
C_PIECECOORDINATION:0.44623939443345484
C_ROOK:0.4412702348044497
CE_ROOK:0.4466033631189543
C_CENTERCONTROL:0.4593176259322614
C_DEVELOPPIECES:0.5079585206108417
C_MATERIAL:0.5185599970819181
C_MOVECOUNT:0.43695081485671333
C_PAWNMOVEMENT:0.47939245602441205
