ELO:935
CE_PASSEDPAWNS:0.5103926938682188
CE_PAWNWEAKNESSES:0.5019378194387224
CE_PIECEACTIVITY:0.48786789542180703
CE_KINGPAWNSHIELD:0.4544123281208193
CE_PIECECOORDINATION:0.4844893840985623
CE_MATERIAL:0.5424002497129767
CE_KINGSAFETY:0.5
C_PIECESQUARETABLES:0.5
C_MOBILITY:0.5075225365406563
C_KINGSAFETY:0.5291066005595491
C_PAWNSTRUCTURE:0.5544311262736737
C_PIECECOORDINATION:0.4703629222485145
C_ROOK:0.45133817248655517
CE_ROOK:0.48898364273309974
C_CENTERCONTROL:0.4617441979037367
C_DEVELOPPIECES:0.5069272655393793
C_MATERIAL:0.5330502107532763
C_MOVECOUNT:0.45910729654393045
C_PAWNMOVEMENT:0.480497196874097
