ELO:1006
CE_PASSEDPAWNS:0.4774046940151884
CE_PAWNWEAKNESSES:0.5
CE_PIECEACTIVITY:0.48100723807863943
CE_KINGPAWNSHIELD:0.493106572232465
CE_PIECECOORDINATION:0.5118540510747867
CE_MATERIAL:0.503181061467035
CE_KINGSAFETY:0.5
C_PIECESQUARETABLES:0.5
C_MOBILITY:0.5355943799329669
C_KINGSAFETY:0.5114314471767311
C_PAWNSTRUCTURE:0.501559009219956
C_PIECECOORDINATION:0.4903374916457966
C_ROOKANDPAWNMOVEMENT:0.4903374916457966
C_CENTERCONTROL:0.5
C_DEVELOPPIECES:0.5070194338086725
C_MATERIAL:0.46818318753114285
C_MOVECOUNT:0.46331827351738875
