ELO:935
CE_PASSEDPAWNS:0.5224189832591338
CE_PAWNWEAKNESSES:0.4530158327127758
CE_PIECEACTIVITY:0.4786901952837001
CE_KINGPAWNSHIELD:0.4636181767389129
CE_PIECECOORDINATION:0.47738504083934064
CE_MATERIAL:0.5283738748577367
CE_KINGSAFETY:0.4983375766805946
C_PIECESQUARETABLES:0.5
C_MOBILITY:0.4629116547359031
C_KINGSAFETY:0.5372265991002505
C_PAWNSTRUCTURE:0.5341226972219743
C_PIECECOORDINATION:0.44870992848183516
C_ROOK:0.44386828413699336
CE_ROOK:0.4558948377728762
C_CENTERCONTROL:0.46050925706289747
C_DEVELOPPIECES:0.5157356446436806
C_MATERIAL:0.5309039363052005
C_MOVECOUNT:0.43020518609053027
C_PAWNMOVEMENT:0.48398923020917944
