ELO:997
CE_PASSEDPAWNS:0.5129710692004411
CE_PAWNWEAKNESSES:0.48482736930043874
CE_PIECEACTIVITY:0.5112486420720458
CE_KINGPAWNSHIELD:0.5124389928123952
CE_PIECECOORDINATION:0.5077172545982651
CE_MATERIAL:0.5376161939587124
CE_KINGSAFETY:0.5
C_PIECESQUARETABLES:0.5
C_MOBILITY:0.5056872993579666
C_KINGSAFETY:0.5
C_PAWNSTRUCTURE:0.5025493034270093
C_PIECECOORDINATION:0.49764850737563576
C_ROOKANDPAWNMOVEMENT:0.49764850737563576
C_CENTERCONTROL:0.5247679835787095
C_DEVELOPPIECES:0.5
C_MATERIAL:0.5278954288219844
C_MOVECOUNT:0.4871131282620246
