ELO:931
CE_PASSEDPAWNS:0.48515989594456227
CE_PAWNWEAKNESSES:0.518947911782313
CE_PIECEACTIVITY:0.5311923573016903
CE_KINGPAWNSHIELD:0.529818684143753
CE_PIECECOORDINATION:0.4727357710986343
CE_MATERIAL:0.5023937750574718
CE_KINGSAFETY:0.5106467860989867
C_PIECESQUARETABLES:0.5382498451164293
C_MOBILITY:0.4862441799017596
C_KINGSAFETY:0.49225223104291627
C_PAWNSTRUCTURE:0.5409241570873935
C_PIECECOORDINATION:0.5006828865066173
C_ROOKANDPAWNMOVEMENT:0.5006828865066173
C_CENTERCONTROL:0.488362835690838
C_DEVELOPPIECES:0.4731799894270451
C_MATERIAL:0.49373084559504293
