ELO:1065
CE_PASSEDPAWNS:0.4476416470436395
CE_PAWNWEAKNESSES:0.5140231290473708
CE_PIECEACTIVITY:0.520269533894445
CE_KINGPAWNSHIELD:0.4921830056243816
CE_PIECECOORDINATION:0.5097988171153641
CE_MATERIAL:0.38609071767747405
CE_KINGSAFETY:0.5
C_PIECESQUARETABLES:0.4673292124142958
C_MOBILITY:0.5815278059008262
C_KINGSAFETY:0.3863153114154106
C_PAWNSTRUCTURE:0.5433670847877784
C_PIECECOORDINATION:0.4375614282381216
C_ROOKANDPAWNMOVEMENT:0.4375614282381216
C_CENTERCONTROL:0.4910158207041803
C_DEVELOPPIECES:0.5702407576295325
C_MATERIAL:0.5106960349283816
