ELO:996
CE_PASSEDPAWNS:0.5788712787169354
CE_PAWNWEAKNESSES:0.5017511431794623
CE_PIECEACTIVITY:0.4595682633722793
CE_KINGPAWNSHIELD:0.4421222922629271
CE_PIECECOORDINATION:0.5138962178399454
CE_MATERIAL:0.47142943546382343
CE_KINGSAFETY:0.46805608538159027
C_PIECESQUARETABLES:0.4873240534279568
C_MOBILITY:0.5444983191960523
C_KINGSAFETY:0.5594239720260957
C_PAWNSTRUCTURE:0.5107034277599614
C_PIECECOORDINATION:0.5447852188236804
C_ROOKANDPAWNMOVEMENT:0.5447852188236804
C_CENTERCONTROL:0.41014551098022417
C_DEVELOPPIECES:0.5071532489272816
C_MATERIAL:0.6485194340339826
