ELO:1000
CE_PASSEDPAWNS:0.49581190800993447
CE_PAWNWEAKNESSES:0.49744515666209804
CE_PIECEACTIVITY:0.5051453644380012
CE_KINGPAWNSHIELD:0.5066200998960436
CE_PIECECOORDINATION:0.5109170698392579
CE_MATERIAL:0.49423799692779846
CE_KINGSAFETY:0.5108533009637184
C_PIECESQUARETABLES:0.495176833820148
C_MOBILITY:0.5040344945150165
C_KINGSAFETY:0.4812962027537112
C_PAWNSTRUCTURE:0.5217358653587882
C_PIECECOORDINATION:0.4903530595755319
C_ROOKANDPAWNMOVEMENT:0.4903530595755319
C_CENTERCONTROL:0.5024253785559274
C_DEVELOPPIECES:0.47371367497285766
C_MATERIAL:0.5220543789745623
