ELO:952
CE_PASSEDPAWNS:0.4771470105404939
CE_PAWNWEAKNESSES:0.523788586388702
CE_PIECEACTIVITY:0.48681506937099467
CE_KINGPAWNSHIELD:0.5105852460668917
CE_PIECECOORDINATION:0.5067761038942696
CE_MATERIAL:0.4839771315223813
CE_KINGSAFETY:0.5109947531907805
C_PIECESQUARETABLES:0.5040387337445373
C_MOBILITY:0.4952567060200862
C_KINGSAFETY:0.5026966459609448
C_PAWNSTRUCTURE:0.5608758051201425
C_PIECECOORDINATION:0.5058309991418332
C_ROOKANDPAWNMOVEMENT:0.5058309991418332
C_CENTERCONTROL:0.5122798747366529
C_DEVELOPPIECES:0.5205000153183109
C_MATERIAL:0.5171156432484874
C_MOVECOUNT:0.4993817275303178
