ELO:951
CE_PASSEDPAWNS:0.5153943550612269
CE_PAWNWEAKNESSES:0.4879021447971622
CE_PIECEACTIVITY:0.48754214600839363
CE_KINGPAWNSHIELD:0.4592496934545652
CE_PIECECOORDINATION:0.4844893840985623
CE_MATERIAL:0.5346808388077332
CE_KINGSAFETY:0.5
C_PIECESQUARETABLES:0.495106626738693
C_MOBILITY:0.47712203854238233
C_KINGSAFETY:0.5315691989525001
C_PAWNSTRUCTURE:0.5407435600545724
C_PIECECOORDINATION:0.4959891475981131
C_ROOK:0.45323974938405387
CE_ROOK:0.49076147724203606
C_CENTERCONTROL:0.4587015969252113
C_DEVELOPPIECES:0.5126854229114672
C_MATERIAL:0.5295603779727701
C_MOVECOUNT:0.45428691937733007
C_PAWNMOVEMENT:0.484437196446167
