ELO:953
CE_PASSEDPAWNS:0.5128674948581784
CE_PAWNWEAKNESSES:0.5012807503820742
CE_PIECEACTIVITY:0.5002759975044002
CE_KINGPAWNSHIELD:0.5169766330062348
CE_PIECECOORDINATION:0.4451704610549028
CE_MATERIAL:0.538195905976352
CE_KINGSAFETY:0.4836409883154545
C_PIECESQUARETABLES:0.5035273452107523
C_MOBILITY:0.4642040410264798
C_KINGSAFETY:0.47802605639926427
C_PAWNSTRUCTURE:0.46642501476210463
C_PIECECOORDINATION:0.46233170653677175
C_ROOKANDPAWNMOVEMENT:0.46233170653677175
C_CENTERCONTROL:0.4817817319203996
C_DEVELOPPIECES:0.4614516439118886
C_MATERIAL:0.5108726456567868
