ELO:999
CE_PASSEDPAWNS:0.5047470165302776
CE_PAWNWEAKNESSES:0.48796388064016866
CE_PIECEACTIVITY:0.48085556858138223
CE_KINGPAWNSHIELD:0.49530188219064003
CE_PIECECOORDINATION:0.5
CE_MATERIAL:0.5027393989577978
CE_KINGSAFETY:0.5112883101629354
C_PIECESQUARETABLES:0.4957599316070321
C_MOBILITY:0.5100005252888044
C_KINGSAFETY:0.5017677499356331
C_PAWNSTRUCTURE:0.5
C_PIECECOORDINATION:0.5022962903904312
C_ROOK:0.4900692723444914
CE_ROOK:0.5077956159951925
C_CENTERCONTROL:0.4911240774910807
C_DEVELOPPIECES:0.5118894319369842
C_MATERIAL:0.5
C_MOVECOUNT:0.49827691560042797
C_PAWNMOVEMENT:0.5
