ELO:1023
CE_PASSEDPAWNS:0.4774046940151884
CE_PAWNWEAKNESSES:0.5008529830910358
CE_PIECEACTIVITY:0.5
CE_KINGPAWNSHIELD:0.493106572232465
CE_PIECECOORDINATION:0.5054440567102458
CE_MATERIAL:0.48848409624366906
CE_KINGSAFETY:0.5
C_PIECESQUARETABLES:0.5
C_MOBILITY:0.4736972129429013
C_KINGSAFETY:0.5114314471767311
C_PAWNSTRUCTURE:0.5015004844053662
C_PIECECOORDINATION:0.5140086521281312
C_ROOKANDPAWNMOVEMENT:0.5140086521281312
C_CENTERCONTROL:0.49879394868191484
C_DEVELOPPIECES:0.4992951509559596
C_MATERIAL:0.49244839944537927
C_MOVECOUNT:0.46331827351738875
