ELO:984
CE_PASSEDPAWNS:0.5058098757769471
CE_PAWNWEAKNESSES:0.4808138081945617
CE_PIECEACTIVITY:0.4685893279792236
CE_KINGPAWNSHIELD:0.46636734974205996
CE_PIECECOORDINATION:0.5094952030819366
CE_MATERIAL:0.501723981541757
CE_KINGSAFETY:0.5
C_PIECESQUARETABLES:0.5
C_MOBILITY:0.5165367065681816
C_KINGSAFETY:0.5017677499356331
C_PAWNSTRUCTURE:0.4964186684725478
C_PIECECOORDINATION:0.4978461138419311
C_ROOK:0.4935988981532048
CE_ROOK:0.4966912343181533
C_CENTERCONTROL:0.46938945163825646
C_DEVELOPPIECES:0.5118894319369842
C_MATERIAL:0.5198391135918006
C_MOVECOUNT:0.48841423347349716
C_PAWNMOVEMENT:0.5
