ELO:1089
CE_PASSEDPAWNS:0.6336877690751903
CE_PAWNWEAKNESSES:0.5095842251513063
CE_PIECEACTIVITY:0.45091531860537065
CE_KINGPAWNSHIELD:0.5029996531644176
CE_PIECECOORDINATION:0.48846494196230916
CE_MATERIAL:0.4634910446188132
CE_KINGSAFETY:0.4930674143926311
C_PIECESQUARETABLES:0.5155319721050788
C_MOBILITY:0.4106400419753335
C_KINGSAFETY:0.528659611433023
C_PAWNSTRUCTURE:0.39473512238331426
C_PIECECOORDINATION:0.4805966384886014
C_ROOKANDPAWNMOVEMENT:0.4805966384886014
C_CENTERCONTROL:0.5428708398631655
C_DEVELOPPIECES:0.5716197031093845
C_MATERIAL:0.42022081796706257
