ELO:957
CE_PASSEDPAWNS:0.5103926938682188
CE_PAWNWEAKNESSES:0.508101564709676
CE_PIECEACTIVITY:0.4720557685142478
CE_KINGPAWNSHIELD:0.46505806781177766
CE_PIECECOORDINATION:0.4842769190952332
CE_MATERIAL:0.5116686274268268
CE_KINGSAFETY:0.5
C_PIECESQUARETABLES:0.5
C_MOBILITY:0.4967977337703906
C_KINGSAFETY:0.5182822072038628
C_PAWNSTRUCTURE:0.5354894587150255
C_PIECECOORDINATION:0.47609091606902587
C_ROOK:0.45549589440669536
CE_ROOK:0.4935634379548332
C_CENTERCONTROL:0.470097779986915
C_DEVELOPPIECES:0.5011096985095035
C_MATERIAL:0.5345249365097832
C_MOVECOUNT:0.46770801162826997
C_PAWNMOVEMENT:0.48317543160913806
