ELO:951
CE_PASSEDPAWNS:0.4966632450485877
CE_PAWNWEAKNESSES:0.5373145150946805
CE_PIECEACTIVITY:0.4905634245551199
CE_KINGPAWNSHIELD:0.4970529678929722
CE_PIECECOORDINATION:0.4466120391929037
CE_MATERIAL:0.5101714289570555
CE_KINGSAFETY:0.5014716400561812
C_PIECESQUARETABLES:0.5014331276875181
C_MOBILITY:0.46597008980676025
C_KINGSAFETY:0.4491763305519119
C_PAWNSTRUCTURE:0.46931814715641157
C_PIECECOORDINATION:0.47834483339822076
C_ROOKANDPAWNMOVEMENT:0.47834483339822076
C_CENTERCONTROL:0.4851946771179667
C_DEVELOPPIECES:0.4626798770256279
C_MATERIAL:0.48010580017744725
