ELO:950
CE_PASSEDPAWNS:0.506536740601641
CE_PAWNWEAKNESSES:0.5295437148150635
CE_PIECEACTIVITY:0.46597475499332863
CE_KINGPAWNSHIELD:0.4933604609260592
CE_PIECECOORDINATION:0.4390087481164059
CE_MATERIAL:0.484260629444623
CE_KINGSAFETY:0.4826385893616744
C_PIECESQUARETABLES:0.4918446085893185
C_MOBILITY:0.4675273512509472
C_KINGSAFETY:0.4312319087803244
C_PAWNSTRUCTURE:0.4521063407769173
C_PIECECOORDINATION:0.4702074892122552
C_ROOKANDPAWNMOVEMENT:0.4702074892122552
C_CENTERCONTROL:0.5049241272197742
C_DEVELOPPIECES:0.4626798770256279
C_MATERIAL:0.48771169262608094
