ELO:931
CE_PASSEDPAWNS:0.5001878263793305
CE_PAWNWEAKNESSES:0.5141740062521541
CE_PIECEACTIVITY:0.5155548562031665
CE_KINGPAWNSHIELD:0.4942444068934649
CE_PIECECOORDINATION:0.4927868459829124
CE_MATERIAL:0.4745354474971202
CE_KINGSAFETY:0.4902932275497649
C_PIECESQUARETABLES:0.5202766275808102
C_MOBILITY:0.49730622910892586
C_KINGSAFETY:0.5103207435842027
C_PAWNSTRUCTURE:0.5038143020332403
C_PIECECOORDINATION:0.4814994090228623
C_ROOK:0.5
CE_ROOK:0.5
C_CENTERCONTROL:0.49174082368907057
C_DEVELOPPIECES:0.5
C_MATERIAL:0.5080658036414257
C_MOVECOUNT:0.4860810799958516
C_PAWNMOVEMENT:0.5
