ELO:993
CE_PASSEDPAWNS:0.5321249049976409
CE_PAWNWEAKNESSES:0.4856000362587409
CE_PIECEACTIVITY:0.4771890740218682
CE_KINGPAWNSHIELD:0.48560598713697756
CE_PIECECOORDINATION:0.5094769791289891
CE_MATERIAL:0.5142347307243207
CE_KINGSAFETY:0.5193274716093869
C_PIECESQUARETABLES:0.4980433586401905
C_MOBILITY:0.5177545888570898
C_KINGSAFETY:0.5017677499356331
C_PAWNSTRUCTURE:0.5123367145345233
C_PIECECOORDINATION:0.5015676218393028
C_ROOK:0.48513465295874947
CE_ROOK:0.49467366592287537
C_CENTERCONTROL:0.47177189675428255
C_DEVELOPPIECES:0.5118600769984052
C_MATERIAL:0.5371515714491553
C_MOVECOUNT:0.46680410451548815
C_PAWNMOVEMENT:0.504866692830585
