ELO:951
CE_PASSEDPAWNS:0.5169971710108592
CE_PAWNWEAKNESSES:0.4879021447971622
CE_PIECEACTIVITY:0.4897413092868055
CE_KINGPAWNSHIELD:0.46914530548385314
CE_PIECECOORDINATION:0.4844893840985623
CE_MATERIAL:0.5291143116692284
CE_KINGSAFETY:0.5067772721416353
C_PIECESQUARETABLES:0.495106626738693
C_MOBILITY:0.46593045199723526
C_KINGSAFETY:0.5333530728205291
C_PAWNSTRUCTURE:0.5407435600545724
C_PIECECOORDINATION:0.4845717517293796
C_ROOK:0.45323974938405387
CE_ROOK:0.4784915569914262
C_CENTERCONTROL:0.47448950835176923
C_DEVELOPPIECES:0.5126854229114672
C_MATERIAL:0.5221501217134215
C_MOVECOUNT:0.45428691937733007
C_PAWNMOVEMENT:0.48790604677108645
