ELO:1006
CE_PASSEDPAWNS:0.5
CE_PAWNWEAKNESSES:0.5095114882014274
CE_PIECEACTIVITY:0.5120342215030279
CE_KINGPAWNSHIELD:0.5297636327086425
CE_PIECECOORDINATION:0.4963977615337446
CE_MATERIAL:0.5054734930030579
CE_KINGSAFETY:0.5
C_PIECESQUARETABLES:0.5
C_MOBILITY:0.5058588247514119
C_KINGSAFETY:0.4876481321637852
C_PAWNSTRUCTURE:0.5
C_PIECECOORDINATION:0.5073928404644753
C_ROOKANDPAWNMOVEMENT:0.5073928404644753
C_CENTERCONTROL:0.5149426153860373
C_DEVELOPPIECES:0.5096413276279392
C_MATERIAL:0.5
C_MOVECOUNT:0.5
