ELO:996
CE_PASSEDPAWNS:0.5156839845540195
CE_PAWNWEAKNESSES:0.5023158423099316
CE_PIECEACTIVITY:0.563988185976193
CE_KINGPAWNSHIELD:0.40734889935085244
CE_PIECECOORDINATION:0.6150913326575678
CE_MATERIAL:0.5676499119220751
CE_KINGSAFETY:0.5137394576711419
C_PIECESQUARETABLES:0.5
C_MOBILITY:0.49816549280442246
C_KINGSAFETY:0.5142090438019198
C_PAWNSTRUCTURE:0.49364690545924367
C_PIECECOORDINATION:0.5260945715499948
C_ROOKANDPAWNMOVEMENT:0.5260945715499948
C_CENTERCONTROL:0.35858337551177144
C_DEVELOPPIECES:0.513449483097617
C_MATERIAL:0.6777741886969546
