ELO:1000
CE_PASSEDPAWNS:0.5026000916084357
CE_PAWNWEAKNESSES:0.4870433849143842
CE_PIECEACTIVITY:0.5115825264813935
CE_KINGPAWNSHIELD:0.5083159652148087
CE_PIECECOORDINATION:0.49966507852878683
CE_MATERIAL:0.493447097074706
CE_KINGSAFETY:0.48614408691300315
C_PIECESQUARETABLES:0.5056536773615437
C_MOBILITY:0.47169849785393536
C_KINGSAFETY:0.5116174801597884
C_PAWNSTRUCTURE:0.4797951928121195
C_PIECECOORDINATION:0.4834596803563193
C_ROOKANDPAWNMOVEMENT:0.4834596803563193
C_CENTERCONTROL:0.5201420828554535
C_DEVELOPPIECES:0.48940267369928675
C_MATERIAL:0.5191727234645293
