ELO:999
CE_PASSEDPAWNS:0.5
CE_PAWNWEAKNESSES:0.5058344762492991
CE_PIECEACTIVITY:0.5075498107646228
CE_KINGPAWNSHIELD:0.5078724121079219
CE_PIECECOORDINATION:0.5081216633908531
CE_MATERIAL:0.5034042360336562
CE_KINGSAFETY:0.5
C_PIECESQUARETABLES:0.5
C_MOBILITY:0.5123199744625043
C_KINGSAFETY:0.5051422358746022
C_PAWNSTRUCTURE:0.5068347175902358
C_PIECECOORDINATION:0.4943302915920072
C_ROOKANDPAWNMOVEMENT:0.4943302915920072
C_CENTERCONTROL:0.5
C_DEVELOPPIECES:0.5
C_MATERIAL:0.5115326988137053
C_MOVECOUNT:0.5121986353824612
