ELO:917
CE_PASSEDPAWNS:0.5537200760063052
CE_PAWNWEAKNESSES:0.503540043063818
CE_PIECEACTIVITY:0.4919090518440032
CE_KINGPAWNSHIELD:0.4979783728834956
CE_PIECECOORDINATION:0.40644918480961323
CE_MATERIAL:0.5058010430906513
CE_KINGSAFETY:0.5156310772877117
C_PIECESQUARETABLES:0.4966561948230481
C_MOBILITY:0.42770844818520304
C_KINGSAFETY:0.4549373821093346
C_PAWNSTRUCTURE:0.4742020645379966
C_PIECECOORDINATION:0.5138062051532857
C_ROOKANDPAWNMOVEMENT:0.5138062051532857
C_CENTERCONTROL:0.5646884904826126
C_DEVELOPPIECES:0.4390220919287072
C_MATERIAL:0.49942851005195144
