ELO:1000
CE_PASSEDPAWNS:0.526678903662676
CE_PAWNWEAKNESSES:0.46706842293161344
CE_PIECEACTIVITY:0.5361313940301359
CE_KINGPAWNSHIELD:0.5190334343743024
CE_PIECECOORDINATION:0.49290001804350897
CE_MATERIAL:0.5098410406693132
CE_KINGSAFETY:0.48762679670359677
C_PIECESQUARETABLES:0.5305261887461515
C_MOBILITY:0.4602679662765969
C_KINGSAFETY:0.49808019843067153
C_PAWNSTRUCTURE:0.47033052650045065
C_PIECECOORDINATION:0.47570174557180916
C_ROOKANDPAWNMOVEMENT:0.47570174557180916
C_CENTERCONTROL:0.5047890759719063
C_DEVELOPPIECES:0.49313224464658345
C_MATERIAL:0.4980394275980112
