ELO:947
CE_PASSEDPAWNS:0.4374585045254669
CE_PAWNWEAKNESSES:0.5101787995395966
CE_PIECEACTIVITY:0.5649218205843307
CE_KINGPAWNSHIELD:0.4931279155900227
CE_PIECECOORDINATION:0.505703926250014
CE_MATERIAL:0.4801437884201018
CE_KINGSAFETY:0.5
C_PIECESQUARETABLES:0.5
C_MOBILITY:0.492397308438456
C_KINGSAFETY:0.5310493350741666
C_PAWNSTRUCTURE:0.49289960207412586
C_PIECECOORDINATION:0.48422896979280705
C_ROOKANDPAWNMOVEMENT:0.48422896979280705
C_CENTERCONTROL:0.5777763816673134
C_DEVELOPPIECES:0.4374972107804913
C_MATERIAL:0.46835532448272466
C_MOVECOUNT:0.5
