ELO:1011
CE_PASSEDPAWNS:0.5146524732557376
CE_PAWNWEAKNESSES:0.5
CE_PIECEACTIVITY:0.5003465597079833
CE_KINGPAWNSHIELD:0.510973823399239
CE_PIECECOORDINATION:0.5
CE_MATERIAL:0.4875795188667516
CE_KINGSAFETY:0.4944912570423583
C_PIECESQUARETABLES:0.5062516504486665
C_MOBILITY:0.5077975829074985
C_KINGSAFETY:0.4764381731410812
C_PAWNSTRUCTURE:0.5
C_PIECECOORDINATION:0.5
C_ROOKANDPAWNMOVEMENT:0.5
C_CENTERCONTROL:0.4911718310496961
C_DEVELOPPIECES:0.5070875250325665
C_MATERIAL:0.500534842623414
C_MOVECOUNT:0.5
