ELO:985
CE_PASSEDPAWNS:0.5282675940677043
CE_PAWNWEAKNESSES:0.4602192039958487
CE_PIECEACTIVITY:0.4891041221078896
CE_KINGPAWNSHIELD:0.5242131117619675
CE_PIECECOORDINATION:0.5534319266626483
CE_MATERIAL:0.46750161161702913
CE_KINGSAFETY:0.4951974425280261
C_PIECESQUARETABLES:0.48566395852690697
C_MOBILITY:0.5285314275428106
C_KINGSAFETY:0.5003149720661956
C_PAWNSTRUCTURE:0.44572608525942525
C_PIECECOORDINATION:0.5546288421008595
C_ROOKANDPAWNMOVEMENT:0.5546288421008595
C_CENTERCONTROL:0.5677120605995298
C_DEVELOPPIECES:0.5450387693595147
C_MATERIAL:0.4495040643432666
