ELO:988
CE_PASSEDPAWNS:0.5156839845540195
CE_PAWNWEAKNESSES:0.5128889835512717
CE_PIECEACTIVITY:0.5115517959390631
CE_KINGPAWNSHIELD:0.3987168418265493
CE_PIECECOORDINATION:0.44538019471221774
CE_MATERIAL:0.5640993985863744
CE_KINGSAFETY:0.5089074863293915
C_PIECESQUARETABLES:0.5
C_MOBILITY:0.6106431556756368
C_KINGSAFETY:0.5063702273428342
C_PAWNSTRUCTURE:0.6327071263710554
C_PIECECOORDINATION:0.5531522512921928
C_ROOKANDPAWNMOVEMENT:0.5531522512921928
C_CENTERCONTROL:0.39804379152601943
C_DEVELOPPIECES:0.514017124645881
C_MATERIAL:0.5901540970532296
