ELO:934
CE_PASSEDPAWNS:0.5267798684503866
CE_PAWNWEAKNESSES:0.5255691621963023
CE_PIECEACTIVITY:0.5375959240480485
CE_KINGPAWNSHIELD:0.48130706830969444
CE_PIECECOORDINATION:0.47505305334619097
CE_MATERIAL:0.5196514975292822
CE_KINGSAFETY:0.5073007566306514
C_PIECESQUARETABLES:0.49621114602875144
C_MOBILITY:0.5028982487262623
C_KINGSAFETY:0.5147258912453669
C_PAWNSTRUCTURE:0.5017670015447494
C_PIECECOORDINATION:0.4579838766273517
C_ROOKANDPAWNMOVEMENT:0.4579838766273517
C_CENTERCONTROL:0.5143071858079487
C_DEVELOPPIECES:0.48061717502063533
C_MATERIAL:0.5131995426352609
C_MOVECOUNT:0.5
