ELO:1033
CE_PASSEDPAWNS:0.4783705746525416
CE_PAWNWEAKNESSES:0.44935825526871326
CE_PIECEACTIVITY:0.5557538791204379
CE_KINGPAWNSHIELD:0.4842263911044692
CE_PIECECOORDINATION:0.5107883021473528
CE_MATERIAL:0.4861075073504985
CE_KINGSAFETY:0.5267032768037164
C_PIECESQUARETABLES:0.4908374310917852
C_MOBILITY:0.5191443947576997
C_KINGSAFETY:0.4875968311415136
C_PAWNSTRUCTURE:0.4872324727276227
C_PIECECOORDINATION:0.46643457049028075
C_ROOKANDPAWNMOVEMENT:0.46643457049028075
C_CENTERCONTROL:0.5690530245785761
C_DEVELOPPIECES:0.4594059552281547
C_MATERIAL:0.5209483411634692
C_MOVECOUNT:0.5121073011159746
