ELO:773
CE_PASSEDPAWNS:0.5263415938983012
CE_PAWNWEAKNESSES:0.5881747061867256
CE_PIECEACTIVITY:0.5212700018847296
CE_KINGPAWNSHIELD:0.49617940866255156
CE_PIECECOORDINATION:0.4894869738076849
CE_MATERIAL:0.5547414395680448
CE_KINGSAFETY:0.5101708657138644
C_PIECESQUARETABLES:0.4855716276250922
C_MOBILITY:0.49567397144468783
C_KINGSAFETY:0.5230064961679506
C_PAWNSTRUCTURE:0.5349014410766645
C_PIECECOORDINATION:0.5346608931727151
C_ROOKANDPAWNMOVEMENT:0.5346608931727151
C_CENTERCONTROL:0.5564107922210845
C_DEVELOPPIECES:0.41025171142123307
C_MATERIAL:0.5190368239933182
C_MOVECOUNT:0.5
