ELO:776
CE_PASSEDPAWNS:0.5348877703183357
CE_PAWNWEAKNESSES:0.603285376954536
CE_PIECEACTIVITY:0.486554751099475
CE_KINGPAWNSHIELD:0.4947480287208581
CE_PIECECOORDINATION:0.5198085392256359
CE_MATERIAL:0.5505492037421821
CE_KINGSAFETY:0.49104404612512764
C_PIECESQUARETABLES:0.48301729821833195
C_MOBILITY:0.48882547957479794
C_KINGSAFETY:0.4846545323872449
C_PAWNSTRUCTURE:0.5252946865895896
C_PIECECOORDINATION:0.5268295076946115
C_ROOKANDPAWNMOVEMENT:0.5268295076946115
C_CENTERCONTROL:0.5768936874152654
C_DEVELOPPIECES:0.4153561996948591
C_MATERIAL:0.5299578687271488
C_MOVECOUNT:0.5
