ELO:973
CE_PASSEDPAWNS:0.5273187497984527
CE_PAWNWEAKNESSES:0.4448259113419369
CE_PIECEACTIVITY:0.4897094509710913
CE_KINGPAWNSHIELD:0.5191520979525311
CE_PIECECOORDINATION:0.5630228747134154
CE_MATERIAL:0.4967814169002133
CE_KINGSAFETY:0.513391541442347
C_PIECESQUARETABLES:0.4801089315756953
C_MOBILITY:0.5193249707523104
C_KINGSAFETY:0.4990670921383802
C_PAWNSTRUCTURE:0.45466455199778244
C_PIECECOORDINATION:0.5242041289008696
C_ROOKANDPAWNMOVEMENT:0.5242041289008696
C_CENTERCONTROL:0.580674523733634
C_DEVELOPPIECES:0.5460865865767623
C_MATERIAL:0.4282532651635901
