ELO:1000
CE_PASSEDPAWNS:0.5250316733029985
CE_PAWNWEAKNESSES:0.516638691619033
CE_PIECEACTIVITY:0.5000936959007559
CE_KINGPAWNSHIELD:0.5098435815717963
CE_PIECECOORDINATION:0.5401493991397518
CE_MATERIAL:0.47601030493863156
CE_KINGSAFETY:0.48793095374636747
C_PIECESQUARETABLES:0.4963109470147893
C_MOBILITY:0.515982787351737
C_KINGSAFETY:0.522839316108419
C_PAWNSTRUCTURE:0.4969541528272714
C_PIECECOORDINATION:0.5097513695711342
C_ROOKANDPAWNMOVEMENT:0.5097513695711342
C_CENTERCONTROL:0.5201769766253816
C_DEVELOPPIECES:0.4865998682661172
C_MATERIAL:0.46340359317827906
