ELO:910
CE_PASSEDPAWNS:0.47132567639912964
CE_PAWNWEAKNESSES:0.5742500069202491
CE_PIECEACTIVITY:0.5299958151828462
CE_KINGPAWNSHIELD:0.5797086444884537
CE_PIECECOORDINATION:0.5955348984954032
CE_MATERIAL:0.46115523908565653
CE_KINGSAFETY:0.5039285470333966
C_PIECESQUARETABLES:0.5377106619337189
C_MOBILITY:0.44324863251060626
C_KINGSAFETY:0.5774358932863722
C_PAWNSTRUCTURE:0.5140491507473428
C_PIECECOORDINATION:0.5413330063751225
C_ROOKANDPAWNMOVEMENT:0.5413330063751225
C_CENTERCONTROL:0.4422774468662404
C_DEVELOPPIECES:0.5093172456514536
C_MATERIAL:0.4959581037124137
