ELO:959
CE_PASSEDPAWNS:0.5394445730633641
CE_PAWNWEAKNESSES:0.4559173812809209
CE_PIECEACTIVITY:0.49360628864698797
CE_KINGPAWNSHIELD:0.5475108333218126
CE_PIECECOORDINATION:0.6099641304541752
CE_MATERIAL:0.5275491336282357
CE_KINGSAFETY:0.5253772756391583
C_PIECESQUARETABLES:0.4774423600078316
C_MOBILITY:0.5202064277177011
C_KINGSAFETY:0.48872753374890826
C_PAWNSTRUCTURE:0.4572535608811033
C_PIECECOORDINATION:0.5185731924402621
C_ROOKANDPAWNMOVEMENT:0.5185731924402621
C_CENTERCONTROL:0.5203642053188121
C_DEVELOPPIECES:0.5661118622021967
C_MATERIAL:0.39750162570387937
