ELO:1034
CE_PASSEDPAWNS:0.49526177159158974
CE_PAWNWEAKNESSES:0.5134731024977444
CE_PIECEACTIVITY:0.5
CE_KINGPAWNSHIELD:0.4820997640137477
CE_PIECECOORDINATION:0.5021899361712049
CE_MATERIAL:0.49565432534201936
CE_KINGSAFETY:0.5023434049391985
C_PIECESQUARETABLES:0.47731758513743966
C_MOBILITY:0.4781147404641437
C_KINGSAFETY:0.49309932040799076
C_PAWNSTRUCTURE:0.506255022438581
C_PIECECOORDINATION:0.5088797414365119
C_ROOKANDPAWNMOVEMENT:0.5088797414365119
C_CENTERCONTROL:0.5229602526930891
C_DEVELOPPIECES:0.49741045721229826
C_MATERIAL:0.48849627386908867
