ELO:1069
CE_PASSEDPAWNS:0.5023498298700007
CE_PAWNWEAKNESSES:0.4957004956992261
CE_PIECEACTIVITY:0.4977159048461838
CE_KINGPAWNSHIELD:0.4875183487671798
CE_PIECECOORDINATION:0.49283239456934247
CE_MATERIAL:0.5169957844604913
CE_KINGSAFETY:0.5
C_PIECESQUARETABLES:0.5
C_MOBILITY:0.5164581125171444
C_KINGSAFETY:0.49574419396020497
C_PAWNSTRUCTURE:0.5159198244203845
C_PIECECOORDINATION:0.5037032257979067
C_ROOK:0.5
CE_ROOK:0.5085086838710242
C_CENTERCONTROL:0.5035731574394081
C_DEVELOPPIECES:0.494324250607125
C_MATERIAL:0.502655588704928
C_MOVECOUNT:0.49110702908087334
C_PAWNMOVEMENT:0.517009082466425
