ELO:988
CE_PASSEDPAWNS:0.5156839845540195
CE_PAWNWEAKNESSES:0.5146435128275281
CE_PIECEACTIVITY:0.5115517959390631
CE_KINGPAWNSHIELD:0.3987168418265493
CE_PIECECOORDINATION:0.4595952619816917
CE_MATERIAL:0.41237886705497595
CE_KINGSAFETY:0.49593622469621623
C_PIECESQUARETABLES:0.48804367407972127
C_MOBILITY:0.5009197546707584
C_KINGSAFETY:0.5063702273428342
C_PAWNSTRUCTURE:0.4921716114324138
C_PIECECOORDINATION:0.6224246103362719
C_ROOKANDPAWNMOVEMENT:0.6224246103362719
C_CENTERCONTROL:0.4007209853984171
C_DEVELOPPIECES:0.514017124645881
C_MATERIAL:0.5944483905375318
