ELO:915
CE_PASSEDPAWNS:0.4361658011654332
CE_PAWNWEAKNESSES:0.5657304031542092
CE_PIECEACTIVITY:0.5270396029133982
CE_KINGPAWNSHIELD:0.6148217606634903
CE_PIECECOORDINATION:0.5888453690954902
CE_MATERIAL:0.4677837276576191
CE_KINGSAFETY:0.5110600091561474
C_PIECESQUARETABLES:0.5626906227414713
C_MOBILITY:0.43112158420923097
C_KINGSAFETY:0.5949526530771647
C_PAWNSTRUCTURE:0.5228658608861944
C_PIECECOORDINATION:0.5800408181892659
C_ROOKANDPAWNMOVEMENT:0.5800408181892659
C_CENTERCONTROL:0.4493158152015969
C_DEVELOPPIECES:0.49866733966091764
C_MATERIAL:0.4791438947238465
