ELO:919
CE_PASSEDPAWNS:0.5900852794247973
CE_PAWNWEAKNESSES:0.4848667024518921
CE_PIECEACTIVITY:0.5236017614462305
CE_KINGPAWNSHIELD:0.487223170673678
CE_PIECECOORDINATION:0.6125935715151747
CE_MATERIAL:0.5622600403269238
CE_KINGSAFETY:0.48161808578781323
C_PIECESQUARETABLES:0.4779187180218581
C_MOBILITY:0.5327544744601436
C_KINGSAFETY:0.4839422833049416
C_PAWNSTRUCTURE:0.464326059765806
C_PIECECOORDINATION:0.5291993386611722
C_ROOKANDPAWNMOVEMENT:0.5291993386611722
C_CENTERCONTROL:0.5232071798000081
C_DEVELOPPIECES:0.6114300840705321
C_MATERIAL:0.34591073625452706
