ELO:1065
CE_PASSEDPAWNS:0.5066270449685104
CE_PAWNWEAKNESSES:0.49441264483531816
CE_PIECEACTIVITY:0.4799488361370788
CE_KINGPAWNSHIELD:0.4894732843301471
CE_PIECECOORDINATION:0.5
CE_MATERIAL:0.5113046221875883
CE_KINGSAFETY:0.5
C_PIECESQUARETABLES:0.5
C_MOBILITY:0.5001131143533629
C_KINGSAFETY:0.5084518352635756
C_PAWNSTRUCTURE:0.49886089381198834
C_PIECECOORDINATION:0.5088834782156937
C_ROOK:0.49175260930074466
CE_ROOK:0.503614211209282
C_CENTERCONTROL:0.48695740813928995
C_DEVELOPPIECES:0.4963485996426581
C_MATERIAL:0.5359843645983394
C_MOVECOUNT:0.4963060505601836
C_PAWNMOVEMENT:0.5033146514761775
