ELO:970
CE_PASSEDPAWNS:0.5
CE_PAWNWEAKNESSES:0.5104350863529946
CE_PIECEACTIVITY:0.5132324392960659
CE_KINGPAWNSHIELD:0.4868810246631208
CE_PIECECOORDINATION:0.4798885145436089
CE_MATERIAL:0.49709446941237523
CE_KINGSAFETY:0.49697950915604233
C_PIECESQUARETABLES:0.5044579798600819
C_MOBILITY:0.5045306310590203
C_KINGSAFETY:0.5017799055467099
C_PAWNSTRUCTURE:0.48173803118131986
C_PIECECOORDINATION:0.4619211099841381
C_ROOKANDPAWNMOVEMENT:0.4619211099841381
C_CENTERCONTROL:0.5090895542262434
C_DEVELOPPIECES:0.4914758999635952
C_MATERIAL:0.5189423046411631
C_MOVECOUNT:0.5
