ELO:1000
CE_PASSEDPAWNS:0.47413058372749955
CE_PAWNWEAKNESSES:0.5384531541969005
CE_PIECEACTIVITY:0.4688007970359495
CE_KINGPAWNSHIELD:0.5547990368776723
CE_PIECECOORDINATION:0.5198523038152488
CE_MATERIAL:0.4695382357259795
CE_KINGSAFETY:0.5047826936833905
C_PIECESQUARETABLES:0.49329411192896266
C_MOBILITY:0.4635056363993359
C_KINGSAFETY:0.5445901600252093
C_PAWNSTRUCTURE:0.4717849169658962
C_PIECECOORDINATION:0.5011296369662903
C_ROOKANDPAWNMOVEMENT:0.5011296369662903
C_CENTERCONTROL:0.5340560326674705
C_DEVELOPPIECES:0.4822280801451984
C_MATERIAL:0.5223998424694525
