ELO:812
CE_PASSEDPAWNS:0.5631632955346219
CE_PAWNWEAKNESSES:0.5484048861400852
CE_PIECEACTIVITY:0.4656439308473822
CE_KINGPAWNSHIELD:0.456536464820032
CE_PIECECOORDINATION:0.5172457301650086
CE_MATERIAL:0.5148086541030512
CE_KINGSAFETY:0.450710443231854
C_PIECESQUARETABLES:0.4672348948732648
C_MOBILITY:0.45768576816947304
C_KINGSAFETY:0.5154623595311131
C_PAWNSTRUCTURE:0.5263026311757368
C_PIECECOORDINATION:0.5360544973291685
C_ROOKANDPAWNMOVEMENT:0.5360544973291685
C_CENTERCONTROL:0.568647940015924
C_DEVELOPPIECES:0.4649393819235584
C_MATERIAL:0.5007722487921767
C_MOVECOUNT:0.5
