ELO:996
CE_PASSEDPAWNS:0.4890150531761061
CE_PAWNWEAKNESSES:0.5768785588900145
CE_PIECEACTIVITY:0.4855055095025342
CE_KINGPAWNSHIELD:0.5040250283756957
CE_PIECECOORDINATION:0.47200327341492326
CE_MATERIAL:0.4656412726235721
CE_KINGSAFETY:0.5029329232477322
C_PIECESQUARETABLES:0.4999379034774217
C_MOBILITY:0.5352621879536789
C_KINGSAFETY:0.539485381325479
C_PAWNSTRUCTURE:0.43454032548138977
C_PIECECOORDINATION:0.5341312540609903
C_ROOKANDPAWNMOVEMENT:0.5341312540609903
C_CENTERCONTROL:0.4776553523377012
C_DEVELOPPIECES:0.4990797325181191
C_MATERIAL:0.45816411500642695
