ELO:1000
CE_PASSEDPAWNS:0.5
CE_PAWNWEAKNESSES:0.5
CE_PIECEACTIVITY:0.5
CE_KINGPAWNSHIELD:0.5
CE_PIECECOORDINATION:0.4974295013092815
CE_MATERIAL:0.5
CE_KINGSAFETY:0.5
C_PIECESQUARETABLES:0.5
C_MOBILITY:0.508906682033778
C_KINGSAFETY:0.5
C_PAWNSTRUCTURE:0.48930099575662067
C_PIECECOORDINATION:0.5
C_ROOKANDPAWNMOVEMENT:0.5
C_CENTERCONTROL:0.48936890487131074
C_DEVELOPPIECES:0.49298614950446956
C_MATERIAL:0.5103595990756781
C_MOVECOUNT:0.5
