ELO:1090
CE_PASSEDPAWNS:0.6163761432253428
CE_PAWNWEAKNESSES:0.497693752508864
CE_PIECEACTIVITY:0.4860331133742263
CE_KINGPAWNSHIELD:0.47783328167743006
CE_PIECECOORDINATION:0.4799627318305154
CE_MATERIAL:0.4682487233164257
CE_KINGSAFETY:0.4941088734043627
C_PIECESQUARETABLES:0.5
C_MOBILITY:0.42145464255599585
C_KINGSAFETY:0.521408883552672
C_PAWNSTRUCTURE:0.39731632742302286
C_PIECECOORDINATION:0.4567663626936442
C_ROOKANDPAWNMOVEMENT:0.4567663626936442
C_CENTERCONTROL:0.5334222766565254
C_DEVELOPPIECES:0.5650789808092207
C_MATERIAL:0.4208609597614609
