ELO:1043
CE_PASSEDPAWNS:0.5121823187733482
CE_PAWNWEAKNESSES:0.4887158613248356
CE_PIECEACTIVITY:0.5054269034939335
CE_KINGPAWNSHIELD:0.4943817830274692
CE_PIECECOORDINATION:0.5
CE_MATERIAL:0.4939458398004939
CE_KINGSAFETY:0.5
C_PIECESQUARETABLES:0.5
C_MOBILITY:0.5
C_KINGSAFETY:0.5
C_PAWNSTRUCTURE:0.5
C_PIECECOORDINATION:0.5
C_ROOK:0.5025617923368577
CE_ROOK:0.4949165419378002
C_CENTERCONTROL:0.5101088073423136
C_DEVELOPPIECES:0.5024579837729131
C_MATERIAL:0.5
C_MOVECOUNT:0.4843572589500642
C_PAWNMOVEMENT:0.5104097384420568
