ELO:1050
CE_PASSEDPAWNS:0.49911103911186666
CE_PAWNWEAKNESSES:0.43525489396232425
CE_PIECEACTIVITY:0.48379503809930313
CE_KINGPAWNSHIELD:0.47305379864375696
CE_PIECECOORDINATION:0.46941375225582915
CE_MATERIAL:0.5072608046153249
CE_KINGSAFETY:0.5120356952478067
C_PIECESQUARETABLES:0.47948658259696136
C_MOBILITY:0.48728707931317183
C_KINGSAFETY:0.5597796280097483
C_PAWNSTRUCTURE:0.5166512446204499
C_PIECECOORDINATION:0.49591198082638477
C_ROOKANDPAWNMOVEMENT:0.49591198082638477
C_CENTERCONTROL:0.48445734091173637
C_DEVELOPPIECES:0.45692874597038563
C_MATERIAL:0.48379275883920675
C_MOVECOUNT:0.5617451270083277
