ELO:659
CE_PASSEDPAWNS:0.521362048116625
CE_PAWNWEAKNESSES:0.6754377097386687
CE_PIECEACTIVITY:0.47115752214081025
CE_KINGPAWNSHIELD:0.5118006795568041
CE_PIECECOORDINATION:0.4981428632430302
CE_MATERIAL:0.5328506949680785
CE_KINGSAFETY:0.5248836315249747
C_PIECESQUARETABLES:0.5033097168341367
C_MOBILITY:0.4770330120463012
C_KINGSAFETY:0.4649942410627754
C_PAWNSTRUCTURE:0.5807416503738076
C_PIECECOORDINATION:0.5591854701483554
C_ROOKANDPAWNMOVEMENT:0.5591854701483554
C_CENTERCONTROL:0.5684219865531751
C_DEVELOPPIECES:0.447856536601334
C_MATERIAL:0.5675422302326553
C_MOVECOUNT:0.4856111835735829
