ELO:975
CE_PASSEDPAWNS:0.534024700913301
CE_PAWNWEAKNESSES:0.5007951540711817
CE_PIECEACTIVITY:0.4940439401928302
CE_KINGPAWNSHIELD:0.5126224265053927
CE_PIECECOORDINATION:0.5536709831025448
CE_MATERIAL:0.4990303644275848
CE_KINGSAFETY:0.5
C_PIECESQUARETABLES:0.5
C_MOBILITY:0.5279358769017077
C_KINGSAFETY:0.47196938975798103
C_PAWNSTRUCTURE:0.48515022053207013
C_PIECECOORDINATION:0.5477656920109263
C_ROOKANDPAWNMOVEMENT:0.5477656920109263
C_CENTERCONTROL:0.5410722410672301
C_DEVELOPPIECES:0.5223655096941655
C_MATERIAL:0.4417592363409122
