ELO:1045
CE_PASSEDPAWNS:0.4948699378877846
CE_PAWNWEAKNESSES:0.5008540239106584
CE_PIECEACTIVITY:0.5005067291873136
CE_KINGPAWNSHIELD:0.4875183487671798
CE_PIECECOORDINATION:0.5117626846070501
CE_MATERIAL:0.5
CE_KINGSAFETY:0.5
C_PIECESQUARETABLES:0.5
C_MOBILITY:0.48552213159070967
C_KINGSAFETY:0.4866980623330999
C_PAWNSTRUCTURE:0.5072601080814034
C_PIECECOORDINATION:0.5123368261828549
C_ROOK:0.49228219716873883
CE_ROOK:0.4821303139038926
C_CENTERCONTROL:0.49001549101485403
C_DEVELOPPIECES:0.4647401750342283
C_MATERIAL:0.49207381283421175
C_MOVECOUNT:0.47814537873487434
C_PAWNMOVEMENT:0.47177221394573227
