ELO:987
CE_PASSEDPAWNS:0.49443026043612853
CE_PAWNWEAKNESSES:0.5
CE_PIECEACTIVITY:0.49621476632196965
CE_KINGPAWNSHIELD:0.5074912582142412
CE_PIECECOORDINATION:0.47884052095422663
CE_MATERIAL:0.5
CE_KINGSAFETY:0.5
C_PIECESQUARETABLES:0.5
C_MOBILITY:0.48876016250708115
C_KINGSAFETY:0.4945862313230396
C_PAWNSTRUCTURE:0.5
C_PIECECOORDINATION:0.4914845071850759
C_ROOKANDPAWNMOVEMENT:0.4914845071850759
C_CENTERCONTROL:0.5182146044220454
C_DEVELOPPIECES:0.5075302858711707
C_MATERIAL:0.49818193213302386
C_MOVECOUNT:0.5015100971228061
