ELO:961
CE_PASSEDPAWNS:0.5394445730633641
CE_PAWNWEAKNESSES:0.46180482812561063
CE_PIECEACTIVITY:0.5043642719011074
CE_KINGPAWNSHIELD:0.531945762310042
CE_PIECECOORDINATION:0.6052785022578363
CE_MATERIAL:0.5221727553050507
CE_KINGSAFETY:0.5259250989300325
C_PIECESQUARETABLES:0.478646026561562
C_MOBILITY:0.5219272122756835
C_KINGSAFETY:0.47049024906730275
C_PAWNSTRUCTURE:0.44828070534527714
C_PIECECOORDINATION:0.5099762874739892
C_ROOKANDPAWNMOVEMENT:0.5099762874739892
C_CENTERCONTROL:0.5186424491374357
C_DEVELOPPIECES:0.563992911396083
C_MATERIAL:0.4183949193009755
