ELO:976
CE_PASSEDPAWNS:0.5002144548945803
CE_PAWNWEAKNESSES:0.5707117070560318
CE_PIECEACTIVITY:0.4884383763354773
CE_KINGPAWNSHIELD:0.5447154178547771
CE_PIECECOORDINATION:0.4125184270436037
CE_MATERIAL:0.47860425137767315
CE_KINGSAFETY:0.5
C_PIECESQUARETABLES:0.5
C_MOBILITY:0.5128166573459679
C_KINGSAFETY:0.5458045577990002
C_PAWNSTRUCTURE:0.4410138430103998
C_PIECECOORDINATION:0.5083088047810244
C_ROOKANDPAWNMOVEMENT:0.5083088047810244
C_CENTERCONTROL:0.40779167635783437
C_DEVELOPPIECES:0.48840522784382706
C_MATERIAL:0.4593294934039864
