ELO:602
CE_PASSEDPAWNS:0.5026315115446688
CE_PAWNWEAKNESSES:0.6871849823551677
CE_PIECEACTIVITY:0.4627468428525399
CE_KINGPAWNSHIELD:0.4715262231750708
CE_PIECECOORDINATION:0.47618924691204567
CE_MATERIAL:0.5503005293666346
CE_KINGSAFETY:0.5053415149141914
C_PIECESQUARETABLES:0.5495866621313101
C_MOBILITY:0.43955032151644546
C_KINGSAFETY:0.4901859638938541
C_PAWNSTRUCTURE:0.5549775218086868
C_PIECECOORDINATION:0.5056753213017647
C_ROOKANDPAWNMOVEMENT:0.5056753213017647
C_CENTERCONTROL:0.5592047804059231
C_DEVELOPPIECES:0.4650862129529685
C_MATERIAL:0.5618033552362203
C_MOVECOUNT:0.49722650665098844
