ELO:939
CE_PASSEDPAWNS:0.5057737458954752
CE_PAWNWEAKNESSES:0.5103891769102735
CE_PIECEACTIVITY:0.51313851620846
CE_KINGPAWNSHIELD:0.474198784724522
CE_PIECECOORDINATION:0.4962511992789714
CE_MATERIAL:0.52146493027035
CE_KINGSAFETY:0.4941019170184515
C_PIECESQUARETABLES:0.49517974636055095
C_MOBILITY:0.5001289110120019
C_KINGSAFETY:0.48331122836345675
C_PAWNSTRUCTURE:0.46790334733854366
C_PIECECOORDINATION:0.5458307845401076
C_ROOKANDPAWNMOVEMENT:0.5458307845401076
C_CENTERCONTROL:0.4510871492428973
C_DEVELOPPIECES:0.4944695008094731
C_MATERIAL:0.4965107916640222
C_MOVECOUNT:0.5
