ELO:958
CE_PASSEDPAWNS:0.5130047656828332
CE_PAWNWEAKNESSES:0.5120228557514116
CE_PIECEACTIVITY:0.49499327768604645
CE_KINGPAWNSHIELD:0.49650605589369456
CE_PIECECOORDINATION:0.4887200777423565
CE_MATERIAL:0.5051140494055271
CE_KINGSAFETY:0.5179973819232209
C_PIECESQUARETABLES:0.5039033521989049
C_MOBILITY:0.47734396853596944
C_KINGSAFETY:0.5054428363687256
C_PAWNSTRUCTURE:0.5000718261748454
C_PIECECOORDINATION:0.48447621581373473
C_ROOKANDPAWNMOVEMENT:0.48447621581373473
C_CENTERCONTROL:0.5265017426208984
C_DEVELOPPIECES:0.4786582236878345
C_MATERIAL:0.5365867871844181
