ELO:1032
CE_PASSEDPAWNS:0.4948699378877846
CE_PAWNWEAKNESSES:0.5143739487374894
CE_PIECEACTIVITY:0.48568043707262387
CE_KINGPAWNSHIELD:0.46880591876993283
CE_PIECECOORDINATION:0.49825204941202283
CE_MATERIAL:0.493550948517145
CE_KINGSAFETY:0.487759049459463
C_PIECESQUARETABLES:0.5104323675586371
C_MOBILITY:0.5242855971024735
C_KINGSAFETY:0.5138010360915868
C_PAWNSTRUCTURE:0.4941685342600594
C_PIECECOORDINATION:0.5273960398945164
C_ROOK:0.4952948093751176
CE_ROOK:0.5157836039624435
C_CENTERCONTROL:0.475723447149842
C_DEVELOPPIECES:0.4952542647005594
C_MATERIAL:0.4965692795726223
C_MOVECOUNT:0.5030360029641404
C_PAWNMOVEMENT:0.4803292182279909
