ELO:792
CE_PASSEDPAWNS:0.5149848390165043
CE_PAWNWEAKNESSES:0.5621382615245103
CE_PIECEACTIVITY:0.43387453001005877
CE_KINGPAWNSHIELD:0.57692953832218
CE_PIECECOORDINATION:0.5214566630878623
CE_MATERIAL:0.5331303769607777
CE_KINGSAFETY:0.4852145390955364
C_PIECESQUARETABLES:0.4934824258325363
C_MOBILITY:0.5229195567136792
C_KINGSAFETY:0.5009710695092244
C_PAWNSTRUCTURE:0.5011762133507945
C_PIECECOORDINATION:0.5403670185451026
C_ROOKANDPAWNMOVEMENT:0.5403670185451026
C_CENTERCONTROL:0.6818796368541086
C_DEVELOPPIECES:0.42711618124943074
C_MATERIAL:0.45844913759575395
C_MOVECOUNT:0.5
