ELO:962
CE_PASSEDPAWNS:0.5429673067029744
CE_PAWNWEAKNESSES:0.5719775676018369
CE_PIECEACTIVITY:0.46663483795928123
CE_KINGPAWNSHIELD:0.4919732989309932
CE_PIECECOORDINATION:0.44665233950450267
CE_MATERIAL:0.5260455205331075
CE_KINGSAFETY:0.5020147659878833
C_PIECESQUARETABLES:0.5
C_MOBILITY:0.5719596729841314
C_KINGSAFETY:0.46679697513020696
C_PAWNSTRUCTURE:0.49477094376940917
C_PIECECOORDINATION:0.5375720473652389
C_ROOKANDPAWNMOVEMENT:0.5375720473652389
C_CENTERCONTROL:0.47515335581185814
C_DEVELOPPIECES:0.5175396711662874
C_MATERIAL:0.4906795892495396
