ELO:1000
CE_PASSEDPAWNS:0.5
CE_PAWNWEAKNESSES:0.5014901186509169
CE_PIECEACTIVITY:0.4969265903334055
CE_KINGPAWNSHIELD:0.5017463672309004
CE_PIECECOORDINATION:0.4971639268413152
CE_MATERIAL:0.48566477666331687
CE_KINGSAFETY:0.49799232881470523
C_PIECESQUARETABLES:0.45373698248870603
C_MOBILITY:0.49579425385800374
C_KINGSAFETY:0.49734594590775016
C_PAWNSTRUCTURE:0.4949500939513808
C_PIECECOORDINATION:0.5174347425909012
C_ROOKANDPAWNMOVEMENT:0.5174347425909012
C_CENTERCONTROL:0.4885937702746571
C_DEVELOPPIECES:0.4856071396783445
C_MATERIAL:0.5081560685814558
