ELO:972
CE_PASSEDPAWNS:0.5078447212838282
CE_PAWNWEAKNESSES:0.4785453850221379
CE_PIECEACTIVITY:0.5116386082260647
CE_KINGPAWNSHIELD:0.4450840644913389
CE_PIECECOORDINATION:0.47996309494214495
CE_MATERIAL:0.5114357781599603
CE_KINGSAFETY:0.5037448424838834
C_PIECESQUARETABLES:0.4673316167313491
C_MOBILITY:0.5160425064471555
C_KINGSAFETY:0.4641765932092857
C_PAWNSTRUCTURE:0.48045948323586335
C_PIECECOORDINATION:0.4991215494727537
C_ROOKANDPAWNMOVEMENT:0.4991215494727537
C_CENTERCONTROL:0.4836840106884818
C_DEVELOPPIECES:0.5036216137256134
C_MATERIAL:0.5063654588707668
C_MOVECOUNT:0.5
