ELO:900
CE_PASSEDPAWNS:0.395716917930863
CE_PAWNWEAKNESSES:0.5353316580638148
CE_PIECEACTIVITY:0.39937458370987644
CE_KINGPAWNSHIELD:0.5332149901934703
CE_PIECECOORDINATION:0.35494320103998167
CE_MATERIAL:0.5372480687809328
CE_KINGSAFETY:0.40446587625123437
C_PIECESQUARETABLES:0.4974078776555681
C_MOBILITY:0.523599074583507
C_KINGSAFETY:0.5478752045002048
C_PAWNSTRUCTURE:0.577664339658536
C_PIECECOORDINATION:0.5286310674236503
C_ROOKANDPAWNMOVEMENT:0.5286310674236503
C_CENTERCONTROL:0.46174099890646836
C_DEVELOPPIECES:0.5753591240569944
C_MATERIAL:0.6005140518361364
