ELO:973
CE_PASSEDPAWNS:0.5089797833117946
CE_PAWNWEAKNESSES:0.4995487718556584
CE_PIECEACTIVITY:0.4772522401494497
CE_KINGPAWNSHIELD:0.5112600375106844
CE_PIECECOORDINATION:0.46177728544557817
CE_MATERIAL:0.5526853807079675
CE_KINGSAFETY:0.5286760771163017
C_PIECESQUARETABLES:0.5144777202254331
C_MOBILITY:0.5448846872658291
C_KINGSAFETY:0.508561327706927
C_PAWNSTRUCTURE:0.4894239061627818
C_PIECECOORDINATION:0.48465640770997137
C_ROOKANDPAWNMOVEMENT:0.48465640770997137
C_CENTERCONTROL:0.5726828216085692
C_DEVELOPPIECES:0.37919990668177783
C_MATERIAL:0.3995942572756737
