ELO:798
CE_PASSEDPAWNS:0.4986877118395408
CE_PAWNWEAKNESSES:0.5350767116167021
CE_PIECEACTIVITY:0.4485402995257986
CE_KINGPAWNSHIELD:0.5374407627269497
CE_PIECECOORDINATION:0.49495289030948675
CE_MATERIAL:0.5208792270160274
CE_KINGSAFETY:0.5089474331282464
C_PIECESQUARETABLES:0.4596662027429834
C_MOBILITY:0.5419073944322396
C_KINGSAFETY:0.5091184827437648
C_PAWNSTRUCTURE:0.49009791596831354
C_PIECECOORDINATION:0.5239440383398711
C_ROOKANDPAWNMOVEMENT:0.5239440383398711
C_CENTERCONTROL:0.5719851057843076
C_DEVELOPPIECES:0.4728198336231286
C_MATERIAL:0.5264024900121449
C_MOVECOUNT:0.5
