ELO:969
CE_PASSEDPAWNS:0.5078891539354807
CE_PAWNWEAKNESSES:0.4980990533014688
CE_PIECEACTIVITY:0.5048860833877442
CE_KINGPAWNSHIELD:0.4766958961515931
CE_PIECECOORDINATION:0.5141065611964608
CE_MATERIAL:0.5083758421497755
CE_KINGSAFETY:0.5205618267628207
C_PIECESQUARETABLES:0.49919934215846923
C_MOBILITY:0.5148942857321337
C_KINGSAFETY:0.4928812110368632
C_PAWNSTRUCTURE:0.4721063829304985
C_PIECECOORDINATION:0.5042552839123187
C_ROOKANDPAWNMOVEMENT:0.5042552839123187
C_CENTERCONTROL:0.5101461902384511
C_DEVELOPPIECES:0.5164334293378176
C_MATERIAL:0.49220947942223636
C_MOVECOUNT:0.5
