ELO:806
CE_PASSEDPAWNS:0.4339782149102613
CE_PAWNWEAKNESSES:0.5151833341361722
CE_PIECEACTIVITY:0.4939631094861097
CE_KINGPAWNSHIELD:0.5521094902672123
CE_PIECECOORDINATION:0.45874120691988957
CE_MATERIAL:0.6264542380583623
CE_KINGSAFETY:0.48923599159840575
C_PIECESQUARETABLES:0.5060068017669203
C_MOBILITY:0.48552091338618547
C_KINGSAFETY:0.425248394246183
C_PAWNSTRUCTURE:0.49626712591062605
C_PIECECOORDINATION:0.5425257483845435
C_ROOKANDPAWNMOVEMENT:0.5425257483845435
C_CENTERCONTROL:0.4493297575319394
C_DEVELOPPIECES:0.5066617851410192
C_MATERIAL:0.440178454926876
C_MOVECOUNT:0.49241538296307885
