ELO:962
CE_PASSEDPAWNS:0.5497495079768224
CE_PAWNWEAKNESSES:0.5514500521524263
CE_PIECEACTIVITY:0.47718404662359853
CE_KINGPAWNSHIELD:0.48462522900454935
CE_PIECECOORDINATION:0.44665233950450267
CE_MATERIAL:0.5260455205331075
CE_KINGSAFETY:0.5
C_PIECESQUARETABLES:0.5
C_MOBILITY:0.5719596729841314
C_KINGSAFETY:0.4795434379130471
C_PAWNSTRUCTURE:0.4898087214701178
C_PIECECOORDINATION:0.5375720473652389
C_ROOKANDPAWNMOVEMENT:0.5375720473652389
C_CENTERCONTROL:0.47515335581185814
C_DEVELOPPIECES:0.5161185435655457
C_MATERIAL:0.49670958330382065
