ELO:1016
CE_PASSEDPAWNS:0.48947079275100763
CE_PAWNWEAKNESSES:0.5069371200516323
CE_PIECEACTIVITY:0.5105691633699476
CE_KINGPAWNSHIELD:0.49361445938381915
CE_PIECECOORDINATION:0.5
CE_MATERIAL:0.5094674082332488
CE_KINGSAFETY:0.5093982144946297
C_PIECESQUARETABLES:0.5
C_MOBILITY:0.5
C_KINGSAFETY:0.4958535697835921
C_PAWNSTRUCTURE:0.49811471498483795
C_PIECECOORDINATION:0.5
C_ROOKANDPAWNMOVEMENT:0.5
C_CENTERCONTROL:0.49954933191167405
C_DEVELOPPIECES:0.5
C_MATERIAL:0.5099444876768592
C_MOVECOUNT:0.4717749847730842
