ELO:986
CE_PASSEDPAWNS:0.48163704049903694
CE_PAWNWEAKNESSES:0.49309690499440706
CE_PIECEACTIVITY:0.5058317340142787
CE_KINGPAWNSHIELD:0.5
CE_PIECECOORDINATION:0.4910095332389822
CE_MATERIAL:0.49916960548256745
CE_KINGSAFETY:0.5113489393799443
C_PIECESQUARETABLES:0.5
C_MOBILITY:0.5094695808553357
C_KINGSAFETY:0.47834599944379314
C_PAWNSTRUCTURE:0.5011167748767369
C_PIECECOORDINATION:0.48535859992193725
C_ROOKANDPAWNMOVEMENT:0.48535859992193725
C_CENTERCONTROL:0.5105548401122659
C_DEVELOPPIECES:0.4968632700858362
C_MATERIAL:0.4914691181316306
C_MOVECOUNT:0.5006577603816124
