ELO:912
CE_PASSEDPAWNS:0.4746082743067902
CE_PAWNWEAKNESSES:0.46645061516772374
CE_PIECEACTIVITY:0.5568250374273825
CE_KINGPAWNSHIELD:0.5921103549993831
CE_PIECECOORDINATION:0.44704120750344317
CE_MATERIAL:0.4847473645244033
CE_KINGSAFETY:0.5323595757597583
C_PIECESQUARETABLES:0.4822171984319501
C_MOBILITY:0.5014657045972474
C_KINGSAFETY:0.35467042170107665
C_PAWNSTRUCTURE:0.5636312154593062
C_PIECECOORDINATION:0.5185996502018676
C_ROOKANDPAWNMOVEMENT:0.5185996502018676
C_CENTERCONTROL:0.5368626491693403
C_DEVELOPPIECES:0.48209648656976173
C_MATERIAL:0.5051639972303197
