ELO:1032
CE_PASSEDPAWNS:0.5080549796327967
CE_PAWNWEAKNESSES:0.4783015670276444
CE_PIECEACTIVITY:0.5267252032404124
CE_KINGPAWNSHIELD:0.5102670251850417
CE_PIECECOORDINATION:0.4895643719454241
CE_MATERIAL:0.5010741750393561
CE_KINGSAFETY:0.513294101455269
C_PIECESQUARETABLES:0.5
C_MOBILITY:0.5
C_KINGSAFETY:0.519655967814519
C_PAWNSTRUCTURE:0.4831365265574821
C_PIECECOORDINATION:0.5
C_ROOK:0.5
CE_ROOK:0.5259942892319983
C_CENTERCONTROL:0.5056868346274686
C_DEVELOPPIECES:0.4904135643661216
C_MATERIAL:0.5
C_MOVECOUNT:0.5
C_PAWNMOVEMENT:0.4779200599143358
