ELO:1002
CE_PASSEDPAWNS:0.4945971803453157
CE_PAWNWEAKNESSES:0.4800603472485859
CE_PIECEACTIVITY:0.4871653676228109
CE_KINGPAWNSHIELD:0.5
CE_PIECECOORDINATION:0.5106555214060136
CE_MATERIAL:0.500890800427888
CE_KINGSAFETY:0.499202445186979
C_PIECESQUARETABLES:0.5
C_MOBILITY:0.49448581882324366
C_KINGSAFETY:0.49601831624193643
C_PAWNSTRUCTURE:0.49114293836565764
C_PIECECOORDINATION:0.5091876178366593
C_ROOKANDPAWNMOVEMENT:0.5091876178366593
C_CENTERCONTROL:0.5176786738144883
C_DEVELOPPIECES:0.5150709386210616
C_MATERIAL:0.49812229462621777
C_MOVECOUNT:0.509332248218171
