ELO:1089
CE_PASSEDPAWNS:0.6216628427623379
CE_PAWNWEAKNESSES:0.4913955703625296
CE_PIECEACTIVITY:0.4844084614199239
CE_KINGPAWNSHIELD:0.4888774821619666
CE_PIECECOORDINATION:0.4803925721213925
CE_MATERIAL:0.45398262924940724
CE_KINGSAFETY:0.48933114554524554
C_PIECESQUARETABLES:0.5
C_MOBILITY:0.42105203460517804
C_KINGSAFETY:0.512266811203081
C_PAWNSTRUCTURE:0.41159374709656454
C_PIECECOORDINATION:0.47902189475636375
C_ROOKANDPAWNMOVEMENT:0.47902189475636375
C_CENTERCONTROL:0.5241516181776379
C_DEVELOPPIECES:0.5757913049809192
C_MATERIAL:0.4273244007297334
