ELO:1016
CE_PASSEDPAWNS:0.47465694115059803
CE_PAWNWEAKNESSES:0.43355434220033207
CE_PIECEACTIVITY:0.5446219974174361
CE_KINGPAWNSHIELD:0.4498060339940104
CE_PIECECOORDINATION:0.5138101096182185
CE_MATERIAL:0.4756944761433459
CE_KINGSAFETY:0.5
C_PIECESQUARETABLES:0.5
C_MOBILITY:0.5397636901310329
C_KINGSAFETY:0.5908148634707766
C_PAWNSTRUCTURE:0.5217433116274267
C_PIECECOORDINATION:0.5394069022431967
C_ROOKANDPAWNMOVEMENT:0.5394069022431967
C_CENTERCONTROL:0.5899403305198362
C_DEVELOPPIECES:0.4559497207983933
C_MATERIAL:0.552122436891938
