ELO:959
CE_PASSEDPAWNS:0.4917517646500139
CE_PAWNWEAKNESSES:0.4399127173809947
CE_PIECEACTIVITY:0.5551425885247908
CE_KINGPAWNSHIELD:0.6056834464424217
CE_PIECECOORDINATION:0.46148415988678654
CE_MATERIAL:0.5139023803988123
CE_KINGSAFETY:0.5072879319005589
C_PIECESQUARETABLES:0.5
C_MOBILITY:0.5099563647808224
C_KINGSAFETY:0.35421143785168996
C_PAWNSTRUCTURE:0.5798903540664809
C_PIECECOORDINATION:0.5217229377685622
C_ROOKANDPAWNMOVEMENT:0.5217229377685622
C_CENTERCONTROL:0.5459311768840818
C_DEVELOPPIECES:0.49593225171236555
C_MATERIAL:0.49228574320786506
