ELO:780
CE_PASSEDPAWNS:0.5076735774988012
CE_PAWNWEAKNESSES:0.5571860106406775
CE_PIECEACTIVITY:0.4561098877696503
CE_KINGPAWNSHIELD:0.5794530016552288
CE_PIECECOORDINATION:0.5129243545561396
CE_MATERIAL:0.5202097946243072
CE_KINGSAFETY:0.4974672335198592
C_PIECESQUARETABLES:0.47824359737606925
C_MOBILITY:0.5018579775401563
C_KINGSAFETY:0.4891781444186677
C_PAWNSTRUCTURE:0.46510111265094295
C_PIECECOORDINATION:0.53956345419326
C_ROOKANDPAWNMOVEMENT:0.53956345419326
C_CENTERCONTROL:0.6519885603481406
C_DEVELOPPIECES:0.4381478678565374
C_MATERIAL:0.4475899184635283
C_MOVECOUNT:0.5
