ELO:989
CE_PASSEDPAWNS:0.528070693405072
CE_PAWNWEAKNESSES:0.5191520537657388
CE_PIECEACTIVITY:0.4612133819093656
CE_KINGPAWNSHIELD:0.5032899835218189
CE_PIECECOORDINATION:0.46108610700157515
CE_MATERIAL:0.537294115571686
CE_KINGSAFETY:0.5067455570070218
C_PIECESQUARETABLES:0.5263688775110403
C_MOBILITY:0.5484163713939565
C_KINGSAFETY:0.5056415360284838
C_PAWNSTRUCTURE:0.48042660752872524
C_PIECECOORDINATION:0.4862338264089675
C_ROOKANDPAWNMOVEMENT:0.4862338264089675
C_CENTERCONTROL:0.5869035453475406
C_DEVELOPPIECES:0.40337911834891166
C_MATERIAL:0.4379289360458633
