ELO:985
CE_PASSEDPAWNS:0.5212392131882067
CE_PAWNWEAKNESSES:0.5256808209989259
CE_PIECEACTIVITY:0.4609903231844066
CE_KINGPAWNSHIELD:0.48813246577985425
CE_PIECECOORDINATION:0.4586863912746167
CE_MATERIAL:0.528918431632039
CE_KINGSAFETY:0.5447698249713541
C_PIECESQUARETABLES:0.4724416119407368
C_MOBILITY:0.5856645645915258
C_KINGSAFETY:0.4714321866189296
C_PAWNSTRUCTURE:0.5023889722115827
C_PIECECOORDINATION:0.5153918364593606
C_ROOKANDPAWNMOVEMENT:0.5153918364593606
C_CENTERCONTROL:0.49518221047102057
C_DEVELOPPIECES:0.5336779667222076
C_MATERIAL:0.4866227327099377
