ELO:974
CE_PASSEDPAWNS:0.5381504787596821
CE_PAWNWEAKNESSES:0.5352066814175107
CE_PIECEACTIVITY:0.46955435178404403
CE_KINGPAWNSHIELD:0.4759445642328195
CE_PIECECOORDINATION:0.43258937406477127
CE_MATERIAL:0.5179274872220532
CE_KINGSAFETY:0.5311751205497269
C_PIECESQUARETABLES:0.44749345726865836
C_MOBILITY:0.5719596729841314
C_KINGSAFETY:0.47581445373082804
C_PAWNSTRUCTURE:0.505687011035531
C_PIECECOORDINATION:0.5289556021361553
C_ROOKANDPAWNMOVEMENT:0.5289556021361553
C_CENTERCONTROL:0.4727281049687919
C_DEVELOPPIECES:0.511608484290923
C_MATERIAL:0.48632851829534324
