ELO:996
CE_PASSEDPAWNS:0.516865323692403
CE_PAWNWEAKNESSES:0.5023534188958475
CE_PIECEACTIVITY:0.4776865787537508
CE_KINGPAWNSHIELD:0.4992157572068184
CE_PIECECOORDINATION:0.45297969078748695
CE_MATERIAL:0.5531969203757034
CE_KINGSAFETY:0.4992269907811898
C_PIECESQUARETABLES:0.49548989390010056
C_MOBILITY:0.5825825730752185
C_KINGSAFETY:0.5515449669580919
C_PAWNSTRUCTURE:0.5217433116274267
C_PIECECOORDINATION:0.4547617990665837
C_ROOKANDPAWNMOVEMENT:0.4547617990665837
C_CENTERCONTROL:0.5803759102555313
C_DEVELOPPIECES:0.3768411275057567
C_MATERIAL:0.4174704535539459
