ELO:1032
CE_PASSEDPAWNS:0.49666089684015446
CE_PAWNWEAKNESSES:0.5143739487374894
CE_PIECEACTIVITY:0.5042705760249254
CE_KINGPAWNSHIELD:0.4977457399439787
CE_PIECECOORDINATION:0.5062596673662701
CE_MATERIAL:0.5043812163470417
CE_KINGSAFETY:0.5
C_PIECESQUARETABLES:0.5
C_MOBILITY:0.5057745642532829
C_KINGSAFETY:0.5020406001877096
C_PAWNSTRUCTURE:0.5194196246624769
C_PIECECOORDINATION:0.5010565797952407
C_ROOK:0.5118138365292105
CE_ROOK:0.49891300614850354
C_CENTERCONTROL:0.4826416565238497
C_DEVELOPPIECES:0.49165728415932564
C_MATERIAL:0.5085119268006085
C_MOVECOUNT:0.4888952176647281
C_PAWNMOVEMENT:0.4985402491232781
