ELO:972
CE_PASSEDPAWNS:0.490204790919733
CE_PAWNWEAKNESSES:0.49060577513079356
CE_PIECEACTIVITY:0.4772522401494497
CE_KINGPAWNSHIELD:0.5140714739883334
CE_PIECECOORDINATION:0.46177728544557817
CE_MATERIAL:0.5526853807079675
CE_KINGSAFETY:0.5184901263040005
C_PIECESQUARETABLES:0.5079554625236258
C_MOBILITY:0.5468803941469625
C_KINGSAFETY:0.5179481151257547
C_PAWNSTRUCTURE:0.4894239061627818
C_PIECECOORDINATION:0.48465640770997137
C_ROOKANDPAWNMOVEMENT:0.48465640770997137
C_CENTERCONTROL:0.5726828216085692
C_DEVELOPPIECES:0.392225818291754
C_MATERIAL:0.4100602485062079
