ELO:951
CE_PASSEDPAWNS:0.5290576049518139
CE_PAWNWEAKNESSES:0.5156840560996943
CE_PIECEACTIVITY:0.5044007441994011
CE_KINGPAWNSHIELD:0.48218870393010593
CE_PIECECOORDINATION:0.5
CE_MATERIAL:0.5002200843332892
CE_KINGSAFETY:0.5111025539694128
C_PIECESQUARETABLES:0.5192818248456718
C_MOBILITY:0.46805511597442145
C_KINGSAFETY:0.5119206666472014
C_PAWNSTRUCTURE:0.5002654856888851
C_PIECECOORDINATION:0.486097690735366
C_ROOKANDPAWNMOVEMENT:0.486097690735366
C_CENTERCONTROL:0.4919621564357183
C_DEVELOPPIECES:0.514716687916598
C_MATERIAL:0.4774809010398992
C_MOVECOUNT:0.5
