ELO:1040
CE_PASSEDPAWNS:0.5014247685001917
CE_PAWNWEAKNESSES:0.5190882174525493
CE_PIECEACTIVITY:0.5
CE_KINGPAWNSHIELD:0.49789638128530633
CE_PIECECOORDINATION:0.5
CE_MATERIAL:0.5
CE_KINGSAFETY:0.5
C_PIECESQUARETABLES:0.48875625400302186
C_MOBILITY:0.4992579093602927
C_KINGSAFETY:0.4998476706400514
C_PAWNSTRUCTURE:0.4936931482257552
C_PIECECOORDINATION:0.5
C_ROOKANDPAWNMOVEMENT:0.5
C_CENTERCONTROL:0.49502764878365507
C_DEVELOPPIECES:0.5073586768597992
C_MATERIAL:0.5022057511759956
