ELO:901
CE_PASSEDPAWNS:0.4613667946749319
CE_PAWNWEAKNESSES:0.5487524873261476
CE_PIECEACTIVITY:0.4769566112135662
CE_KINGPAWNSHIELD:0.5151645643965533
CE_PIECECOORDINATION:0.49094704489686647
CE_MATERIAL:0.5064432697591054
CE_KINGSAFETY:0.479760776871217
C_PIECESQUARETABLES:0.5126342420854428
C_MOBILITY:0.518163612038622
C_KINGSAFETY:0.5419779624152046
C_PAWNSTRUCTURE:0.5115825216972854
C_PIECECOORDINATION:0.5091933505189151
C_ROOKANDPAWNMOVEMENT:0.5091933505189151
C_CENTERCONTROL:0.5273847242546077
C_DEVELOPPIECES:0.46344949382702455
C_MATERIAL:0.5016844887903686
C_MOVECOUNT:0.5
