ELO:969
CE_PASSEDPAWNS:0.5306929212211218
CE_PAWNWEAKNESSES:0.5573553912876659
CE_PIECEACTIVITY:0.4733072767098123
CE_KINGPAWNSHIELD:0.46637496476935775
CE_PIECECOORDINATION:0.4577400260288511
CE_MATERIAL:0.49101256647693203
CE_KINGSAFETY:0.5055285118252748
C_PIECESQUARETABLES:0.49814955604205424
C_MOBILITY:0.5928571454872222
C_KINGSAFETY:0.4542400018909377
C_PAWNSTRUCTURE:0.5074416663017395
C_PIECECOORDINATION:0.5202954900476959
C_ROOKANDPAWNMOVEMENT:0.5202954900476959
C_CENTERCONTROL:0.460690480935685
C_DEVELOPPIECES:0.5461306027734752
C_MATERIAL:0.48380957841792727
