ELO:1032
CE_PASSEDPAWNS:0.5
CE_PAWNWEAKNESSES:0.5
CE_PIECEACTIVITY:0.4909237022144567
CE_KINGPAWNSHIELD:0.5
CE_PIECECOORDINATION:0.5
CE_MATERIAL:0.5
CE_KINGSAFETY:0.4983957260669353
C_PIECESQUARETABLES:0.5
C_MOBILITY:0.49670888476768515
C_KINGSAFETY:0.5
C_PAWNSTRUCTURE:0.49837484787855385
C_PIECECOORDINATION:0.5053979598946069
C_ROOK:0.5144077609383051
CE_ROOK:0.4919372290368625
C_CENTERCONTROL:0.5
C_DEVELOPPIECES:0.4900101945511022
C_MATERIAL:0.5
C_MOVECOUNT:0.5
C_PAWNMOVEMENT:0.5
