ELO:1007
CE_PASSEDPAWNS:0.49333207745955177
CE_PAWNWEAKNESSES:0.49873462221034465
CE_PIECEACTIVITY:0.4989327028024408
CE_KINGPAWNSHIELD:0.4965411004181712
CE_PIECECOORDINATION:0.48813480440771695
CE_MATERIAL:0.49916960548256745
CE_KINGSAFETY:0.5
C_PIECESQUARETABLES:0.5
C_MOBILITY:0.5011372678464249
C_KINGSAFETY:0.4732797668172483
C_PAWNSTRUCTURE:0.5005690301204058
C_PIECECOORDINATION:0.49324253153829245
C_ROOKANDPAWNMOVEMENT:0.49324253153829245
C_CENTERCONTROL:0.5051312416811972
C_DEVELOPPIECES:0.5005509358267666
C_MATERIAL:0.4880015588669387
C_MOVECOUNT:0.5121501835574274
