ELO:992
CE_PASSEDPAWNS:0.5055025172006519
CE_PAWNWEAKNESSES:0.5319777493042745
CE_PIECEACTIVITY:0.4805483427406875
CE_KINGPAWNSHIELD:0.4955951138779932
CE_PIECECOORDINATION:0.5058479945560432
CE_MATERIAL:0.5340405538768849
CE_KINGSAFETY:0.5098210307551261
C_PIECESQUARETABLES:0.5084335634397541
C_MOBILITY:0.5253303859127881
C_KINGSAFETY:0.4847291851115835
C_PAWNSTRUCTURE:0.5024024468236546
C_PIECECOORDINATION:0.4846715053676254
C_ROOKANDPAWNMOVEMENT:0.4846715053676254
C_CENTERCONTROL:0.5688134268807326
C_DEVELOPPIECES:0.4305413152977154
C_MATERIAL:0.42778277560747535
