ELO:961
CE_PASSEDPAWNS:0.5270443635402275
CE_PAWNWEAKNESSES:0.5658536610139479
CE_PIECEACTIVITY:0.48103404673508354
CE_KINGPAWNSHIELD:0.462082905655881
CE_PIECECOORDINATION:0.4687811050121329
CE_MATERIAL:0.5000256793459812
CE_KINGSAFETY:0.5096316480318588
C_PIECESQUARETABLES:0.5137604124046585
C_MOBILITY:0.5840181086899595
C_KINGSAFETY:0.46237269030446626
C_PAWNSTRUCTURE:0.4890185344047825
C_PIECECOORDINATION:0.5203805658820964
C_ROOKANDPAWNMOVEMENT:0.5203805658820964
C_CENTERCONTROL:0.481934267707439
C_DEVELOPPIECES:0.5211958520689018
C_MATERIAL:0.48941512545627147
