ELO:1000
CE_PASSEDPAWNS:0.5114721853522212
CE_PAWNWEAKNESSES:0.5157031356107517
CE_PIECEACTIVITY:0.45014558216601197
CE_KINGPAWNSHIELD:0.4962862456844121
CE_PIECECOORDINATION:0.5023016543559545
CE_MATERIAL:0.4957949757328699
CE_KINGSAFETY:0.5089873432631015
C_PIECESQUARETABLES:0.48363146755065645
C_MOBILITY:0.4808805934110727
C_KINGSAFETY:0.5096709514221739
C_PAWNSTRUCTURE:0.4952007044427985
C_PIECECOORDINATION:0.5095530583179487
C_ROOKANDPAWNMOVEMENT:0.5095530583179487
C_CENTERCONTROL:0.5140218413072759
C_DEVELOPPIECES:0.46850365689085366
C_MATERIAL:0.4965192770684424
