ELO:970
CE_PASSEDPAWNS:0.5306929212211218
CE_PAWNWEAKNESSES:0.5573553912876659
CE_PIECEACTIVITY:0.4733072767098123
CE_KINGPAWNSHIELD:0.4704435865664531
CE_PIECECOORDINATION:0.4584369872976092
CE_MATERIAL:0.49101256647693203
CE_KINGSAFETY:0.4918016046560281
C_PIECESQUARETABLES:0.4910442227083775
C_MOBILITY:0.6016143280193651
C_KINGSAFETY:0.45676125486479335
C_PAWNSTRUCTURE:0.5074416663017395
C_PIECECOORDINATION:0.5214033501852151
C_ROOKANDPAWNMOVEMENT:0.5214033501852151
C_CENTERCONTROL:0.4728205601692987
C_DEVELOPPIECES:0.5517464855303448
C_MATERIAL:0.4817545538241761
