ELO:1000
CE_PASSEDPAWNS:0.5113174255033314
CE_PAWNWEAKNESSES:0.5165754423092545
CE_PIECEACTIVITY:0.45521935590841006
CE_KINGPAWNSHIELD:0.4962862456844121
CE_PIECECOORDINATION:0.5023016543559545
CE_MATERIAL:0.4862377059295579
CE_KINGSAFETY:0.5092103986192572
C_PIECESQUARETABLES:0.49396684140383657
C_MOBILITY:0.4808805934110727
C_KINGSAFETY:0.49955401384098025
C_PAWNSTRUCTURE:0.4952007044427985
C_PIECECOORDINATION:0.5045617096573446
C_ROOKANDPAWNMOVEMENT:0.5045617096573446
C_CENTERCONTROL:0.5140218413072759
C_DEVELOPPIECES:0.4734332645757271
C_MATERIAL:0.4965192770684424
