ELO:928
CE_PASSEDPAWNS:0.419237394921996
CE_PAWNWEAKNESSES:0.5147234734567003
CE_PIECEACTIVITY:0.4437894509005903
CE_KINGPAWNSHIELD:0.5415108952850946
CE_PIECECOORDINATION:0.41229033310618557
CE_MATERIAL:0.5195194209391026
CE_KINGSAFETY:0.4676890634443261
C_PIECESQUARETABLES:0.48480131257056025
C_MOBILITY:0.529837888436317
C_KINGSAFETY:0.5125128962824758
C_PAWNSTRUCTURE:0.6068099000485246
C_PIECECOORDINATION:0.5274847375611269
C_ROOKANDPAWNMOVEMENT:0.5274847375611269
C_CENTERCONTROL:0.42336403432736325
C_DEVELOPPIECES:0.585996018047068
C_MATERIAL:0.5734460539532973
