ELO:1010
CE_PASSEDPAWNS:0.5197123525110424
CE_PAWNWEAKNESSES:0.5165915268739114
CE_PIECEACTIVITY:0.5
CE_KINGPAWNSHIELD:0.49189810523873473
CE_PIECECOORDINATION:0.5
CE_MATERIAL:0.4989574986277878
CE_KINGSAFETY:0.4959378273793928
C_PIECESQUARETABLES:0.5
C_MOBILITY:0.500158995383049
C_KINGSAFETY:0.5060378777549975
C_PAWNSTRUCTURE:0.5
C_PIECECOORDINATION:0.5
C_ROOKANDPAWNMOVEMENT:0.5
C_CENTERCONTROL:0.5119825748898186
C_DEVELOPPIECES:0.5
C_MATERIAL:0.511645515314474
