ELO:937
CE_PASSEDPAWNS:0.5196924156395855
CE_PAWNWEAKNESSES:0.3822365183895675
CE_PIECEACTIVITY:0.4059209400199726
CE_KINGPAWNSHIELD:0.45654850669426184
CE_PIECECOORDINATION:0.44537570613980654
CE_MATERIAL:0.5519957025726422
CE_KINGSAFETY:0.4878561946612212
C_PIECESQUARETABLES:0.509381217069038
C_MOBILITY:0.5558342314351243
C_KINGSAFETY:0.4773348590490655
C_PAWNSTRUCTURE:0.5340674964999119
C_PIECECOORDINATION:0.48261106325757097
C_ROOKANDPAWNMOVEMENT:0.48261106325757097
C_CENTERCONTROL:0.5085884389908155
C_DEVELOPPIECES:0.5855606405377133
C_MATERIAL:0.541030791150136
