ELO:1000
CE_PASSEDPAWNS:0.5
CE_PAWNWEAKNESSES:0.5
CE_PIECEACTIVITY:0.5110107267654987
CE_KINGPAWNSHIELD:0.5
CE_PIECECOORDINATION:0.4929196351025511
CE_MATERIAL:0.5
CE_KINGSAFETY:0.4959256769032771
C_PIECESQUARETABLES:0.5
C_MOBILITY:0.5
C_KINGSAFETY:0.5024012477210965
C_PAWNSTRUCTURE:0.5
C_PIECECOORDINATION:0.5
C_ROOK:0.5
CE_ROOK:0.5036329280257228
C_CENTERCONTROL:0.5
C_DEVELOPPIECES:0.5
C_MATERIAL:0.5109398643252338
C_MOVECOUNT:0.5
C_PAWNMOVEMENT:0.4978008376343886
