ELO:709
CE_PASSEDPAWNS:0.5104019463099408
CE_PAWNWEAKNESSES:0.47798644245344557
CE_PIECEACTIVITY:0.4336428809788405
CE_KINGPAWNSHIELD:0.4981919974870223
CE_PIECECOORDINATION:0.5178262866782727
CE_MATERIAL:0.5004106162361045
CE_KINGSAFETY:0.5017574810078783
C_PIECESQUARETABLES:0.5033288007272395
C_MOBILITY:0.4681252909961424
C_KINGSAFETY:0.5446346851101578
C_PAWNSTRUCTURE:0.5036265136232889
C_PIECECOORDINATION:0.4445196183914388
C_ROOKANDPAWNMOVEMENT:0.4445196183914388
C_CENTERCONTROL:0.5174326814169259
C_DEVELOPPIECES:0.5543817481004188
C_MATERIAL:0.50492315199729
C_MOVECOUNT:0.4729969238967773
