ELO:1000
CE_PASSEDPAWNS:0.49446789015753306
CE_PAWNWEAKNESSES:0.5
CE_PIECEACTIVITY:0.5110107267654987
CE_KINGPAWNSHIELD:0.5
CE_PIECECOORDINATION:0.49166931865866964
CE_MATERIAL:0.5043048808269891
CE_KINGSAFETY:0.4959256769032771
C_PIECESQUARETABLES:0.5
C_MOBILITY:0.49099192548966175
C_KINGSAFETY:0.4911106746630807
C_PAWNSTRUCTURE:0.5
C_PIECECOORDINATION:0.5024465970051206
C_ROOK:0.5
CE_ROOK:0.5036329280257228
C_CENTERCONTROL:0.5
C_DEVELOPPIECES:0.5
C_MATERIAL:0.5109398643252338
C_MOVECOUNT:0.49294725206883333
C_PAWNMOVEMENT:0.4978008376343886
