ELO:916
CE_PASSEDPAWNS:0.4643602556259769
CE_PAWNWEAKNESSES:0.530108341198366
CE_PIECEACTIVITY:0.5262265993462711
CE_KINGPAWNSHIELD:0.4592514395105012
CE_PIECECOORDINATION:0.4974524466690901
CE_MATERIAL:0.5373147197315173
CE_KINGSAFETY:0.5147620460868347
C_PIECESQUARETABLES:0.5097592235276347
C_MOBILITY:0.5137439280748559
C_KINGSAFETY:0.5195851405628792
C_PAWNSTRUCTURE:0.4135531159248866
C_PIECECOORDINATION:0.4653027398221363
C_ROOK:0.511100592177
CE_ROOK:0.45423393491252667
C_CENTERCONTROL:0.5933374311565255
C_DEVELOPPIECES:0.5386031409888984
C_MATERIAL:0.5307550266046825
C_MOVECOUNT:0.44071575203381136
C_PAWNMOVEMENT:0.48935217156101857
