ELO:845
CE_PASSEDPAWNS:0.3916022153368396
CE_PAWNWEAKNESSES:0.5616150488658945
CE_PIECEACTIVITY:0.3548834944274054
CE_KINGPAWNSHIELD:0.5080551313869716
CE_PIECECOORDINATION:0.5887169877126495
CE_MATERIAL:0.43196531644702774
CE_KINGSAFETY:0.4910773875120618
C_PIECESQUARETABLES:0.5
C_MOBILITY:0.4526961548215303
C_KINGSAFETY:0.5465651091467877
C_PAWNSTRUCTURE:0.46225291571226906
C_PIECECOORDINATION:0.45458917241169844
C_ROOKANDPAWNMOVEMENT:0.45458917241169844
C_CENTERCONTROL:0.492077321449049
C_DEVELOPPIECES:0.5150751611396046
C_MATERIAL:0.5743112813878503
