ELO:956
CE_PASSEDPAWNS:0.527490448469281
CE_PAWNWEAKNESSES:0.39513896245025165
CE_PIECEACTIVITY:0.4157171505482957
CE_KINGPAWNSHIELD:0.45181993252096675
CE_PIECECOORDINATION:0.48188352862233874
CE_MATERIAL:0.5422134259386944
CE_KINGSAFETY:0.4941539337750473
C_PIECESQUARETABLES:0.4823477633058071
C_MOBILITY:0.5761544552407668
C_KINGSAFETY:0.5209485513567954
C_PAWNSTRUCTURE:0.5337624861387814
C_PIECECOORDINATION:0.5204258101909094
C_ROOKANDPAWNMOVEMENT:0.5204258101909094
C_CENTERCONTROL:0.5324368225008068
C_DEVELOPPIECES:0.6042036948559182
C_MATERIAL:0.53573313605855
