ELO:696
CE_PASSEDPAWNS:0.4858168385713703
CE_PAWNWEAKNESSES:0.4039513630565829
CE_PIECEACTIVITY:0.6176338410307494
CE_KINGPAWNSHIELD:0.27183359456317513
CE_PIECECOORDINATION:0.516330048075903
CE_MATERIAL:0.5616577511454903
CE_KINGSAFETY:0.5139690386351811
C_PIECESQUARETABLES:0.5473567995961488
C_MOBILITY:0.5309911546712711
C_KINGSAFETY:0.4783368851748423
C_PAWNSTRUCTURE:0.575771044518245
C_PIECECOORDINATION:0.46919309043649954
C_ROOKANDPAWNMOVEMENT:0.46919309043649954
C_CENTERCONTROL:0.4780575270597317
C_DEVELOPPIECES:0.5612508760093078
C_MATERIAL:0.4636312518241952
C_MOVECOUNT:0.5
