ELO:951
CE_PASSEDPAWNS:0.5058078282840387
CE_PAWNWEAKNESSES:0.507516504065824
CE_PIECEACTIVITY:0.5349078022278616
CE_KINGPAWNSHIELD:0.4810399954291858
CE_PIECECOORDINATION:0.5244151897244262
CE_MATERIAL:0.5053724209695915
CE_KINGSAFETY:0.5
C_PIECESQUARETABLES:0.5
C_MOBILITY:0.5015055934837745
C_KINGSAFETY:0.49469552662597005
C_PAWNSTRUCTURE:0.49231036609419304
C_PIECECOORDINATION:0.478834339746433
C_ROOKANDPAWNMOVEMENT:0.478834339746433
C_CENTERCONTROL:0.49814659434946934
C_DEVELOPPIECES:0.5
C_MATERIAL:0.47881840134685033
C_MOVECOUNT:0.4778214814017961
