ELO:684
CE_PASSEDPAWNS:0.48719544701354767
CE_PAWNWEAKNESSES:0.4313661250035421
CE_PIECEACTIVITY:0.5953619071053056
CE_KINGPAWNSHIELD:0.2894359779160935
CE_PIECECOORDINATION:0.5295757541846229
CE_MATERIAL:0.5421054035097611
CE_KINGSAFETY:0.509409342413437
C_PIECESQUARETABLES:0.5208670444949739
C_MOBILITY:0.5349322598111501
C_KINGSAFETY:0.489543345505528
C_PAWNSTRUCTURE:0.5641330620964611
C_PIECECOORDINATION:0.46486268601765207
C_ROOKANDPAWNMOVEMENT:0.46486268601765207
C_CENTERCONTROL:0.44795868652008547
C_DEVELOPPIECES:0.548902148002055
C_MATERIAL:0.46747005556783894
C_MOVECOUNT:0.5
