ELO:986
CE_PASSEDPAWNS:0.5034974300222521
CE_PAWNWEAKNESSES:0.5
CE_PIECEACTIVITY:0.5065335811381803
CE_KINGPAWNSHIELD:0.5
CE_PIECECOORDINATION:0.4960758075545189
CE_MATERIAL:0.5
CE_KINGSAFETY:0.5059790207666686
C_PIECESQUARETABLES:0.5
C_MOBILITY:0.5025423123029338
C_KINGSAFETY:0.4877075105812196
C_PAWNSTRUCTURE:0.5
C_PIECECOORDINATION:0.5034562199239531
C_ROOKANDPAWNMOVEMENT:0.5034562199239531
C_CENTERCONTROL:0.5208196958069367
C_DEVELOPPIECES:0.5123960925077217
C_MATERIAL:0.5041532253905664
C_MOVECOUNT:0.5076312437190557
