ELO:992
CE_PASSEDPAWNS:0.5
CE_PAWNWEAKNESSES:0.5
CE_PIECEACTIVITY:0.5096122807358842
CE_KINGPAWNSHIELD:0.5085909668921887
CE_PIECECOORDINATION:0.5
CE_MATERIAL:0.5033767969137165
CE_KINGSAFETY:0.48871023522587637
C_PIECESQUARETABLES:0.5
C_MOBILITY:0.5092260200841238
C_KINGSAFETY:0.5076186332038597
C_PAWNSTRUCTURE:0.5
C_PIECECOORDINATION:0.5111572845514184
C_ROOK:0.5
CE_ROOK:0.5
C_CENTERCONTROL:0.5
C_DEVELOPPIECES:0.5
C_MATERIAL:0.5
C_MOVECOUNT:0.5
C_PAWNMOVEMENT:0.5
