ELO:1004
CE_PASSEDPAWNS:0.5187062818798
CE_PAWNWEAKNESSES:0.4933631737287177
CE_PIECEACTIVITY:0.4935660496982911
CE_KINGPAWNSHIELD:0.4898456419764325
CE_PIECECOORDINATION:0.5
CE_MATERIAL:0.4864844380223662
CE_KINGSAFETY:0.5007710656656847
C_PIECESQUARETABLES:0.5062944101092522
C_MOBILITY:0.5022902837630672
C_KINGSAFETY:0.4930620232899159
C_PAWNSTRUCTURE:0.5022338424382897
C_PIECECOORDINATION:0.5
C_ROOKANDPAWNMOVEMENT:0.5
C_CENTERCONTROL:0.5163617259248804
C_DEVELOPPIECES:0.5057656159051567
C_MATERIAL:0.49542974814346635
