ELO:864
CE_PASSEDPAWNS:0.393289041168414
CE_PAWNWEAKNESSES:0.5869094725852863
CE_PIECEACTIVITY:0.3457003423069749
CE_KINGPAWNSHIELD:0.5318310962564587
CE_PIECECOORDINATION:0.5968164674843728
CE_MATERIAL:0.4309774279157985
CE_KINGSAFETY:0.4962183588039193
C_PIECESQUARETABLES:0.48247823109520005
C_MOBILITY:0.45171648630009964
C_KINGSAFETY:0.5658700190389075
C_PAWNSTRUCTURE:0.4598814520564661
C_PIECECOORDINATION:0.4552040266914729
C_ROOKANDPAWNMOVEMENT:0.4552040266914729
C_CENTERCONTROL:0.48925023426601144
C_DEVELOPPIECES:0.5340344465990384
C_MATERIAL:0.5667171509524845
