ELO:942
CE_PASSEDPAWNS:0.5412807629952784
CE_PAWNWEAKNESSES:0.5063980837625941
CE_PIECEACTIVITY:0.5201786708144069
CE_KINGPAWNSHIELD:0.49806903817437903
CE_PIECECOORDINATION:0.5
CE_MATERIAL:0.5200166856944054
CE_KINGSAFETY:0.5188453946436979
C_PIECESQUARETABLES:0.5352553701826601
C_MOBILITY:0.49149489242243966
C_KINGSAFETY:0.49631088727492906
C_PAWNSTRUCTURE:0.49564795434882486
C_PIECECOORDINATION:0.5039311235160122
C_ROOKANDPAWNMOVEMENT:0.5039311235160122
C_CENTERCONTROL:0.5082986975910138
C_DEVELOPPIECES:0.5025662363353198
C_MATERIAL:0.47881840134685033
C_MOVECOUNT:0.4905321943331961
