ELO:946
CE_PASSEDPAWNS:0.5021162505192642
CE_PAWNWEAKNESSES:0.49482629605997475
CE_PIECEACTIVITY:0.5258040986450907
CE_KINGPAWNSHIELD:0.5261727335895026
CE_PIECECOORDINATION:0.4598341456476801
CE_MATERIAL:0.5137685984859686
CE_KINGSAFETY:0.5
C_PIECESQUARETABLES:0.509153779893823
C_MOBILITY:0.48790588312285676
C_KINGSAFETY:0.4767698665952831
C_PAWNSTRUCTURE:0.4924411376877911
C_PIECECOORDINATION:0.509413880851412
C_ROOKANDPAWNMOVEMENT:0.509413880851412
C_CENTERCONTROL:0.5137270980708498
C_DEVELOPPIECES:0.5137185431975527
C_MATERIAL:0.48457141990592845
C_MOVECOUNT:0.5184862385496428
