ELO:1000
CE_PASSEDPAWNS:0.4850385496215633
CE_PAWNWEAKNESSES:0.5060383374745638
CE_PIECEACTIVITY:0.4841344988204361
CE_KINGPAWNSHIELD:0.5197658937395568
CE_PIECECOORDINATION:0.4819438173379698
CE_MATERIAL:0.49573654281607377
CE_KINGSAFETY:0.5012565454246816
C_PIECESQUARETABLES:0.494555845342698
C_MOBILITY:0.49676588986584225
C_KINGSAFETY:0.47893668750892543
C_PAWNSTRUCTURE:0.5228002679473356
C_PIECECOORDINATION:0.489106059988944
C_ROOKANDPAWNMOVEMENT:0.489106059988944
C_CENTERCONTROL:0.5022888873995477
C_DEVELOPPIECES:0.5207780231221322
C_MATERIAL:0.5047844330611704
