ELO:1001
CE_PASSEDPAWNS:0.4819668625853827
CE_PAWNWEAKNESSES:0.514791712091087
CE_PIECEACTIVITY:0.5054041273256811
CE_KINGPAWNSHIELD:0.4789815732354157
CE_PIECECOORDINATION:0.4933087214907593
CE_MATERIAL:0.5220718279993347
CE_KINGSAFETY:0.510311910675283
C_PIECESQUARETABLES:0.5
C_MOBILITY:0.5166297512224197
C_KINGSAFETY:0.5175388312536184
C_PAWNSTRUCTURE:0.4785591064950635
C_PIECECOORDINATION:0.48688395462255774
C_ROOK:0.49940886505034526
CE_ROOK:0.47412481118873057
C_CENTERCONTROL:0.5452930046624751
C_DEVELOPPIECES:0.5042722268907838
C_MATERIAL:0.4867763542546517
C_MOVECOUNT:0.49031122573140146
C_PAWNMOVEMENT:0.4968861413974153
