ELO:986
CE_PASSEDPAWNS:0.4674193063879898
CE_PAWNWEAKNESSES:0.4954552448472507
CE_PIECEACTIVITY:0.5102755497619634
CE_KINGPAWNSHIELD:0.480440433936718
CE_PIECECOORDINATION:0.4933087214907593
CE_MATERIAL:0.5202347675125882
CE_KINGSAFETY:0.5088952003413321
C_PIECESQUARETABLES:0.4979446657511501
C_MOBILITY:0.5166297512224197
C_KINGSAFETY:0.5271062459724154
C_PAWNSTRUCTURE:0.4705541892278217
C_PIECECOORDINATION:0.4924382194907044
C_ROOK:0.49940886505034526
CE_ROOK:0.4677913336077126
C_CENTERCONTROL:0.5548503234128865
C_DEVELOPPIECES:0.5030145610551985
C_MATERIAL:0.514926896980402
C_MOVECOUNT:0.47503500731527193
C_PAWNMOVEMENT:0.4968861413974153
