ELO:1090
CE_PASSEDPAWNS:0.6317806469967885
CE_PAWNWEAKNESSES:0.4984269576419065
CE_PIECEACTIVITY:0.4741019987469735
CE_KINGPAWNSHIELD:0.4879364312023522
CE_PIECECOORDINATION:0.5037204546990426
CE_MATERIAL:0.4647990134858347
CE_KINGSAFETY:0.52736402499042
C_PIECESQUARETABLES:0.4968051091516928
C_MOBILITY:0.42608851408833376
C_KINGSAFETY:0.5144046930350386
C_PAWNSTRUCTURE:0.41819021306042825
C_PIECECOORDINATION:0.48323704156154584
C_ROOKANDPAWNMOVEMENT:0.48323704156154584
C_CENTERCONTROL:0.5249344682964965
C_DEVELOPPIECES:0.5863626458340776
C_MATERIAL:0.4317693677789899
