ELO:957
CE_PASSEDPAWNS:0.521190680349345
CE_PAWNWEAKNESSES:0.40245242287599037
CE_PIECEACTIVITY:0.4157171505482957
CE_KINGPAWNSHIELD:0.45181993252096675
CE_PIECECOORDINATION:0.48188352862233874
CE_MATERIAL:0.5422134259386944
CE_KINGSAFETY:0.4968790499529021
C_PIECESQUARETABLES:0.4823477633058071
C_MOBILITY:0.5761544552407668
C_KINGSAFETY:0.5209485513567954
C_PAWNSTRUCTURE:0.5381468661016219
C_PIECECOORDINATION:0.5204258101909094
C_ROOKANDPAWNMOVEMENT:0.5204258101909094
C_CENTERCONTROL:0.539877732353422
C_DEVELOPPIECES:0.5958839365043556
C_MATERIAL:0.53573313605855
