ELO:983
CE_PASSEDPAWNS:0.5256455219569903
CE_PAWNWEAKNESSES:0.46222187550685334
CE_PIECEACTIVITY:0.4324170865902085
CE_KINGPAWNSHIELD:0.473542761344425
CE_PIECECOORDINATION:0.44358213502869315
CE_MATERIAL:0.5243258891666241
CE_KINGSAFETY:0.4927184584906047
C_PIECESQUARETABLES:0.5
C_MOBILITY:0.5076308744186845
C_KINGSAFETY:0.5071607787706724
C_PAWNSTRUCTURE:0.5279627618409549
C_PIECECOORDINATION:0.5106003853800696
C_ROOKANDPAWNMOVEMENT:0.5106003853800696
C_CENTERCONTROL:0.5404075899149737
C_DEVELOPPIECES:0.5507100863317305
C_MATERIAL:0.5738566235306385
