ELO:951
CE_PASSEDPAWNS:0.5354831975998843
CE_PAWNWEAKNESSES:0.40921951429070347
CE_PIECEACTIVITY:0.41117707504645173
CE_KINGPAWNSHIELD:0.45181993252096675
CE_PIECECOORDINATION:0.4733735555496171
CE_MATERIAL:0.5511320035357484
CE_KINGSAFETY:0.4943318956868094
C_PIECESQUARETABLES:0.49641720086075014
C_MOBILITY:0.5713969274115464
C_KINGSAFETY:0.4978040888974437
C_PAWNSTRUCTURE:0.5298408446263126
C_PIECECOORDINATION:0.5095025485316476
C_ROOKANDPAWNMOVEMENT:0.5095025485316476
C_CENTERCONTROL:0.5195123940750935
C_DEVELOPPIECES:0.5873981212943593
C_MATERIAL:0.5450615721817123
