ELO:909
CE_PASSEDPAWNS:0.4620163762282792
CE_PAWNWEAKNESSES:0.5143227326826391
CE_PIECEACTIVITY:0.5140617002803045
CE_KINGPAWNSHIELD:0.46154288911072233
CE_PIECECOORDINATION:0.5017493382241912
CE_MATERIAL:0.5204662320041834
CE_KINGSAFETY:0.4949248749129508
C_PIECESQUARETABLES:0.5087136045931795
C_MOBILITY:0.5172891596578819
C_KINGSAFETY:0.4957821961963816
C_PAWNSTRUCTURE:0.42379484492257635
C_PIECECOORDINATION:0.47721738262676183
C_ROOK:0.5117104682084155
CE_ROOK:0.4469830983178151
C_CENTERCONTROL:0.5819294058895089
C_DEVELOPPIECES:0.5081142700965897
C_MATERIAL:0.5133641182245404
C_MOVECOUNT:0.44288224122776126
C_PAWNMOVEMENT:0.48782638328740024
