ELO:967
CE_PASSEDPAWNS:0.49826586331315004
CE_PAWNWEAKNESSES:0.4979860196072615
CE_PIECEACTIVITY:0.5199369003266194
CE_KINGPAWNSHIELD:0.47389495434421824
CE_PIECECOORDINATION:0.49258356062072983
CE_MATERIAL:0.5053791355371821
CE_KINGSAFETY:0.5072811527064953
C_PIECESQUARETABLES:0.49762611954241265
C_MOBILITY:0.510215123055439
C_KINGSAFETY:0.5053772494585455
C_PAWNSTRUCTURE:0.488559293251223
C_PIECECOORDINATION:0.48688395462255774
C_ROOK:0.5
CE_ROOK:0.4990582494889258
C_CENTERCONTROL:0.5215017340945467
C_DEVELOPPIECES:0.5042722268907838
C_MATERIAL:0.49228822178082265
C_MOVECOUNT:0.48091310952354627
C_PAWNMOVEMENT:0.4872040388107856
