ELO:1005
CE_PASSEDPAWNS:0.5
CE_PAWNWEAKNESSES:0.49147864484836656
CE_PIECEACTIVITY:0.49683537488858576
CE_KINGPAWNSHIELD:0.5
CE_PIECECOORDINATION:0.50174700804006
CE_MATERIAL:0.5046674738875613
CE_KINGSAFETY:0.49732679520654405
C_PIECESQUARETABLES:0.4963194616186793
C_MOBILITY:0.5101311264198414
C_KINGSAFETY:0.5
C_PAWNSTRUCTURE:0.5078332337639263
C_PIECECOORDINATION:0.5129966924188611
C_ROOKANDPAWNMOVEMENT:0.5129966924188611
C_CENTERCONTROL:0.5
C_DEVELOPPIECES:0.5115021683486058
C_MATERIAL:0.5169658100357643
