ELO:907
CE_PASSEDPAWNS:0.5189883238585722
CE_PAWNWEAKNESSES:0.5124664169837545
CE_PIECEACTIVITY:0.5298286857729072
CE_KINGPAWNSHIELD:0.5029074874611632
CE_PIECECOORDINATION:0.4999110362907938
CE_MATERIAL:0.5081542467122944
CE_KINGSAFETY:0.4924049800904905
C_PIECESQUARETABLES:0.5207445681993799
C_MOBILITY:0.4963358385094926
C_KINGSAFETY:0.4826679582876482
C_PAWNSTRUCTURE:0.4991206965352717
C_PIECECOORDINATION:0.5217244246286981
C_ROOKANDPAWNMOVEMENT:0.5217244246286981
C_CENTERCONTROL:0.496714302624983
C_DEVELOPPIECES:0.5064187604296396
C_MATERIAL:0.49933479015716575
C_MOVECOUNT:0.5
