ELO:799
CE_PASSEDPAWNS:0.5148071294322341
CE_PAWNWEAKNESSES:0.4770396555976361
CE_PIECEACTIVITY:0.46051968199153587
CE_KINGPAWNSHIELD:0.48204159301226784
CE_PIECECOORDINATION:0.5077242409077177
CE_MATERIAL:0.500957588291249
CE_KINGSAFETY:0.5027440214346501
C_PIECESQUARETABLES:0.5021716153187343
C_MOBILITY:0.4885109585889454
C_KINGSAFETY:0.5354470450627239
C_PAWNSTRUCTURE:0.5225272237569315
C_PIECECOORDINATION:0.4404065437198598
C_ROOKANDPAWNMOVEMENT:0.4404065437198598
C_CENTERCONTROL:0.5197774651050882
C_DEVELOPPIECES:0.5439497924716475
C_MATERIAL:0.5150975939263047
C_MOVECOUNT:0.4655596471986836
