ELO:1000
CE_PASSEDPAWNS:0.5185268698839041
CE_PAWNWEAKNESSES:0.5336171096005868
CE_PIECEACTIVITY:0.4495311020037307
CE_KINGPAWNSHIELD:0.49445767988522454
CE_PIECECOORDINATION:0.43546881359077455
CE_MATERIAL:0.5156043891870584
CE_KINGSAFETY:0.48626992766236843
C_PIECESQUARETABLES:0.49561574532404906
C_MOBILITY:0.5259571370022449
C_KINGSAFETY:0.473055688706252
C_PAWNSTRUCTURE:0.5319572351897693
C_PIECECOORDINATION:0.5140381358029269
C_ROOKANDPAWNMOVEMENT:0.5140381358029269
C_CENTERCONTROL:0.534222725676851
C_DEVELOPPIECES:0.5424532720330938
C_MATERIAL:0.5331015479277731
