ELO:954
CE_PASSEDPAWNS:0.5388117493797898
CE_PAWNWEAKNESSES:0.5798034973358577
CE_PIECEACTIVITY:0.5811771246576924
CE_KINGPAWNSHIELD:0.43877675798142457
CE_PIECECOORDINATION:0.5425845071898888
CE_MATERIAL:0.4260399245346229
CE_KINGSAFETY:0.48490142716779305
C_PIECESQUARETABLES:0.49499291802345047
C_MOBILITY:0.47312565621855035
C_KINGSAFETY:0.5402908659903263
C_PAWNSTRUCTURE:0.45306315565770816
C_PIECECOORDINATION:0.5425653313887618
C_ROOKANDPAWNMOVEMENT:0.5425653313887618
C_CENTERCONTROL:0.5436855738806766
C_DEVELOPPIECES:0.5013674897558101
C_MATERIAL:0.5066557982435349
