ELO:993
CE_PASSEDPAWNS:0.5186491999169385
CE_PAWNWEAKNESSES:0.49790659333664233
CE_PIECEACTIVITY:0.5038008585551161
CE_KINGPAWNSHIELD:0.5
CE_PIECECOORDINATION:0.5201808554905814
CE_MATERIAL:0.5013217435837
CE_KINGSAFETY:0.5
C_PIECESQUARETABLES:0.490669000437998
C_MOBILITY:0.4975687967868808
C_KINGSAFETY:0.5
C_PAWNSTRUCTURE:0.5
C_PIECECOORDINATION:0.5
C_ROOKANDPAWNMOVEMENT:0.5
C_CENTERCONTROL:0.5
C_DEVELOPPIECES:0.5
C_MATERIAL:0.501129066278798
C_MOVECOUNT:0.5
