ELO:970
CE_PASSEDPAWNS:0.5222863246471598
CE_PAWNWEAKNESSES:0.4138830335324553
CE_PIECEACTIVITY:0.41129584138685205
CE_KINGPAWNSHIELD:0.45626728838129343
CE_PIECECOORDINATION:0.46196482030416813
CE_MATERIAL:0.5296700993435228
CE_KINGSAFETY:0.49533632070771005
C_PIECESQUARETABLES:0.5143270873130622
C_MOBILITY:0.5557074898550797
C_KINGSAFETY:0.5317186770395773
C_PAWNSTRUCTURE:0.5121657324000131
C_PIECECOORDINATION:0.48799698064618763
C_ROOKANDPAWNMOVEMENT:0.48799698064618763
C_CENTERCONTROL:0.5589344487637894
C_DEVELOPPIECES:0.583162189932314
C_MATERIAL:0.5247935778962017
