ELO:962
CE_PASSEDPAWNS:0.5379815354218562
CE_PAWNWEAKNESSES:0.5664270608555476
CE_PIECEACTIVITY:0.5717235565262111
CE_KINGPAWNSHIELD:0.44997713669220746
CE_PIECECOORDINATION:0.533511136360374
CE_MATERIAL:0.42082127603386954
CE_KINGSAFETY:0.49606931184805914
C_PIECESQUARETABLES:0.49886215791536725
C_MOBILITY:0.4909411894983882
C_KINGSAFETY:0.5567263571816353
C_PAWNSTRUCTURE:0.42693382633148486
C_PIECECOORDINATION:0.5118935610415294
C_ROOKANDPAWNMOVEMENT:0.5118935610415294
C_CENTERCONTROL:0.5509939815530644
C_DEVELOPPIECES:0.5088797121710519
C_MATERIAL:0.4813762308870102
