ELO:884
CE_PASSEDPAWNS:0.4666468526189327
CE_PAWNWEAKNESSES:0.5370499068139983
CE_PIECEACTIVITY:0.530269687401734
CE_KINGPAWNSHIELD:0.43013459306909135
CE_PIECECOORDINATION:0.4994291008759404
CE_MATERIAL:0.5604931237196227
CE_KINGSAFETY:0.4997980078577343
C_PIECESQUARETABLES:0.5
C_MOBILITY:0.5073366417579273
C_KINGSAFETY:0.5176913096333675
C_PAWNSTRUCTURE:0.4208997256263763
C_PIECECOORDINATION:0.4931211253456002
C_ROOK:0.5183340928868578
CE_ROOK:0.4690831843792211
C_CENTERCONTROL:0.5933374311565255
C_DEVELOPPIECES:0.5263383585331867
C_MATERIAL:0.5127610789098163
C_MOVECOUNT:0.45004416847918477
C_PAWNMOVEMENT:0.5000670019589947
