ELO:1000
CE_PASSEDPAWNS:0.503715950592975
CE_PAWNWEAKNESSES:0.5141347403039133
CE_PIECEACTIVITY:0.5143902149349844
CE_KINGPAWNSHIELD:0.4929826651548395
CE_PIECECOORDINATION:0.5124567523480551
CE_MATERIAL:0.45057199324322883
CE_KINGSAFETY:0.5062753837066966
C_PIECESQUARETABLES:0.5097042920470712
C_MOBILITY:0.47928739070376386
C_KINGSAFETY:0.5047770777039043
C_PAWNSTRUCTURE:0.47803240694568855
C_PIECECOORDINATION:0.469298890095185
C_ROOKANDPAWNMOVEMENT:0.469298890095185
C_CENTERCONTROL:0.507981778698359
C_DEVELOPPIECES:0.4857287502410741
C_MATERIAL:0.519774079877285
