ELO:645
CE_PASSEDPAWNS:0.5017792072907126
CE_PAWNWEAKNESSES:0.475149981713615
CE_PIECEACTIVITY:0.4524810825693573
CE_KINGPAWNSHIELD:0.5206239151445196
CE_PIECECOORDINATION:0.4874515318867953
CE_MATERIAL:0.49194916036351793
CE_KINGSAFETY:0.514297932733824
C_PIECESQUARETABLES:0.5134490527200651
C_MOBILITY:0.45404756610103036
C_KINGSAFETY:0.5823280441434849
C_PAWNSTRUCTURE:0.46908116043569614
C_PIECECOORDINATION:0.4872596648329384
C_ROOKANDPAWNMOVEMENT:0.4872596648329384
C_CENTERCONTROL:0.5133337470479776
C_DEVELOPPIECES:0.5990555001736141
C_MATERIAL:0.4978397261579674
C_MOVECOUNT:0.5435759780767355
