ELO:957
CE_PASSEDPAWNS:0.5374171822679011
CE_PAWNWEAKNESSES:0.5815389337385058
CE_PIECEACTIVITY:0.5784751243365556
CE_KINGPAWNSHIELD:0.44481660525008143
CE_PIECECOORDINATION:0.5320530608208227
CE_MATERIAL:0.42274777736274166
CE_KINGSAFETY:0.48308439814061993
C_PIECESQUARETABLES:0.5034708453161738
C_MOBILITY:0.4730541087249888
C_KINGSAFETY:0.5201680312461661
C_PAWNSTRUCTURE:0.46435351725560314
C_PIECECOORDINATION:0.5350819407481137
C_ROOKANDPAWNMOVEMENT:0.5350819407481137
C_CENTERCONTROL:0.5390576729484161
C_DEVELOPPIECES:0.49216442691774953
C_MATERIAL:0.5007265474381352
