ELO:694
CE_PASSEDPAWNS:0.5236278064878589
CE_PAWNWEAKNESSES:0.48292603447755655
CE_PIECEACTIVITY:0.43557484766111676
CE_KINGPAWNSHIELD:0.5053466506002002
CE_PIECECOORDINATION:0.5125815375475467
CE_MATERIAL:0.5004106162361045
CE_KINGSAFETY:0.4948025289046121
C_PIECESQUARETABLES:0.5098273269998599
C_MOBILITY:0.46756019818606437
C_KINGSAFETY:0.538258451717772
C_PAWNSTRUCTURE:0.5130774470053538
C_PIECECOORDINATION:0.4705745136781308
C_ROOKANDPAWNMOVEMENT:0.4705745136781308
C_CENTERCONTROL:0.5095104886085684
C_DEVELOPPIECES:0.5544267401796502
C_MATERIAL:0.5193819924398433
C_MOVECOUNT:0.49238804731649255
