ELO:1000
CE_PASSEDPAWNS:0.5
CE_PAWNWEAKNESSES:0.511137369873802
CE_PIECEACTIVITY:0.4881322470146259
CE_KINGPAWNSHIELD:0.507387982922578
CE_PIECECOORDINATION:0.49904245746809994
CE_MATERIAL:0.5095756312001062
CE_KINGSAFETY:0.5
C_PIECESQUARETABLES:0.5093418398366875
C_MOBILITY:0.49832206212386465
C_KINGSAFETY:0.49942419647966774
C_PAWNSTRUCTURE:0.5057789918460096
C_PIECECOORDINATION:0.4866724561488788
C_ROOKANDPAWNMOVEMENT:0.4866724561488788
C_CENTERCONTROL:0.5037508814004473
C_DEVELOPPIECES:0.5100849767210728
C_MATERIAL:0.5067685148340035
