ELO:868
CE_PASSEDPAWNS:0.4882438232692459
CE_PAWNWEAKNESSES:0.36573213263154397
CE_PIECEACTIVITY:0.3693229156287158
CE_KINGPAWNSHIELD:0.5192665141008476
CE_PIECECOORDINATION:0.441806054632494
CE_MATERIAL:0.4823483705104151
CE_KINGSAFETY:0.45100622512909433
C_PIECESQUARETABLES:0.5139542521485296
C_MOBILITY:0.5232566143628342
C_KINGSAFETY:0.38266985507818085
C_PAWNSTRUCTURE:0.5532189720753163
C_PIECECOORDINATION:0.4850087737313008
C_ROOKANDPAWNMOVEMENT:0.4850087737313008
C_CENTERCONTROL:0.5026371851591163
C_DEVELOPPIECES:0.5626799296304968
C_MATERIAL:0.5798967019742035
