ELO:746
CE_PASSEDPAWNS:0.4827745067552376
CE_PAWNWEAKNESSES:0.4864106945030015
CE_PIECEACTIVITY:0.579495657769114
CE_KINGPAWNSHIELD:0.3063976040312155
CE_PIECECOORDINATION:0.5309229458141431
CE_MATERIAL:0.5483907115855571
CE_KINGSAFETY:0.5282705553051855
C_PIECESQUARETABLES:0.4884688293196106
C_MOBILITY:0.532516852461603
C_KINGSAFETY:0.5123586411662426
C_PAWNSTRUCTURE:0.5550447325379028
C_PIECECOORDINATION:0.47457751566501993
C_ROOKANDPAWNMOVEMENT:0.47457751566501993
C_CENTERCONTROL:0.4920465067375418
C_DEVELOPPIECES:0.5149137993028525
C_MATERIAL:0.5212235694032442
C_MOVECOUNT:0.5
