ELO:991
CE_PASSEDPAWNS:0.4819668625853827
CE_PAWNWEAKNESSES:0.5129760631493855
CE_PIECEACTIVITY:0.5031052284377001
CE_KINGPAWNSHIELD:0.4789815732354157
CE_PIECECOORDINATION:0.49258356062072983
CE_MATERIAL:0.5135217092617456
CE_KINGSAFETY:0.507141275410354
C_PIECESQUARETABLES:0.5
C_MOBILITY:0.5166297512224197
C_KINGSAFETY:0.5166379353880775
C_PAWNSTRUCTURE:0.480741532456832
C_PIECECOORDINATION:0.48688395462255774
C_ROOK:0.49940886505034526
CE_ROOK:0.47704819684944777
C_CENTERCONTROL:0.5345187240696002
C_DEVELOPPIECES:0.5042722268907838
C_MATERIAL:0.4867763542546517
C_MOVECOUNT:0.4917504394831351
C_PAWNMOVEMENT:0.4898270191405616
