ELO:678
CE_PASSEDPAWNS:0.398344523670665
CE_PAWNWEAKNESSES:0.5122107136516645
CE_PIECEACTIVITY:0.42946410840650723
CE_KINGPAWNSHIELD:0.48200834018811145
CE_PIECECOORDINATION:0.5993480854267678
CE_MATERIAL:0.5029149946821888
CE_KINGSAFETY:0.4642207275713135
C_PIECESQUARETABLES:0.4968482780067866
C_MOBILITY:0.5055307100170838
C_KINGSAFETY:0.5618278136985384
C_PAWNSTRUCTURE:0.5430101101845897
C_PIECECOORDINATION:0.5699778126388537
C_ROOKANDPAWNMOVEMENT:0.5699778126388537
C_CENTERCONTROL:0.5062141665209782
C_DEVELOPPIECES:0.5356163520719164
C_MATERIAL:0.6100610034174182
C_MOVECOUNT:0.5199675875689612
