ELO:1096
CE_PASSEDPAWNS:0.442778421640529
CE_PAWNWEAKNESSES:0.5942385255537602
CE_PIECEACTIVITY:0.46966940177136296
CE_KINGPAWNSHIELD:0.42040135180423244
CE_PIECECOORDINATION:0.5789070968291358
CE_MATERIAL:0.4650885087180056
CE_KINGSAFETY:0.5
C_PIECESQUARETABLES:0.5104698502874327
C_MOBILITY:0.41709045181407756
C_KINGSAFETY:0.5810231177350434
C_PAWNSTRUCTURE:0.40995001160193134
C_PIECECOORDINATION:0.4642426391160609
C_ROOKANDPAWNMOVEMENT:0.4642426391160609
C_CENTERCONTROL:0.48276355169884183
C_DEVELOPPIECES:0.5034004472324135
C_MATERIAL:0.4166733917244405
