ELO:999
CE_PASSEDPAWNS:0.49446789015753306
CE_PAWNWEAKNESSES:0.5
CE_PIECEACTIVITY:0.5148291287844926
CE_KINGPAWNSHIELD:0.5
CE_PIECECOORDINATION:0.5034656563708141
CE_MATERIAL:0.49748937564938756
CE_KINGSAFETY:0.4959256769032771
C_PIECESQUARETABLES:0.49419258605098115
C_MOBILITY:0.49099192548966175
C_KINGSAFETY:0.4911106746630807
C_PAWNSTRUCTURE:0.5025936682845539
C_PIECECOORDINATION:0.49641747193938773
C_ROOK:0.5
CE_ROOK:0.5036329280257228
C_CENTERCONTROL:0.5
C_DEVELOPPIECES:0.5
C_MATERIAL:0.49945210160903264
C_MOVECOUNT:0.49294725206883333
C_PAWNMOVEMENT:0.5130291191516939
