ELO:957
CE_PASSEDPAWNS:0.5351997834212988
CE_PAWNWEAKNESSES:0.5727631974548351
CE_PIECEACTIVITY:0.5784751243365556
CE_KINGPAWNSHIELD:0.4445738339664341
CE_PIECECOORDINATION:0.5202491203740878
CE_MATERIAL:0.4138018283508524
CE_KINGSAFETY:0.49771741186270074
C_PIECESQUARETABLES:0.5130366527749726
C_MOBILITY:0.4807918307677877
C_KINGSAFETY:0.511086431244088
C_PAWNSTRUCTURE:0.4690340549519279
C_PIECECOORDINATION:0.5470899651137141
C_ROOKANDPAWNMOVEMENT:0.5470899651137141
C_CENTERCONTROL:0.5462962743880873
C_DEVELOPPIECES:0.49588176099100695
C_MATERIAL:0.49623610221843023
