ELO:988
CE_PASSEDPAWNS:0.5219017291159477
CE_PAWNWEAKNESSES:0.49531597807360855
CE_PIECEACTIVITY:0.5263082564627266
CE_KINGPAWNSHIELD:0.41084531983404965
CE_PIECECOORDINATION:0.6092782055877115
CE_MATERIAL:0.40410840023497746
CE_KINGSAFETY:0.5040183707057422
C_PIECESQUARETABLES:0.493054855767614
C_MOBILITY:0.49306251417911273
C_KINGSAFETY:0.5100792541077068
C_PAWNSTRUCTURE:0.5006281247243053
C_PIECECOORDINATION:0.5531522512921928
C_ROOKANDPAWNMOVEMENT:0.5531522512921928
C_CENTERCONTROL:0.38961094778234084
C_DEVELOPPIECES:0.5006897898957257
C_MATERIAL:0.5901540970532296
