ELO:931
CE_PASSEDPAWNS:0.5198721384390221
CE_PAWNWEAKNESSES:0.36812223233556146
CE_PIECEACTIVITY:0.42100817098301846
CE_KINGPAWNSHIELD:0.48769128609350165
CE_PIECECOORDINATION:0.4598146416020115
CE_MATERIAL:0.5554134992390601
CE_KINGSAFETY:0.5178622315377454
C_PIECESQUARETABLES:0.4936198174569768
C_MOBILITY:0.5657388699673362
C_KINGSAFETY:0.46617899174696625
C_PAWNSTRUCTURE:0.5058292045771136
C_PIECECOORDINATION:0.49076265446841066
C_ROOKANDPAWNMOVEMENT:0.49076265446841066
C_CENTERCONTROL:0.5169512809419722
C_DEVELOPPIECES:0.5874916144424737
C_MATERIAL:0.5323188131486702
