ELO:988
CE_PASSEDPAWNS:0.5156839845540195
CE_PAWNWEAKNESSES:0.5136801352733381
CE_PIECEACTIVITY:0.5007495056509632
CE_KINGPAWNSHIELD:0.4969112771905379
CE_PIECECOORDINATION:0.43713796752604545
CE_MATERIAL:0.41237886705497595
CE_KINGSAFETY:0.5073999316235774
C_PIECESQUARETABLES:0.5068103911684899
C_MOBILITY:0.49306251417911273
C_KINGSAFETY:0.512183802660027
C_PAWNSTRUCTURE:0.5053594297698103
C_PIECECOORDINATION:0.5531522512921928
C_ROOKANDPAWNMOVEMENT:0.5531522512921928
C_CENTERCONTROL:0.3791738811592719
C_DEVELOPPIECES:0.49938508604828075
C_MATERIAL:0.5901540970532296
