ELO:1019
CE_PASSEDPAWNS:0.5186491999169385
CE_PAWNWEAKNESSES:0.5
CE_PIECEACTIVITY:0.5066264887647335
CE_KINGPAWNSHIELD:0.5047162307700098
CE_PIECECOORDINATION:0.5
CE_MATERIAL:0.4947099481675315
CE_KINGSAFETY:0.501091501649624
C_PIECESQUARETABLES:0.5
C_MOBILITY:0.5
C_KINGSAFETY:0.5
C_PAWNSTRUCTURE:0.49486082019198974
C_PIECECOORDINATION:0.5
C_ROOKANDPAWNMOVEMENT:0.5
C_CENTERCONTROL:0.5
C_DEVELOPPIECES:0.5
C_MATERIAL:0.5
C_MOVECOUNT:0.5
