ELO:926
CE_PASSEDPAWNS:0.5082421875375707
CE_PAWNWEAKNESSES:0.36551370207552236
CE_PIECEACTIVITY:0.40887313429060523
CE_KINGPAWNSHIELD:0.48769128609350165
CE_PIECECOORDINATION:0.45438608726368834
CE_MATERIAL:0.55784386842952
CE_KINGSAFETY:0.49096117949856977
C_PIECESQUARETABLES:0.49310948642563346
C_MOBILITY:0.5739777361499702
C_KINGSAFETY:0.4544825548500455
C_PAWNSTRUCTURE:0.5058292045771136
C_PIECECOORDINATION:0.49076265446841066
C_ROOKANDPAWNMOVEMENT:0.49076265446841066
C_CENTERCONTROL:0.517252927290741
C_DEVELOPPIECES:0.5873503650884474
C_MATERIAL:0.5435163484993656
