ELO:909
CE_PASSEDPAWNS:0.3973685890736557
CE_PAWNWEAKNESSES:0.43661883896790965
CE_PIECEACTIVITY:0.4637883409159281
CE_KINGPAWNSHIELD:0.44519552749076496
CE_PIECECOORDINATION:0.5213679411779651
CE_MATERIAL:0.46003870217277687
CE_KINGSAFETY:0.5305972575765892
C_PIECESQUARETABLES:0.49275228251459186
C_MOBILITY:0.4554205386579467
C_KINGSAFETY:0.5685755655285792
C_PAWNSTRUCTURE:0.5430023919070158
C_PIECECOORDINATION:0.38599040853804706
C_ROOKANDPAWNMOVEMENT:0.38599040853804706
C_CENTERCONTROL:0.6031088157575408
C_DEVELOPPIECES:0.48783699896882493
C_MATERIAL:0.4913887164757177
