ELO:965
CE_PASSEDPAWNS:0.4810915165831267
CE_PAWNWEAKNESSES:0.4812443549117957
CE_PIECEACTIVITY:0.4962102855157401
CE_KINGPAWNSHIELD:0.5053594622343262
CE_PIECECOORDINATION:0.49440897684167323
CE_MATERIAL:0.4972746470052127
CE_KINGSAFETY:0.5124172159645213
C_PIECESQUARETABLES:0.4835175540257657
C_MOBILITY:0.4887359539353443
C_KINGSAFETY:0.5156518435364316
C_PAWNSTRUCTURE:0.5111200426858324
C_PIECECOORDINATION:0.48503782142638957
C_ROOKANDPAWNMOVEMENT:0.48503782142638957
C_CENTERCONTROL:0.4948046495622704
C_DEVELOPPIECES:0.4720911480123534
C_MATERIAL:0.5062362282870725
C_MOVECOUNT:0.5246980060882291
