ELO:994
CE_PASSEDPAWNS:0.5038298991393232
CE_PAWNWEAKNESSES:0.5041852802899994
CE_PIECEACTIVITY:0.4924604796885787
CE_KINGPAWNSHIELD:0.5
CE_PIECECOORDINATION:0.5094723880318676
CE_MATERIAL:0.4949018354746477
CE_KINGSAFETY:0.5198117456558433
C_PIECESQUARETABLES:0.5
C_MOBILITY:0.4839431395825287
C_KINGSAFETY:0.49355897768238965
C_PAWNSTRUCTURE:0.4868747004906854
C_PIECECOORDINATION:0.4783374812178252
C_ROOKANDPAWNMOVEMENT:0.4783374812178252
C_CENTERCONTROL:0.49522847746532916
C_DEVELOPPIECES:0.5
C_MATERIAL:0.5037178224847627
C_MOVECOUNT:0.5
