ELO:972
CE_PASSEDPAWNS:0.4931180605601884
CE_PAWNWEAKNESSES:0.4884606520727315
CE_PIECEACTIVITY:0.5101255111130141
CE_KINGPAWNSHIELD:0.5
CE_PIECECOORDINATION:0.5159060329549451
CE_MATERIAL:0.4924731041688511
CE_KINGSAFETY:0.5170705238716057
C_PIECESQUARETABLES:0.5012323609373134
C_MOBILITY:0.5035591537952251
C_KINGSAFETY:0.49129907263036204
C_PAWNSTRUCTURE:0.5
C_PIECECOORDINATION:0.519284080288903
C_ROOKANDPAWNMOVEMENT:0.519284080288903
C_CENTERCONTROL:0.5
C_DEVELOPPIECES:0.4943040644886304
C_MATERIAL:0.5143522906327188
