ELO:1000
CE_PASSEDPAWNS:0.4840300905490164
CE_PAWNWEAKNESSES:0.48767991795192206
CE_PIECEACTIVITY:0.4971535739542268
CE_KINGPAWNSHIELD:0.4961480430209244
CE_PIECECOORDINATION:0.5254277612524619
CE_MATERIAL:0.4782147774654911
CE_KINGSAFETY:0.5167316193480049
C_PIECESQUARETABLES:0.5040702355156491
C_MOBILITY:0.4695124834006168
C_KINGSAFETY:0.4517293746378458
C_PAWNSTRUCTURE:0.5593045808586422
C_PIECECOORDINATION:0.5096986809282116
C_ROOKANDPAWNMOVEMENT:0.5096986809282116
C_CENTERCONTROL:0.44176072946849754
C_DEVELOPPIECES:0.49087036988158955
C_MATERIAL:0.5186845861945703
