ELO:943
CE_PASSEDPAWNS:0.538802200633536
CE_PAWNWEAKNESSES:0.48154644462683616
CE_PIECEACTIVITY:0.5251998623217328
CE_KINGPAWNSHIELD:0.39028580939920676
CE_PIECECOORDINATION:0.35549653217488647
CE_MATERIAL:0.5248304095664714
CE_KINGSAFETY:0.5252383394324004
C_PIECESQUARETABLES:0.5259924302356839
C_MOBILITY:0.44221006342691727
C_KINGSAFETY:0.5104149217700754
C_PAWNSTRUCTURE:0.5079752330452717
C_PIECECOORDINATION:0.5495949720899747
C_ROOKANDPAWNMOVEMENT:0.5495949720899747
C_CENTERCONTROL:0.4983840412197091
C_DEVELOPPIECES:0.45922432189031426
C_MATERIAL:0.44550866503835995
