ELO:798
CE_PASSEDPAWNS:0.5345981070944934
CE_PAWNWEAKNESSES:0.5517629425062079
CE_PIECEACTIVITY:0.5127504095991929
CE_KINGPAWNSHIELD:0.46775228907889627
CE_PIECECOORDINATION:0.4898777051266574
CE_MATERIAL:0.465334865711729
CE_KINGSAFETY:0.49635519072121065
C_PIECESQUARETABLES:0.49955827963399047
C_MOBILITY:0.44509616845196864
C_KINGSAFETY:0.5399538544942762
C_PAWNSTRUCTURE:0.5415571896776677
C_PIECECOORDINATION:0.4994889745164566
C_ROOKANDPAWNMOVEMENT:0.4994889745164566
C_CENTERCONTROL:0.5247629273755863
C_DEVELOPPIECES:0.5182532239398476
C_MATERIAL:0.5147103939809023
C_MOVECOUNT:0.5
