ELO:1009
CE_PASSEDPAWNS:0.5107961514303412
CE_PAWNWEAKNESSES:0.5037099504192767
CE_PIECEACTIVITY:0.5140360282912314
CE_KINGPAWNSHIELD:0.48495085651440667
CE_PIECECOORDINATION:0.507677380675731
CE_MATERIAL:0.49072364012201547
CE_KINGSAFETY:0.4921210871427679
C_PIECESQUARETABLES:0.4962143780648228
C_MOBILITY:0.4887849075224211
C_KINGSAFETY:0.4957808630364018
C_PAWNSTRUCTURE:0.5004094976663463
C_PIECECOORDINATION:0.5379941532924536
C_ROOK:0.4911533092382431
CE_ROOK:0.4767635087560862
C_CENTERCONTROL:0.4684148799463115
C_DEVELOPPIECES:0.5006241851502293
C_MATERIAL:0.4799634844443406
C_MOVECOUNT:0.49960496130449217
C_PAWNMOVEMENT:0.49294609729826316
