ELO:887
CE_PASSEDPAWNS:0.5586959550341891
CE_PAWNWEAKNESSES:0.5792684649852377
CE_PIECEACTIVITY:0.4606796770755361
CE_KINGPAWNSHIELD:0.4550587998566944
CE_PIECECOORDINATION:0.45589278892343715
CE_MATERIAL:0.44186149829526017
CE_KINGSAFETY:0.4870582948341524
C_PIECESQUARETABLES:0.5059046965849968
C_MOBILITY:0.46055851018399907
C_KINGSAFETY:0.4602140346015648
C_PAWNSTRUCTURE:0.5251676009614198
C_PIECECOORDINATION:0.5252321963796858
C_ROOKANDPAWNMOVEMENT:0.5252321963796858
C_CENTERCONTROL:0.44185929959106607
C_DEVELOPPIECES:0.4947140346488483
C_MATERIAL:0.4857651551694543
C_MOVECOUNT:0.5
