ELO:882
CE_PASSEDPAWNS:0.5372588131605388
CE_PAWNWEAKNESSES:0.5522106789850404
CE_PIECEACTIVITY:0.5241767826748676
CE_KINGPAWNSHIELD:0.546393703369351
CE_PIECECOORDINATION:0.5941554240478044
CE_MATERIAL:0.41398281973469725
CE_KINGSAFETY:0.49361710103797496
C_PIECESQUARETABLES:0.4957083421545448
C_MOBILITY:0.5184317888947608
C_KINGSAFETY:0.5150029423546911
C_PAWNSTRUCTURE:0.48759909768514
C_PIECECOORDINATION:0.4041314276342111
C_ROOKANDPAWNMOVEMENT:0.4041314276342111
C_CENTERCONTROL:0.5814778346309447
C_DEVELOPPIECES:0.5861053499733925
C_MATERIAL:0.4368279354448994
