ELO:1048
CE_PASSEDPAWNS:0.44410910250883334
CE_PAWNWEAKNESSES:0.48139212658923175
CE_PIECEACTIVITY:0.47484604953234777
CE_KINGPAWNSHIELD:0.4695110220726573
CE_PIECECOORDINATION:0.48402588396923113
CE_MATERIAL:0.4178995546482786
CE_KINGSAFETY:0.4672844722617116
C_PIECESQUARETABLES:0.4995367195984765
C_MOBILITY:0.542917878196935
C_KINGSAFETY:0.6034699814282914
C_PAWNSTRUCTURE:0.47164100459408104
C_PIECECOORDINATION:0.4493618337016401
C_ROOKANDPAWNMOVEMENT:0.4493618337016401
C_CENTERCONTROL:0.6047831316997263
C_DEVELOPPIECES:0.5199143345193594
C_MATERIAL:0.39288129637247066
