ELO:1010
CE_PASSEDPAWNS:0.5027230560981786
CE_PAWNWEAKNESSES:0.48586349155810005
CE_PIECEACTIVITY:0.47350394151544634
CE_KINGPAWNSHIELD:0.4985795554356752
CE_PIECECOORDINATION:0.49756185016277316
CE_MATERIAL:0.499865950127651
CE_KINGSAFETY:0.5
C_PIECESQUARETABLES:0.5
C_MOBILITY:0.49617054150946194
C_KINGSAFETY:0.45404139381650016
C_PAWNSTRUCTURE:0.5192282882534173
C_PIECECOORDINATION:0.5030209784933546
C_ROOK:0.5041519753694378
CE_ROOK:0.4721512202863491
C_CENTERCONTROL:0.49960164770711085
C_DEVELOPPIECES:0.4964410949605239
C_MATERIAL:0.48634359386423287
C_MOVECOUNT:0.48529952748015875
C_PAWNMOVEMENT:0.521382475953272
