ELO:876
CE_PASSEDPAWNS:0.4283080845310051
CE_PAWNWEAKNESSES:0.5464829674449596
CE_PIECEACTIVITY:0.5111598557200179
CE_KINGPAWNSHIELD:0.5619182385911135
CE_PIECECOORDINATION:0.5892799387392672
CE_MATERIAL:0.4646732821078203
CE_KINGSAFETY:0.4941872059895057
C_PIECESQUARETABLES:0.45404673518329314
C_MOBILITY:0.5211641510875903
C_KINGSAFETY:0.41281665323564715
C_PAWNSTRUCTURE:0.4390891450675625
C_PIECECOORDINATION:0.3673525119307383
C_ROOKANDPAWNMOVEMENT:0.3673525119307383
C_CENTERCONTROL:0.4873429546870714
C_DEVELOPPIECES:0.4414185666434861
C_MATERIAL:0.46876636269774163
