ELO:1000
CE_PASSEDPAWNS:0.4979784924364982
CE_PAWNWEAKNESSES:0.4759536871862003
CE_PIECEACTIVITY:0.4985917855699224
CE_KINGPAWNSHIELD:0.48260687993805274
CE_PIECECOORDINATION:0.4847720124157642
CE_MATERIAL:0.4959091716905836
CE_KINGSAFETY:0.5018885603731389
C_PIECESQUARETABLES:0.49904989447888837
C_MOBILITY:0.49768507500425807
C_KINGSAFETY:0.5307774745068746
C_PAWNSTRUCTURE:0.5031784296696484
C_PIECECOORDINATION:0.5033469656554923
C_ROOKANDPAWNMOVEMENT:0.5033469656554923
C_CENTERCONTROL:0.4947821385903616
C_DEVELOPPIECES:0.5058149312453806
C_MATERIAL:0.5106958481430358
