ELO:933
CE_PASSEDPAWNS:0.5265159888101045
CE_PAWNWEAKNESSES:0.5125610784545985
CE_PIECEACTIVITY:0.4905844958729457
CE_KINGPAWNSHIELD:0.48273087076609883
CE_PIECECOORDINATION:0.5073108770831625
CE_MATERIAL:0.517836270929297
CE_KINGSAFETY:0.4778000825556752
C_PIECESQUARETABLES:0.4677472821092415
C_MOBILITY:0.49740037701293516
C_KINGSAFETY:0.5298783782989164
C_PAWNSTRUCTURE:0.5107104024958146
C_PIECECOORDINATION:0.5046377182584662
C_ROOKANDPAWNMOVEMENT:0.5046377182584662
C_CENTERCONTROL:0.5017847533440772
C_DEVELOPPIECES:0.49026499526895445
C_MATERIAL:0.5088530534071993
C_MOVECOUNT:0.5
