ELO:980
CE_PASSEDPAWNS:0.5449954767970031
CE_PAWNWEAKNESSES:0.5095074610233253
CE_PIECEACTIVITY:0.4835033715058721
CE_KINGPAWNSHIELD:0.3835209267713306
CE_PIECECOORDINATION:0.40778610402711385
CE_MATERIAL:0.5252336705164882
CE_KINGSAFETY:0.5240007230325664
C_PIECESQUARETABLES:0.5319439936610504
C_MOBILITY:0.4497886584377558
C_KINGSAFETY:0.49043283771840546
C_PAWNSTRUCTURE:0.5435502542315952
C_PIECECOORDINATION:0.4936551181012586
C_ROOKANDPAWNMOVEMENT:0.4936551181012586
C_CENTERCONTROL:0.4658997866389023
C_DEVELOPPIECES:0.4597968654675706
C_MATERIAL:0.4475797262082746
