ELO:1015
CE_PASSEDPAWNS:0.5
CE_PAWNWEAKNESSES:0.49151209123785655
CE_PIECEACTIVITY:0.5
CE_KINGPAWNSHIELD:0.5087101191842174
CE_PIECECOORDINATION:0.49117601205159356
CE_MATERIAL:0.5
CE_KINGSAFETY:0.5049078242525002
C_PIECESQUARETABLES:0.4932503370080685
C_MOBILITY:0.5118994664162005
C_KINGSAFETY:0.5
C_PAWNSTRUCTURE:0.5076642951288322
C_PIECECOORDINATION:0.5
C_ROOKANDPAWNMOVEMENT:0.5
C_CENTERCONTROL:0.4990082722140956
C_DEVELOPPIECES:0.506522447908893
C_MATERIAL:0.49535245443690634
