ELO:1045
CE_PASSEDPAWNS:0.51096448873246
CE_PAWNWEAKNESSES:0.4939923464151705
CE_PIECEACTIVITY:0.5
CE_KINGPAWNSHIELD:0.463586072701258
CE_PIECECOORDINATION:0.48582194817609814
CE_MATERIAL:0.5
CE_KINGSAFETY:0.5063915825571076
C_PIECESQUARETABLES:0.5080051223433086
C_MOBILITY:0.5245454773310557
C_KINGSAFETY:0.5
C_PAWNSTRUCTURE:0.5022338424382897
C_PIECECOORDINATION:0.4833197343723788
C_ROOKANDPAWNMOVEMENT:0.4833197343723788
C_CENTERCONTROL:0.5
C_DEVELOPPIECES:0.5096574560206852
C_MATERIAL:0.5151630384661068
