ELO:670
CE_PASSEDPAWNS:0.5335688183249038
CE_PAWNWEAKNESSES:0.5397549842985386
CE_PIECEACTIVITY:0.44363827269520023
CE_KINGPAWNSHIELD:0.47693986425267526
CE_PIECECOORDINATION:0.49232874357316314
CE_MATERIAL:0.4571845191370447
CE_KINGSAFETY:0.491828964368889
C_PIECESQUARETABLES:0.5089549576417892
C_MOBILITY:0.4697822103836211
C_KINGSAFETY:0.4949598750274776
C_PAWNSTRUCTURE:0.5476040453770737
C_PIECECOORDINATION:0.5031099718112622
C_ROOKANDPAWNMOVEMENT:0.5031099718112622
C_CENTERCONTROL:0.5203513377594297
C_DEVELOPPIECES:0.5335143960944321
C_MATERIAL:0.5249123532637893
C_MOVECOUNT:0.5
