ELO:910
CE_PASSEDPAWNS:0.42951779294381454
CE_PAWNWEAKNESSES:0.46855572072878243
CE_PIECEACTIVITY:0.4805531310108575
CE_KINGPAWNSHIELD:0.43980210485886034
CE_PIECECOORDINATION:0.532013766117548
CE_MATERIAL:0.4346693673401754
CE_KINGSAFETY:0.5132512317506559
C_PIECESQUARETABLES:0.5094949486012101
C_MOBILITY:0.4201135459773622
C_KINGSAFETY:0.5911739304282196
C_PAWNSTRUCTURE:0.49689819019426806
C_PIECECOORDINATION:0.41813367672350044
C_ROOKANDPAWNMOVEMENT:0.41813367672350044
C_CENTERCONTROL:0.5631055983337158
C_DEVELOPPIECES:0.45934244945301067
C_MATERIAL:0.5285673203408792
