ELO:1071
CE_PASSEDPAWNS:0.5095068470471243
CE_PAWNWEAKNESSES:0.5
CE_PIECEACTIVITY:0.47210632444954864
CE_KINGPAWNSHIELD:0.5
CE_PIECECOORDINATION:0.49634260449391626
CE_MATERIAL:0.5
CE_KINGSAFETY:0.5017283363671261
C_PIECESQUARETABLES:0.49589581797797605
C_MOBILITY:0.5
C_KINGSAFETY:0.5058784429880054
C_PAWNSTRUCTURE:0.4918140827629698
C_PIECECOORDINATION:0.5
C_ROOK:0.4939718250526306
CE_ROOK:0.5164352942818539
C_CENTERCONTROL:0.4999544444136801
C_DEVELOPPIECES:0.4943688845298346
C_MATERIAL:0.49486455472203306
C_MOVECOUNT:0.5
C_PAWNMOVEMENT:0.5
