ELO:998
CE_PASSEDPAWNS:0.5026147068293215
CE_PAWNWEAKNESSES:0.4967293958438764
CE_PIECEACTIVITY:0.4735029863248786
CE_KINGPAWNSHIELD:0.47553927789317674
CE_PIECECOORDINATION:0.5063091720338955
CE_MATERIAL:0.48910892379538506
CE_KINGSAFETY:0.5
C_PIECESQUARETABLES:0.5
C_MOBILITY:0.5171961861105956
C_KINGSAFETY:0.48324024530184656
C_PAWNSTRUCTURE:0.47229996450026107
C_PIECECOORDINATION:0.5196047254845971
C_ROOK:0.5315471885123773
CE_ROOK:0.5012328256061186
C_CENTERCONTROL:0.5110082045526055
C_DEVELOPPIECES:0.48837650815113426
C_MATERIAL:0.48634359386423287
C_MOVECOUNT:0.4781126926424103
C_PAWNMOVEMENT:0.5001007894048618
