ELO:994
CE_PASSEDPAWNS:0.5
CE_PAWNWEAKNESSES:0.5020495181494986
CE_PIECEACTIVITY:0.502688680156369
CE_KINGPAWNSHIELD:0.5044418452912949
CE_PIECECOORDINATION:0.5
CE_MATERIAL:0.5
CE_KINGSAFETY:0.5
C_PIECESQUARETABLES:0.48793770535145875
C_MOBILITY:0.5123190959584488
C_KINGSAFETY:0.5010959066643226
C_PAWNSTRUCTURE:0.5
C_PIECECOORDINATION:0.49344592407103466
C_ROOKANDPAWNMOVEMENT:0.49344592407103466
C_CENTERCONTROL:0.508586553890978
C_DEVELOPPIECES:0.5
C_MATERIAL:0.48520128654171796
C_MOVECOUNT:0.5
