ELO:1008
CE_PASSEDPAWNS:0.4918606520034574
CE_PAWNWEAKNESSES:0.5110458012153626
CE_PIECEACTIVITY:0.505881031225999
CE_KINGPAWNSHIELD:0.5274779197817854
CE_PIECECOORDINATION:0.5002465030205382
CE_MATERIAL:0.5022992900921144
CE_KINGSAFETY:0.5
C_PIECESQUARETABLES:0.5
C_MOBILITY:0.5211265398890225
C_KINGSAFETY:0.4705933037692467
C_PAWNSTRUCTURE:0.49351718152888674
C_PIECECOORDINATION:0.5073957799051089
C_ROOK:0.5426734590129029
CE_ROOK:0.49556302697218296
C_CENTERCONTROL:0.49553407216279843
C_DEVELOPPIECES:0.5010440137727993
C_MATERIAL:0.5244111220125648
C_MOVECOUNT:0.5012008929338544
C_PAWNMOVEMENT:0.5059912779636543
