ELO:1037
CE_PASSEDPAWNS:0.4986981816367199
CE_PAWNWEAKNESSES:0.51727569154853
CE_PIECEACTIVITY:0.4958582009299109
CE_KINGPAWNSHIELD:0.4734118353039964
CE_PIECECOORDINATION:0.5
CE_MATERIAL:0.5031111219981687
CE_KINGSAFETY:0.5006254663429004
C_PIECESQUARETABLES:0.5
C_MOBILITY:0.4949059809359097
C_KINGSAFETY:0.49959704335916616
C_PAWNSTRUCTURE:0.5
C_PIECECOORDINATION:0.5028137382471104
C_ROOKANDPAWNMOVEMENT:0.5028137382471104
C_CENTERCONTROL:0.48487649498068647
C_DEVELOPPIECES:0.4937604411263292
C_MATERIAL:0.5
