ELO:1002
CE_PASSEDPAWNS:0.5
CE_PAWNWEAKNESSES:0.4910348293202506
CE_PIECEACTIVITY:0.49399541636913613
CE_KINGPAWNSHIELD:0.5
CE_PIECECOORDINATION:0.5
CE_MATERIAL:0.49727735722175853
CE_KINGSAFETY:0.5
C_PIECESQUARETABLES:0.5
C_MOBILITY:0.49050810680329754
C_KINGSAFETY:0.5280397118547006
C_PAWNSTRUCTURE:0.48765178118082797
C_PIECECOORDINATION:0.5
C_ROOKANDPAWNMOVEMENT:0.5
C_CENTERCONTROL:0.508106671764479
C_DEVELOPPIECES:0.4889521522540667
C_MATERIAL:0.5071736094556708
C_MOVECOUNT:0.4652952835392602
