ELO:868
CE_PASSEDPAWNS:0.40828799598650817
CE_PAWNWEAKNESSES:0.524950859159631
CE_PIECEACTIVITY:0.5311070516676487
CE_KINGPAWNSHIELD:0.5595835137590556
CE_PIECECOORDINATION:0.5791064395509736
CE_MATERIAL:0.4443652930669673
CE_KINGSAFETY:0.5174452473137863
C_PIECESQUARETABLES:0.5150006522905002
C_MOBILITY:0.4979207851910385
C_KINGSAFETY:0.4021919251592515
C_PAWNSTRUCTURE:0.4602272705898924
C_PIECECOORDINATION:0.31438764695817967
C_ROOKANDPAWNMOVEMENT:0.31438764695817967
C_CENTERCONTROL:0.48440742211608645
C_DEVELOPPIECES:0.42226906486270593
C_MATERIAL:0.4722458116623414
