ELO:970
CE_PASSEDPAWNS:0.4910927941345758
CE_PAWNWEAKNESSES:0.4920332385333159
CE_PIECEACTIVITY:0.5221843266338154
CE_KINGPAWNSHIELD:0.5
CE_PIECECOORDINATION:0.5159060329549451
CE_MATERIAL:0.49075278670888467
CE_KINGSAFETY:0.5193794145850396
C_PIECESQUARETABLES:0.5012323609373134
C_MOBILITY:0.5091054414426815
C_KINGSAFETY:0.4936339842275667
C_PAWNSTRUCTURE:0.48838401089999817
C_PIECECOORDINATION:0.5327683481356146
C_ROOKANDPAWNMOVEMENT:0.5327683481356146
C_CENTERCONTROL:0.5023072383832674
C_DEVELOPPIECES:0.49027482896824387
C_MATERIAL:0.5143522906327188
