ELO:911
CE_PASSEDPAWNS:0.5111996952635774
CE_PAWNWEAKNESSES:0.5220767472709387
CE_PIECEACTIVITY:0.5398097401563519
CE_KINGPAWNSHIELD:0.41190211975770513
CE_PIECECOORDINATION:0.4004622339236319
CE_MATERIAL:0.5490217969396591
CE_KINGSAFETY:0.49619167265973785
C_PIECESQUARETABLES:0.47795639442269555
C_MOBILITY:0.41962932124206437
C_KINGSAFETY:0.515666588464633
C_PAWNSTRUCTURE:0.4979167588417131
C_PIECECOORDINATION:0.5528210329719405
C_ROOKANDPAWNMOVEMENT:0.5528210329719405
C_CENTERCONTROL:0.4914747064398309
C_DEVELOPPIECES:0.4986607260845716
C_MATERIAL:0.4459369792428485
