ELO:1000
CE_PASSEDPAWNS:0.5
CE_PAWNWEAKNESSES:0.498308116742092
CE_PIECEACTIVITY:0.5
CE_KINGPAWNSHIELD:0.4905503753072995
CE_PIECECOORDINATION:0.5
CE_MATERIAL:0.4883103389105108
CE_KINGSAFETY:0.5088444575150057
C_PIECESQUARETABLES:0.49594230504823056
C_MOBILITY:0.4962218659953037
C_KINGSAFETY:0.5
C_PAWNSTRUCTURE:0.5
C_PIECECOORDINATION:0.5
C_ROOKANDPAWNMOVEMENT:0.5
C_CENTERCONTROL:0.5
C_DEVELOPPIECES:0.48837570494431354
C_MATERIAL:0.5111454156159668
