ELO:1088
CE_PASSEDPAWNS:0.43437431593655074
CE_PAWNWEAKNESSES:0.4906511848078688
CE_PIECEACTIVITY:0.48033726137395316
CE_KINGPAWNSHIELD:0.4774259118591802
CE_PIECECOORDINATION:0.49486573996899963
CE_MATERIAL:0.3963786524687434
CE_KINGSAFETY:0.48274489642004076
C_PIECESQUARETABLES:0.4929726717378635
C_MOBILITY:0.5335361914694342
C_KINGSAFETY:0.6040314191876294
C_PAWNSTRUCTURE:0.4574577692305826
C_PIECECOORDINATION:0.4651225581069167
C_ROOKANDPAWNMOVEMENT:0.4651225581069167
C_CENTERCONTROL:0.5916556751746048
C_DEVELOPPIECES:0.5052749964218606
C_MATERIAL:0.4073474203952967
