ELO:826
CE_PASSEDPAWNS:0.4767177540734619
CE_PAWNWEAKNESSES:0.5559122290243343
CE_PIECEACTIVITY:0.5276478202537852
CE_KINGPAWNSHIELD:0.43152527061580576
CE_PIECECOORDINATION:0.3993535746846739
CE_MATERIAL:0.5445473537152734
CE_KINGSAFETY:0.5191855367977226
C_PIECESQUARETABLES:0.46120701120370877
C_MOBILITY:0.517980713991822
C_KINGSAFETY:0.4559004234195089
C_PAWNSTRUCTURE:0.44024560938449936
C_PIECECOORDINATION:0.5335265833913255
C_ROOKANDPAWNMOVEMENT:0.5335265833913255
C_CENTERCONTROL:0.5788345026099052
C_DEVELOPPIECES:0.5108510682166006
C_MATERIAL:0.4140488139924001
C_MOVECOUNT:0.5
