ELO:783
CE_PASSEDPAWNS:0.5050095560274237
CE_PAWNWEAKNESSES:0.48335239857150825
CE_PIECEACTIVITY:0.5221305909382153
CE_KINGPAWNSHIELD:0.5615177598337628
CE_PIECECOORDINATION:0.49918231594758194
CE_MATERIAL:0.5143057582114123
CE_KINGSAFETY:0.5
C_PIECESQUARETABLES:0.5029320437090194
C_MOBILITY:0.4613347977939745
C_KINGSAFETY:0.5062391930348478
C_PAWNSTRUCTURE:0.49693720727115226
C_PIECECOORDINATION:0.5079748038444948
C_ROOKANDPAWNMOVEMENT:0.5079748038444948
C_CENTERCONTROL:0.5692427535105486
C_DEVELOPPIECES:0.4683701385998413
C_MATERIAL:0.4731277385751543
C_MOVECOUNT:0.4666939787747794
