ELO:1000
CE_PASSEDPAWNS:0.4632553827494533
CE_PAWNWEAKNESSES:0.4967293958438764
CE_PIECEACTIVITY:0.5156448994951855
CE_KINGPAWNSHIELD:0.5224832526377359
CE_PIECECOORDINATION:0.4930723245334506
CE_MATERIAL:0.48910892379538506
CE_KINGSAFETY:0.5
C_PIECESQUARETABLES:0.5
C_MOBILITY:0.5432044738518123
C_KINGSAFETY:0.4926899323073703
C_PAWNSTRUCTURE:0.5175700024782027
C_PIECECOORDINATION:0.5
C_ROOK:0.4975671529022726
CE_ROOK:0.5012328256061186
C_CENTERCONTROL:0.5110082045526055
C_DEVELOPPIECES:0.48352193214347655
C_MATERIAL:0.48634359386423287
C_MOVECOUNT:0.4960042907501276
C_PAWNMOVEMENT:0.4908667279518836
