ELO:947
CE_PASSEDPAWNS:0.5186314797577696
CE_PAWNWEAKNESSES:0.4483015861456526
CE_PIECEACTIVITY:0.4575339141681568
CE_KINGPAWNSHIELD:0.5065068983105566
CE_PIECECOORDINATION:0.5194989878470685
CE_MATERIAL:0.4993967077250651
CE_KINGSAFETY:0.49764577648608005
C_PIECESQUARETABLES:0.48779896662904043
C_MOBILITY:0.4451539025711587
C_KINGSAFETY:0.5193675049841066
C_PAWNSTRUCTURE:0.4817615922915728
C_PIECECOORDINATION:0.44115866635463613
C_ROOKANDPAWNMOVEMENT:0.44115866635463613
C_CENTERCONTROL:0.5669271862602892
C_DEVELOPPIECES:0.5272509259422614
C_MATERIAL:0.5587805565591814
C_MOVECOUNT:0.4871899332799167
