ELO:969
CE_PASSEDPAWNS:0.5424011350442672
CE_PAWNWEAKNESSES:0.5066415510784802
CE_PIECEACTIVITY:0.498300397974742
CE_KINGPAWNSHIELD:0.38410187678914476
CE_PIECECOORDINATION:0.3505139103661478
CE_MATERIAL:0.531579253282466
CE_KINGSAFETY:0.5
C_PIECESQUARETABLES:0.5030243743734811
C_MOBILITY:0.462951846093857
C_KINGSAFETY:0.4825487231247593
C_PAWNSTRUCTURE:0.553395008997131
C_PIECECOORDINATION:0.49859216994636935
C_ROOKANDPAWNMOVEMENT:0.49859216994636935
C_CENTERCONTROL:0.46093448705911416
C_DEVELOPPIECES:0.4572472104063463
C_MATERIAL:0.4608402404283311
