ELO:944
CE_PASSEDPAWNS:0.5184415686437683
CE_PAWNWEAKNESSES:0.5055648621190527
CE_PIECEACTIVITY:0.5379569911931669
CE_KINGPAWNSHIELD:0.4024589819347128
CE_PIECECOORDINATION:0.38344168573701903
CE_MATERIAL:0.5425139070248916
CE_KINGSAFETY:0.5
C_PIECESQUARETABLES:0.5122611989481475
C_MOBILITY:0.4301724660991006
C_KINGSAFETY:0.515666588464633
C_PAWNSTRUCTURE:0.496366542613143
C_PIECECOORDINATION:0.5646579353264032
C_ROOKANDPAWNMOVEMENT:0.5646579353264032
C_CENTERCONTROL:0.4981743962616167
C_DEVELOPPIECES:0.48085442375440585
C_MATERIAL:0.43349796508352983
