ELO:977
CE_PASSEDPAWNS:0.5344968396498329
CE_PAWNWEAKNESSES:0.5095074610233253
CE_PIECEACTIVITY:0.4915617477055398
CE_KINGPAWNSHIELD:0.3784661478888251
CE_PIECECOORDINATION:0.3742304785413903
CE_MATERIAL:0.5168870679083536
CE_KINGSAFETY:0.5050718580526337
C_PIECESQUARETABLES:0.49089787689212927
C_MOBILITY:0.4494776712499444
C_KINGSAFETY:0.49043283771840546
C_PAWNSTRUCTURE:0.5505132246236769
C_PIECECOORDINATION:0.495979469244801
C_ROOKANDPAWNMOVEMENT:0.495979469244801
C_CENTERCONTROL:0.4571558042096738
C_DEVELOPPIECES:0.46423682767971836
C_MATERIAL:0.44515059147145464
