ELO:1018
CE_PASSEDPAWNS:0.5331141742555783
CE_PAWNWEAKNESSES:0.5204148202387374
CE_PIECEACTIVITY:0.5042349876417885
CE_KINGPAWNSHIELD:0.5108211655668564
CE_PIECECOORDINATION:0.5148132034671442
CE_MATERIAL:0.4975902733901933
CE_KINGSAFETY:0.5
C_PIECESQUARETABLES:0.5
C_MOBILITY:0.4887849075224211
C_KINGSAFETY:0.4957808630364018
C_PAWNSTRUCTURE:0.499783538468481
C_PIECECOORDINATION:0.5129933973770763
C_ROOK:0.5315471885123773
CE_ROOK:0.4721512202863491
C_CENTERCONTROL:0.5099348967727102
C_DEVELOPPIECES:0.4727473771815632
C_MATERIAL:0.4799634844443406
C_MOVECOUNT:0.5058201970632462
C_PAWNMOVEMENT:0.5
