ELO:951
CE_PASSEDPAWNS:0.53130015186957
CE_PAWNWEAKNESSES:0.5338869706792808
CE_PIECEACTIVITY:0.4871211481954064
CE_KINGPAWNSHIELD:0.5044110030249872
CE_PIECECOORDINATION:0.4974388240613745
CE_MATERIAL:0.5201789570661077
CE_KINGSAFETY:0.5
C_PIECESQUARETABLES:0.5
C_MOBILITY:0.5112774247472535
C_KINGSAFETY:0.4930163699211176
C_PAWNSTRUCTURE:0.4865967786899523
C_PIECECOORDINATION:0.49816385120448353
C_ROOK:0.47864782085957097
CE_ROOK:0.503452879469723
C_CENTERCONTROL:0.4613284791629334
C_DEVELOPPIECES:0.4764335195754548
C_MATERIAL:0.5151306267308687
C_MOVECOUNT:0.43911214131241
C_PAWNMOVEMENT:0.5021389818138415
