ELO:929
CE_PASSEDPAWNS:0.49338834019601713
CE_PAWNWEAKNESSES:0.5076267394102022
CE_PIECEACTIVITY:0.49599657765721955
CE_KINGPAWNSHIELD:0.500875046127657
CE_PIECECOORDINATION:0.47458479725554625
CE_MATERIAL:0.4917190971176653
CE_KINGSAFETY:0.49449212443007273
C_PIECESQUARETABLES:0.5
C_MOBILITY:0.5039142514449713
C_KINGSAFETY:0.5
C_PAWNSTRUCTURE:0.4778654749391515
C_PIECECOORDINATION:0.5
C_ROOKANDPAWNMOVEMENT:0.5
C_CENTERCONTROL:0.4912786145418322
C_DEVELOPPIECES:0.5226337910473026
C_MATERIAL:0.4950736083849439
C_MOVECOUNT:0.4823863821770134
