ELO:950
CE_PASSEDPAWNS:0.48928014119418894
CE_PAWNWEAKNESSES:0.49848762376073846
CE_PIECEACTIVITY:0.5644471772687345
CE_KINGPAWNSHIELD:0.45744435013890045
CE_PIECECOORDINATION:0.4931484498021174
CE_MATERIAL:0.46035432690749883
CE_KINGSAFETY:0.5555136843060673
C_PIECESQUARETABLES:0.5001810891790621
C_MOBILITY:0.49036372480730334
C_KINGSAFETY:0.49690242314729854
C_PAWNSTRUCTURE:0.41192630111401113
C_PIECECOORDINATION:0.45419058104361487
C_ROOKANDPAWNMOVEMENT:0.45419058104361487
C_CENTERCONTROL:0.5031422894924997
C_DEVELOPPIECES:0.4966674146890984
C_MATERIAL:0.46034085583497264
C_MOVECOUNT:0.5
