ELO:988
CE_PASSEDPAWNS:0.40202113482284974
CE_PAWNWEAKNESSES:0.5136801352733381
CE_PIECEACTIVITY:0.5007495056509632
CE_KINGPAWNSHIELD:0.4969112771905379
CE_PIECECOORDINATION:0.4595952619816917
CE_MATERIAL:0.5659071436100156
CE_KINGSAFETY:0.49876593618644377
C_PIECESQUARETABLES:0.48804367407972127
C_MOBILITY:0.5836313903895851
C_KINGSAFETY:0.5192597283942466
C_PAWNSTRUCTURE:0.49444566772295184
C_PIECECOORDINATION:0.6084659954164079
C_ROOKANDPAWNMOVEMENT:0.6084659954164079
C_CENTERCONTROL:0.3883165747956397
C_DEVELOPPIECES:0.5005600999977399
C_MATERIAL:0.6201906658387899
