ELO:954
CE_PASSEDPAWNS:0.5061472592233308
CE_PAWNWEAKNESSES:0.5302530059358167
CE_PIECEACTIVITY:0.48066842053400866
CE_KINGPAWNSHIELD:0.5089955647512254
CE_PIECECOORDINATION:0.5023829489332882
CE_MATERIAL:0.46958612476419304
CE_KINGSAFETY:0.48183383587581036
C_PIECESQUARETABLES:0.5000711571985715
C_MOBILITY:0.4872701046120878
C_KINGSAFETY:0.4985581022671702
C_PAWNSTRUCTURE:0.49842679891705277
C_PIECECOORDINATION:0.4900846888628492
C_ROOKANDPAWNMOVEMENT:0.4900846888628492
C_CENTERCONTROL:0.46488923161922846
C_DEVELOPPIECES:0.5
C_MATERIAL:0.5016211889088418
C_MOVECOUNT:0.5
