ELO:967
CE_PASSEDPAWNS:0.489819079618223
CE_PAWNWEAKNESSES:0.5123105713232113
CE_PIECEACTIVITY:0.5011459119766457
CE_KINGPAWNSHIELD:0.4792837514250335
CE_PIECECOORDINATION:0.47420971733058664
CE_MATERIAL:0.5024538106188795
CE_KINGSAFETY:0.4886562121100143
C_PIECESQUARETABLES:0.4753123218948139
C_MOBILITY:0.4894019046464997
C_KINGSAFETY:0.5
C_PAWNSTRUCTURE:0.49655082833314984
C_PIECECOORDINATION:0.5002993951732227
C_ROOKANDPAWNMOVEMENT:0.5002993951732227
C_CENTERCONTROL:0.47753386175478935
C_DEVELOPPIECES:0.5186098073742853
C_MATERIAL:0.5096320100838616
C_MOVECOUNT:0.5
