ELO:994
CE_PASSEDPAWNS:0.49974058798429755
CE_PAWNWEAKNESSES:0.5028569652687174
CE_PIECEACTIVITY:0.48911389737385846
CE_KINGPAWNSHIELD:0.4922877864359059
CE_PIECECOORDINATION:0.48802045243232756
CE_MATERIAL:0.5204859485529388
CE_KINGSAFETY:0.48336312356904654
C_PIECESQUARETABLES:0.5006160045679678
C_MOBILITY:0.4995052156253718
C_KINGSAFETY:0.5072717435297472
C_PAWNSTRUCTURE:0.48643397676840466
C_PIECECOORDINATION:0.49955779197288036
C_ROOKANDPAWNMOVEMENT:0.49955779197288036
C_CENTERCONTROL:0.4826890282761654
C_DEVELOPPIECES:0.4971131610161061
C_MATERIAL:0.490851340545789
C_MOVECOUNT:0.48241820185382506
