ELO:1023
CE_PASSEDPAWNS:0.5106250190023358
CE_PAWNWEAKNESSES:0.49480501067611266
CE_PIECEACTIVITY:0.5058145239427392
CE_KINGPAWNSHIELD:0.4918565987166863
CE_PIECECOORDINATION:0.5125896858004347
CE_MATERIAL:0.4755493950410397
CE_KINGSAFETY:0.5115840681863152
C_PIECESQUARETABLES:0.5113651227103649
C_MOBILITY:0.5
C_KINGSAFETY:0.49282690197202955
C_PAWNSTRUCTURE:0.5
C_PIECECOORDINATION:0.49554090382701804
C_ROOK:0.5076173703452356
CE_ROOK:0.5104333872813175
C_CENTERCONTROL:0.5107726029083937
C_DEVELOPPIECES:0.49101058999155955
C_MATERIAL:0.5036102244421781
C_MOVECOUNT:0.5068460870873959
C_PAWNMOVEMENT:0.5
