ELO:1003
CE_PASSEDPAWNS:0.4789823874718021
CE_PAWNWEAKNESSES:0.4884891198028835
CE_PIECEACTIVITY:0.4998923520888825
CE_KINGPAWNSHIELD:0.5037952041489966
CE_PIECECOORDINATION:0.5076573587783705
CE_MATERIAL:0.5150004369594557
CE_KINGSAFETY:0.48983656005857984
C_PIECESQUARETABLES:0.5009711388420691
C_MOBILITY:0.5048818963201882
C_KINGSAFETY:0.4990816345928225
C_PAWNSTRUCTURE:0.49568712609756516
C_PIECECOORDINATION:0.5044247378801124
C_ROOK:0.5126335806476259
CE_ROOK:0.486791232700728
C_CENTERCONTROL:0.49392459403568345
C_DEVELOPPIECES:0.49393840765120356
C_MATERIAL:0.4877455263692869
C_MOVECOUNT:0.4773931250946762
C_PAWNMOVEMENT:0.48568410108113835
