ELO:968
CE_PASSEDPAWNS:0.5206219926649129
CE_PAWNWEAKNESSES:0.4970598489132105
CE_PIECEACTIVITY:0.5125644257745168
CE_KINGPAWNSHIELD:0.4742097985271855
CE_PIECECOORDINATION:0.4926353595329899
CE_MATERIAL:0.45608678588798207
CE_KINGSAFETY:0.4939527825509986
C_PIECESQUARETABLES:0.5102175712951464
C_MOBILITY:0.48517462869256683
C_KINGSAFETY:0.4029120062445355
C_PAWNSTRUCTURE:0.4276203286622606
C_PIECECOORDINATION:0.5169079614153439
C_ROOKANDPAWNMOVEMENT:0.5169079614153439
C_CENTERCONTROL:0.5423217350968058
C_DEVELOPPIECES:0.6260184203831431
C_MATERIAL:0.557950656575434
