ELO:910
CE_PASSEDPAWNS:0.4603913818388017
CE_PAWNWEAKNESSES:0.46316350579464177
CE_PIECEACTIVITY:0.5414249718177466
CE_KINGPAWNSHIELD:0.4957534250259396
CE_PIECECOORDINATION:0.5604037059229312
CE_MATERIAL:0.4761544071348791
CE_KINGSAFETY:0.43693673890020723
C_PIECESQUARETABLES:0.5392126683406867
C_MOBILITY:0.4863900154221388
C_KINGSAFETY:0.4128410347831137
C_PAWNSTRUCTURE:0.4216000808299181
C_PIECECOORDINATION:0.5793911650581329
C_ROOKANDPAWNMOVEMENT:0.5793911650581329
C_CENTERCONTROL:0.5781739708825121
C_DEVELOPPIECES:0.632748134537548
C_MATERIAL:0.5660797992350496
