ELO:988
CE_PASSEDPAWNS:0.5064970630833857
CE_PAWNWEAKNESSES:0.5161876275177424
CE_PIECEACTIVITY:0.5007495056509632
CE_KINGPAWNSHIELD:0.5083397031770773
CE_PIECECOORDINATION:0.44436024073992586
CE_MATERIAL:0.5620016787933676
CE_KINGSAFETY:0.5
C_PIECESQUARETABLES:0.5073291395894599
C_MOBILITY:0.49306251417911273
C_KINGSAFETY:0.498785558244578
C_PAWNSTRUCTURE:0.48806538021753815
C_PIECECOORDINATION:0.5413025228434328
C_ROOKANDPAWNMOVEMENT:0.5413025228434328
C_CENTERCONTROL:0.4007209853984171
C_DEVELOPPIECES:0.5157105947146807
C_MATERIAL:0.5657722407595319
