ELO:988
CE_PASSEDPAWNS:0.40202113482284974
CE_PAWNWEAKNESSES:0.43884220866326806
CE_PIECEACTIVITY:0.5079089744217373
CE_KINGPAWNSHIELD:0.4076561608377238
CE_PIECECOORDINATION:0.44436024073992586
CE_MATERIAL:0.5509623659176217
CE_KINGSAFETY:0.5089074863293915
C_PIECESQUARETABLES:0.5
C_MOBILITY:0.4885951486572455
C_KINGSAFETY:0.5077087654596292
C_PAWNSTRUCTURE:0.48806538021753815
C_PIECECOORDINATION:0.543378553846701
C_ROOKANDPAWNMOVEMENT:0.543378553846701
C_CENTERCONTROL:0.3883165747956397
C_DEVELOPPIECES:0.5424118177793249
C_MATERIAL:0.5941225466267659
