ELO:1000
CE_PASSEDPAWNS:0.4988106719417945
CE_PAWNWEAKNESSES:0.5006603458052629
CE_PIECEACTIVITY:0.5071017478626415
CE_KINGPAWNSHIELD:0.48796674323889994
CE_PIECECOORDINATION:0.5136899946015858
CE_MATERIAL:0.46410925465433317
CE_KINGSAFETY:0.5041132039542398
C_PIECESQUARETABLES:0.4963198078671678
C_MOBILITY:0.4934188196052918
C_KINGSAFETY:0.49412792747022305
C_PAWNSTRUCTURE:0.46220441203542917
C_PIECECOORDINATION:0.5054110761422617
C_ROOKANDPAWNMOVEMENT:0.5054110761422617
C_CENTERCONTROL:0.518795368205215
C_DEVELOPPIECES:0.5220851188121143
C_MATERIAL:0.4951981680936326
