ELO:995
CE_PASSEDPAWNS:0.5138731349787817
CE_PAWNWEAKNESSES:0.47466543008113904
CE_PIECEACTIVITY:0.4765764733103967
CE_KINGPAWNSHIELD:0.4896856458288903
CE_PIECECOORDINATION:0.5211298470999802
CE_MATERIAL:0.4929927631482744
CE_KINGSAFETY:0.5
C_PIECESQUARETABLES:0.5
C_MOBILITY:0.5046569031004563
C_KINGSAFETY:0.4957808630364018
C_PAWNSTRUCTURE:0.5253869326282147
C_PIECECOORDINATION:0.513816326866694
C_ROOK:0.4760767077068308
CE_ROOK:0.5465382772098452
C_CENTERCONTROL:0.49767595157260075
C_DEVELOPPIECES:0.47671279094123203
C_MATERIAL:0.499554118281984
C_MOVECOUNT:0.4908239890834365
C_PAWNMOVEMENT:0.502808155716578
