ELO:1006
CE_PASSEDPAWNS:0.4883047674118097
CE_PAWNWEAKNESSES:0.5
CE_PIECEACTIVITY:0.5108263088873515
CE_KINGPAWNSHIELD:0.5
CE_PIECECOORDINATION:0.5
CE_MATERIAL:0.5
CE_KINGSAFETY:0.48936458444828457
C_PIECESQUARETABLES:0.5096269248837018
C_MOBILITY:0.5093490350233127
C_KINGSAFETY:0.5
C_PAWNSTRUCTURE:0.49852986309027236
C_PIECECOORDINATION:0.4970085545870546
C_ROOKANDPAWNMOVEMENT:0.4970085545870546
C_CENTERCONTROL:0.5
C_DEVELOPPIECES:0.5131009631796207
C_MATERIAL:0.4875684338835386
