ELO:983
CE_PASSEDPAWNS:0.4750976454931949
CE_PAWNWEAKNESSES:0.4633587133197871
CE_PIECEACTIVITY:0.5105165181906284
CE_KINGPAWNSHIELD:0.4944123129442921
CE_PIECECOORDINATION:0.5052227803757058
CE_MATERIAL:0.5119107376730138
CE_KINGSAFETY:0.49035142114490954
C_PIECESQUARETABLES:0.5022905779451748
C_MOBILITY:0.4936576700977362
C_KINGSAFETY:0.49885901241751673
C_PAWNSTRUCTURE:0.5203894913213604
C_PIECECOORDINATION:0.4951544376024199
C_ROOK:0.5358789878615912
CE_ROOK:0.4857142400784161
C_CENTERCONTROL:0.5093985763841552
C_DEVELOPPIECES:0.5036876214100607
C_MATERIAL:0.5003298689379357
C_MOVECOUNT:0.4683810381359362
C_PAWNMOVEMENT:0.4791740191051875
