ELO:931
CE_PASSEDPAWNS:0.49814725542327704
CE_PAWNWEAKNESSES:0.45055251555702586
CE_PIECEACTIVITY:0.45213439768370567
CE_KINGPAWNSHIELD:0.4237460694424893
CE_PIECECOORDINATION:0.4696724593437243
CE_MATERIAL:0.5196266433722815
CE_KINGSAFETY:0.5
C_PIECESQUARETABLES:0.5522104615800412
C_MOBILITY:0.3810502301927757
C_KINGSAFETY:0.49141479951764416
C_PAWNSTRUCTURE:0.512584648412638
C_PIECECOORDINATION:0.5327033320513378
C_ROOKANDPAWNMOVEMENT:0.5327033320513378
C_CENTERCONTROL:0.42833399457374915
C_DEVELOPPIECES:0.4747775736791693
C_MATERIAL:0.4907114723985799
C_MOVECOUNT:0.5
