ELO:985
CE_PASSEDPAWNS:0.4648729930009142
CE_PAWNWEAKNESSES:0.4832984435675181
CE_PIECEACTIVITY:0.5105165181906284
CE_KINGPAWNSHIELD:0.504724793628635
CE_PIECECOORDINATION:0.5052227803757058
CE_MATERIAL:0.4970886359889668
CE_KINGSAFETY:0.49321424654685886
C_PIECESQUARETABLES:0.49310380378304774
C_MOBILITY:0.49834116564958025
C_KINGSAFETY:0.5025309095755898
C_PAWNSTRUCTURE:0.5197962600281869
C_PIECECOORDINATION:0.4951544376024199
C_ROOK:0.5431280284027854
CE_ROOK:0.4937829997569809
C_CENTERCONTROL:0.5064407546695958
C_DEVELOPPIECES:0.5002238147388208
C_MATERIAL:0.49997074820994425
C_MOVECOUNT:0.4742213102786994
C_PAWNMOVEMENT:0.4791740191051875
