ELO:1000
CE_PASSEDPAWNS:0.5001660378194129
CE_PAWNWEAKNESSES:0.4851076982325771
CE_PIECEACTIVITY:0.5039046806900788
CE_KINGPAWNSHIELD:0.4826013188348054
CE_PIECECOORDINATION:0.5028934171218573
CE_MATERIAL:0.5260799577528013
CE_KINGSAFETY:0.5
C_PIECESQUARETABLES:0.49172533872654456
C_MOBILITY:0.5181208325531137
C_KINGSAFETY:0.4942019510038766
C_PAWNSTRUCTURE:0.5256185256754904
C_PIECECOORDINATION:0.5198850262981709
C_ROOKANDPAWNMOVEMENT:0.5198850262981709
C_CENTERCONTROL:0.5488466322789034
C_DEVELOPPIECES:0.4970439900078103
C_MATERIAL:0.5432929796286833
