ELO:1000
CE_PASSEDPAWNS:0.4780392627262299
CE_PAWNWEAKNESSES:0.47829340870402764
CE_PIECEACTIVITY:0.5105165181906284
CE_KINGPAWNSHIELD:0.5037952041489966
CE_PIECECOORDINATION:0.5038398347220856
CE_MATERIAL:0.5061367973303419
CE_KINGSAFETY:0.49838594738485514
C_PIECESQUARETABLES:0.49310380378304774
C_MOBILITY:0.5002510116466307
C_KINGSAFETY:0.4990816345928225
C_PAWNSTRUCTURE:0.5174365978963519
C_PIECECOORDINATION:0.5044247378801124
C_ROOK:0.5280859298502028
CE_ROOK:0.4816667069391411
C_CENTERCONTROL:0.5053136178316968
C_DEVELOPPIECES:0.494328076274219
C_MATERIAL:0.49997074820994425
C_MOVECOUNT:0.4773931250946762
C_PAWNMOVEMENT:0.48568410108113835
