ELO:973
CE_PASSEDPAWNS:0.46908638159088173
CE_PAWNWEAKNESSES:0.4761595868885789
CE_PIECEACTIVITY:0.5105165181906284
CE_KINGPAWNSHIELD:0.4944123129442921
CE_PIECECOORDINATION:0.5052227803757058
CE_MATERIAL:0.4970886359889668
CE_KINGSAFETY:0.5
C_PIECESQUARETABLES:0.5
C_MOBILITY:0.4996979683184023
C_KINGSAFETY:0.49885901241751673
C_PAWNSTRUCTURE:0.5197962600281869
C_PIECECOORDINATION:0.4951544376024199
C_ROOK:0.5431280284027854
CE_ROOK:0.4937829997569809
C_CENTERCONTROL:0.500221625883263
C_DEVELOPPIECES:0.5002238147388208
C_MATERIAL:0.4886076787869399
C_MOVECOUNT:0.4742213102786994
C_PAWNMOVEMENT:0.4791740191051875
