ELO:988
CE_PASSEDPAWNS:0.5628050685828938
CE_PAWNWEAKNESSES:0.491426774433196
CE_PIECEACTIVITY:0.4640866766161137
CE_KINGPAWNSHIELD:0.4966547027538013
CE_PIECECOORDINATION:0.5319386381662279
CE_MATERIAL:0.4765214449926874
CE_KINGSAFETY:0.5117227783459655
C_PIECESQUARETABLES:0.49316597457201794
C_MOBILITY:0.4882729769544545
C_KINGSAFETY:0.46178990779534923
C_PAWNSTRUCTURE:0.4519124772882363
C_PIECECOORDINATION:0.5242292310779731
C_ROOKANDPAWNMOVEMENT:0.5242292310779731
C_CENTERCONTROL:0.5337161924913788
C_DEVELOPPIECES:0.6029761597612733
C_MATERIAL:0.5130851640992278
