ELO:956
CE_PASSEDPAWNS:0.48498673384878005
CE_PAWNWEAKNESSES:0.4920260727567875
CE_PIECEACTIVITY:0.5171591977823904
CE_KINGPAWNSHIELD:0.49870467851242184
CE_PIECECOORDINATION:0.5167421110820429
CE_MATERIAL:0.4738477660905147
CE_KINGSAFETY:0.5012006568161952
C_PIECESQUARETABLES:0.5122142634436873
C_MOBILITY:0.5346378728368586
C_KINGSAFETY:0.3998363874128245
C_PAWNSTRUCTURE:0.4581029578937346
C_PIECECOORDINATION:0.5260211867629565
C_ROOKANDPAWNMOVEMENT:0.5260211867629565
C_CENTERCONTROL:0.5451533319870232
C_DEVELOPPIECES:0.6406805680802925
C_MATERIAL:0.5837886684619138
