ELO:985
CE_PASSEDPAWNS:0.4873617828443884
CE_PAWNWEAKNESSES:0.5037199379705641
CE_PIECEACTIVITY:0.4800178196739188
CE_KINGPAWNSHIELD:0.5148870012315662
CE_PIECECOORDINATION:0.4716239370322694
CE_MATERIAL:0.5162723287349799
CE_KINGSAFETY:0.49023772405607013
C_PIECESQUARETABLES:0.5121773171331527
C_MOBILITY:0.5134478423340136
C_KINGSAFETY:0.49391807913995844
C_PAWNSTRUCTURE:0.5091062825386771
C_PIECECOORDINATION:0.4871798335842471
C_ROOKANDPAWNMOVEMENT:0.4871798335842471
C_CENTERCONTROL:0.4970831449243338
C_DEVELOPPIECES:0.5128569134576255
C_MATERIAL:0.5
C_MOVECOUNT:0.5
