ELO:993
CE_PASSEDPAWNS:0.5299994082838282
CE_PAWNWEAKNESSES:0.49775814301691923
CE_PIECEACTIVITY:0.4600928456409456
CE_KINGPAWNSHIELD:0.47209940880596646
CE_PIECECOORDINATION:0.5247795475918607
CE_MATERIAL:0.4690032629293242
CE_KINGSAFETY:0.4904644132025819
C_PIECESQUARETABLES:0.516565461260902
C_MOBILITY:0.48216184223218933
C_KINGSAFETY:0.4684835704128895
C_PAWNSTRUCTURE:0.47173502124276123
C_PIECECOORDINATION:0.5010114677532876
C_ROOKANDPAWNMOVEMENT:0.5010114677532876
C_CENTERCONTROL:0.5168584500957183
C_DEVELOPPIECES:0.5981619897293762
C_MATERIAL:0.5062051509833373
