ELO:990
CE_PASSEDPAWNS:0.49612855807311573
CE_PAWNWEAKNESSES:0.4535691740875163
CE_PIECEACTIVITY:0.5395410252714535
CE_KINGPAWNSHIELD:0.4862136320817006
CE_PIECECOORDINATION:0.5494109776492689
CE_MATERIAL:0.5062426913104824
CE_KINGSAFETY:0.508212809532324
C_PIECESQUARETABLES:0.5424572605975378
C_MOBILITY:0.53905338243024
C_KINGSAFETY:0.49343084245607627
C_PAWNSTRUCTURE:0.549599737811968
C_PIECECOORDINATION:0.5407371563483196
C_ROOKANDPAWNMOVEMENT:0.5407371563483196
C_CENTERCONTROL:0.591912877819764
C_DEVELOPPIECES:0.4985485221364516
C_MATERIAL:0.559910074651707
