ELO:958
CE_PASSEDPAWNS:0.5173474767397489
CE_PAWNWEAKNESSES:0.4998216096868174
CE_PIECEACTIVITY:0.49185836470044086
CE_KINGPAWNSHIELD:0.4608060467372915
CE_PIECECOORDINATION:0.48191938646939286
CE_MATERIAL:0.49162767046428396
CE_KINGSAFETY:0.48670397187918857
C_PIECESQUARETABLES:0.49848657093933363
C_MOBILITY:0.4875259825810193
C_KINGSAFETY:0.49655398995596844
C_PAWNSTRUCTURE:0.5044596585285516
C_PIECECOORDINATION:0.5011550211210688
C_ROOKANDPAWNMOVEMENT:0.5011550211210688
C_CENTERCONTROL:0.5570279755196808
C_DEVELOPPIECES:0.49714408976610763
C_MATERIAL:0.4871514561499913
C_MOVECOUNT:0.4970332660938462
