ELO:1000
CE_PASSEDPAWNS:0.520894553106139
CE_PAWNWEAKNESSES:0.48848080843376696
CE_PIECEACTIVITY:0.5092112579580906
CE_KINGPAWNSHIELD:0.4813127229627849
CE_PIECECOORDINATION:0.489531457867371
CE_MATERIAL:0.528247300125239
CE_KINGSAFETY:0.5071097924771681
C_PIECESQUARETABLES:0.5287574766032523
C_MOBILITY:0.508582621670036
C_KINGSAFETY:0.480637247461453
C_PAWNSTRUCTURE:0.5152118191467981
C_PIECECOORDINATION:0.5150825752750547
C_ROOKANDPAWNMOVEMENT:0.5150825752750547
C_CENTERCONTROL:0.5462107665529257
C_DEVELOPPIECES:0.5023468812081454
C_MATERIAL:0.5503284115714773
