ELO:978
CE_PASSEDPAWNS:0.5042340151133767
CE_PAWNWEAKNESSES:0.4470375471872942
CE_PIECEACTIVITY:0.531557851463449
CE_KINGPAWNSHIELD:0.49400168033591674
CE_PIECECOORDINATION:0.5219331098815339
CE_MATERIAL:0.4706150381571464
CE_KINGSAFETY:0.4903182872345563
C_PIECESQUARETABLES:0.507432377798754
C_MOBILITY:0.4745342212421058
C_KINGSAFETY:0.5145641815325426
C_PAWNSTRUCTURE:0.5251818087360294
C_PIECECOORDINATION:0.5463845415787515
C_ROOKANDPAWNMOVEMENT:0.5463845415787515
C_CENTERCONTROL:0.623437810781765
C_DEVELOPPIECES:0.4807115533162199
C_MATERIAL:0.5617398007163548
