ELO:920
CE_PASSEDPAWNS:0.45688423863447825
CE_PAWNWEAKNESSES:0.46444067032871167
CE_PIECEACTIVITY:0.5591861367051867
CE_KINGPAWNSHIELD:0.5289887601013803
CE_PIECECOORDINATION:0.5143190664418926
CE_MATERIAL:0.5002394008327321
CE_KINGSAFETY:0.5369744841813747
C_PIECESQUARETABLES:0.501624254134393
C_MOBILITY:0.44428203087031926
C_KINGSAFETY:0.5014954563367056
C_PAWNSTRUCTURE:0.518336858922072
C_PIECECOORDINATION:0.5266344346293533
C_ROOKANDPAWNMOVEMENT:0.5266344346293533
C_CENTERCONTROL:0.6048448415183412
C_DEVELOPPIECES:0.4751963544062742
C_MATERIAL:0.5359014254265594
