ELO:952
CE_PASSEDPAWNS:0.5029006926767584
CE_PAWNWEAKNESSES:0.4612039753306123
CE_PIECEACTIVITY:0.5489149592820068
CE_KINGPAWNSHIELD:0.5369519894157719
CE_PIECECOORDINATION:0.5020847955329264
CE_MATERIAL:0.5008410878978222
CE_KINGSAFETY:0.5340642386667586
C_PIECESQUARETABLES:0.5142141428436955
C_MOBILITY:0.462821646013695
C_KINGSAFETY:0.4881828575370163
C_PAWNSTRUCTURE:0.5082497712543904
C_PIECECOORDINATION:0.5368153450443414
C_ROOKANDPAWNMOVEMENT:0.5368153450443414
C_CENTERCONTROL:0.5973607992889242
C_DEVELOPPIECES:0.4420738387276649
C_MATERIAL:0.5459224217455941
