ELO:963
CE_PASSEDPAWNS:0.5035626865953818
CE_PAWNWEAKNESSES:0.5072320902351241
CE_PIECEACTIVITY:0.4970419402154586
CE_KINGPAWNSHIELD:0.49579893573105255
CE_PIECECOORDINATION:0.4999917955483934
CE_MATERIAL:0.5
CE_KINGSAFETY:0.49804731907652305
C_PIECESQUARETABLES:0.4954383652353241
C_MOBILITY:0.512139826166331
C_KINGSAFETY:0.4940324936697918
C_PAWNSTRUCTURE:0.5059906818073728
C_PIECECOORDINATION:0.5023106483287432
C_ROOKANDPAWNMOVEMENT:0.5023106483287432
C_CENTERCONTROL:0.5346441631420247
C_DEVELOPPIECES:0.5088950394539683
C_MATERIAL:0.5082711732927729
C_MOVECOUNT:0.5
