ELO:913
CE_PASSEDPAWNS:0.5057979496534086
CE_PAWNWEAKNESSES:0.5173217956645664
CE_PIECEACTIVITY:0.5234546426782017
CE_KINGPAWNSHIELD:0.4662313678743199
CE_PIECECOORDINATION:0.5037334593548619
CE_MATERIAL:0.5181796937282996
CE_KINGSAFETY:0.5162895959131325
C_PIECESQUARETABLES:0.5363704624021117
C_MOBILITY:0.5835718519500921
C_KINGSAFETY:0.5234794278006778
C_PAWNSTRUCTURE:0.48640714318055556
C_PIECECOORDINATION:0.5272790135572093
C_ROOKANDPAWNMOVEMENT:0.5272790135572093
C_CENTERCONTROL:0.5301742142446745
C_DEVELOPPIECES:0.4494992143344138
C_MATERIAL:0.4554143440056508
C_MOVECOUNT:0.5
