ELO:981
CE_PASSEDPAWNS:0.4704983821793229
CE_PAWNWEAKNESSES:0.4630665972763076
CE_PIECEACTIVITY:0.5084010022172534
CE_KINGPAWNSHIELD:0.5036980526276684
CE_PIECECOORDINATION:0.5061631386665695
CE_MATERIAL:0.5034897735983972
CE_KINGSAFETY:0.49679405682872585
C_PIECESQUARETABLES:0.5040079149327858
C_MOBILITY:0.49755165481493796
C_KINGSAFETY:0.512728189278774
C_PAWNSTRUCTURE:0.5259767758016026
C_PIECECOORDINATION:0.4670042715216232
C_ROOK:0.541981574504372
CE_ROOK:0.48164173433680846
C_CENTERCONTROL:0.5136128286989756
C_DEVELOPPIECES:0.4990816865700029
C_MATERIAL:0.5207818475799072
C_MOVECOUNT:0.4679503203145158
C_PAWNMOVEMENT:0.47665429700056966
