ELO:967
CE_PASSEDPAWNS:0.48765903687558926
CE_PAWNWEAKNESSES:0.4905463355330663
CE_PIECEACTIVITY:0.45190771854695727
CE_KINGPAWNSHIELD:0.4969167576997776
CE_PIECECOORDINATION:0.48336919962307234
CE_MATERIAL:0.48231920258339367
CE_KINGSAFETY:0.5025521044870787
C_PIECESQUARETABLES:0.5
C_MOBILITY:0.4691657909867622
C_KINGSAFETY:0.48698205453053955
C_PAWNSTRUCTURE:0.49773037065996223
C_PIECECOORDINATION:0.5464232134942677
C_ROOKANDPAWNMOVEMENT:0.5464232134942677
C_CENTERCONTROL:0.48840701052314617
C_DEVELOPPIECES:0.5221612054924759
C_MATERIAL:0.49069900688394863
C_MOVECOUNT:0.4945933660311482
