ELO:948
CE_PASSEDPAWNS:0.5011669357337798
CE_PAWNWEAKNESSES:0.48714149105496946
CE_PIECEACTIVITY:0.5317623229879784
CE_KINGPAWNSHIELD:0.4881017712808358
CE_PIECECOORDINATION:0.5044299703649885
CE_MATERIAL:0.4795260353956485
CE_KINGSAFETY:0.5207148669108346
C_PIECESQUARETABLES:0.5247422729457089
C_MOBILITY:0.5334639574676456
C_KINGSAFETY:0.41436259102569223
C_PAWNSTRUCTURE:0.4605615769604324
C_PIECECOORDINATION:0.5179503117108517
C_ROOKANDPAWNMOVEMENT:0.5179503117108517
C_CENTERCONTROL:0.5492697849494373
C_DEVELOPPIECES:0.6086284567886487
C_MATERIAL:0.5717916942765383
