ELO:994
CE_PASSEDPAWNS:0.5062987424068529
CE_PAWNWEAKNESSES:0.4518083434867592
CE_PIECEACTIVITY:0.5253648103276274
CE_KINGPAWNSHIELD:0.46712442140829963
CE_PIECECOORDINATION:0.53958055444924
CE_MATERIAL:0.517772567727478
CE_KINGSAFETY:0.5129248301775186
C_PIECESQUARETABLES:0.5172956428159757
C_MOBILITY:0.5213004340786639
C_KINGSAFETY:0.5203389705340759
C_PAWNSTRUCTURE:0.5145738442499718
C_PIECECOORDINATION:0.5080707414242956
C_ROOKANDPAWNMOVEMENT:0.5080707414242956
C_CENTERCONTROL:0.5760398308769947
C_DEVELOPPIECES:0.4759070096212758
C_MATERIAL:0.5666418224894343
