ELO:954
CE_PASSEDPAWNS:0.49081052898971983
CE_PAWNWEAKNESSES:0.5053908607877771
CE_PIECEACTIVITY:0.49635999088647614
CE_KINGPAWNSHIELD:0.4891647360152223
CE_PIECECOORDINATION:0.48184246302964717
CE_MATERIAL:0.4917190971176653
CE_KINGSAFETY:0.49128288963903666
C_PIECESQUARETABLES:0.5
C_MOBILITY:0.5236024411510428
C_KINGSAFETY:0.5
C_PAWNSTRUCTURE:0.47016221896140925
C_PIECECOORDINATION:0.5
C_ROOKANDPAWNMOVEMENT:0.5
C_CENTERCONTROL:0.48907361469547933
C_DEVELOPPIECES:0.5128403763782994
C_MATERIAL:0.4950736083849439
C_MOVECOUNT:0.49458718497388765
