ELO:945
CE_PASSEDPAWNS:0.5061898419682089
CE_PAWNWEAKNESSES:0.5013644586890289
CE_PIECEACTIVITY:0.49353935596948456
CE_KINGPAWNSHIELD:0.49384622595326755
CE_PIECECOORDINATION:0.49253389001854975
CE_MATERIAL:0.5492514425726475
CE_KINGSAFETY:0.4935610470141202
C_PIECESQUARETABLES:0.4678302556598498
C_MOBILITY:0.5132849766206068
C_KINGSAFETY:0.5201630502723582
C_PAWNSTRUCTURE:0.46447935333684687
C_PIECECOORDINATION:0.49442389471162024
C_ROOK:0.48433605082099535
CE_ROOK:0.4958718687459351
C_CENTERCONTROL:0.4876829822239769
C_DEVELOPPIECES:0.45282293500928916
C_MATERIAL:0.4836201674706303
C_MOVECOUNT:0.42339499594780716
C_PAWNMOVEMENT:0.5030986721854301
