ELO:902
CE_PASSEDPAWNS:0.5035421948359383
CE_PAWNWEAKNESSES:0.5197441546663463
CE_PIECEACTIVITY:0.5184409742341112
CE_KINGPAWNSHIELD:0.465692265132116
CE_PIECECOORDINATION:0.49395312290220983
CE_MATERIAL:0.4948216272477109
CE_KINGSAFETY:0.5272213062595533
C_PIECESQUARETABLES:0.5199234759881236
C_MOBILITY:0.593589642867621
C_KINGSAFETY:0.5066555895887216
C_PAWNSTRUCTURE:0.5080170173833709
C_PIECECOORDINATION:0.5236237008450952
C_ROOKANDPAWNMOVEMENT:0.5236237008450952
C_CENTERCONTROL:0.49840134733104513
C_DEVELOPPIECES:0.46179637765555553
C_MATERIAL:0.45777402151680036
C_MOVECOUNT:0.5
