ELO:883
CE_PASSEDPAWNS:0.4645789770967634
CE_PAWNWEAKNESSES:0.475842724628825
CE_PIECEACTIVITY:0.48401853104507786
CE_KINGPAWNSHIELD:0.5668308227466767
CE_PIECECOORDINATION:0.5570626409499569
CE_MATERIAL:0.5227789497290152
CE_KINGSAFETY:0.5103482663933826
C_PIECESQUARETABLES:0.49640403784812753
C_MOBILITY:0.4645225971176297
C_KINGSAFETY:0.595470292801273
C_PAWNSTRUCTURE:0.5168599950198318
C_PIECECOORDINATION:0.5034650155319866
C_ROOKANDPAWNMOVEMENT:0.5034650155319866
C_CENTERCONTROL:0.5809479587552743
C_DEVELOPPIECES:0.4766231476620051
C_MATERIAL:0.5667760084167958
