ELO:1000
CE_PASSEDPAWNS:0.5088633233628532
CE_PAWNWEAKNESSES:0.4858731856573414
CE_PIECEACTIVITY:0.4929329006094353
CE_KINGPAWNSHIELD:0.4632599148621796
CE_PIECECOORDINATION:0.5204803997675397
CE_MATERIAL:0.46852017996815315
CE_KINGSAFETY:0.5049821325963256
C_PIECESQUARETABLES:0.512083241266223
C_MOBILITY:0.49230024295643454
C_KINGSAFETY:0.46532758509355643
C_PAWNSTRUCTURE:0.47026895216392955
C_PIECECOORDINATION:0.4863347804620728
C_ROOKANDPAWNMOVEMENT:0.4863347804620728
C_CENTERCONTROL:0.5199193749991431
C_DEVELOPPIECES:0.5488248403212129
C_MATERIAL:0.495240223577167
