ELO:968
CE_PASSEDPAWNS:0.5219882693018028
CE_PAWNWEAKNESSES:0.46445334382934367
CE_PIECEACTIVITY:0.435298822297144
CE_KINGPAWNSHIELD:0.5218196534149409
CE_PIECECOORDINATION:0.4632385470148549
CE_MATERIAL:0.5150623562354972
CE_KINGSAFETY:0.5
C_PIECESQUARETABLES:0.5
C_MOBILITY:0.4881196824975678
C_KINGSAFETY:0.49312944201092873
C_PAWNSTRUCTURE:0.48815161882608615
C_PIECECOORDINATION:0.4981979769598972
C_ROOK:0.5246952576187079
CE_ROOK:0.4942978211590888
C_CENTERCONTROL:0.5217952835158962
C_DEVELOPPIECES:0.45282293500928916
C_MATERIAL:0.5128905919929755
C_MOVECOUNT:0.560830708940964
C_PAWNMOVEMENT:0.5030986721854301
