ELO:855
CE_PASSEDPAWNS:0.42292387527011316
CE_PAWNWEAKNESSES:0.530885895298221
CE_PIECEACTIVITY:0.4900745131925798
CE_KINGPAWNSHIELD:0.5267119635557328
CE_PIECECOORDINATION:0.47993750680503505
CE_MATERIAL:0.48386515691834386
CE_KINGSAFETY:0.5109354375097016
C_PIECESQUARETABLES:0.5055299524624172
C_MOBILITY:0.4960834876060091
C_KINGSAFETY:0.5067818226511586
C_PAWNSTRUCTURE:0.53716189896454
C_PIECECOORDINATION:0.5272313926051649
C_ROOKANDPAWNMOVEMENT:0.5272313926051649
C_CENTERCONTROL:0.5878620723584659
C_DEVELOPPIECES:0.5122957260073103
C_MATERIAL:0.5434285036121121
C_MOVECOUNT:0.5
