ELO:923
CE_PASSEDPAWNS:0.5058389143037293
CE_PAWNWEAKNESSES:0.46354012297957065
CE_PIECEACTIVITY:0.5358070001950183
CE_KINGPAWNSHIELD:0.4590133160024734
CE_PIECECOORDINATION:0.5454128649251995
CE_MATERIAL:0.5062369408418715
CE_KINGSAFETY:0.5051697063783741
C_PIECESQUARETABLES:0.49587311642824144
C_MOBILITY:0.5011204996720369
C_KINGSAFETY:0.43253972833879867
C_PAWNSTRUCTURE:0.46381302828947496
C_PIECECOORDINATION:0.533332685851639
C_ROOKANDPAWNMOVEMENT:0.533332685851639
C_CENTERCONTROL:0.5696756364310372
C_DEVELOPPIECES:0.6194396649964955
C_MATERIAL:0.5996772423727418
