ELO:1000
CE_PASSEDPAWNS:0.48165256145319074
CE_PAWNWEAKNESSES:0.4858731856573414
CE_PIECEACTIVITY:0.5074514614431835
CE_KINGPAWNSHIELD:0.4775649720237458
CE_PIECECOORDINATION:0.5218324648481517
CE_MATERIAL:0.45850305916389444
CE_KINGSAFETY:0.5003314808219196
C_PIECESQUARETABLES:0.501097481761766
C_MOBILITY:0.49815999070004446
C_KINGSAFETY:0.4760073902554068
C_PAWNSTRUCTURE:0.4821262870140893
C_PIECECOORDINATION:0.48449465375909423
C_ROOKANDPAWNMOVEMENT:0.48449465375909423
C_CENTERCONTROL:0.5321374675284445
C_DEVELOPPIECES:0.5401427659155567
C_MATERIAL:0.4951091816857565
