ELO:959
CE_PASSEDPAWNS:0.48520445602142365
CE_PAWNWEAKNESSES:0.4723105287861119
CE_PIECEACTIVITY:0.5596415611081652
CE_KINGPAWNSHIELD:0.5438268639305428
CE_PIECECOORDINATION:0.5076052405828457
CE_MATERIAL:0.49859926772956714
CE_KINGSAFETY:0.5267186744583299
C_PIECESQUARETABLES:0.5111467581439726
C_MOBILITY:0.4672145979905052
C_KINGSAFETY:0.4890344785812767
C_PAWNSTRUCTURE:0.5170794534965397
C_PIECECOORDINATION:0.548253926003749
C_ROOKANDPAWNMOVEMENT:0.548253926003749
C_CENTERCONTROL:0.5968496640667083
C_DEVELOPPIECES:0.4537499821769472
C_MATERIAL:0.5596007079458484
