ELO:968
CE_PASSEDPAWNS:0.5249038342829363
CE_PAWNWEAKNESSES:0.48979236553296907
CE_PIECEACTIVITY:0.5125644257745168
CE_KINGPAWNSHIELD:0.4742097985271855
CE_PIECECOORDINATION:0.5020437231240233
CE_MATERIAL:0.45608678588798207
CE_KINGSAFETY:0.4939527825509986
C_PIECESQUARETABLES:0.5102175712951464
C_MOBILITY:0.4967716603196517
C_KINGSAFETY:0.3934614132868107
C_PAWNSTRUCTURE:0.4276203286622606
C_PIECECOORDINATION:0.51697160027439
C_ROOKANDPAWNMOVEMENT:0.51697160027439
C_CENTERCONTROL:0.53431441323061
C_DEVELOPPIECES:0.6201092678920369
C_MATERIAL:0.5662329465147744
