ELO:946
CE_PASSEDPAWNS:0.483621419273504
CE_PAWNWEAKNESSES:0.49522358135565886
CE_PIECEACTIVITY:0.4914069769336345
CE_KINGPAWNSHIELD:0.5322635958602188
CE_PIECECOORDINATION:0.4584071653942031
CE_MATERIAL:0.5075110515857331
CE_KINGSAFETY:0.5
C_PIECESQUARETABLES:0.49285274481523345
C_MOBILITY:0.48928795914972306
C_KINGSAFETY:0.48431403289679625
C_PAWNSTRUCTURE:0.46936099428401573
C_PIECECOORDINATION:0.44637697873719157
C_ROOKANDPAWNMOVEMENT:0.44637697873719157
C_CENTERCONTROL:0.5204101451369662
C_DEVELOPPIECES:0.4871145436205389
C_MATERIAL:0.5444632456319911
C_MOVECOUNT:0.5
