ELO:974
CE_PASSEDPAWNS:0.4095294841863966
CE_PAWNWEAKNESSES:0.4961544859060968
CE_PIECEACTIVITY:0.4962276844312809
CE_KINGPAWNSHIELD:0.49949670429285314
CE_PIECECOORDINATION:0.5612524893981985
CE_MATERIAL:0.47886513615458187
CE_KINGSAFETY:0.5
C_PIECESQUARETABLES:0.5109565370871321
C_MOBILITY:0.59689588984493
C_KINGSAFETY:0.5027559886148995
C_PAWNSTRUCTURE:0.569047750898728
C_PIECECOORDINATION:0.511670987194039
C_ROOKANDPAWNMOVEMENT:0.511670987194039
C_CENTERCONTROL:0.5249843079453592
C_DEVELOPPIECES:0.4986872159166737
C_MATERIAL:0.44721972472892724
