ELO:999
CE_PASSEDPAWNS:0.4476789702778743
CE_PAWNWEAKNESSES:0.5184859937233599
CE_PIECEACTIVITY:0.43179812746153834
CE_KINGPAWNSHIELD:0.44924622644044604
CE_PIECECOORDINATION:0.5341611319768135
CE_MATERIAL:0.5072147271518821
CE_KINGSAFETY:0.4444673426484681
C_PIECESQUARETABLES:0.4953859491252127
C_MOBILITY:0.4512100073940339
C_KINGSAFETY:0.5721408443902929
C_PAWNSTRUCTURE:0.5844122292922466
C_PIECECOORDINATION:0.43875045791207656
C_ROOKANDPAWNMOVEMENT:0.43875045791207656
C_CENTERCONTROL:0.5373940615604379
C_DEVELOPPIECES:0.47768027198656837
C_MATERIAL:0.6191242372738243
