ELO:758
CE_PASSEDPAWNS:0.38372785024361217
CE_PAWNWEAKNESSES:0.5139921684105325
CE_PIECEACTIVITY:0.5128667510201886
CE_KINGPAWNSHIELD:0.42732586315559307
CE_PIECECOORDINATION:0.39799301597622566
CE_MATERIAL:0.5151507687075693
CE_KINGSAFETY:0.5037099299587112
C_PIECESQUARETABLES:0.5206218067739175
C_MOBILITY:0.49255593554568144
C_KINGSAFETY:0.525661168528919
C_PAWNSTRUCTURE:0.5574135443995343
C_PIECECOORDINATION:0.3718774181340766
C_ROOKANDPAWNMOVEMENT:0.3718774181340766
C_CENTERCONTROL:0.5145930231142298
C_DEVELOPPIECES:0.6638297240357641
C_MATERIAL:0.4874613518513086
C_MOVECOUNT:0.48228422650590086
