ELO:960
CE_PASSEDPAWNS:0.49060975213404107
CE_PAWNWEAKNESSES:0.5189484106299851
CE_PIECEACTIVITY:0.5154400638414035
CE_KINGPAWNSHIELD:0.5317123386296737
CE_PIECECOORDINATION:0.5255886456287546
CE_MATERIAL:0.5160450742204636
CE_KINGSAFETY:0.48980082985001877
C_PIECESQUARETABLES:0.5
C_MOBILITY:0.5076938513489486
C_KINGSAFETY:0.496156418780553
C_PAWNSTRUCTURE:0.5232760806553997
C_PIECECOORDINATION:0.4929039512618525
C_ROOK:0.47051542138923974
CE_ROOK:0.5109240242736856
C_CENTERCONTROL:0.5068170163965571
C_DEVELOPPIECES:0.49618382148953694
C_MATERIAL:0.49232351191445084
C_MOVECOUNT:0.5030948045548984
C_PAWNMOVEMENT:0.46700435304312304
