ELO:960
CE_PASSEDPAWNS:0.4845358450651816
CE_PAWNWEAKNESSES:0.4908818349462656
CE_PIECEACTIVITY:0.5026356206404198
CE_KINGPAWNSHIELD:0.500734404612183
CE_PIECECOORDINATION:0.4891003048904499
CE_MATERIAL:0.4965373040451698
CE_KINGSAFETY:0.5136029380347636
C_PIECESQUARETABLES:0.4786167412259796
C_MOBILITY:0.4940560996900143
C_KINGSAFETY:0.4854943984191077
C_PAWNSTRUCTURE:0.5022475070892269
C_PIECECOORDINATION:0.49557042579716193
C_ROOKANDPAWNMOVEMENT:0.49557042579716193
C_CENTERCONTROL:0.5263092379490548
C_DEVELOPPIECES:0.5045546584569052
C_MATERIAL:0.5000322160512394
