ELO:1012
CE_PASSEDPAWNS:0.4540931413632689
CE_PAWNWEAKNESSES:0.5382346745347053
CE_PIECEACTIVITY:0.46970184855038105
CE_KINGPAWNSHIELD:0.46183076771038517
CE_PIECECOORDINATION:0.4472415461248216
CE_MATERIAL:0.4948662262943065
CE_KINGSAFETY:0.5624006930307606
C_PIECESQUARETABLES:0.4828686730346846
C_MOBILITY:0.45607764566150416
C_KINGSAFETY:0.3964010340134416
C_PAWNSTRUCTURE:0.5057962494453373
C_PIECECOORDINATION:0.45053598361112224
C_ROOKANDPAWNMOVEMENT:0.45053598361112224
C_CENTERCONTROL:0.531030047900641
C_DEVELOPPIECES:0.49052078031268176
C_MATERIAL:0.6285834285287608
