ELO:830
CE_PASSEDPAWNS:0.5171950326139927
CE_PAWNWEAKNESSES:0.5335834423882653
CE_PIECEACTIVITY:0.4286777984605403
CE_KINGPAWNSHIELD:0.5599534819522151
CE_PIECECOORDINATION:0.5225757966307114
CE_MATERIAL:0.43058613813178626
CE_KINGSAFETY:0.5397089854413422
C_PIECESQUARETABLES:0.5650531044336475
C_MOBILITY:0.4743427569768649
C_KINGSAFETY:0.49968806855434483
C_PAWNSTRUCTURE:0.4753192769031025
C_PIECECOORDINATION:0.5325528354608472
C_ROOKANDPAWNMOVEMENT:0.5325528354608472
C_CENTERCONTROL:0.41927202471632863
C_DEVELOPPIECES:0.4657532023991858
C_MATERIAL:0.48079792987202885
C_MOVECOUNT:0.5
