ELO:958
CE_PASSEDPAWNS:0.5029682683915466
CE_PAWNWEAKNESSES:0.4983298297601624
CE_PIECEACTIVITY:0.5350734011335058
CE_KINGPAWNSHIELD:0.4891492080174935
CE_PIECECOORDINATION:0.4792417141179841
CE_MATERIAL:0.4970387467385547
CE_KINGSAFETY:0.5
C_PIECESQUARETABLES:0.5
C_MOBILITY:0.5083117416917868
C_KINGSAFETY:0.5328559527413174
C_PAWNSTRUCTURE:0.5
C_PIECECOORDINATION:0.47873025042797285
C_ROOKANDPAWNMOVEMENT:0.47873025042797285
C_CENTERCONTROL:0.49579899801417887
C_DEVELOPPIECES:0.5044675498662
C_MATERIAL:0.49940615472066474
C_MOVECOUNT:0.5
