ELO:899
CE_PASSEDPAWNS:0.5602885637468432
CE_PAWNWEAKNESSES:0.49804297666616676
CE_PIECEACTIVITY:0.5632560920548695
CE_KINGPAWNSHIELD:0.47685850075941355
CE_PIECECOORDINATION:0.38563848300065867
CE_MATERIAL:0.3822379144742644
CE_KINGSAFETY:0.5192596578452229
C_PIECESQUARETABLES:0.5268798481057788
C_MOBILITY:0.47912857530190855
C_KINGSAFETY:0.47647510069515375
C_PAWNSTRUCTURE:0.6139330686969369
C_PIECECOORDINATION:0.5044053715995233
C_ROOKANDPAWNMOVEMENT:0.5044053715995233
C_CENTERCONTROL:0.5253785904253743
C_DEVELOPPIECES:0.5461188749185331
C_MATERIAL:0.4704153852544145
