ELO:940
CE_PASSEDPAWNS:0.45412740460312156
CE_PAWNWEAKNESSES:0.5108246835606446
CE_PIECEACTIVITY:0.5410191544285005
CE_KINGPAWNSHIELD:0.5317123386296737
CE_PIECECOORDINATION:0.5178821340342505
CE_MATERIAL:0.5061863373201735
CE_KINGSAFETY:0.5
C_PIECESQUARETABLES:0.5004928759215932
C_MOBILITY:0.5294980540392472
C_KINGSAFETY:0.5229287199380109
C_PAWNSTRUCTURE:0.5172679696422006
C_PIECECOORDINATION:0.4864997601370579
C_ROOK:0.47872657234361354
CE_ROOK:0.509362653995397
C_CENTERCONTROL:0.4904636939108865
C_DEVELOPPIECES:0.5101424479444359
C_MATERIAL:0.5119134993985573
C_MOVECOUNT:0.5057870056705381
C_PAWNMOVEMENT:0.46700435304312304
