ELO:986
CE_PASSEDPAWNS:0.4907609351220123
CE_PAWNWEAKNESSES:0.5
CE_PIECEACTIVITY:0.5026356206404198
CE_KINGPAWNSHIELD:0.49575688896566833
CE_PIECECOORDINATION:0.4891003048904499
CE_MATERIAL:0.49745647251871505
CE_KINGSAFETY:0.5019924558323806
C_PIECESQUARETABLES:0.4786167412259796
C_MOBILITY:0.4974542243553034
C_KINGSAFETY:0.49510834020065514
C_PAWNSTRUCTURE:0.5022475070892269
C_PIECECOORDINATION:0.4941509211178176
C_ROOKANDPAWNMOVEMENT:0.4941509211178176
C_CENTERCONTROL:0.5187015988468842
C_DEVELOPPIECES:0.5013872450822734
C_MATERIAL:0.5029179424056662
