ELO:969
CE_PASSEDPAWNS:0.5990810931714251
CE_PAWNWEAKNESSES:0.48020261060034836
CE_PIECEACTIVITY:0.49681669084825814
CE_KINGPAWNSHIELD:0.4161279111102785
CE_PIECECOORDINATION:0.46346569306261914
CE_MATERIAL:0.43788553087795695
CE_KINGSAFETY:0.5107159652662504
C_PIECESQUARETABLES:0.5124745888029848
C_MOBILITY:0.4708176421033687
C_KINGSAFETY:0.4463370855022577
C_PAWNSTRUCTURE:0.48406596644317
C_PIECECOORDINATION:0.5369140102127384
C_ROOKANDPAWNMOVEMENT:0.5369140102127384
C_CENTERCONTROL:0.5255474805494763
C_DEVELOPPIECES:0.5362968061903758
C_MATERIAL:0.6401978876595843
