ELO:936
CE_PASSEDPAWNS:0.4141181613983376
CE_PAWNWEAKNESSES:0.4917500652225947
CE_PIECEACTIVITY:0.5563165329833877
CE_KINGPAWNSHIELD:0.5431581216880809
CE_PIECECOORDINATION:0.5300555230311562
CE_MATERIAL:0.48945506194602
CE_KINGSAFETY:0.5
C_PIECESQUARETABLES:0.49341980855016443
C_MOBILITY:0.5102533925591543
C_KINGSAFETY:0.5260778589727548
C_PAWNSTRUCTURE:0.5107843032636346
C_PIECECOORDINATION:0.48598053792506346
C_ROOK:0.4988138182961272
CE_ROOK:0.50214343898502
C_CENTERCONTROL:0.4999147243328835
C_DEVELOPPIECES:0.5245930929441511
C_MATERIAL:0.5145080545669635
C_MOVECOUNT:0.5147738686243253
C_PAWNMOVEMENT:0.48479539700508256
