ELO:991
CE_PASSEDPAWNS:0.5075793635120222
CE_PAWNWEAKNESSES:0.49540449452318164
CE_PIECEACTIVITY:0.4835457563760988
CE_KINGPAWNSHIELD:0.5079309136988004
CE_PIECECOORDINATION:0.48464298584423104
CE_MATERIAL:0.4823101776566316
CE_KINGSAFETY:0.5
C_PIECESQUARETABLES:0.5
C_MOBILITY:0.5012987312974019
C_KINGSAFETY:0.5
C_PAWNSTRUCTURE:0.5006062183344596
C_PIECECOORDINATION:0.5
C_ROOKANDPAWNMOVEMENT:0.5
C_CENTERCONTROL:0.492019924621992
C_DEVELOPPIECES:0.5
C_MATERIAL:0.49263369131692697
C_MOVECOUNT:0.5
