ELO:927
CE_PASSEDPAWNS:0.425792186747553
CE_PAWNWEAKNESSES:0.4927443813060351
CE_PIECEACTIVITY:0.5515813581209447
CE_KINGPAWNSHIELD:0.5431581216880809
CE_PIECECOORDINATION:0.5300555230311562
CE_MATERIAL:0.489761733032668
CE_KINGSAFETY:0.5
C_PIECESQUARETABLES:0.5
C_MOBILITY:0.5102533925591543
C_KINGSAFETY:0.5260778589727548
C_PAWNSTRUCTURE:0.5107843032636346
C_PIECECOORDINATION:0.4831493548529372
C_ROOK:0.4848263449412808
CE_ROOK:0.50214343898502
C_CENTERCONTROL:0.4999147243328835
C_DEVELOPPIECES:0.5245930929441511
C_MATERIAL:0.5145080545669635
C_MOVECOUNT:0.5147738686243253
C_PAWNMOVEMENT:0.48479539700508256
