ELO:991
CE_PASSEDPAWNS:0.4021098083948415
CE_PAWNWEAKNESSES:0.49757333752081484
CE_PIECEACTIVITY:0.49040380858180793
CE_KINGPAWNSHIELD:0.5094046878580701
CE_PIECECOORDINATION:0.5391854198780611
CE_MATERIAL:0.4721843248284176
CE_KINGSAFETY:0.448772811555174
C_PIECESQUARETABLES:0.4849808876999562
C_MOBILITY:0.5545957672169936
C_KINGSAFETY:0.5119401955875954
C_PAWNSTRUCTURE:0.5372547209348161
C_PIECECOORDINATION:0.4793442892177114
C_ROOKANDPAWNMOVEMENT:0.4793442892177114
C_CENTERCONTROL:0.5102770371285397
C_DEVELOPPIECES:0.5077526681609605
C_MATERIAL:0.44882076141673694
