ELO:989
CE_PASSEDPAWNS:0.5176772828088623
CE_PAWNWEAKNESSES:0.47390648593802676
CE_PIECEACTIVITY:0.49966916334994776
CE_KINGPAWNSHIELD:0.43219345823050337
CE_PIECECOORDINATION:0.4664927462467851
CE_MATERIAL:0.4546307175408411
CE_KINGSAFETY:0.5239603866768047
C_PIECESQUARETABLES:0.4829458235898157
C_MOBILITY:0.48590375451247303
C_KINGSAFETY:0.5385762758368684
C_PAWNSTRUCTURE:0.5190303747451221
C_PIECECOORDINATION:0.46131218869507246
C_ROOKANDPAWNMOVEMENT:0.46131218869507246
C_CENTERCONTROL:0.514752716151595
C_DEVELOPPIECES:0.5568374145463173
C_MATERIAL:0.44593080772602683
