ELO:991
CE_PASSEDPAWNS:0.642464713724839
CE_PAWNWEAKNESSES:0.4881854253790658
CE_PIECEACTIVITY:0.5295616401698039
CE_KINGPAWNSHIELD:0.4844462799409313
CE_PIECECOORDINATION:0.4783200392775374
CE_MATERIAL:0.4402761839822551
CE_KINGSAFETY:0.5264786519260868
C_PIECESQUARETABLES:0.5219234476670531
C_MOBILITY:0.3910305825656711
C_KINGSAFETY:0.45317379966410604
C_PAWNSTRUCTURE:0.3758268024750707
C_PIECECOORDINATION:0.4997183534808135
C_ROOKANDPAWNMOVEMENT:0.4997183534808135
C_CENTERCONTROL:0.5216690197369006
C_DEVELOPPIECES:0.6214004407814456
C_MATERIAL:0.44024886605288827
