ELO:970
CE_PASSEDPAWNS:0.5
CE_PAWNWEAKNESSES:0.49586290197908206
CE_PIECEACTIVITY:0.5091355306742202
CE_KINGPAWNSHIELD:0.521776360851141
CE_PIECECOORDINATION:0.48601350874257826
CE_MATERIAL:0.49756279575167
CE_KINGSAFETY:0.5083514570263622
C_PIECESQUARETABLES:0.487660606997842
C_MOBILITY:0.4969494157679265
C_KINGSAFETY:0.502088635197847
C_PAWNSTRUCTURE:0.516366159642518
C_PIECECOORDINATION:0.5
C_ROOKANDPAWNMOVEMENT:0.5
C_CENTERCONTROL:0.49669863671459885
C_DEVELOPPIECES:0.5153569992171493
C_MATERIAL:0.47884856372159734
