ELO:998
CE_PASSEDPAWNS:0.5014415970784418
CE_PAWNWEAKNESSES:0.5059706346204824
CE_PIECEACTIVITY:0.5073326310456717
CE_KINGPAWNSHIELD:0.5117873147532861
CE_PIECECOORDINATION:0.5009367849212295
CE_MATERIAL:0.5
CE_KINGSAFETY:0.48505580410947946
C_PIECESQUARETABLES:0.5
C_MOBILITY:0.49646664483193587
C_KINGSAFETY:0.4905984298688479
C_PAWNSTRUCTURE:0.4983260777890268
C_PIECECOORDINATION:0.4911864709164156
C_ROOK:0.4826731224478858
CE_ROOK:0.5103930929912396
C_CENTERCONTROL:0.5087234254827947
C_DEVELOPPIECES:0.5
C_MATERIAL:0.5071331480978248
C_MOVECOUNT:0.5098571265593729
C_PAWNMOVEMENT:0.49742011377316414
