ELO:871
CE_PASSEDPAWNS:0.5442281038163255
CE_PAWNWEAKNESSES:0.5315282593834487
CE_PIECEACTIVITY:0.469136149322117
CE_KINGPAWNSHIELD:0.48370899383619403
CE_PIECECOORDINATION:0.48867102484864894
CE_MATERIAL:0.5034818547338779
CE_KINGSAFETY:0.5217570390325956
C_PIECESQUARETABLES:0.47197184017116733
C_MOBILITY:0.5518894489402266
C_KINGSAFETY:0.5147433009231498
C_PAWNSTRUCTURE:0.490871339121346
C_PIECECOORDINATION:0.5252321963796858
C_ROOKANDPAWNMOVEMENT:0.5252321963796858
C_CENTERCONTROL:0.5302950805847361
C_DEVELOPPIECES:0.5355765249545446
C_MATERIAL:0.4785684927865562
C_MOVECOUNT:0.5
