ELO:950
CE_PASSEDPAWNS:0.46036976516000866
CE_PAWNWEAKNESSES:0.4996253607954669
CE_PIECEACTIVITY:0.4875036418925075
CE_KINGPAWNSHIELD:0.4011925381109235
CE_PIECECOORDINATION:0.5049599486296464
CE_MATERIAL:0.4991147677750757
CE_KINGSAFETY:0.5086109079014921
C_PIECESQUARETABLES:0.5012525385780029
C_MOBILITY:0.42797952833147557
C_KINGSAFETY:0.5867706277771658
C_PAWNSTRUCTURE:0.595187693053036
C_PIECECOORDINATION:0.45142174586258155
C_ROOKANDPAWNMOVEMENT:0.45142174586258155
C_CENTERCONTROL:0.5864966505645316
C_DEVELOPPIECES:0.45706251489175576
C_MATERIAL:0.6436497527553067
