ELO:902
CE_PASSEDPAWNS:0.49584349438551634
CE_PAWNWEAKNESSES:0.483047059039646
CE_PIECEACTIVITY:0.48729606150967086
CE_KINGPAWNSHIELD:0.5164903826869632
CE_PIECECOORDINATION:0.5397467287881155
CE_MATERIAL:0.4946682800872764
CE_KINGSAFETY:0.49039059990764877
C_PIECESQUARETABLES:0.48094962315522677
C_MOBILITY:0.4768412503891034
C_KINGSAFETY:0.5204336035723046
C_PAWNSTRUCTURE:0.5084773149661641
C_PIECECOORDINATION:0.5074376552930234
C_ROOKANDPAWNMOVEMENT:0.5074376552930234
C_CENTERCONTROL:0.5111522508672546
C_DEVELOPPIECES:0.43971924665045664
C_MATERIAL:0.49119463620319576
C_MOVECOUNT:0.5054993537280548
