ELO:928
CE_PASSEDPAWNS:0.45412740460312156
CE_PAWNWEAKNESSES:0.5026107747047008
CE_PIECEACTIVITY:0.5453285046937584
CE_KINGPAWNSHIELD:0.5334109864645116
CE_PIECECOORDINATION:0.5295787095197545
CE_MATERIAL:0.489761733032668
CE_KINGSAFETY:0.4887308544815932
C_PIECESQUARETABLES:0.5051175238950991
C_MOBILITY:0.5294980540392472
C_KINGSAFETY:0.5229287199380109
C_PAWNSTRUCTURE:0.5105999946841061
C_PIECECOORDINATION:0.46130908580143104
C_ROOK:0.4906816770628771
CE_ROOK:0.5123612979130764
C_CENTERCONTROL:0.4904636939108865
C_DEVELOPPIECES:0.5164263919454136
C_MATERIAL:0.5119134993985573
C_MOVECOUNT:0.5057870056705381
C_PAWNMOVEMENT:0.47535721445749257
