ELO:995
CE_PASSEDPAWNS:0.5
CE_PAWNWEAKNESSES:0.4983169191772964
CE_PIECEACTIVITY:0.5026031708445078
CE_KINGPAWNSHIELD:0.4922877864359059
CE_PIECECOORDINATION:0.48227842010205213
CE_MATERIAL:0.5121056438607604
CE_KINGSAFETY:0.5
C_PIECESQUARETABLES:0.5
C_MOBILITY:0.4995052156253718
C_KINGSAFETY:0.5055876792061822
C_PAWNSTRUCTURE:0.507287290210904
C_PIECECOORDINATION:0.5
C_ROOKANDPAWNMOVEMENT:0.5
C_CENTERCONTROL:0.497700189328907
C_DEVELOPPIECES:0.5
C_MATERIAL:0.5168128226625578
C_MOVECOUNT:0.5121037235052731
