ELO:936
CE_PASSEDPAWNS:0.42567951305205687
CE_PAWNWEAKNESSES:0.4748081515465618
CE_PIECEACTIVITY:0.5037236607647437
CE_KINGPAWNSHIELD:0.5175956422417888
CE_PIECECOORDINATION:0.5557232114183045
CE_MATERIAL:0.5029397598430972
CE_KINGSAFETY:0.5076808625551046
C_PIECESQUARETABLES:0.4885748576747859
C_MOBILITY:0.6524923574968648
C_KINGSAFETY:0.5412514297767402
C_PAWNSTRUCTURE:0.5926429072772587
C_PIECECOORDINATION:0.47450905589312575
C_ROOKANDPAWNMOVEMENT:0.47450905589312575
C_CENTERCONTROL:0.5140185941409795
C_DEVELOPPIECES:0.5324139945074806
C_MATERIAL:0.4268160131445261
