ELO:921
CE_PASSEDPAWNS:0.42330259362845946
CE_PAWNWEAKNESSES:0.49327918739437326
CE_PIECEACTIVITY:0.5547514671761761
CE_KINGPAWNSHIELD:0.5569084355363084
CE_PIECECOORDINATION:0.5329549523280114
CE_MATERIAL:0.4898003760817935
CE_KINGSAFETY:0.4883630272527675
C_PIECESQUARETABLES:0.4970716304474589
C_MOBILITY:0.49903924680571554
C_KINGSAFETY:0.5039706778120296
C_PAWNSTRUCTURE:0.5153643533561081
C_PIECECOORDINATION:0.48598053792506346
C_ROOK:0.49400301011812564
CE_ROOK:0.4879020959575898
C_CENTERCONTROL:0.4929423556226747
C_DEVELOPPIECES:0.514476970494623
C_MATERIAL:0.5237940272800656
C_MOVECOUNT:0.49910571063146053
C_PAWNMOVEMENT:0.48982653195411463
