ELO:745
CE_PASSEDPAWNS:0.39634842016455707
CE_PAWNWEAKNESSES:0.5229786688938138
CE_PIECEACTIVITY:0.5150360529974979
CE_KINGPAWNSHIELD:0.4036591494063542
CE_PIECECOORDINATION:0.4188271340846498
CE_MATERIAL:0.5250227282171126
CE_KINGSAFETY:0.5057065372169204
C_PIECESQUARETABLES:0.5244824869910953
C_MOBILITY:0.4729967036654776
C_KINGSAFETY:0.49819555188788195
C_PAWNSTRUCTURE:0.5396009442031574
C_PIECECOORDINATION:0.3974936684050754
C_ROOKANDPAWNMOVEMENT:0.3974936684050754
C_CENTERCONTROL:0.5195860776917166
C_DEVELOPPIECES:0.6369619739129958
C_MATERIAL:0.5247864935261732
C_MOVECOUNT:0.49811078241347856
