ELO:789
CE_PASSEDPAWNS:0.39507860630235764
CE_PAWNWEAKNESSES:0.5192575518492544
CE_PIECEACTIVITY:0.5181555323287682
CE_KINGPAWNSHIELD:0.4155113751696943
CE_PIECECOORDINATION:0.4274783880251512
CE_MATERIAL:0.5360403523156917
CE_KINGSAFETY:0.5
C_PIECESQUARETABLES:0.5069616683286878
C_MOBILITY:0.47153137170360243
C_KINGSAFETY:0.5158841411353671
C_PAWNSTRUCTURE:0.5007350481771256
C_PIECECOORDINATION:0.4299737894743572
C_ROOKANDPAWNMOVEMENT:0.4299737894743572
C_CENTERCONTROL:0.5274349324811484
C_DEVELOPPIECES:0.648001584423991
C_MATERIAL:0.5208470600714779
C_MOVECOUNT:0.5
