ELO:817
CE_PASSEDPAWNS:0.4934686370772056
CE_PAWNWEAKNESSES:0.5398170829778263
CE_PIECEACTIVITY:0.4591108284272642
CE_KINGPAWNSHIELD:0.42980698009321466
CE_PIECECOORDINATION:0.49601883725838636
CE_MATERIAL:0.5325625461724972
CE_KINGSAFETY:0.5149031781113097
C_PIECESQUARETABLES:0.47142678801780863
C_MOBILITY:0.4548585117662518
C_KINGSAFETY:0.535924068738391
C_PAWNSTRUCTURE:0.47517967935870137
C_PIECECOORDINATION:0.500629540724611
C_ROOKANDPAWNMOVEMENT:0.500629540724611
C_CENTERCONTROL:0.4440780060950383
C_DEVELOPPIECES:0.49080854864286294
C_MATERIAL:0.5058396134201242
C_MOVECOUNT:0.5
