ELO:905
CE_PASSEDPAWNS:0.5628132402345782
CE_PAWNWEAKNESSES:0.4957437748724235
CE_PIECEACTIVITY:0.5580012957188129
CE_KINGPAWNSHIELD:0.473708713535779
CE_PIECECOORDINATION:0.3873353159550253
CE_MATERIAL:0.4083869532894442
CE_KINGSAFETY:0.5239184765721555
C_PIECESQUARETABLES:0.5166704942553407
C_MOBILITY:0.4766551798096779
C_KINGSAFETY:0.4819834824769144
C_PAWNSTRUCTURE:0.6204278989088093
C_PIECECOORDINATION:0.49472186541272783
C_ROOKANDPAWNMOVEMENT:0.49472186541272783
C_CENTERCONTROL:0.5366913342502441
C_DEVELOPPIECES:0.5489136930896065
C_MATERIAL:0.47940744045144507
