ELO:921
CE_PASSEDPAWNS:0.42330259362845946
CE_PAWNWEAKNESSES:0.4967710219220061
CE_PIECEACTIVITY:0.546546119092072
CE_KINGPAWNSHIELD:0.5569084355363084
CE_PIECECOORDINATION:0.5300555230311562
CE_MATERIAL:0.48845715082870317
CE_KINGSAFETY:0.4883630272527675
C_PIECESQUARETABLES:0.4970716304474589
C_MOBILITY:0.5102533925591543
C_KINGSAFETY:0.5039706778120296
C_PAWNSTRUCTURE:0.5153643533561081
C_PIECECOORDINATION:0.48598053792506346
C_ROOK:0.4939023574163766
CE_ROOK:0.4879020959575898
C_CENTERCONTROL:0.4929423556226747
C_DEVELOPPIECES:0.514476970494623
C_MATERIAL:0.5205983292323781
C_MOVECOUNT:0.5109763568721446
C_PAWNMOVEMENT:0.48982653195411463
