ELO:996
CE_PASSEDPAWNS:0.5097031928170374
CE_PAWNWEAKNESSES:0.5023158423099316
CE_PIECEACTIVITY:0.5975814565428466
CE_KINGPAWNSHIELD:0.47199110934888444
CE_PIECECOORDINATION:0.44585595427403074
CE_MATERIAL:0.5727135862848416
CE_KINGSAFETY:0.5022322776738731
C_PIECESQUARETABLES:0.49809155590774706
C_MOBILITY:0.4868002138000008
C_KINGSAFETY:0.5742475742575268
C_PAWNSTRUCTURE:0.5006281247243053
C_PIECECOORDINATION:0.6135308168497035
C_ROOKANDPAWNMOVEMENT:0.6135308168497035
C_CENTERCONTROL:0.3976101602692124
C_DEVELOPPIECES:0.5157200029418945
C_MATERIAL:0.5868682024870738
