ELO:1000
CE_PASSEDPAWNS:0.4535403889023611
CE_PAWNWEAKNESSES:0.5230735186280306
CE_PIECEACTIVITY:0.5071457150604763
CE_KINGPAWNSHIELD:0.5390003335174813
CE_PIECECOORDINATION:0.530791264570273
CE_MATERIAL:0.49808107540858776
CE_KINGSAFETY:0.47777452266509196
C_PIECESQUARETABLES:0.5045126025172241
C_MOBILITY:0.5257645939574188
C_KINGSAFETY:0.5116314668505186
C_PAWNSTRUCTURE:0.507034371259796
C_PIECECOORDINATION:0.4783957276039221
C_ROOKANDPAWNMOVEMENT:0.4783957276039221
C_CENTERCONTROL:0.5055155442925487
C_DEVELOPPIECES:0.5052589336936001
C_MATERIAL:0.4643901115544065
