ELO:860
CE_PASSEDPAWNS:0.5048754152381044
CE_PAWNWEAKNESSES:0.506713803013694
CE_PIECEACTIVITY:0.4882076916372248
CE_KINGPAWNSHIELD:0.47942571760606223
CE_PIECECOORDINATION:0.5139228268604603
CE_MATERIAL:0.5015405533285308
CE_KINGSAFETY:0.4690547245804893
C_PIECESQUARETABLES:0.4918824861705216
C_MOBILITY:0.4838654908752213
C_KINGSAFETY:0.4577496688715841
C_PAWNSTRUCTURE:0.4734490366078454
C_PIECECOORDINATION:0.46497752240439294
C_ROOKANDPAWNMOVEMENT:0.46497752240439294
C_CENTERCONTROL:0.500258735882818
C_DEVELOPPIECES:0.5155106769109065
C_MATERIAL:0.5137700881721546
C_MOVECOUNT:0.5
