ELO:798
CE_PASSEDPAWNS:0.5120945696677655
CE_PAWNWEAKNESSES:0.5224933388700985
CE_PIECEACTIVITY:0.4884569060783546
CE_KINGPAWNSHIELD:0.4713266570612908
CE_PIECECOORDINATION:0.4813373840827997
CE_MATERIAL:0.5232558624030808
CE_KINGSAFETY:0.4362349303850921
C_PIECESQUARETABLES:0.49381981867033214
C_MOBILITY:0.4612586222472048
C_KINGSAFETY:0.5130515495835251
C_PAWNSTRUCTURE:0.478207478253074
C_PIECECOORDINATION:0.48329782966288426
C_ROOKANDPAWNMOVEMENT:0.48329782966288426
C_CENTERCONTROL:0.5106325365142577
C_DEVELOPPIECES:0.5303153114355744
C_MATERIAL:0.4997278350711304
C_MOVECOUNT:0.5
