ELO:967
CE_PASSEDPAWNS:0.580227782539326
CE_PAWNWEAKNESSES:0.4852174953581695
CE_PIECEACTIVITY:0.46129341024516546
CE_KINGPAWNSHIELD:0.6002986488603681
CE_PIECECOORDINATION:0.39954941392077686
CE_MATERIAL:0.548564368780168
CE_KINGSAFETY:0.4729339556116299
C_PIECESQUARETABLES:0.5216962650681444
C_MOBILITY:0.43952211574319766
C_KINGSAFETY:0.48761062156174695
C_PAWNSTRUCTURE:0.46054427260367564
C_PIECECOORDINATION:0.623909871801141
C_ROOKANDPAWNMOVEMENT:0.623909871801141
C_CENTERCONTROL:0.5313068526543894
C_DEVELOPPIECES:0.4656879101474941
C_MATERIAL:0.6402263010544132
