ELO:770
CE_PASSEDPAWNS:0.4976957592240413
CE_PAWNWEAKNESSES:0.50774928169153
CE_PIECEACTIVITY:0.5275708750836655
CE_KINGPAWNSHIELD:0.38595715118036455
CE_PIECECOORDINATION:0.5351446055224073
CE_MATERIAL:0.5658860487339323
CE_KINGSAFETY:0.499028270840877
C_PIECESQUARETABLES:0.5014749633115854
C_MOBILITY:0.528344414875338
C_KINGSAFETY:0.5583203227436125
C_PAWNSTRUCTURE:0.5235260515857406
C_PIECECOORDINATION:0.5476487189455975
C_ROOKANDPAWNMOVEMENT:0.5476487189455975
C_CENTERCONTROL:0.4695797758962088
C_DEVELOPPIECES:0.4971783274234256
C_MATERIAL:0.4817677119187913
C_MOVECOUNT:0.5709802954435318
