ELO:966
CE_PASSEDPAWNS:0.5954985004774889
CE_PAWNWEAKNESSES:0.5563293793172177
CE_PIECEACTIVITY:0.44259589356669843
CE_KINGPAWNSHIELD:0.44879109542615203
CE_PIECECOORDINATION:0.44538019471221774
CE_MATERIAL:0.4915273373790222
CE_KINGSAFETY:0.48855596934962264
C_PIECESQUARETABLES:0.48604729185222456
C_MOBILITY:0.5099172991867849
C_KINGSAFETY:0.5760229895615853
C_PAWNSTRUCTURE:0.38122629612819703
C_PIECECOORDINATION:0.5369140102127384
C_ROOKANDPAWNMOVEMENT:0.5369140102127384
C_CENTERCONTROL:0.47715434924965905
C_DEVELOPPIECES:0.4725698550021297
C_MATERIAL:0.5867063793559132
