ELO:1000
CE_PASSEDPAWNS:0.5054343245850115
CE_PAWNWEAKNESSES:0.5000539994458095
CE_PIECEACTIVITY:0.5096641264664294
CE_KINGPAWNSHIELD:0.47833901376557647
CE_PIECECOORDINATION:0.49875591312189954
CE_MATERIAL:0.4544169601623584
CE_KINGSAFETY:0.49916756131190443
C_PIECESQUARETABLES:0.5124903213514519
C_MOBILITY:0.5460793665018342
C_KINGSAFETY:0.5016748374968246
C_PAWNSTRUCTURE:0.49283729181538405
C_PIECECOORDINATION:0.5015768961242965
C_ROOKANDPAWNMOVEMENT:0.5015768961242965
C_CENTERCONTROL:0.4984143777904011
C_DEVELOPPIECES:0.5076686949546633
C_MATERIAL:0.4531286630831547
