ELO:1007
CE_PASSEDPAWNS:0.41952951514243275
CE_PAWNWEAKNESSES:0.4606462388813149
CE_PIECEACTIVITY:0.4504583820137997
CE_KINGPAWNSHIELD:0.49596728372837773
CE_PIECECOORDINATION:0.4472415461248216
CE_MATERIAL:0.5184760742329644
CE_KINGSAFETY:0.4848700880293599
C_PIECESQUARETABLES:0.49521998211555923
C_MOBILITY:0.516807355791044
C_KINGSAFETY:0.37656526086163383
C_PAWNSTRUCTURE:0.4754256459928506
C_PIECECOORDINATION:0.3899287476237727
C_ROOKANDPAWNMOVEMENT:0.3899287476237727
C_CENTERCONTROL:0.5361051224228147
C_DEVELOPPIECES:0.44484160398557765
C_MATERIAL:0.5349899496507139
