ELO:1000
CE_PASSEDPAWNS:0.46628381529622753
CE_PAWNWEAKNESSES:0.5211475259433517
CE_PIECEACTIVITY:0.5068843136708516
CE_KINGPAWNSHIELD:0.5092532615512408
CE_PIECECOORDINATION:0.5353594372692427
CE_MATERIAL:0.49870876608220294
CE_KINGSAFETY:0.4943251793257475
C_PIECESQUARETABLES:0.5240379338470172
C_MOBILITY:0.5257645939574188
C_KINGSAFETY:0.5388029612316383
C_PAWNSTRUCTURE:0.5002777140875211
C_PIECECOORDINATION:0.4730426556828895
C_ROOKANDPAWNMOVEMENT:0.4730426556828895
C_CENTERCONTROL:0.5055155442925487
C_DEVELOPPIECES:0.5018875783917917
C_MATERIAL:0.4506380057796468
