ELO:910
CE_PASSEDPAWNS:0.4301202379114583
CE_PAWNWEAKNESSES:0.49327918739437326
CE_PIECEACTIVITY:0.5523011871679947
CE_KINGPAWNSHIELD:0.5569084355363084
CE_PIECECOORDINATION:0.5103093987861083
CE_MATERIAL:0.4882563210199485
CE_KINGSAFETY:0.5
C_PIECESQUARETABLES:0.5
C_MOBILITY:0.4809737555126788
C_KINGSAFETY:0.5039706778120296
C_PAWNSTRUCTURE:0.5090085318315547
C_PIECECOORDINATION:0.49477782150459865
C_ROOK:0.49168668700340856
CE_ROOK:0.4879020959575898
C_CENTERCONTROL:0.5043062405228211
C_DEVELOPPIECES:0.5211727931601673
C_MATERIAL:0.533127936826724
C_MOVECOUNT:0.47627657924090333
C_PAWNMOVEMENT:0.48982653195411463
