ELO:745
CE_PASSEDPAWNS:0.5315393877153717
CE_PAWNWEAKNESSES:0.5276541039268275
CE_PIECEACTIVITY:0.47525534599067587
CE_KINGPAWNSHIELD:0.44861837337404015
CE_PIECECOORDINATION:0.46383909729235134
CE_MATERIAL:0.5191301033820811
CE_KINGSAFETY:0.5149043304893958
C_PIECESQUARETABLES:0.5123804034443697
C_MOBILITY:0.4683547705003486
C_KINGSAFETY:0.5149638533753387
C_PAWNSTRUCTURE:0.4899204234622096
C_PIECECOORDINATION:0.479911025590639
C_ROOKANDPAWNMOVEMENT:0.479911025590639
C_CENTERCONTROL:0.4903819686794849
C_DEVELOPPIECES:0.5260252584807678
C_MATERIAL:0.5120888643260555
C_MOVECOUNT:0.5
