ELO:993
CE_PASSEDPAWNS:0.436817973137695
CE_PAWNWEAKNESSES:0.5357568153976795
CE_PIECEACTIVITY:0.4296782507345156
CE_KINGPAWNSHIELD:0.43444584300857325
CE_PIECECOORDINATION:0.5436448238435008
CE_MATERIAL:0.5058297098368026
CE_KINGSAFETY:0.44511635660648524
C_PIECESQUARETABLES:0.491713568641495
C_MOBILITY:0.43485173876444405
C_KINGSAFETY:0.5800073344198742
C_PAWNSTRUCTURE:0.5690412512945832
C_PIECECOORDINATION:0.43875045791207656
C_ROOKANDPAWNMOVEMENT:0.43875045791207656
C_CENTERCONTROL:0.5532778131110822
C_DEVELOPPIECES:0.4864350085414604
C_MATERIAL:0.6190298017122162
