ELO:957
CE_PASSEDPAWNS:0.4772363872540108
CE_PAWNWEAKNESSES:0.5189484106299851
CE_PIECEACTIVITY:0.5258146773860385
CE_KINGPAWNSHIELD:0.5317123386296737
CE_PIECECOORDINATION:0.5154432734768188
CE_MATERIAL:0.5160450742204636
CE_KINGSAFETY:0.5061107237026172
C_PIECESQUARETABLES:0.5
C_MOBILITY:0.5141755795380049
C_KINGSAFETY:0.500509794016144
C_PAWNSTRUCTURE:0.5224769947412753
C_PIECECOORDINATION:0.4929039512618525
C_ROOK:0.47051542138923974
CE_ROOK:0.5089730095446368
C_CENTERCONTROL:0.5068170163965571
C_DEVELOPPIECES:0.49618382148953694
C_MATERIAL:0.49232351191445084
C_MOVECOUNT:0.508937926241572
C_PAWNMOVEMENT:0.46700435304312304
