ELO:959
CE_PASSEDPAWNS:0.5639470003261801
CE_PAWNWEAKNESSES:0.5015000640834295
CE_PIECEACTIVITY:0.5316804636398142
CE_KINGPAWNSHIELD:0.471101853747598
CE_PIECECOORDINATION:0.41677424323075707
CE_MATERIAL:0.4222560705074981
CE_KINGSAFETY:0.5088476991580801
C_PIECESQUARETABLES:0.5085869090719018
C_MOBILITY:0.4502619514576068
C_KINGSAFETY:0.4866057417477155
C_PAWNSTRUCTURE:0.5750607144925659
C_PIECECOORDINATION:0.513165809231629
C_ROOKANDPAWNMOVEMENT:0.513165809231629
C_CENTERCONTROL:0.4756327673614239
C_DEVELOPPIECES:0.5927849154277787
C_MATERIAL:0.48801059637758915
