ELO:1003
CE_PASSEDPAWNS:0.49483806955367327
CE_PAWNWEAKNESSES:0.4963201832705827
CE_PIECEACTIVITY:0.5023545812997492
CE_KINGPAWNSHIELD:0.4971262176589879
CE_PIECECOORDINATION:0.5085388821866723
CE_MATERIAL:0.4993227605581001
CE_KINGSAFETY:0.4869368458228007
C_PIECESQUARETABLES:0.5
C_MOBILITY:0.5
C_KINGSAFETY:0.5055876792061822
C_PAWNSTRUCTURE:0.4992760254215013
C_PIECECOORDINATION:0.49602914358337774
C_ROOKANDPAWNMOVEMENT:0.49602914358337774
C_CENTERCONTROL:0.5
C_DEVELOPPIECES:0.5
C_MATERIAL:0.5118906295890684
C_MOVECOUNT:0.49105337152172646
