ELO:945
CE_PASSEDPAWNS:0.4571477991633258
CE_PAWNWEAKNESSES:0.4963000266160375
CE_PIECEACTIVITY:0.4863836250204263
CE_KINGPAWNSHIELD:0.4094454220001294
CE_PIECECOORDINATION:0.5028210040646793
CE_MATERIAL:0.486716946195828
CE_KINGSAFETY:0.4943724162778922
C_PIECESQUARETABLES:0.5245400900056854
C_MOBILITY:0.4330595541523493
C_KINGSAFETY:0.5930705779501958
C_PAWNSTRUCTURE:0.5937380997077693
C_PIECECOORDINATION:0.4484898486216785
C_ROOKANDPAWNMOVEMENT:0.4484898486216785
C_CENTERCONTROL:0.5887942575419179
C_DEVELOPPIECES:0.46180353732740226
C_MATERIAL:0.637985262252423
