ELO:1026
CE_PASSEDPAWNS:0.4627554551673112
CE_PAWNWEAKNESSES:0.4798985623481469
CE_PIECEACTIVITY:0.5481535936639254
CE_KINGPAWNSHIELD:0.486192186722111
CE_PIECECOORDINATION:0.5463933181782509
CE_MATERIAL:0.48655292816536877
CE_KINGSAFETY:0.5255860512077867
C_PIECESQUARETABLES:0.5435040621063928
C_MOBILITY:0.5744186847979492
C_KINGSAFETY:0.4652774671917534
C_PAWNSTRUCTURE:0.6118253805537852
C_PIECECOORDINATION:0.5494154653667073
C_ROOKANDPAWNMOVEMENT:0.5494154653667073
C_CENTERCONTROL:0.5520215575119986
C_DEVELOPPIECES:0.487150229724955
C_MATERIAL:0.5797347259491737
