ELO:982
CE_PASSEDPAWNS:0.5361084125758475
CE_PAWNWEAKNESSES:0.43355434220033207
CE_PIECEACTIVITY:0.42444222544555305
CE_KINGPAWNSHIELD:0.44879109542615203
CE_PIECECOORDINATION:0.5801356730172262
CE_MATERIAL:0.5233726682997726
CE_KINGSAFETY:0.5418919727106304
C_PIECESQUARETABLES:0.5114152931264601
C_MOBILITY:0.5536451948000349
C_KINGSAFETY:0.5555396845641076
C_PAWNSTRUCTURE:0.32659486032772983
C_PIECECOORDINATION:0.5446725740142739
C_ROOKANDPAWNMOVEMENT:0.5446725740142739
C_CENTERCONTROL:0.5358444197719792
C_DEVELOPPIECES:0.5659557585650148
C_MATERIAL:0.6102874128824629
