ELO:1011
CE_PASSEDPAWNS:0.5120223944454932
CE_PAWNWEAKNESSES:0.5058709371357313
CE_PIECEACTIVITY:0.5
CE_KINGPAWNSHIELD:0.5
CE_PIECECOORDINATION:0.5046979666753348
CE_MATERIAL:0.5174943634120236
CE_KINGSAFETY:0.5151486954272152
C_PIECESQUARETABLES:0.4909171859542981
C_MOBILITY:0.49168380394567035
C_KINGSAFETY:0.4974674944609291
C_PAWNSTRUCTURE:0.49588251058928257
C_PIECECOORDINATION:0.5
C_ROOKANDPAWNMOVEMENT:0.5
C_CENTERCONTROL:0.5
C_DEVELOPPIECES:0.5
C_MATERIAL:0.5
