ELO:908
CE_PASSEDPAWNS:0.5191084124884501
CE_PAWNWEAKNESSES:0.47368314214183815
CE_PIECEACTIVITY:0.41351323900161896
CE_KINGPAWNSHIELD:0.5792135486622338
CE_PIECECOORDINATION:0.4404334852200565
CE_MATERIAL:0.5033323576139855
CE_KINGSAFETY:0.5036810890032932
C_PIECESQUARETABLES:0.4632760287329764
C_MOBILITY:0.46731551752604106
C_KINGSAFETY:0.6240634636453595
C_PAWNSTRUCTURE:0.5091102501218498
C_PIECECOORDINATION:0.5480824756099957
C_ROOKANDPAWNMOVEMENT:0.5480824756099957
C_CENTERCONTROL:0.5731814845112521
C_DEVELOPPIECES:0.46226301660193503
C_MATERIAL:0.49678176843280447
