ELO:760
CE_PASSEDPAWNS:0.39615084197960077
CE_PAWNWEAKNESSES:0.5946182319890542
CE_PIECEACTIVITY:0.5611885240771141
CE_KINGPAWNSHIELD:0.5006700582702054
CE_PIECECOORDINATION:0.5867721325403239
CE_MATERIAL:0.4192354966173309
CE_KINGSAFETY:0.5
C_PIECESQUARETABLES:0.5
C_MOBILITY:0.48178247758749077
C_KINGSAFETY:0.4543094756541279
C_PAWNSTRUCTURE:0.4722826709788215
C_PIECECOORDINATION:0.5514773442299898
C_ROOKANDPAWNMOVEMENT:0.5514773442299898
C_CENTERCONTROL:0.589481176916951
C_DEVELOPPIECES:0.5352678986257343
C_MATERIAL:0.40348371315698445
C_MOVECOUNT:0.5
