ELO:1018
CE_PASSEDPAWNS:0.5
CE_PAWNWEAKNESSES:0.5
CE_PIECEACTIVITY:0.49441439737291626
CE_KINGPAWNSHIELD:0.5087881844452091
CE_PIECECOORDINATION:0.5
CE_MATERIAL:0.5
CE_KINGSAFETY:0.49258523014101196
C_PIECESQUARETABLES:0.5097529203818708
C_MOBILITY:0.5
C_KINGSAFETY:0.5019902998120558
C_PAWNSTRUCTURE:0.5
C_PIECECOORDINATION:0.49608388755561883
C_ROOKANDPAWNMOVEMENT:0.49608388755561883
C_CENTERCONTROL:0.49565912804797535
C_DEVELOPPIECES:0.5057437190760382
C_MATERIAL:0.4940376712544697
C_MOVECOUNT:0.5
