ELO:1017
CE_PASSEDPAWNS:0.51418095788908
CE_PAWNWEAKNESSES:0.51961602796895
CE_PIECEACTIVITY:0.49183683166564046
CE_KINGPAWNSHIELD:0.48046459200502417
CE_PIECECOORDINATION:0.4691661773980888
CE_MATERIAL:0.5061485871152384
CE_KINGSAFETY:0.5030691670687392
C_PIECESQUARETABLES:0.4605100532196365
C_MOBILITY:0.40357839116333794
C_KINGSAFETY:0.4433009999933322
C_PAWNSTRUCTURE:0.4876884149086165
C_PIECECOORDINATION:0.4654755717478282
C_ROOKANDPAWNMOVEMENT:0.4654755717478282
C_CENTERCONTROL:0.46875098822690775
C_DEVELOPPIECES:0.5434595485553988
C_MATERIAL:0.46891618921829986
