ELO:988
CE_PASSEDPAWNS:0.5156839845540195
CE_PAWNWEAKNESSES:0.5136801352733381
CE_PIECEACTIVITY:0.5012875382979107
CE_KINGPAWNSHIELD:0.4076561608377238
CE_PIECECOORDINATION:0.6092782055877115
CE_MATERIAL:0.40410840023497746
CE_KINGSAFETY:0.4921988186254542
C_PIECESQUARETABLES:0.5
C_MOBILITY:0.49816549280442246
C_KINGSAFETY:0.5100792541077068
C_PAWNSTRUCTURE:0.5006281247243053
C_PIECECOORDINATION:0.5426316131721678
C_ROOKANDPAWNMOVEMENT:0.5426316131721678
C_CENTERCONTROL:0.39804379152601943
C_DEVELOPPIECES:0.5067495606305472
C_MATERIAL:0.5855114113560838
