ELO:1054
CE_PASSEDPAWNS:0.6214022280897711
CE_PAWNWEAKNESSES:0.5123520624430157
CE_PIECEACTIVITY:0.4801876054948009
CE_KINGPAWNSHIELD:0.4981917125046745
CE_PIECECOORDINATION:0.45378749399005464
CE_MATERIAL:0.45064737808274413
CE_KINGSAFETY:0.5072492612007132
C_PIECESQUARETABLES:0.49640885909441584
C_MOBILITY:0.43334513118109175
C_KINGSAFETY:0.5231106998953566
C_PAWNSTRUCTURE:0.40080364303951654
C_PIECECOORDINATION:0.451351594603045
C_ROOKANDPAWNMOVEMENT:0.451351594603045
C_CENTERCONTROL:0.5266718720618384
C_DEVELOPPIECES:0.567997339411787
C_MATERIAL:0.4056916143892515
