ELO:989
CE_PASSEDPAWNS:0.5692822458949237
CE_PAWNWEAKNESSES:0.501529976962536
CE_PIECEACTIVITY:0.48825680709177327
CE_KINGPAWNSHIELD:0.5052172678247246
CE_PIECECOORDINATION:0.46055917426608395
CE_MATERIAL:0.5186926061303044
CE_KINGSAFETY:0.4981503202012234
C_PIECESQUARETABLES:0.5193033037163644
C_MOBILITY:0.5365261805286701
C_KINGSAFETY:0.5262273042149684
C_PAWNSTRUCTURE:0.5291013614209465
C_PIECECOORDINATION:0.5385562030043435
C_ROOKANDPAWNMOVEMENT:0.5385562030043435
C_CENTERCONTROL:0.4909836178339528
C_DEVELOPPIECES:0.45257562490858905
C_MATERIAL:0.5011693700541681
