ELO:982
CE_PASSEDPAWNS:0.4782649562884123
CE_PAWNWEAKNESSES:0.5042594907387764
CE_PIECEACTIVITY:0.47804664362772376
CE_KINGPAWNSHIELD:0.5064227813369498
CE_PIECECOORDINATION:0.495911053640047
CE_MATERIAL:0.5190218925041098
CE_KINGSAFETY:0.4941958741094338
C_PIECESQUARETABLES:0.5013218858002855
C_MOBILITY:0.5167415712795496
C_KINGSAFETY:0.49476259687427
C_PAWNSTRUCTURE:0.48007515792212924
C_PIECECOORDINATION:0.4741741510894303
C_ROOK:0.5110738534372438
CE_ROOK:0.4919020447740888
C_CENTERCONTROL:0.5066986271105427
C_DEVELOPPIECES:0.4452070685147265
C_MATERIAL:0.5111114889833065
C_MOVECOUNT:0.49040455995983495
C_PAWNMOVEMENT:0.4892327363896535
