ELO:826
CE_PASSEDPAWNS:0.4055210161404952
CE_PAWNWEAKNESSES:0.5953348211707588
CE_PIECEACTIVITY:0.5370159152349148
CE_KINGPAWNSHIELD:0.49605154078456926
CE_PIECECOORDINATION:0.5982046012983323
CE_MATERIAL:0.41233208534891286
CE_KINGSAFETY:0.4601433199932783
C_PIECESQUARETABLES:0.4870403295280953
C_MOBILITY:0.47753680315470026
C_KINGSAFETY:0.4676645554038233
C_PAWNSTRUCTURE:0.47851579732323113
C_PIECECOORDINATION:0.565678308203047
C_ROOKANDPAWNMOVEMENT:0.565678308203047
C_CENTERCONTROL:0.589481176916951
C_DEVELOPPIECES:0.5333491231300164
C_MATERIAL:0.4175323244522729
C_MOVECOUNT:0.5
