ELO:1004
CE_PASSEDPAWNS:0.4287281369871026
CE_PAWNWEAKNESSES:0.45774551443217687
CE_PIECEACTIVITY:0.5540462313462113
CE_KINGPAWNSHIELD:0.5974124423769138
CE_PIECECOORDINATION:0.47823124796233923
CE_MATERIAL:0.548564368780168
CE_KINGSAFETY:0.48932499231160387
C_PIECESQUARETABLES:0.5
C_MOBILITY:0.580479941274235
C_KINGSAFETY:0.38760738330964906
C_PAWNSTRUCTURE:0.5117309508471879
C_PIECECOORDINATION:0.591021023076461
C_ROOKANDPAWNMOVEMENT:0.591021023076461
C_CENTERCONTROL:0.5663377131722915
C_DEVELOPPIECES:0.42261362063168517
C_MATERIAL:0.6249562774005232
