ELO:967
CE_PASSEDPAWNS:0.5289111310189334
CE_PAWNWEAKNESSES:0.5
CE_PIECEACTIVITY:0.489653808699853
CE_KINGPAWNSHIELD:0.4922554572472087
CE_PIECECOORDINATION:0.4970365007331601
CE_MATERIAL:0.5
CE_KINGSAFETY:0.5
C_PIECESQUARETABLES:0.5
C_MOBILITY:0.5
C_KINGSAFETY:0.4986632209898097
C_PAWNSTRUCTURE:0.4933973727026787
C_PIECECOORDINATION:0.5107621654005887
C_ROOKANDPAWNMOVEMENT:0.5107621654005887
C_CENTERCONTROL:0.5018163528179863
C_DEVELOPPIECES:0.5317183603309578
C_MATERIAL:0.48510504994945886
C_MOVECOUNT:0.4974783423989626
