ELO:930
CE_PASSEDPAWNS:0.5256134200509814
CE_PAWNWEAKNESSES:0.4589928775501324
CE_PIECEACTIVITY:0.4298910945025174
CE_KINGPAWNSHIELD:0.5841974954270316
CE_PIECECOORDINATION:0.4038577936239001
CE_MATERIAL:0.5062255903671714
CE_KINGSAFETY:0.4754423756399767
C_PIECESQUARETABLES:0.5015726764188778
C_MOBILITY:0.44826678357075606
C_KINGSAFETY:0.617342248488393
C_PAWNSTRUCTURE:0.5324572618277664
C_PIECECOORDINATION:0.5434061819804183
C_ROOKANDPAWNMOVEMENT:0.5434061819804183
C_CENTERCONTROL:0.5517775431807321
C_DEVELOPPIECES:0.4186084923887898
C_MATERIAL:0.5253319699964282
