ELO:1072
CE_PASSEDPAWNS:0.5197399627331568
CE_PAWNWEAKNESSES:0.47973761945387483
CE_PIECEACTIVITY:0.552328948386883
CE_KINGPAWNSHIELD:0.5193975284710797
CE_PIECECOORDINATION:0.5509286761011348
CE_MATERIAL:0.45819560844619817
CE_KINGSAFETY:0.4980792657922182
C_PIECESQUARETABLES:0.47007680647197797
C_MOBILITY:0.4727048943905822
C_KINGSAFETY:0.4406190004720243
C_PAWNSTRUCTURE:0.4836888142516592
C_PIECECOORDINATION:0.5447471453306388
C_ROOKANDPAWNMOVEMENT:0.5447471453306388
C_CENTERCONTROL:0.482774056120516
C_DEVELOPPIECES:0.5058340904051281
C_MATERIAL:0.5892379295606108
