ELO:959
CE_PASSEDPAWNS:0.3928196604140137
CE_PAWNWEAKNESSES:0.45256638827758117
CE_PIECEACTIVITY:0.4807053165983484
CE_KINGPAWNSHIELD:0.5718019915500451
CE_PIECECOORDINATION:0.5957144604675697
CE_MATERIAL:0.46108545061097655
CE_KINGSAFETY:0.45935213968516836
C_PIECESQUARETABLES:0.47693188195840513
C_MOBILITY:0.4165890781848482
C_KINGSAFETY:0.4936369882329676
C_PAWNSTRUCTURE:0.45962919223126203
C_PIECECOORDINATION:0.4989427441049165
C_ROOKANDPAWNMOVEMENT:0.4989427441049165
C_CENTERCONTROL:0.4404655302775477
C_DEVELOPPIECES:0.49009427727804494
C_MATERIAL:0.5938073447905002
