ELO:976
CE_PASSEDPAWNS:0.4925931734632927
CE_PAWNWEAKNESSES:0.5016084704257094
CE_PIECEACTIVITY:0.509174514149369
CE_KINGPAWNSHIELD:0.48987966566206903
CE_PIECECOORDINATION:0.4716828787810015
CE_MATERIAL:0.5182743707321852
CE_KINGSAFETY:0.46508504991310395
C_PIECESQUARETABLES:0.4944690091662295
C_MOBILITY:0.4900272509045394
C_KINGSAFETY:0.5010068863905864
C_PAWNSTRUCTURE:0.5123831273534311
C_PIECECOORDINATION:0.45071447084908817
C_ROOKANDPAWNMOVEMENT:0.45071447084908817
C_CENTERCONTROL:0.5092130260343092
C_DEVELOPPIECES:0.4888681458203194
C_MATERIAL:0.48906555475784785
