ELO:621
CE_PASSEDPAWNS:0.5013267514933835
CE_PAWNWEAKNESSES:0.609054665012886
CE_PIECEACTIVITY:0.4934664966210755
CE_KINGPAWNSHIELD:0.49427066273946274
CE_PIECECOORDINATION:0.5317774004914173
CE_MATERIAL:0.4329594960412161
CE_KINGSAFETY:0.5794405062006718
C_PIECESQUARETABLES:0.6037420805553898
C_MOBILITY:0.45735483055852644
C_KINGSAFETY:0.49561375513640815
C_PAWNSTRUCTURE:0.5607931173563809
C_PIECECOORDINATION:0.601324563352173
C_ROOKANDPAWNMOVEMENT:0.601324563352173
C_CENTERCONTROL:0.5450621652884345
C_DEVELOPPIECES:0.5553710635495659
C_MATERIAL:0.5997943284739342
C_MOVECOUNT:0.5
