ELO:744
CE_PASSEDPAWNS:0.4865108886543356
CE_PAWNWEAKNESSES:0.5665538432958281
CE_PIECEACTIVITY:0.47409947009427456
CE_KINGPAWNSHIELD:0.5282449006894481
CE_PIECECOORDINATION:0.5842059375722366
CE_MATERIAL:0.450830977753364
CE_KINGSAFETY:0.4601753121794794
C_PIECESQUARETABLES:0.47647029103027416
C_MOBILITY:0.47988402612863523
C_KINGSAFETY:0.5189767571057423
C_PAWNSTRUCTURE:0.5551344649035922
C_PIECECOORDINATION:0.5386169902921951
C_ROOKANDPAWNMOVEMENT:0.5386169902921951
C_CENTERCONTROL:0.5569809616421387
C_DEVELOPPIECES:0.5602393296748795
C_MATERIAL:0.5533385013008179
C_MOVECOUNT:0.5
