ELO:1000
CE_PASSEDPAWNS:0.49528754643037926
CE_PAWNWEAKNESSES:0.49356612456381
CE_PIECEACTIVITY:0.4896326688100357
CE_KINGPAWNSHIELD:0.4981414378972542
CE_PIECECOORDINATION:0.5
CE_MATERIAL:0.5060122736225701
CE_KINGSAFETY:0.4894638067401781
C_PIECESQUARETABLES:0.5025193501474282
C_MOBILITY:0.5008496896930289
C_KINGSAFETY:0.4931022325610575
C_PAWNSTRUCTURE:0.5135421933950172
C_PIECECOORDINATION:0.5
C_ROOKANDPAWNMOVEMENT:0.5
C_CENTERCONTROL:0.5131729656726216
C_DEVELOPPIECES:0.4809952006438792
C_MATERIAL:0.5158037795573384
