ELO:1000
CE_PASSEDPAWNS:0.5278289772788586
CE_PAWNWEAKNESSES:0.4754841836794506
CE_PIECEACTIVITY:0.49010780902285633
CE_KINGPAWNSHIELD:0.5009684045070313
CE_PIECECOORDINATION:0.4847511729624606
CE_MATERIAL:0.5161647671656168
CE_KINGSAFETY:0.4895342073214783
C_PIECESQUARETABLES:0.48956458433268296
C_MOBILITY:0.4714776743101751
C_KINGSAFETY:0.5372528904087127
C_PAWNSTRUCTURE:0.5127041222930497
C_PIECECOORDINATION:0.5231491332158089
C_ROOKANDPAWNMOVEMENT:0.5231491332158089
C_CENTERCONTROL:0.530736778636318
C_DEVELOPPIECES:0.4949979523534396
C_MATERIAL:0.4857822756990257
