ELO:827
CE_PASSEDPAWNS:0.5083179580339415
CE_PAWNWEAKNESSES:0.5856993606807644
CE_PIECEACTIVITY:0.4780935501915654
CE_KINGPAWNSHIELD:0.49618146209665703
CE_PIECECOORDINATION:0.5625634872559382
CE_MATERIAL:0.4811522845920715
CE_KINGSAFETY:0.5224265105125987
C_PIECESQUARETABLES:0.5969266813948857
C_MOBILITY:0.42432488887065606
C_KINGSAFETY:0.5711403867426809
C_PAWNSTRUCTURE:0.5114027509744442
C_PIECECOORDINATION:0.5848742186018595
C_ROOKANDPAWNMOVEMENT:0.5848742186018595
C_CENTERCONTROL:0.50783453404387
C_DEVELOPPIECES:0.5643037663964968
C_MATERIAL:0.5925765168702498
C_MOVECOUNT:0.5
