ELO:994
CE_PASSEDPAWNS:0.5002182865725314
CE_PAWNWEAKNESSES:0.5018298578894502
CE_PIECEACTIVITY:0.4804581649738739
CE_KINGPAWNSHIELD:0.5109274199774035
CE_PIECECOORDINATION:0.4882771196509184
CE_MATERIAL:0.5088386542957608
CE_KINGSAFETY:0.4941958741094338
C_PIECESQUARETABLES:0.5028603969198676
C_MOBILITY:0.5072029409089748
C_KINGSAFETY:0.49476259687427
C_PAWNSTRUCTURE:0.48368753238998896
C_PIECECOORDINATION:0.47543261522090313
C_ROOK:0.5020267703048413
CE_ROOK:0.48639290019772913
C_CENTERCONTROL:0.5108084682324865
C_DEVELOPPIECES:0.4488479943092663
C_MATERIAL:0.5111114889833065
C_MOVECOUNT:0.4972782490827413
C_PAWNMOVEMENT:0.49406229218512504
