ELO:1000
CE_PASSEDPAWNS:0.5
CE_PAWNWEAKNESSES:0.5062880195469852
CE_PIECEACTIVITY:0.5009487488214788
CE_KINGPAWNSHIELD:0.5
CE_PIECECOORDINATION:0.5012778521297425
CE_MATERIAL:0.5
CE_KINGSAFETY:0.5123507515907291
C_PIECESQUARETABLES:0.5
C_MOBILITY:0.4968912909790783
C_KINGSAFETY:0.5
C_PAWNSTRUCTURE:0.4902530736787127
C_PIECECOORDINATION:0.5
C_ROOKANDPAWNMOVEMENT:0.5
C_CENTERCONTROL:0.5
C_DEVELOPPIECES:0.5010439086036133
C_MATERIAL:0.5022154925064587
C_MOVECOUNT:0.5
