ELO:948
CE_PASSEDPAWNS:0.5500264326571301
CE_PAWNWEAKNESSES:0.45147306477402804
CE_PIECEACTIVITY:0.4720188143365323
CE_KINGPAWNSHIELD:0.5427553548802497
CE_PIECECOORDINATION:0.424517600653074
CE_MATERIAL:0.5299921843307002
CE_KINGSAFETY:0.49511805305407736
C_PIECESQUARETABLES:0.5017709082619685
C_MOBILITY:0.46891301011657777
C_KINGSAFETY:0.5342906695073315
C_PAWNSTRUCTURE:0.571975861430625
C_PIECECOORDINATION:0.525188051844716
C_ROOKANDPAWNMOVEMENT:0.525188051844716
C_CENTERCONTROL:0.5003505738289996
C_DEVELOPPIECES:0.43827271871841395
C_MATERIAL:0.45066619594268975
