ELO:1009
CE_PASSEDPAWNS:0.5
CE_PAWNWEAKNESSES:0.5
CE_PIECEACTIVITY:0.49863287310267035
CE_KINGPAWNSHIELD:0.5
CE_PIECECOORDINATION:0.5
CE_MATERIAL:0.4921365804195303
CE_KINGSAFETY:0.5
C_PIECESQUARETABLES:0.49759986149197094
C_MOBILITY:0.5
C_KINGSAFETY:0.5
C_PAWNSTRUCTURE:0.5
C_PIECECOORDINATION:0.5
C_ROOK:0.5
CE_ROOK:0.5
C_CENTERCONTROL:0.5
C_DEVELOPPIECES:0.510731836831238
C_MATERIAL:0.5
C_MOVECOUNT:0.5035117952949044
C_PAWNMOVEMENT:0.5
