ELO:857
CE_PASSEDPAWNS:0.43921440806877043
CE_PAWNWEAKNESSES:0.5358698660063892
CE_PIECEACTIVITY:0.5235609958586506
CE_KINGPAWNSHIELD:0.46584887224402216
CE_PIECECOORDINATION:0.5637274269175574
CE_MATERIAL:0.4481609266352397
CE_KINGSAFETY:0.47528369751084787
C_PIECESQUARETABLES:0.4882741551877339
C_MOBILITY:0.502983689857751
C_KINGSAFETY:0.4962945104264073
C_PAWNSTRUCTURE:0.4813576027573389
C_PIECECOORDINATION:0.5499704486882651
C_ROOKANDPAWNMOVEMENT:0.5499704486882651
C_CENTERCONTROL:0.5443335128945963
C_DEVELOPPIECES:0.5130803392751703
C_MATERIAL:0.43770257223626524
C_MOVECOUNT:0.5
