ELO:920
CE_PASSEDPAWNS:0.42114746439369116
CE_PAWNWEAKNESSES:0.527350176357069
CE_PIECEACTIVITY:0.4744054530336716
CE_KINGPAWNSHIELD:0.489034388971494
CE_PIECECOORDINATION:0.44219640044408604
CE_MATERIAL:0.5070544777304541
CE_KINGSAFETY:0.5
C_PIECESQUARETABLES:0.5077997419387695
C_MOBILITY:0.5140375788562852
C_KINGSAFETY:0.5142859916596213
C_PAWNSTRUCTURE:0.4955790448346965
C_PIECECOORDINATION:0.4832288582575748
C_ROOK:0.5523817731976267
CE_ROOK:0.480501672392539
C_CENTERCONTROL:0.49404436699500043
C_DEVELOPPIECES:0.43127361710586726
C_MATERIAL:0.5090737894300487
C_MOVECOUNT:0.510482217331633
C_PAWNMOVEMENT:0.4941250173159149
