ELO:988
CE_PASSEDPAWNS:0.5117555821128666
CE_PAWNWEAKNESSES:0.5136801352733381
CE_PIECEACTIVITY:0.5007495056509632
CE_KINGPAWNSHIELD:0.4969112771905379
CE_PIECECOORDINATION:0.43713796752604545
CE_MATERIAL:0.41237886705497595
CE_KINGSAFETY:0.5021667305178404
C_PIECESQUARETABLES:0.5068103911684899
C_MOBILITY:0.6106431556756368
C_KINGSAFETY:0.5077087654596292
C_PAWNSTRUCTURE:0.48806538021753815
C_PIECECOORDINATION:0.5426316131721678
C_ROOKANDPAWNMOVEMENT:0.5426316131721678
C_CENTERCONTROL:0.40632226986500536
C_DEVELOPPIECES:0.5372214650415256
C_MATERIAL:0.5941225466267659
