ELO:983
CE_PASSEDPAWNS:0.49943308900347244
CE_PAWNWEAKNESSES:0.4748031855036089
CE_PIECEACTIVITY:0.48044008174784103
CE_KINGPAWNSHIELD:0.5105549806944905
CE_PIECECOORDINATION:0.5
CE_MATERIAL:0.5287577923429543
CE_KINGSAFETY:0.497783007902638
C_PIECESQUARETABLES:0.5220586048110586
C_MOBILITY:0.4872592033443505
C_KINGSAFETY:0.4806108935062413
C_PAWNSTRUCTURE:0.49753025124826017
C_PIECECOORDINATION:0.5002803612543767
C_ROOKANDPAWNMOVEMENT:0.5002803612543767
C_CENTERCONTROL:0.5090440837391986
C_DEVELOPPIECES:0.5064202536224519
C_MATERIAL:0.4600043018528757
