ELO:975
CE_PASSEDPAWNS:0.5582736906523206
CE_PAWNWEAKNESSES:0.47366752914670746
CE_PIECEACTIVITY:0.4759544002104894
CE_KINGPAWNSHIELD:0.5272124434376031
CE_PIECECOORDINATION:0.44454136825377255
CE_MATERIAL:0.5439555298951645
CE_KINGSAFETY:0.5
C_PIECESQUARETABLES:0.5084310697012802
C_MOBILITY:0.4922956917336917
C_KINGSAFETY:0.5482792428872049
C_PAWNSTRUCTURE:0.5697302753662786
C_PIECECOORDINATION:0.5424530733390288
C_ROOKANDPAWNMOVEMENT:0.5424530733390288
C_CENTERCONTROL:0.5037627881107131
C_DEVELOPPIECES:0.4247511642982515
C_MATERIAL:0.48942074646410405
