ELO:946
CE_PASSEDPAWNS:0.45242182541857434
CE_PAWNWEAKNESSES:0.49811135622183983
CE_PIECEACTIVITY:0.47213294434095726
CE_KINGPAWNSHIELD:0.5009660026280823
CE_PIECECOORDINATION:0.44465328141841304
CE_MATERIAL:0.5151569540745509
CE_KINGSAFETY:0.5095097260332725
C_PIECESQUARETABLES:0.5028456352203755
C_MOBILITY:0.5087968545837618
C_KINGSAFETY:0.5460527655882775
C_PAWNSTRUCTURE:0.4875995346541125
C_PIECECOORDINATION:0.4880034220403448
C_ROOK:0.5487146035355194
CE_ROOK:0.494717646305698
C_CENTERCONTROL:0.5008925521285604
C_DEVELOPPIECES:0.4251697890515696
C_MATERIAL:0.5102586043715814
C_MOVECOUNT:0.522850177308699
C_PAWNMOVEMENT:0.5171796164784944
