ELO:976
CE_PASSEDPAWNS:0.4770057288781476
CE_PAWNWEAKNESSES:0.5
CE_PIECEACTIVITY:0.4945880334397734
CE_KINGPAWNSHIELD:0.5
CE_PIECECOORDINATION:0.46007211241795815
CE_MATERIAL:0.4976974103003055
CE_KINGSAFETY:0.4500844964882527
C_PIECESQUARETABLES:0.49742891801232664
C_MOBILITY:0.5047792322397132
C_KINGSAFETY:0.500622886442503
C_PAWNSTRUCTURE:0.5180491586625731
C_PIECECOORDINATION:0.5264639544416062
C_ROOKANDPAWNMOVEMENT:0.5264639544416062
C_CENTERCONTROL:0.4635851491616858
C_DEVELOPPIECES:0.5109753452253475
C_MATERIAL:0.4891023282062727
C_MOVECOUNT:0.5110969651924743
