ELO:916
CE_PASSEDPAWNS:0.5212768827801542
CE_PAWNWEAKNESSES:0.4703533337948248
CE_PIECEACTIVITY:0.4928417653602124
CE_KINGPAWNSHIELD:0.4862518968595871
CE_PIECECOORDINATION:0.46832400550411774
CE_MATERIAL:0.474735218741994
CE_KINGSAFETY:0.4721729956030266
C_PIECESQUARETABLES:0.4853777634547829
C_MOBILITY:0.48601752498050105
C_KINGSAFETY:0.5278331541119993
C_PAWNSTRUCTURE:0.5664909721530405
C_PIECECOORDINATION:0.4856079639608933
C_ROOKANDPAWNMOVEMENT:0.4856079639608933
C_CENTERCONTROL:0.46811029047802233
C_DEVELOPPIECES:0.49190474334569856
C_MATERIAL:0.49790371948664863
C_MOVECOUNT:0.5
