ELO:993
CE_PASSEDPAWNS:0.5
CE_PAWNWEAKNESSES:0.4914100634097232
CE_PIECEACTIVITY:0.49807762510918524
CE_KINGPAWNSHIELD:0.5207618227536291
CE_PIECECOORDINATION:0.5073690093712132
CE_MATERIAL:0.5094671866928253
CE_KINGSAFETY:0.5083849701760442
C_PIECESQUARETABLES:0.49649783306971806
C_MOBILITY:0.49190221651398813
C_KINGSAFETY:0.5025809272581883
C_PAWNSTRUCTURE:0.494678269184948
C_PIECECOORDINATION:0.5041016927520756
C_ROOKANDPAWNMOVEMENT:0.5041016927520756
C_CENTERCONTROL:0.5
C_DEVELOPPIECES:0.5041917726302445
C_MATERIAL:0.5
