ELO:1009
CE_PASSEDPAWNS:0.5
CE_PAWNWEAKNESSES:0.5
CE_PIECEACTIVITY:0.5
CE_KINGPAWNSHIELD:0.5
CE_PIECECOORDINATION:0.5
CE_MATERIAL:0.5017776053419655
CE_KINGSAFETY:0.5
C_PIECESQUARETABLES:0.5
C_MOBILITY:0.5146908165524208
C_KINGSAFETY:0.5
C_PAWNSTRUCTURE:0.5
C_PIECECOORDINATION:0.5054953624156161
C_ROOKANDPAWNMOVEMENT:0.5054953624156161
C_CENTERCONTROL:0.5
C_DEVELOPPIECES:0.4959563453670451
C_MATERIAL:0.5123520353131434
C_MOVECOUNT:0.513165404146982
