ELO:773
CE_PASSEDPAWNS:0.5538450339594586
CE_PAWNWEAKNESSES:0.4827660187330944
CE_PIECEACTIVITY:0.5782706161697996
CE_KINGPAWNSHIELD:0.4737413535474525
CE_PIECECOORDINATION:0.6068602961370412
CE_MATERIAL:0.5750967091064779
CE_KINGSAFETY:0.45222372764925006
C_PIECESQUARETABLES:0.5003258581674245
C_MOBILITY:0.5420981950722815
C_KINGSAFETY:0.4660215286463403
C_PAWNSTRUCTURE:0.5361517803002578
C_PIECECOORDINATION:0.5854854393286846
C_ROOKANDPAWNMOVEMENT:0.5854854393286846
C_CENTERCONTROL:0.443975410916122
C_DEVELOPPIECES:0.4710708409474778
C_MATERIAL:0.49793373878710123
C_MOVECOUNT:0.5060837157001008
