ELO:1048
CE_PASSEDPAWNS:0.5
CE_PAWNWEAKNESSES:0.508235665944877
CE_PIECEACTIVITY:0.5107542645907583
CE_KINGPAWNSHIELD:0.49251703509048683
CE_PIECECOORDINATION:0.5038752760034898
CE_MATERIAL:0.5
CE_KINGSAFETY:0.5
C_PIECESQUARETABLES:0.4912797919288813
C_MOBILITY:0.494707714655027
C_KINGSAFETY:0.519655967814519
C_PAWNSTRUCTURE:0.4777591523396908
C_PIECECOORDINATION:0.507403387778996
C_ROOK:0.5
CE_ROOK:0.5197994790356795
C_CENTERCONTROL:0.5
C_DEVELOPPIECES:0.49188386419773994
C_MATERIAL:0.506055293917194
C_MOVECOUNT:0.5
C_PAWNMOVEMENT:0.49910213360591205
