ELO:1000
CE_PASSEDPAWNS:0.5110738422284626
CE_PAWNWEAKNESSES:0.4934346875794897
CE_PIECEACTIVITY:0.49350296341516237
CE_KINGPAWNSHIELD:0.4899244671691279
CE_PIECECOORDINATION:0.49155803437180506
CE_MATERIAL:0.5010010029615586
CE_KINGSAFETY:0.5
C_PIECESQUARETABLES:0.48768174404965803
C_MOBILITY:0.48836195640582525
C_KINGSAFETY:0.5157516679954816
C_PAWNSTRUCTURE:0.47986124426908844
C_PIECECOORDINATION:0.5078994708949589
C_ROOKANDPAWNMOVEMENT:0.5078994708949589
C_CENTERCONTROL:0.5308571461141383
C_DEVELOPPIECES:0.4899713202020814
C_MATERIAL:0.5
