ELO:1000
CE_PASSEDPAWNS:0.5113709390767143
CE_PAWNWEAKNESSES:0.4847561455512867
CE_PIECEACTIVITY:0.48316268692744263
CE_KINGPAWNSHIELD:0.49736406368523883
CE_PIECECOORDINATION:0.48057275458057624
CE_MATERIAL:0.5147323085142472
CE_KINGSAFETY:0.4952249703789736
C_PIECESQUARETABLES:0.485184822846808
C_MOBILITY:0.4735693994807725
C_KINGSAFETY:0.5147440656338544
C_PAWNSTRUCTURE:0.4955687998491946
C_PIECECOORDINATION:0.5238502561164057
C_ROOKANDPAWNMOVEMENT:0.5238502561164057
C_CENTERCONTROL:0.5213335015146103
C_DEVELOPPIECES:0.4807252217482237
C_MATERIAL:0.5
