ELO:842
CE_PASSEDPAWNS:0.5143970364212489
CE_PAWNWEAKNESSES:0.5673303638315907
CE_PIECEACTIVITY:0.4775005478569852
CE_KINGPAWNSHIELD:0.48700463346224887
CE_PIECECOORDINATION:0.5641925346067327
CE_MATERIAL:0.487165890270035
CE_KINGSAFETY:0.5221415486268618
C_PIECESQUARETABLES:0.5969790315872894
C_MOBILITY:0.4423760323848788
C_KINGSAFETY:0.5761661239079698
C_PAWNSTRUCTURE:0.516078769403414
C_PIECECOORDINATION:0.5837382102873407
C_ROOKANDPAWNMOVEMENT:0.5837382102873407
C_CENTERCONTROL:0.4934236681003922
C_DEVELOPPIECES:0.5448730931113214
C_MATERIAL:0.5869659793215652
C_MOVECOUNT:0.5
