ELO:998
CE_PASSEDPAWNS:0.5258879350113224
CE_PAWNWEAKNESSES:0.4902458009993275
CE_PIECEACTIVITY:0.5558871465435471
CE_KINGPAWNSHIELD:0.5103270438549192
CE_PIECECOORDINATION:0.5398263377908578
CE_MATERIAL:0.45968510638558224
CE_KINGSAFETY:0.4863933374862694
C_PIECESQUARETABLES:0.4934451065336769
C_MOBILITY:0.47825784670015975
C_KINGSAFETY:0.4462031663768622
C_PAWNSTRUCTURE:0.48934688508346347
C_PIECECOORDINATION:0.5385360942074277
C_ROOKANDPAWNMOVEMENT:0.5385360942074277
C_CENTERCONTROL:0.4962435965218659
C_DEVELOPPIECES:0.499141473067985
C_MATERIAL:0.5811024269643512
