ELO:1008
CE_PASSEDPAWNS:0.5
CE_PAWNWEAKNESSES:0.49122620380766824
CE_PIECEACTIVITY:0.47756858769238425
CE_KINGPAWNSHIELD:0.5
CE_PIECECOORDINATION:0.5038995081657818
CE_MATERIAL:0.494641045857034
CE_KINGSAFETY:0.5
C_PIECESQUARETABLES:0.5000035800759846
C_MOBILITY:0.5
C_KINGSAFETY:0.4908230944421883
C_PAWNSTRUCTURE:0.5
C_PIECECOORDINATION:0.49915976009091967
C_ROOKANDPAWNMOVEMENT:0.49915976009091967
C_CENTERCONTROL:0.4831061085761945
C_DEVELOPPIECES:0.5
C_MATERIAL:0.5
