ELO:973
CE_PASSEDPAWNS:0.4859560902558808
CE_PAWNWEAKNESSES:0.5926573767452691
CE_PIECEACTIVITY:0.4348021618404471
CE_KINGPAWNSHIELD:0.4978165167973956
CE_PIECECOORDINATION:0.47746699825351596
CE_MATERIAL:0.5737448993823376
CE_KINGSAFETY:0.5316188722737526
C_PIECESQUARETABLES:0.5247738666696972
C_MOBILITY:0.5153057048081866
C_KINGSAFETY:0.5669095567021739
C_PAWNSTRUCTURE:0.5092953783520665
C_PIECECOORDINATION:0.4646434151483152
C_ROOKANDPAWNMOVEMENT:0.4646434151483152
C_CENTERCONTROL:0.5728540302731168
C_DEVELOPPIECES:0.5593350505792323
C_MATERIAL:0.522148507073759
