ELO:1000
CE_PASSEDPAWNS:0.5153417832202704
CE_PAWNWEAKNESSES:0.5108854455370577
CE_PIECEACTIVITY:0.5329522895736414
CE_KINGPAWNSHIELD:0.5227387022263338
CE_PIECECOORDINATION:0.5306477884952063
CE_MATERIAL:0.47957050230869047
CE_KINGSAFETY:0.5107734673097837
C_PIECESQUARETABLES:0.5029313717526769
C_MOBILITY:0.49516764601394553
C_KINGSAFETY:0.4469510375311113
C_PAWNSTRUCTURE:0.5031607314444768
C_PIECECOORDINATION:0.49756960834176606
C_ROOKANDPAWNMOVEMENT:0.49756960834176606
C_CENTERCONTROL:0.5158384107461018
C_DEVELOPPIECES:0.4630271176493314
C_MATERIAL:0.5450154631637364
