ELO:976
CE_PASSEDPAWNS:0.5585801793968427
CE_PAWNWEAKNESSES:0.48682305623837935
CE_PIECEACTIVITY:0.47627999486422357
CE_KINGPAWNSHIELD:0.5153764819337485
CE_PIECECOORDINATION:0.44476507400422594
CE_MATERIAL:0.531804257267921
CE_KINGSAFETY:0.5067475898140524
C_PIECESQUARETABLES:0.5145872208719742
C_MOBILITY:0.5045423694736014
C_KINGSAFETY:0.5524096159162408
C_PAWNSTRUCTURE:0.5460170892102663
C_PIECECOORDINATION:0.5369819974162395
C_ROOKANDPAWNMOVEMENT:0.5369819974162395
C_CENTERCONTROL:0.48071869317140203
C_DEVELOPPIECES:0.423723388225251
C_MATERIAL:0.48942074646410405
