ELO:994
CE_PASSEDPAWNS:0.5441020125506875
CE_PAWNWEAKNESSES:0.5001879645060068
CE_PIECEACTIVITY:0.4938340689266937
CE_KINGPAWNSHIELD:0.5033894482243274
CE_PIECECOORDINATION:0.45976724691966925
CE_MATERIAL:0.5260561555018507
CE_KINGSAFETY:0.48202707951823487
C_PIECESQUARETABLES:0.522017447982946
C_MOBILITY:0.5401586917347064
C_KINGSAFETY:0.5118804375718526
C_PAWNSTRUCTURE:0.5228107859554318
C_PIECECOORDINATION:0.5435898096313203
C_ROOKANDPAWNMOVEMENT:0.5435898096313203
C_CENTERCONTROL:0.48587197703010776
C_DEVELOPPIECES:0.46705708679633323
C_MATERIAL:0.5264833436000185
