ELO:1018
CE_PASSEDPAWNS:0.49985161041083276
CE_PAWNWEAKNESSES:0.5089336240650173
CE_PIECEACTIVITY:0.5
CE_KINGPAWNSHIELD:0.5
CE_PIECECOORDINATION:0.5
CE_MATERIAL:0.5
CE_KINGSAFETY:0.4935017231356369
C_PIECESQUARETABLES:0.4883801996663581
C_MOBILITY:0.49384881588222557
C_KINGSAFETY:0.5113643218413719
C_PAWNSTRUCTURE:0.4939768598305601
C_PIECECOORDINATION:0.5
C_ROOKANDPAWNMOVEMENT:0.5
C_CENTERCONTROL:0.5
C_DEVELOPPIECES:0.5183275984241795
C_MATERIAL:0.5
C_MOVECOUNT:0.49220420316983327
