ELO:1022
CE_PASSEDPAWNS:0.4197095893822424
CE_PAWNWEAKNESSES:0.5312405321319169
CE_PIECEACTIVITY:0.4159871763666937
CE_KINGPAWNSHIELD:0.39452144957275465
CE_PIECECOORDINATION:0.5190315742551846
CE_MATERIAL:0.5061029840654949
CE_KINGSAFETY:0.5
C_PIECESQUARETABLES:0.4940016733482362
C_MOBILITY:0.5926746721608825
C_KINGSAFETY:0.6042058448398656
C_PAWNSTRUCTURE:0.4542956332162992
C_PIECECOORDINATION:0.5367716218643135
C_ROOKANDPAWNMOVEMENT:0.5367716218643135
C_CENTERCONTROL:0.5265679586594536
C_DEVELOPPIECES:0.5004134577692269
C_MATERIAL:0.553272628649077
