ELO:994
CE_PASSEDPAWNS:0.5002182865725314
CE_PAWNWEAKNESSES:0.5018298578894502
CE_PIECEACTIVITY:0.480624908909242
CE_KINGPAWNSHIELD:0.5109274199774035
CE_PIECECOORDINATION:0.48537050838017964
CE_MATERIAL:0.5009030613136002
CE_KINGSAFETY:0.5
C_PIECESQUARETABLES:0.5028603969198676
C_MOBILITY:0.49872493213005503
C_KINGSAFETY:0.49734722365573736
C_PAWNSTRUCTURE:0.4893460081033937
C_PIECECOORDINATION:0.48703066707990106
C_ROOK:0.49447227169151753
CE_ROOK:0.5026359128124137
C_CENTERCONTROL:0.48789183858981267
C_DEVELOPPIECES:0.4774883272659824
C_MATERIAL:0.5038050377692925
C_MOVECOUNT:0.48884533034810124
C_PAWNMOVEMENT:0.49406229218512504
