ELO:932
CE_PASSEDPAWNS:0.5172759014410276
CE_PAWNWEAKNESSES:0.5208688316384308
CE_PIECEACTIVITY:0.5197373733868911
CE_KINGPAWNSHIELD:0.5306328438851368
CE_PIECECOORDINATION:0.5339292117307645
CE_MATERIAL:0.48700991345513794
CE_KINGSAFETY:0.5
C_PIECESQUARETABLES:0.5026355348002582
C_MOBILITY:0.4835922788852872
C_KINGSAFETY:0.5040257458938873
C_PAWNSTRUCTURE:0.4209687588709169
C_PIECECOORDINATION:0.5059469460470936
C_ROOK:0.4503901720093786
CE_ROOK:0.47955794053783557
C_CENTERCONTROL:0.47778664210944877
C_DEVELOPPIECES:0.494376444886282
C_MATERIAL:0.49088298263381813
C_MOVECOUNT:0.4343236889244281
C_PAWNMOVEMENT:0.5166482971484204
