ELO:1015
CE_PASSEDPAWNS:0.5
CE_PAWNWEAKNESSES:0.5
CE_PIECEACTIVITY:0.5010918416009387
CE_KINGPAWNSHIELD:0.4902021299754765
CE_PIECECOORDINATION:0.5038669888855066
CE_MATERIAL:0.5
CE_KINGSAFETY:0.5
C_PIECESQUARETABLES:0.5
C_MOBILITY:0.5
C_KINGSAFETY:0.49595562656216896
C_PAWNSTRUCTURE:0.5027943868879656
C_PIECECOORDINATION:0.503099863608167
C_ROOK:0.5
CE_ROOK:0.5
C_CENTERCONTROL:0.5
C_DEVELOPPIECES:0.5117109976272465
C_MATERIAL:0.4917135298910668
C_MOVECOUNT:0.5037845517437103
C_PAWNMOVEMENT:0.5
