ELO:527
CE_PASSEDPAWNS:0.49930697673513924
CE_PAWNWEAKNESSES:0.4950515331900747
CE_PIECEACTIVITY:0.46300347997010416
CE_KINGPAWNSHIELD:0.5513804043294281
CE_PIECECOORDINATION:0.5099891444060849
CE_MATERIAL:0.480634087292187
CE_KINGSAFETY:0.49927815835339007
C_PIECESQUARETABLES:0.5
C_MOBILITY:0.5463839496262825
C_KINGSAFETY:0.42546399191098055
C_PAWNSTRUCTURE:0.520128673114601
C_PIECECOORDINATION:0.5924651636573066
C_ROOKANDPAWNMOVEMENT:0.5924651636573066
C_CENTERCONTROL:0.4925640985844753
C_DEVELOPPIECES:0.5882191283441736
C_MATERIAL:0.5897941199002976
C_MOVECOUNT:0.5
