ELO:825
CE_PASSEDPAWNS:0.45797792159660833
CE_PAWNWEAKNESSES:0.5129136128987692
CE_PIECEACTIVITY:0.4458153689573064
CE_KINGPAWNSHIELD:0.5416934174437845
CE_PIECECOORDINATION:0.45891214468215563
CE_MATERIAL:0.5026261347077585
CE_KINGSAFETY:0.4780162651341867
C_PIECESQUARETABLES:0.5686825352697347
C_MOBILITY:0.5665313662485352
C_KINGSAFETY:0.44149556621360564
C_PAWNSTRUCTURE:0.5694223663887032
C_PIECECOORDINATION:0.5754989213519317
C_ROOKANDPAWNMOVEMENT:0.5754989213519317
C_CENTERCONTROL:0.4985998392704655
C_DEVELOPPIECES:0.6072919390047373
C_MATERIAL:0.605369507921148
C_MOVECOUNT:0.5
