ELO:520
CE_PASSEDPAWNS:0.4855694874794073
CE_PAWNWEAKNESSES:0.4090727781717011
CE_PIECEACTIVITY:0.42318886762829194
CE_KINGPAWNSHIELD:0.504834174020512
CE_PIECECOORDINATION:0.5326075547127597
CE_MATERIAL:0.38999937001434226
CE_KINGSAFETY:0.46770075706894515
C_PIECESQUARETABLES:0.47871439326246934
C_MOBILITY:0.5379536516893707
C_KINGSAFETY:0.40072375555244094
C_PAWNSTRUCTURE:0.5065741098393185
C_PIECECOORDINATION:0.5997475092201234
C_ROOKANDPAWNMOVEMENT:0.5997475092201234
C_CENTERCONTROL:0.4835768213835399
C_DEVELOPPIECES:0.5476367935603554
C_MATERIAL:0.5908805315223492
C_MOVECOUNT:0.5
