ELO:936
CE_PASSEDPAWNS:0.48550158419853046
CE_PAWNWEAKNESSES:0.4925875179579712
CE_PIECEACTIVITY:0.47517987813631063
CE_KINGPAWNSHIELD:0.4775336204795259
CE_PIECECOORDINATION:0.4615782073393723
CE_MATERIAL:0.47369689691190103
CE_KINGSAFETY:0.49348301047784937
C_PIECESQUARETABLES:0.5026090445459964
C_MOBILITY:0.529530620598537
C_KINGSAFETY:0.46910373118329834
C_PAWNSTRUCTURE:0.4901608049773199
C_PIECECOORDINATION:0.5548388884767372
C_ROOKANDPAWNMOVEMENT:0.5548388884767372
C_CENTERCONTROL:0.5102755856466594
C_DEVELOPPIECES:0.5003550301295506
C_MATERIAL:0.5281703091950287
C_MOVECOUNT:0.518202090429704
