ELO:881
CE_PASSEDPAWNS:0.5321846467916755
CE_PAWNWEAKNESSES:0.3179360270341582
CE_PIECEACTIVITY:0.3754312893333363
CE_KINGPAWNSHIELD:0.4394907991453385
CE_PIECECOORDINATION:0.2514393160045377
CE_MATERIAL:0.5588228280703699
CE_KINGSAFETY:0.5014479014124038
C_PIECESQUARETABLES:0.5133166469196558
C_MOBILITY:0.48974343540594106
C_KINGSAFETY:0.5549970609552715
C_PAWNSTRUCTURE:0.4361988202107863
C_PIECECOORDINATION:0.6261221107738412
C_ROOKANDPAWNMOVEMENT:0.6261221107738412
C_CENTERCONTROL:0.4612247367026967
C_DEVELOPPIECES:0.4075118484540015
C_MATERIAL:0.5028346855302682
