ELO:989
CE_PASSEDPAWNS:0.4421472729047193
CE_PAWNWEAKNESSES:0.4420262146448258
CE_PIECEACTIVITY:0.4728193813134395
CE_KINGPAWNSHIELD:0.47904537255656393
CE_PIECECOORDINATION:0.5205845513705526
CE_MATERIAL:0.4465315636499967
CE_KINGSAFETY:0.512067638113912
C_PIECESQUARETABLES:0.5176798404155474
C_MOBILITY:0.5187234063732595
C_KINGSAFETY:0.4725869031940803
C_PAWNSTRUCTURE:0.5635870173563777
C_PIECECOORDINATION:0.4992922274519481
C_ROOKANDPAWNMOVEMENT:0.4992922274519481
C_CENTERCONTROL:0.48276287399721735
C_DEVELOPPIECES:0.5146696708683112
C_MATERIAL:0.4891663744561828
