ELO:949
CE_PASSEDPAWNS:0.47521219281190424
CE_PAWNWEAKNESSES:0.46767360476258585
CE_PIECEACTIVITY:0.5187710944566354
CE_KINGPAWNSHIELD:0.4244875231074607
CE_PIECECOORDINATION:0.546659897432367
CE_MATERIAL:0.4420048163594297
CE_KINGSAFETY:0.5109940271271334
C_PIECESQUARETABLES:0.49293165017073437
C_MOBILITY:0.511931999394933
C_KINGSAFETY:0.4375852065597719
C_PAWNSTRUCTURE:0.6085869299064106
C_PIECECOORDINATION:0.48259369031247357
C_ROOKANDPAWNMOVEMENT:0.48259369031247357
C_CENTERCONTROL:0.49751880558739214
C_DEVELOPPIECES:0.5211704372127005
C_MATERIAL:0.5483808957131034
