ELO:914
CE_PASSEDPAWNS:0.4833132525389467
CE_PAWNWEAKNESSES:0.43698175376674325
CE_PIECEACTIVITY:0.5366640123008628
CE_KINGPAWNSHIELD:0.48263333838177636
CE_PIECECOORDINATION:0.6461678951080589
CE_MATERIAL:0.5066926343538352
CE_KINGSAFETY:0.5216041571310466
C_PIECESQUARETABLES:0.5316619285002656
C_MOBILITY:0.46146499304680827
C_KINGSAFETY:0.5724948641333015
C_PAWNSTRUCTURE:0.5914057338072144
C_PIECECOORDINATION:0.5691342638101099
C_ROOKANDPAWNMOVEMENT:0.5691342638101099
C_CENTERCONTROL:0.5377396676931219
C_DEVELOPPIECES:0.508531715214297
C_MATERIAL:0.5970967356561282
