ELO:1009
CE_PASSEDPAWNS:0.4894291673848833
CE_PAWNWEAKNESSES:0.4667635243552678
CE_PIECEACTIVITY:0.4811347351339352
CE_KINGPAWNSHIELD:0.48903805567944
CE_PIECECOORDINATION:0.48500276993800073
CE_MATERIAL:0.500142666493205
CE_KINGSAFETY:0.49995394653752545
C_PIECESQUARETABLES:0.49932972078777954
C_MOBILITY:0.4981776335977471
C_KINGSAFETY:0.4818421939194644
C_PAWNSTRUCTURE:0.5025755205481844
C_PIECECOORDINATION:0.5153302482226951
C_ROOK:0.5113962121053037
CE_ROOK:0.4864026295435278
C_CENTERCONTROL:0.5172480018989009
C_DEVELOPPIECES:0.5050514625316056
C_MATERIAL:0.5090250629675951
C_MOVECOUNT:0.49683841815212487
C_PAWNMOVEMENT:0.4952701644980272
