ELO:943
CE_PASSEDPAWNS:0.5262499633892449
CE_PAWNWEAKNESSES:0.4954930908432495
CE_PIECEACTIVITY:0.5140609885266665
CE_KINGPAWNSHIELD:0.5184360676415539
CE_PIECECOORDINATION:0.4872496893332857
CE_MATERIAL:0.5011480233510663
CE_KINGSAFETY:0.5009889196095615
C_PIECESQUARETABLES:0.5024549652978378
C_MOBILITY:0.5028796633295073
C_KINGSAFETY:0.5020078875120436
C_PAWNSTRUCTURE:0.5195829554518782
C_PIECECOORDINATION:0.5157522839728453
C_ROOKANDPAWNMOVEMENT:0.5157522839728453
C_CENTERCONTROL:0.4988329414307013
C_DEVELOPPIECES:0.49462334924298973
C_MATERIAL:0.5022526868094848
C_MOVECOUNT:0.5313321162598915
