ELO:828
CE_PASSEDPAWNS:0.48488906372189594
CE_PAWNWEAKNESSES:0.4957548492374683
CE_PIECEACTIVITY:0.4446651765154323
CE_KINGPAWNSHIELD:0.46255265623746555
CE_PIECECOORDINATION:0.4955285394415857
CE_MATERIAL:0.49388796916762895
CE_KINGSAFETY:0.5299655109493197
C_PIECESQUARETABLES:0.48231641728758834
C_MOBILITY:0.5152326072593681
C_KINGSAFETY:0.461489432931374
C_PAWNSTRUCTURE:0.5116174692565247
C_PIECECOORDINATION:0.5487039310070079
C_ROOKANDPAWNMOVEMENT:0.5487039310070079
C_CENTERCONTROL:0.4377264107460134
C_DEVELOPPIECES:0.5034714412069207
C_MATERIAL:0.5501852974340015
C_MOVECOUNT:0.5199076347938844
