ELO:1000
CE_PASSEDPAWNS:0.487863143837657
CE_PAWNWEAKNESSES:0.4948541656460971
CE_PIECEACTIVITY:0.5069317908548615
CE_KINGPAWNSHIELD:0.4777661396070326
CE_PIECECOORDINATION:0.48077827064355677
CE_MATERIAL:0.49318930000859756
CE_KINGSAFETY:0.5158089691318118
C_PIECESQUARETABLES:0.5
C_MOBILITY:0.5074614275224683
C_KINGSAFETY:0.5042695805721511
C_PAWNSTRUCTURE:0.5156485915352346
C_PIECECOORDINATION:0.49729068675439875
C_ROOKANDPAWNMOVEMENT:0.49729068675439875
C_CENTERCONTROL:0.5047317399870557
C_DEVELOPPIECES:0.5
C_MATERIAL:0.4911302504261845
