ELO:986
CE_PASSEDPAWNS:0.4836457710379262
CE_PAWNWEAKNESSES:0.5056455589735934
CE_PIECEACTIVITY:0.5034008669338885
CE_KINGPAWNSHIELD:0.5078782643869364
CE_PIECECOORDINATION:0.5099011681926295
CE_MATERIAL:0.46919813082532685
CE_KINGSAFETY:0.4551441905842175
C_PIECESQUARETABLES:0.4226442618299613
C_MOBILITY:0.5852227074279421
C_KINGSAFETY:0.5295975437456597
C_PAWNSTRUCTURE:0.5588366872543548
C_PIECECOORDINATION:0.5126774473103185
C_ROOKANDPAWNMOVEMENT:0.5126774473103185
C_CENTERCONTROL:0.5405990529509453
C_DEVELOPPIECES:0.5792636471971104
C_MATERIAL:0.39883943223818824
