ELO:926
CE_PASSEDPAWNS:0.5192648089396876
CE_PAWNWEAKNESSES:0.5200445722670435
CE_PIECEACTIVITY:0.5261883464736071
CE_KINGPAWNSHIELD:0.5191672080125114
CE_PIECECOORDINATION:0.5386869209344948
CE_MATERIAL:0.4775289586208841
CE_KINGSAFETY:0.4946202470248147
C_PIECESQUARETABLES:0.4848238439505028
C_MOBILITY:0.4873564384970113
C_KINGSAFETY:0.5040257458938873
C_PAWNSTRUCTURE:0.4179180895514752
C_PIECECOORDINATION:0.5309112433308292
C_ROOK:0.45933954169814195
CE_ROOK:0.4855712799320498
C_CENTERCONTROL:0.47778664210944877
C_DEVELOPPIECES:0.4895218122849047
C_MATERIAL:0.4921544297315247
C_MOVECOUNT:0.44780174284284396
C_PAWNMOVEMENT:0.5136116618875033
