ELO:936
CE_PASSEDPAWNS:0.49980166293607237
CE_PAWNWEAKNESSES:0.4522036640969145
CE_PIECEACTIVITY:0.5058031079088487
CE_KINGPAWNSHIELD:0.5078919886941411
CE_PIECECOORDINATION:0.5730995309830218
CE_MATERIAL:0.470379442682454
CE_KINGSAFETY:0.5244231281107482
C_PIECESQUARETABLES:0.5013025669182443
C_MOBILITY:0.49358632621104387
C_KINGSAFETY:0.5287781940391446
C_PAWNSTRUCTURE:0.5605110097758945
C_PIECECOORDINATION:0.5511475926520936
C_ROOKANDPAWNMOVEMENT:0.5511475926520936
C_CENTERCONTROL:0.5507399214915767
C_DEVELOPPIECES:0.5082122482897348
C_MATERIAL:0.586373976861552
