ELO:961
CE_PASSEDPAWNS:0.47583710346551755
CE_PAWNWEAKNESSES:0.43556070902242283
CE_PIECEACTIVITY:0.4725397850760201
CE_KINGPAWNSHIELD:0.43450236719564617
CE_PIECECOORDINATION:0.5386102741064575
CE_MATERIAL:0.4399923000516817
CE_KINGSAFETY:0.5060980300391246
C_PIECESQUARETABLES:0.4974041920972699
C_MOBILITY:0.5188933716599297
C_KINGSAFETY:0.44460666677597105
C_PAWNSTRUCTURE:0.5680247135193482
C_PIECECOORDINATION:0.524528718786679
C_ROOKANDPAWNMOVEMENT:0.524528718786679
C_CENTERCONTROL:0.48667638106504707
C_DEVELOPPIECES:0.5156849967996773
C_MATERIAL:0.5387205492469969
