ELO:1024
CE_PASSEDPAWNS:0.6435309070532452
CE_PAWNWEAKNESSES:0.4671148006442202
CE_PIECEACTIVITY:0.5141449826824642
CE_KINGPAWNSHIELD:0.5523285852400764
CE_PIECECOORDINATION:0.48669888036209846
CE_MATERIAL:0.4416606678501971
CE_KINGSAFETY:0.49959335421368173
C_PIECESQUARETABLES:0.49088782532910036
C_MOBILITY:0.42067233317500735
C_KINGSAFETY:0.513710151173444
C_PAWNSTRUCTURE:0.42112722345735565
C_PIECECOORDINATION:0.4721840165466079
C_ROOKANDPAWNMOVEMENT:0.4721840165466079
C_CENTERCONTROL:0.5463615797817838
C_DEVELOPPIECES:0.5631054831297612
C_MATERIAL:0.44247059880296236
