ELO:562
CE_PASSEDPAWNS:0.4765758463630958
CE_PAWNWEAKNESSES:0.4635641613333156
CE_PIECEACTIVITY:0.42470590748463466
CE_KINGPAWNSHIELD:0.4921648216615172
CE_PIECECOORDINATION:0.5183903389941643
CE_MATERIAL:0.39318052144575405
CE_KINGSAFETY:0.49567349325000754
C_PIECESQUARETABLES:0.4715586271616005
C_MOBILITY:0.5607140158113113
C_KINGSAFETY:0.39486993773524254
C_PAWNSTRUCTURE:0.5137503087163668
C_PIECECOORDINATION:0.6183995306485417
C_ROOKANDPAWNMOVEMENT:0.6183995306485417
C_CENTERCONTROL:0.4822073196559927
C_DEVELOPPIECES:0.5636266867191586
C_MATERIAL:0.5859556201384989
C_MOVECOUNT:0.5
