ELO:996
CE_PASSEDPAWNS:0.5100743373013906
CE_PAWNWEAKNESSES:0.47657741260996916
CE_PIECEACTIVITY:0.48930034580023035
CE_KINGPAWNSHIELD:0.4755055312378637
CE_PIECECOORDINATION:0.5076388842792124
CE_MATERIAL:0.5010542363110977
CE_KINGSAFETY:0.5
C_PIECESQUARETABLES:0.5
C_MOBILITY:0.5121593629861179
C_KINGSAFETY:0.4789751873508483
C_PAWNSTRUCTURE:0.46811384832829306
C_PIECECOORDINATION:0.5081438699217163
C_ROOK:0.44666101308172257
CE_ROOK:0.5107281599024576
C_CENTERCONTROL:0.49657171591730037
C_DEVELOPPIECES:0.479273685447334
C_MATERIAL:0.5211200152245422
C_MOVECOUNT:0.4895723707319377
C_PAWNMOVEMENT:0.5012302317711345
