ELO:901
CE_PASSEDPAWNS:0.44695778746354764
CE_PAWNWEAKNESSES:0.4585697835647757
CE_PIECEACTIVITY:0.519084390201223
CE_KINGPAWNSHIELD:0.42641369465200485
CE_PIECECOORDINATION:0.5265000901891218
CE_MATERIAL:0.44665224195919817
CE_KINGSAFETY:0.49717163231365596
C_PIECESQUARETABLES:0.5135639504252304
C_MOBILITY:0.507966613523616
C_KINGSAFETY:0.4538427856652568
C_PAWNSTRUCTURE:0.593770939114478
C_PIECECOORDINATION:0.4747172247024786
C_ROOKANDPAWNMOVEMENT:0.4747172247024786
C_CENTERCONTROL:0.5036616382506353
C_DEVELOPPIECES:0.5136398288214732
C_MATERIAL:0.5483808957131034
