ELO:952
CE_PASSEDPAWNS:0.4818427322138737
CE_PAWNWEAKNESSES:0.46894614043314653
CE_PIECEACTIVITY:0.5153880907020778
CE_KINGPAWNSHIELD:0.42316487163255523
CE_PIECECOORDINATION:0.5416837216645809
CE_MATERIAL:0.4352828613613235
CE_KINGSAFETY:0.4737879853544915
C_PIECESQUARETABLES:0.522775735796306
C_MOBILITY:0.5083138445209147
C_KINGSAFETY:0.4123465299183306
C_PAWNSTRUCTURE:0.597423246848073
C_PIECECOORDINATION:0.4835084378365336
C_ROOKANDPAWNMOVEMENT:0.4835084378365336
C_CENTERCONTROL:0.4830668242929097
C_DEVELOPPIECES:0.5158034265969446
C_MATERIAL:0.552664000553479
