ELO:555
CE_PASSEDPAWNS:0.5023950921543208
CE_PAWNWEAKNESSES:0.49900120901317474
CE_PIECEACTIVITY:0.43765727038489904
CE_KINGPAWNSHIELD:0.5050830877790093
CE_PIECECOORDINATION:0.5128307855641222
CE_MATERIAL:0.3927125068019632
CE_KINGSAFETY:0.5074158059807267
C_PIECESQUARETABLES:0.4872765985760694
C_MOBILITY:0.5405603476338543
C_KINGSAFETY:0.40415010863557127
C_PAWNSTRUCTURE:0.5266714513689301
C_PIECECOORDINATION:0.6299750835977578
C_ROOKANDPAWNMOVEMENT:0.6299750835977578
C_CENTERCONTROL:0.48665464847467876
C_DEVELOPPIECES:0.5618009061381457
C_MATERIAL:0.5816719654521724
C_MOVECOUNT:0.5
