ELO:807
CE_PASSEDPAWNS:0.46815544530207026
CE_PAWNWEAKNESSES:0.4664163736062946
CE_PIECEACTIVITY:0.46236240787843497
CE_KINGPAWNSHIELD:0.5298350564921285
CE_PIECECOORDINATION:0.35392955530660986
CE_MATERIAL:0.44997661118277865
CE_KINGSAFETY:0.5178813192971577
C_PIECESQUARETABLES:0.5234696635055478
C_MOBILITY:0.5285011107289793
C_KINGSAFETY:0.47747468326472203
C_PAWNSTRUCTURE:0.508495708683039
C_PIECECOORDINATION:0.48374293708480043
C_ROOKANDPAWNMOVEMENT:0.48374293708480043
C_CENTERCONTROL:0.5335349761932782
C_DEVELOPPIECES:0.4589929568906183
C_MATERIAL:0.47806635284862464
C_MOVECOUNT:0.535885195817932
