ELO:1000
CE_PASSEDPAWNS:0.49565893118980076
CE_PAWNWEAKNESSES:0.49263830508254147
CE_PIECEACTIVITY:0.5069317908548615
CE_KINGPAWNSHIELD:0.4777661396070326
CE_PIECECOORDINATION:0.48077827064355677
CE_MATERIAL:0.49318930000859756
CE_KINGSAFETY:0.5140874165633753
C_PIECESQUARETABLES:0.5
C_MOBILITY:0.5074614275224683
C_KINGSAFETY:0.5042695805721511
C_PAWNSTRUCTURE:0.5160418393766337
C_PIECECOORDINATION:0.4900621005627859
C_ROOKANDPAWNMOVEMENT:0.4900621005627859
C_CENTERCONTROL:0.5124066959786088
C_DEVELOPPIECES:0.5
C_MATERIAL:0.4911302504261845
