ELO:961
CE_PASSEDPAWNS:0.49062715534995094
CE_PAWNWEAKNESSES:0.48741241538491153
CE_PIECEACTIVITY:0.5100014941514065
CE_KINGPAWNSHIELD:0.5067662763132421
CE_PIECECOORDINATION:0.5474010674809366
CE_MATERIAL:0.47500663108807073
CE_KINGSAFETY:0.5014020438603815
C_PIECESQUARETABLES:0.5054970282023072
C_MOBILITY:0.5782717599662949
C_KINGSAFETY:0.5627841635607994
C_PAWNSTRUCTURE:0.5718150240098361
C_PIECECOORDINATION:0.5177758938939936
C_ROOKANDPAWNMOVEMENT:0.5177758938939936
C_CENTERCONTROL:0.5534602616809758
C_DEVELOPPIECES:0.5639247746946877
C_MATERIAL:0.4103925745272315
