ELO:922
CE_PASSEDPAWNS:0.5119731790142776
CE_PAWNWEAKNESSES:0.49850840129747986
CE_PIECEACTIVITY:0.5381695889609284
CE_KINGPAWNSHIELD:0.5262690159145658
CE_PIECECOORDINATION:0.5217459096955426
CE_MATERIAL:0.4910446458436948
CE_KINGSAFETY:0.5
C_PIECESQUARETABLES:0.5
C_MOBILITY:0.48196802437300984
C_KINGSAFETY:0.5039218043173392
C_PAWNSTRUCTURE:0.42521132217351426
C_PIECECOORDINATION:0.5144646064723307
C_ROOK:0.44666101308172257
CE_ROOK:0.4961145288996337
C_CENTERCONTROL:0.4797198026492031
C_DEVELOPPIECES:0.48941347467981516
C_MATERIAL:0.5147389041070808
C_MOVECOUNT:0.46068566308501613
C_PAWNMOVEMENT:0.5013771790603186
