ELO:571
CE_PASSEDPAWNS:0.503458275715464
CE_PAWNWEAKNESSES:0.5114346294024902
CE_PIECEACTIVITY:0.45888465204098217
CE_KINGPAWNSHIELD:0.5498553508394872
CE_PIECECOORDINATION:0.5013973735955178
CE_MATERIAL:0.50798884563568
CE_KINGSAFETY:0.526915202861846
C_PIECESQUARETABLES:0.5998217241018747
C_MOBILITY:0.5505592851362237
C_KINGSAFETY:0.4208036877766268
C_PAWNSTRUCTURE:0.5355907835736223
C_PIECECOORDINATION:0.5933339995447352
C_ROOKANDPAWNMOVEMENT:0.5933339995447352
C_CENTERCONTROL:0.507576001495288
C_DEVELOPPIECES:0.5818339388067111
C_MATERIAL:0.5941063703748983
C_MOVECOUNT:0.5
