ELO:940
CE_PASSEDPAWNS:0.5006558219967112
CE_PAWNWEAKNESSES:0.4970941913996554
CE_PIECEACTIVITY:0.4782436191031329
CE_KINGPAWNSHIELD:0.5039483259334765
CE_PIECECOORDINATION:0.4879095280550419
CE_MATERIAL:0.47366924320854153
CE_KINGSAFETY:0.5118617051027042
C_PIECESQUARETABLES:0.4896621050955343
C_MOBILITY:0.5001680267787577
C_KINGSAFETY:0.49232089993863926
C_PAWNSTRUCTURE:0.5122609254441363
C_PIECECOORDINATION:0.5212795275552111
C_ROOKANDPAWNMOVEMENT:0.5212795275552111
C_CENTERCONTROL:0.492019924621992
C_DEVELOPPIECES:0.49497137268165176
C_MATERIAL:0.5418177387239601
C_MOVECOUNT:0.5
