ELO:897
CE_PASSEDPAWNS:0.4504843405808244
CE_PAWNWEAKNESSES:0.4519712760283157
CE_PIECEACTIVITY:0.5482217895524202
CE_KINGPAWNSHIELD:0.4611293061961735
CE_PIECECOORDINATION:0.6472594307386612
CE_MATERIAL:0.4697801823687458
CE_KINGSAFETY:0.5134297006524268
C_PIECESQUARETABLES:0.5334580267414732
C_MOBILITY:0.4365773317438242
C_KINGSAFETY:0.5923298906228833
C_PAWNSTRUCTURE:0.6099310727586913
C_PIECECOORDINATION:0.5687546602127433
C_ROOKANDPAWNMOVEMENT:0.5687546602127433
C_CENTERCONTROL:0.537694545413424
C_DEVELOPPIECES:0.5314826187429257
C_MATERIAL:0.6122853099830713
