ELO:957
CE_PASSEDPAWNS:0.4765182085857466
CE_PAWNWEAKNESSES:0.46306017100201025
CE_PIECEACTIVITY:0.48662168069492895
CE_KINGPAWNSHIELD:0.4235110478224095
CE_PIECECOORDINATION:0.5512973605970641
CE_MATERIAL:0.4225086428797485
CE_KINGSAFETY:0.4897322461592731
C_PIECESQUARETABLES:0.4998299784581016
C_MOBILITY:0.49073554884498094
C_KINGSAFETY:0.39821902374378865
C_PAWNSTRUCTURE:0.5780712455982049
C_PIECECOORDINATION:0.49745658173715845
C_ROOKANDPAWNMOVEMENT:0.49745658173715845
C_CENTERCONTROL:0.48407948680462454
C_DEVELOPPIECES:0.5170844824882349
C_MATERIAL:0.5493831782792324
