ELO:989
CE_PASSEDPAWNS:0.44840208682836824
CE_PAWNWEAKNESSES:0.4481786231662107
CE_PIECEACTIVITY:0.46554865753186814
CE_KINGPAWNSHIELD:0.46710075533269335
CE_PIECECOORDINATION:0.5247365807528634
CE_MATERIAL:0.43775974276905416
CE_KINGSAFETY:0.5187130122651118
C_PIECESQUARETABLES:0.5274338562225235
C_MOBILITY:0.5120719634014135
C_KINGSAFETY:0.4649734258400654
C_PAWNSTRUCTURE:0.5635870173563777
C_PIECECOORDINATION:0.5143367651375605
C_ROOKANDPAWNMOVEMENT:0.5143367651375605
C_CENTERCONTROL:0.48561328306947904
C_DEVELOPPIECES:0.5163836220194202
C_MATERIAL:0.4763967308972858
