ELO:653
CE_PASSEDPAWNS:0.485067651872775
CE_PAWNWEAKNESSES:0.46561688656207156
CE_PIECEACTIVITY:0.44667565406439047
CE_KINGPAWNSHIELD:0.5192053364564708
CE_PIECECOORDINATION:0.5090636605710724
CE_MATERIAL:0.4248572255448681
CE_KINGSAFETY:0.5120034177019479
C_PIECESQUARETABLES:0.5062413533095621
C_MOBILITY:0.5452401531018553
C_KINGSAFETY:0.4212310221300166
C_PAWNSTRUCTURE:0.5448330670153751
C_PIECECOORDINATION:0.6178158706369524
C_ROOKANDPAWNMOVEMENT:0.6178158706369524
C_CENTERCONTROL:0.4669307906849461
C_DEVELOPPIECES:0.5908781138323799
C_MATERIAL:0.6127533396666432
C_MOVECOUNT:0.5
