ELO:972
CE_PASSEDPAWNS:0.4861805198200146
CE_PAWNWEAKNESSES:0.4816784148721066
CE_PIECEACTIVITY:0.4811347351339352
CE_KINGPAWNSHIELD:0.48903805567944
CE_PIECECOORDINATION:0.49349400389914744
CE_MATERIAL:0.5094614464239815
CE_KINGSAFETY:0.5
C_PIECESQUARETABLES:0.5088244155964432
C_MOBILITY:0.4860231199259936
C_KINGSAFETY:0.48795029716226973
C_PAWNSTRUCTURE:0.505833655878456
C_PIECECOORDINATION:0.5079292957192624
C_ROOK:0.500973096187765
CE_ROOK:0.5082772007871603
C_CENTERCONTROL:0.5054231949912128
C_DEVELOPPIECES:0.5050514625316056
C_MATERIAL:0.5092803337679399
C_MOVECOUNT:0.4958815275038351
C_PAWNMOVEMENT:0.5051567363609486
