ELO:945
CE_PASSEDPAWNS:0.4869008926150555
CE_PAWNWEAKNESSES:0.4659885978796851
CE_PIECEACTIVITY:0.5183097102528534
CE_KINGPAWNSHIELD:0.4244875231074607
CE_PIECECOORDINATION:0.5348476854348869
CE_MATERIAL:0.4334639985980955
CE_KINGSAFETY:0.507836765179719
C_PIECESQUARETABLES:0.5190237295018862
C_MOBILITY:0.511931999394933
C_KINGSAFETY:0.44361343430736455
C_PAWNSTRUCTURE:0.6074265988925748
C_PIECECOORDINATION:0.4862879142001838
C_ROOKANDPAWNMOVEMENT:0.4862879142001838
C_CENTERCONTROL:0.4790397345620388
C_DEVELOPPIECES:0.5354353435806389
C_MATERIAL:0.5490005605452022
