ELO:1000
CE_PASSEDPAWNS:0.5015456923178888
CE_PAWNWEAKNESSES:0.5077551113216946
CE_PIECEACTIVITY:0.5110577013452599
CE_KINGPAWNSHIELD:0.47359203060678723
CE_PIECECOORDINATION:0.5111316553404965
CE_MATERIAL:0.49743496206804366
CE_KINGSAFETY:0.4556567598476957
C_PIECESQUARETABLES:0.46614369000309386
C_MOBILITY:0.5262710196544379
C_KINGSAFETY:0.5245132610320854
C_PAWNSTRUCTURE:0.5171931426265667
C_PIECECOORDINATION:0.493123835464648
C_ROOKANDPAWNMOVEMENT:0.493123835464648
C_CENTERCONTROL:0.5263890457691702
C_DEVELOPPIECES:0.5336808753240232
C_MATERIAL:0.43345778991361333
