ELO:967
CE_PASSEDPAWNS:0.5074974808929927
CE_PAWNWEAKNESSES:0.5010376711233228
CE_PIECEACTIVITY:0.49622826364358485
CE_KINGPAWNSHIELD:0.4965326484574025
CE_PIECECOORDINATION:0.4966076678858773
CE_MATERIAL:0.5029349382189506
CE_KINGSAFETY:0.498061741197207
C_PIECESQUARETABLES:0.5073315524584519
C_MOBILITY:0.504823827575738
C_KINGSAFETY:0.5012482005929559
C_PAWNSTRUCTURE:0.48678666760665307
C_PIECECOORDINATION:0.47795694962430957
C_ROOKANDPAWNMOVEMENT:0.47795694962430957
C_CENTERCONTROL:0.5
C_DEVELOPPIECES:0.4934578824777627
C_MATERIAL:0.5044242716469923
C_MOVECOUNT:0.5115573123678273
