ELO:706
CE_PASSEDPAWNS:0.4659711037046085
CE_PAWNWEAKNESSES:0.5221146875085528
CE_PIECEACTIVITY:0.4629661401352479
CE_KINGPAWNSHIELD:0.5411332321804119
CE_PIECECOORDINATION:0.46912114237150915
CE_MATERIAL:0.5016570254696199
CE_KINGSAFETY:0.4913017121616939
C_PIECESQUARETABLES:0.5621039026076908
C_MOBILITY:0.5610167170249738
C_KINGSAFETY:0.4409061360724268
C_PAWNSTRUCTURE:0.5427592894606924
C_PIECECOORDINATION:0.5763960281420989
C_ROOKANDPAWNMOVEMENT:0.5763960281420989
C_CENTERCONTROL:0.49868553059600856
C_DEVELOPPIECES:0.5931356522227492
C_MATERIAL:0.5979579695240209
C_MOVECOUNT:0.5
