ELO:1014
CE_PASSEDPAWNS:0.5088969170105517
CE_PAWNWEAKNESSES:0.4548509697315014
CE_PIECEACTIVITY:0.5183693221460055
CE_KINGPAWNSHIELD:0.4968018936044546
CE_PIECECOORDINATION:0.5248213707707016
CE_MATERIAL:0.5175743768444376
CE_KINGSAFETY:0.5
C_PIECESQUARETABLES:0.4927138311164868
C_MOBILITY:0.5363598017824671
C_KINGSAFETY:0.4911964989150819
C_PAWNSTRUCTURE:0.5197885429922712
C_PIECECOORDINATION:0.5212416632565356
C_ROOK:0.49506600001955076
CE_ROOK:0.49254834606368963
C_CENTERCONTROL:0.5006688284442861
C_DEVELOPPIECES:0.47770290067884724
C_MATERIAL:0.4514243754423362
C_MOVECOUNT:0.4936270663071781
C_PAWNMOVEMENT:0.49296620599782215
