ELO:867
CE_PASSEDPAWNS:0.44901587977611124
CE_PAWNWEAKNESSES:0.4564951037274446
CE_PIECEACTIVITY:0.5018518281966852
CE_KINGPAWNSHIELD:0.4212539691863422
CE_PIECECOORDINATION:0.5003934944155166
CE_MATERIAL:0.4613929802172824
CE_KINGSAFETY:0.4948054479015233
C_PIECESQUARETABLES:0.5226461771073977
C_MOBILITY:0.4964281928228207
C_KINGSAFETY:0.43481557830498496
C_PAWNSTRUCTURE:0.562221806174124
C_PIECECOORDINATION:0.45796180674237413
C_ROOKANDPAWNMOVEMENT:0.45796180674237413
C_CENTERCONTROL:0.5045216167509747
C_DEVELOPPIECES:0.4970747778108282
C_MATERIAL:0.5606147193530225
