ELO:922
CE_PASSEDPAWNS:0.5119731790142776
CE_PAWNWEAKNESSES:0.5066689340800348
CE_PIECEACTIVITY:0.5315347076043271
CE_KINGPAWNSHIELD:0.5306328438851368
CE_PIECECOORDINATION:0.5302581929277602
CE_MATERIAL:0.47996732287692045
CE_KINGSAFETY:0.4941717375176934
C_PIECESQUARETABLES:0.5042472427989068
C_MOBILITY:0.47808625306619906
C_KINGSAFETY:0.5019728481066398
C_PAWNSTRUCTURE:0.42521132217351426
C_PIECECOORDINATION:0.5063533170145885
C_ROOK:0.4530915942969825
CE_ROOK:0.4882247870925563
C_CENTERCONTROL:0.4797198026492031
C_DEVELOPPIECES:0.49394571713428487
C_MATERIAL:0.502320110400575
C_MOVECOUNT:0.44657888322546635
C_PAWNMOVEMENT:0.5159433449728024
