ELO:822
CE_PASSEDPAWNS:0.4990224639954408
CE_PAWNWEAKNESSES:0.4950997769442816
CE_PIECEACTIVITY:0.45327747976749105
CE_KINGPAWNSHIELD:0.4336139046405821
CE_PIECECOORDINATION:0.45657422601309505
CE_MATERIAL:0.4794023022812229
CE_KINGSAFETY:0.5357803908708959
C_PIECESQUARETABLES:0.4697356722329224
C_MOBILITY:0.5034797996173718
C_KINGSAFETY:0.4465785642485849
C_PAWNSTRUCTURE:0.5077394481396581
C_PIECECOORDINATION:0.5270874948883304
C_ROOKANDPAWNMOVEMENT:0.5270874948883304
C_CENTERCONTROL:0.44189793094019314
C_DEVELOPPIECES:0.5179912418610633
C_MATERIAL:0.46553989837854054
C_MOVECOUNT:0.529594141449119
