ELO:866
CE_PASSEDPAWNS:0.46649267370548136
CE_PAWNWEAKNESSES:0.483416128527622
CE_PIECEACTIVITY:0.46033380753495345
CE_KINGPAWNSHIELD:0.5271505655297439
CE_PIECECOORDINATION:0.4615701404272729
CE_MATERIAL:0.5073088926377993
CE_KINGSAFETY:0.47553462091399146
C_PIECESQUARETABLES:0.541043616304669
C_MOBILITY:0.5384684842718004
C_KINGSAFETY:0.44690343761397283
C_PAWNSTRUCTURE:0.5539653387190674
C_PIECECOORDINATION:0.5778279543943413
C_ROOKANDPAWNMOVEMENT:0.5778279543943413
C_CENTERCONTROL:0.5166637389493411
C_DEVELOPPIECES:0.5909776279968735
C_MATERIAL:0.5937749252833737
C_MOVECOUNT:0.5
