ELO:947
CE_PASSEDPAWNS:0.47081117534493394
CE_PAWNWEAKNESSES:0.45937386030608696
CE_PIECEACTIVITY:0.5234234180406956
CE_KINGPAWNSHIELD:0.5157757315845886
CE_PIECECOORDINATION:0.5740240136881805
CE_MATERIAL:0.4796175485163221
CE_KINGSAFETY:0.5266934292968923
C_PIECESQUARETABLES:0.496788599291488
C_MOBILITY:0.5047845209790354
C_KINGSAFETY:0.5399232002725864
C_PAWNSTRUCTURE:0.560690745239342
C_PIECECOORDINATION:0.5688703331840795
C_ROOKANDPAWNMOVEMENT:0.5688703331840795
C_CENTERCONTROL:0.5414756442023742
C_DEVELOPPIECES:0.5320012593363125
C_MATERIAL:0.5753366015545056
