ELO:982
CE_PASSEDPAWNS:0.48767211077538636
CE_PAWNWEAKNESSES:0.49143825178099454
CE_PIECEACTIVITY:0.48999600148933475
CE_KINGPAWNSHIELD:0.4897322505344623
CE_PIECECOORDINATION:0.5111215874751991
CE_MATERIAL:0.49457368439475946
CE_KINGSAFETY:0.4875334369451149
C_PIECESQUARETABLES:0.5020622902075382
C_MOBILITY:0.5146295087188995
C_KINGSAFETY:0.49663114874057135
C_PAWNSTRUCTURE:0.4730100617324401
C_PIECECOORDINATION:0.49937996683810765
C_ROOKANDPAWNMOVEMENT:0.49937996683810765
C_CENTERCONTROL:0.49910626788728885
C_DEVELOPPIECES:0.5117793020363985
C_MATERIAL:0.49961835823962397
