ELO:997
CE_PASSEDPAWNS:0.4802693314339901
CE_PAWNWEAKNESSES:0.49809700418871705
CE_PIECEACTIVITY:0.504510115066179
CE_KINGPAWNSHIELD:0.5111111744679261
CE_PIECECOORDINATION:0.5121132621658366
CE_MATERIAL:0.46966994947153773
CE_KINGSAFETY:0.43316382984503815
C_PIECESQUARETABLES:0.4508523947620348
C_MOBILITY:0.5631841175080311
C_KINGSAFETY:0.5175508254032353
C_PAWNSTRUCTURE:0.5400501221369222
C_PIECECOORDINATION:0.4947588752283566
C_ROOKANDPAWNMOVEMENT:0.4947588752283566
C_CENTERCONTROL:0.5502415074047999
C_DEVELOPPIECES:0.5602993070703316
C_MATERIAL:0.40203086707997515
