ELO:1012
CE_PASSEDPAWNS:0.502084068098397
CE_PAWNWEAKNESSES:0.4667635243552678
CE_PIECEACTIVITY:0.5056006503907997
CE_KINGPAWNSHIELD:0.5219700440521761
CE_PIECECOORDINATION:0.5070761107935201
CE_MATERIAL:0.48456296873556276
CE_KINGSAFETY:0.5
C_PIECESQUARETABLES:0.5
C_MOBILITY:0.5237362192776429
C_KINGSAFETY:0.4742725708445184
C_PAWNSTRUCTURE:0.4845083883126488
C_PIECECOORDINATION:0.5255018015609779
C_ROOK:0.49472019800963773
CE_ROOK:0.49568208707785216
C_CENTERCONTROL:0.5244306497552258
C_DEVELOPPIECES:0.5003002338953689
C_MATERIAL:0.49943679874632624
C_MOVECOUNT:0.5002259207637875
C_PAWNMOVEMENT:0.4952701644980272
