ELO:1000
CE_PASSEDPAWNS:0.5046403828074366
CE_PAWNWEAKNESSES:0.5125404539454472
CE_PIECEACTIVITY:0.5083094605641413
CE_KINGPAWNSHIELD:0.4684826807555038
CE_PIECECOORDINATION:0.5175766936285516
CE_MATERIAL:0.4803850611316621
CE_KINGSAFETY:0.45266753508387697
C_PIECESQUARETABLES:0.4644656247898707
C_MOBILITY:0.49721084285041567
C_KINGSAFETY:0.5179017977685674
C_PAWNSTRUCTURE:0.5222596234273208
C_PIECECOORDINATION:0.4896793329120132
C_ROOKANDPAWNMOVEMENT:0.4896793329120132
C_CENTERCONTROL:0.5164927360182899
C_DEVELOPPIECES:0.5225139166895828
C_MATERIAL:0.44439031412362023
