ELO:989
CE_PASSEDPAWNS:0.47175029381060885
CE_PAWNWEAKNESSES:0.4933040237673169
CE_PIECEACTIVITY:0.47313423392848025
CE_KINGPAWNSHIELD:0.4883167541313926
CE_PIECECOORDINATION:0.49846243615380725
CE_MATERIAL:0.5068242793581376
CE_KINGSAFETY:0.521286385451255
C_PIECESQUARETABLES:0.5015659547319096
C_MOBILITY:0.5404651193130765
C_KINGSAFETY:0.5308880872073778
C_PAWNSTRUCTURE:0.5793237717625764
C_PIECECOORDINATION:0.5109604851563643
C_ROOKANDPAWNMOVEMENT:0.5109604851563643
C_CENTERCONTROL:0.5073856743529545
C_DEVELOPPIECES:0.5119153716185715
C_MATERIAL:0.4894487376195495
