ELO:798
CE_PASSEDPAWNS:0.5681402294889204
CE_PAWNWEAKNESSES:0.4206977160042811
CE_PIECEACTIVITY:0.4958943050455762
CE_KINGPAWNSHIELD:0.5298350564921285
CE_PIECECOORDINATION:0.4749250279994694
CE_MATERIAL:0.47218324056440353
CE_KINGSAFETY:0.5078470987629613
C_PIECESQUARETABLES:0.5
C_MOBILITY:0.5305857311251502
C_KINGSAFETY:0.5422430255330107
C_PAWNSTRUCTURE:0.5444353262276924
C_PIECECOORDINATION:0.4425336531290724
C_ROOKANDPAWNMOVEMENT:0.4425336531290724
C_CENTERCONTROL:0.5342142704823442
C_DEVELOPPIECES:0.5462911585227689
C_MATERIAL:0.527087161042795
C_MOVECOUNT:0.5
