ELO:984
CE_PASSEDPAWNS:0.48566990318407943
CE_PAWNWEAKNESSES:0.5312437395430197
CE_PIECEACTIVITY:0.5045053311907693
CE_KINGPAWNSHIELD:0.4766775457615803
CE_PIECECOORDINATION:0.5104356900299273
CE_MATERIAL:0.5094433747216556
CE_KINGSAFETY:0.4848612637533685
C_PIECESQUARETABLES:0.49007065811634637
C_MOBILITY:0.5327896987777524
C_KINGSAFETY:0.5361659735263459
C_PAWNSTRUCTURE:0.5648844122340315
C_PIECECOORDINATION:0.48264246959391555
C_ROOKANDPAWNMOVEMENT:0.48264246959391555
C_CENTERCONTROL:0.5273105318852237
C_DEVELOPPIECES:0.49553282713135893
C_MATERIAL:0.48992009629707944
