ELO:546
CE_PASSEDPAWNS:0.47196494465811195
CE_PAWNWEAKNESSES:0.43605673603714673
CE_PIECEACTIVITY:0.4367556160243218
CE_KINGPAWNSHIELD:0.5078609436462879
CE_PIECECOORDINATION:0.5328644986030566
CE_MATERIAL:0.3789475706930749
CE_KINGSAFETY:0.487002827375285
C_PIECESQUARETABLES:0.4979765966814842
C_MOBILITY:0.5477256356622586
C_KINGSAFETY:0.40161182904764486
C_PAWNSTRUCTURE:0.5044853591906997
C_PIECECOORDINATION:0.6091673159150446
C_ROOKANDPAWNMOVEMENT:0.6091673159150446
C_CENTERCONTROL:0.4896143340185605
C_DEVELOPPIECES:0.5476367935603554
C_MATERIAL:0.5766378454281786
C_MOVECOUNT:0.5
