ELO:1013
CE_PASSEDPAWNS:0.5397307120125815
CE_PAWNWEAKNESSES:0.48396006495068156
CE_PIECEACTIVITY:0.49870795245963095
CE_KINGPAWNSHIELD:0.4672993635636586
CE_PIECECOORDINATION:0.5062112530777765
CE_MATERIAL:0.4857179863277638
CE_KINGSAFETY:0.5
C_PIECESQUARETABLES:0.5
C_MOBILITY:0.516052410613401
C_KINGSAFETY:0.5026953700830916
C_PAWNSTRUCTURE:0.5025755205481844
C_PIECECOORDINATION:0.5040139785423347
C_ROOK:0.4784710806988522
CE_ROOK:0.503452879469723
C_CENTERCONTROL:0.49657171591730037
C_DEVELOPPIECES:0.47782947764943645
C_MATERIAL:0.4794041785110094
C_MOVECOUNT:0.5066957442885371
C_PAWNMOVEMENT:0.4722314036394964
