ELO:986
CE_PASSEDPAWNS:0.4800608033989699
CE_PAWNWEAKNESSES:0.5312437395430197
CE_PIECEACTIVITY:0.5045053311907693
CE_KINGPAWNSHIELD:0.4766775457615803
CE_PIECECOORDINATION:0.5104356900299273
CE_MATERIAL:0.5094433747216556
CE_KINGSAFETY:0.4904306457422256
C_PIECESQUARETABLES:0.5011665346344365
C_MOBILITY:0.5522335846074282
C_KINGSAFETY:0.5373657926891976
C_PAWNSTRUCTURE:0.5634261869279916
C_PIECECOORDINATION:0.4902527110844011
C_ROOKANDPAWNMOVEMENT:0.4902527110844011
C_CENTERCONTROL:0.5273105318852237
C_DEVELOPPIECES:0.49553282713135893
C_MATERIAL:0.47342150036154174
