ELO:970
CE_PASSEDPAWNS:0.5055308298108852
CE_PAWNWEAKNESSES:0.4967705660784614
CE_PIECEACTIVITY:0.470102383869818
CE_KINGPAWNSHIELD:0.45772683579558193
CE_PIECECOORDINATION:0.506944159410383
CE_MATERIAL:0.533732465446487
CE_KINGSAFETY:0.5
C_PIECESQUARETABLES:0.5
C_MOBILITY:0.45824781231478373
C_KINGSAFETY:0.5004555565090908
C_PAWNSTRUCTURE:0.4961047197428318
C_PIECECOORDINATION:0.5377894460590339
C_ROOK:0.4928036586473775
CE_ROOK:0.5230223998808768
C_CENTERCONTROL:0.5207811102654952
C_DEVELOPPIECES:0.48941347467981516
C_MATERIAL:0.47777226664513406
C_MOVECOUNT:0.48036926726146156
C_PAWNMOVEMENT:0.5124955770113537
