ELO:989
CE_PASSEDPAWNS:0.4712476278828487
CE_PAWNWEAKNESSES:0.4735371130620334
CE_PIECEACTIVITY:0.487943641979528
CE_KINGPAWNSHIELD:0.4833179086670692
CE_PIECECOORDINATION:0.49656886270700246
CE_MATERIAL:0.49072955494205034
CE_KINGSAFETY:0.5299890681411954
C_PIECESQUARETABLES:0.5070189856255836
C_MOBILITY:0.5232275076666306
C_KINGSAFETY:0.5114939889286314
C_PAWNSTRUCTURE:0.5654435863845461
C_PIECECOORDINATION:0.5080420110099143
C_ROOKANDPAWNMOVEMENT:0.5080420110099143
C_CENTERCONTROL:0.4847547538248015
C_DEVELOPPIECES:0.5196858178658159
C_MATERIAL:0.5007978003270417
