ELO:1078
CE_PASSEDPAWNS:0.4703652947116139
CE_PAWNWEAKNESSES:0.5358794097901963
CE_PIECEACTIVITY:0.4623934947935223
CE_KINGPAWNSHIELD:0.46648183589456793
CE_PIECECOORDINATION:0.47828237638323
CE_MATERIAL:0.3969847329879903
CE_KINGSAFETY:0.4972080749149381
C_PIECESQUARETABLES:0.5044686927995212
C_MOBILITY:0.5388582530384866
C_KINGSAFETY:0.6563996450034278
C_PAWNSTRUCTURE:0.4039671616892158
C_PIECECOORDINATION:0.4829997402120774
C_ROOKANDPAWNMOVEMENT:0.4829997402120774
C_CENTERCONTROL:0.4971758326519334
C_DEVELOPPIECES:0.5743009860582959
C_MATERIAL:0.3957263381227287
