ELO:848
CE_PASSEDPAWNS:0.5601485418452864
CE_PAWNWEAKNESSES:0.5224884081061612
CE_PIECEACTIVITY:0.44892588023952573
CE_KINGPAWNSHIELD:0.5210241323532289
CE_PIECECOORDINATION:0.4226197978493867
CE_MATERIAL:0.5114288212440982
CE_KINGSAFETY:0.5025517173418143
C_PIECESQUARETABLES:0.43975104800924875
C_MOBILITY:0.5084305262765985
C_KINGSAFETY:0.4842432694189863
C_PAWNSTRUCTURE:0.5605583792642747
C_PIECECOORDINATION:0.534116053619621
C_ROOKANDPAWNMOVEMENT:0.534116053619621
C_CENTERCONTROL:0.5100428120749315
C_DEVELOPPIECES:0.48286100955365324
C_MATERIAL:0.49403244533999285
C_MOVECOUNT:0.47994287275446396
