ELO:1008
CE_PASSEDPAWNS:0.5031823881733641
CE_PAWNWEAKNESSES:0.49772604215155575
CE_PIECEACTIVITY:0.504521870700283
CE_KINGPAWNSHIELD:0.49653832496358796
CE_PIECECOORDINATION:0.5
CE_MATERIAL:0.5098210234423614
CE_KINGSAFETY:0.5001047119745802
C_PIECESQUARETABLES:0.5
C_MOBILITY:0.5057291922368697
C_KINGSAFETY:0.5092340014360733
C_PAWNSTRUCTURE:0.504381197102392
C_PIECECOORDINATION:0.4945405242782942
C_ROOKANDPAWNMOVEMENT:0.4945405242782942
C_CENTERCONTROL:0.5
C_DEVELOPPIECES:0.5004642399856675
C_MATERIAL:0.4994979356877226
