ELO:1017
CE_PASSEDPAWNS:0.4876117957669888
CE_PAWNWEAKNESSES:0.5096396441468295
CE_PIECEACTIVITY:0.505381718558542
CE_KINGPAWNSHIELD:0.5085199667099795
CE_PIECECOORDINATION:0.5010710934939399
CE_MATERIAL:0.492613220108753
CE_KINGSAFETY:0.501103305233142
C_PIECESQUARETABLES:0.4976420231069016
C_MOBILITY:0.5
C_KINGSAFETY:0.4847704287345095
C_PAWNSTRUCTURE:0.5
C_PIECECOORDINATION:0.5085162485868641
C_ROOKANDPAWNMOVEMENT:0.5085162485868641
C_CENTERCONTROL:0.49097159330173923
C_DEVELOPPIECES:0.4920295214786384
C_MATERIAL:0.49051316602773365
C_MOVECOUNT:0.5
