ELO:1009
CE_PASSEDPAWNS:0.47754825818368263
CE_PAWNWEAKNESSES:0.5705290598338641
CE_PIECEACTIVITY:0.47393326251687135
CE_KINGPAWNSHIELD:0.4938857757411199
CE_PIECECOORDINATION:0.5100738661105287
CE_MATERIAL:0.506889042875146
CE_KINGSAFETY:0.482697515856637
C_PIECESQUARETABLES:0.5257227770709613
C_MOBILITY:0.5555187924451408
C_KINGSAFETY:0.41182478453711174
C_PAWNSTRUCTURE:0.5683609746719668
C_PIECECOORDINATION:0.60189198956338
C_ROOKANDPAWNMOVEMENT:0.60189198956338
C_CENTERCONTROL:0.4675194066307188
C_DEVELOPPIECES:0.47717963577941847
C_MATERIAL:0.525837563535867
