ELO:661
CE_PASSEDPAWNS:0.43539075832630947
CE_PAWNWEAKNESSES:0.49337144605212035
CE_PIECEACTIVITY:0.4167095588358639
CE_KINGPAWNSHIELD:0.414365359745302
CE_PIECECOORDINATION:0.5204187970677807
CE_MATERIAL:0.5416445542347844
CE_KINGSAFETY:0.5523575822349187
C_PIECESQUARETABLES:0.4789050096510132
C_MOBILITY:0.5488849163607121
C_KINGSAFETY:0.4637830672407355
C_PAWNSTRUCTURE:0.531413070088474
C_PIECECOORDINATION:0.41015889758658447
C_ROOKANDPAWNMOVEMENT:0.41015889758658447
C_CENTERCONTROL:0.5309516756259168
C_DEVELOPPIECES:0.5580448753615872
C_MATERIAL:0.4787691063396976
C_MOVECOUNT:0.5
