ELO:941
CE_PASSEDPAWNS:0.49006488626561745
CE_PAWNWEAKNESSES:0.5027046852403068
CE_PIECEACTIVITY:0.48023987922473055
CE_KINGPAWNSHIELD:0.512275064932068
CE_PIECECOORDINATION:0.4789706736396349
CE_MATERIAL:0.4887157009083188
CE_KINGSAFETY:0.5249614601320945
C_PIECESQUARETABLES:0.5182529494668219
C_MOBILITY:0.48811332363048077
C_KINGSAFETY:0.5212907831135891
C_PAWNSTRUCTURE:0.4913734861788671
C_PIECECOORDINATION:0.4929756400891335
C_ROOK:0.49353872952369815
CE_ROOK:0.5607603078554705
C_CENTERCONTROL:0.467606497969817
C_DEVELOPPIECES:0.531917485591687
C_MATERIAL:0.503653799174748
C_MOVECOUNT:0.43555818246555783
C_PAWNMOVEMENT:0.490318340409858
