ELO:861
CE_PASSEDPAWNS:0.5322830341377744
CE_PAWNWEAKNESSES:0.5403605862497937
CE_PIECEACTIVITY:0.49011330924286384
CE_KINGPAWNSHIELD:0.501547454064235
CE_PIECECOORDINATION:0.48815935944655847
CE_MATERIAL:0.4697485319229738
CE_KINGSAFETY:0.5129894228092864
C_PIECESQUARETABLES:0.4968343229223829
C_MOBILITY:0.5442513308157192
C_KINGSAFETY:0.48152170509118375
C_PAWNSTRUCTURE:0.511380583359223
C_PIECECOORDINATION:0.5514195727827435
C_ROOKANDPAWNMOVEMENT:0.5514195727827435
C_CENTERCONTROL:0.5089204836508099
C_DEVELOPPIECES:0.5001705012496122
C_MATERIAL:0.45447831843962067
C_MOVECOUNT:0.4978731107216196
