ELO:889
CE_PASSEDPAWNS:0.5334417076344032
CE_PAWNWEAKNESSES:0.5253342853435564
CE_PIECEACTIVITY:0.49011330924286384
CE_KINGPAWNSHIELD:0.5035562347340392
CE_PIECECOORDINATION:0.47506620246632963
CE_MATERIAL:0.48883045967305433
CE_KINGSAFETY:0.5014498439773895
C_PIECESQUARETABLES:0.49228703013081765
C_MOBILITY:0.5414167602223833
C_KINGSAFETY:0.4770073106546526
C_PAWNSTRUCTURE:0.5222970295956936
C_PIECECOORDINATION:0.5370775505211652
C_ROOKANDPAWNMOVEMENT:0.5370775505211652
C_CENTERCONTROL:0.5230578097736136
C_DEVELOPPIECES:0.5064869706980579
C_MATERIAL:0.4260803185856546
C_MOVECOUNT:0.5021811099212965
