ELO:985
CE_PASSEDPAWNS:0.4991966692422236
CE_PAWNWEAKNESSES:0.5739215857124688
CE_PIECEACTIVITY:0.5113622085772849
CE_KINGPAWNSHIELD:0.5291930483845436
CE_PIECECOORDINATION:0.4887485173629448
CE_MATERIAL:0.5206027117538874
CE_KINGSAFETY:0.5412405638896148
C_PIECESQUARETABLES:0.5149568705484334
C_MOBILITY:0.5318133533448561
C_KINGSAFETY:0.4756778440149087
C_PAWNSTRUCTURE:0.5719006813175882
C_PIECECOORDINATION:0.47607031274880507
C_ROOKANDPAWNMOVEMENT:0.47607031274880507
C_CENTERCONTROL:0.5487459403922461
C_DEVELOPPIECES:0.512064749475737
C_MATERIAL:0.5322953878973042
