ELO:945
CE_PASSEDPAWNS:0.49771549567456647
CE_PAWNWEAKNESSES:0.5145110277188
CE_PIECEACTIVITY:0.5043806981182876
CE_KINGPAWNSHIELD:0.5192999386500363
CE_PIECECOORDINATION:0.48227387571744507
CE_MATERIAL:0.4942240096763087
CE_KINGSAFETY:0.5009009554781623
C_PIECESQUARETABLES:0.5321088740873987
C_MOBILITY:0.48911641112126975
C_KINGSAFETY:0.478287169345752
C_PAWNSTRUCTURE:0.4773603008721807
C_PIECECOORDINATION:0.5073624797242642
C_ROOKANDPAWNMOVEMENT:0.5073624797242642
C_CENTERCONTROL:0.5152452739471688
C_DEVELOPPIECES:0.48823160223186557
C_MATERIAL:0.5215552822082646
