ELO:1000
CE_PASSEDPAWNS:0.5099116263638501
CE_PAWNWEAKNESSES:0.46955991535846386
CE_PIECEACTIVITY:0.5070455080384878
CE_KINGPAWNSHIELD:0.45699430159802656
CE_PIECECOORDINATION:0.5558850837331257
CE_MATERIAL:0.5167366017144807
CE_KINGSAFETY:0.4658036799390982
C_PIECESQUARETABLES:0.5023891869793303
C_MOBILITY:0.5028947464305985
C_KINGSAFETY:0.5351633383708054
C_PAWNSTRUCTURE:0.48826685503394546
C_PIECECOORDINATION:0.4855987267526141
C_ROOKANDPAWNMOVEMENT:0.4855987267526141
C_CENTERCONTROL:0.5190229943868601
C_DEVELOPPIECES:0.518139345658988
C_MATERIAL:0.49918492992266456
