ELO:982
CE_PASSEDPAWNS:0.5047249370807788
CE_PAWNWEAKNESSES:0.5054763422617826
CE_PIECEACTIVITY:0.4883989880976735
CE_KINGPAWNSHIELD:0.4946969340253723
CE_PIECECOORDINATION:0.49966396347337516
CE_MATERIAL:0.49922862381291566
CE_KINGSAFETY:0.5
C_PIECESQUARETABLES:0.49951685575861676
C_MOBILITY:0.49485504807611647
C_KINGSAFETY:0.5063977371155277
C_PAWNSTRUCTURE:0.466638682665687
C_PIECECOORDINATION:0.49268781957878366
C_ROOKANDPAWNMOVEMENT:0.49268781957878366
C_CENTERCONTROL:0.5030770270286871
C_DEVELOPPIECES:0.5080370056142792
C_MATERIAL:0.5151672526236579
C_MOVECOUNT:0.49364222544782266
