ELO:1004
CE_PASSEDPAWNS:0.49331177612988425
CE_PAWNWEAKNESSES:0.5
CE_PIECEACTIVITY:0.5044174749568535
CE_KINGPAWNSHIELD:0.4957168634120367
CE_PIECECOORDINATION:0.48310781353413534
CE_MATERIAL:0.48363313678708764
CE_KINGSAFETY:0.49400275112879255
C_PIECESQUARETABLES:0.4897057012272879
C_MOBILITY:0.5
C_KINGSAFETY:0.4908230944421883
C_PAWNSTRUCTURE:0.504381197102392
C_PIECECOORDINATION:0.4945405242782942
C_ROOKANDPAWNMOVEMENT:0.4945405242782942
C_CENTERCONTROL:0.49860319929742153
C_DEVELOPPIECES:0.5004642399856675
C_MATERIAL:0.5
