ELO:959
CE_PASSEDPAWNS:0.5141824035981518
CE_PAWNWEAKNESSES:0.4984264421873889
CE_PIECEACTIVITY:0.483748234620791
CE_KINGPAWNSHIELD:0.5079312717460828
CE_PIECECOORDINATION:0.4718399460806708
CE_MATERIAL:0.48569886021527486
CE_KINGSAFETY:0.511052944706259
C_PIECESQUARETABLES:0.5
C_MOBILITY:0.4907852954907173
C_KINGSAFETY:0.49415764020957
C_PAWNSTRUCTURE:0.4855327486040048
C_PIECECOORDINATION:0.4958537434448967
C_ROOK:0.49251729488622636
CE_ROOK:0.49412761121658977
C_CENTERCONTROL:0.5441925639734524
C_DEVELOPPIECES:0.5055907201129023
C_MATERIAL:0.48504791978032497
C_MOVECOUNT:0.49543026209606006
C_PAWNMOVEMENT:0.5050157472197757
