ELO:870
CE_PASSEDPAWNS:0.5502549354116472
CE_PAWNWEAKNESSES:0.536576472638041
CE_PIECEACTIVITY:0.45929833388684316
CE_KINGPAWNSHIELD:0.5164399648123056
CE_PIECECOORDINATION:0.45151563474045825
CE_MATERIAL:0.4916747517476405
CE_KINGSAFETY:0.5062050085523033
C_PIECESQUARETABLES:0.4484283613729659
C_MOBILITY:0.5464933967353314
C_KINGSAFETY:0.5062326643313753
C_PAWNSTRUCTURE:0.5349288592164254
C_PIECECOORDINATION:0.5628132249955119
C_ROOKANDPAWNMOVEMENT:0.5628132249955119
C_CENTERCONTROL:0.5011418869986416
C_DEVELOPPIECES:0.46312032602191916
C_MATERIAL:0.45377989770058436
C_MOVECOUNT:0.48953953580986015
