ELO:997
CE_PASSEDPAWNS:0.4983212120273855
CE_PAWNWEAKNESSES:0.5054763422617826
CE_PIECEACTIVITY:0.5110273299206138
CE_KINGPAWNSHIELD:0.4946969340253723
CE_PIECECOORDINATION:0.49399732550973774
CE_MATERIAL:0.48900059058204454
CE_KINGSAFETY:0.5
C_PIECESQUARETABLES:0.5086741044034748
C_MOBILITY:0.49485504807611647
C_KINGSAFETY:0.4788859375065967
C_PAWNSTRUCTURE:0.5154854087301891
C_PIECECOORDINATION:0.49268781957878366
C_ROOKANDPAWNMOVEMENT:0.49268781957878366
C_CENTERCONTROL:0.5030770270286871
C_DEVELOPPIECES:0.5074575042820395
C_MATERIAL:0.5063954680960786
C_MOVECOUNT:0.48355595916096816
