ELO:990
CE_PASSEDPAWNS:0.5222677096838282
CE_PAWNWEAKNESSES:0.4974663646033221
CE_PIECEACTIVITY:0.49599819320624305
CE_KINGPAWNSHIELD:0.5
CE_PIECECOORDINATION:0.4642593673205769
CE_MATERIAL:0.5041352770126531
CE_KINGSAFETY:0.48126928970430627
C_PIECESQUARETABLES:0.49660735105320497
C_MOBILITY:0.49610646266116937
C_KINGSAFETY:0.5
C_PAWNSTRUCTURE:0.5025493034270093
C_PIECECOORDINATION:0.49002091961228317
C_ROOKANDPAWNMOVEMENT:0.49002091961228317
C_CENTERCONTROL:0.5054877737911664
C_DEVELOPPIECES:0.4898419365166461
C_MATERIAL:0.4952601721988103
C_MOVECOUNT:0.5
