ELO:945
CE_PASSEDPAWNS:0.5457329793038683
CE_PAWNWEAKNESSES:0.5382671400107838
CE_PIECEACTIVITY:0.4242467551914211
CE_KINGPAWNSHIELD:0.5115102554173097
CE_PIECECOORDINATION:0.4875266628249916
CE_MATERIAL:0.5421705651468476
CE_KINGSAFETY:0.5
C_PIECESQUARETABLES:0.5
C_MOBILITY:0.46060216544013427
C_KINGSAFETY:0.44079707471318985
C_PAWNSTRUCTURE:0.4597413610778496
C_PIECECOORDINATION:0.541017175078816
C_ROOKANDPAWNMOVEMENT:0.541017175078816
C_CENTERCONTROL:0.4541109919688242
C_DEVELOPPIECES:0.4527294286727505
C_MATERIAL:0.6480765086317845
