ELO:972
CE_PASSEDPAWNS:0.5400354084023881
CE_PAWNWEAKNESSES:0.5703638536772471
CE_PIECEACTIVITY:0.5042604211262846
CE_KINGPAWNSHIELD:0.5150097967869424
CE_PIECECOORDINATION:0.47320830524184176
CE_MATERIAL:0.5190822960769688
CE_KINGSAFETY:0.5
C_PIECESQUARETABLES:0.5
C_MOBILITY:0.4743399291075317
C_KINGSAFETY:0.47947548555739966
C_PAWNSTRUCTURE:0.48523530375623375
C_PIECECOORDINATION:0.4950878502951131
C_ROOK:0.48784031982417664
CE_ROOK:0.4811255299024671
C_CENTERCONTROL:0.4817235628821183
C_DEVELOPPIECES:0.5071833646752711
C_MATERIAL:0.5153037507723806
C_MOVECOUNT:0.5249074339988392
C_PAWNMOVEMENT:0.5417727544038327
