ELO:870
CE_PASSEDPAWNS:0.5151111017933314
CE_PAWNWEAKNESSES:0.42847767927516184
CE_PIECEACTIVITY:0.43906765569851913
CE_KINGPAWNSHIELD:0.47641186973186983
CE_PIECECOORDINATION:0.4745820756752678
CE_MATERIAL:0.5474710460317428
CE_KINGSAFETY:0.5031475266882336
C_PIECESQUARETABLES:0.5249392147882765
C_MOBILITY:0.5658310692587778
C_KINGSAFETY:0.43817895929013856
C_PAWNSTRUCTURE:0.5130847190200278
C_PIECECOORDINATION:0.4720751787996165
C_ROOKANDPAWNMOVEMENT:0.4720751787996165
C_CENTERCONTROL:0.46790443462448394
C_DEVELOPPIECES:0.5368662525622523
C_MATERIAL:0.46418704117641124
C_MOVECOUNT:0.5
