ELO:1018
CE_PASSEDPAWNS:0.4970459968334017
CE_PAWNWEAKNESSES:0.5099802467136956
CE_PIECEACTIVITY:0.51219038230325
CE_KINGPAWNSHIELD:0.49223428907054056
CE_PIECECOORDINATION:0.5
CE_MATERIAL:0.49075345115362506
CE_KINGSAFETY:0.5
C_PIECESQUARETABLES:0.503666026139378
C_MOBILITY:0.5
C_KINGSAFETY:0.5
C_PAWNSTRUCTURE:0.503453716743894
C_PIECECOORDINATION:0.5018413085545026
C_ROOKANDPAWNMOVEMENT:0.5018413085545026
C_CENTERCONTROL:0.5
C_DEVELOPPIECES:0.5
C_MATERIAL:0.5012735726545392
C_MOVECOUNT:0.49966394712909595
