ELO:997
CE_PASSEDPAWNS:0.5004297297495277
CE_PAWNWEAKNESSES:0.4983775082405653
CE_PIECEACTIVITY:0.4892622587797301
CE_KINGPAWNSHIELD:0.49707824888735647
CE_PIECECOORDINATION:0.49773959467657725
CE_MATERIAL:0.5056790337599542
CE_KINGSAFETY:0.5
C_PIECESQUARETABLES:0.5
C_MOBILITY:0.4844818642196375
C_KINGSAFETY:0.5009927159567928
C_PAWNSTRUCTURE:0.5031424420292118
C_PIECECOORDINATION:0.4611291929328923
C_ROOKANDPAWNMOVEMENT:0.4611291929328923
C_CENTERCONTROL:0.49916523472212304
C_DEVELOPPIECES:0.5268503603301838
C_MATERIAL:0.4862129948691289
C_MOVECOUNT:0.5
