ELO:943
CE_PASSEDPAWNS:0.5050925673239958
CE_PAWNWEAKNESSES:0.5109877931442991
CE_PIECEACTIVITY:0.4768039286762056
CE_KINGPAWNSHIELD:0.5389794644241712
CE_PIECECOORDINATION:0.4882087803967574
CE_MATERIAL:0.4704545816650768
CE_KINGSAFETY:0.5
C_PIECESQUARETABLES:0.5
C_MOBILITY:0.498785727170734
C_KINGSAFETY:0.5028526757652118
C_PAWNSTRUCTURE:0.49678242942877454
C_PIECECOORDINATION:0.5144431002085558
C_ROOK:0.4733795646150669
CE_ROOK:0.490606311228433
C_CENTERCONTROL:0.5546807510966901
C_DEVELOPPIECES:0.52736444872814
C_MATERIAL:0.49575834367491745
C_MOVECOUNT:0.49783665792789744
C_PAWNMOVEMENT:0.5052884703672463
