ELO:843
CE_PASSEDPAWNS:0.5125889519693523
CE_PAWNWEAKNESSES:0.4185853012802069
CE_PIECEACTIVITY:0.4504735827648085
CE_KINGPAWNSHIELD:0.46312741790845663
CE_PIECECOORDINATION:0.4981664999575511
CE_MATERIAL:0.5391230302785255
CE_KINGSAFETY:0.5078410128522708
C_PIECESQUARETABLES:0.5166358705857641
C_MOBILITY:0.5310054897573149
C_KINGSAFETY:0.4597895684092821
C_PAWNSTRUCTURE:0.5162441095795235
C_PIECECOORDINATION:0.4762071602518081
C_ROOKANDPAWNMOVEMENT:0.4762071602518081
C_CENTERCONTROL:0.4795635486596008
C_DEVELOPPIECES:0.5519857480686793
C_MATERIAL:0.44926502111173505
C_MOVECOUNT:0.5
