ELO:970
CE_PASSEDPAWNS:0.4523933462500358
CE_PAWNWEAKNESSES:0.5168724791306415
CE_PIECEACTIVITY:0.4637136175798319
CE_KINGPAWNSHIELD:0.46584406180711024
CE_PIECECOORDINATION:0.5448233692215585
CE_MATERIAL:0.5658712579872645
CE_KINGSAFETY:0.4882370460009921
C_PIECESQUARETABLES:0.5108832794831544
C_MOBILITY:0.451737565795684
C_KINGSAFETY:0.638405014743387
C_PAWNSTRUCTURE:0.4654290670690074
C_PIECECOORDINATION:0.5137744226632763
C_ROOKANDPAWNMOVEMENT:0.5137744226632763
C_CENTERCONTROL:0.5056469382063831
C_DEVELOPPIECES:0.5455926410376485
C_MATERIAL:0.565326233055812
