ELO:989
CE_PASSEDPAWNS:0.5221958933872289
CE_PAWNWEAKNESSES:0.5578705338418952
CE_PIECEACTIVITY:0.4803646560308026
CE_KINGPAWNSHIELD:0.5051170990934447
CE_PIECECOORDINATION:0.4927480614244614
CE_MATERIAL:0.5206027117538874
CE_KINGSAFETY:0.5247962333389901
C_PIECESQUARETABLES:0.5194411350673835
C_MOBILITY:0.5280088203375868
C_KINGSAFETY:0.46781807600968606
C_PAWNSTRUCTURE:0.5662745327894587
C_PIECECOORDINATION:0.488302475201427
C_ROOKANDPAWNMOVEMENT:0.488302475201427
C_CENTERCONTROL:0.5547862562785318
C_DEVELOPPIECES:0.5075920222159129
C_MATERIAL:0.5234647047896014
