ELO:962
CE_PASSEDPAWNS:0.4970996761792055
CE_PAWNWEAKNESSES:0.4990979138645402
CE_PIECEACTIVITY:0.4475981491321576
CE_KINGPAWNSHIELD:0.4474858675629567
CE_PIECECOORDINATION:0.5678887547564043
CE_MATERIAL:0.5167119717892883
CE_KINGSAFETY:0.4932803471288274
C_PIECESQUARETABLES:0.4824081502472667
C_MOBILITY:0.46965940510191156
C_KINGSAFETY:0.627428760870998
C_PAWNSTRUCTURE:0.46338043720304817
C_PIECECOORDINATION:0.5312612447265079
C_ROOKANDPAWNMOVEMENT:0.5312612447265079
C_CENTERCONTROL:0.5471530758819273
C_DEVELOPPIECES:0.5292992891522499
C_MATERIAL:0.5327065098560185
