ELO:984
CE_PASSEDPAWNS:0.4901116972879796
CE_PAWNWEAKNESSES:0.5564934207387289
CE_PIECEACTIVITY:0.5307708784712039
CE_KINGPAWNSHIELD:0.5357934599338042
CE_PIECECOORDINATION:0.48270876815143426
CE_MATERIAL:0.5229314939744523
CE_KINGSAFETY:0.5
C_PIECESQUARETABLES:0.5190606835420074
C_MOBILITY:0.5233859041209055
C_KINGSAFETY:0.47135979638176895
C_PAWNSTRUCTURE:0.5851317523375654
C_PIECECOORDINATION:0.4707354678454044
C_ROOKANDPAWNMOVEMENT:0.4707354678454044
C_CENTERCONTROL:0.5430477138500183
C_DEVELOPPIECES:0.5121302211679922
C_MATERIAL:0.5322953878973042
