ELO:967
CE_PASSEDPAWNS:0.5172798331935649
CE_PAWNWEAKNESSES:0.5092531938238221
CE_PIECEACTIVITY:0.4388906544273507
CE_KINGPAWNSHIELD:0.4438890139306758
CE_PIECECOORDINATION:0.5678764874418764
CE_MATERIAL:0.5122982106523144
CE_KINGSAFETY:0.4989298841339966
C_PIECESQUARETABLES:0.4979912613802654
C_MOBILITY:0.4814538488911677
C_KINGSAFETY:0.6191424078820664
C_PAWNSTRUCTURE:0.48477314384565556
C_PIECECOORDINATION:0.5322881521369062
C_ROOKANDPAWNMOVEMENT:0.5322881521369062
C_CENTERCONTROL:0.5376641227277063
C_DEVELOPPIECES:0.5357457094541624
C_MATERIAL:0.5392457008078599
