ELO:939
CE_PASSEDPAWNS:0.4872403048898301
CE_PAWNWEAKNESSES:0.5462211778715722
CE_PIECEACTIVITY:0.5496987182716058
CE_KINGPAWNSHIELD:0.5798578382495392
CE_PIECECOORDINATION:0.5196927517336123
CE_MATERIAL:0.5428906317271459
CE_KINGSAFETY:0.5177470285298593
C_PIECESQUARETABLES:0.47574172550549093
C_MOBILITY:0.47455917872897735
C_KINGSAFETY:0.49081623241193784
C_PAWNSTRUCTURE:0.5535012511525201
C_PIECECOORDINATION:0.44445104336139485
C_ROOKANDPAWNMOVEMENT:0.44445104336139485
C_CENTERCONTROL:0.5546492602692655
C_DEVELOPPIECES:0.4527553390309445
C_MATERIAL:0.5360354039541703
