ELO:1000
CE_PASSEDPAWNS:0.5066308747233585
CE_PAWNWEAKNESSES:0.46214726713856097
CE_PIECEACTIVITY:0.5030932809421009
CE_KINGPAWNSHIELD:0.48415433441691275
CE_PIECECOORDINATION:0.5343784896134225
CE_MATERIAL:0.5075120317459624
CE_KINGSAFETY:0.47594071337846877
C_PIECESQUARETABLES:0.5061615855783651
C_MOBILITY:0.5023292420758302
C_KINGSAFETY:0.49250629906852483
C_PAWNSTRUCTURE:0.4902311763431563
C_PIECECOORDINATION:0.490881038457395
C_ROOKANDPAWNMOVEMENT:0.490881038457395
C_CENTERCONTROL:0.4971783215236057
C_DEVELOPPIECES:0.5121882798895802
C_MATERIAL:0.5074830921929095
