ELO:902
CE_PASSEDPAWNS:0.527056232237747
CE_PAWNWEAKNESSES:0.5332411494824755
CE_PIECEACTIVITY:0.5018170366995077
CE_KINGPAWNSHIELD:0.4575128212065253
CE_PIECECOORDINATION:0.5965238140529774
CE_MATERIAL:0.5810015720310718
CE_KINGSAFETY:0.5200846571258695
C_PIECESQUARETABLES:0.5252594309502152
C_MOBILITY:0.42797371302949694
C_KINGSAFETY:0.6591862428287947
C_PAWNSTRUCTURE:0.46962336150067413
C_PIECECOORDINATION:0.542826446128546
C_ROOKANDPAWNMOVEMENT:0.542826446128546
C_CENTERCONTROL:0.46505335450264895
C_DEVELOPPIECES:0.5208148152609584
C_MATERIAL:0.5249971554129322
