ELO:950
CE_PASSEDPAWNS:0.527452854026214
CE_PAWNWEAKNESSES:0.5290640598263983
CE_PIECEACTIVITY:0.4147390905094068
CE_KINGPAWNSHIELD:0.46908221175919484
CE_PIECECOORDINATION:0.5723255599972713
CE_MATERIAL:0.5256590693728211
CE_KINGSAFETY:0.5059091107592729
C_PIECESQUARETABLES:0.5286965651288035
C_MOBILITY:0.47834090327954565
C_KINGSAFETY:0.6221459047051326
C_PAWNSTRUCTURE:0.48720646112648286
C_PIECECOORDINATION:0.561079793479027
C_ROOKANDPAWNMOVEMENT:0.561079793479027
C_CENTERCONTROL:0.5289948262019549
C_DEVELOPPIECES:0.5482495896137878
C_MATERIAL:0.5626790611368564
