ELO:999
CE_PASSEDPAWNS:0.5
CE_PAWNWEAKNESSES:0.5024632820007167
CE_PIECEACTIVITY:0.5
CE_KINGPAWNSHIELD:0.5
CE_PIECECOORDINATION:0.5
CE_MATERIAL:0.511741808631399
CE_KINGSAFETY:0.4973567839505046
C_PIECESQUARETABLES:0.49619082201666836
C_MOBILITY:0.4882147111040439
C_KINGSAFETY:0.5
C_PAWNSTRUCTURE:0.5046060509289062
C_PIECECOORDINATION:0.49695976289627314
C_ROOKANDPAWNMOVEMENT:0.49695976289627314
C_CENTERCONTROL:0.5
C_DEVELOPPIECES:0.48991111675954907
C_MATERIAL:0.5
C_MOVECOUNT:0.5
