ELO:1037
CE_PASSEDPAWNS:0.5052163013032882
CE_PAWNWEAKNESSES:0.5027385135268067
CE_PIECEACTIVITY:0.5142255443378864
CE_KINGPAWNSHIELD:0.49517906382531923
CE_PIECECOORDINATION:0.5
CE_MATERIAL:0.4960874898207118
CE_KINGSAFETY:0.5
C_PIECESQUARETABLES:0.5103123762074554
C_MOBILITY:0.48942202528533246
C_KINGSAFETY:0.503908759147926
C_PAWNSTRUCTURE:0.5117475600685122
C_PIECECOORDINATION:0.4997096028541514
C_ROOKANDPAWNMOVEMENT:0.4997096028541514
C_CENTERCONTROL:0.5
C_DEVELOPPIECES:0.5003530988400229
C_MATERIAL:0.453303995754495
C_MOVECOUNT:0.5
