ELO:861
CE_PASSEDPAWNS:0.48446329809357114
CE_PAWNWEAKNESSES:0.48699847019554166
CE_PIECEACTIVITY:0.4802392249321998
CE_KINGPAWNSHIELD:0.4959086269139244
CE_PIECECOORDINATION:0.5021650445834911
CE_MATERIAL:0.5159770029908894
CE_KINGSAFETY:0.5111437447832193
C_PIECESQUARETABLES:0.4975252061560705
C_MOBILITY:0.4988480349452606
C_KINGSAFETY:0.4471042023926859
C_PAWNSTRUCTURE:0.5394076295062671
C_PIECECOORDINATION:0.4619327076891577
C_ROOKANDPAWNMOVEMENT:0.4619327076891577
C_CENTERCONTROL:0.5023294864356439
C_DEVELOPPIECES:0.5049341547226961
C_MATERIAL:0.4819488368278037
C_MOVECOUNT:0.5
