ELO:999
CE_PASSEDPAWNS:0.4983212120273855
CE_PAWNWEAKNESSES:0.5054763422617826
CE_PIECEACTIVITY:0.4961010596293432
CE_KINGPAWNSHIELD:0.4946969340253723
CE_PIECECOORDINATION:0.5042950635344491
CE_MATERIAL:0.499056403661274
CE_KINGSAFETY:0.5059790207666686
C_PIECESQUARETABLES:0.4923841592944318
C_MOBILITY:0.49332692915105025
C_KINGSAFETY:0.48721173399287454
C_PAWNSTRUCTURE:0.5154854087301891
C_PIECECOORDINATION:0.49268781957878366
C_ROOKANDPAWNMOVEMENT:0.49268781957878366
C_CENTERCONTROL:0.5030770270286871
C_DEVELOPPIECES:0.5074575042820395
C_MATERIAL:0.5041532253905664
C_MOVECOUNT:0.501130832463312
