ELO:885
CE_PASSEDPAWNS:0.5323590699415434
CE_PAWNWEAKNESSES:0.44961525525272095
CE_PIECEACTIVITY:0.5014822048152404
CE_KINGPAWNSHIELD:0.4991604996456684
CE_PIECECOORDINATION:0.46786073608624273
CE_MATERIAL:0.5066257809624877
CE_KINGSAFETY:0.5219810657454729
C_PIECESQUARETABLES:0.5112176547110141
C_MOBILITY:0.4625754818276461
C_KINGSAFETY:0.4339205496625309
C_PAWNSTRUCTURE:0.4974221385883525
C_PIECECOORDINATION:0.5168412724536661
C_ROOK:0.5033616464719399
CE_ROOK:0.4581902306933705
C_CENTERCONTROL:0.5013153903792659
C_DEVELOPPIECES:0.546691815568401
C_MATERIAL:0.4713522283083994
C_MOVECOUNT:0.5282946482609462
C_PAWNMOVEMENT:0.5156271627874108
