ELO:1006
CE_PASSEDPAWNS:0.5195068471139676
CE_PAWNWEAKNESSES:0.5574640101999111
CE_PIECEACTIVITY:0.5035434846075846
CE_KINGPAWNSHIELD:0.5043899048391122
CE_PIECECOORDINATION:0.4609401333648244
CE_MATERIAL:0.5414718391629241
CE_KINGSAFETY:0.5070705536334879
C_PIECESQUARETABLES:0.5
C_MOBILITY:0.4634792278561945
C_KINGSAFETY:0.5086404944375752
C_PAWNSTRUCTURE:0.4647196974430145
C_PIECECOORDINATION:0.5190110135683522
C_ROOKANDPAWNMOVEMENT:0.5190110135683522
C_CENTERCONTROL:0.49853312443889547
C_DEVELOPPIECES:0.5316923737760194
C_MATERIAL:0.5657852566081639
