ELO:1005
CE_PASSEDPAWNS:0.512418612835448
CE_PAWNWEAKNESSES:0.5572747137943289
CE_PIECEACTIVITY:0.4907849530509585
CE_KINGPAWNSHIELD:0.4880428320955095
CE_PIECECOORDINATION:0.47819818173719353
CE_MATERIAL:0.5098346611954917
CE_KINGSAFETY:0.49088237012975944
C_PIECESQUARETABLES:0.5112717569525072
C_MOBILITY:0.47342781135908746
C_KINGSAFETY:0.5161561879435329
C_PAWNSTRUCTURE:0.4787872075781722
C_PIECECOORDINATION:0.5220142652404807
C_ROOKANDPAWNMOVEMENT:0.5220142652404807
C_CENTERCONTROL:0.5172031747552516
C_DEVELOPPIECES:0.49308156542061105
C_MATERIAL:0.5374282923586139
