ELO:970
CE_PASSEDPAWNS:0.5306698458296583
CE_PAWNWEAKNESSES:0.5056121183366649
CE_PIECEACTIVITY:0.4964202756724581
CE_KINGPAWNSHIELD:0.5388085713977733
CE_PIECECOORDINATION:0.4947746225382965
CE_MATERIAL:0.497940618529774
CE_KINGSAFETY:0.5083923002857089
C_PIECESQUARETABLES:0.49187005188462884
C_MOBILITY:0.5001131200511896
C_KINGSAFETY:0.5168215146311326
C_PAWNSTRUCTURE:0.5093134734611626
C_PIECECOORDINATION:0.5072787510027456
C_ROOKANDPAWNMOVEMENT:0.5072787510027456
C_CENTERCONTROL:0.49415601365436024
C_DEVELOPPIECES:0.5
C_MATERIAL:0.5046670993782884
C_MOVECOUNT:0.5
