ELO:1000
CE_PASSEDPAWNS:0.5264637956227057
CE_PAWNWEAKNESSES:0.4978132182645961
CE_PIECEACTIVITY:0.5094754630461914
CE_KINGPAWNSHIELD:0.4582687752859257
CE_PIECECOORDINATION:0.47676037289871526
CE_MATERIAL:0.5281361530513696
CE_KINGSAFETY:0.5
C_PIECESQUARETABLES:0.5
C_MOBILITY:0.48304270912711983
C_KINGSAFETY:0.4829765390323104
C_PAWNSTRUCTURE:0.44585358612794723
C_PIECECOORDINATION:0.5552686276852862
C_ROOKANDPAWNMOVEMENT:0.5552686276852862
C_CENTERCONTROL:0.45758325351952855
C_DEVELOPPIECES:0.5294091586103483
C_MATERIAL:0.5362036612147637
