ELO:939
CE_PASSEDPAWNS:0.5134319792536609
CE_PAWNWEAKNESSES:0.4815959634804079
CE_PIECEACTIVITY:0.5136267793122444
CE_KINGPAWNSHIELD:0.5160067771752318
CE_PIECECOORDINATION:0.4797909161771054
CE_MATERIAL:0.4943339990234694
CE_KINGSAFETY:0.5
C_PIECESQUARETABLES:0.5
C_MOBILITY:0.45307555034769503
C_KINGSAFETY:0.4501391342338605
C_PAWNSTRUCTURE:0.5062552552648217
C_PIECECOORDINATION:0.5202592591857625
C_ROOK:0.4825382852711978
CE_ROOK:0.507329569830293
C_CENTERCONTROL:0.5191415144951392
C_DEVELOPPIECES:0.5116122466471337
C_MATERIAL:0.48233238158729397
C_MOVECOUNT:0.5132475135053747
C_PAWNMOVEMENT:0.5044032574312818
