ELO:969
CE_PASSEDPAWNS:0.5052969332376468
CE_PAWNWEAKNESSES:0.4991847084607974
CE_PIECEACTIVITY:0.5213904344077503
CE_KINGPAWNSHIELD:0.4982486779110258
CE_PIECECOORDINATION:0.4999969951646425
CE_MATERIAL:0.49797971099738064
CE_KINGSAFETY:0.49329252960764924
C_PIECESQUARETABLES:0.49553576636201707
C_MOBILITY:0.48853725377975843
C_KINGSAFETY:0.5039296588782004
C_PAWNSTRUCTURE:0.5071074479331368
C_PIECECOORDINATION:0.4761403685971908
C_ROOKANDPAWNMOVEMENT:0.4761403685971908
C_CENTERCONTROL:0.46824588563617175
C_DEVELOPPIECES:0.48172914211947926
C_MATERIAL:0.5113556693381505
C_MOVECOUNT:0.5021684398678571
