ELO:992
CE_PASSEDPAWNS:0.5618636346870454
CE_PAWNWEAKNESSES:0.502882924296471
CE_PIECEACTIVITY:0.5289889606059625
CE_KINGPAWNSHIELD:0.4568864773888569
CE_PIECECOORDINATION:0.4416982351444435
CE_MATERIAL:0.48314062103834793
CE_KINGSAFETY:0.5145159952125128
C_PIECESQUARETABLES:0.5012120895121405
C_MOBILITY:0.49678678186741115
C_KINGSAFETY:0.4684183266072634
C_PAWNSTRUCTURE:0.44460908278080746
C_PIECECOORDINATION:0.5217359153149509
C_ROOKANDPAWNMOVEMENT:0.5217359153149509
C_CENTERCONTROL:0.42798625166496884
C_DEVELOPPIECES:0.5021116685544968
C_MATERIAL:0.5329866245827415
