ELO:1029
CE_PASSEDPAWNS:0.5037488250336655
CE_PAWNWEAKNESSES:0.5620636688953994
CE_PIECEACTIVITY:0.5016997839177308
CE_KINGPAWNSHIELD:0.5140230853967597
CE_PIECECOORDINATION:0.47048163740438875
CE_MATERIAL:0.5190724026112056
CE_KINGSAFETY:0.5
C_PIECESQUARETABLES:0.5
C_MOBILITY:0.4622511062963756
C_KINGSAFETY:0.5115986757880164
C_PAWNSTRUCTURE:0.4647196974430145
C_PIECECOORDINATION:0.5134908470957497
C_ROOKANDPAWNMOVEMENT:0.5134908470957497
C_CENTERCONTROL:0.5047639250299508
C_DEVELOPPIECES:0.5202025798329827
C_MATERIAL:0.5575008453230977
