ELO:974
CE_PASSEDPAWNS:0.48928014119418894
CE_PAWNWEAKNESSES:0.436106372196819
CE_PIECEACTIVITY:0.5383372877812073
CE_KINGPAWNSHIELD:0.4593213987530438
CE_PIECECOORDINATION:0.5022967333235083
CE_MATERIAL:0.4953164416967403
CE_KINGSAFETY:0.5
C_PIECESQUARETABLES:0.5001942815445402
C_MOBILITY:0.4800013087429634
C_KINGSAFETY:0.5243048870125062
C_PAWNSTRUCTURE:0.49192081151943157
C_PIECECOORDINATION:0.4918440919668022
C_ROOKANDPAWNMOVEMENT:0.4918440919668022
C_CENTERCONTROL:0.6051999654039842
C_DEVELOPPIECES:0.4979742138955642
C_MATERIAL:0.47706298309550915
C_MOVECOUNT:0.5
