ELO:971
CE_PASSEDPAWNS:0.5116733603374065
CE_PAWNWEAKNESSES:0.5252090726960338
CE_PIECEACTIVITY:0.5101137377208007
CE_KINGPAWNSHIELD:0.5202545753672853
CE_PIECECOORDINATION:0.5105313083305251
CE_MATERIAL:0.4789934079512251
CE_KINGSAFETY:0.4847418096463188
C_PIECESQUARETABLES:0.5084369221004266
C_MOBILITY:0.4891430795413923
C_KINGSAFETY:0.4712727542760994
C_PAWNSTRUCTURE:0.5075585978811924
C_PIECECOORDINATION:0.49426276888232384
C_ROOK:0.48362762362369294
CE_ROOK:0.541080207181727
C_CENTERCONTROL:0.5195773308246074
C_DEVELOPPIECES:0.4948898459024021
C_MATERIAL:0.5165554661077053
C_MOVECOUNT:0.4903882387184858
C_PAWNMOVEMENT:0.4809167390948997
