ELO:914
CE_PASSEDPAWNS:0.5595599616735483
CE_PAWNWEAKNESSES:0.5054310643808122
CE_PIECEACTIVITY:0.4817012452577603
CE_KINGPAWNSHIELD:0.5032501674447754
CE_PIECECOORDINATION:0.5175467991727227
CE_MATERIAL:0.5001427400729767
CE_KINGSAFETY:0.5029907198431944
C_PIECESQUARETABLES:0.5493155258160116
C_MOBILITY:0.5155648872230452
C_KINGSAFETY:0.4628699530313704
C_PAWNSTRUCTURE:0.5305290556651399
C_PIECECOORDINATION:0.4481694269841331
C_ROOKANDPAWNMOVEMENT:0.4481694269841331
C_CENTERCONTROL:0.4626915072366623
C_DEVELOPPIECES:0.49953380171619377
C_MATERIAL:0.5665549251374276
C_MOVECOUNT:0.5
