ELO:975
CE_PASSEDPAWNS:0.5
CE_PAWNWEAKNESSES:0.5
CE_PIECEACTIVITY:0.5
CE_KINGPAWNSHIELD:0.5
CE_PIECECOORDINATION:0.5
CE_MATERIAL:0.5
CE_KINGSAFETY:0.5169057371674758
C_PIECESQUARETABLES:0.5062022405979517
C_MOBILITY:0.4995429997079734
C_KINGSAFETY:0.5
C_PAWNSTRUCTURE:0.48626528795558277
C_PIECECOORDINATION:0.4989157901009965
C_ROOKANDPAWNMOVEMENT:0.4989157901009965
C_CENTERCONTROL:0.5
C_DEVELOPPIECES:0.5
C_MATERIAL:0.49883324120442657
C_MOVECOUNT:0.5
