ELO:928
CE_PASSEDPAWNS:0.5365005530348923
CE_PAWNWEAKNESSES:0.4504455611112284
CE_PIECEACTIVITY:0.5036055371650136
CE_KINGPAWNSHIELD:0.5326867447504595
CE_PIECECOORDINATION:0.49097621381790346
CE_MATERIAL:0.5036682543125244
CE_KINGSAFETY:0.49964082545532285
C_PIECESQUARETABLES:0.49375568006121257
C_MOBILITY:0.45370197775965
C_KINGSAFETY:0.4318190781812945
C_PAWNSTRUCTURE:0.5052318722447147
C_PIECECOORDINATION:0.5267390891072508
C_ROOK:0.4963232617272385
CE_ROOK:0.48379558111432547
C_CENTERCONTROL:0.5002171863905419
C_DEVELOPPIECES:0.5463580052553114
C_MATERIAL:0.4677516466950994
C_MOVECOUNT:0.5077958597461871
C_PAWNMOVEMENT:0.509013955091351
