ELO:964
CE_PASSEDPAWNS:0.4728399566917063
CE_PAWNWEAKNESSES:0.39252326647094454
CE_PIECEACTIVITY:0.5020782346576764
CE_KINGPAWNSHIELD:0.48763995419959344
CE_PIECECOORDINATION:0.5366726763582887
CE_MATERIAL:0.5869589164506076
CE_KINGSAFETY:0.5
C_PIECESQUARETABLES:0.4896529946008297
C_MOBILITY:0.5266919790260806
C_KINGSAFETY:0.5652496783831623
C_PAWNSTRUCTURE:0.5088857976053173
C_PIECECOORDINATION:0.48463903992808166
C_ROOKANDPAWNMOVEMENT:0.48463903992808166
C_CENTERCONTROL:0.5992163001778463
C_DEVELOPPIECES:0.43685562506617803
C_MATERIAL:0.49831507192468644
C_MOVECOUNT:0.5
