ELO:906
CE_PASSEDPAWNS:0.5196525846725255
CE_PAWNWEAKNESSES:0.5307087285590151
CE_PIECEACTIVITY:0.4947027482933451
CE_KINGPAWNSHIELD:0.5116236092077977
CE_PIECECOORDINATION:0.5401920642288036
CE_MATERIAL:0.5161414870186686
CE_KINGSAFETY:0.4832737800088426
C_PIECESQUARETABLES:0.5094699716092513
C_MOBILITY:0.49252657651074777
C_KINGSAFETY:0.48484634958020123
C_PAWNSTRUCTURE:0.4573898222446651
C_PIECECOORDINATION:0.4768414276909178
C_ROOKANDPAWNMOVEMENT:0.4768414276909178
C_CENTERCONTROL:0.5365073730116324
C_DEVELOPPIECES:0.4988543353508879
C_MATERIAL:0.47542685573120336
C_MOVECOUNT:0.4706340348205501
