ELO:988
CE_PASSEDPAWNS:0.502680698361497
CE_PAWNWEAKNESSES:0.5864284309223813
CE_PIECEACTIVITY:0.47470474258835804
CE_KINGPAWNSHIELD:0.5442477412192923
CE_PIECECOORDINATION:0.47249479436339775
CE_MATERIAL:0.5167328026472168
CE_KINGSAFETY:0.5878106488017911
C_PIECESQUARETABLES:0.47368405067472563
C_MOBILITY:0.47798835175613763
C_KINGSAFETY:0.5168708272270286
C_PAWNSTRUCTURE:0.4361428473812122
C_PIECECOORDINATION:0.5194009533649164
C_ROOKANDPAWNMOVEMENT:0.5194009533649164
C_CENTERCONTROL:0.4911853093471064
C_DEVELOPPIECES:0.5189436782120906
C_MATERIAL:0.5250208068451052
