ELO:922
CE_PASSEDPAWNS:0.5537895853313428
CE_PAWNWEAKNESSES:0.5090581750492201
CE_PIECEACTIVITY:0.4842020398376964
CE_KINGPAWNSHIELD:0.5248123121597402
CE_PIECECOORDINATION:0.495189173991429
CE_MATERIAL:0.4859127438106049
CE_KINGSAFETY:0.49689280158601074
C_PIECESQUARETABLES:0.4982686017079119
C_MOBILITY:0.5215212496940811
C_KINGSAFETY:0.5074895684836433
C_PAWNSTRUCTURE:0.5110039874660665
C_PIECECOORDINATION:0.49138629028258823
C_ROOKANDPAWNMOVEMENT:0.49138629028258823
C_CENTERCONTROL:0.49804719262951197
C_DEVELOPPIECES:0.5148155593178919
C_MATERIAL:0.5499991270430801
C_MOVECOUNT:0.5
