ELO:1100
CE_PASSEDPAWNS:0.6133504678686631
CE_PAWNWEAKNESSES:0.44241637957802865
CE_PIECEACTIVITY:0.48193590940067177
CE_KINGPAWNSHIELD:0.4879497795473811
CE_PIECECOORDINATION:0.5449900128502336
CE_MATERIAL:0.5002778604942923
CE_KINGSAFETY:0.5053590920052259
C_PIECESQUARETABLES:0.49199705271267014
C_MOBILITY:0.45842056014971144
C_KINGSAFETY:0.654068281950416
C_PAWNSTRUCTURE:0.4378083786208223
C_PIECECOORDINATION:0.48430233874975176
C_ROOKANDPAWNMOVEMENT:0.48430233874975176
C_CENTERCONTROL:0.44523530505209846
C_DEVELOPPIECES:0.49416084300673385
C_MATERIAL:0.41131207091778055
