ELO:923
CE_PASSEDPAWNS:0.5436250207386597
CE_PAWNWEAKNESSES:0.5955606332849822
CE_PIECEACTIVITY:0.48991430209936115
CE_KINGPAWNSHIELD:0.46840411887637934
CE_PIECECOORDINATION:0.4474691135170348
CE_MATERIAL:0.5170640568110272
CE_KINGSAFETY:0.47865680253002896
C_PIECESQUARETABLES:0.4801984054791506
C_MOBILITY:0.48415632109131645
C_KINGSAFETY:0.5450718820960715
C_PAWNSTRUCTURE:0.3735848028538492
C_PIECECOORDINATION:0.5181784474258734
C_ROOKANDPAWNMOVEMENT:0.5181784474258734
C_CENTERCONTROL:0.5324512373014436
C_DEVELOPPIECES:0.4580526118224322
C_MATERIAL:0.51012835031884
