ELO:984
CE_PASSEDPAWNS:0.5230718370494996
CE_PAWNWEAKNESSES:0.5316746911924487
CE_PIECEACTIVITY:0.5171203212703279
CE_KINGPAWNSHIELD:0.5232984420528543
CE_PIECECOORDINATION:0.5244619258590283
CE_MATERIAL:0.47924107681583267
CE_KINGSAFETY:0.5084460973625037
C_PIECESQUARETABLES:0.5032406753308959
C_MOBILITY:0.4858164390784654
C_KINGSAFETY:0.4485558412311326
C_PAWNSTRUCTURE:0.5139190083078994
C_PIECECOORDINATION:0.48149893100913777
C_ROOK:0.4808677804034545
CE_ROOK:0.539885046149856
C_CENTERCONTROL:0.5003922719660694
C_DEVELOPPIECES:0.4818921929479445
C_MATERIAL:0.5101340570259162
C_MOVECOUNT:0.49851660241957546
C_PAWNMOVEMENT:0.4898770183305598
