ELO:949
CE_PASSEDPAWNS:0.4788257225287033
CE_PAWNWEAKNESSES:0.5126735242258782
CE_PIECEACTIVITY:0.474373789979975
CE_KINGPAWNSHIELD:0.44731962251588964
CE_PIECECOORDINATION:0.49618406244291363
CE_MATERIAL:0.38739194389264997
CE_KINGSAFETY:0.5
C_PIECESQUARETABLES:0.5
C_MOBILITY:0.49611453511893305
C_KINGSAFETY:0.5607039907621327
C_PAWNSTRUCTURE:0.4374273136453984
C_PIECECOORDINATION:0.5032244432643942
C_ROOKANDPAWNMOVEMENT:0.5032244432643942
C_CENTERCONTROL:0.44106787365781297
C_DEVELOPPIECES:0.5
C_MATERIAL:0.5
C_MOVECOUNT:0.5
