ELO:948
CE_PASSEDPAWNS:0.5134319792536609
CE_PAWNWEAKNESSES:0.4576082903602311
CE_PIECEACTIVITY:0.5036055371650136
CE_KINGPAWNSHIELD:0.5277724565669291
CE_PIECECOORDINATION:0.4797909161771054
CE_MATERIAL:0.504622102805126
CE_KINGSAFETY:0.49351794879588445
C_PIECESQUARETABLES:0.5015599595791119
C_MOBILITY:0.45370197775965
C_KINGSAFETY:0.4424550382157327
C_PAWNSTRUCTURE:0.5102159922214249
C_PIECECOORDINATION:0.5202592591857625
C_ROOK:0.4806098888932684
CE_ROOK:0.5014261822673789
C_CENTERCONTROL:0.5191415144951392
C_DEVELOPPIECES:0.5222243874576111
C_MATERIAL:0.4768696464528693
C_MOVECOUNT:0.5132475135053747
C_PAWNMOVEMENT:0.5075030805601058
