ELO:997
CE_PASSEDPAWNS:0.53931652712642
CE_PAWNWEAKNESSES:0.508317338307557
CE_PIECEACTIVITY:0.5094754630461914
CE_KINGPAWNSHIELD:0.4676941797165161
CE_PIECECOORDINATION:0.47676037289871526
CE_MATERIAL:0.5223010284678339
CE_KINGSAFETY:0.5025443461624691
C_PIECESQUARETABLES:0.5
C_MOBILITY:0.4774206905672712
C_KINGSAFETY:0.4845152204078003
C_PAWNSTRUCTURE:0.4373316865269902
C_PIECECOORDINATION:0.5653130996821935
C_ROOKANDPAWNMOVEMENT:0.5653130996821935
C_CENTERCONTROL:0.4673067306830594
C_DEVELOPPIECES:0.5208025005416539
C_MATERIAL:0.5390771451453651
