ELO:1000
CE_PASSEDPAWNS:0.5
CE_PAWNWEAKNESSES:0.5213248588408521
CE_PIECEACTIVITY:0.5099793677429615
CE_KINGPAWNSHIELD:0.49708023776378135
CE_PIECECOORDINATION:0.49971883754635127
CE_MATERIAL:0.5103943725269099
CE_KINGSAFETY:0.5257958319040404
C_PIECESQUARETABLES:0.5
C_MOBILITY:0.5116850940833331
C_KINGSAFETY:0.4889948933833984
C_PAWNSTRUCTURE:0.5004762631934533
C_PIECECOORDINATION:0.48892857798566847
C_ROOKANDPAWNMOVEMENT:0.48892857798566847
C_CENTERCONTROL:0.49336695957676063
C_DEVELOPPIECES:0.5068887878224078
C_MATERIAL:0.4994494376561756
