ELO:1000
CE_PASSEDPAWNS:0.5232677663159397
CE_PAWNWEAKNESSES:0.48932627252759353
CE_PIECEACTIVITY:0.5302734148036228
CE_KINGPAWNSHIELD:0.48941675407216007
CE_PIECECOORDINATION:0.49420958376595847
CE_MATERIAL:0.48907148154624036
CE_KINGSAFETY:0.4905809325223007
C_PIECESQUARETABLES:0.48961627330880075
C_MOBILITY:0.4944167328845714
C_KINGSAFETY:0.5250168238776507
C_PAWNSTRUCTURE:0.4852225341972832
C_PIECECOORDINATION:0.5281805375560499
C_ROOKANDPAWNMOVEMENT:0.5281805375560499
C_CENTERCONTROL:0.4924296212161585
C_DEVELOPPIECES:0.49454924585732607
C_MATERIAL:0.5175888043376324
