ELO:984
CE_PASSEDPAWNS:0.5163164916620115
CE_PAWNWEAKNESSES:0.5241394279484209
CE_PIECEACTIVITY:0.5171203212703279
CE_KINGPAWNSHIELD:0.5232984420528543
CE_PIECECOORDINATION:0.4750720970065543
CE_MATERIAL:0.47924107681583267
CE_KINGSAFETY:0.5
C_PIECESQUARETABLES:0.5
C_MOBILITY:0.4858164390784654
C_KINGSAFETY:0.4485558412311326
C_PAWNSTRUCTURE:0.5253869326282147
C_PIECECOORDINATION:0.48149893100913777
C_ROOK:0.4808677804034545
CE_ROOK:0.539885046149856
C_CENTERCONTROL:0.5138045620322148
C_DEVELOPPIECES:0.4818921929479445
C_MATERIAL:0.5101340570259162
C_MOVECOUNT:0.4887906035104639
C_PAWNMOVEMENT:0.4898770183305598
