ELO:935
CE_PASSEDPAWNS:0.5122589347094844
CE_PAWNWEAKNESSES:0.4722727782812835
CE_PIECEACTIVITY:0.5088608617544699
CE_KINGPAWNSHIELD:0.5160067771752318
CE_PIECECOORDINATION:0.4801825641350054
CE_MATERIAL:0.4898549809005284
CE_KINGSAFETY:0.5
C_PIECESQUARETABLES:0.5
C_MOBILITY:0.46144326104783456
C_KINGSAFETY:0.44299197232423976
C_PAWNSTRUCTURE:0.5071814326335968
C_PIECECOORDINATION:0.5129904963442238
C_ROOK:0.48888954998818224
CE_ROOK:0.5062826735945087
C_CENTERCONTROL:0.5138045620322148
C_DEVELOPPIECES:0.5152629865130048
C_MATERIAL:0.5101340570259162
C_MOVECOUNT:0.523632421544462
C_PAWNMOVEMENT:0.5044032574312818
