ELO:895
CE_PASSEDPAWNS:0.5654076258242157
CE_PAWNWEAKNESSES:0.5012919146406323
CE_PIECEACTIVITY:0.4817012452577603
CE_KINGPAWNSHIELD:0.511846043171694
CE_PIECECOORDINATION:0.5131718481463596
CE_MATERIAL:0.5002528749046932
CE_KINGSAFETY:0.5037098960476368
C_PIECESQUARETABLES:0.5464745700089109
C_MOBILITY:0.5269083284800785
C_KINGSAFETY:0.48584308973516876
C_PAWNSTRUCTURE:0.5290306203826789
C_PIECECOORDINATION:0.42699877536455266
C_ROOKANDPAWNMOVEMENT:0.42699877536455266
C_CENTERCONTROL:0.43624964953799894
C_DEVELOPPIECES:0.5027359111549902
C_MATERIAL:0.5665549251374276
C_MOVECOUNT:0.5
