ELO:997
CE_PASSEDPAWNS:0.5006590454474092
CE_PAWNWEAKNESSES:0.5054606513445078
CE_PIECEACTIVITY:0.4965505666147582
CE_KINGPAWNSHIELD:0.48144548388422137
CE_PIECECOORDINATION:0.4948007938454724
CE_MATERIAL:0.5029429928164041
CE_KINGSAFETY:0.49910375744713453
C_PIECESQUARETABLES:0.5
C_MOBILITY:0.5142081639025258
C_KINGSAFETY:0.49095930158378737
C_PAWNSTRUCTURE:0.5162203592683371
C_PIECECOORDINATION:0.5
C_ROOKANDPAWNMOVEMENT:0.5
C_CENTERCONTROL:0.5
C_DEVELOPPIECES:0.5046179382656476
C_MATERIAL:0.5091795159318667
