ELO:1006
CE_PASSEDPAWNS:0.5
CE_PAWNWEAKNESSES:0.5002068021626082
CE_PIECEACTIVITY:0.48549867936241875
CE_KINGPAWNSHIELD:0.5052050210948765
CE_PIECECOORDINATION:0.4919412238115673
CE_MATERIAL:0.49820079995267585
CE_KINGSAFETY:0.4885407450894556
C_PIECESQUARETABLES:0.509050901084513
C_MOBILITY:0.49593006794799577
C_KINGSAFETY:0.48984629976672506
C_PAWNSTRUCTURE:0.4967423287846946
C_PIECECOORDINATION:0.4936823533515953
C_ROOKANDPAWNMOVEMENT:0.4936823533515953
C_CENTERCONTROL:0.5012841338469882
C_DEVELOPPIECES:0.5012112523391793
C_MATERIAL:0.47746287303067897
