ELO:912
CE_PASSEDPAWNS:0.5
CE_PAWNWEAKNESSES:0.49612952571975455
CE_PIECEACTIVITY:0.5551817062967661
CE_KINGPAWNSHIELD:0.5283754735304317
CE_PIECECOORDINATION:0.5366726763582887
CE_MATERIAL:0.5776717395978304
CE_KINGSAFETY:0.5050632217882336
C_PIECESQUARETABLES:0.5151801130953495
C_MOBILITY:0.4534699539110155
C_KINGSAFETY:0.4666252796857139
C_PAWNSTRUCTURE:0.5063118431307604
C_PIECECOORDINATION:0.5085537600507974
C_ROOKANDPAWNMOVEMENT:0.5085537600507974
C_CENTERCONTROL:0.4892507428102765
C_DEVELOPPIECES:0.4920238953398976
C_MATERIAL:0.4856173586200671
C_MOVECOUNT:0.5
