ELO:919
CE_PASSEDPAWNS:0.5323590699415434
CE_PAWNWEAKNESSES:0.4489735295075281
CE_PIECEACTIVITY:0.5083470487049657
CE_KINGPAWNSHIELD:0.5219165954837589
CE_PIECECOORDINATION:0.4875321839183853
CE_MATERIAL:0.5016457835606524
CE_KINGSAFETY:0.48425568715831707
C_PIECESQUARETABLES:0.49875004448906557
C_MOBILITY:0.4540286360462573
C_KINGSAFETY:0.4334506350634568
C_PAWNSTRUCTURE:0.513252327954804
C_PIECECOORDINATION:0.5127517957517146
C_ROOK:0.49939155869617496
CE_ROOK:0.47115562100802216
C_CENTERCONTROL:0.501279989953917
C_DEVELOPPIECES:0.5463580052553114
C_MATERIAL:0.4677516466950994
C_MOVECOUNT:0.5253349565054845
C_PAWNMOVEMENT:0.509013955091351
