ELO:906
CE_PASSEDPAWNS:0.5439687462013875
CE_PAWNWEAKNESSES:0.5012278749424696
CE_PIECEACTIVITY:0.49209857986299993
CE_KINGPAWNSHIELD:0.5032501674447754
CE_PIECECOORDINATION:0.5269354306731058
CE_MATERIAL:0.5085339055654403
CE_KINGSAFETY:0.4855652037892675
C_PIECESQUARETABLES:0.5286056616818506
C_MOBILITY:0.5032120730948862
C_KINGSAFETY:0.47685010701734015
C_PAWNSTRUCTURE:0.5373331221087958
C_PIECECOORDINATION:0.44739514488999094
C_ROOKANDPAWNMOVEMENT:0.44739514488999094
C_CENTERCONTROL:0.45998097413068045
C_DEVELOPPIECES:0.49953380171619377
C_MATERIAL:0.574754534433025
C_MOVECOUNT:0.5
