ELO:981
CE_PASSEDPAWNS:0.48779824767406077
CE_PAWNWEAKNESSES:0.5046892844997577
CE_PIECEACTIVITY:0.4950120654939387
CE_KINGPAWNSHIELD:0.49211600039545994
CE_PIECECOORDINATION:0.5040384967566391
CE_MATERIAL:0.49447437393791144
CE_KINGSAFETY:0.5
C_PIECESQUARETABLES:0.5
C_MOBILITY:0.48541004984127295
C_KINGSAFETY:0.4915394670150604
C_PAWNSTRUCTURE:0.4911058027308352
C_PIECECOORDINATION:0.4909720930814719
C_ROOKANDPAWNMOVEMENT:0.4909720930814719
C_CENTERCONTROL:0.4863684487954035
C_DEVELOPPIECES:0.5211551755855247
C_MATERIAL:0.4973016790074917
C_MOVECOUNT:0.4891806429623272
