ELO:1000
CE_PASSEDPAWNS:0.5
CE_PAWNWEAKNESSES:0.5
CE_PIECEACTIVITY:0.5080581013015185
CE_KINGPAWNSHIELD:0.5
CE_PIECECOORDINATION:0.5
CE_MATERIAL:0.49177753760712867
CE_KINGSAFETY:0.5114917430118259
C_PIECESQUARETABLES:0.4888160849933307
C_MOBILITY:0.5
C_KINGSAFETY:0.4935585573343402
C_PAWNSTRUCTURE:0.5
C_PIECECOORDINATION:0.4940824432336803
C_ROOK:0.5
CE_ROOK:0.5111152771832999
C_CENTERCONTROL:0.4989251442470043
C_DEVELOPPIECES:0.4950421887839188
C_MATERIAL:0.5
C_MOVECOUNT:0.49062102473514496
C_PAWNMOVEMENT:0.5
