ELO:918
CE_PASSEDPAWNS:0.5324051746814644
CE_PAWNWEAKNESSES:0.5941939187110961
CE_PIECEACTIVITY:0.4934406121796828
CE_KINGPAWNSHIELD:0.47311769032621875
CE_PIECECOORDINATION:0.4504314775748841
CE_MATERIAL:0.5075234970331263
CE_KINGSAFETY:0.4898754129228582
C_PIECESQUARETABLES:0.49159111588709514
C_MOBILITY:0.47882708464966733
C_KINGSAFETY:0.5443424589175536
C_PAWNSTRUCTURE:0.3915117779332521
C_PIECECOORDINATION:0.5331839610698375
C_ROOKANDPAWNMOVEMENT:0.5331839610698375
C_CENTERCONTROL:0.5120277899305106
C_DEVELOPPIECES:0.46010850240920587
C_MATERIAL:0.5002331340614657
