ELO:982
CE_PASSEDPAWNS:0.5099570829531864
CE_PAWNWEAKNESSES:0.5265235587579555
CE_PIECEACTIVITY:0.5101137377208007
CE_KINGPAWNSHIELD:0.5281847821363911
CE_PIECECOORDINATION:0.5334076490173065
CE_MATERIAL:0.4789934079512251
CE_KINGSAFETY:0.4847418096463188
C_PIECESQUARETABLES:0.5046942820310116
C_MOBILITY:0.4891430795413923
C_KINGSAFETY:0.4727594312751048
C_PAWNSTRUCTURE:0.5075585978811924
C_PIECECOORDINATION:0.48106063137314026
C_ROOK:0.48867256659375
CE_ROOK:0.5352073728288114
C_CENTERCONTROL:0.5089377590856743
C_DEVELOPPIECES:0.4934596444420128
C_MATERIAL:0.5165554661077053
C_MOVECOUNT:0.4903882387184858
C_PAWNMOVEMENT:0.49156346283647867
