ELO:1000
CE_PASSEDPAWNS:0.5164127463268786
CE_PAWNWEAKNESSES:0.48543911776476034
CE_PIECEACTIVITY:0.5085603376419547
CE_KINGPAWNSHIELD:0.46683900333515244
CE_PIECECOORDINATION:0.4657898706138611
CE_MATERIAL:0.5308483532853917
CE_KINGSAFETY:0.44617192812483375
C_PIECESQUARETABLES:0.4421249608707746
C_MOBILITY:0.49448045162617055
C_KINGSAFETY:0.5105039350569485
C_PAWNSTRUCTURE:0.4602875606558073
C_PIECECOORDINATION:0.5644007847793515
C_ROOKANDPAWNMOVEMENT:0.5644007847793515
C_CENTERCONTROL:0.468687584091157
C_DEVELOPPIECES:0.5125711887864687
C_MATERIAL:0.5476955009325822
