ELO:1000
CE_PASSEDPAWNS:0.5008431768658305
CE_PAWNWEAKNESSES:0.4835282301950572
CE_PIECEACTIVITY:0.5162744348203706
CE_KINGPAWNSHIELD:0.4900493573475748
CE_PIECECOORDINATION:0.46949151042112364
CE_MATERIAL:0.5269980827031644
CE_KINGSAFETY:0.45463973168382066
C_PIECESQUARETABLES:0.4417555066630409
C_MOBILITY:0.49024419826411736
C_KINGSAFETY:0.5083175634204479
C_PAWNSTRUCTURE:0.4645616640232062
C_PIECECOORDINATION:0.5169889771865279
C_ROOKANDPAWNMOVEMENT:0.5169889771865279
C_CENTERCONTROL:0.49288246996666985
C_DEVELOPPIECES:0.5132360158869447
C_MATERIAL:0.5706949715405079
