ELO:936
CE_PASSEDPAWNS:0.6048665007409383
CE_PAWNWEAKNESSES:0.44780551267904056
CE_PIECEACTIVITY:0.5802597704370372
CE_KINGPAWNSHIELD:0.41858496091092623
CE_PIECECOORDINATION:0.38007338615466135
CE_MATERIAL:0.42028813191592285
CE_KINGSAFETY:0.5053466415026201
C_PIECESQUARETABLES:0.4809880724205079
C_MOBILITY:0.5556520989974917
C_KINGSAFETY:0.4290148588596258
C_PAWNSTRUCTURE:0.3712957902800902
C_PIECECOORDINATION:0.4682982910230307
C_ROOKANDPAWNMOVEMENT:0.4682982910230307
C_CENTERCONTROL:0.4226466852937364
C_DEVELOPPIECES:0.5205300325382969
C_MATERIAL:0.5844665571686518
