ELO:1020
CE_PASSEDPAWNS:0.4889575165604804
CE_PAWNWEAKNESSES:0.49034533272193254
CE_PIECEACTIVITY:0.5020973364325289
CE_KINGPAWNSHIELD:0.5056666144378333
CE_PIECECOORDINATION:0.5087966676080194
CE_MATERIAL:0.48850017583617383
CE_KINGSAFETY:0.5
C_PIECESQUARETABLES:0.5
C_MOBILITY:0.49068632996780687
C_KINGSAFETY:0.4820802994794141
C_PAWNSTRUCTURE:0.4946825783589417
C_PIECECOORDINATION:0.5001035178369407
C_ROOK:0.5
CE_ROOK:0.5
C_CENTERCONTROL:0.5027715044572302
C_DEVELOPPIECES:0.4948149049667614
C_MATERIAL:0.4925672161277443
C_MOVECOUNT:0.5080892987821369
C_PAWNMOVEMENT:0.5
