ELO:988
CE_PASSEDPAWNS:0.49912859187607533
CE_PAWNWEAKNESSES:0.5184050749529111
CE_PIECEACTIVITY:0.510916457400706
CE_KINGPAWNSHIELD:0.5017243431257904
CE_PIECECOORDINATION:0.5
CE_MATERIAL:0.4794622940150088
CE_KINGSAFETY:0.49746180095888765
C_PIECESQUARETABLES:0.49463660656677816
C_MOBILITY:0.5030865216327391
C_KINGSAFETY:0.4998046468873706
C_PAWNSTRUCTURE:0.5076419315794494
C_PIECECOORDINATION:0.49067668668406356
C_ROOK:0.5116081070343709
CE_ROOK:0.5254487431394674
C_CENTERCONTROL:0.49579284786911193
C_DEVELOPPIECES:0.4950421887839188
C_MATERIAL:0.5
C_MOVECOUNT:0.49552503914499946
C_PAWNMOVEMENT:0.5084810328912227
