ELO:994
CE_PASSEDPAWNS:0.5077565102770978
CE_PAWNWEAKNESSES:0.4972198621261986
CE_PIECEACTIVITY:0.47297358486255764
CE_KINGPAWNSHIELD:0.5
CE_PIECECOORDINATION:0.4944787662482489
CE_MATERIAL:0.5131657916866856
CE_KINGSAFETY:0.5137636486233315
C_PIECESQUARETABLES:0.4971919681495556
C_MOBILITY:0.49275062329199126
C_KINGSAFETY:0.4932392471011171
C_PAWNSTRUCTURE:0.5
C_PIECECOORDINATION:0.5001527632946202
C_ROOKANDPAWNMOVEMENT:0.5001527632946202
C_CENTERCONTROL:0.5008124231807755
C_DEVELOPPIECES:0.48444948706456487
C_MATERIAL:0.5050548639689675
