ELO:988
CE_PASSEDPAWNS:0.5163604474718541
CE_PAWNWEAKNESSES:0.581324813175745
CE_PIECEACTIVITY:0.44838516160287345
CE_KINGPAWNSHIELD:0.5257289180281975
CE_PIECECOORDINATION:0.45876392539441774
CE_MATERIAL:0.48975680898346474
CE_KINGSAFETY:0.5702833929785617
C_PIECESQUARETABLES:0.489841155843377
C_MOBILITY:0.4877100361816613
C_KINGSAFETY:0.5276439513919804
C_PAWNSTRUCTURE:0.41596204954160626
C_PIECECOORDINATION:0.5319932579790134
C_ROOKANDPAWNMOVEMENT:0.5319932579790134
C_CENTERCONTROL:0.4954100252434383
C_DEVELOPPIECES:0.5274894149068493
C_MATERIAL:0.5165785914590076
