ELO:1000
CE_PASSEDPAWNS:0.49709397446406506
CE_PAWNWEAKNESSES:0.498156809459221
CE_PIECEACTIVITY:0.5220365080691938
CE_KINGPAWNSHIELD:0.4952014466896282
CE_PIECECOORDINATION:0.4758822905216968
CE_MATERIAL:0.5131709142922727
CE_KINGSAFETY:0.4670781077785211
C_PIECESQUARETABLES:0.45862758305057
C_MOBILITY:0.5135305687222889
C_KINGSAFETY:0.4984897975775137
C_PAWNSTRUCTURE:0.4645616640232062
C_PIECECOORDINATION:0.5162835537552151
C_ROOKANDPAWNMOVEMENT:0.5162835537552151
C_CENTERCONTROL:0.5001183647159271
C_DEVELOPPIECES:0.5268429107001991
C_MATERIAL:0.550494952910836
