ELO:1000
CE_PASSEDPAWNS:0.483456241185474
CE_PAWNWEAKNESSES:0.4885924400608251
CE_PIECEACTIVITY:0.5
CE_KINGPAWNSHIELD:0.5122391954019109
CE_PIECECOORDINATION:0.49969885853736506
CE_MATERIAL:0.5031057475759783
CE_KINGSAFETY:0.5057067270158029
C_PIECESQUARETABLES:0.5
C_MOBILITY:0.5
C_KINGSAFETY:0.4281208960075442
C_PAWNSTRUCTURE:0.5289041205405077
C_PIECECOORDINATION:0.3700029558353325
C_ROOKANDPAWNMOVEMENT:0.3700029558353325
C_CENTERCONTROL:0.45604979588250216
C_DEVELOPPIECES:0.5209447385403095
C_MATERIAL:0.4887024044767712
C_MOVECOUNT:0.5
