ELO:996
CE_PASSEDPAWNS:0.5097031928170374
CE_PAWNWEAKNESSES:0.4450843304888184
CE_PIECEACTIVITY:0.506417503302135
CE_KINGPAWNSHIELD:0.40874333846834854
CE_PIECECOORDINATION:0.4456696475067842
CE_MATERIAL:0.5466188401148204
CE_KINGSAFETY:0.5054420017149645
C_PIECESQUARETABLES:0.5040791246182272
C_MOBILITY:0.5088437624947945
C_KINGSAFETY:0.5134154701097499
C_PAWNSTRUCTURE:0.5055871218218119
C_PIECECOORDINATION:0.5562674503149065
C_ROOKANDPAWNMOVEMENT:0.5562674503149065
C_CENTERCONTROL:0.3976101602692124
C_DEVELOPPIECES:0.5157200029418945
C_MATERIAL:0.5868682024870738
