ELO:989
CE_PASSEDPAWNS:0.5385684145785108
CE_PAWNWEAKNESSES:0.5528727072197323
CE_PIECEACTIVITY:0.5446273622724576
CE_KINGPAWNSHIELD:0.48631299531692074
CE_PIECECOORDINATION:0.5833369802746959
CE_MATERIAL:0.5107552294948137
CE_KINGSAFETY:0.4913179966700675
C_PIECESQUARETABLES:0.5075477459359985
C_MOBILITY:0.5424971780919688
C_KINGSAFETY:0.549049561754903
C_PAWNSTRUCTURE:0.49948396324213085
C_PIECECOORDINATION:0.513361233203302
C_ROOKANDPAWNMOVEMENT:0.513361233203302
C_CENTERCONTROL:0.5446291038670824
C_DEVELOPPIECES:0.5116711295350597
C_MATERIAL:0.45989296654136747
