ELO:982
CE_PASSEDPAWNS:0.4880546961182785
CE_PAWNWEAKNESSES:0.49997297113336714
CE_PIECEACTIVITY:0.49566981068510957
CE_KINGPAWNSHIELD:0.5
CE_PIECECOORDINATION:0.4985071791594802
CE_MATERIAL:0.49485923911254764
CE_KINGSAFETY:0.5
C_PIECESQUARETABLES:0.5112842506694198
C_MOBILITY:0.4785810577082666
C_KINGSAFETY:0.4891934197496124
C_PAWNSTRUCTURE:0.5150052595116305
C_PIECECOORDINATION:0.5042587899828349
C_ROOK:0.5024283531388005
CE_ROOK:0.5511417729903394
C_CENTERCONTROL:0.49384899249328795
C_DEVELOPPIECES:0.5234767437832492
C_MATERIAL:0.5020412795761099
C_MOVECOUNT:0.49063461369995853
C_PAWNMOVEMENT:0.5197476894345978
