ELO:986
CE_PASSEDPAWNS:0.5257903862991287
CE_PAWNWEAKNESSES:0.5003781657879374
CE_PIECEACTIVITY:0.48582420539576465
CE_KINGPAWNSHIELD:0.5301121672129118
CE_PIECECOORDINATION:0.4518846361860281
CE_MATERIAL:0.5003280458387747
CE_KINGSAFETY:0.5784865445562327
C_PIECESQUARETABLES:0.4518470050724679
C_MOBILITY:0.5231912520175985
C_KINGSAFETY:0.46812001108675017
C_PAWNSTRUCTURE:0.4740541872351377
C_PIECECOORDINATION:0.4938999898423627
C_ROOKANDPAWNMOVEMENT:0.4938999898423627
C_CENTERCONTROL:0.4930572779505801
C_DEVELOPPIECES:0.4594863102010038
C_MATERIAL:0.45054759219871804
