ELO:974
CE_PASSEDPAWNS:0.42354137151346577
CE_PAWNWEAKNESSES:0.4929962430617347
CE_PIECEACTIVITY:0.5108839416733242
CE_KINGPAWNSHIELD:0.5093595074658585
CE_PIECECOORDINATION:0.46200944464614446
CE_MATERIAL:0.537084881824032
CE_KINGSAFETY:0.49339426261426766
C_PIECESQUARETABLES:0.4956177242690244
C_MOBILITY:0.5191443947576997
C_KINGSAFETY:0.5138010797780584
C_PAWNSTRUCTURE:0.48347965136844523
C_PIECECOORDINATION:0.6264451285553949
C_ROOKANDPAWNMOVEMENT:0.6264451285553949
C_CENTERCONTROL:0.4342086725026297
C_DEVELOPPIECES:0.4964469994573067
C_MATERIAL:0.4920821094820515
C_MOVECOUNT:0.5164220602623089
