ELO:972
CE_PASSEDPAWNS:0.5183303112532855
CE_PAWNWEAKNESSES:0.49351875598953043
CE_PIECEACTIVITY:0.5
CE_KINGPAWNSHIELD:0.48135380724734084
CE_PIECECOORDINATION:0.5111219369916008
CE_MATERIAL:0.5092889873007928
CE_KINGSAFETY:0.4959378273793928
C_PIECESQUARETABLES:0.5014864944020452
C_MOBILITY:0.4999494930603869
C_KINGSAFETY:0.5036452988816792
C_PAWNSTRUCTURE:0.49486415548189294
C_PIECECOORDINATION:0.5
C_ROOKANDPAWNMOVEMENT:0.5
C_CENTERCONTROL:0.5090261960469328
C_DEVELOPPIECES:0.5044781910973831
C_MATERIAL:0.49601090765613276
