ELO:1056
CE_PASSEDPAWNS:0.49244450137678064
CE_PAWNWEAKNESSES:0.5195716976273007
CE_PIECEACTIVITY:0.5100890023247386
CE_KINGPAWNSHIELD:0.4973009104810251
CE_PIECECOORDINATION:0.5080308433606796
CE_MATERIAL:0.5154078060106405
CE_KINGSAFETY:0.5
C_PIECESQUARETABLES:0.5
C_MOBILITY:0.49505961881672944
C_KINGSAFETY:0.4833327887955052
C_PAWNSTRUCTURE:0.5011184076901242
C_PIECECOORDINATION:0.5116698693111267
C_ROOK:0.5182859008400511
CE_ROOK:0.4967430384803549
C_CENTERCONTROL:0.5
C_DEVELOPPIECES:0.4847586220875942
C_MATERIAL:0.4982330058239078
C_MOVECOUNT:0.4963060505601836
C_PAWNMOVEMENT:0.5028529947868007
