ELO:979
CE_PASSEDPAWNS:0.5277781131856627
CE_PAWNWEAKNESSES:0.4891161580884412
CE_PIECEACTIVITY:0.4751944686046927
CE_KINGPAWNSHIELD:0.5078542013425968
CE_PIECECOORDINATION:0.4860313469880843
CE_MATERIAL:0.5054055394137233
CE_KINGSAFETY:0.48258778739623753
C_PIECESQUARETABLES:0.512901050867996
C_MOBILITY:0.5625533880648353
C_KINGSAFETY:0.5021746005330393
C_PAWNSTRUCTURE:0.5002203865397703
C_PIECECOORDINATION:0.4941035699854912
C_ROOKANDPAWNMOVEMENT:0.4941035699854912
C_CENTERCONTROL:0.4898131032976895
C_DEVELOPPIECES:0.5120440493982389
C_MATERIAL:0.49601090765613276
