ELO:911
CE_PASSEDPAWNS:0.4679678498071648
CE_PAWNWEAKNESSES:0.49244384147448944
CE_PIECEACTIVITY:0.4820292527546138
CE_KINGPAWNSHIELD:0.5103498187789989
CE_PIECECOORDINATION:0.49836214449667093
CE_MATERIAL:0.5111932820442262
CE_KINGSAFETY:0.49347351852581656
C_PIECESQUARETABLES:0.49593199184859676
C_MOBILITY:0.5041459729767018
C_KINGSAFETY:0.48288327312693774
C_PAWNSTRUCTURE:0.49809297500284366
C_PIECECOORDINATION:0.5068746851413689
C_ROOKANDPAWNMOVEMENT:0.5068746851413689
C_CENTERCONTROL:0.4590387761191338
C_DEVELOPPIECES:0.4747880761301723
C_MATERIAL:0.4965448230093002
C_MOVECOUNT:0.5
