ELO:960
CE_PASSEDPAWNS:0.5208540740348766
CE_PAWNWEAKNESSES:0.48739916665391453
CE_PIECEACTIVITY:0.4698269497221188
CE_KINGPAWNSHIELD:0.5396846053224388
CE_PIECECOORDINATION:0.4478769306630993
CE_MATERIAL:0.488987404780714
CE_KINGSAFETY:0.5047474953890755
C_PIECESQUARETABLES:0.5089308583432031
C_MOBILITY:0.5122075253025204
C_KINGSAFETY:0.4621279787345636
C_PAWNSTRUCTURE:0.5076490181472858
C_PIECECOORDINATION:0.5011203016257897
C_ROOKANDPAWNMOVEMENT:0.5011203016257897
C_CENTERCONTROL:0.5050431006881615
C_DEVELOPPIECES:0.505196287148992
C_MATERIAL:0.40108544427931286
