ELO:987
CE_PASSEDPAWNS:0.56674663589195
CE_PAWNWEAKNESSES:0.4313074259375981
CE_PIECEACTIVITY:0.49461978853651073
CE_KINGPAWNSHIELD:0.4558314119866077
CE_PIECECOORDINATION:0.5812556500651098
CE_MATERIAL:0.5640536564841239
CE_KINGSAFETY:0.5122221779952558
C_PIECESQUARETABLES:0.5397810036796534
C_MOBILITY:0.50772670013987
C_KINGSAFETY:0.5137655103203204
C_PAWNSTRUCTURE:0.4673092975521774
C_PIECECOORDINATION:0.5418127079415698
C_ROOKANDPAWNMOVEMENT:0.5418127079415698
C_CENTERCONTROL:0.47572691086215835
C_DEVELOPPIECES:0.5096999431893727
C_MATERIAL:0.4739904307061298
