ELO:1060
CE_PASSEDPAWNS:0.43442586433136077
CE_PAWNWEAKNESSES:0.4849045606983303
CE_PIECEACTIVITY:0.4664684739021536
CE_KINGPAWNSHIELD:0.4193402068417279
CE_PIECECOORDINATION:0.46607864406205063
CE_MATERIAL:0.45642009594230804
CE_KINGSAFETY:0.5018147906813705
C_PIECESQUARETABLES:0.4853864852131367
C_MOBILITY:0.532295232060102
C_KINGSAFETY:0.5986299312340609
C_PAWNSTRUCTURE:0.40482941972656566
C_PIECECOORDINATION:0.462740007506366
C_ROOKANDPAWNMOVEMENT:0.462740007506366
C_CENTERCONTROL:0.4578905737621831
C_DEVELOPPIECES:0.5699498771207601
C_MATERIAL:0.4053729142552859
