ELO:911
CE_PASSEDPAWNS:0.4987606720000417
CE_PAWNWEAKNESSES:0.46095235655167166
CE_PIECEACTIVITY:0.49037878965821247
CE_KINGPAWNSHIELD:0.5111927609943013
CE_PIECECOORDINATION:0.49679507842513293
CE_MATERIAL:0.5109835667600717
CE_KINGSAFETY:0.49711106094006924
C_PIECESQUARETABLES:0.5004241498483905
C_MOBILITY:0.48282878029860915
C_KINGSAFETY:0.5025756500579777
C_PAWNSTRUCTURE:0.49739075586113085
C_PIECECOORDINATION:0.5036369502017845
C_ROOKANDPAWNMOVEMENT:0.5036369502017845
C_CENTERCONTROL:0.5123148735722761
C_DEVELOPPIECES:0.5181939869318838
C_MATERIAL:0.4936056985582487
C_MOVECOUNT:0.5
