ELO:929
CE_PASSEDPAWNS:0.5
CE_PAWNWEAKNESSES:0.5126643933401821
CE_PIECEACTIVITY:0.4900745131925798
CE_KINGPAWNSHIELD:0.4313486038592722
CE_PIECECOORDINATION:0.5498663243899301
CE_MATERIAL:0.54327325809013
CE_KINGSAFETY:0.5
C_PIECESQUARETABLES:0.5
C_MOBILITY:0.5
C_KINGSAFETY:0.48165443889951437
C_PAWNSTRUCTURE:0.5013635042283726
C_PIECECOORDINATION:0.5
C_ROOKANDPAWNMOVEMENT:0.5
C_CENTERCONTROL:0.4876224614190258
C_DEVELOPPIECES:0.5
C_MATERIAL:0.5473886347887188
C_MOVECOUNT:0.5
