ELO:1015
CE_PASSEDPAWNS:0.5
CE_PAWNWEAKNESSES:0.4969331559592343
CE_PIECEACTIVITY:0.5
CE_KINGPAWNSHIELD:0.5
CE_PIECECOORDINATION:0.5
CE_MATERIAL:0.5015662886418024
CE_KINGSAFETY:0.5112456953677774
C_PIECESQUARETABLES:0.5
C_MOBILITY:0.5081738145129147
C_KINGSAFETY:0.5
C_PAWNSTRUCTURE:0.5
C_PIECECOORDINATION:0.5
C_ROOK:0.5
CE_ROOK:0.5
C_CENTERCONTROL:0.4887492361836513
C_DEVELOPPIECES:0.5
C_MATERIAL:0.5104956433135184
C_MOVECOUNT:0.5
C_PAWNMOVEMENT:0.5
