ELO:1051
CE_PASSEDPAWNS:0.4984997249495993
CE_PAWNWEAKNESSES:0.45563144221338636
CE_PIECEACTIVITY:0.5029766756247558
CE_KINGPAWNSHIELD:0.48152885942246226
CE_PIECECOORDINATION:0.5117626846070501
CE_MATERIAL:0.4936647227553223
CE_KINGSAFETY:0.5
C_PIECESQUARETABLES:0.5
C_MOBILITY:0.5028209787007483
C_KINGSAFETY:0.5
C_PAWNSTRUCTURE:0.5047636744040566
C_PIECECOORDINATION:0.5108340780944686
C_ROOK:0.4904586565037176
CE_ROOK:0.5074594735804256
C_CENTERCONTROL:0.5039048454225293
C_DEVELOPPIECES:0.4882427012499089
C_MATERIAL:0.45230360181182927
C_MOVECOUNT:0.4963060505601836
C_PAWNMOVEMENT:0.5199205352731827
