ELO:1087
CE_PASSEDPAWNS:0.5955037066111589
CE_PAWNWEAKNESSES:0.48612248994962737
CE_PIECEACTIVITY:0.4507313084565246
CE_KINGPAWNSHIELD:0.4498193697251163
CE_PIECECOORDINATION:0.5009939265088795
CE_MATERIAL:0.4615457945066226
CE_KINGSAFETY:0.5212138845832925
C_PIECESQUARETABLES:0.5031310851625403
C_MOBILITY:0.5343287668216461
C_KINGSAFETY:0.6473668978496969
C_PAWNSTRUCTURE:0.40171130343858774
C_PIECECOORDINATION:0.4762177292539747
C_ROOKANDPAWNMOVEMENT:0.4762177292539747
C_CENTERCONTROL:0.5005725045058939
C_DEVELOPPIECES:0.569139504906497
C_MATERIAL:0.377812384095723
