ELO:1000
CE_PASSEDPAWNS:0.5687872333468826
CE_PAWNWEAKNESSES:0.4634551307795632
CE_PIECEACTIVITY:0.4791651099263058
CE_KINGPAWNSHIELD:0.4564464770888984
CE_PIECECOORDINATION:0.6056070776465111
CE_MATERIAL:0.5619487986522076
CE_KINGSAFETY:0.5103689141440076
C_PIECESQUARETABLES:0.5363680773097269
C_MOBILITY:0.45638004100107016
C_KINGSAFETY:0.5177707847248094
C_PAWNSTRUCTURE:0.4528582262715983
C_PIECECOORDINATION:0.49792075238269273
C_ROOKANDPAWNMOVEMENT:0.49792075238269273
C_CENTERCONTROL:0.4618952324130716
C_DEVELOPPIECES:0.508399361852684
C_MATERIAL:0.43988936908175014
