ELO:990
CE_PASSEDPAWNS:0.5457345729423272
CE_PAWNWEAKNESSES:0.502426827073672
CE_PIECEACTIVITY:0.5001545679013452
CE_KINGPAWNSHIELD:0.5599465954910741
CE_PIECECOORDINATION:0.5138962178399454
CE_MATERIAL:0.5280855919039157
CE_KINGSAFETY:0.5022322776738731
C_PIECESQUARETABLES:0.5
C_MOBILITY:0.580479941274235
C_KINGSAFETY:0.5601060646073197
C_PAWNSTRUCTURE:0.46054427260367564
C_PIECECOORDINATION:0.5562674503149065
C_ROOKANDPAWNMOVEMENT:0.5562674503149065
C_CENTERCONTROL:0.38741879983946736
C_DEVELOPPIECES:0.5933423053266473
C_MATERIAL:0.6234991122067586
