ELO:757
CE_PASSEDPAWNS:0.5340468365374337
CE_PAWNWEAKNESSES:0.35181343078909805
CE_PIECEACTIVITY:0.5219973186748355
CE_KINGPAWNSHIELD:0.5029084937021808
CE_PIECECOORDINATION:0.53168940961343
CE_MATERIAL:0.5420173690510471
CE_KINGSAFETY:0.5092098216969845
C_PIECESQUARETABLES:0.494750470939122
C_MOBILITY:0.48218326990549193
C_KINGSAFETY:0.6587806145573788
C_PAWNSTRUCTURE:0.3960958906611103
C_PIECECOORDINATION:0.5606069841362242
C_ROOKANDPAWNMOVEMENT:0.5606069841362242
C_CENTERCONTROL:0.4790414831437481
C_DEVELOPPIECES:0.5256526168983102
C_MATERIAL:0.47870235479230705
