ELO:990
CE_PASSEDPAWNS:0.5048867309150495
CE_PAWNWEAKNESSES:0.502426827073672
CE_PIECEACTIVITY:0.5975814565428466
CE_KINGPAWNSHIELD:0.5424551940514423
CE_PIECECOORDINATION:0.5138962178399454
CE_MATERIAL:0.5280855919039157
CE_KINGSAFETY:0.5
C_PIECESQUARETABLES:0.4964479679596775
C_MOBILITY:0.580479941274235
C_KINGSAFETY:0.5555396845641076
C_PAWNSTRUCTURE:0.3353007159866505
C_PIECECOORDINATION:0.5562674503149065
C_ROOKANDPAWNMOVEMENT:0.5562674503149065
C_CENTERCONTROL:0.3628208528192532
C_DEVELOPPIECES:0.4354212939766876
C_MATERIAL:0.6201906658387899
