ELO:1007
CE_PASSEDPAWNS:0.5108310595268064
CE_PAWNWEAKNESSES:0.5
CE_PIECEACTIVITY:0.5
CE_KINGPAWNSHIELD:0.5
CE_PIECECOORDINATION:0.4916537006179724
CE_MATERIAL:0.5
CE_KINGSAFETY:0.5076928104717688
C_PIECESQUARETABLES:0.5
C_MOBILITY:0.5
C_KINGSAFETY:0.49497023747322416
C_PAWNSTRUCTURE:0.5070544420063567
C_PIECECOORDINATION:0.5
C_ROOK:0.5071224571180136
CE_ROOK:0.5
C_CENTERCONTROL:0.5
C_DEVELOPPIECES:0.5
C_MATERIAL:0.5
C_MOVECOUNT:0.5
C_PAWNMOVEMENT:0.5088125228429476
