ELO:969
CE_PASSEDPAWNS:0.5200982864719671
CE_PAWNWEAKNESSES:0.4754704387758749
CE_PIECEACTIVITY:0.4609243868764298
CE_KINGPAWNSHIELD:0.48402708791687127
CE_PIECECOORDINATION:0.5090685497041472
CE_MATERIAL:0.4858767335128841
CE_KINGSAFETY:0.49310171259209584
C_PIECESQUARETABLES:0.47272175084694246
C_MOBILITY:0.51120004918182
C_KINGSAFETY:0.491486485955732
C_PAWNSTRUCTURE:0.5235015905927911
C_PIECECOORDINATION:0.5246619970726932
C_ROOKANDPAWNMOVEMENT:0.5246619970726932
C_CENTERCONTROL:0.5317374785364456
C_DEVELOPPIECES:0.48190876829712087
C_MATERIAL:0.48179325164753145
C_MOVECOUNT:0.4960528748470957
