ELO:997
CE_PASSEDPAWNS:0.5291069182574175
CE_PAWNWEAKNESSES:0.5001541032375905
CE_PIECEACTIVITY:0.4925286976263486
CE_KINGPAWNSHIELD:0.4918687482159652
CE_PIECECOORDINATION:0.4701062850872273
CE_MATERIAL:0.5022700248265036
CE_KINGSAFETY:0.5122689246075353
C_PIECESQUARETABLES:0.5117484551795481
C_MOBILITY:0.5
C_KINGSAFETY:0.501319821288391
C_PAWNSTRUCTURE:0.5135181655954482
C_PIECECOORDINATION:0.5102225854229064
C_ROOKANDPAWNMOVEMENT:0.5102225854229064
C_CENTERCONTROL:0.46277502749291755
C_DEVELOPPIECES:0.47669085879471434
C_MATERIAL:0.5175275703417119
C_MOVECOUNT:0.5129399710708031
