ELO:969
CE_PASSEDPAWNS:0.5409847335897978
CE_PAWNWEAKNESSES:0.48478262294924074
CE_PIECEACTIVITY:0.553263416177503
CE_KINGPAWNSHIELD:0.5087265323875577
CE_PIECECOORDINATION:0.4166076132945114
CE_MATERIAL:0.48124970499875563
CE_KINGSAFETY:0.4823773874660466
C_PIECESQUARETABLES:0.5222642223047911
C_MOBILITY:0.549551713887346
C_KINGSAFETY:0.45052115975501833
C_PAWNSTRUCTURE:0.47845293551295837
C_PIECECOORDINATION:0.5211269999369174
C_ROOKANDPAWNMOVEMENT:0.5211269999369174
C_CENTERCONTROL:0.48993839524293586
C_DEVELOPPIECES:0.4985901342102823
C_MATERIAL:0.40276796636324397
