ELO:860
CE_PASSEDPAWNS:0.4582392773186307
CE_PAWNWEAKNESSES:0.4890787571836924
CE_PIECEACTIVITY:0.4213854829459099
CE_KINGPAWNSHIELD:0.4849379642105876
CE_PIECECOORDINATION:0.5041699864921982
CE_MATERIAL:0.5102963336347249
CE_KINGSAFETY:0.4805131137629186
C_PIECESQUARETABLES:0.5394574989159692
C_MOBILITY:0.49878748313117827
C_KINGSAFETY:0.5676519726001632
C_PAWNSTRUCTURE:0.523365257440181
C_PIECECOORDINATION:0.4821511764783062
C_ROOKANDPAWNMOVEMENT:0.4821511764783062
C_CENTERCONTROL:0.4282544541925022
C_DEVELOPPIECES:0.39927676636058246
C_MATERIAL:0.5367308805949427
C_MOVECOUNT:0.5
