ELO:975
CE_PASSEDPAWNS:0.5545731048959136
CE_PAWNWEAKNESSES:0.4273087432208702
CE_PIECEACTIVITY:0.5070121615701648
CE_KINGPAWNSHIELD:0.46294853355321053
CE_PIECECOORDINATION:0.5812556500651098
CE_MATERIAL:0.5640536564841239
CE_KINGSAFETY:0.5130486739733505
C_PIECESQUARETABLES:0.5536186191416863
C_MOBILITY:0.5169746514027957
C_KINGSAFETY:0.5334299639760051
C_PAWNSTRUCTURE:0.4752088182689496
C_PIECECOORDINATION:0.5418127079415698
C_ROOKANDPAWNMOVEMENT:0.5418127079415698
C_CENTERCONTROL:0.48241442622444675
C_DEVELOPPIECES:0.5132638999686757
C_MATERIAL:0.466331774084281
