ELO:978
CE_PASSEDPAWNS:0.4912525744868255
CE_PAWNWEAKNESSES:0.5144873922674074
CE_PIECEACTIVITY:0.47947297310855874
CE_KINGPAWNSHIELD:0.5105101435423018
CE_PIECECOORDINATION:0.4603638737438396
CE_MATERIAL:0.5105236109173847
CE_KINGSAFETY:0.5522379322666252
C_PIECESQUARETABLES:0.46376509729376086
C_MOBILITY:0.5154754631080904
C_KINGSAFETY:0.47671450298343127
C_PAWNSTRUCTURE:0.4904196023714588
C_PIECECOORDINATION:0.5021517168337598
C_ROOKANDPAWNMOVEMENT:0.5021517168337598
C_CENTERCONTROL:0.4766996161718881
C_DEVELOPPIECES:0.4661741355663117
C_MATERIAL:0.4394195457076787
