ELO:963
CE_PASSEDPAWNS:0.5329539141128611
CE_PAWNWEAKNESSES:0.5030205485868673
CE_PIECEACTIVITY:0.4715482786283906
CE_KINGPAWNSHIELD:0.5382039533518834
CE_PIECECOORDINATION:0.45492612451879266
CE_MATERIAL:0.5062321835983327
CE_KINGSAFETY:0.4969621662387702
C_PIECESQUARETABLES:0.4965926816029256
C_MOBILITY:0.5316154703531504
C_KINGSAFETY:0.46782587823395333
C_PAWNSTRUCTURE:0.4923467441733564
C_PIECECOORDINATION:0.4985670400910444
C_ROOKANDPAWNMOVEMENT:0.4985670400910444
C_CENTERCONTROL:0.5204447457806447
C_DEVELOPPIECES:0.4704068891125019
C_MATERIAL:0.4106736472239068
