ELO:1012
CE_PASSEDPAWNS:0.5102138582923686
CE_PAWNWEAKNESSES:0.45851566606046146
CE_PIECEACTIVITY:0.5486290401355947
CE_KINGPAWNSHIELD:0.5044698743323073
CE_PIECECOORDINATION:0.5075335895907983
CE_MATERIAL:0.5813331402051041
CE_KINGSAFETY:0.5
C_PIECESQUARETABLES:0.5
C_MOBILITY:0.4952352527065514
C_KINGSAFETY:0.5295418629011529
C_PAWNSTRUCTURE:0.5243123911320211
C_PIECECOORDINATION:0.4956004366189055
C_ROOKANDPAWNMOVEMENT:0.4956004366189055
C_CENTERCONTROL:0.48332947608701543
C_DEVELOPPIECES:0.4946426141996665
C_MATERIAL:0.47306175763564134
C_MOVECOUNT:0.5
