ELO:1035
CE_PASSEDPAWNS:0.5176929281353745
CE_PAWNWEAKNESSES:0.505706928901406
CE_PIECEACTIVITY:0.4992822072446152
CE_KINGPAWNSHIELD:0.5367501580678804
CE_PIECECOORDINATION:0.46443903859049485
CE_MATERIAL:0.52025294453604
CE_KINGSAFETY:0.45063709170253957
C_PIECESQUARETABLES:0.511346894980711
C_MOBILITY:0.4255580807754333
C_KINGSAFETY:0.5731820386679918
C_PAWNSTRUCTURE:0.5472721461625651
C_PIECECOORDINATION:0.41199047425002044
C_ROOKANDPAWNMOVEMENT:0.41199047425002044
C_CENTERCONTROL:0.6376376417282668
C_DEVELOPPIECES:0.37127878952688054
C_MATERIAL:0.4119406074848743
