ELO:730
CE_PASSEDPAWNS:0.4194286495971008
CE_PAWNWEAKNESSES:0.4847186180413237
CE_PIECEACTIVITY:0.6147248180161309
CE_KINGPAWNSHIELD:0.5493607743881586
CE_PIECECOORDINATION:0.5386468300650115
CE_MATERIAL:0.6125571308298433
CE_KINGSAFETY:0.522426254047712
C_PIECESQUARETABLES:0.5102274501982953
C_MOBILITY:0.4232582764582708
C_KINGSAFETY:0.47668947845453113
C_PAWNSTRUCTURE:0.5173818021899881
C_PIECECOORDINATION:0.5351202262784802
C_ROOKANDPAWNMOVEMENT:0.5351202262784802
C_CENTERCONTROL:0.5827695295431135
C_DEVELOPPIECES:0.4639429196078373
C_MATERIAL:0.4052569923121471
C_MOVECOUNT:0.49580661022567063
