ELO:869
CE_PASSEDPAWNS:0.574058162252657
CE_PAWNWEAKNESSES:0.387015751813301
CE_PIECEACTIVITY:0.5513169170332859
CE_KINGPAWNSHIELD:0.44654273064766836
CE_PIECECOORDINATION:0.5896626872925687
CE_MATERIAL:0.5644364964515747
CE_KINGSAFETY:0.4884409679826067
C_PIECESQUARETABLES:0.514464456014665
C_MOBILITY:0.48915739243528994
C_KINGSAFETY:0.6180711005680396
C_PAWNSTRUCTURE:0.47493253829565085
C_PIECECOORDINATION:0.5335015517902985
C_ROOKANDPAWNMOVEMENT:0.5335015517902985
C_CENTERCONTROL:0.5087479361715296
C_DEVELOPPIECES:0.49929705590844103
C_MATERIAL:0.49511370795606413
