ELO:976
CE_PASSEDPAWNS:0.5048811351208232
CE_PAWNWEAKNESSES:0.5047739880479768
CE_PIECEACTIVITY:0.5
CE_KINGPAWNSHIELD:0.498207134926712
CE_PIECECOORDINATION:0.5144161687217307
CE_MATERIAL:0.509514517845363
CE_KINGSAFETY:0.48293405088904984
C_PIECESQUARETABLES:0.48559674215540144
C_MOBILITY:0.5
C_KINGSAFETY:0.5011230280524582
C_PAWNSTRUCTURE:0.5
C_PIECECOORDINATION:0.4928333325496733
C_ROOKANDPAWNMOVEMENT:0.4928333325496733
C_CENTERCONTROL:0.5098190558184382
C_DEVELOPPIECES:0.4919950854521768
C_MATERIAL:0.5
C_MOVECOUNT:0.506336942980509
