ELO:1002
CE_PASSEDPAWNS:0.5
CE_PAWNWEAKNESSES:0.4935000465309199
CE_PIECEACTIVITY:0.503191201225754
CE_KINGPAWNSHIELD:0.5031981442928324
CE_PIECECOORDINATION:0.5164392911915028
CE_MATERIAL:0.4871811615737756
CE_KINGSAFETY:0.5006722277732275
C_PIECESQUARETABLES:0.5
C_MOBILITY:0.5105764981244044
C_KINGSAFETY:0.4993209027629956
C_PAWNSTRUCTURE:0.5112044466296247
C_PIECECOORDINATION:0.4853159175097035
C_ROOKANDPAWNMOVEMENT:0.4853159175097035
C_CENTERCONTROL:0.47671590744355685
C_DEVELOPPIECES:0.49315531833608184
C_MATERIAL:0.5175275703417119
C_MOVECOUNT:0.5081828760659036
