ELO:997
CE_PASSEDPAWNS:0.5079733079212062
CE_PAWNWEAKNESSES:0.5021304003877675
CE_PIECEACTIVITY:0.49851826577002284
CE_KINGPAWNSHIELD:0.4878747338832053
CE_PIECECOORDINATION:0.49266497544001514
CE_MATERIAL:0.5
CE_KINGSAFETY:0.5
C_PIECESQUARETABLES:0.4988892160399013
C_MOBILITY:0.5238918506475474
C_KINGSAFETY:0.4914648611613194
C_PAWNSTRUCTURE:0.5016480817570376
C_PIECECOORDINATION:0.49491100406198313
C_ROOK:0.4979479248355166
CE_ROOK:0.5297260679394721
C_CENTERCONTROL:0.496416510999136
C_DEVELOPPIECES:0.5077438232887022
C_MATERIAL:0.5147665884442489
C_MOVECOUNT:0.5100660203521123
C_PAWNMOVEMENT:0.5122244687621443
