ELO:976
CE_PASSEDPAWNS:0.48197495924447414
CE_PAWNWEAKNESSES:0.4754793541097549
CE_PIECEACTIVITY:0.48644412996879904
CE_KINGPAWNSHIELD:0.5197673017924982
CE_PIECECOORDINATION:0.523779903586425
CE_MATERIAL:0.5909467298437071
CE_KINGSAFETY:0.5041335078179766
C_PIECESQUARETABLES:0.47972913167276104
C_MOBILITY:0.44419003730813184
C_KINGSAFETY:0.5603886296872324
C_PAWNSTRUCTURE:0.5346350075863265
C_PIECECOORDINATION:0.5371898261117811
C_ROOKANDPAWNMOVEMENT:0.5371898261117811
C_CENTERCONTROL:0.48525087709434256
C_DEVELOPPIECES:0.5139867795662749
C_MATERIAL:0.5603092688482846
