ELO:978
CE_PASSEDPAWNS:0.5268004604455251
CE_PAWNWEAKNESSES:0.5265522340291925
CE_PIECEACTIVITY:0.4106819358019312
CE_KINGPAWNSHIELD:0.47853498816231893
CE_PIECECOORDINATION:0.5155144944206256
CE_MATERIAL:0.4789682821983955
CE_KINGSAFETY:0.5176908146289648
C_PIECESQUARETABLES:0.4991615658741499
C_MOBILITY:0.4191957477217511
C_KINGSAFETY:0.5379365073941468
C_PAWNSTRUCTURE:0.47106784359851367
C_PIECECOORDINATION:0.5545228644451008
C_ROOKANDPAWNMOVEMENT:0.5545228644451008
C_CENTERCONTROL:0.5559796729333546
C_DEVELOPPIECES:0.48433999003507006
C_MATERIAL:0.6039807585663719
