ELO:908
CE_PASSEDPAWNS:0.4980481775020647
CE_PAWNWEAKNESSES:0.4409104539474597
CE_PIECEACTIVITY:0.5195304140070733
CE_KINGPAWNSHIELD:0.5563681673429259
CE_PIECECOORDINATION:0.47715037720721115
CE_MATERIAL:0.6141250924080801
CE_KINGSAFETY:0.5087891862293409
C_PIECESQUARETABLES:0.5426476146735554
C_MOBILITY:0.49038076157727567
C_KINGSAFETY:0.559128263602258
C_PAWNSTRUCTURE:0.5241375538366204
C_PIECECOORDINATION:0.5057503584314506
C_ROOKANDPAWNMOVEMENT:0.5057503584314506
C_CENTERCONTROL:0.4679709092921546
C_DEVELOPPIECES:0.471448158140992
C_MATERIAL:0.530076908736084
