ELO:1000
CE_PASSEDPAWNS:0.5043068912361299
CE_PAWNWEAKNESSES:0.5061554873894009
CE_PIECEACTIVITY:0.4732596012711351
CE_KINGPAWNSHIELD:0.48757638118084257
CE_PIECECOORDINATION:0.5218919889261293
CE_MATERIAL:0.5139581111253263
CE_KINGSAFETY:0.5240670298085608
C_PIECESQUARETABLES:0.5152812618560065
C_MOBILITY:0.44804433828372237
C_KINGSAFETY:0.5034675901625004
C_PAWNSTRUCTURE:0.4926529268341401
C_PIECECOORDINATION:0.4779878679351621
C_ROOKANDPAWNMOVEMENT:0.4779878679351621
C_CENTERCONTROL:0.5139670372335994
C_DEVELOPPIECES:0.5057025780561062
C_MATERIAL:0.5440791607813988
