ELO:971
CE_PASSEDPAWNS:0.5724557605138736
CE_PAWNWEAKNESSES:0.5883590765612141
CE_PIECEACTIVITY:0.41665832984175377
CE_KINGPAWNSHIELD:0.43789009154516273
CE_PIECECOORDINATION:0.48475854767972626
CE_MATERIAL:0.5101950295774268
CE_KINGSAFETY:0.518657866465204
C_PIECESQUARETABLES:0.4699098190521215
C_MOBILITY:0.37621603393217184
C_KINGSAFETY:0.5170580321783196
C_PAWNSTRUCTURE:0.45847547551368023
C_PIECECOORDINATION:0.5315628939502554
C_ROOKANDPAWNMOVEMENT:0.5315628939502554
C_CENTERCONTROL:0.5750442998872213
C_DEVELOPPIECES:0.514474269855522
C_MATERIAL:0.6378188860498648
