ELO:1037
CE_PASSEDPAWNS:0.5
CE_PAWNWEAKNESSES:0.4960525042674549
CE_PIECEACTIVITY:0.4800580699152834
CE_KINGPAWNSHIELD:0.481999982634417
CE_PIECECOORDINATION:0.4902639127984152
CE_MATERIAL:0.5107941233118481
CE_KINGSAFETY:0.4961525966678411
C_PIECESQUARETABLES:0.5
C_MOBILITY:0.49655233939353
C_KINGSAFETY:0.4891833030308037
C_PAWNSTRUCTURE:0.49721691110065475
C_PIECECOORDINATION:0.4949860906898488
C_ROOKANDPAWNMOVEMENT:0.4949860906898488
C_CENTERCONTROL:0.5033009599258125
C_DEVELOPPIECES:0.5039971691730288
C_MATERIAL:0.48795013660828
C_MOVECOUNT:0.4787956126943333
