ELO:958
CE_PASSEDPAWNS:0.5148741466117702
CE_PAWNWEAKNESSES:0.4441966857689852
CE_PIECEACTIVITY:0.5430248333995666
CE_KINGPAWNSHIELD:0.47847475945392937
CE_PIECECOORDINATION:0.5642989463052375
CE_MATERIAL:0.5274477516908012
CE_KINGSAFETY:0.4775327980807623
C_PIECESQUARETABLES:0.5586610895001342
C_MOBILITY:0.46666771433022686
C_KINGSAFETY:0.5161278671095891
C_PAWNSTRUCTURE:0.490871339121346
C_PIECECOORDINATION:0.5109841086042487
C_ROOKANDPAWNMOVEMENT:0.5109841086042487
C_CENTERCONTROL:0.5041211993201832
C_DEVELOPPIECES:0.5533193140666494
C_MATERIAL:0.4894552241907365
C_MOVECOUNT:0.5
