ELO:686
CE_PASSEDPAWNS:0.49956596183220064
CE_PAWNWEAKNESSES:0.5647662754402534
CE_PIECEACTIVITY:0.3952247370615031
CE_KINGPAWNSHIELD:0.4473204947538516
CE_PIECECOORDINATION:0.480569347619985
CE_MATERIAL:0.5222797009318627
CE_KINGSAFETY:0.41469409367147664
C_PIECESQUARETABLES:0.5212155065484382
C_MOBILITY:0.4847262123961763
C_KINGSAFETY:0.5438770553576804
C_PAWNSTRUCTURE:0.5011331687634749
C_PIECECOORDINATION:0.5038771855764217
C_ROOKANDPAWNMOVEMENT:0.5038771855764217
C_CENTERCONTROL:0.44420939184832564
C_DEVELOPPIECES:0.49199836425254934
C_MATERIAL:0.5397595592691026
C_MOVECOUNT:0.5
