ELO:954
CE_PASSEDPAWNS:0.49354748380708857
CE_PAWNWEAKNESSES:0.49739089116467206
CE_PIECEACTIVITY:0.5510102793598609
CE_KINGPAWNSHIELD:0.4947586813888368
CE_PIECECOORDINATION:0.5044974409697912
CE_MATERIAL:0.4648603987142885
CE_KINGSAFETY:0.5283815109015044
C_PIECESQUARETABLES:0.5745596202935449
C_MOBILITY:0.5440466298206832
C_KINGSAFETY:0.5013034547560824
C_PAWNSTRUCTURE:0.48116490234926906
C_PIECECOORDINATION:0.4993775408718882
C_ROOKANDPAWNMOVEMENT:0.4993775408718882
C_CENTERCONTROL:0.5222050449582512
C_DEVELOPPIECES:0.47451606943899494
C_MATERIAL:0.5149994861105909
C_MOVECOUNT:0.4677505018001057
