ELO:828
CE_PASSEDPAWNS:0.4957709838362657
CE_PAWNWEAKNESSES:0.4821835735092256
CE_PIECEACTIVITY:0.4867501224088626
CE_KINGPAWNSHIELD:0.5392744241076807
CE_PIECECOORDINATION:0.5185045878248439
CE_MATERIAL:0.5092337932201216
CE_KINGSAFETY:0.4932950725081752
C_PIECESQUARETABLES:0.49649543613597175
C_MOBILITY:0.4630445801501907
C_KINGSAFETY:0.39245494668422315
C_PAWNSTRUCTURE:0.4847015376501748
C_PIECECOORDINATION:0.4602132065750299
C_ROOKANDPAWNMOVEMENT:0.4602132065750299
C_CENTERCONTROL:0.43849013878852067
C_DEVELOPPIECES:0.47095457398827056
C_MATERIAL:0.48732622476116955
C_MOVECOUNT:0.5
