ELO:1072
CE_PASSEDPAWNS:0.6373431529134769
CE_PAWNWEAKNESSES:0.48593860079177353
CE_PIECEACTIVITY:0.47131520515184855
CE_KINGPAWNSHIELD:0.4902589136076466
CE_PIECECOORDINATION:0.47909269375507296
CE_MATERIAL:0.44738185066753583
CE_KINGSAFETY:0.49420491861402305
C_PIECESQUARETABLES:0.4910733293036356
C_MOBILITY:0.4318601754221818
C_KINGSAFETY:0.485896805988401
C_PAWNSTRUCTURE:0.4116771884142455
C_PIECECOORDINATION:0.4228210041190124
C_ROOKANDPAWNMOVEMENT:0.4228210041190124
C_CENTERCONTROL:0.5369681242831351
C_DEVELOPPIECES:0.573414850550535
C_MATERIAL:0.43463854648088324
