ELO:989
CE_PASSEDPAWNS:0.4743135340931191
CE_PAWNWEAKNESSES:0.49276329483159
CE_PIECEACTIVITY:0.5458706882839368
CE_KINGPAWNSHIELD:0.5115404364310931
CE_PIECECOORDINATION:0.5397657372262838
CE_MATERIAL:0.4892995549741195
CE_KINGSAFETY:0.5211320975068922
C_PIECESQUARETABLES:0.5
C_MOBILITY:0.5
C_KINGSAFETY:0.53125830544146
C_PAWNSTRUCTURE:0.5046064332226414
C_PIECECOORDINATION:0.504797639208933
C_ROOKANDPAWNMOVEMENT:0.504797639208933
C_CENTERCONTROL:0.49366808157167813
C_DEVELOPPIECES:0.512986541501938
C_MATERIAL:0.5074279138901102
C_MOVECOUNT:0.5226274638179608
