ELO:1022
CE_PASSEDPAWNS:0.48676328378700356
CE_PAWNWEAKNESSES:0.49455805258904956
CE_PIECEACTIVITY:0.4800580699152834
CE_KINGPAWNSHIELD:0.481999982634417
CE_PIECECOORDINATION:0.5
CE_MATERIAL:0.5062887292268264
CE_KINGSAFETY:0.5
C_PIECESQUARETABLES:0.5
C_MOBILITY:0.5
C_KINGSAFETY:0.48966126462828063
C_PAWNSTRUCTURE:0.5
C_PIECECOORDINATION:0.5
C_ROOKANDPAWNMOVEMENT:0.5
C_CENTERCONTROL:0.5013602752685743
C_DEVELOPPIECES:0.5039971691730288
C_MATERIAL:0.5004177425788948
C_MOVECOUNT:0.4830833761105671
