ELO:1055
CE_PASSEDPAWNS:0.5
CE_PAWNWEAKNESSES:0.5016212295851243
CE_PIECEACTIVITY:0.5127291915050637
CE_KINGPAWNSHIELD:0.5007721174266254
CE_PIECECOORDINATION:0.5
CE_MATERIAL:0.5
CE_KINGSAFETY:0.5
C_PIECESQUARETABLES:0.5
C_MOBILITY:0.5082413240203919
C_KINGSAFETY:0.4746231616457013
C_PAWNSTRUCTURE:0.5140965380153382
C_PIECECOORDINATION:0.5064126572242699
C_ROOK:0.4875011644046835
CE_ROOK:0.5157836039624435
C_CENTERCONTROL:0.4918506465569542
C_DEVELOPPIECES:0.5018244956320536
C_MATERIAL:0.5066462544311117
C_MOVECOUNT:0.5083426054011211
C_PAWNMOVEMENT:0.5
