ELO:990
CE_PASSEDPAWNS:0.4811874818909823
CE_PAWNWEAKNESSES:0.4781129542185827
CE_PIECEACTIVITY:0.47311773041027955
CE_KINGPAWNSHIELD:0.5062583815125045
CE_PIECECOORDINATION:0.4832804650987024
CE_MATERIAL:0.5792105149091413
CE_KINGSAFETY:0.5121643652387151
C_PIECESQUARETABLES:0.48794200635370455
C_MOBILITY:0.4869434905134088
C_KINGSAFETY:0.4952235870586304
C_PAWNSTRUCTURE:0.5143228107993938
C_PIECECOORDINATION:0.5066140142912896
C_ROOKANDPAWNMOVEMENT:0.5066140142912896
C_CENTERCONTROL:0.5038815710307433
C_DEVELOPPIECES:0.5207180332990675
C_MATERIAL:0.5820621588657132
