ELO:1010
CE_PASSEDPAWNS:0.48918380166755765
CE_PAWNWEAKNESSES:0.5
CE_PIECEACTIVITY:0.5016262832759525
CE_KINGPAWNSHIELD:0.5
CE_PIECECOORDINATION:0.49639825191085907
CE_MATERIAL:0.5266774347925881
CE_KINGSAFETY:0.5
C_PIECESQUARETABLES:0.5
C_MOBILITY:0.5334564971379576
C_KINGSAFETY:0.49538784424295745
C_PAWNSTRUCTURE:0.5
C_PIECECOORDINATION:0.5
C_ROOKANDPAWNMOVEMENT:0.5
C_CENTERCONTROL:0.5064402069144418
C_DEVELOPPIECES:0.5
C_MATERIAL:0.4989345322988644
C_MOVECOUNT:0.5
