ELO:975
CE_PASSEDPAWNS:0.4794246303522783
CE_PAWNWEAKNESSES:0.44977436512923474
CE_PIECEACTIVITY:0.48862633623249485
CE_KINGPAWNSHIELD:0.48158867769739383
CE_PIECECOORDINATION:0.5
CE_MATERIAL:0.5028913025163864
CE_KINGSAFETY:0.5166094935568013
C_PIECESQUARETABLES:0.4913570292438072
C_MOBILITY:0.5008895950466289
C_KINGSAFETY:0.5088625278090657
C_PAWNSTRUCTURE:0.4822660479963352
C_PIECECOORDINATION:0.5136860113664059
C_ROOKANDPAWNMOVEMENT:0.5136860113664059
C_CENTERCONTROL:0.5077531688688474
C_DEVELOPPIECES:0.49614352667561457
C_MATERIAL:0.502567721653639
