ELO:1000
CE_PASSEDPAWNS:0.5123737974980536
CE_PAWNWEAKNESSES:0.4763522834433964
CE_PIECEACTIVITY:0.46068443491959266
CE_KINGPAWNSHIELD:0.48708086638947307
CE_PIECECOORDINATION:0.4986053698150456
CE_MATERIAL:0.49393635739284175
CE_KINGSAFETY:0.5101386981202608
C_PIECESQUARETABLES:0.47636797553102367
C_MOBILITY:0.4647216227768801
C_KINGSAFETY:0.5145122612537378
C_PAWNSTRUCTURE:0.45866511770776747
C_PIECECOORDINATION:0.5380181464275821
C_ROOKANDPAWNMOVEMENT:0.5380181464275821
C_CENTERCONTROL:0.5575768451642421
C_DEVELOPPIECES:0.5218449357093099
C_MATERIAL:0.5290744368116982
