ELO:946
CE_PASSEDPAWNS:0.503156658885531
CE_PAWNWEAKNESSES:0.4943520057237665
CE_PIECEACTIVITY:0.49686864271711817
CE_KINGPAWNSHIELD:0.519746383547507
CE_PIECECOORDINATION:0.5027221947518907
CE_MATERIAL:0.4676640323888913
CE_KINGSAFETY:0.5237994716529017
C_PIECESQUARETABLES:0.5072607495819219
C_MOBILITY:0.48305205660382333
C_KINGSAFETY:0.43319911655055215
C_PAWNSTRUCTURE:0.521475915245517
C_PIECECOORDINATION:0.5070632284567642
C_ROOK:0.5262268237312135
CE_ROOK:0.48674019532949164
C_CENTERCONTROL:0.486231673824357
C_DEVELOPPIECES:0.4917734314251033
C_MATERIAL:0.5287953518841771
C_MOVECOUNT:0.4925633492644401
C_PAWNMOVEMENT:0.5129311404796553
