ELO:904
CE_PASSEDPAWNS:0.4788161703860226
CE_PAWNWEAKNESSES:0.43540119610410155
CE_PIECEACTIVITY:0.5167453127114334
CE_KINGPAWNSHIELD:0.5343685473831556
CE_PIECECOORDINATION:0.4723048554131573
CE_MATERIAL:0.6400234925441143
CE_KINGSAFETY:0.49093182910661537
C_PIECESQUARETABLES:0.5486466663407991
C_MOBILITY:0.500828773464651
C_KINGSAFETY:0.5631334997325563
C_PAWNSTRUCTURE:0.5299590666506835
C_PIECECOORDINATION:0.5154533186634502
C_ROOKANDPAWNMOVEMENT:0.5154533186634502
C_CENTERCONTROL:0.484667534173436
C_DEVELOPPIECES:0.47878024928785223
C_MATERIAL:0.5501583220451637
