ELO:988
CE_PASSEDPAWNS:0.5117555821128666
CE_PAWNWEAKNESSES:0.4449176979510626
CE_PIECEACTIVITY:0.5079089744217373
CE_KINGPAWNSHIELD:0.5083397031770773
CE_PIECECOORDINATION:0.43713796752604545
CE_MATERIAL:0.40905649312415493
CE_KINGSAFETY:0.49876593618644377
C_PIECESQUARETABLES:0.4983620810447875
C_MOBILITY:0.4885951486572455
C_KINGSAFETY:0.5685033614554861
C_PAWNSTRUCTURE:0.6126654122681799
C_PIECECOORDINATION:0.5354485802712711
C_ROOKANDPAWNMOVEMENT:0.5354485802712711
C_CENTERCONTROL:0.38444832287473446
C_DEVELOPPIECES:0.5424118177793249
C_MATERIAL:0.5816318924600908
