ELO:1059
CE_PASSEDPAWNS:0.4888749446358555
CE_PAWNWEAKNESSES:0.4886838477797177
CE_PIECEACTIVITY:0.5033552993834758
CE_KINGPAWNSHIELD:0.5274779197817854
CE_PIECECOORDINATION:0.5
CE_MATERIAL:0.5000466357657618
CE_KINGSAFETY:0.5
C_PIECESQUARETABLES:0.5
C_MOBILITY:0.4747987292695115
C_KINGSAFETY:0.4876060557009499
C_PAWNSTRUCTURE:0.5011184076901242
C_PIECECOORDINATION:0.5117530500500119
C_ROOK:0.500771044552258
CE_ROOK:0.49339661021007886
C_CENTERCONTROL:0.5138805772355112
C_DEVELOPPIECES:0.5169049356104082
C_MATERIAL:0.4982330058239078
C_MOVECOUNT:0.509723540237199
C_PAWNMOVEMENT:0.4985402491232781
