ELO:818
CE_PASSEDPAWNS:0.5385845319100614
CE_PAWNWEAKNESSES:0.4160024164379389
CE_PIECEACTIVITY:0.5818022884476513
CE_KINGPAWNSHIELD:0.43519368137330117
CE_PIECECOORDINATION:0.41420377217258225
CE_MATERIAL:0.4117988554247537
CE_KINGSAFETY:0.5086092716142306
C_PIECESQUARETABLES:0.4994464640951569
C_MOBILITY:0.562299209347694
C_KINGSAFETY:0.4434183131422327
C_PAWNSTRUCTURE:0.5302487864197164
C_PIECECOORDINATION:0.41747118642107306
C_ROOKANDPAWNMOVEMENT:0.41747118642107306
C_CENTERCONTROL:0.6015688824054353
C_DEVELOPPIECES:0.4038966813875144
C_MATERIAL:0.5338205060664858
