ELO:1000
CE_PASSEDPAWNS:0.5003934710964357
CE_PAWNWEAKNESSES:0.5028155007821627
CE_PIECEACTIVITY:0.48218825106814156
CE_KINGPAWNSHIELD:0.4857637980644998
CE_PIECECOORDINATION:0.5072943061979045
CE_MATERIAL:0.5142090885893915
CE_KINGSAFETY:0.5057366476670456
C_PIECESQUARETABLES:0.5183090580252622
C_MOBILITY:0.4613771187578682
C_KINGSAFETY:0.48560981400489006
C_PAWNSTRUCTURE:0.5013325461288558
C_PIECECOORDINATION:0.4658461600213009
C_ROOKANDPAWNMOVEMENT:0.4658461600213009
C_CENTERCONTROL:0.4935390305606507
C_DEVELOPPIECES:0.5089575280591311
C_MATERIAL:0.5046293991980293
