ELO:945
CE_PASSEDPAWNS:0.5426495565554317
CE_PAWNWEAKNESSES:0.5855996436026595
CE_PIECEACTIVITY:0.44125293909222274
CE_KINGPAWNSHIELD:0.4084609550471291
CE_PIECECOORDINATION:0.5130269380182594
CE_MATERIAL:0.5423499003355882
CE_KINGSAFETY:0.4915155364744596
C_PIECESQUARETABLES:0.5080436950581918
C_MOBILITY:0.35251909518018937
C_KINGSAFETY:0.5351420909218246
C_PAWNSTRUCTURE:0.4554387095985548
C_PIECECOORDINATION:0.564790193178645
C_ROOKANDPAWNMOVEMENT:0.564790193178645
C_CENTERCONTROL:0.5533481810028278
C_DEVELOPPIECES:0.5153687774713214
C_MATERIAL:0.6605153320132799
