ELO:984
CE_PASSEDPAWNS:0.5
CE_PAWNWEAKNESSES:0.5023674969970886
CE_PIECEACTIVITY:0.4988320447311975
CE_KINGPAWNSHIELD:0.5442075228706393
CE_PIECECOORDINATION:0.5010933300449512
CE_MATERIAL:0.5070464036439325
CE_KINGSAFETY:0.5121999223032231
C_PIECESQUARETABLES:0.5222480827762724
C_MOBILITY:0.5135168041643715
C_KINGSAFETY:0.5146662490368284
C_PAWNSTRUCTURE:0.5131573037563887
C_PIECECOORDINATION:0.5323124885565438
C_ROOKANDPAWNMOVEMENT:0.5323124885565438
C_CENTERCONTROL:0.5043454448108915
C_DEVELOPPIECES:0.4974036673987558
C_MATERIAL:0.5071243022674807
