ELO:1004
CE_PASSEDPAWNS:0.49059984310924953
CE_PAWNWEAKNESSES:0.4994741001427104
CE_PIECEACTIVITY:0.5257749088842189
CE_KINGPAWNSHIELD:0.48763995419959344
CE_PIECECOORDINATION:0.4859026719940845
CE_MATERIAL:0.48854463797780556
CE_KINGSAFETY:0.49601986462252884
C_PIECESQUARETABLES:0.4673030627913528
C_MOBILITY:0.5403218307940384
C_KINGSAFETY:0.5003541742414567
C_PAWNSTRUCTURE:0.5043727440653022
C_PIECECOORDINATION:0.5072402670932599
C_ROOKANDPAWNMOVEMENT:0.5072402670932599
C_CENTERCONTROL:0.46916395731635635
C_DEVELOPPIECES:0.501670481279622
C_MATERIAL:0.48697612082094904
C_MOVECOUNT:0.5
