ELO:1039
CE_PASSEDPAWNS:0.5089511830834902
CE_PAWNWEAKNESSES:0.5056677931160859
CE_PIECEACTIVITY:0.5272660641145863
CE_KINGPAWNSHIELD:0.4868880271940794
CE_PIECECOORDINATION:0.5155986351576415
CE_MATERIAL:0.48426420079647864
CE_KINGSAFETY:0.5
C_PIECESQUARETABLES:0.5
C_MOBILITY:0.5242855971024735
C_KINGSAFETY:0.48760421906319956
C_PAWNSTRUCTURE:0.49277735736716133
C_PIECECOORDINATION:0.5168564573665481
C_ROOK:0.5187550577959981
CE_ROOK:0.4955141820428924
C_CENTERCONTROL:0.49982403789115903
C_DEVELOPPIECES:0.5273624076889522
C_MATERIAL:0.475132263202501
C_MOVECOUNT:0.48987931154882625
C_PAWNMOVEMENT:0.5068568556343356
