ELO:1003
CE_PASSEDPAWNS:0.5
CE_PAWNWEAKNESSES:0.499128419544065
CE_PIECEACTIVITY:0.5027943339971094
CE_KINGPAWNSHIELD:0.5021735632967658
CE_PIECECOORDINATION:0.4958427580617732
CE_MATERIAL:0.5042582605212795
CE_KINGSAFETY:0.5
C_PIECESQUARETABLES:0.5049070115639678
C_MOBILITY:0.513107416360282
C_KINGSAFETY:0.5
C_PAWNSTRUCTURE:0.5
C_PIECECOORDINATION:0.5086379145145304
C_ROOKANDPAWNMOVEMENT:0.5086379145145304
C_CENTERCONTROL:0.48851393652144637
C_DEVELOPPIECES:0.5112071799846751
C_MATERIAL:0.5128696956788824
C_MOVECOUNT:0.5
