ELO:1018
CE_PASSEDPAWNS:0.4960159681861725
CE_PAWNWEAKNESSES:0.4762946056956586
CE_PIECEACTIVITY:0.4901546002788496
CE_KINGPAWNSHIELD:0.5018964555622304
CE_PIECECOORDINATION:0.5
CE_MATERIAL:0.4485957289430274
CE_KINGSAFETY:0.5
C_PIECESQUARETABLES:0.5
C_MOBILITY:0.5334564971379576
C_KINGSAFETY:0.4821082087185366
C_PAWNSTRUCTURE:0.490871339121346
C_PIECECOORDINATION:0.5088564445761412
C_ROOKANDPAWNMOVEMENT:0.5088564445761412
C_CENTERCONTROL:0.5106139396762142
C_DEVELOPPIECES:0.496738599198061
C_MATERIAL:0.5052773876166391
C_MOVECOUNT:0.5
