ELO:959
CE_PASSEDPAWNS:0.4459316573607956
CE_PAWNWEAKNESSES:0.4671434132174281
CE_PIECEACTIVITY:0.5038713689175681
CE_KINGPAWNSHIELD:0.49537990363447904
CE_PIECECOORDINATION:0.5203500540334648
CE_MATERIAL:0.6234750404047283
CE_KINGSAFETY:0.48149769955326943
C_PIECESQUARETABLES:0.5168829601696884
C_MOBILITY:0.44799778911203064
C_KINGSAFETY:0.5643482675391446
C_PAWNSTRUCTURE:0.5213899769770022
C_PIECECOORDINATION:0.5121042240033384
C_ROOKANDPAWNMOVEMENT:0.5121042240033384
C_CENTERCONTROL:0.50131547386237
C_DEVELOPPIECES:0.49033451907684794
C_MATERIAL:0.5696708398523569
