ELO:948
CE_PASSEDPAWNS:0.44601115524724255
CE_PAWNWEAKNESSES:0.4535976198566734
CE_PIECEACTIVITY:0.5053390056651691
CE_KINGPAWNSHIELD:0.5144429067382777
CE_PIECECOORDINATION:0.5113591154045612
CE_MATERIAL:0.6276977376033905
CE_KINGSAFETY:0.4611466946299457
C_PIECESQUARETABLES:0.5287602443833508
C_MOBILITY:0.4432781173432865
C_KINGSAFETY:0.5433366848684726
C_PAWNSTRUCTURE:0.4877192678374677
C_PIECECOORDINATION:0.49515290131326917
C_ROOKANDPAWNMOVEMENT:0.49515290131326917
C_CENTERCONTROL:0.4998050471819698
C_DEVELOPPIECES:0.492054995355062
C_MATERIAL:0.53012827927923
