ELO:988
CE_PASSEDPAWNS:0.47411386519321874
CE_PAWNWEAKNESSES:0.4533005412777407
CE_PIECEACTIVITY:0.49830648276268963
CE_KINGPAWNSHIELD:0.5200863160325526
CE_PIECECOORDINATION:0.4838813758366346
CE_MATERIAL:0.5770832839074365
CE_KINGSAFETY:0.5391434168823527
C_PIECESQUARETABLES:0.47752035108273533
C_MOBILITY:0.46399193464838395
C_KINGSAFETY:0.49224894972913774
C_PAWNSTRUCTURE:0.5032681864438905
C_PIECECOORDINATION:0.5291740941060531
C_ROOKANDPAWNMOVEMENT:0.5291740941060531
C_CENTERCONTROL:0.4830225453990125
C_DEVELOPPIECES:0.5263746554057608
C_MATERIAL:0.5642806009995129
