ELO:1009
CE_PASSEDPAWNS:0.5086078626992011
CE_PAWNWEAKNESSES:0.5248598604031688
CE_PIECEACTIVITY:0.49573349540477873
CE_KINGPAWNSHIELD:0.48764586075272226
CE_PIECECOORDINATION:0.5113522027279687
CE_MATERIAL:0.4981089047036181
CE_KINGSAFETY:0.5
C_PIECESQUARETABLES:0.5070162902993572
C_MOBILITY:0.5
C_KINGSAFETY:0.5144133679387982
C_PAWNSTRUCTURE:0.5
C_PIECECOORDINATION:0.5026350445947159
C_ROOK:0.5004841661659204
CE_ROOK:0.4985797633323328
C_CENTERCONTROL:0.49650807884561055
C_DEVELOPPIECES:0.5
C_MATERIAL:0.4882313281214256
C_MOVECOUNT:0.47601079036418315
C_PAWNMOVEMENT:0.5
