ELO:1013
CE_PASSEDPAWNS:0.5065790784845459
CE_PAWNWEAKNESSES:0.5076062967932949
CE_PIECEACTIVITY:0.49563909165534314
CE_KINGPAWNSHIELD:0.5115384850874811
CE_PIECECOORDINATION:0.5
CE_MATERIAL:0.5011882206862669
CE_KINGSAFETY:0.5
C_PIECESQUARETABLES:0.5
C_MOBILITY:0.5
C_KINGSAFETY:0.5433542724093239
C_PAWNSTRUCTURE:0.5
C_PIECECOORDINATION:0.4869405894438509
C_ROOKANDPAWNMOVEMENT:0.4869405894438509
C_CENTERCONTROL:0.44788069469553177
C_DEVELOPPIECES:0.5096413276279392
C_MATERIAL:0.5045843468241894
C_MOVECOUNT:0.5
