ELO:914
CE_PASSEDPAWNS:0.4713928269288333
CE_PAWNWEAKNESSES:0.4715099068592968
CE_PIECEACTIVITY:0.5240552829007548
CE_KINGPAWNSHIELD:0.5022544574119677
CE_PIECECOORDINATION:0.49229327709841264
CE_MATERIAL:0.5954652910794218
CE_KINGSAFETY:0.48780194927801324
C_PIECESQUARETABLES:0.5241961365065383
C_MOBILITY:0.4835520081326346
C_KINGSAFETY:0.5441940629069364
C_PAWNSTRUCTURE:0.5200475174432707
C_PIECECOORDINATION:0.4907520921073181
C_ROOKANDPAWNMOVEMENT:0.4907520921073181
C_CENTERCONTROL:0.5096285034697219
C_DEVELOPPIECES:0.4606344320441921
C_MATERIAL:0.526315417531435
