ELO:1052
CE_PASSEDPAWNS:0.49318009983413225
CE_PAWNWEAKNESSES:0.5016212295851243
CE_PIECEACTIVITY:0.5180690068294841
CE_KINGPAWNSHIELD:0.5007721174266254
CE_PIECECOORDINATION:0.5086703503588659
CE_MATERIAL:0.49117272036972864
CE_KINGSAFETY:0.5
C_PIECESQUARETABLES:0.5
C_MOBILITY:0.5132001157821605
C_KINGSAFETY:0.4876060557009499
C_PAWNSTRUCTURE:0.5080916085028273
C_PIECECOORDINATION:0.5183704837768273
C_ROOK:0.4532034981946334
CE_ROOK:0.49050120432589694
C_CENTERCONTROL:0.5302842375222394
C_DEVELOPPIECES:0.49383403657542363
C_MATERIAL:0.5230226521637037
C_MOVECOUNT:0.5008778728888044
C_PAWNMOVEMENT:0.5
