ELO:986
CE_PASSEDPAWNS:0.511774110394891
CE_PAWNWEAKNESSES:0.5277958054794776
CE_PIECEACTIVITY:0.43352024955974083
CE_KINGPAWNSHIELD:0.4779222855135548
CE_PIECECOORDINATION:0.4862928543131988
CE_MATERIAL:0.45764678664289615
CE_KINGSAFETY:0.5222167527856122
C_PIECESQUARETABLES:0.48139439052063954
C_MOBILITY:0.45586383050874324
C_KINGSAFETY:0.5218023132202901
C_PAWNSTRUCTURE:0.45800030607647446
C_PIECECOORDINATION:0.5590148862391925
C_ROOKANDPAWNMOVEMENT:0.5590148862391925
C_CENTERCONTROL:0.5926722316385039
C_DEVELOPPIECES:0.5274715182902614
C_MATERIAL:0.517731739351411
