ELO:927
CE_PASSEDPAWNS:0.4699449676369049
CE_PAWNWEAKNESSES:0.4765716117604979
CE_PIECEACTIVITY:0.5056776074918619
CE_KINGPAWNSHIELD:0.5
CE_PIECECOORDINATION:0.5258455298727118
CE_MATERIAL:0.5060345177304095
CE_KINGSAFETY:0.5
C_PIECESQUARETABLES:0.5
C_MOBILITY:0.4646947986640299
C_KINGSAFETY:0.4635577522427019
C_PAWNSTRUCTURE:0.5076679485543145
C_PIECECOORDINATION:0.549485781452292
C_ROOKANDPAWNMOVEMENT:0.549485781452292
C_CENTERCONTROL:0.49868677385624505
C_DEVELOPPIECES:0.5006458145196678
C_MATERIAL:0.4514631429483094
C_MOVECOUNT:0.5
