ELO:1077
CE_PASSEDPAWNS:0.6325548344703059
CE_PAWNWEAKNESSES:0.47921897304410177
CE_PIECEACTIVITY:0.46873733648716315
CE_KINGPAWNSHIELD:0.5033197354331012
CE_PIECECOORDINATION:0.48749764928007183
CE_MATERIAL:0.44246996459537513
CE_KINGSAFETY:0.49467826899822387
C_PIECESQUARETABLES:0.5372035092397376
C_MOBILITY:0.42444311950260816
C_KINGSAFETY:0.48343411147471493
C_PAWNSTRUCTURE:0.4156061648548506
C_PIECECOORDINATION:0.42193552508585175
C_ROOKANDPAWNMOVEMENT:0.42193552508585175
C_CENTERCONTROL:0.5102695569612927
C_DEVELOPPIECES:0.5740296931199577
C_MATERIAL:0.4508619971283832
