ELO:938
CE_PASSEDPAWNS:0.41792637193316445
CE_PAWNWEAKNESSES:0.45396117885759396
CE_PIECEACTIVITY:0.5236592438768302
CE_KINGPAWNSHIELD:0.5353238247441714
CE_PIECECOORDINATION:0.5341644669582309
CE_MATERIAL:0.5022903097806426
CE_KINGSAFETY:0.49292809650214586
C_PIECESQUARETABLES:0.47092917241658044
C_MOBILITY:0.5231056688424918
C_KINGSAFETY:0.5122384315214863
C_PAWNSTRUCTURE:0.5259839670604836
C_PIECECOORDINATION:0.530712747827934
C_ROOKANDPAWNMOVEMENT:0.530712747827934
C_CENTERCONTROL:0.5121397307561376
C_DEVELOPPIECES:0.5052484939845514
C_MATERIAL:0.48305654202356246
C_MOVECOUNT:0.5066158197855172
