ELO:1000
CE_PASSEDPAWNS:0.5057962290705852
CE_PAWNWEAKNESSES:0.5
CE_PIECEACTIVITY:0.5
CE_KINGPAWNSHIELD:0.5055822370980699
CE_PIECECOORDINATION:0.5
CE_MATERIAL:0.4969511936016824
CE_KINGSAFETY:0.517716518059615
C_PIECESQUARETABLES:0.5102566641924957
C_MOBILITY:0.49322433428258244
C_KINGSAFETY:0.4964970260523308
C_PAWNSTRUCTURE:0.49238194200638863
C_PIECECOORDINATION:0.4740462382338335
C_ROOKANDPAWNMOVEMENT:0.4740462382338335
C_CENTERCONTROL:0.4967764767638859
C_DEVELOPPIECES:0.5022581818176394
C_MATERIAL:0.5043553204804432
