ELO:971
CE_PASSEDPAWNS:0.5693143056264841
CE_PAWNWEAKNESSES:0.6002864920731731
CE_PIECEACTIVITY:0.41978538236581675
CE_KINGPAWNSHIELD:0.4397581434724454
CE_PIECECOORDINATION:0.4818735047951613
CE_MATERIAL:0.514309032243516
CE_KINGSAFETY:0.5175116983408052
C_PIECESQUARETABLES:0.4611163757834037
C_MOBILITY:0.38383418656405915
C_KINGSAFETY:0.5139376024993633
C_PAWNSTRUCTURE:0.450084548034916
C_PIECECOORDINATION:0.5370025485650886
C_ROOKANDPAWNMOVEMENT:0.5370025485650886
C_CENTERCONTROL:0.5697912734077757
C_DEVELOPPIECES:0.5192964151434414
C_MATERIAL:0.6331700007417812
