ELO:889
CE_PASSEDPAWNS:0.5139315121231233
CE_PAWNWEAKNESSES:0.4739571856686645
CE_PIECEACTIVITY:0.39066572949030487
CE_KINGPAWNSHIELD:0.4550587998566944
CE_PIECECOORDINATION:0.48790347248815824
CE_MATERIAL:0.6103357118869207
CE_KINGSAFETY:0.5023017665185465
C_PIECESQUARETABLES:0.5
C_MOBILITY:0.45698716673005885
C_KINGSAFETY:0.4989778269113928
C_PAWNSTRUCTURE:0.483325572324317
C_PIECECOORDINATION:0.5384947721055998
C_ROOKANDPAWNMOVEMENT:0.5384947721055998
C_CENTERCONTROL:0.4846883377512429
C_DEVELOPPIECES:0.7004485299747687
C_MATERIAL:0.4956699774259617
C_MOVECOUNT:0.5
