ELO:1117
CE_PASSEDPAWNS:0.4948357643847652
CE_PAWNWEAKNESSES:0.5018274149743518
CE_PIECEACTIVITY:0.48608314872715286
CE_KINGPAWNSHIELD:0.5142600735133351
CE_PIECECOORDINATION:0.4990128937947933
CE_MATERIAL:0.5345138918916292
CE_KINGSAFETY:0.5
C_PIECESQUARETABLES:0.5
C_MOBILITY:0.518517457226229
C_KINGSAFETY:0.4746231616457013
C_PAWNSTRUCTURE:0.4854765850285544
C_PIECECOORDINATION:0.5051934982998185
C_ROOK:0.5
CE_ROOK:0.4938489949810382
C_CENTERCONTROL:0.514686348894898
C_DEVELOPPIECES:0.4631289165320919
C_MATERIAL:0.4729796226216417
C_MOVECOUNT:0.4972319091545409
C_PAWNMOVEMENT:0.5049870011267442
