ELO:996
CE_PASSEDPAWNS:0.4961002698960896
CE_PAWNWEAKNESSES:0.49322959149338386
CE_PIECEACTIVITY:0.4886095510074908
CE_KINGPAWNSHIELD:0.5149010846177143
CE_PIECECOORDINATION:0.4923315393918468
CE_MATERIAL:0.5533666914081727
CE_KINGSAFETY:0.5223828448466338
C_PIECESQUARETABLES:0.4958464289876242
C_MOBILITY:0.4748126920384603
C_KINGSAFETY:0.49790592515287324
C_PAWNSTRUCTURE:0.5025906503432499
C_PIECECOORDINATION:0.49342307735983726
C_ROOKANDPAWNMOVEMENT:0.49342307735983726
C_CENTERCONTROL:0.513747800430474
C_DEVELOPPIECES:0.5302567070172939
C_MATERIAL:0.5664962322413989
