ELO:983
CE_PASSEDPAWNS:0.5139071207714512
CE_PAWNWEAKNESSES:0.5427005200417817
CE_PIECEACTIVITY:0.4371953563483991
CE_KINGPAWNSHIELD:0.4735668920751295
CE_PIECECOORDINATION:0.4716921078105692
CE_MATERIAL:0.46798887890800783
CE_KINGSAFETY:0.5103813128969057
C_PIECESQUARETABLES:0.5034467379895977
C_MOBILITY:0.4342278639704351
C_KINGSAFETY:0.5213118406253119
C_PAWNSTRUCTURE:0.47316367838582496
C_PIECECOORDINATION:0.5628173135075576
C_ROOKANDPAWNMOVEMENT:0.5628173135075576
C_CENTERCONTROL:0.5828484452771259
C_DEVELOPPIECES:0.488364532030436
C_MATERIAL:0.6004514564278809
