ELO:898
CE_PASSEDPAWNS:0.4959615299852442
CE_PAWNWEAKNESSES:0.513755204862066
CE_PIECEACTIVITY:0.4745768237498485
CE_KINGPAWNSHIELD:0.5149658713500339
CE_PIECECOORDINATION:0.48930175201669146
CE_MATERIAL:0.49405126192973925
CE_KINGSAFETY:0.49404484354245953
C_PIECESQUARETABLES:0.5020068259637442
C_MOBILITY:0.4946954156092873
C_KINGSAFETY:0.49705554535286744
C_PAWNSTRUCTURE:0.5013630674924977
C_PIECECOORDINATION:0.5112273329022632
C_ROOK:0.5
CE_ROOK:0.5
C_CENTERCONTROL:0.49776325991453063
C_DEVELOPPIECES:0.5026654405132697
C_MATERIAL:0.4884857882124716
C_MOVECOUNT:0.4999573473871648
C_PAWNMOVEMENT:0.5
