ELO:958
CE_PASSEDPAWNS:0.5628148679873398
CE_PAWNWEAKNESSES:0.5926198242179557
CE_PIECEACTIVITY:0.4275658676839832
CE_KINGPAWNSHIELD:0.4284236297337671
CE_PIECECOORDINATION:0.4817054101839914
CE_MATERIAL:0.520517401499896
CE_KINGSAFETY:0.5093622416006124
C_PIECESQUARETABLES:0.48851524027290133
C_MOBILITY:0.3931085714661422
C_KINGSAFETY:0.5241124416073316
C_PAWNSTRUCTURE:0.450084548034916
C_PIECECOORDINATION:0.5344014921221257
C_ROOKANDPAWNMOVEMENT:0.5344014921221257
C_CENTERCONTROL:0.5697912734077757
C_DEVELOPPIECES:0.5214889346966874
C_MATERIAL:0.631591439669672
