ELO:988
CE_PASSEDPAWNS:0.5457345729423272
CE_PAWNWEAKNESSES:0.43884220866326806
CE_PIECEACTIVITY:0.5256534381721791
CE_KINGPAWNSHIELD:0.41084531983404965
CE_PIECECOORDINATION:0.45909703734638235
CE_MATERIAL:0.41237886705497595
CE_KINGSAFETY:0.4958414701183341
C_PIECESQUARETABLES:0.5
C_MOBILITY:0.6106431556756368
C_KINGSAFETY:0.5077087654596292
C_PAWNSTRUCTURE:0.4921716114324138
C_PIECECOORDINATION:0.5562674503149065
C_ROOKANDPAWNMOVEMENT:0.5562674503149065
C_CENTERCONTROL:0.3628208528192532
C_DEVELOPPIECES:0.5372214650415256
C_MATERIAL:0.5767397642812029
