ELO:1000
CE_PASSEDPAWNS:0.5127928762327191
CE_PAWNWEAKNESSES:0.47942089208489796
CE_PIECEACTIVITY:0.48483979338693706
CE_KINGPAWNSHIELD:0.4873180833063686
CE_PIECECOORDINATION:0.5025213386945758
CE_MATERIAL:0.4984579189522773
CE_KINGSAFETY:0.5204049052635322
C_PIECESQUARETABLES:0.5196275242863528
C_MOBILITY:0.5189457059489087
C_KINGSAFETY:0.4941238390625984
C_PAWNSTRUCTURE:0.5068973383726708
C_PIECECOORDINATION:0.4560828375722464
C_ROOKANDPAWNMOVEMENT:0.4560828375722464
C_CENTERCONTROL:0.5484994327162855
C_DEVELOPPIECES:0.49647142310910436
C_MATERIAL:0.5298848917557557
