ELO:998
CE_PASSEDPAWNS:0.514161558837736
CE_PAWNWEAKNESSES:0.4893112514628783
CE_PIECEACTIVITY:0.5025796888186035
CE_KINGPAWNSHIELD:0.5297251245230663
CE_PIECECOORDINATION:0.5074864576702307
CE_MATERIAL:0.5117283308697754
CE_KINGSAFETY:0.5096936889252907
C_PIECESQUARETABLES:0.5098812043781816
C_MOBILITY:0.4963325117432778
C_KINGSAFETY:0.5043952043155346
C_PAWNSTRUCTURE:0.4979135508494677
C_PIECECOORDINATION:0.49791630539242954
C_ROOK:0.5107940555395215
CE_ROOK:0.4887972621092938
C_CENTERCONTROL:0.5
C_DEVELOPPIECES:0.4862279554118217
C_MATERIAL:0.5038397186516856
C_MOVECOUNT:0.5086760567243888
C_PAWNMOVEMENT:0.4891818147658042
