ELO:1000
CE_PASSEDPAWNS:0.5135237366988625
CE_PAWNWEAKNESSES:0.5116644695787743
CE_PIECEACTIVITY:0.5054184602013855
CE_KINGPAWNSHIELD:0.4922104514514528
CE_PIECECOORDINATION:0.4976655636618385
CE_MATERIAL:0.49491134881578225
CE_KINGSAFETY:0.492099676657252
C_PIECESQUARETABLES:0.4928180977899757
C_MOBILITY:0.47353571805185124
C_KINGSAFETY:0.5150440580665208
C_PAWNSTRUCTURE:0.4667605559272962
C_PIECECOORDINATION:0.5100483017045027
C_ROOKANDPAWNMOVEMENT:0.5100483017045027
C_CENTERCONTROL:0.5020717319788149
C_DEVELOPPIECES:0.5180834241538417
C_MATERIAL:0.4432943712848706
