ELO:1011
CE_PASSEDPAWNS:0.5
CE_PAWNWEAKNESSES:0.458623202335436
CE_PIECEACTIVITY:0.48879551659157294
CE_KINGPAWNSHIELD:0.5036857336567319
CE_PIECECOORDINATION:0.49947374476486595
CE_MATERIAL:0.48949401981261653
CE_KINGSAFETY:0.4991944393924865
C_PIECESQUARETABLES:0.49344795126976065
C_MOBILITY:0.4952352527065514
C_KINGSAFETY:0.5118347761323206
C_PAWNSTRUCTURE:0.48433453012145333
C_PIECECOORDINATION:0.5
C_ROOKANDPAWNMOVEMENT:0.5
C_CENTERCONTROL:0.489618061115694
C_DEVELOPPIECES:0.5092582959206459
C_MATERIAL:0.5
C_MOVECOUNT:0.5
