ELO:843
CE_PASSEDPAWNS:0.5515037357255048
CE_PAWNWEAKNESSES:0.5055050793365482
CE_PIECEACTIVITY:0.5086076174033054
CE_KINGPAWNSHIELD:0.4792027108654086
CE_PIECECOORDINATION:0.48319284377679744
CE_MATERIAL:0.4883015030869715
CE_KINGSAFETY:0.4896091287151747
C_PIECESQUARETABLES:0.479492644550127
C_MOBILITY:0.5107460121400075
C_KINGSAFETY:0.5033545314301311
C_PAWNSTRUCTURE:0.47287413875704726
C_PIECECOORDINATION:0.5415420822443625
C_ROOKANDPAWNMOVEMENT:0.5415420822443625
C_CENTERCONTROL:0.4990998733623329
C_DEVELOPPIECES:0.46158751585056246
C_MATERIAL:0.5151874696389552
C_MOVECOUNT:0.49939054856874854
