ELO:1081
CE_PASSEDPAWNS:0.41944183844580996
CE_PAWNWEAKNESSES:0.5071463909540176
CE_PIECEACTIVITY:0.4430800491090022
CE_KINGPAWNSHIELD:0.5038544351261935
CE_PIECECOORDINATION:0.4638327840669064
CE_MATERIAL:0.40867052630912193
CE_KINGSAFETY:0.5
C_PIECESQUARETABLES:0.5
C_MOBILITY:0.5363439708280316
C_KINGSAFETY:0.5024355230871307
C_PAWNSTRUCTURE:0.39647277591186325
C_PIECECOORDINATION:0.4890165843204907
C_ROOKANDPAWNMOVEMENT:0.4890165843204907
C_CENTERCONTROL:0.5999320428644972
C_DEVELOPPIECES:0.5519434463880346
C_MATERIAL:0.4152311944122647
