ELO:1007
CE_PASSEDPAWNS:0.4806197477518041
CE_PAWNWEAKNESSES:0.5040015122369569
CE_PIECEACTIVITY:0.5301158475003726
CE_KINGPAWNSHIELD:0.4660497360636593
CE_PIECECOORDINATION:0.5075210101460471
CE_MATERIAL:0.46295221950949766
CE_KINGSAFETY:0.46535617270053686
C_PIECESQUARETABLES:0.5
C_MOBILITY:0.4835164013050288
C_KINGSAFETY:0.5099174910637498
C_PAWNSTRUCTURE:0.5032179713012929
C_PIECECOORDINATION:0.49433819567698795
C_ROOKANDPAWNMOVEMENT:0.49433819567698795
C_CENTERCONTROL:0.45779124824493517
C_DEVELOPPIECES:0.4888748667940057
C_MATERIAL:0.5146780710460334
C_MOVECOUNT:0.5
