ELO:804
CE_PASSEDPAWNS:0.5616521788769179
CE_PAWNWEAKNESSES:0.5281155234561793
CE_PIECEACTIVITY:0.48992917690845955
CE_KINGPAWNSHIELD:0.46301423675489756
CE_PIECECOORDINATION:0.4681994923401244
CE_MATERIAL:0.4243086076393065
CE_KINGSAFETY:0.49909597127488864
C_PIECESQUARETABLES:0.5012272294475417
C_MOBILITY:0.5246782330407452
C_KINGSAFETY:0.5370438589223514
C_PAWNSTRUCTURE:0.43592528945296594
C_PIECECOORDINATION:0.5445942137447923
C_ROOKANDPAWNMOVEMENT:0.5445942137447923
C_CENTERCONTROL:0.5328519239930618
C_DEVELOPPIECES:0.4429976174925085
C_MATERIAL:0.5216642211502552
C_MOVECOUNT:0.5048773706984224
