ELO:855
CE_PASSEDPAWNS:0.536030526149967
CE_PAWNWEAKNESSES:0.5096083647636821
CE_PIECEACTIVITY:0.38295313740637227
CE_KINGPAWNSHIELD:0.5022861486367242
CE_PIECECOORDINATION:0.4987155380966756
CE_MATERIAL:0.5760388762842655
CE_KINGSAFETY:0.4883938022580665
C_PIECESQUARETABLES:0.4830683346065481
C_MOBILITY:0.5729286259408063
C_KINGSAFETY:0.4179187280871842
C_PAWNSTRUCTURE:0.44613716073915294
C_PIECECOORDINATION:0.4325728333335796
C_ROOKANDPAWNMOVEMENT:0.4325728333335796
C_CENTERCONTROL:0.552984247967834
C_DEVELOPPIECES:0.42897903972718243
C_MATERIAL:0.4797893861804046
