ELO:982
CE_PASSEDPAWNS:0.4550382825268014
CE_PAWNWEAKNESSES:0.5092287810879849
CE_PIECEACTIVITY:0.4881915502502211
CE_KINGPAWNSHIELD:0.464361344555401
CE_PIECECOORDINATION:0.5715070520575473
CE_MATERIAL:0.5102957176460264
CE_KINGSAFETY:0.5136960659462981
C_PIECESQUARETABLES:0.40822351515214234
C_MOBILITY:0.4597430680657178
C_KINGSAFETY:0.49516432307952
C_PAWNSTRUCTURE:0.47060151211126905
C_PIECECOORDINATION:0.51236851254292
C_ROOKANDPAWNMOVEMENT:0.51236851254292
C_CENTERCONTROL:0.5086910580962031
C_DEVELOPPIECES:0.49779633950835905
C_MATERIAL:0.4531172797046386
