ELO:999
CE_PASSEDPAWNS:0.504086532442662
CE_PAWNWEAKNESSES:0.49736914557440054
CE_PIECEACTIVITY:0.48435236813014926
CE_KINGPAWNSHIELD:0.504035570680729
CE_PIECECOORDINATION:0.508562479634645
CE_MATERIAL:0.48254760481087144
CE_KINGSAFETY:0.5
C_PIECESQUARETABLES:0.5
C_MOBILITY:0.5
C_KINGSAFETY:0.5002934141260228
C_PAWNSTRUCTURE:0.4938574104008021
C_PIECECOORDINATION:0.5053481102362327
C_ROOKANDPAWNMOVEMENT:0.5053481102362327
C_CENTERCONTROL:0.5018443805813212
C_DEVELOPPIECES:0.47086856808984645
C_MATERIAL:0.503629910601707
C_MOVECOUNT:0.4882988947960571
