ELO:839
CE_PASSEDPAWNS:0.5674111608675785
CE_PAWNWEAKNESSES:0.5291789680862075
CE_PIECEACTIVITY:0.47200250882011946
CE_KINGPAWNSHIELD:0.4501277116292384
CE_PIECECOORDINATION:0.4600392873205315
CE_MATERIAL:0.45037152645915546
CE_KINGSAFETY:0.46638487693325004
C_PIECESQUARETABLES:0.5029295103502568
C_MOBILITY:0.5186728353569945
C_KINGSAFETY:0.5402856801672629
C_PAWNSTRUCTURE:0.4354585113730279
C_PIECECOORDINATION:0.5302481311422377
C_ROOKANDPAWNMOVEMENT:0.5302481311422377
C_CENTERCONTROL:0.5237887763373404
C_DEVELOPPIECES:0.442127287189616
C_MATERIAL:0.49894338241670283
C_MOVECOUNT:0.5053768428218034
