ELO:942
CE_PASSEDPAWNS:0.492093944085989
CE_PAWNWEAKNESSES:0.4844744193185356
CE_PIECEACTIVITY:0.5513644514848126
CE_KINGPAWNSHIELD:0.4737956908751831
CE_PIECECOORDINATION:0.4626695853228381
CE_MATERIAL:0.5097453824165223
CE_KINGSAFETY:0.514468283323734
C_PIECESQUARETABLES:0.48107563140565585
C_MOBILITY:0.49785589404594527
C_KINGSAFETY:0.485312380810769
C_PAWNSTRUCTURE:0.5189624752299792
C_PIECECOORDINATION:0.48594505915248115
C_ROOKANDPAWNMOVEMENT:0.48594505915248115
C_CENTERCONTROL:0.47906040332870753
C_DEVELOPPIECES:0.49716763481082193
C_MATERIAL:0.5109251436041033
C_MOVECOUNT:0.5013152860578861
