ELO:1000
CE_PASSEDPAWNS:0.5007067609224495
CE_PAWNWEAKNESSES:0.5045171890738733
CE_PIECEACTIVITY:0.49249829012485713
CE_KINGPAWNSHIELD:0.5106239700958902
CE_PIECECOORDINATION:0.5115828912085087
CE_MATERIAL:0.5054503070756295
CE_KINGSAFETY:0.5066634121905931
C_PIECESQUARETABLES:0.5001565048376343
C_MOBILITY:0.49885693996742836
C_KINGSAFETY:0.5
C_PAWNSTRUCTURE:0.489331443058326
C_PIECECOORDINATION:0.5062621675899162
C_ROOKANDPAWNMOVEMENT:0.5062621675899162
C_CENTERCONTROL:0.5
C_DEVELOPPIECES:0.5005670583327385
C_MATERIAL:0.4895750496744908
