ELO:938
CE_PASSEDPAWNS:0.6047826720359143
CE_PAWNWEAKNESSES:0.5991813306983103
CE_PIECEACTIVITY:0.54395481687111
CE_KINGPAWNSHIELD:0.5262708215837829
CE_PIECECOORDINATION:0.5089598458161689
CE_MATERIAL:0.5046465920106459
CE_KINGSAFETY:0.5074113644985235
C_PIECESQUARETABLES:0.5063648620185823
C_MOBILITY:0.5340601952553423
C_KINGSAFETY:0.5141582342901725
C_PAWNSTRUCTURE:0.5174743649913427
C_PIECECOORDINATION:0.541504608608865
C_ROOKANDPAWNMOVEMENT:0.541504608608865
C_CENTERCONTROL:0.5205533334682396
C_DEVELOPPIECES:0.4984975327942172
C_MATERIAL:0.44134054673592593
