ELO:791
CE_PASSEDPAWNS:0.5156175899872877
CE_PAWNWEAKNESSES:0.46218652041261715
CE_PIECEACTIVITY:0.4955739409910566
CE_KINGPAWNSHIELD:0.5827863331877288
CE_PIECECOORDINATION:0.47836774798441384
CE_MATERIAL:0.5350235797589569
CE_KINGSAFETY:0.5111145860116699
C_PIECESQUARETABLES:0.5
C_MOBILITY:0.5272420428764836
C_KINGSAFETY:0.5609423211162344
C_PAWNSTRUCTURE:0.5057620861775615
C_PIECECOORDINATION:0.5266008679966615
C_ROOK:0.4954348649101983
CE_ROOK:0.5086669370834438
C_CENTERCONTROL:0.550464099535054
C_DEVELOPPIECES:0.44687993606965154
C_MATERIAL:0.502043211837853
C_MOVECOUNT:0.46554422380906296
C_PAWNMOVEMENT:0.5076649152167696
