ELO:946
CE_PASSEDPAWNS:0.4988676299476978
CE_PAWNWEAKNESSES:0.45789281804590803
CE_PIECEACTIVITY:0.5093833470198572
CE_KINGPAWNSHIELD:0.49481339179427575
CE_PIECECOORDINATION:0.5181320476387868
CE_MATERIAL:0.4901082167089116
CE_KINGSAFETY:0.5
C_PIECESQUARETABLES:0.5
C_MOBILITY:0.5068309556108916
C_KINGSAFETY:0.5214158252457518
C_PAWNSTRUCTURE:0.45363675150204574
C_PIECECOORDINATION:0.5097905976848707
C_ROOKANDPAWNMOVEMENT:0.5097905976848707
C_CENTERCONTROL:0.49337036587516203
C_DEVELOPPIECES:0.4185100998877913
C_MATERIAL:0.5115772033098961
C_MOVECOUNT:0.5
