ELO:993
CE_PASSEDPAWNS:0.520284888251666
CE_PAWNWEAKNESSES:0.5022624682221627
CE_PIECEACTIVITY:0.46253380430958413
CE_KINGPAWNSHIELD:0.48835717617173463
CE_PIECECOORDINATION:0.5112657509449128
CE_MATERIAL:0.5085015307134458
CE_KINGSAFETY:0.5508304135912995
C_PIECESQUARETABLES:0.5231647057208348
C_MOBILITY:0.5280509714516254
C_KINGSAFETY:0.5165128379894645
C_PAWNSTRUCTURE:0.5514673000522134
C_PIECECOORDINATION:0.4780202062814189
C_ROOKANDPAWNMOVEMENT:0.4780202062814189
C_CENTERCONTROL:0.5177887105165725
C_DEVELOPPIECES:0.4601379846549341
C_MATERIAL:0.47269627076333376
