ELO:1006
CE_PASSEDPAWNS:0.48471041513052615
CE_PAWNWEAKNESSES:0.4559220945185799
CE_PIECEACTIVITY:0.49597761135632806
CE_KINGPAWNSHIELD:0.49537115973779433
CE_PIECECOORDINATION:0.4485956125357362
CE_MATERIAL:0.5206118900911
CE_KINGSAFETY:0.5
C_PIECESQUARETABLES:0.5
C_MOBILITY:0.4965268577430581
C_KINGSAFETY:0.5069747514965638
C_PAWNSTRUCTURE:0.5093326696712613
C_PIECECOORDINATION:0.5486860981227879
C_ROOKANDPAWNMOVEMENT:0.5486860981227879
C_CENTERCONTROL:0.4960609498727738
C_DEVELOPPIECES:0.5
C_MATERIAL:0.5222519657452552
C_MOVECOUNT:0.5
