ELO:965
CE_PASSEDPAWNS:0.6091493317828846
CE_PAWNWEAKNESSES:0.5552943440145139
CE_PIECEACTIVITY:0.4973536511547935
CE_KINGPAWNSHIELD:0.4603842837551732
CE_PIECECOORDINATION:0.5355750772717396
CE_MATERIAL:0.4864754960658592
CE_KINGSAFETY:0.5086876054046039
C_PIECESQUARETABLES:0.5
C_MOBILITY:0.5488161399408361
C_KINGSAFETY:0.4765620246663844
C_PAWNSTRUCTURE:0.5131359890508908
C_PIECECOORDINATION:0.5203519289166639
C_ROOKANDPAWNMOVEMENT:0.5203519289166639
C_CENTERCONTROL:0.5218352443763935
C_DEVELOPPIECES:0.46796388431731145
C_MATERIAL:0.525918690670892
