ELO:961
CE_PASSEDPAWNS:0.5033082667415101
CE_PAWNWEAKNESSES:0.4631305745686331
CE_PIECEACTIVITY:0.5123593517979786
CE_KINGPAWNSHIELD:0.5433873642957935
CE_PIECECOORDINATION:0.4746607912901076
CE_MATERIAL:0.5423117587302579
CE_KINGSAFETY:0.49019929813105995
C_PIECESQUARETABLES:0.5053771809778368
C_MOBILITY:0.5008789433358736
C_KINGSAFETY:0.5079851154862152
C_PAWNSTRUCTURE:0.50542757026287
C_PIECECOORDINATION:0.4989458469539521
C_ROOK:0.5399727309998013
CE_ROOK:0.5226952118877454
C_CENTERCONTROL:0.5457924654394766
C_DEVELOPPIECES:0.4649924050709427
C_MATERIAL:0.4893229867571624
C_MOVECOUNT:0.492427830164724
C_PAWNMOVEMENT:0.5232598416635129
