ELO:953
CE_PASSEDPAWNS:0.5105621976185941
CE_PAWNWEAKNESSES:0.4736643263997742
CE_PIECEACTIVITY:0.4893039360069636
CE_KINGPAWNSHIELD:0.5683351171325437
CE_PIECECOORDINATION:0.4672620457800573
CE_MATERIAL:0.5349746574094965
CE_KINGSAFETY:0.49818107718449306
C_PIECESQUARETABLES:0.49638213347443577
C_MOBILITY:0.5015803039006601
C_KINGSAFETY:0.5257777286918869
C_PAWNSTRUCTURE:0.5065701107760564
C_PIECECOORDINATION:0.5192700908064379
C_ROOK:0.5203503449741262
CE_ROOK:0.5126199591925947
C_CENTERCONTROL:0.5591097903759567
C_DEVELOPPIECES:0.4525100278754754
C_MATERIAL:0.4958420484978034
C_MOVECOUNT:0.4877528823674195
C_PAWNMOVEMENT:0.5284444503984557
