ELO:842
CE_PASSEDPAWNS:0.604177135773402
CE_PAWNWEAKNESSES:0.514773693110147
CE_PIECEACTIVITY:0.5153271510864215
CE_KINGPAWNSHIELD:0.4669092834465689
CE_PIECECOORDINATION:0.4796396125461625
CE_MATERIAL:0.4677503456957101
CE_KINGSAFETY:0.45254132358547616
C_PIECESQUARETABLES:0.47570568309580985
C_MOBILITY:0.5034772495736568
C_KINGSAFETY:0.526048450743061
C_PAWNSTRUCTURE:0.43472351094291384
C_PIECECOORDINATION:0.5154608928353864
C_ROOKANDPAWNMOVEMENT:0.5154608928353864
C_CENTERCONTROL:0.5156299394186072
C_DEVELOPPIECES:0.4281875533506025
C_MATERIAL:0.5183925306771702
C_MOVECOUNT:0.49436577285151767
