ELO:1090
CE_PASSEDPAWNS:0.6265858286916836
CE_PAWNWEAKNESSES:0.4957808583234976
CE_PIECEACTIVITY:0.47532327150291037
CE_KINGPAWNSHIELD:0.5198436457157191
CE_PIECECOORDINATION:0.4722248979884666
CE_MATERIAL:0.4442545728453815
CE_KINGSAFETY:0.48362999234956194
C_PIECESQUARETABLES:0.4978686761114177
C_MOBILITY:0.4236438292096598
C_KINGSAFETY:0.4984231098997403
C_PAWNSTRUCTURE:0.404863789593888
C_PIECECOORDINATION:0.4752575369515626
C_ROOKANDPAWNMOVEMENT:0.4752575369515626
C_CENTERCONTROL:0.5390068237272233
C_DEVELOPPIECES:0.6116816169413303
C_MATERIAL:0.3818092748147762
