ELO:1000
CE_PASSEDPAWNS:0.5202666625544428
CE_PAWNWEAKNESSES:0.4759169359446372
CE_PIECEACTIVITY:0.4855573744929384
CE_KINGPAWNSHIELD:0.4887630875036303
CE_PIECECOORDINATION:0.49911464041240644
CE_MATERIAL:0.5090845035634872
CE_KINGSAFETY:0.5127851663543723
C_PIECESQUARETABLES:0.5135659995329225
C_MOBILITY:0.5189457059489087
C_KINGSAFETY:0.4941238390625984
C_PAWNSTRUCTURE:0.5005316219023687
C_PIECECOORDINATION:0.44839776787213853
C_ROOKANDPAWNMOVEMENT:0.44839776787213853
C_CENTERCONTROL:0.5297589445496373
C_DEVELOPPIECES:0.5073516670827607
C_MATERIAL:0.5354681181503075
