ELO:979
CE_PASSEDPAWNS:0.504086532442662
CE_PAWNWEAKNESSES:0.48398247497070196
CE_PIECEACTIVITY:0.4903657394800746
CE_KINGPAWNSHIELD:0.5079127629748142
CE_PIECECOORDINATION:0.5034458044641856
CE_MATERIAL:0.5
CE_KINGSAFETY:0.5
C_PIECESQUARETABLES:0.5
C_MOBILITY:0.5038610318860735
C_KINGSAFETY:0.5054798973223035
C_PAWNSTRUCTURE:0.5141199727882927
C_PIECECOORDINATION:0.5077364505267301
C_ROOKANDPAWNMOVEMENT:0.5077364505267301
C_CENTERCONTROL:0.5117533131767477
C_DEVELOPPIECES:0.5
C_MATERIAL:0.49217841707612253
C_MOVECOUNT:0.4857142785021382
