ELO:983
CE_PASSEDPAWNS:0.4414117745442283
CE_PAWNWEAKNESSES:0.5136219689880986
CE_PIECEACTIVITY:0.47441497575689257
CE_KINGPAWNSHIELD:0.4841357908905457
CE_PIECECOORDINATION:0.5350004164456705
CE_MATERIAL:0.4768882922064433
CE_KINGSAFETY:0.5055978445938463
C_PIECESQUARETABLES:0.4783488254426441
C_MOBILITY:0.45447856592328373
C_KINGSAFETY:0.5166446131031007
C_PAWNSTRUCTURE:0.43204593895527243
C_PIECECOORDINATION:0.4756601984113655
C_ROOKANDPAWNMOVEMENT:0.4756601984113655
C_CENTERCONTROL:0.5639236297292333
C_DEVELOPPIECES:0.5017685383915343
C_MATERIAL:0.4811692884522441
