ELO:975
CE_PASSEDPAWNS:0.5240305493719485
CE_PAWNWEAKNESSES:0.4631305745686331
CE_PIECEACTIVITY:0.5123593517979786
CE_KINGPAWNSHIELD:0.5354938196705994
CE_PIECECOORDINATION:0.47096226695100146
CE_MATERIAL:0.5551457510660434
CE_KINGSAFETY:0.5073729535828848
C_PIECESQUARETABLES:0.4969414926369123
C_MOBILITY:0.4970046390827
C_KINGSAFETY:0.5113158577287925
C_PAWNSTRUCTURE:0.5011830685776651
C_PIECECOORDINATION:0.5040752395269368
C_ROOK:0.5190122097853407
CE_ROOK:0.5146631404519896
C_CENTERCONTROL:0.5376829616548904
C_DEVELOPPIECES:0.47284822226490586
C_MATERIAL:0.4848340333820722
C_MOVECOUNT:0.5030283686104826
C_PAWNMOVEMENT:0.5228685279452314
