ELO:1009
CE_PASSEDPAWNS:0.4918693024075597
CE_PAWNWEAKNESSES:0.5
CE_PIECEACTIVITY:0.5022308495811146
CE_KINGPAWNSHIELD:0.49983981425242463
CE_PIECECOORDINATION:0.5036300360556557
CE_MATERIAL:0.5
CE_KINGSAFETY:0.5
C_PIECESQUARETABLES:0.5
C_MOBILITY:0.5
C_KINGSAFETY:0.47582102148974065
C_PAWNSTRUCTURE:0.5022106920195981
C_PIECECOORDINATION:0.5120707136808407
C_ROOKANDPAWNMOVEMENT:0.5120707136808407
C_CENTERCONTROL:0.49662556305061695
C_DEVELOPPIECES:0.49357640655028573
C_MATERIAL:0.48943832818282507
C_MOVECOUNT:0.5
