ELO:982
CE_PASSEDPAWNS:0.4966915452401388
CE_PAWNWEAKNESSES:0.4925426034525745
CE_PIECEACTIVITY:0.45851022899856336
CE_KINGPAWNSHIELD:0.5097144691354232
CE_PIECECOORDINATION:0.4975454759830976
CE_MATERIAL:0.47940115136025147
CE_KINGSAFETY:0.5074728744037292
C_PIECESQUARETABLES:0.5
C_MOBILITY:0.49793850815301355
C_KINGSAFETY:0.4806108935062413
C_PAWNSTRUCTURE:0.5068847777867016
C_PIECECOORDINATION:0.492182066961397
C_ROOKANDPAWNMOVEMENT:0.492182066961397
C_CENTERCONTROL:0.5212010420442571
C_DEVELOPPIECES:0.5129109630741303
C_MATERIAL:0.5116302252149844
