ELO:1009
CE_PASSEDPAWNS:0.5151953659493322
CE_PAWNWEAKNESSES:0.4893112514628783
CE_PIECEACTIVITY:0.5
CE_KINGPAWNSHIELD:0.5297251245230663
CE_PIECECOORDINATION:0.4824426646994725
CE_MATERIAL:0.520574363996073
CE_KINGSAFETY:0.5
C_PIECESQUARETABLES:0.5
C_MOBILITY:0.4963325117432778
C_KINGSAFETY:0.4966096345814823
C_PAWNSTRUCTURE:0.50931391489932
C_PIECECOORDINATION:0.5031279541985209
C_ROOK:0.5107940555395215
CE_ROOK:0.4887972621092938
C_CENTERCONTROL:0.5
C_DEVELOPPIECES:0.47942015628730944
C_MATERIAL:0.5038397186516856
C_MOVECOUNT:0.5122186728371597
C_PAWNMOVEMENT:0.4955195985172687
