ELO:996
CE_PASSEDPAWNS:0.5075178636768919
CE_PAWNWEAKNESSES:0.5153186925731192
CE_PIECEACTIVITY:0.500262718397699
CE_KINGPAWNSHIELD:0.4076561608377238
CE_PIECECOORDINATION:0.44538019471221774
CE_MATERIAL:0.5490628237587319
CE_KINGSAFETY:0.5112899109944471
C_PIECESQUARETABLES:0.5171026243315038
C_MOBILITY:0.5003581273428951
C_KINGSAFETY:0.5555396845641076
C_PAWNSTRUCTURE:0.4902901253508219
C_PIECECOORDINATION:0.545207509373014
C_ROOKANDPAWNMOVEMENT:0.545207509373014
C_CENTERCONTROL:0.40193646091947455
C_DEVELOPPIECES:0.5157200029418945
C_MATERIAL:0.5961268017656108
