ELO:1000
CE_PASSEDPAWNS:0.5
CE_PAWNWEAKNESSES:0.5068457637440985
CE_PIECEACTIVITY:0.5
CE_KINGPAWNSHIELD:0.5036217081881349
CE_PIECECOORDINATION:0.5068531610454416
CE_MATERIAL:0.5
CE_KINGSAFETY:0.4986935716762565
C_PIECESQUARETABLES:0.5
C_MOBILITY:0.49838039461274386
C_KINGSAFETY:0.5034297113998829
C_PAWNSTRUCTURE:0.4904938509305242
C_PIECECOORDINATION:0.4848164747539696
C_ROOKANDPAWNMOVEMENT:0.4848164747539696
C_CENTERCONTROL:0.49358478809597256
C_DEVELOPPIECES:0.5
C_MATERIAL:0.5
