ELO:965
CE_PASSEDPAWNS:0.44673329025918085
CE_PAWNWEAKNESSES:0.49630593080942237
CE_PIECEACTIVITY:0.45794281643897566
CE_KINGPAWNSHIELD:0.4709575863781268
CE_PIECECOORDINATION:0.5109538908736204
CE_MATERIAL:0.513464843016692
CE_KINGSAFETY:0.5103636902635595
C_PIECESQUARETABLES:0.5
C_MOBILITY:0.4442964612520162
C_KINGSAFETY:0.5208581193211155
C_PAWNSTRUCTURE:0.42866490747426284
C_PIECECOORDINATION:0.482289714441459
C_ROOKANDPAWNMOVEMENT:0.482289714441459
C_CENTERCONTROL:0.5614440920808407
C_DEVELOPPIECES:0.46608771382349584
C_MATERIAL:0.46373003144069674
