ELO:845
CE_PASSEDPAWNS:0.5016645067938686
CE_PAWNWEAKNESSES:0.4860200941992655
CE_PIECEACTIVITY:0.5052602044995891
CE_KINGPAWNSHIELD:0.5788068743704934
CE_PIECECOORDINATION:0.4886069832587443
CE_MATERIAL:0.5311508712617624
CE_KINGSAFETY:0.5
C_PIECESQUARETABLES:0.5032340487064019
C_MOBILITY:0.4937551464003355
C_KINGSAFETY:0.5336637751427201
C_PAWNSTRUCTURE:0.5066746611692868
C_PIECECOORDINATION:0.5604043364037024
C_ROOK:0.5044033493398558
CE_ROOK:0.5094713307344926
C_CENTERCONTROL:0.5845872887485827
C_DEVELOPPIECES:0.42767336783373255
C_MATERIAL:0.494689516944527
C_MOVECOUNT:0.4723334967520786
C_PAWNMOVEMENT:0.5150967522272686
