ELO:953
CE_PASSEDPAWNS:0.5105621976185941
CE_PAWNWEAKNESSES:0.46722982310716715
CE_PIECEACTIVITY:0.4903529153699108
CE_KINGPAWNSHIELD:0.5591325350482751
CE_PIECECOORDINATION:0.46304194269432725
CE_MATERIAL:0.5349746574094965
CE_KINGSAFETY:0.5
C_PIECESQUARETABLES:0.5
C_MOBILITY:0.5015803039006601
C_KINGSAFETY:0.5257777286918869
C_PAWNSTRUCTURE:0.5041400681754473
C_PIECECOORDINATION:0.5192700908064379
C_ROOK:0.510072700258212
CE_ROOK:0.5126199591925947
C_CENTERCONTROL:0.5514777747868381
C_DEVELOPPIECES:0.4525100278754754
C_MATERIAL:0.49285678866032107
C_MOVECOUNT:0.4877528823674195
C_PAWNMOVEMENT:0.5234713674672989
