ELO:1000
CE_PASSEDPAWNS:0.5249048588624449
CE_PAWNWEAKNESSES:0.4966844472225962
CE_PIECEACTIVITY:0.4858731673755779
CE_KINGPAWNSHIELD:0.47913346426544856
CE_PIECECOORDINATION:0.49911464041240644
CE_MATERIAL:0.5166162155397602
CE_KINGSAFETY:0.5246606310372866
C_PIECESQUARETABLES:0.5128364449034247
C_MOBILITY:0.5111295006067665
C_KINGSAFETY:0.4941238390625984
C_PAWNSTRUCTURE:0.5125816092049792
C_PIECECOORDINATION:0.4592751512303819
C_ROOKANDPAWNMOVEMENT:0.4592751512303819
C_CENTERCONTROL:0.513115350755748
C_DEVELOPPIECES:0.5073516670827607
C_MATERIAL:0.5053269241362874
