ELO:903
CE_PASSEDPAWNS:0.4625115399454137
CE_PAWNWEAKNESSES:0.4782707239439324
CE_PIECEACTIVITY:0.481754264701658
CE_KINGPAWNSHIELD:0.4885655659133224
CE_PIECECOORDINATION:0.45210723553197946
CE_MATERIAL:0.4706216770806632
CE_KINGSAFETY:0.5205666332909497
C_PIECESQUARETABLES:0.4981449836530068
C_MOBILITY:0.5189053830208922
C_KINGSAFETY:0.48136440103486833
C_PAWNSTRUCTURE:0.4484283609618803
C_PIECECOORDINATION:0.48798474620288673
C_ROOKANDPAWNMOVEMENT:0.48798474620288673
C_CENTERCONTROL:0.44228535724233414
C_DEVELOPPIECES:0.5083372523161283
C_MATERIAL:0.5203089280894045
C_MOVECOUNT:0.5
