ELO:838
CE_PASSEDPAWNS:0.42565068554092966
CE_PAWNWEAKNESSES:0.43598356641376346
CE_PIECEACTIVITY:0.4309668815399422
CE_KINGPAWNSHIELD:0.43599148176547753
CE_PIECECOORDINATION:0.5263737723857673
CE_MATERIAL:0.5629597112915666
CE_KINGSAFETY:0.47285173717780077
C_PIECESQUARETABLES:0.4627853061993676
C_MOBILITY:0.4167923307248899
C_KINGSAFETY:0.5010246730570654
C_PAWNSTRUCTURE:0.42997418667773685
C_PIECECOORDINATION:0.42787617554428264
C_ROOKANDPAWNMOVEMENT:0.42787617554428264
C_CENTERCONTROL:0.5776732228615902
C_DEVELOPPIECES:0.45338470074049286
C_MATERIAL:0.47503329438470376
