ELO:943
CE_PASSEDPAWNS:0.5087239678644675
CE_PAWNWEAKNESSES:0.4657862026601598
CE_PIECEACTIVITY:0.5137948107238162
CE_KINGPAWNSHIELD:0.46675175433001803
CE_PIECECOORDINATION:0.5057084736123095
CE_MATERIAL:0.4920009312675757
CE_KINGSAFETY:0.5213745816574403
C_PIECESQUARETABLES:0.48364568209782643
C_MOBILITY:0.48733327693137346
C_KINGSAFETY:0.5241737579047162
C_PAWNSTRUCTURE:0.454307893554324
C_PIECECOORDINATION:0.5049828309018607
C_ROOKANDPAWNMOVEMENT:0.5049828309018607
C_CENTERCONTROL:0.4970789516417004
C_DEVELOPPIECES:0.5171563596042587
C_MATERIAL:0.5066997948466603
C_MOVECOUNT:0.5
