ELO:772
CE_PASSEDPAWNS:0.47642537223379217
CE_PAWNWEAKNESSES:0.541893888032805
CE_PIECEACTIVITY:0.37219644894433945
CE_KINGPAWNSHIELD:0.5499005858293634
CE_PIECECOORDINATION:0.5156902902221697
CE_MATERIAL:0.6091531166556194
CE_KINGSAFETY:0.5095100804204735
C_PIECESQUARETABLES:0.5123048838064553
C_MOBILITY:0.4796687170120089
C_KINGSAFETY:0.426173223666628
C_PAWNSTRUCTURE:0.42989594080126065
C_PIECECOORDINATION:0.47083315164899997
C_ROOKANDPAWNMOVEMENT:0.47083315164899997
C_CENTERCONTROL:0.4870794185824509
C_DEVELOPPIECES:0.6103513317518933
C_MATERIAL:0.5503018037945923
C_MOVECOUNT:0.457585486996125
