ELO:966
CE_PASSEDPAWNS:0.6184791731877626
CE_PAWNWEAKNESSES:0.6153391528499585
CE_PIECEACTIVITY:0.5262520191864299
CE_KINGPAWNSHIELD:0.5615948222333316
CE_PIECECOORDINATION:0.5321890502379167
CE_MATERIAL:0.5168041227360227
CE_KINGSAFETY:0.4960011179919627
C_PIECESQUARETABLES:0.4930384443238412
C_MOBILITY:0.53724600728295
C_KINGSAFETY:0.5177329255366453
C_PAWNSTRUCTURE:0.5406496573223071
C_PIECECOORDINATION:0.5562755072751506
C_ROOKANDPAWNMOVEMENT:0.5562755072751506
C_CENTERCONTROL:0.5342529763083029
C_DEVELOPPIECES:0.5045365504715303
C_MATERIAL:0.4372408783773019
