ELO:945
CE_PASSEDPAWNS:0.4088664589220288
CE_PAWNWEAKNESSES:0.47922610689284056
CE_PIECEACTIVITY:0.43490671927897345
CE_KINGPAWNSHIELD:0.44905203582330083
CE_PIECECOORDINATION:0.5427942019826743
CE_MATERIAL:0.5373574899947701
CE_KINGSAFETY:0.49549100152856235
C_PIECESQUARETABLES:0.5060683366079473
C_MOBILITY:0.4201905869565881
C_KINGSAFETY:0.4907907758609791
C_PAWNSTRUCTURE:0.4208398886327853
C_PIECECOORDINATION:0.47830675873984557
C_ROOKANDPAWNMOVEMENT:0.47830675873984557
C_CENTERCONTROL:0.5882801081130704
C_DEVELOPPIECES:0.45472088348222117
C_MATERIAL:0.43491479784724557
