ELO:1003
CE_PASSEDPAWNS:0.4898611130745318
CE_PAWNWEAKNESSES:0.48833014587079315
CE_PIECEACTIVITY:0.48435236813014926
CE_KINGPAWNSHIELD:0.5
CE_PIECECOORDINATION:0.5176265564205077
CE_MATERIAL:0.5
CE_KINGSAFETY:0.5
C_PIECESQUARETABLES:0.5
C_MOBILITY:0.5260317231233513
C_KINGSAFETY:0.5002934141260228
C_PAWNSTRUCTURE:0.4985222892175045
C_PIECECOORDINATION:0.5143853009355909
C_ROOKANDPAWNMOVEMENT:0.5143853009355909
C_CENTERCONTROL:0.4985787730061052
C_DEVELOPPIECES:0.510252868328484
C_MATERIAL:0.482510666143017
C_MOVECOUNT:0.5180883447459018
