ELO:993
CE_PASSEDPAWNS:0.518610918931925
CE_PAWNWEAKNESSES:0.4747266971979074
CE_PIECEACTIVITY:0.5033746170250196
CE_KINGPAWNSHIELD:0.5599465954910741
CE_PIECECOORDINATION:0.5138962178399454
CE_MATERIAL:0.5030403841932721
CE_KINGSAFETY:0.5
C_PIECESQUARETABLES:0.5094591574893292
C_MOBILITY:0.580479941274235
C_KINGSAFETY:0.5077087654596292
C_PAWNSTRUCTURE:0.3974960377332616
C_PIECECOORDINATION:0.5562674503149065
C_ROOKANDPAWNMOVEMENT:0.5562674503149065
C_CENTERCONTROL:0.3628208528192532
C_DEVELOPPIECES:0.503361232606723
C_MATERIAL:0.6201906658387899
