ELO:955
CE_PASSEDPAWNS:0.5230383017557799
CE_PAWNWEAKNESSES:0.46168046781910504
CE_PIECEACTIVITY:0.5275422993676967
CE_KINGPAWNSHIELD:0.49346220361310017
CE_PIECECOORDINATION:0.45320913499496207
CE_MATERIAL:0.40781773838029717
CE_KINGSAFETY:0.504349586472848
C_PIECESQUARETABLES:0.5065781078928422
C_MOBILITY:0.42017589938123284
C_KINGSAFETY:0.4780362767118932
C_PAWNSTRUCTURE:0.47913250771376553
C_PIECECOORDINATION:0.5082050700823818
C_ROOKANDPAWNMOVEMENT:0.5082050700823818
C_CENTERCONTROL:0.5636758449051629
C_DEVELOPPIECES:0.4594645680583415
C_MATERIAL:0.534211361244985
