ELO:930
CE_PASSEDPAWNS:0.46385174179082916
CE_PAWNWEAKNESSES:0.45774551443217687
CE_PIECEACTIVITY:0.5882094117581832
CE_KINGPAWNSHIELD:0.51045113301888
CE_PIECECOORDINATION:0.49373767601810836
CE_MATERIAL:0.45884646826273623
CE_KINGSAFETY:0.5
C_PIECESQUARETABLES:0.5
C_MOBILITY:0.5065588974986445
C_KINGSAFETY:0.4884829053383742
C_PAWNSTRUCTURE:0.4597413610778496
C_PIECECOORDINATION:0.43081647333421896
C_ROOKANDPAWNMOVEMENT:0.43081647333421896
C_CENTERCONTROL:0.5220544613674696
C_DEVELOPPIECES:0.5362968061903758
C_MATERIAL:0.6045653229399606
