ELO:1000
CE_PASSEDPAWNS:0.5215206154272276
CE_PAWNWEAKNESSES:0.5095572229062872
CE_PIECEACTIVITY:0.5402258256372163
CE_KINGPAWNSHIELD:0.5019050839874025
CE_PIECECOORDINATION:0.5083358626483442
CE_MATERIAL:0.4356397520646651
CE_KINGSAFETY:0.5226677652972956
C_PIECESQUARETABLES:0.47673194966001303
C_MOBILITY:0.48060966699249336
C_KINGSAFETY:0.5091566839781605
C_PAWNSTRUCTURE:0.45845364349912987
C_PIECECOORDINATION:0.5136764527412757
C_ROOKANDPAWNMOVEMENT:0.5136764527412757
C_CENTERCONTROL:0.4736179870737983
C_DEVELOPPIECES:0.49608730853334987
C_MATERIAL:0.48291690001740056
