ELO:875
CE_PASSEDPAWNS:0.48535111817307086
CE_PAWNWEAKNESSES:0.4819142008426755
CE_PIECEACTIVITY:0.4732175712631054
CE_KINGPAWNSHIELD:0.5390863318497549
CE_PIECECOORDINATION:0.4992008707174925
CE_MATERIAL:0.4885242350632812
CE_KINGSAFETY:0.528350403415033
C_PIECESQUARETABLES:0.5506310717987813
C_MOBILITY:0.5286077994358457
C_KINGSAFETY:0.5440604922851876
C_PAWNSTRUCTURE:0.48958269294967943
C_PIECECOORDINATION:0.5534301897194152
C_ROOKANDPAWNMOVEMENT:0.5534301897194152
C_CENTERCONTROL:0.5115307646445605
C_DEVELOPPIECES:0.4795023961509439
C_MATERIAL:0.4841428648020475
C_MOVECOUNT:0.5
