ELO:900
CE_PASSEDPAWNS:0.5470008106183212
CE_PAWNWEAKNESSES:0.4820383906452103
CE_PIECEACTIVITY:0.4575332862479058
CE_KINGPAWNSHIELD:0.6237676161800116
CE_PIECECOORDINATION:0.4436249366471354
CE_MATERIAL:0.4542697430684026
CE_KINGSAFETY:0.45335460111519804
C_PIECESQUARETABLES:0.4969879510181887
C_MOBILITY:0.48430546963842847
C_KINGSAFETY:0.47004449127164843
C_PAWNSTRUCTURE:0.4114405567162867
C_PIECECOORDINATION:0.5491665878860335
C_ROOKANDPAWNMOVEMENT:0.5491665878860335
C_CENTERCONTROL:0.5460721339005167
C_DEVELOPPIECES:0.39271348734621875
C_MATERIAL:0.5766509789055971
