ELO:1000
CE_PASSEDPAWNS:0.506577301845951
CE_PAWNWEAKNESSES:0.4983669589717119
CE_PIECEACTIVITY:0.4968266604617188
CE_KINGPAWNSHIELD:0.5030600801294777
CE_PIECECOORDINATION:0.4961459882192406
CE_MATERIAL:0.49539438793879575
CE_KINGSAFETY:0.5086727722518998
C_PIECESQUARETABLES:0.4853263149220078
C_MOBILITY:0.5021652483944823
C_KINGSAFETY:0.5095357080509674
C_PAWNSTRUCTURE:0.49351980019424224
C_PIECECOORDINATION:0.4972096462938068
C_ROOKANDPAWNMOVEMENT:0.4972096462938068
C_CENTERCONTROL:0.4957311687622519
C_DEVELOPPIECES:0.5
C_MATERIAL:0.49826400745969673
