ELO:979
CE_PASSEDPAWNS:0.5038310435566559
CE_PAWNWEAKNESSES:0.45876563868695075
CE_PIECEACTIVITY:0.509234760959838
CE_KINGPAWNSHIELD:0.49754588569104996
CE_PIECECOORDINATION:0.4852603204304569
CE_MATERIAL:0.4776694164434243
CE_KINGSAFETY:0.4823230074392042
C_PIECESQUARETABLES:0.4788293724731247
C_MOBILITY:0.503284846912734
C_KINGSAFETY:0.4942963411523307
C_PAWNSTRUCTURE:0.5062361543185416
C_PIECECOORDINATION:0.4997470844491205
C_ROOK:0.48784031982417664
CE_ROOK:0.49763048402496307
C_CENTERCONTROL:0.47187564676610094
C_DEVELOPPIECES:0.48350138268617543
C_MATERIAL:0.5339010379740861
C_MOVECOUNT:0.48943283416139155
C_PAWNMOVEMENT:0.48642057899231717
