ELO:805
CE_PASSEDPAWNS:0.4654001534305183
CE_PAWNWEAKNESSES:0.5738850399518786
CE_PIECEACTIVITY:0.4940983227029156
CE_KINGPAWNSHIELD:0.4926555895473718
CE_PIECECOORDINATION:0.49667822575494686
CE_MATERIAL:0.45302326123958386
CE_KINGSAFETY:0.4787332754764985
C_PIECESQUARETABLES:0.4845956728695766
C_MOBILITY:0.46498583045646746
C_KINGSAFETY:0.5405923832712064
C_PAWNSTRUCTURE:0.4858823508447299
C_PIECECOORDINATION:0.5376815065181865
C_ROOKANDPAWNMOVEMENT:0.5376815065181865
C_CENTERCONTROL:0.5595950763458035
C_DEVELOPPIECES:0.5134730916705846
C_MATERIAL:0.5873181383125098
C_MOVECOUNT:0.5
