ELO:974
CE_PASSEDPAWNS:0.5262923946528824
CE_PAWNWEAKNESSES:0.46644433896259974
CE_PIECEACTIVITY:0.5287654363836891
CE_KINGPAWNSHIELD:0.5173354448610452
CE_PIECECOORDINATION:0.4836757785521291
CE_MATERIAL:0.4154602373132583
CE_KINGSAFETY:0.5884358726635257
C_PIECESQUARETABLES:0.4810402151151219
C_MOBILITY:0.45146079841325354
C_KINGSAFETY:0.5266346535699957
C_PAWNSTRUCTURE:0.4069657488986789
C_PIECECOORDINATION:0.5297924858831863
C_ROOKANDPAWNMOVEMENT:0.5297924858831863
C_CENTERCONTROL:0.4415717920904112
C_DEVELOPPIECES:0.4774530025057425
C_MATERIAL:0.5067979105195968
