ELO:943
CE_PASSEDPAWNS:0.3848753904363977
CE_PAWNWEAKNESSES:0.4485320282071057
CE_PIECEACTIVITY:0.5125279226261237
CE_KINGPAWNSHIELD:0.5718019915500451
CE_PIECECOORDINATION:0.5486942015703081
CE_MATERIAL:0.5248473416949837
CE_KINGSAFETY:0.5
C_PIECESQUARETABLES:0.5
C_MOBILITY:0.5916445574815906
C_KINGSAFETY:0.5396271371946203
C_PAWNSTRUCTURE:0.44780112737445826
C_PIECECOORDINATION:0.5087961471710359
C_ROOKANDPAWNMOVEMENT:0.5087961471710359
C_CENTERCONTROL:0.43069982463100537
C_DEVELOPPIECES:0.46385427206257546
C_MATERIAL:0.624181433609084
