ELO:929
CE_PASSEDPAWNS:0.5156703491994374
CE_PAWNWEAKNESSES:0.494425249586186
CE_PIECEACTIVITY:0.513548150817312
CE_KINGPAWNSHIELD:0.4769182167853941
CE_PIECECOORDINATION:0.5138537156940267
CE_MATERIAL:0.5212360166397059
CE_KINGSAFETY:0.4988153018000233
C_PIECESQUARETABLES:0.5251971881938982
C_MOBILITY:0.5592118134220049
C_KINGSAFETY:0.4937845034095041
C_PAWNSTRUCTURE:0.5243189800182906
C_PIECECOORDINATION:0.4893272151028884
C_ROOK:0.47172151051072425
CE_ROOK:0.521208979063808
C_CENTERCONTROL:0.42618222432947883
C_DEVELOPPIECES:0.4939182863997104
C_MATERIAL:0.5018286541755599
C_MOVECOUNT:0.47454800990168733
C_PAWNMOVEMENT:0.4966974182486351
