ELO:1093
CE_PASSEDPAWNS:0.442778421640529
CE_PAWNWEAKNESSES:0.49776151195596524
CE_PIECEACTIVITY:0.4734326937630393
CE_KINGPAWNSHIELD:0.4815615883751264
CE_PIECECOORDINATION:0.4559165967466023
CE_MATERIAL:0.46000582132552564
CE_KINGSAFETY:0.5
C_PIECESQUARETABLES:0.5
C_MOBILITY:0.5470403313832874
C_KINGSAFETY:0.6048374403313505
C_PAWNSTRUCTURE:0.4512539694517987
C_PIECECOORDINATION:0.4731766717381189
C_ROOKANDPAWNMOVEMENT:0.4731766717381189
C_CENTERCONTROL:0.494986408626798
C_DEVELOPPIECES:0.5646370062761005
C_MATERIAL:0.4063918105112338
