ELO:992
CE_PASSEDPAWNS:0.47531043147339885
CE_PAWNWEAKNESSES:0.5223533284494017
CE_PIECEACTIVITY:0.522472322551813
CE_KINGPAWNSHIELD:0.467426493073442
CE_PIECECOORDINATION:0.5343324228066855
CE_MATERIAL:0.5150623562354972
CE_KINGSAFETY:0.5
C_PIECESQUARETABLES:0.5
C_MOBILITY:0.4367506050265017
C_KINGSAFETY:0.46232275311251947
C_PAWNSTRUCTURE:0.49700647051795827
C_PIECECOORDINATION:0.5147520835346416
C_ROOK:0.49146130700416774
CE_ROOK:0.490586222804463
C_CENTERCONTROL:0.4987911974060962
C_DEVELOPPIECES:0.49176792047165824
C_MATERIAL:0.4729796226216417
C_MOVECOUNT:0.45841487647812945
C_PAWNMOVEMENT:0.5175625270914461
