ELO:975
CE_PASSEDPAWNS:0.5112596760808475
CE_PAWNWEAKNESSES:0.4712596605832892
CE_PIECEACTIVITY:0.513367950907796
CE_KINGPAWNSHIELD:0.4856894220751059
CE_PIECECOORDINATION:0.5014662112995731
CE_MATERIAL:0.49854503560830155
CE_KINGSAFETY:0.5073732148083392
C_PIECESQUARETABLES:0.49492401287086724
C_MOBILITY:0.5134788906734511
C_KINGSAFETY:0.4905068005829855
C_PAWNSTRUCTURE:0.5133970049507157
C_PIECECOORDINATION:0.49823437505352713
C_ROOK:0.48061532490176234
CE_ROOK:0.46468859367144666
C_CENTERCONTROL:0.5013061459813567
C_DEVELOPPIECES:0.46612060201213557
C_MATERIAL:0.5292832020240321
C_MOVECOUNT:0.48779697336649924
C_PAWNMOVEMENT:0.5081651882790279
