ELO:926
CE_PASSEDPAWNS:0.535038772984556
CE_PAWNWEAKNESSES:0.48579120674153464
CE_PIECEACTIVITY:0.5133068072913278
CE_KINGPAWNSHIELD:0.6059076606950846
CE_PIECECOORDINATION:0.49858127051703777
CE_MATERIAL:0.47283227176800213
CE_KINGSAFETY:0.4940850449314883
C_PIECESQUARETABLES:0.48438621887420596
C_MOBILITY:0.48588226401829815
C_KINGSAFETY:0.48531460760857076
C_PAWNSTRUCTURE:0.40790862425188995
C_PIECECOORDINATION:0.560156830999317
C_ROOKANDPAWNMOVEMENT:0.560156830999317
C_CENTERCONTROL:0.51972894800794
C_DEVELOPPIECES:0.3880283731504842
C_MATERIAL:0.5861227578184102
