ELO:967
CE_PASSEDPAWNS:0.4948691446856445
CE_PAWNWEAKNESSES:0.4813828438191308
CE_PIECEACTIVITY:0.521212504195361
CE_KINGPAWNSHIELD:0.509623075714553
CE_PIECECOORDINATION:0.4753333628046338
CE_MATERIAL:0.5046228862378055
CE_KINGSAFETY:0.49781163509182547
C_PIECESQUARETABLES:0.5
C_MOBILITY:0.499301547894154
C_KINGSAFETY:0.48859983087052317
C_PAWNSTRUCTURE:0.4986818235810905
C_PIECECOORDINATION:0.4838782674874463
C_ROOKANDPAWNMOVEMENT:0.4838782674874463
C_CENTERCONTROL:0.4927340475591757
C_DEVELOPPIECES:0.47746980700383207
C_MATERIAL:0.478989567964485
C_MOVECOUNT:0.5137771583959954
