ELO:958
CE_PASSEDPAWNS:0.5128388272144614
CE_PAWNWEAKNESSES:0.45660990583420336
CE_PIECEACTIVITY:0.5209538236454264
CE_KINGPAWNSHIELD:0.5700950685970986
CE_PIECECOORDINATION:0.4713652646555178
CE_MATERIAL:0.43392135589310793
CE_KINGSAFETY:0.48611926963005897
C_PIECESQUARETABLES:0.49019649524727954
C_MOBILITY:0.4592397620608633
C_KINGSAFETY:0.5330932840120008
C_PAWNSTRUCTURE:0.39907595000491297
C_PIECECOORDINATION:0.5414981483531888
C_ROOKANDPAWNMOVEMENT:0.5414981483531888
C_CENTERCONTROL:0.47018464122070924
C_DEVELOPPIECES:0.45693382561422097
C_MATERIAL:0.5250520215000708
