ELO:707
CE_PASSEDPAWNS:0.5124693555418437
CE_PAWNWEAKNESSES:0.5302096557531318
CE_PIECEACTIVITY:0.46727744254167886
CE_KINGPAWNSHIELD:0.5564506766339435
CE_PIECECOORDINATION:0.45544680369412827
CE_MATERIAL:0.4349198667501769
CE_KINGSAFETY:0.4970057622786891
C_PIECESQUARETABLES:0.5063431264951876
C_MOBILITY:0.5179819614061277
C_KINGSAFETY:0.5079071419467491
C_PAWNSTRUCTURE:0.5189458352743026
C_PIECECOORDINATION:0.42396660589184126
C_ROOKANDPAWNMOVEMENT:0.42396660589184126
C_CENTERCONTROL:0.5366475717168736
C_DEVELOPPIECES:0.4773095278336985
C_MATERIAL:0.47401430081499046
C_MOVECOUNT:0.5248744633180298
