ELO:1000
CE_PASSEDPAWNS:0.4967922410444822
CE_PAWNWEAKNESSES:0.4880667738082212
CE_PIECEACTIVITY:0.5126060044074213
CE_KINGPAWNSHIELD:0.5137091605218198
CE_PIECECOORDINATION:0.49060737580553
CE_MATERIAL:0.48971111815329166
CE_KINGSAFETY:0.5102021134213179
C_PIECESQUARETABLES:0.5005217434940883
C_MOBILITY:0.49575622610930076
C_KINGSAFETY:0.5121259672640153
C_PAWNSTRUCTURE:0.48793537807431897
C_PIECECOORDINATION:0.48055898511348005
C_ROOKANDPAWNMOVEMENT:0.48055898511348005
C_CENTERCONTROL:0.4995879368880305
C_DEVELOPPIECES:0.5130949820009544
C_MATERIAL:0.5165176044411719
