ELO:966
CE_PASSEDPAWNS:0.4945461663035597
CE_PAWNWEAKNESSES:0.48901772459420534
CE_PIECEACTIVITY:0.5287871091998699
CE_KINGPAWNSHIELD:0.5030124414616485
CE_PIECECOORDINATION:0.42951263462112893
CE_MATERIAL:0.3553478836861789
CE_KINGSAFETY:0.48427569947767646
C_PIECESQUARETABLES:0.49961832531023037
C_MOBILITY:0.43173663137442825
C_KINGSAFETY:0.47566481976409425
C_PAWNSTRUCTURE:0.5116638303959551
C_PIECECOORDINATION:0.46887177656473805
C_ROOKANDPAWNMOVEMENT:0.46887177656473805
C_CENTERCONTROL:0.5560995505133172
C_DEVELOPPIECES:0.44644562744002364
C_MATERIAL:0.51378911935444
