ELO:881
CE_PASSEDPAWNS:0.45949712305875323
CE_PAWNWEAKNESSES:0.5293514303893211
CE_PIECEACTIVITY:0.5328570810297004
CE_KINGPAWNSHIELD:0.49503117406690417
CE_PIECECOORDINATION:0.5482829519033382
CE_MATERIAL:0.46478786877536943
CE_KINGSAFETY:0.5027384751913938
C_PIECESQUARETABLES:0.5298572360005285
C_MOBILITY:0.4719641047067316
C_KINGSAFETY:0.5177564424495731
C_PAWNSTRUCTURE:0.4966624788907324
C_PIECECOORDINATION:0.5308637819786143
C_ROOKANDPAWNMOVEMENT:0.5308637819786143
C_CENTERCONTROL:0.519101117337324
C_DEVELOPPIECES:0.4230004566928529
C_MATERIAL:0.5256704977486224
C_MOVECOUNT:0.36988425461633445
