ELO:960
CE_PASSEDPAWNS:0.4706111833226357
CE_PAWNWEAKNESSES:0.5325573524081657
CE_PIECEACTIVITY:0.49135598584146284
CE_KINGPAWNSHIELD:0.5337024454168593
CE_PIECECOORDINATION:0.48054488373851767
CE_MATERIAL:0.5292408902747675
CE_KINGSAFETY:0.4784502332301175
C_PIECESQUARETABLES:0.5
C_MOBILITY:0.5199048537325505
C_KINGSAFETY:0.490873517601707
C_PAWNSTRUCTURE:0.4849596021814161
C_PIECECOORDINATION:0.5189224434920141
C_ROOKANDPAWNMOVEMENT:0.5189224434920141
C_CENTERCONTROL:0.491585378318218
C_DEVELOPPIECES:0.5020193559125653
C_MATERIAL:0.5099144249602274
C_MOVECOUNT:0.5
