ELO:940
CE_PASSEDPAWNS:0.5261270454416475
CE_PAWNWEAKNESSES:0.4587436640568497
CE_PIECEACTIVITY:0.508264230101825
CE_KINGPAWNSHIELD:0.49897549748208603
CE_PIECECOORDINATION:0.4563697885719353
CE_MATERIAL:0.3651515918756206
CE_KINGSAFETY:0.44913363686052304
C_PIECESQUARETABLES:0.5119114123007944
C_MOBILITY:0.43793800989234
C_KINGSAFETY:0.4953696430190025
C_PAWNSTRUCTURE:0.5166437480221026
C_PIECECOORDINATION:0.4570008426379421
C_ROOKANDPAWNMOVEMENT:0.4570008426379421
C_CENTERCONTROL:0.5476979945683375
C_DEVELOPPIECES:0.46587780516240884
C_MATERIAL:0.4998529401449532
