ELO:999
CE_PASSEDPAWNS:0.46903530374753977
CE_PAWNWEAKNESSES:0.49552758885669784
CE_PIECEACTIVITY:0.4786586309997771
CE_KINGPAWNSHIELD:0.5420842046720351
CE_PIECECOORDINATION:0.5131686203526431
CE_MATERIAL:0.5714311537736397
CE_KINGSAFETY:0.5
C_PIECESQUARETABLES:0.5
C_MOBILITY:0.511488536112338
C_KINGSAFETY:0.5026268781222339
C_PAWNSTRUCTURE:0.5055105955898538
C_PIECECOORDINATION:0.5212937570679573
C_ROOK:0.5152617900136113
CE_ROOK:0.536552208764063
C_CENTERCONTROL:0.5201308160764048
C_DEVELOPPIECES:0.5273624076889522
C_MATERIAL:0.5001935997123281
C_MOVECOUNT:0.5379381421066286
C_PAWNMOVEMENT:0.4991627991772496
