ELO:987
CE_PASSEDPAWNS:0.507080323884868
CE_PAWNWEAKNESSES:0.5
CE_PIECEACTIVITY:0.4883418614276466
CE_KINGPAWNSHIELD:0.5
CE_PIECECOORDINATION:0.5003554005305407
CE_MATERIAL:0.4886759536361047
CE_KINGSAFETY:0.5025298273976596
C_PIECESQUARETABLES:0.5
C_MOBILITY:0.511839965771309
C_KINGSAFETY:0.5
C_PAWNSTRUCTURE:0.5021353128338234
C_PIECECOORDINATION:0.4958832689076147
C_ROOKANDPAWNMOVEMENT:0.4958832689076147
C_CENTERCONTROL:0.5108741749549229
C_DEVELOPPIECES:0.4999814846174411
C_MATERIAL:0.4930401169558318
C_MOVECOUNT:0.5
