ELO:951
CE_PASSEDPAWNS:0.5007648860174233
CE_PAWNWEAKNESSES:0.48887461992035747
CE_PIECEACTIVITY:0.5271525035408634
CE_KINGPAWNSHIELD:0.48674816624251516
CE_PIECECOORDINATION:0.4584936139011188
CE_MATERIAL:0.3741539937250788
CE_KINGSAFETY:0.5276942193265749
C_PIECESQUARETABLES:0.5115305335967526
C_MOBILITY:0.42643132312412396
C_KINGSAFETY:0.4876632380220789
C_PAWNSTRUCTURE:0.49962703490748056
C_PIECECOORDINATION:0.4937291783330434
C_ROOKANDPAWNMOVEMENT:0.4937291783330434
C_CENTERCONTROL:0.5652590742808528
C_DEVELOPPIECES:0.44394165610290137
C_MATERIAL:0.5305397864904328
