ELO:911
CE_PASSEDPAWNS:0.5153097706921607
CE_PAWNWEAKNESSES:0.526973738951957
CE_PIECEACTIVITY:0.5488377242844737
CE_KINGPAWNSHIELD:0.5401701093274079
CE_PIECECOORDINATION:0.5163120975384357
CE_MATERIAL:0.512660142325511
CE_KINGSAFETY:0.4963638937589682
C_PIECESQUARETABLES:0.4915002724682401
C_MOBILITY:0.47113367001067313
C_KINGSAFETY:0.5002125353876152
C_PAWNSTRUCTURE:0.46450598423458905
C_PIECECOORDINATION:0.4876436868426518
C_ROOKANDPAWNMOVEMENT:0.4876436868426518
C_CENTERCONTROL:0.5282153796118604
C_DEVELOPPIECES:0.4921108126311387
C_MATERIAL:0.5296621130860586
C_MOVECOUNT:0.5
