ELO:984
CE_PASSEDPAWNS:0.4827027643464571
CE_PAWNWEAKNESSES:0.4813828438191308
CE_PIECEACTIVITY:0.5195563597021743
CE_KINGPAWNSHIELD:0.4992239481985822
CE_PIECECOORDINATION:0.4701062850872273
CE_MATERIAL:0.5022700248265036
CE_KINGSAFETY:0.5029239318349549
C_PIECESQUARETABLES:0.5
C_MOBILITY:0.49779207462561786
C_KINGSAFETY:0.4806453198010301
C_PAWNSTRUCTURE:0.5027970653040572
C_PIECECOORDINATION:0.4902284632098784
C_ROOKANDPAWNMOVEMENT:0.4902284632098784
C_CENTERCONTROL:0.49828509837695284
C_DEVELOPPIECES:0.4888040519427692
C_MATERIAL:0.4736202070294096
C_MOVECOUNT:0.500495259444585
