ELO:989
CE_PASSEDPAWNS:0.5062528604954243
CE_PAWNWEAKNESSES:0.4908359259244995
CE_PIECEACTIVITY:0.5083770362890241
CE_KINGPAWNSHIELD:0.5026771908629915
CE_PIECECOORDINATION:0.48271470283994133
CE_MATERIAL:0.5088421829135968
CE_KINGSAFETY:0.4979217889310004
C_PIECESQUARETABLES:0.5
C_MOBILITY:0.49481192888152303
C_KINGSAFETY:0.4976212487112116
C_PAWNSTRUCTURE:0.4987034877635363
C_PIECECOORDINATION:0.48889836818099003
C_ROOK:0.48287280316688624
CE_ROOK:0.47920052010345565
C_CENTERCONTROL:0.5079464498286952
C_DEVELOPPIECES:0.4889026232055533
C_MATERIAL:0.5095993118260783
C_MOVECOUNT:0.5045250762685638
C_PAWNMOVEMENT:0.500898460076063
