ELO:993
CE_PASSEDPAWNS:0.48279706485067075
CE_PAWNWEAKNESSES:0.5
CE_PIECEACTIVITY:0.5
CE_KINGPAWNSHIELD:0.497165495230555
CE_PIECECOORDINATION:0.48910011714534485
CE_MATERIAL:0.5054315744635615
CE_KINGSAFETY:0.502384204052023
C_PIECESQUARETABLES:0.5122037237255402
C_MOBILITY:0.49776093516268866
C_KINGSAFETY:0.496419341738533
C_PAWNSTRUCTURE:0.5010373065224034
C_PIECECOORDINATION:0.503155363832722
C_ROOKANDPAWNMOVEMENT:0.503155363832722
C_CENTERCONTROL:0.5144892888334271
C_DEVELOPPIECES:0.5
C_MATERIAL:0.5030070819304009
C_MOVECOUNT:0.4882988947960571
