ELO:963
CE_PASSEDPAWNS:0.5039840752873862
CE_PAWNWEAKNESSES:0.476030082716207
CE_PIECEACTIVITY:0.49955989571192855
CE_KINGPAWNSHIELD:0.4954942157920713
CE_PIECECOORDINATION:0.4929561186449066
CE_MATERIAL:0.4963426935134987
CE_KINGSAFETY:0.5
C_PIECESQUARETABLES:0.5
C_MOBILITY:0.5124206790338275
C_KINGSAFETY:0.500723468005462
C_PAWNSTRUCTURE:0.48894424545253
C_PIECECOORDINATION:0.48632583324927353
C_ROOK:0.48639936514624266
CE_ROOK:0.4773542620268852
C_CENTERCONTROL:0.48613592221702756
C_DEVELOPPIECES:0.48863705018979153
C_MATERIAL:0.5222686211334127
C_MOVECOUNT:0.5045250762685638
C_PAWNMOVEMENT:0.4981398167523789
