ELO:1000
CE_PASSEDPAWNS:0.4910933726616882
CE_PAWNWEAKNESSES:0.5030675770878168
CE_PIECEACTIVITY:0.48941581231392695
CE_KINGPAWNSHIELD:0.5
CE_PIECECOORDINATION:0.5001137261763404
CE_MATERIAL:0.5069779220447792
CE_KINGSAFETY:0.5027854079496776
C_PIECESQUARETABLES:0.490020132973675
C_MOBILITY:0.501334936120863
C_KINGSAFETY:0.49794478260823394
C_PAWNSTRUCTURE:0.49125022640759497
C_PIECECOORDINATION:0.5
C_ROOKANDPAWNMOVEMENT:0.5
C_CENTERCONTROL:0.4947873328509888
C_DEVELOPPIECES:0.5077042874693314
C_MATERIAL:0.5
