ELO:928
CE_PASSEDPAWNS:0.5138846389037552
CE_PAWNWEAKNESSES:0.49952888840798715
CE_PIECEACTIVITY:0.5059227588665117
CE_KINGPAWNSHIELD:0.4724744005428472
CE_PIECECOORDINATION:0.5138537156940267
CE_MATERIAL:0.514541652915548
CE_KINGSAFETY:0.5091977300799366
C_PIECESQUARETABLES:0.5
C_MOBILITY:0.5592118134220049
C_KINGSAFETY:0.4937845034095041
C_PAWNSTRUCTURE:0.5199661365370039
C_PIECECOORDINATION:0.4893272151028884
C_ROOK:0.4655474329800272
CE_ROOK:0.521208979063808
C_CENTERCONTROL:0.4364947488522529
C_DEVELOPPIECES:0.5012307484837983
C_MATERIAL:0.5046001378708989
C_MOVECOUNT:0.47454800990168733
C_PAWNMOVEMENT:0.4966974182486351
