ELO:987
CE_PASSEDPAWNS:0.47727538882893367
CE_PAWNWEAKNESSES:0.5
CE_PIECEACTIVITY:0.4732759356371363
CE_KINGPAWNSHIELD:0.5018964555622304
CE_PIECECOORDINATION:0.5258224396173218
CE_MATERIAL:0.4809255569441087
CE_KINGSAFETY:0.5
C_PIECESQUARETABLES:0.5
C_MOBILITY:0.4952767670080874
C_KINGSAFETY:0.5034890719356305
C_PAWNSTRUCTURE:0.4527082333042475
C_PIECECOORDINATION:0.47471527578915257
C_ROOKANDPAWNMOVEMENT:0.47471527578915257
C_CENTERCONTROL:0.5172176693989143
C_DEVELOPPIECES:0.5063298910737072
C_MATERIAL:0.4931440457367891
C_MOVECOUNT:0.5
