ELO:1005
CE_PASSEDPAWNS:0.5
CE_PAWNWEAKNESSES:0.4943679595884736
CE_PIECEACTIVITY:0.5008120329818678
CE_KINGPAWNSHIELD:0.5011589632389966
CE_PIECECOORDINATION:0.5
CE_MATERIAL:0.5063186128283739
CE_KINGSAFETY:0.5107072765863034
C_PIECESQUARETABLES:0.5
C_MOBILITY:0.48866375287878466
C_KINGSAFETY:0.5050031285623688
C_PAWNSTRUCTURE:0.5039304380377365
C_PIECECOORDINATION:0.49299354677485874
C_ROOKANDPAWNMOVEMENT:0.49299354677485874
C_CENTERCONTROL:0.49973376337785697
C_DEVELOPPIECES:0.4832363077628501
C_MATERIAL:0.5317319308942451
