ELO:897
CE_PASSEDPAWNS:0.5632817566029276
CE_PAWNWEAKNESSES:0.47524520648487323
CE_PIECEACTIVITY:0.4691680825604237
CE_KINGPAWNSHIELD:0.6147097392358425
CE_PIECECOORDINATION:0.4460550363829388
CE_MATERIAL:0.4839651407774926
CE_KINGSAFETY:0.45335460111519804
C_PIECESQUARETABLES:0.4915399562252166
C_MOBILITY:0.4800220044284081
C_KINGSAFETY:0.4827896548425962
C_PAWNSTRUCTURE:0.4092785653294708
C_PIECECOORDINATION:0.5536635349624762
C_ROOKANDPAWNMOVEMENT:0.5536635349624762
C_CENTERCONTROL:0.5240873644550822
C_DEVELOPPIECES:0.39403079248568706
C_MATERIAL:0.561397051214943
