ELO:974
CE_PASSEDPAWNS:0.5219874401156916
CE_PAWNWEAKNESSES:0.46453015607220244
CE_PIECEACTIVITY:0.5142260684745538
CE_KINGPAWNSHIELD:0.4576016152342258
CE_PIECECOORDINATION:0.454738925388511
CE_MATERIAL:0.45747128211177157
CE_KINGSAFETY:0.5120625252832246
C_PIECESQUARETABLES:0.5713949365901063
C_MOBILITY:0.4312786423553115
C_KINGSAFETY:0.5235352624231042
C_PAWNSTRUCTURE:0.46155828208101995
C_PIECECOORDINATION:0.5021355882090375
C_ROOKANDPAWNMOVEMENT:0.5021355882090375
C_CENTERCONTROL:0.5539956366451815
C_DEVELOPPIECES:0.4499224898792632
C_MATERIAL:0.5296892597963042
