ELO:963
CE_PASSEDPAWNS:0.5039840752873862
CE_PAWNWEAKNESSES:0.4683799097956812
CE_PIECEACTIVITY:0.49955989571192855
CE_KINGPAWNSHIELD:0.4856894220751059
CE_PIECECOORDINATION:0.5017916871687549
CE_MATERIAL:0.5015791192744609
CE_KINGSAFETY:0.5073732148083392
C_PIECESQUARETABLES:0.49492401287086724
C_MOBILITY:0.5068480278896939
C_KINGSAFETY:0.4945333238689433
C_PAWNSTRUCTURE:0.48894424545253
C_PIECECOORDINATION:0.5095731748386163
C_ROOK:0.47496934425757303
CE_ROOK:0.46468859367144666
C_CENTERCONTROL:0.495078982033441
C_DEVELOPPIECES:0.48062509736248027
C_MATERIAL:0.5325442018478032
C_MOVECOUNT:0.5045250762685638
C_PAWNMOVEMENT:0.5014431083063051
