ELO:965
CE_PASSEDPAWNS:0.5156703491994374
CE_PAWNWEAKNESSES:0.48396006495068156
CE_PIECEACTIVITY:0.4786586309997771
CE_KINGPAWNSHIELD:0.48936539320336153
CE_PIECECOORDINATION:0.483638435011826
CE_MATERIAL:0.5182042103753748
CE_KINGSAFETY:0.4988153018000233
C_PIECESQUARETABLES:0.5059669472627502
C_MOBILITY:0.5491744198532802
C_KINGSAFETY:0.5
C_PAWNSTRUCTURE:0.5168716223776888
C_PIECECOORDINATION:0.4810344809469323
C_ROOK:0.4967964930311033
CE_ROOK:0.5165738715399061
C_CENTERCONTROL:0.42618222432947883
C_DEVELOPPIECES:0.5001636855728272
C_MATERIAL:0.49782593604772113
C_MOVECOUNT:0.4970293967652607
C_PAWNMOVEMENT:0.4966974182486351
