ELO:890
CE_PASSEDPAWNS:0.4959364182914622
CE_PAWNWEAKNESSES:0.5074150472165669
CE_PIECEACTIVITY:0.5004961685939816
CE_KINGPAWNSHIELD:0.45921289447820035
CE_PIECECOORDINATION:0.46150085881101655
CE_MATERIAL:0.5371256420207726
CE_KINGSAFETY:0.5192046167523279
C_PIECESQUARETABLES:0.470803176045903
C_MOBILITY:0.4731425410438357
C_KINGSAFETY:0.5353068568653545
C_PAWNSTRUCTURE:0.49392979089110756
C_PIECECOORDINATION:0.5646871260067869
C_ROOKANDPAWNMOVEMENT:0.5646871260067869
C_CENTERCONTROL:0.504186360335359
C_DEVELOPPIECES:0.5095275300653628
C_MATERIAL:0.4635580370963257
C_MOVECOUNT:0.4922025826067806
