ELO:917
CE_PASSEDPAWNS:0.5647865454078292
CE_PAWNWEAKNESSES:0.48463694699670806
CE_PIECEACTIVITY:0.511536398674926
CE_KINGPAWNSHIELD:0.6127625105084827
CE_PIECECOORDINATION:0.5051822333412431
CE_MATERIAL:0.4594985506010504
CE_KINGSAFETY:0.47727832205781046
C_PIECESQUARETABLES:0.48778383654158697
C_MOBILITY:0.4910557842890095
C_KINGSAFETY:0.45375005560799975
C_PAWNSTRUCTURE:0.3890711363272071
C_PIECECOORDINATION:0.5494304544066242
C_ROOKANDPAWNMOVEMENT:0.5494304544066242
C_CENTERCONTROL:0.5410905811773016
C_DEVELOPPIECES:0.39689865040471695
C_MATERIAL:0.5875412536515477
