ELO:944
CE_PASSEDPAWNS:0.5261270454416475
CE_PAWNWEAKNESSES:0.46576375346935306
CE_PIECEACTIVITY:0.5165016768383807
CE_KINGPAWNSHIELD:0.4998126012376798
CE_PIECECOORDINATION:0.4563697885719353
CE_MATERIAL:0.3555177531555614
CE_KINGSAFETY:0.45473332279891404
C_PIECESQUARETABLES:0.5111110340196193
C_MOBILITY:0.43793800989234
C_KINGSAFETY:0.5033803695636802
C_PAWNSTRUCTURE:0.5166437480221026
C_PIECECOORDINATION:0.4570008426379421
C_ROOKANDPAWNMOVEMENT:0.4570008426379421
C_CENTERCONTROL:0.5560995505133172
C_DEVELOPPIECES:0.4729116968065285
C_MATERIAL:0.517644247851979
