ELO:956
CE_PASSEDPAWNS:0.4848158595834
CE_PAWNWEAKNESSES:0.465514878325829
CE_PIECEACTIVITY:0.5126675327625476
CE_KINGPAWNSHIELD:0.5197981772965982
CE_PIECECOORDINATION:0.5488000310746339
CE_MATERIAL:0.4817864078394789
CE_KINGSAFETY:0.499232543331798
C_PIECESQUARETABLES:0.5
C_MOBILITY:0.5159471832709115
C_KINGSAFETY:0.4727073900263739
C_PAWNSTRUCTURE:0.48488583452413403
C_PIECECOORDINATION:0.46888775579841363
C_ROOKANDPAWNMOVEMENT:0.46888775579841363
C_CENTERCONTROL:0.49177283634720664
C_DEVELOPPIECES:0.46951242054386455
C_MATERIAL:0.493991737384066
C_MOVECOUNT:0.5154370093093158
