ELO:974
CE_PASSEDPAWNS:0.5112596760808475
CE_PAWNWEAKNESSES:0.46098594061449255
CE_PIECEACTIVITY:0.513367950907796
CE_KINGPAWNSHIELD:0.4856894220751059
CE_PIECECOORDINATION:0.5082259641704634
CE_MATERIAL:0.4958776467362824
CE_KINGSAFETY:0.49143816572247073
C_PIECESQUARETABLES:0.4915753540722019
C_MOBILITY:0.5134788906734511
C_KINGSAFETY:0.493484062760992
C_PAWNSTRUCTURE:0.5033749633963734
C_PIECECOORDINATION:0.49823437505352713
C_ROOK:0.48061532490176234
CE_ROOK:0.4747962308355997
C_CENTERCONTROL:0.49663429752790283
C_DEVELOPPIECES:0.47775237953735183
C_MATERIAL:0.5292832020240321
C_MOVECOUNT:0.48779697336649924
C_PAWNMOVEMENT:0.5081651882790279
