ELO:994
CE_PASSEDPAWNS:0.5013090084961233
CE_PAWNWEAKNESSES:0.4908359259244995
CE_PIECEACTIVITY:0.4883047590782528
CE_KINGPAWNSHIELD:0.5045431203240394
CE_PIECECOORDINATION:0.4938319924806251
CE_MATERIAL:0.5088421829135968
CE_KINGSAFETY:0.5
C_PIECESQUARETABLES:0.5226826969027373
C_MOBILITY:0.5
C_KINGSAFETY:0.4976212487112116
C_PAWNSTRUCTURE:0.4987034877635363
C_PIECECOORDINATION:0.48889836818099003
C_ROOK:0.4875531930242521
CE_ROOK:0.47920052010345565
C_CENTERCONTROL:0.5079464498286952
C_DEVELOPPIECES:0.4952641227376586
C_MATERIAL:0.5130186142877099
C_MOVECOUNT:0.5045250762685638
C_PAWNMOVEMENT:0.5003203276337015
