ELO:931
CE_PASSEDPAWNS:0.5127700488983598
CE_PAWNWEAKNESSES:0.4766286966971319
CE_PIECEACTIVITY:0.5068360534392511
CE_KINGPAWNSHIELD:0.5993310103255866
CE_PIECECOORDINATION:0.48982012292553345
CE_MATERIAL:0.46167635623540565
CE_KINGSAFETY:0.48393455768332455
C_PIECESQUARETABLES:0.5513539631733804
C_MOBILITY:0.4669319939418137
C_KINGSAFETY:0.5213033393043499
C_PAWNSTRUCTURE:0.3892374279860451
C_PIECECOORDINATION:0.5640399787977444
C_ROOKANDPAWNMOVEMENT:0.5640399787977444
C_CENTERCONTROL:0.4859628654159835
C_DEVELOPPIECES:0.4008426763284645
C_MATERIAL:0.5952555871881401
