ELO:977
CE_PASSEDPAWNS:0.5434374119492935
CE_PAWNWEAKNESSES:0.46556186704123154
CE_PIECEACTIVITY:0.5239811644406093
CE_KINGPAWNSHIELD:0.4461480653604903
CE_PIECECOORDINATION:0.4665495286004229
CE_MATERIAL:0.4906491089468003
CE_KINGSAFETY:0.5087932463889666
C_PIECESQUARETABLES:0.5431668660133162
C_MOBILITY:0.4190535023743521
C_KINGSAFETY:0.5435241453032781
C_PAWNSTRUCTURE:0.48835723766870115
C_PIECECOORDINATION:0.4824106367097394
C_ROOKANDPAWNMOVEMENT:0.4824106367097394
C_CENTERCONTROL:0.5467685534330607
C_DEVELOPPIECES:0.4324590635896797
C_MATERIAL:0.5418002705731567
