ELO:933
CE_PASSEDPAWNS:0.4999334734197447
CE_PAWNWEAKNESSES:0.5390080041220581
CE_PIECEACTIVITY:0.5204124088909026
CE_KINGPAWNSHIELD:0.49138555121257455
CE_PIECECOORDINATION:0.5453644732047481
CE_MATERIAL:0.46133280200824295
CE_KINGSAFETY:0.5559669353578591
C_PIECESQUARETABLES:0.504133741509772
C_MOBILITY:0.49206411207383105
C_KINGSAFETY:0.5085717416492195
C_PAWNSTRUCTURE:0.5303893537950056
C_PIECECOORDINATION:0.5159013199307048
C_ROOKANDPAWNMOVEMENT:0.5159013199307048
C_CENTERCONTROL:0.4929977260940095
C_DEVELOPPIECES:0.3914255350579528
C_MATERIAL:0.4845721067976283
C_MOVECOUNT:0.47927962727764895
