ELO:1102
CE_PASSEDPAWNS:0.6216628427623379
CE_PAWNWEAKNESSES:0.4913955703625296
CE_PIECEACTIVITY:0.4765492483821343
CE_KINGPAWNSHIELD:0.5039318655126476
CE_PIECECOORDINATION:0.47848359640682764
CE_MATERIAL:0.4598310803731073
CE_KINGSAFETY:0.5
C_PIECESQUARETABLES:0.5
C_MOBILITY:0.42105203460517804
C_KINGSAFETY:0.5160705634003171
C_PAWNSTRUCTURE:0.4040026000542829
C_PIECECOORDINATION:0.4818112164149323
C_ROOKANDPAWNMOVEMENT:0.4818112164149323
C_CENTERCONTROL:0.5142642781774964
C_DEVELOPPIECES:0.5757913049809192
C_MATERIAL:0.4083945302250687
