ELO:898
CE_PASSEDPAWNS:0.49361932533818365
CE_PAWNWEAKNESSES:0.5182714237137103
CE_PIECEACTIVITY:0.520307529252867
CE_KINGPAWNSHIELD:0.47245865087531486
CE_PIECECOORDINATION:0.5689852305945801
CE_MATERIAL:0.45794324970629513
CE_KINGSAFETY:0.5511051901085091
C_PIECESQUARETABLES:0.48476409660000225
C_MOBILITY:0.42340515808688495
C_KINGSAFETY:0.5124480053032656
C_PAWNSTRUCTURE:0.47884589104475395
C_PIECECOORDINATION:0.5097033317929065
C_ROOKANDPAWNMOVEMENT:0.5097033317929065
C_CENTERCONTROL:0.4890704502688517
C_DEVELOPPIECES:0.42825881074338157
C_MATERIAL:0.44963184128966205
C_MOVECOUNT:0.5129110443770692
