ELO:975
CE_PASSEDPAWNS:0.5039840752873862
CE_PAWNWEAKNESSES:0.4683799097956812
CE_PIECEACTIVITY:0.5068443511623495
CE_KINGPAWNSHIELD:0.4856894220751059
CE_PIECECOORDINATION:0.5103776174781032
CE_MATERIAL:0.5015791192744609
CE_KINGSAFETY:0.5073732148083392
C_PIECESQUARETABLES:0.49492401287086724
C_MOBILITY:0.5134788906734511
C_KINGSAFETY:0.4905068005829855
C_PAWNSTRUCTURE:0.5010757313235938
C_PIECECOORDINATION:0.5095731748386163
C_ROOK:0.4865293536658555
CE_ROOK:0.46468859367144666
C_CENTERCONTROL:0.495078982033441
C_DEVELOPPIECES:0.47553610354519843
C_MATERIAL:0.5283249514481715
C_MOVECOUNT:0.49650490610163456
C_PAWNMOVEMENT:0.5014431083063051
