ELO:1110
CE_PASSEDPAWNS:0.440373327097769
CE_PAWNWEAKNESSES:0.5454987977337121
CE_PIECEACTIVITY:0.4730468517056937
CE_KINGPAWNSHIELD:0.47567651154049617
CE_PIECECOORDINATION:0.5449900128502336
CE_MATERIAL:0.44470055287000515
CE_KINGSAFETY:0.5109052028094355
C_PIECESQUARETABLES:0.5294221770222931
C_MOBILITY:0.4396824624856574
C_KINGSAFETY:0.6288404289784623
C_PAWNSTRUCTURE:0.4065897619935117
C_PIECECOORDINATION:0.4842878777672881
C_ROOKANDPAWNMOVEMENT:0.4842878777672881
C_CENTERCONTROL:0.5885489064918336
C_DEVELOPPIECES:0.6102353932037095
C_MATERIAL:0.401915782068042
