ELO:1000
CE_PASSEDPAWNS:0.5200132841335859
CE_PAWNWEAKNESSES:0.48637101722991255
CE_PIECEACTIVITY:0.5385223750660776
CE_KINGPAWNSHIELD:0.5025316349740823
CE_PIECECOORDINATION:0.5043847720542385
CE_MATERIAL:0.42040065582410574
CE_KINGSAFETY:0.5265166933845702
C_PIECESQUARETABLES:0.4770424588703115
C_MOBILITY:0.4803718130840065
C_KINGSAFETY:0.5091566839781605
C_PAWNSTRUCTURE:0.45543023111400827
C_PIECECOORDINATION:0.5179588672920549
C_ROOKANDPAWNMOVEMENT:0.5179588672920549
C_CENTERCONTROL:0.45825976100008164
C_DEVELOPPIECES:0.5047393515780474
C_MATERIAL:0.48291690001740056
