ELO:922
CE_PASSEDPAWNS:0.5380698373583209
CE_PAWNWEAKNESSES:0.48579120674153464
CE_PIECEACTIVITY:0.5133068072913278
CE_KINGPAWNSHIELD:0.6059076606950846
CE_PIECECOORDINATION:0.5055435068474033
CE_MATERIAL:0.482094708217176
CE_KINGSAFETY:0.491763544934773
C_PIECESQUARETABLES:0.48778383654158697
C_MOBILITY:0.4874777208203023
C_KINGSAFETY:0.48133902997864153
C_PAWNSTRUCTURE:0.40790862425188995
C_PIECECOORDINATION:0.5413757794860296
C_ROOKANDPAWNMOVEMENT:0.5413757794860296
C_CENTERCONTROL:0.51972894800794
C_DEVELOPPIECES:0.3880283731504842
C_MATERIAL:0.5875412536515477
