ELO:744
CE_PASSEDPAWNS:0.5048456386197042
CE_PAWNWEAKNESSES:0.5107502784004736
CE_PIECEACTIVITY:0.4319232714070713
CE_KINGPAWNSHIELD:0.5688471426555456
CE_PIECECOORDINATION:0.46240552134994184
CE_MATERIAL:0.4616943548080117
CE_KINGSAFETY:0.49324938420292563
C_PIECESQUARETABLES:0.5257458665368743
C_MOBILITY:0.5211892502353925
C_KINGSAFETY:0.5009623807892057
C_PAWNSTRUCTURE:0.5518285962911937
C_PIECECOORDINATION:0.4162577692842887
C_ROOKANDPAWNMOVEMENT:0.4162577692842887
C_CENTERCONTROL:0.5269456151262156
C_DEVELOPPIECES:0.49321890132027885
C_MATERIAL:0.4605103366516774
C_MOVECOUNT:0.5160318181901662
