ELO:979
CE_PASSEDPAWNS:0.513873561028766
CE_PAWNWEAKNESSES:0.49570319337881014
CE_PIECEACTIVITY:0.4799733239511138
CE_KINGPAWNSHIELD:0.4873520932732913
CE_PIECECOORDINATION:0.5042073478444145
CE_MATERIAL:0.49931090516617815
CE_KINGSAFETY:0.4931462847150579
C_PIECESQUARETABLES:0.512732141498017
C_MOBILITY:0.5
C_KINGSAFETY:0.48581478196968336
C_PAWNSTRUCTURE:0.5106703605367731
C_PIECECOORDINATION:0.5421487190634386
C_ROOKANDPAWNMOVEMENT:0.5421487190634386
C_CENTERCONTROL:0.47333429039829406
C_DEVELOPPIECES:0.49460702943346047
C_MATERIAL:0.4948952546091394
C_MOVECOUNT:0.5
