ELO:1019
CE_PASSEDPAWNS:0.5
CE_PAWNWEAKNESSES:0.49642394028140946
CE_PIECEACTIVITY:0.5014847293766168
CE_KINGPAWNSHIELD:0.506234456850507
CE_PIECECOORDINATION:0.5
CE_MATERIAL:0.4864461900023631
CE_KINGSAFETY:0.5
C_PIECESQUARETABLES:0.5
C_MOBILITY:0.5
C_KINGSAFETY:0.5
C_PAWNSTRUCTURE:0.49511714580641364
C_PIECECOORDINATION:0.5035514477117169
C_ROOK:0.5
CE_ROOK:0.5
C_CENTERCONTROL:0.5
C_DEVELOPPIECES:0.5
C_MATERIAL:0.5
C_MOVECOUNT:0.49202395078797817
C_PAWNMOVEMENT:0.5
