ELO:910
CE_PASSEDPAWNS:0.6011838186576319
CE_PAWNWEAKNESSES:0.5682775602084607
CE_PIECEACTIVITY:0.5661188050313669
CE_KINGPAWNSHIELD:0.4787143023580747
CE_PIECECOORDINATION:0.5234645492808756
CE_MATERIAL:0.552564850522837
CE_KINGSAFETY:0.5388247209860477
C_PIECESQUARETABLES:0.4416177673486964
C_MOBILITY:0.5417340941040479
C_KINGSAFETY:0.47269106341824696
C_PAWNSTRUCTURE:0.5144028091166889
C_PIECECOORDINATION:0.4747480695103132
C_ROOKANDPAWNMOVEMENT:0.4747480695103132
C_CENTERCONTROL:0.3855393583818933
C_DEVELOPPIECES:0.5272984639335732
C_MATERIAL:0.5524638702062749
