ELO:971
CE_PASSEDPAWNS:0.48376560735638957
CE_PAWNWEAKNESSES:0.5192790586554289
CE_PIECEACTIVITY:0.5126087386088645
CE_KINGPAWNSHIELD:0.5112759908248956
CE_PIECECOORDINATION:0.4904592804156806
CE_MATERIAL:0.4894834088517787
CE_KINGSAFETY:0.4970071296000187
C_PIECESQUARETABLES:0.517885571148265
C_MOBILITY:0.5227950141302805
C_KINGSAFETY:0.476811279015623
C_PAWNSTRUCTURE:0.4658487878137425
C_PIECECOORDINATION:0.5270154235825814
C_ROOKANDPAWNMOVEMENT:0.5270154235825814
C_CENTERCONTROL:0.4945108373679425
C_DEVELOPPIECES:0.5038335997365555
C_MATERIAL:0.48622110964762516
C_MOVECOUNT:0.48801220106691884
