ELO:981
CE_PASSEDPAWNS:0.45764142364864485
CE_PAWNWEAKNESSES:0.42992063136478637
CE_PIECEACTIVITY:0.4489770269617441
CE_KINGPAWNSHIELD:0.46637840805991315
CE_PIECECOORDINATION:0.4703096453062611
CE_MATERIAL:0.4660975183041147
CE_KINGSAFETY:0.5141179707292359
C_PIECESQUARETABLES:0.4849460249565616
C_MOBILITY:0.5169292840888471
C_KINGSAFETY:0.4683024463855604
C_PAWNSTRUCTURE:0.4303593343631442
C_PIECECOORDINATION:0.563026590413987
C_ROOKANDPAWNMOVEMENT:0.563026590413987
C_CENTERCONTROL:0.5285253129339634
C_DEVELOPPIECES:0.5463064319868656
C_MATERIAL:0.469095772830403
