ELO:757
CE_PASSEDPAWNS:0.5617065071458519
CE_PAWNWEAKNESSES:0.5261680185367412
CE_PIECEACTIVITY:0.4288323726481685
CE_KINGPAWNSHIELD:0.4720035608903809
CE_PIECECOORDINATION:0.46206296685307235
CE_MATERIAL:0.5339540851401599
CE_KINGSAFETY:0.4884555692101547
C_PIECESQUARETABLES:0.4877529987522488
C_MOBILITY:0.5567148336396816
C_KINGSAFETY:0.5166679500374497
C_PAWNSTRUCTURE:0.4927100718828615
C_PIECECOORDINATION:0.5898816552462504
C_ROOKANDPAWNMOVEMENT:0.5898816552462504
C_CENTERCONTROL:0.40949707463736573
C_DEVELOPPIECES:0.5687037876574726
C_MATERIAL:0.6010661228479744
C_MOVECOUNT:0.46553422306091974
