ELO:954
CE_PASSEDPAWNS:0.46577766741854687
CE_PAWNWEAKNESSES:0.42128957002759715
CE_PIECEACTIVITY:0.4606319575709745
CE_KINGPAWNSHIELD:0.4240170155264759
CE_PIECECOORDINATION:0.5018422714787764
CE_MATERIAL:0.4723854914765628
CE_KINGSAFETY:0.4929969737248152
C_PIECESQUARETABLES:0.4864123649217569
C_MOBILITY:0.5497177099725444
C_KINGSAFETY:0.4810906024913205
C_PAWNSTRUCTURE:0.35925136826417575
C_PIECECOORDINATION:0.5642012321596399
C_ROOKANDPAWNMOVEMENT:0.5642012321596399
C_CENTERCONTROL:0.5745060391042307
C_DEVELOPPIECES:0.5181879901606105
C_MATERIAL:0.4382824605110707
