ELO:914
CE_PASSEDPAWNS:0.5085863292594818
CE_PAWNWEAKNESSES:0.5088836706893011
CE_PIECEACTIVITY:0.5472662001238563
CE_KINGPAWNSHIELD:0.5075430818775007
CE_PIECECOORDINATION:0.49307284877285396
CE_MATERIAL:0.5036147249800299
CE_KINGSAFETY:0.47522487451927303
C_PIECESQUARETABLES:0.5055738315139854
C_MOBILITY:0.4579973475728834
C_KINGSAFETY:0.48772454924054043
C_PAWNSTRUCTURE:0.4839027766240549
C_PIECECOORDINATION:0.52569174391815
C_ROOKANDPAWNMOVEMENT:0.52569174391815
C_CENTERCONTROL:0.5049822680467622
C_DEVELOPPIECES:0.4611517748951791
C_MATERIAL:0.451909261151345
C_MOVECOUNT:0.5454295583807142
