ELO:1000
CE_PASSEDPAWNS:0.5
CE_PAWNWEAKNESSES:0.505227518849687
CE_PIECEACTIVITY:0.5
CE_KINGPAWNSHIELD:0.5094576201133294
CE_PIECECOORDINATION:0.5013471628465201
CE_MATERIAL:0.5091665278967247
CE_KINGSAFETY:0.5132693356185344
C_PIECESQUARETABLES:0.5096039920107226
C_MOBILITY:0.5
C_KINGSAFETY:0.5
C_PAWNSTRUCTURE:0.5001572638320441
C_PIECECOORDINATION:0.4929654254556891
C_ROOKANDPAWNMOVEMENT:0.4929654254556891
C_CENTERCONTROL:0.49525407798710686
C_DEVELOPPIECES:0.4826924455684502
C_MATERIAL:0.5
