ELO:721
CE_PASSEDPAWNS:0.5195088765803584
CE_PAWNWEAKNESSES:0.49122187154408536
CE_PIECEACTIVITY:0.45849870922633895
CE_KINGPAWNSHIELD:0.5033583787568057
CE_PIECECOORDINATION:0.48558965362193723
CE_MATERIAL:0.5122819844096008
CE_KINGSAFETY:0.5069766885856501
C_PIECESQUARETABLES:0.5052518959234923
C_MOBILITY:0.5366816069992422
C_KINGSAFETY:0.5136322548992964
C_PAWNSTRUCTURE:0.5263059771394775
C_PIECECOORDINATION:0.5744901715216767
C_ROOKANDPAWNMOVEMENT:0.5744901715216767
C_CENTERCONTROL:0.4328030252646919
C_DEVELOPPIECES:0.5372786387633893
C_MATERIAL:0.5673969118650457
C_MOVECOUNT:0.5
