ELO:990
CE_PASSEDPAWNS:0.4836360355128622
CE_PAWNWEAKNESSES:0.4770369144016096
CE_PIECEACTIVITY:0.49042996478663137
CE_KINGPAWNSHIELD:0.49158142989290277
CE_PIECECOORDINATION:0.49338578634034097
CE_MATERIAL:0.5306358720044625
CE_KINGSAFETY:0.5269981925394076
C_PIECESQUARETABLES:0.5113725441216841
C_MOBILITY:0.5186120788631013
C_KINGSAFETY:0.4920337764874301
C_PAWNSTRUCTURE:0.4802543282064729
C_PIECECOORDINATION:0.5067362883100262
C_ROOKANDPAWNMOVEMENT:0.5067362883100262
C_CENTERCONTROL:0.5235425812528033
C_DEVELOPPIECES:0.5826989718065398
C_MATERIAL:0.5153592686032299
