ELO:913
CE_PASSEDPAWNS:0.4900035834689881
CE_PAWNWEAKNESSES:0.49403092918396985
CE_PIECEACTIVITY:0.4637102181835982
CE_KINGPAWNSHIELD:0.48408303148592696
CE_PIECECOORDINATION:0.45394312895109873
CE_MATERIAL:0.45329972843582933
CE_KINGSAFETY:0.5
C_PIECESQUARETABLES:0.5
C_MOBILITY:0.5180944389489953
C_KINGSAFETY:0.4875237669473342
C_PAWNSTRUCTURE:0.48496095328182925
C_PIECECOORDINATION:0.5194832585382964
C_ROOK:0.5545928034809883
CE_ROOK:0.5033037435977515
C_CENTERCONTROL:0.45413717974848633
C_DEVELOPPIECES:0.4795390473612527
C_MATERIAL:0.5674288148191552
C_MOVECOUNT:0.5285377136457635
C_PAWNMOVEMENT:0.4714367306314969
