ELO:878
CE_PASSEDPAWNS:0.3701791199689025
CE_PAWNWEAKNESSES:0.4870922035720692
CE_PIECEACTIVITY:0.3805904240423851
CE_KINGPAWNSHIELD:0.38672178968917764
CE_PIECECOORDINATION:0.5556391081489992
CE_MATERIAL:0.5001563048500365
CE_KINGSAFETY:0.42831781073013986
C_PIECESQUARETABLES:0.4642402367281699
C_MOBILITY:0.5651068163060669
C_KINGSAFETY:0.4772313332753143
C_PAWNSTRUCTURE:0.409760365733441
C_PIECECOORDINATION:0.404652440873028
C_ROOKANDPAWNMOVEMENT:0.404652440873028
C_CENTERCONTROL:0.5808756626064184
C_DEVELOPPIECES:0.4513157811353566
C_MATERIAL:0.5044762197397679
