ELO:857
CE_PASSEDPAWNS:0.3745325965961773
CE_PAWNWEAKNESSES:0.4955483187766827
CE_PIECEACTIVITY:0.38528175227521166
CE_KINGPAWNSHIELD:0.36612597219566834
CE_PIECECOORDINATION:0.5674916646327778
CE_MATERIAL:0.4849416714332868
CE_KINGSAFETY:0.5
C_PIECESQUARETABLES:0.4951386603490342
C_MOBILITY:0.5629943999932656
C_KINGSAFETY:0.47913467045409647
C_PAWNSTRUCTURE:0.41010544652467473
C_PIECECOORDINATION:0.4104775849044716
C_ROOKANDPAWNMOVEMENT:0.4104775849044716
C_CENTERCONTROL:0.5819301367252343
C_DEVELOPPIECES:0.45208910790093815
C_MATERIAL:0.5092503132490772
