ELO:895
CE_PASSEDPAWNS:0.5491073388974533
CE_PAWNWEAKNESSES:0.49078005246605344
CE_PIECEACTIVITY:0.49845136945930063
CE_KINGPAWNSHIELD:0.493290304081063
CE_PIECECOORDINATION:0.4966461693319586
CE_MATERIAL:0.5210647058643223
CE_KINGSAFETY:0.524324895289506
C_PIECESQUARETABLES:0.5026269004076365
C_MOBILITY:0.4916735155091391
C_KINGSAFETY:0.4971822140102832
C_PAWNSTRUCTURE:0.4926995481084215
C_PIECECOORDINATION:0.5138405845535118
C_ROOKANDPAWNMOVEMENT:0.5138405845535118
C_CENTERCONTROL:0.5706554555830474
C_DEVELOPPIECES:0.4594011825921921
C_MATERIAL:0.4963273894097375
C_MOVECOUNT:0.5221487635010132
