ELO:974
CE_PASSEDPAWNS:0.5000795906585495
CE_PAWNWEAKNESSES:0.5069419827366047
CE_PIECEACTIVITY:0.5265740213369621
CE_KINGPAWNSHIELD:0.46270824368369357
CE_PIECECOORDINATION:0.5262386673574365
CE_MATERIAL:0.4968671027962708
CE_KINGSAFETY:0.5131408513778518
C_PIECESQUARETABLES:0.5103603876779024
C_MOBILITY:0.4788448761946724
C_KINGSAFETY:0.49375758403665904
C_PAWNSTRUCTURE:0.5
C_PIECECOORDINATION:0.4909183596199153
C_ROOKANDPAWNMOVEMENT:0.4909183596199153
C_CENTERCONTROL:0.5061229337897155
C_DEVELOPPIECES:0.5022185945276402
C_MATERIAL:0.49880444534788765
C_MOVECOUNT:0.5
