ELO:784
CE_PASSEDPAWNS:0.5617065071458519
CE_PAWNWEAKNESSES:0.5406409092589642
CE_PIECEACTIVITY:0.4288323726481685
CE_KINGPAWNSHIELD:0.4720035608903809
CE_PIECECOORDINATION:0.45306145879613313
CE_MATERIAL:0.53333725215593
CE_KINGSAFETY:0.4884555692101547
C_PIECESQUARETABLES:0.4915241569313729
C_MOBILITY:0.5550501820950465
C_KINGSAFETY:0.5166679500374497
C_PAWNSTRUCTURE:0.4927938832205742
C_PIECECOORDINATION:0.5834714681561369
C_ROOKANDPAWNMOVEMENT:0.5834714681561369
C_CENTERCONTROL:0.41576304464563607
C_DEVELOPPIECES:0.5788055986294512
C_MATERIAL:0.5918205373141141
C_MOVECOUNT:0.45449388957926684
