ELO:1024
CE_PASSEDPAWNS:0.6624667685721475
CE_PAWNWEAKNESSES:0.4756464692529546
CE_PIECEACTIVITY:0.46676151010137984
CE_KINGPAWNSHIELD:0.44862434436116466
CE_PIECECOORDINATION:0.4714659121010543
CE_MATERIAL:0.4584225338710433
CE_KINGSAFETY:0.47326400968258336
C_PIECESQUARETABLES:0.4787965000125278
C_MOBILITY:0.4425840800717365
C_KINGSAFETY:0.489594965220684
C_PAWNSTRUCTURE:0.39940152650799665
C_PIECECOORDINATION:0.48311574902466253
C_ROOKANDPAWNMOVEMENT:0.48311574902466253
C_CENTERCONTROL:0.5255710792698055
C_DEVELOPPIECES:0.5922809629108096
C_MATERIAL:0.41748820532549746
