ELO:884
CE_PASSEDPAWNS:0.4978238489441431
CE_PAWNWEAKNESSES:0.510759074216079
CE_PIECEACTIVITY:0.5483767856360471
CE_KINGPAWNSHIELD:0.5058756155392019
CE_PIECECOORDINATION:0.5153778623124733
CE_MATERIAL:0.5396028291986078
CE_KINGSAFETY:0.513024092321537
C_PIECESQUARETABLES:0.4933302123286365
C_MOBILITY:0.4795070831570785
C_KINGSAFETY:0.5214903105922561
C_PAWNSTRUCTURE:0.5158291747686556
C_PIECECOORDINATION:0.478437151380337
C_ROOKANDPAWNMOVEMENT:0.478437151380337
C_CENTERCONTROL:0.5272464762684068
C_DEVELOPPIECES:0.5489709632655069
C_MATERIAL:0.49115003172377747
C_MOVECOUNT:0.5
