ELO:924
CE_PASSEDPAWNS:0.44011421690476005
CE_PAWNWEAKNESSES:0.42320186023491013
CE_PIECEACTIVITY:0.4536794045572195
CE_KINGPAWNSHIELD:0.3902564276548511
CE_PIECECOORDINATION:0.5359124621477662
CE_MATERIAL:0.49494769766663294
CE_KINGSAFETY:0.5056748261267732
C_PIECESQUARETABLES:0.48038489985313465
C_MOBILITY:0.5823852378506578
C_KINGSAFETY:0.44084396493801753
C_PAWNSTRUCTURE:0.40319906187914784
C_PIECECOORDINATION:0.5453708939507864
C_ROOKANDPAWNMOVEMENT:0.5453708939507864
C_CENTERCONTROL:0.5929290054081021
C_DEVELOPPIECES:0.506715228288469
C_MATERIAL:0.43892755028807023
