ELO:855
CE_PASSEDPAWNS:0.4885198811309422
CE_PAWNWEAKNESSES:0.5126462185139063
CE_PIECEACTIVITY:0.5546816068487362
CE_KINGPAWNSHIELD:0.5061548621508282
CE_PIECECOORDINATION:0.47606825979814743
CE_MATERIAL:0.5082238802117688
CE_KINGSAFETY:0.4635208773402237
C_PIECESQUARETABLES:0.49687403167964495
C_MOBILITY:0.45528834261949064
C_KINGSAFETY:0.5096603048558648
C_PAWNSTRUCTURE:0.4767462662428391
C_PIECECOORDINATION:0.5318868895951155
C_ROOKANDPAWNMOVEMENT:0.5318868895951155
C_CENTERCONTROL:0.4976565184337533
C_DEVELOPPIECES:0.5139614083641192
C_MATERIAL:0.45311904736220915
C_MOVECOUNT:0.5536469880161865
