ELO:824
CE_PASSEDPAWNS:0.5193891420273159
CE_PAWNWEAKNESSES:0.5726585427897102
CE_PIECEACTIVITY:0.43279853051574524
CE_KINGPAWNSHIELD:0.5041345624205379
CE_PIECECOORDINATION:0.5000654726476162
CE_MATERIAL:0.562317376963309
CE_KINGSAFETY:0.4874383772526724
C_PIECESQUARETABLES:0.5
C_MOBILITY:0.52747634894523
C_KINGSAFETY:0.5985614819910344
C_PAWNSTRUCTURE:0.4969750318776641
C_PIECECOORDINATION:0.5698852393821803
C_ROOKANDPAWNMOVEMENT:0.5698852393821803
C_CENTERCONTROL:0.4475307192005969
C_DEVELOPPIECES:0.42854098382785977
C_MATERIAL:0.5309388772442225
C_MOVECOUNT:0.5
