ELO:733
CE_PASSEDPAWNS:0.5188732795350303
CE_PAWNWEAKNESSES:0.5456093250594464
CE_PIECEACTIVITY:0.46853047203706016
CE_KINGPAWNSHIELD:0.46391646254786667
CE_PIECECOORDINATION:0.49516860618314024
CE_MATERIAL:0.5453420007298255
CE_KINGSAFETY:0.47993382799123013
C_PIECESQUARETABLES:0.5087931830770517
C_MOBILITY:0.5786495890100798
C_KINGSAFETY:0.5396189497969737
C_PAWNSTRUCTURE:0.48997848765666824
C_PIECECOORDINATION:0.5955360277256105
C_ROOKANDPAWNMOVEMENT:0.5955360277256105
C_CENTERCONTROL:0.39493312737425623
C_DEVELOPPIECES:0.5571779068263544
C_MATERIAL:0.5877966414814012
C_MOVECOUNT:0.5
