ELO:954
CE_PASSEDPAWNS:0.5504311430334671
CE_PAWNWEAKNESSES:0.5518715684104484
CE_PIECEACTIVITY:0.55942001241943
CE_KINGPAWNSHIELD:0.4858765115123399
CE_PIECECOORDINATION:0.510436318576963
CE_MATERIAL:0.5121881857172709
CE_KINGSAFETY:0.4814526662204935
C_PIECESQUARETABLES:0.5042240591285342
C_MOBILITY:0.5374198547882899
C_KINGSAFETY:0.47501050150112806
C_PAWNSTRUCTURE:0.5541961295260498
C_PIECECOORDINATION:0.5095486525449332
C_ROOKANDPAWNMOVEMENT:0.5095486525449332
C_CENTERCONTROL:0.5057344164218209
C_DEVELOPPIECES:0.4433060877060652
C_MATERIAL:0.5334948029455094
