ELO:931
CE_PASSEDPAWNS:0.5689349708959998
CE_PAWNWEAKNESSES:0.5811139960077257
CE_PIECEACTIVITY:0.5448183827285944
CE_KINGPAWNSHIELD:0.4519945689200199
CE_PIECECOORDINATION:0.5437082424866401
CE_MATERIAL:0.5199917042787108
CE_KINGSAFETY:0.46478146237809187
C_PIECESQUARETABLES:0.5121459433098077
C_MOBILITY:0.5511361022339073
C_KINGSAFETY:0.48663562723980447
C_PAWNSTRUCTURE:0.5655805758089137
C_PIECECOORDINATION:0.5092626291568391
C_ROOKANDPAWNMOVEMENT:0.5092626291568391
C_CENTERCONTROL:0.4710864132770217
C_DEVELOPPIECES:0.49222271307962917
C_MATERIAL:0.5502955221481415
