ELO:983
CE_PASSEDPAWNS:0.47138999086633576
CE_PAWNWEAKNESSES:0.5323587000418839
CE_PIECEACTIVITY:0.5219247769354183
CE_KINGPAWNSHIELD:0.45219459095079967
CE_PIECECOORDINATION:0.5395148151286162
CE_MATERIAL:0.5061855451365707
CE_KINGSAFETY:0.5
C_PIECESQUARETABLES:0.5
C_MOBILITY:0.5241309352248441
C_KINGSAFETY:0.48229667815347615
C_PAWNSTRUCTURE:0.5472535838963113
C_PIECECOORDINATION:0.49396491511235197
C_ROOKANDPAWNMOVEMENT:0.49396491511235197
C_CENTERCONTROL:0.5439115894552141
C_DEVELOPPIECES:0.44968516161823885
C_MATERIAL:0.5284967616968151
