ELO:998
CE_PASSEDPAWNS:0.5266634320190964
CE_PAWNWEAKNESSES:0.5212132360111282
CE_PIECEACTIVITY:0.5594978002495871
CE_KINGPAWNSHIELD:0.48371283314063984
CE_PIECECOORDINATION:0.4313993196770454
CE_MATERIAL:0.5476397138282653
CE_KINGSAFETY:0.5
C_PIECESQUARETABLES:0.5194323202803974
C_MOBILITY:0.5088437624947945
C_KINGSAFETY:0.501961791184983
C_PAWNSTRUCTURE:0.5006281247243053
C_PIECECOORDINATION:0.4455295289066636
C_ROOKANDPAWNMOVEMENT:0.4455295289066636
C_CENTERCONTROL:0.417349548085767
C_DEVELOPPIECES:0.5167491678807271
C_MATERIAL:0.6941441622100244
