ELO:943
CE_PASSEDPAWNS:0.507230712755956
CE_PAWNWEAKNESSES:0.5438762922777637
CE_PIECEACTIVITY:0.5013187603062125
CE_KINGPAWNSHIELD:0.47452211169452657
CE_PIECECOORDINATION:0.480326882390708
CE_MATERIAL:0.49439512575237177
CE_KINGSAFETY:0.5166653744566386
C_PIECESQUARETABLES:0.5020240234975156
C_MOBILITY:0.45896272972064905
C_KINGSAFETY:0.5249221125561802
C_PAWNSTRUCTURE:0.46743567979342004
C_PIECECOORDINATION:0.5560689670331237
C_ROOKANDPAWNMOVEMENT:0.5560689670331237
C_CENTERCONTROL:0.5227205209307351
C_DEVELOPPIECES:0.5218803926392717
C_MATERIAL:0.4948952546091394
C_MOVECOUNT:0.5
