ELO:990
CE_PASSEDPAWNS:0.4487772970114087
CE_PAWNWEAKNESSES:0.42221345993818904
CE_PIECEACTIVITY:0.5049184732105881
CE_KINGPAWNSHIELD:0.5149865849013848
CE_PIECECOORDINATION:0.48743714164623525
CE_MATERIAL:0.5160276918774652
CE_KINGSAFETY:0.5387129068354117
C_PIECESQUARETABLES:0.5069309344420158
C_MOBILITY:0.5104730455677665
C_KINGSAFETY:0.47289535655801357
C_PAWNSTRUCTURE:0.4666247924396245
C_PIECECOORDINATION:0.49909861733253785
C_ROOKANDPAWNMOVEMENT:0.49909861733253785
C_CENTERCONTROL:0.5276011232056697
C_DEVELOPPIECES:0.5773180234441797
C_MATERIAL:0.4947426436485512
