ELO:991
CE_PASSEDPAWNS:0.5048867309150495
CE_PAWNWEAKNESSES:0.5104035444136736
CE_PIECEACTIVITY:0.5594978002495871
CE_KINGPAWNSHIELD:0.5599465954910741
CE_PIECECOORDINATION:0.45648493335952683
CE_MATERIAL:0.5561775794490093
CE_KINGSAFETY:0.5089151201842703
C_PIECESQUARETABLES:0.5
C_MOBILITY:0.5102529898840642
C_KINGSAFETY:0.5555396845641076
C_PAWNSTRUCTURE:0.46054427260367564
C_PIECECOORDINATION:0.5350567576815112
C_ROOKANDPAWNMOVEMENT:0.5350567576815112
C_CENTERCONTROL:0.3628208528192532
C_DEVELOPPIECES:0.5067495606305472
C_MATERIAL:0.6729291944039542
