ELO:847
CE_PASSEDPAWNS:0.5227299853924191
CE_PAWNWEAKNESSES:0.5177604827216459
CE_PIECEACTIVITY:0.49599177436281283
CE_KINGPAWNSHIELD:0.4914214528747096
CE_PIECECOORDINATION:0.48675040507374306
CE_MATERIAL:0.517170683640979
CE_KINGSAFETY:0.5021080585511823
C_PIECESQUARETABLES:0.5172147808102707
C_MOBILITY:0.5468549159935628
C_KINGSAFETY:0.49200163517941886
C_PAWNSTRUCTURE:0.5270239855056594
C_PIECECOORDINATION:0.5496958461095665
C_ROOKANDPAWNMOVEMENT:0.5496958461095665
C_CENTERCONTROL:0.4776645454708832
C_DEVELOPPIECES:0.5349589701459612
C_MATERIAL:0.540424781156939
C_MOVECOUNT:0.5
