ELO:986
CE_PASSEDPAWNS:0.4422870317137687
CE_PAWNWEAKNESSES:0.44838046621340066
CE_PIECEACTIVITY:0.4818974459334694
CE_KINGPAWNSHIELD:0.4922724649892812
CE_PIECECOORDINATION:0.46805989124156216
CE_MATERIAL:0.503330746625852
CE_KINGSAFETY:0.5333335821176786
C_PIECESQUARETABLES:0.4981575709474248
C_MOBILITY:0.5098025842625084
C_KINGSAFETY:0.501313389428586
C_PAWNSTRUCTURE:0.42307035296996137
C_PIECECOORDINATION:0.5158964927356262
C_ROOKANDPAWNMOVEMENT:0.5158964927356262
C_CENTERCONTROL:0.5079268936228131
C_DEVELOPPIECES:0.5665235493226486
C_MATERIAL:0.5029025490431199
