ELO:970
CE_PASSEDPAWNS:0.5042087242647058
CE_PAWNWEAKNESSES:0.5022613452748864
CE_PIECEACTIVITY:0.5
CE_KINGPAWNSHIELD:0.5050038830519017
CE_PIECECOORDINATION:0.5022678895289338
CE_MATERIAL:0.5122706313327602
CE_KINGSAFETY:0.5
C_PIECESQUARETABLES:0.5
C_MOBILITY:0.5
C_KINGSAFETY:0.5
C_PAWNSTRUCTURE:0.4944982110272738
C_PIECECOORDINATION:0.5
C_ROOKANDPAWNMOVEMENT:0.5
C_CENTERCONTROL:0.5
C_DEVELOPPIECES:0.4928665967973715
C_MATERIAL:0.5176902349104348
C_MOVECOUNT:0.5
