ELO:979
CE_PASSEDPAWNS:0.49990388715429984
CE_PAWNWEAKNESSES:0.5028385160664153
CE_PIECEACTIVITY:0.4831739807896945
CE_KINGPAWNSHIELD:0.5035787214337242
CE_PIECECOORDINATION:0.4965560631062238
CE_MATERIAL:0.5065967667577549
CE_KINGSAFETY:0.4911358167081363
C_PIECESQUARETABLES:0.493205338584538
C_MOBILITY:0.4988521119061013
C_KINGSAFETY:0.5048227100044551
C_PAWNSTRUCTURE:0.5060054430571999
C_PIECECOORDINATION:0.48070866444890176
C_ROOKANDPAWNMOVEMENT:0.48070866444890176
C_CENTERCONTROL:0.4684133989763407
C_DEVELOPPIECES:0.514684102329428
C_MATERIAL:0.47821425190909267
C_MOVECOUNT:0.5206248875956179
