ELO:1000
CE_PASSEDPAWNS:0.47078682904136204
CE_PAWNWEAKNESSES:0.48619852356783416
CE_PIECEACTIVITY:0.48902601057222783
CE_KINGPAWNSHIELD:0.48020655790514
CE_PIECECOORDINATION:0.5048013825406299
CE_MATERIAL:0.5190779878372844
CE_KINGSAFETY:0.5249376069081344
C_PIECESQUARETABLES:0.48340083029131026
C_MOBILITY:0.5062207760623
C_KINGSAFETY:0.4844301702087108
C_PAWNSTRUCTURE:0.4967410529399744
C_PIECECOORDINATION:0.4960709116717923
C_ROOKANDPAWNMOVEMENT:0.4960709116717923
C_CENTERCONTROL:0.5229516217579947
C_DEVELOPPIECES:0.5685842673279471
C_MATERIAL:0.524893562481507
