ELO:970
CE_PASSEDPAWNS:0.44910871794115315
CE_PAWNWEAKNESSES:0.40341748063442223
CE_PIECEACTIVITY:0.4261404997227549
CE_KINGPAWNSHIELD:0.44361584398569
CE_PIECECOORDINATION:0.4737737288136344
CE_MATERIAL:0.4792631409497065
CE_KINGSAFETY:0.5088071732936709
C_PIECESQUARETABLES:0.4963198019574162
C_MOBILITY:0.5184670111390005
C_KINGSAFETY:0.4703574533190251
C_PAWNSTRUCTURE:0.4127492095722071
C_PIECECOORDINATION:0.580153832198423
C_ROOKANDPAWNMOVEMENT:0.580153832198423
C_CENTERCONTROL:0.5253363146712939
C_DEVELOPPIECES:0.5204697719204421
C_MATERIAL:0.4534872416650454
