ELO:780
CE_PASSEDPAWNS:0.4682718504052973
CE_PAWNWEAKNESSES:0.3131705909138408
CE_PIECEACTIVITY:0.5231148341382306
CE_KINGPAWNSHIELD:0.6129377572701878
CE_PIECECOORDINATION:0.4334918417392663
CE_MATERIAL:0.4666554331637389
CE_KINGSAFETY:0.4937890505949279
C_PIECESQUARETABLES:0.541118424201717
C_MOBILITY:0.49826108635183053
C_KINGSAFETY:0.5583203227436125
C_PAWNSTRUCTURE:0.48930561052685023
C_PIECECOORDINATION:0.48151286425509954
C_ROOKANDPAWNMOVEMENT:0.48151286425509954
C_CENTERCONTROL:0.4362911506545382
C_DEVELOPPIECES:0.5126416210218127
C_MATERIAL:0.5164754898402595
C_MOVECOUNT:0.509710467465715
