ELO:961
CE_PASSEDPAWNS:0.5045520155889824
CE_PAWNWEAKNESSES:0.4951416519814642
CE_PIECEACTIVITY:0.48931381078555364
CE_KINGPAWNSHIELD:0.4776960251954161
CE_PIECECOORDINATION:0.45355423458258953
CE_MATERIAL:0.52021188829498
CE_KINGSAFETY:0.49816452796030486
C_PIECESQUARETABLES:0.5
C_MOBILITY:0.5066844471238399
C_KINGSAFETY:0.5000835256959264
C_PAWNSTRUCTURE:0.5124568889004858
C_PIECECOORDINATION:0.5241079343677241
C_ROOK:0.5079763622555211
CE_ROOK:0.5260152631933571
C_CENTERCONTROL:0.4779472492815346
C_DEVELOPPIECES:0.47390246010580495
C_MATERIAL:0.5023731797174947
C_MOVECOUNT:0.5098677464285487
C_PAWNMOVEMENT:0.45830777912676984
