ELO:986
CE_PASSEDPAWNS:0.481758416136882
CE_PAWNWEAKNESSES:0.5405686866214309
CE_PIECEACTIVITY:0.5116504240815823
CE_KINGPAWNSHIELD:0.44197605643588384
CE_PIECECOORDINATION:0.5392955568396935
CE_MATERIAL:0.5181856989810787
CE_KINGSAFETY:0.48769285476194046
C_PIECESQUARETABLES:0.49658674537326053
C_MOBILITY:0.5241309352248441
C_KINGSAFETY:0.4794554922876678
C_PAWNSTRUCTURE:0.5429768740696203
C_PIECECOORDINATION:0.49377346666256045
C_ROOKANDPAWNMOVEMENT:0.49377346666256045
C_CENTERCONTROL:0.535598647427247
C_DEVELOPPIECES:0.4668230522466221
C_MATERIAL:0.5375836802015432
