ELO:988
CE_PASSEDPAWNS:0.45973523090821267
CE_PAWNWEAKNESSES:0.5521637350007046
CE_PIECEACTIVITY:0.5017537611032228
CE_KINGPAWNSHIELD:0.4535757649998938
CE_PIECECOORDINATION:0.5383489913144421
CE_MATERIAL:0.5109431232722125
CE_KINGSAFETY:0.5608763088772843
C_PIECESQUARETABLES:0.48719937756368964
C_MOBILITY:0.5412579990594215
C_KINGSAFETY:0.499800274590336
C_PAWNSTRUCTURE:0.5394254794296617
C_PIECECOORDINATION:0.5156384184704972
C_ROOKANDPAWNMOVEMENT:0.5156384184704972
C_CENTERCONTROL:0.5331231449600535
C_DEVELOPPIECES:0.44031568282349953
C_MATERIAL:0.5089683422493366
