ELO:744
CE_PASSEDPAWNS:0.5189263549323204
CE_PAWNWEAKNESSES:0.5373656783380294
CE_PIECEACTIVITY:0.4456196952335788
CE_KINGPAWNSHIELD:0.46157486861499925
CE_PIECECOORDINATION:0.4936916330847221
CE_MATERIAL:0.5478262936445917
CE_KINGSAFETY:0.4643320503232759
C_PIECESQUARETABLES:0.507998873076
C_MOBILITY:0.5466926886683248
C_KINGSAFETY:0.5088563423983362
C_PAWNSTRUCTURE:0.47698869540268335
C_PIECECOORDINATION:0.5938856029900077
C_ROOKANDPAWNMOVEMENT:0.5938856029900077
C_CENTERCONTROL:0.40634193353418696
C_DEVELOPPIECES:0.5313141615295759
C_MATERIAL:0.5854800164425762
C_MOVECOUNT:0.5
