ELO:989
CE_PASSEDPAWNS:0.4337645054076968
CE_PAWNWEAKNESSES:0.4108617673751138
CE_PIECEACTIVITY:0.49636805368231945
CE_KINGPAWNSHIELD:0.5057187722643507
CE_PIECECOORDINATION:0.46980410179875737
CE_MATERIAL:0.5099796583138471
CE_KINGSAFETY:0.5339183090714634
C_PIECESQUARETABLES:0.4860269986914422
C_MOBILITY:0.5251578125588335
C_KINGSAFETY:0.4814880862616558
C_PAWNSTRUCTURE:0.44711724184981666
C_PIECECOORDINATION:0.5180597420973176
C_ROOKANDPAWNMOVEMENT:0.5180597420973176
C_CENTERCONTROL:0.5092352306154516
C_DEVELOPPIECES:0.5743744938608725
C_MATERIAL:0.49257273749629094
