ELO:998
CE_PASSEDPAWNS:0.5
CE_PAWNWEAKNESSES:0.5019797084309674
CE_PIECEACTIVITY:0.5106078330647195
CE_KINGPAWNSHIELD:0.4946866293822115
CE_PIECECOORDINATION:0.49205328944235754
CE_MATERIAL:0.5
CE_KINGSAFETY:0.5
C_PIECESQUARETABLES:0.5101012588131608
C_MOBILITY:0.5122062524717146
C_KINGSAFETY:0.49354428455914456
C_PAWNSTRUCTURE:0.4974364909558705
C_PIECECOORDINATION:0.5
C_ROOK:0.4956968707119595
CE_ROOK:0.485503642279331
C_CENTERCONTROL:0.49648824965274624
C_DEVELOPPIECES:0.5102310942354663
C_MATERIAL:0.4915745179359617
C_MOVECOUNT:0.4877401253130364
C_PAWNMOVEMENT:0.4948455665714405
