ELO:959
CE_PASSEDPAWNS:0.5162669559864593
CE_PAWNWEAKNESSES:0.4902710255063653
CE_PIECEACTIVITY:0.4871879865490654
CE_KINGPAWNSHIELD:0.4776960251954161
CE_PIECECOORDINATION:0.446319901084952
CE_MATERIAL:0.5130955502638976
CE_KINGSAFETY:0.4950989059228647
C_PIECESQUARETABLES:0.49220363728973215
C_MOBILITY:0.49740440867104374
C_KINGSAFETY:0.5000835256959264
C_PAWNSTRUCTURE:0.5124568889004858
C_PIECECOORDINATION:0.5239435527964458
C_ROOK:0.52905716882792
CE_ROOK:0.5228246724989627
C_CENTERCONTROL:0.4683223658962125
C_DEVELOPPIECES:0.4625607931631138
C_MATERIAL:0.5318835737977151
C_MOVECOUNT:0.5080217250732045
C_PAWNMOVEMENT:0.45630837580264505
