ELO:988
CE_PASSEDPAWNS:0.43608630618541144
CE_PAWNWEAKNESSES:0.3983147596537006
CE_PIECEACTIVITY:0.4936566725048746
CE_KINGPAWNSHIELD:0.5057187722643507
CE_PIECECOORDINATION:0.46980410179875737
CE_MATERIAL:0.5170197384640821
CE_KINGSAFETY:0.5113434107973841
C_PIECESQUARETABLES:0.4886314888258542
C_MOBILITY:0.5251578125588335
C_KINGSAFETY:0.4814880862616558
C_PAWNSTRUCTURE:0.4323125023818195
C_PIECECOORDINATION:0.5138494753733363
C_ROOKANDPAWNMOVEMENT:0.5138494753733363
C_CENTERCONTROL:0.5092352306154516
C_DEVELOPPIECES:0.5721195308901066
C_MATERIAL:0.503260966887668
