ELO:959
CE_PASSEDPAWNS:0.4971002350352829
CE_PAWNWEAKNESSES:0.5121175902384413
CE_PIECEACTIVITY:0.5097392673663073
CE_KINGPAWNSHIELD:0.5186965853253549
CE_PIECECOORDINATION:0.4878667178485497
CE_MATERIAL:0.4972391558353995
CE_KINGSAFETY:0.4878071516062711
C_PIECESQUARETABLES:0.5105048922045298
C_MOBILITY:0.5032009520082033
C_KINGSAFETY:0.476811279015623
C_PAWNSTRUCTURE:0.4985464242084918
C_PIECECOORDINATION:0.5270154235825814
C_ROOKANDPAWNMOVEMENT:0.5270154235825814
C_CENTERCONTROL:0.5096462368858742
C_DEVELOPPIECES:0.491490272383257
C_MATERIAL:0.49434388189091255
C_MOVECOUNT:0.4956256446101462
