ELO:923
CE_PASSEDPAWNS:0.5366479609760139
CE_PAWNWEAKNESSES:0.4896096252336055
CE_PIECEACTIVITY:0.5061386493070654
CE_KINGPAWNSHIELD:0.5008091106202228
CE_PIECECOORDINATION:0.5005015775765134
CE_MATERIAL:0.5124283889314483
CE_KINGSAFETY:0.48005992544155307
C_PIECESQUARETABLES:0.5295174008089725
C_MOBILITY:0.4815017074174291
C_KINGSAFETY:0.5050443635382017
C_PAWNSTRUCTURE:0.49594347753631335
C_PIECECOORDINATION:0.49290952220764694
C_ROOKANDPAWNMOVEMENT:0.49290952220764694
C_CENTERCONTROL:0.5488036757639171
C_DEVELOPPIECES:0.49399109825228377
C_MATERIAL:0.5
C_MOVECOUNT:0.4839727339940072
