ELO:861
CE_PASSEDPAWNS:0.47886872425707866
CE_PAWNWEAKNESSES:0.4737028326848684
CE_PIECEACTIVITY:0.5336178758381054
CE_KINGPAWNSHIELD:0.5527905939085305
CE_PIECECOORDINATION:0.4248773192713081
CE_MATERIAL:0.5506573254852757
CE_KINGSAFETY:0.5129466415495721
C_PIECESQUARETABLES:0.48063581050191523
C_MOBILITY:0.4780668748072078
C_KINGSAFETY:0.5173733681336325
C_PAWNSTRUCTURE:0.5146057517345987
C_PIECECOORDINATION:0.5357515858164997
C_ROOKANDPAWNMOVEMENT:0.5357515858164997
C_CENTERCONTROL:0.4638935564004382
C_DEVELOPPIECES:0.5248493739222417
C_MATERIAL:0.44403951550194304
C_MOVECOUNT:0.5379870644007871
