ELO:1000
CE_PASSEDPAWNS:0.49989659208726867
CE_PAWNWEAKNESSES:0.5513712103177278
CE_PIECEACTIVITY:0.49325523582427244
CE_KINGPAWNSHIELD:0.43953487512359113
CE_PIECECOORDINATION:0.49584035629254397
CE_MATERIAL:0.537390118887779
CE_KINGSAFETY:0.5673652745774425
C_PIECESQUARETABLES:0.48589147570121627
C_MOBILITY:0.5360660450718646
C_KINGSAFETY:0.4944622572480971
C_PAWNSTRUCTURE:0.5288536881783363
C_PIECECOORDINATION:0.5106760141724227
C_ROOKANDPAWNMOVEMENT:0.5106760141724227
C_CENTERCONTROL:0.49858453715099577
C_DEVELOPPIECES:0.4320418111955839
C_MATERIAL:0.49408312428798196
