ELO:800
CE_PASSEDPAWNS:0.5183100899834009
CE_PAWNWEAKNESSES:0.4664264866964098
CE_PIECEACTIVITY:0.4545809888129761
CE_KINGPAWNSHIELD:0.5117641990971821
CE_PIECECOORDINATION:0.5518694035675382
CE_MATERIAL:0.5472793938629843
CE_KINGSAFETY:0.47349531322589633
C_PIECESQUARETABLES:0.4783643614084165
C_MOBILITY:0.4286458335668158
C_KINGSAFETY:0.4722098732627813
C_PAWNSTRUCTURE:0.5135865980073824
C_PIECECOORDINATION:0.5155335964102754
C_ROOKANDPAWNMOVEMENT:0.5155335964102754
C_CENTERCONTROL:0.5011794538467079
C_DEVELOPPIECES:0.5216926964344945
C_MATERIAL:0.4746357250720596
C_MOVECOUNT:0.5
