ELO:910
CE_PASSEDPAWNS:0.47824292860631773
CE_PAWNWEAKNESSES:0.46702259346756364
CE_PIECEACTIVITY:0.474133972048599
CE_KINGPAWNSHIELD:0.4852600192763241
CE_PIECECOORDINATION:0.507026005415857
CE_MATERIAL:0.5550446665984863
CE_KINGSAFETY:0.4880738271817166
C_PIECESQUARETABLES:0.5109471247716106
C_MOBILITY:0.4139151171026256
C_KINGSAFETY:0.5041825143197596
C_PAWNSTRUCTURE:0.508956137320861
C_PIECECOORDINATION:0.46168237799392237
C_ROOKANDPAWNMOVEMENT:0.46168237799392237
C_CENTERCONTROL:0.5123177633800218
C_DEVELOPPIECES:0.4991862153077539
C_MATERIAL:0.478030275399617
C_MOVECOUNT:0.5
