ELO:776
CE_PASSEDPAWNS:0.5685476663273177
CE_PAWNWEAKNESSES:0.3950071800883454
CE_PIECEACTIVITY:0.5186557143983298
CE_KINGPAWNSHIELD:0.5375204871437984
CE_PIECECOORDINATION:0.4922634166275545
CE_MATERIAL:0.5434119286150457
CE_KINGSAFETY:0.47228433831357847
C_PIECESQUARETABLES:0.5000407020151496
C_MOBILITY:0.5940583478732242
C_KINGSAFETY:0.33694271480650767
C_PAWNSTRUCTURE:0.46017228508570385
C_PIECECOORDINATION:0.6318401357634316
C_ROOKANDPAWNMOVEMENT:0.6318401357634316
C_CENTERCONTROL:0.45086527460972065
C_DEVELOPPIECES:0.5520357336688138
C_MATERIAL:0.5646144555637445
C_MOVECOUNT:0.48505691462752404
