ELO:898
CE_PASSEDPAWNS:0.5369761813985502
CE_PAWNWEAKNESSES:0.4477651289653373
CE_PIECEACTIVITY:0.5691390015824425
CE_KINGPAWNSHIELD:0.47504898592565215
CE_PIECECOORDINATION:0.41229252169484143
CE_MATERIAL:0.4077882659217357
CE_KINGSAFETY:0.42503285791915546
C_PIECESQUARETABLES:0.49186242195622293
C_MOBILITY:0.45840330652269196
C_KINGSAFETY:0.5785540407163939
C_PAWNSTRUCTURE:0.5119895931857084
C_PIECECOORDINATION:0.48807644246003445
C_ROOKANDPAWNMOVEMENT:0.48807644246003445
C_CENTERCONTROL:0.46407927943625743
C_DEVELOPPIECES:0.503745309807207
C_MATERIAL:0.6044315709557281
