ELO:987
CE_PASSEDPAWNS:0.5290323765642009
CE_PAWNWEAKNESSES:0.5721786585523577
CE_PIECEACTIVITY:0.4603000397112972
CE_KINGPAWNSHIELD:0.49616454451790054
CE_PIECECOORDINATION:0.5333574595139647
CE_MATERIAL:0.5058767450087459
CE_KINGSAFETY:0.49365250366003505
C_PIECESQUARETABLES:0.4658860075983404
C_MOBILITY:0.5332397404616495
C_KINGSAFETY:0.5081260939340354
C_PAWNSTRUCTURE:0.5887274022042593
C_PIECECOORDINATION:0.5063108121784465
C_ROOKANDPAWNMOVEMENT:0.5063108121784465
C_CENTERCONTROL:0.44457791990665585
C_DEVELOPPIECES:0.4664715450847941
C_MATERIAL:0.4890256834991125
