ELO:1049
CE_PASSEDPAWNS:0.6221302418246446
CE_PAWNWEAKNESSES:0.49211336985205684
CE_PIECEACTIVITY:0.46493212078182045
CE_KINGPAWNSHIELD:0.4977805227657222
CE_PIECECOORDINATION:0.47501119184534146
CE_MATERIAL:0.4492368495099819
CE_KINGSAFETY:0.5095751631929571
C_PIECESQUARETABLES:0.5013934045099142
C_MOBILITY:0.39810545196951685
C_KINGSAFETY:0.5180858707082984
C_PAWNSTRUCTURE:0.3969941434083586
C_PIECECOORDINATION:0.48637361008394503
C_ROOKANDPAWNMOVEMENT:0.48637361008394503
C_CENTERCONTROL:0.5148307234267656
C_DEVELOPPIECES:0.5629738496441057
C_MATERIAL:0.43352100868120264
