ELO:987
CE_PASSEDPAWNS:0.5308472598402781
CE_PAWNWEAKNESSES:0.5203570142663582
CE_PIECEACTIVITY:0.4772977791417038
CE_KINGPAWNSHIELD:0.4860530888184864
CE_PIECECOORDINATION:0.49541086578073074
CE_MATERIAL:0.49707984245672676
CE_KINGSAFETY:0.4792389246043981
C_PIECESQUARETABLES:0.49789056196060066
C_MOBILITY:0.523113309470826
C_KINGSAFETY:0.49464612119253565
C_PAWNSTRUCTURE:0.583760373753632
C_PIECECOORDINATION:0.49394828751397823
C_ROOKANDPAWNMOVEMENT:0.49394828751397823
C_CENTERCONTROL:0.4726609348386835
C_DEVELOPPIECES:0.49277935717080096
C_MATERIAL:0.508834744614452
