ELO:988
CE_PASSEDPAWNS:0.39792981371987557
CE_PAWNWEAKNESSES:0.5128889835512717
CE_PIECEACTIVITY:0.5081755949290535
CE_KINGPAWNSHIELD:0.4125050210314608
CE_PIECECOORDINATION:0.4387936467929464
CE_MATERIAL:0.5672017015596987
CE_KINGSAFETY:0.5073999316235774
C_PIECESQUARETABLES:0.4972958592805137
C_MOBILITY:0.6106431556756368
C_KINGSAFETY:0.512183802660027
C_PAWNSTRUCTURE:0.62436365227218
C_PIECECOORDINATION:0.5372373108710783
C_ROOKANDPAWNMOVEMENT:0.5372373108710783
C_CENTERCONTROL:0.38921304355764813
C_DEVELOPPIECES:0.5372214650415256
C_MATERIAL:0.5866536899795093
