ELO:987
CE_PASSEDPAWNS:0.5105036354787026
CE_PAWNWEAKNESSES:0.6094294261977037
CE_PIECEACTIVITY:0.5178503553282462
CE_KINGPAWNSHIELD:0.466333213720072
CE_PIECECOORDINATION:0.5609231572641614
CE_MATERIAL:0.49012569068338274
CE_KINGSAFETY:0.47035761958087235
C_PIECESQUARETABLES:0.4730595931172605
C_MOBILITY:0.5008664775080939
C_KINGSAFETY:0.5037255072171669
C_PAWNSTRUCTURE:0.5433447119998435
C_PIECECOORDINATION:0.46893902147429667
C_ROOKANDPAWNMOVEMENT:0.46893902147429667
C_CENTERCONTROL:0.4272377234902033
C_DEVELOPPIECES:0.5239005783147602
C_MATERIAL:0.5116579499288255
