ELO:991
CE_PASSEDPAWNS:0.4981976930439811
CE_PAWNWEAKNESSES:0.5104789869732247
CE_PIECEACTIVITY:0.511649710391623
CE_KINGPAWNSHIELD:0.4954268275612118
CE_PIECECOORDINATION:0.5
CE_MATERIAL:0.5031472921067761
CE_KINGSAFETY:0.492406519263546
C_PIECESQUARETABLES:0.5
C_MOBILITY:0.5
C_KINGSAFETY:0.5003612164504246
C_PAWNSTRUCTURE:0.4993195512676965
C_PIECECOORDINATION:0.5010050361934599
C_ROOKANDPAWNMOVEMENT:0.5010050361934599
C_CENTERCONTROL:0.5049407666534299
C_DEVELOPPIECES:0.5
C_MATERIAL:0.49706854984769
C_MOVECOUNT:0.5
