ELO:851
CE_PASSEDPAWNS:0.48781711605536643
CE_PAWNWEAKNESSES:0.6814486446750228
CE_PIECEACTIVITY:0.46360094967669674
CE_KINGPAWNSHIELD:0.5834134224211261
CE_PIECECOORDINATION:0.5919478412708586
CE_MATERIAL:0.4985527611771084
CE_KINGSAFETY:0.4853994734465496
C_PIECESQUARETABLES:0.580551902627328
C_MOBILITY:0.4220003910236908
C_KINGSAFETY:0.5024325015003879
C_PAWNSTRUCTURE:0.5725403038547118
C_PIECECOORDINATION:0.4571146991631747
C_ROOKANDPAWNMOVEMENT:0.4571146991631747
C_CENTERCONTROL:0.4754556623353204
C_DEVELOPPIECES:0.5462418745267419
C_MATERIAL:0.42323719750966604
