ELO:957
CE_PASSEDPAWNS:0.5674864983546054
CE_PAWNWEAKNESSES:0.4467868045673826
CE_PIECEACTIVITY:0.5189534923445002
CE_KINGPAWNSHIELD:0.45915808619728904
CE_PIECECOORDINATION:0.4397486193699089
CE_MATERIAL:0.44784301207601196
CE_KINGSAFETY:0.5
C_PIECESQUARETABLES:0.47930107573270314
C_MOBILITY:0.4814612279312764
C_KINGSAFETY:0.48680979918199024
C_PAWNSTRUCTURE:0.503020513561838
C_PIECECOORDINATION:0.4736254902128858
C_ROOKANDPAWNMOVEMENT:0.4736254902128858
C_CENTERCONTROL:0.5208526072004536
C_DEVELOPPIECES:0.47927410789454805
C_MATERIAL:0.5481980689314949
