ELO:946
CE_PASSEDPAWNS:0.5030790275422634
CE_PAWNWEAKNESSES:0.48988506410520316
CE_PIECEACTIVITY:0.4898705111606802
CE_KINGPAWNSHIELD:0.49503040196256176
CE_PIECECOORDINATION:0.49165685971511885
CE_MATERIAL:0.5462108827541797
CE_KINGSAFETY:0.5045726562356238
C_PIECESQUARETABLES:0.5000936480741935
C_MOBILITY:0.4480880917752373
C_KINGSAFETY:0.5163115673792021
C_PAWNSTRUCTURE:0.5068624589274534
C_PIECECOORDINATION:0.47882689203936846
C_ROOKANDPAWNMOVEMENT:0.47882689203936846
C_CENTERCONTROL:0.5109627285605468
C_DEVELOPPIECES:0.49509455451308115
C_MATERIAL:0.4588847957702046
C_MOVECOUNT:0.5
