ELO:982
CE_PASSEDPAWNS:0.5020341639442943
CE_PAWNWEAKNESSES:0.4916676384536919
CE_PIECEACTIVITY:0.503606161874381
CE_KINGPAWNSHIELD:0.4897430077381853
CE_PIECECOORDINATION:0.48015315608822495
CE_MATERIAL:0.5110725155518304
CE_KINGSAFETY:0.5009627596596485
C_PIECESQUARETABLES:0.5162746183400581
C_MOBILITY:0.5043656251237497
C_KINGSAFETY:0.49344526482115997
C_PAWNSTRUCTURE:0.4976619448246513
C_PIECECOORDINATION:0.5040476520631976
C_ROOKANDPAWNMOVEMENT:0.5040476520631976
C_CENTERCONTROL:0.516523248112129
C_DEVELOPPIECES:0.49680459287110196
C_MATERIAL:0.49028015045662177
C_MOVECOUNT:0.5
