ELO:965
CE_PASSEDPAWNS:0.4855496386485767
CE_PAWNWEAKNESSES:0.5377180435743385
CE_PIECEACTIVITY:0.48521028967526325
CE_KINGPAWNSHIELD:0.5005499993866163
CE_PIECECOORDINATION:0.552519719936985
CE_MATERIAL:0.48496104190823863
CE_KINGSAFETY:0.5
C_PIECESQUARETABLES:0.4976412313456129
C_MOBILITY:0.5095950805813837
C_KINGSAFETY:0.48376035040674714
C_PAWNSTRUCTURE:0.5277154599291349
C_PIECECOORDINATION:0.48318767182104
C_ROOKANDPAWNMOVEMENT:0.48318767182104
C_CENTERCONTROL:0.4997380402855678
C_DEVELOPPIECES:0.4638626974318911
C_MATERIAL:0.5021748700148119
C_MOVECOUNT:0.5382847196750267
