ELO:1026
CE_PASSEDPAWNS:0.4804240922566308
CE_PAWNWEAKNESSES:0.5205415838800418
CE_PIECEACTIVITY:0.5211149527824238
CE_KINGPAWNSHIELD:0.5117731163288274
CE_PIECECOORDINATION:0.5033685964549143
CE_MATERIAL:0.4872736127080947
CE_KINGSAFETY:0.5
C_PIECESQUARETABLES:0.5
C_MOBILITY:0.5
C_KINGSAFETY:0.5142885120146999
C_PAWNSTRUCTURE:0.5168716223776888
C_PIECECOORDINATION:0.5163762076300153
C_ROOK:0.5223944220193748
CE_ROOK:0.5166990486561499
C_CENTERCONTROL:0.5107528248670821
C_DEVELOPPIECES:0.5035537695140523
C_MATERIAL:0.5160514532419177
C_MOVECOUNT:0.5063094172742422
C_PAWNMOVEMENT:0.5
