ELO:914
CE_PASSEDPAWNS:0.5065172667183457
CE_PAWNWEAKNESSES:0.4995390210864611
CE_PIECEACTIVITY:0.4832100381905375
CE_KINGPAWNSHIELD:0.48647432882261477
CE_PIECECOORDINATION:0.4752984489554308
CE_MATERIAL:0.5020991565548751
CE_KINGSAFETY:0.45879775608575774
C_PIECESQUARETABLES:0.5289878224557569
C_MOBILITY:0.49998808241554676
C_KINGSAFETY:0.4911426287846231
C_PAWNSTRUCTURE:0.5342915575779547
C_PIECECOORDINATION:0.4702270177973387
C_ROOKANDPAWNMOVEMENT:0.4702270177973387
C_CENTERCONTROL:0.4828892864340968
C_DEVELOPPIECES:0.46565042695915876
C_MATERIAL:0.45152283670868254
