ELO:1000
CE_PASSEDPAWNS:0.5025885155391105
CE_PAWNWEAKNESSES:0.5185974223050529
CE_PIECEACTIVITY:0.4805603682179794
CE_KINGPAWNSHIELD:0.4803728639816212
CE_PIECECOORDINATION:0.4961239381057743
CE_MATERIAL:0.5017761339693988
CE_KINGSAFETY:0.509192435062148
C_PIECESQUARETABLES:0.4667226948563753
C_MOBILITY:0.505214591884158
C_KINGSAFETY:0.483587745062091
C_PAWNSTRUCTURE:0.5254256909078667
C_PIECECOORDINATION:0.506328653136737
C_ROOKANDPAWNMOVEMENT:0.506328653136737
C_CENTERCONTROL:0.46198555563150007
C_DEVELOPPIECES:0.5203056452616099
C_MATERIAL:0.5214668983303908
