ELO:1028
CE_PASSEDPAWNS:0.5
CE_PAWNWEAKNESSES:0.5
CE_PIECEACTIVITY:0.48291563498110457
CE_KINGPAWNSHIELD:0.5
CE_PIECECOORDINATION:0.5
CE_MATERIAL:0.500687143094576
CE_KINGSAFETY:0.5
C_PIECESQUARETABLES:0.5
C_MOBILITY:0.5025423123029338
C_KINGSAFETY:0.5015719315995643
C_PAWNSTRUCTURE:0.5076178606403114
C_PIECECOORDINATION:0.5
C_ROOKANDPAWNMOVEMENT:0.5
C_CENTERCONTROL:0.4947866415748035
C_DEVELOPPIECES:0.49235151799369603
C_MATERIAL:0.49613671553899297
C_MOVECOUNT:0.49531904438409974
