ELO:1000
CE_PASSEDPAWNS:0.509530535418214
CE_PAWNWEAKNESSES:0.4798012157437318
CE_PIECEACTIVITY:0.49072954366440014
CE_KINGPAWNSHIELD:0.5022620881961458
CE_PIECECOORDINATION:0.5008095797156498
CE_MATERIAL:0.5
CE_KINGSAFETY:0.5004799571364307
C_PIECESQUARETABLES:0.4975466898933869
C_MOBILITY:0.5242929341146254
C_KINGSAFETY:0.5047986808989626
C_PAWNSTRUCTURE:0.5086607090388456
C_PIECECOORDINATION:0.4959380164054335
C_ROOKANDPAWNMOVEMENT:0.4959380164054335
C_CENTERCONTROL:0.5
C_DEVELOPPIECES:0.5042263237540232
C_MATERIAL:0.5031055473991393
