ELO:1016
CE_PASSEDPAWNS:0.5
CE_PAWNWEAKNESSES:0.5
CE_PIECEACTIVITY:0.4942963593886429
CE_KINGPAWNSHIELD:0.5081633853050219
CE_PIECECOORDINATION:0.5
CE_MATERIAL:0.4907508651171518
CE_KINGSAFETY:0.49983489755587335
C_PIECESQUARETABLES:0.5
C_MOBILITY:0.4921675523902717
C_KINGSAFETY:0.49708435985782917
C_PAWNSTRUCTURE:0.4982208105538568
C_PIECECOORDINATION:0.4919117226915931
C_ROOK:0.5
CE_ROOK:0.5
C_CENTERCONTROL:0.5100140712974323
C_DEVELOPPIECES:0.499754891065806
C_MATERIAL:0.5033144821426353
C_MOVECOUNT:0.5019383249408736
C_PAWNMOVEMENT:0.5
