ELO:891
CE_PASSEDPAWNS:0.5413942922441507
CE_PAWNWEAKNESSES:0.4446833344796823
CE_PIECEACTIVITY:0.4488540565880628
CE_KINGPAWNSHIELD:0.4322875139842682
CE_PIECECOORDINATION:0.45932506986881216
CE_MATERIAL:0.4535049607174145
CE_KINGSAFETY:0.5
C_PIECESQUARETABLES:0.5
C_MOBILITY:0.4814104067030915
C_KINGSAFETY:0.5271156611032031
C_PAWNSTRUCTURE:0.568534519225231
C_PIECECOORDINATION:0.44970448108617045
C_ROOKANDPAWNMOVEMENT:0.44970448108617045
C_CENTERCONTROL:0.5783342785497125
C_DEVELOPPIECES:0.5938529889100631
C_MATERIAL:0.5079508571694998
