ELO:594
CE_PASSEDPAWNS:0.4697359154950229
CE_PAWNWEAKNESSES:0.49519618351028877
CE_PIECEACTIVITY:0.5242350960065837
CE_KINGPAWNSHIELD:0.5173342882171782
CE_PIECECOORDINATION:0.40613518623829387
CE_MATERIAL:0.4057573766501551
CE_KINGSAFETY:0.5029815962846319
C_PIECESQUARETABLES:0.5964612165924451
C_MOBILITY:0.4730518519369521
C_KINGSAFETY:0.45331590623368123
C_PAWNSTRUCTURE:0.5300507932823346
C_PIECECOORDINATION:0.5632111295054227
C_ROOKANDPAWNMOVEMENT:0.5632111295054227
C_CENTERCONTROL:0.506285878534654
C_DEVELOPPIECES:0.4934956364203622
C_MATERIAL:0.48540621978115234
C_MOVECOUNT:0.5
