ELO:908
CE_PASSEDPAWNS:0.5136775138522511
CE_PAWNWEAKNESSES:0.47439686596015995
CE_PIECEACTIVITY:0.575773997813434
CE_KINGPAWNSHIELD:0.48583813462624764
CE_PIECECOORDINATION:0.4207435679318748
CE_MATERIAL:0.4000289083925898
CE_KINGSAFETY:0.412320320531592
C_PIECESQUARETABLES:0.4879250040194371
C_MOBILITY:0.4426502639521723
C_KINGSAFETY:0.5792534093853395
C_PAWNSTRUCTURE:0.5171863179063043
C_PIECECOORDINATION:0.4915201278954683
C_ROOKANDPAWNMOVEMENT:0.4915201278954683
C_CENTERCONTROL:0.4975916848227462
C_DEVELOPPIECES:0.5034818488467788
C_MATERIAL:0.5890710658883966
