ELO:967
CE_PASSEDPAWNS:0.48312649723698253
CE_PAWNWEAKNESSES:0.510157848203264
CE_PIECEACTIVITY:0.5
CE_KINGPAWNSHIELD:0.5165277870797512
CE_PIECECOORDINATION:0.5067730976131555
CE_MATERIAL:0.48351048141075814
CE_KINGSAFETY:0.5
C_PIECESQUARETABLES:0.5
C_MOBILITY:0.5281800014925654
C_KINGSAFETY:0.48009155445001284
C_PAWNSTRUCTURE:0.48878633853806785
C_PIECECOORDINATION:0.4838226120545283
C_ROOK:0.4471501858849553
CE_ROOK:0.5203484857845094
C_CENTERCONTROL:0.4867984985115353
C_DEVELOPPIECES:0.5112944692714606
C_MATERIAL:0.49836544858434173
C_MOVECOUNT:0.5103916131213675
C_PAWNMOVEMENT:0.48166362070105234
