ELO:910
CE_PASSEDPAWNS:0.5124817452296345
CE_PAWNWEAKNESSES:0.4622880046451278
CE_PIECEACTIVITY:0.590180083491284
CE_KINGPAWNSHIELD:0.47067794141909647
CE_PIECECOORDINATION:0.4361329241769541
CE_MATERIAL:0.4083039805995782
CE_KINGSAFETY:0.42779559938588185
C_PIECESQUARETABLES:0.48944273374781017
C_MOBILITY:0.45477386159216954
C_KINGSAFETY:0.5865344655627204
C_PAWNSTRUCTURE:0.49921812407119265
C_PIECECOORDINATION:0.4798044797048235
C_ROOKANDPAWNMOVEMENT:0.4798044797048235
C_CENTERCONTROL:0.5098121221450724
C_DEVELOPPIECES:0.5091165712386777
C_MATERIAL:0.5847303903728661
