ELO:949
CE_PASSEDPAWNS:0.489899383444714
CE_PAWNWEAKNESSES:0.6684282654288249
CE_PIECEACTIVITY:0.5380282701267058
CE_KINGPAWNSHIELD:0.43048121305864717
CE_PIECECOORDINATION:0.5650540566123969
CE_MATERIAL:0.5646136235193714
CE_KINGSAFETY:0.4783382708244973
C_PIECESQUARETABLES:0.5006612705291701
C_MOBILITY:0.4818149098458833
C_KINGSAFETY:0.47170745601052383
C_PAWNSTRUCTURE:0.5876257954078097
C_PIECECOORDINATION:0.4502754196484767
C_ROOKANDPAWNMOVEMENT:0.4502754196484767
C_CENTERCONTROL:0.47315340469952816
C_DEVELOPPIECES:0.4822778507222282
C_MATERIAL:0.5819353407542545
