ELO:987
CE_PASSEDPAWNS:0.5085506584462158
CE_PAWNWEAKNESSES:0.5757974250205989
CE_PIECEACTIVITY:0.4760442017811436
CE_KINGPAWNSHIELD:0.4734905429406004
CE_PIECECOORDINATION:0.544780662253527
CE_MATERIAL:0.5094759861264562
CE_KINGSAFETY:0.49540878700056584
C_PIECESQUARETABLES:0.4528067938340201
C_MOBILITY:0.5126805680888844
C_KINGSAFETY:0.48757855278167034
C_PAWNSTRUCTURE:0.5550811156218276
C_PIECECOORDINATION:0.5068724293192002
C_ROOKANDPAWNMOVEMENT:0.5068724293192002
C_CENTERCONTROL:0.4369501451562754
C_DEVELOPPIECES:0.4988949640317547
C_MATERIAL:0.5016591478934973
