ELO:955
CE_PASSEDPAWNS:0.48201830588674804
CE_PAWNWEAKNESSES:0.510157848203264
CE_PIECEACTIVITY:0.5
CE_KINGPAWNSHIELD:0.4358226022584716
CE_PIECECOORDINATION:0.518471674957609
CE_MATERIAL:0.48351048141075814
CE_KINGSAFETY:0.5
C_PIECESQUARETABLES:0.5012681490956612
C_MOBILITY:0.538940382526355
C_KINGSAFETY:0.5416752490168831
C_PAWNSTRUCTURE:0.4733537866312046
C_PIECECOORDINATION:0.47632014248038945
C_ROOK:0.4471501858849553
CE_ROOK:0.5203484857845094
C_CENTERCONTROL:0.4867984985115353
C_DEVELOPPIECES:0.5112944692714606
C_MATERIAL:0.5506157279718585
C_MOVECOUNT:0.5103916131213675
C_PAWNMOVEMENT:0.48166362070105234
