ELO:1000
CE_PASSEDPAWNS:0.4910970621689273
CE_PAWNWEAKNESSES:0.5217350112758787
CE_PIECEACTIVITY:0.49127050757046714
CE_KINGPAWNSHIELD:0.5149009011414262
CE_PIECECOORDINATION:0.4947132201622168
CE_MATERIAL:0.49679433865767064
CE_KINGSAFETY:0.4904666064925188
C_PIECESQUARETABLES:0.5109169282806867
C_MOBILITY:0.48974049488336685
C_KINGSAFETY:0.49782095051597897
C_PAWNSTRUCTURE:0.5400463027671236
C_PIECECOORDINATION:0.5222853570251387
C_ROOKANDPAWNMOVEMENT:0.5222853570251387
C_CENTERCONTROL:0.47337335338346254
C_DEVELOPPIECES:0.49000200633320107
C_MATERIAL:0.5065803566784656
