ELO:960
CE_PASSEDPAWNS:0.4696361795320262
CE_PAWNWEAKNESSES:0.5005946439422595
CE_PIECEACTIVITY:0.5011624023662365
CE_KINGPAWNSHIELD:0.49980027568918445
CE_PIECECOORDINATION:0.5023668715378273
CE_MATERIAL:0.493029533010761
CE_KINGSAFETY:0.46303027836861993
C_PIECESQUARETABLES:0.54239914956982
C_MOBILITY:0.494690551527111
C_KINGSAFETY:0.5186210558980905
C_PAWNSTRUCTURE:0.5157816451436877
C_PIECECOORDINATION:0.4949763947369162
C_ROOKANDPAWNMOVEMENT:0.4949763947369162
C_CENTERCONTROL:0.5066951545915654
C_DEVELOPPIECES:0.5038818689774971
C_MATERIAL:0.5074088210281411
C_MOVECOUNT:0.5
