ELO:1021
CE_PASSEDPAWNS:0.4672830619702464
CE_PAWNWEAKNESSES:0.5089087595630396
CE_PIECEACTIVITY:0.5012210520023992
CE_KINGPAWNSHIELD:0.48909845461251095
CE_PIECECOORDINATION:0.4967959461992944
CE_MATERIAL:0.4872736127080947
CE_KINGSAFETY:0.5
C_PIECESQUARETABLES:0.5
C_MOBILITY:0.49676357592563153
C_KINGSAFETY:0.5084578881449698
C_PAWNSTRUCTURE:0.5168716223776888
C_PIECECOORDINATION:0.5183136091662264
C_ROOK:0.46269784353553245
CE_ROOK:0.5021332737164795
C_CENTERCONTROL:0.4907432133480504
C_DEVELOPPIECES:0.4990265789269385
C_MATERIAL:0.47837023877918194
C_MOVECOUNT:0.47784288157860777
C_PAWNMOVEMENT:0.5
