ELO:945
CE_PASSEDPAWNS:0.5288870998215388
CE_PAWNWEAKNESSES:0.4690092342239758
CE_PIECEACTIVITY:0.5684066623169384
CE_KINGPAWNSHIELD:0.477971683823082
CE_PIECECOORDINATION:0.46868265188514374
CE_MATERIAL:0.41274426271211995
CE_KINGSAFETY:0.46492750124661125
C_PIECESQUARETABLES:0.4808425730896297
C_MOBILITY:0.5005615439432447
C_KINGSAFETY:0.5121769065537933
C_PAWNSTRUCTURE:0.5004709049524854
C_PIECECOORDINATION:0.4676819357864486
C_ROOKANDPAWNMOVEMENT:0.4676819357864486
C_CENTERCONTROL:0.5091904733410014
C_DEVELOPPIECES:0.481244885519522
C_MATERIAL:0.5540713185271036
