ELO:818
CE_PASSEDPAWNS:0.5028265508357416
CE_PAWNWEAKNESSES:0.4559034956958865
CE_PIECEACTIVITY:0.43637788890474627
CE_KINGPAWNSHIELD:0.5204695657035852
CE_PIECECOORDINATION:0.558985080454349
CE_MATERIAL:0.5782978074345558
CE_KINGSAFETY:0.4551604893893446
C_PIECESQUARETABLES:0.4945892898325549
C_MOBILITY:0.4042389561426026
C_KINGSAFETY:0.4753712509893217
C_PAWNSTRUCTURE:0.49903458433893205
C_PIECECOORDINATION:0.5340359973655122
C_ROOKANDPAWNMOVEMENT:0.5340359973655122
C_CENTERCONTROL:0.5048065385981187
C_DEVELOPPIECES:0.5344994959769289
C_MATERIAL:0.46425113157083264
C_MOVECOUNT:0.5
