ELO:986
CE_PASSEDPAWNS:0.5230830291666957
CE_PAWNWEAKNESSES:0.6251585104974595
CE_PIECEACTIVITY:0.5213245357275512
CE_KINGPAWNSHIELD:0.45461220582822376
CE_PIECECOORDINATION:0.5411814081383527
CE_MATERIAL:0.49698166542015054
CE_KINGSAFETY:0.501815772760583
C_PIECESQUARETABLES:0.49963038587413444
C_MOBILITY:0.49363949831799137
C_KINGSAFETY:0.5058240953372959
C_PAWNSTRUCTURE:0.5391021239754877
C_PIECECOORDINATION:0.45102944546277446
C_ROOKANDPAWNMOVEMENT:0.45102944546277446
C_CENTERCONTROL:0.4048434594196993
C_DEVELOPPIECES:0.5268498124789333
C_MATERIAL:0.5127798138763867
