ELO:988
CE_PASSEDPAWNS:0.39792981371987557
CE_PAWNWEAKNESSES:0.44542974891888637
CE_PIECEACTIVITY:0.5263082564627266
CE_KINGPAWNSHIELD:0.4899863045809675
CE_PIECECOORDINATION:0.5138962178399454
CE_MATERIAL:0.5556528442894667
CE_KINGSAFETY:0.5
C_PIECESQUARETABLES:0.5
C_MOBILITY:0.4885951486572455
C_KINGSAFETY:0.5100792541077068
C_PAWNSTRUCTURE:0.3974960377332616
C_PIECECOORDINATION:0.4977138430145346
C_ROOKANDPAWNMOVEMENT:0.4977138430145346
C_CENTERCONTROL:0.3628208528192532
C_DEVELOPPIECES:0.5002417353909768
C_MATERIAL:0.6234991122067586
