ELO:1015
CE_PASSEDPAWNS:0.49028050173795196
CE_PAWNWEAKNESSES:0.47342737610342533
CE_PIECEACTIVITY:0.48586854974957905
CE_KINGPAWNSHIELD:0.5070139003127128
CE_PIECECOORDINATION:0.49964702934685445
CE_MATERIAL:0.4970479559038271
CE_KINGSAFETY:0.5
C_PIECESQUARETABLES:0.5
C_MOBILITY:0.4674381605665924
C_KINGSAFETY:0.4840205380456301
C_PAWNSTRUCTURE:0.5025349218084607
C_PIECECOORDINATION:0.5201013249471514
C_ROOK:0.49977484436432357
CE_ROOK:0.5294343876116507
C_CENTERCONTROL:0.5011855693911038
C_DEVELOPPIECES:0.49984471286244797
C_MATERIAL:0.4899455021876946
C_MOVECOUNT:0.5160966464623759
C_PAWNMOVEMENT:0.4722314036394964
