ELO:988
CE_PASSEDPAWNS:0.5457345729423272
CE_PAWNWEAKNESSES:0.5061671577990473
CE_PIECEACTIVITY:0.5975814565428466
CE_KINGPAWNSHIELD:0.41084531983404965
CE_PIECECOORDINATION:0.5138962178399454
CE_MATERIAL:0.4694181679613265
CE_KINGSAFETY:0.5
C_PIECESQUARETABLES:0.4895179391298036
C_MOBILITY:0.4976255142282253
C_KINGSAFETY:0.5077087654596292
C_PAWNSTRUCTURE:0.3974960377332616
C_PIECECOORDINATION:0.5562674503149065
C_ROOKANDPAWNMOVEMENT:0.5562674503149065
C_CENTERCONTROL:0.40151030477615407
C_DEVELOPPIECES:0.5424118177793249
C_MATERIAL:0.6201906658387899
