ELO:1023
CE_PASSEDPAWNS:0.511461745606021
CE_PAWNWEAKNESSES:0.5089087595630396
CE_PIECEACTIVITY:0.48184201556346357
CE_KINGPAWNSHIELD:0.5117670508613658
CE_PIECECOORDINATION:0.5017789695501722
CE_MATERIAL:0.4872736127080947
CE_KINGSAFETY:0.5
C_PIECESQUARETABLES:0.5
C_MOBILITY:0.5
C_KINGSAFETY:0.5026268781222339
C_PAWNSTRUCTURE:0.5168716223776888
C_PIECECOORDINATION:0.5183136091662264
C_ROOK:0.524028703005296
CE_ROOK:0.5080424662482982
C_CENTERCONTROL:0.4907432133480504
C_DEVELOPPIECES:0.5035537695140523
C_MATERIAL:0.47837023877918194
C_MOVECOUNT:0.4615734026604893
C_PAWNMOVEMENT:0.5
