ELO:1008
CE_PASSEDPAWNS:0.5183426270832615
CE_PAWNWEAKNESSES:0.4925061936222964
CE_PIECEACTIVITY:0.5381708366227803
CE_KINGPAWNSHIELD:0.4855567023778074
CE_PIECECOORDINATION:0.5063329275755295
CE_MATERIAL:0.4970479559038271
CE_KINGSAFETY:0.5
C_PIECESQUARETABLES:0.5
C_MOBILITY:0.5193443550852914
C_KINGSAFETY:0.5080210108582089
C_PAWNSTRUCTURE:0.5025349218084607
C_PIECECOORDINATION:0.5110491551584357
C_ROOK:0.5313932189665644
CE_ROOK:0.49556302697218296
C_CENTERCONTROL:0.49553407216279843
C_DEVELOPPIECES:0.5378158956555593
C_MATERIAL:0.5323491725086331
C_MOVECOUNT:0.4984823842569433
C_PAWNMOVEMENT:0.5059912779636543
