ELO:742
CE_PASSEDPAWNS:0.48383493868060734
CE_PAWNWEAKNESSES:0.4758068153988127
CE_PIECEACTIVITY:0.46203330257862507
CE_KINGPAWNSHIELD:0.4942688470652969
CE_PIECECOORDINATION:0.5579509555191795
CE_MATERIAL:0.5887376806433714
CE_KINGSAFETY:0.4652856824060794
C_PIECESQUARETABLES:0.5040745778615486
C_MOBILITY:0.41402583816660393
C_KINGSAFETY:0.42975315738337705
C_PAWNSTRUCTURE:0.5429124867531199
C_PIECECOORDINATION:0.5268148434503271
C_ROOKANDPAWNMOVEMENT:0.5268148434503271
C_CENTERCONTROL:0.4792283705122009
C_DEVELOPPIECES:0.5242115233846266
C_MATERIAL:0.5011855613549372
C_MOVECOUNT:0.5
