ELO:971
CE_PASSEDPAWNS:0.5088372784979346
CE_PAWNWEAKNESSES:0.5007523615971887
CE_PIECEACTIVITY:0.504775584921255
CE_KINGPAWNSHIELD:0.4904525068539
CE_PIECECOORDINATION:0.4642593673205769
CE_MATERIAL:0.5039529270297982
CE_KINGSAFETY:0.5
C_PIECESQUARETABLES:0.5
C_MOBILITY:0.49291534641063794
C_KINGSAFETY:0.5
C_PAWNSTRUCTURE:0.5131753672310063
C_PIECECOORDINATION:0.49393685030878687
C_ROOKANDPAWNMOVEMENT:0.49393685030878687
C_CENTERCONTROL:0.4907780522323534
C_DEVELOPPIECES:0.4856075815458416
C_MATERIAL:0.49134870571978384
C_MOVECOUNT:0.5
