ELO:1024
CE_PASSEDPAWNS:0.48685676487215884
CE_PAWNWEAKNESSES:0.5020953993401601
CE_PIECEACTIVITY:0.48184201556346357
CE_KINGPAWNSHIELD:0.5117670508613658
CE_PIECECOORDINATION:0.4967959461992944
CE_MATERIAL:0.4872736127080947
CE_KINGSAFETY:0.5
C_PIECESQUARETABLES:0.5
C_MOBILITY:0.5
C_KINGSAFETY:0.5026268781222339
C_PAWNSTRUCTURE:0.5168716223776888
C_PIECECOORDINATION:0.5163762076300153
C_ROOK:0.5313932189665644
CE_ROOK:0.5166990486561499
C_CENTERCONTROL:0.5107528248670821
C_DEVELOPPIECES:0.5035537695140523
C_MATERIAL:0.47370363161998413
C_MOVECOUNT:0.49117731403886083
C_PAWNMOVEMENT:0.5
