ELO:924
CE_PASSEDPAWNS:0.4942141296546408
CE_PAWNWEAKNESSES:0.4947788225315853
CE_PIECEACTIVITY:0.5020474359671092
CE_KINGPAWNSHIELD:0.4995695025015346
CE_PIECECOORDINATION:0.4918790274630836
CE_MATERIAL:0.5017934054436798
CE_KINGSAFETY:0.49388087628794364
C_PIECESQUARETABLES:0.5005879314368563
C_MOBILITY:0.5114612771963531
C_KINGSAFETY:0.4958583863742813
C_PAWNSTRUCTURE:0.5153165506195619
C_PIECECOORDINATION:0.5295271762311304
C_ROOKANDPAWNMOVEMENT:0.5295271762311304
C_CENTERCONTROL:0.5168826776783365
C_DEVELOPPIECES:0.5197007723546453
C_MATERIAL:0.4868526477029185
C_MOVECOUNT:0.4940926260687217
