ELO:951
CE_PASSEDPAWNS:0.5080800780062834
CE_PAWNWEAKNESSES:0.6668740598800715
CE_PIECEACTIVITY:0.558087308770739
CE_KINGPAWNSHIELD:0.4499814108485204
CE_PIECECOORDINATION:0.5686748994879491
CE_MATERIAL:0.5257845278902407
CE_KINGSAFETY:0.480643597355331
C_PIECESQUARETABLES:0.5016806592419555
C_MOBILITY:0.464862533673021
C_KINGSAFETY:0.4803597529718471
C_PAWNSTRUCTURE:0.5686060415107926
C_PIECECOORDINATION:0.4915410685901265
C_ROOKANDPAWNMOVEMENT:0.4915410685901265
C_CENTERCONTROL:0.4183166014819559
C_DEVELOPPIECES:0.49450810492028696
C_MATERIAL:0.5725320462397014
