ELO:848
CE_PASSEDPAWNS:0.5488719243766167
CE_PAWNWEAKNESSES:0.4551588536728675
CE_PIECEACTIVITY:0.4473797443908939
CE_KINGPAWNSHIELD:0.4288358775373248
CE_PIECECOORDINATION:0.4464825451221327
CE_MATERIAL:0.4275920761769454
CE_KINGSAFETY:0.5168950341736377
C_PIECESQUARETABLES:0.48600420606631006
C_MOBILITY:0.48543831653730873
C_KINGSAFETY:0.5067471585620592
C_PAWNSTRUCTURE:0.5632264991954682
C_PIECECOORDINATION:0.44852432328025615
C_ROOKANDPAWNMOVEMENT:0.44852432328025615
C_CENTERCONTROL:0.5704852994408307
C_DEVELOPPIECES:0.6230454239305806
C_MATERIAL:0.48957729203897493
