ELO:1107
CE_PASSEDPAWNS:0.4287281369871026
CE_PAWNWEAKNESSES:0.5370690338411751
CE_PIECEACTIVITY:0.4255948402422537
CE_KINGPAWNSHIELD:0.4682512514656819
CE_PIECECOORDINATION:0.4845882013296475
CE_MATERIAL:0.35562438214654274
CE_KINGSAFETY:0.5
C_PIECESQUARETABLES:0.5
C_MOBILITY:0.4588993453321476
C_KINGSAFETY:0.4024994256990024
C_PAWNSTRUCTURE:0.5669648723719483
C_PIECECOORDINATION:0.48294893270900835
C_ROOKANDPAWNMOVEMENT:0.48294893270900835
C_CENTERCONTROL:0.5325424007152673
C_DEVELOPPIECES:0.5191082021615518
C_MATERIAL:0.5091044097494248
