ELO:951
CE_PASSEDPAWNS:0.50561106199431
CE_PAWNWEAKNESSES:0.558333397280617
CE_PIECEACTIVITY:0.4408877414583626
CE_KINGPAWNSHIELD:0.4333743475333527
CE_PIECECOORDINATION:0.37651826778807734
CE_MATERIAL:0.4590466961214063
CE_KINGSAFETY:0.49807671995318775
C_PIECESQUARETABLES:0.4962629567502718
C_MOBILITY:0.5221280687492191
C_KINGSAFETY:0.47434722099654114
C_PAWNSTRUCTURE:0.5814875717576299
C_PIECECOORDINATION:0.565228293380884
C_ROOKANDPAWNMOVEMENT:0.565228293380884
C_CENTERCONTROL:0.49852152463262717
C_DEVELOPPIECES:0.5174672954341971
C_MATERIAL:0.45865311596193653
