ELO:924
CE_PASSEDPAWNS:0.468433511841277
CE_PAWNWEAKNESSES:0.45502987982166787
CE_PIECEACTIVITY:0.48227528217637106
CE_KINGPAWNSHIELD:0.38906220636537686
CE_PIECECOORDINATION:0.485348720077806
CE_MATERIAL:0.5055423216618475
CE_KINGSAFETY:0.49679498442354414
C_PIECESQUARETABLES:0.48343672587798475
C_MOBILITY:0.48297650131463377
C_KINGSAFETY:0.6080482931954991
C_PAWNSTRUCTURE:0.46467674537943926
C_PIECECOORDINATION:0.5304619383588638
C_ROOKANDPAWNMOVEMENT:0.5304619383588638
C_CENTERCONTROL:0.4334957609916709
C_DEVELOPPIECES:0.470917971835509
C_MATERIAL:0.5484919417020735
