ELO:1057
CE_PASSEDPAWNS:0.6407016596400182
CE_PAWNWEAKNESSES:0.45441909499950434
CE_PIECEACTIVITY:0.4503931249792864
CE_KINGPAWNSHIELD:0.5113449111065871
CE_PIECECOORDINATION:0.45522862522612867
CE_MATERIAL:0.4641664887177963
CE_KINGSAFETY:0.5
C_PIECESQUARETABLES:0.49503769118252516
C_MOBILITY:0.48442257466990274
C_KINGSAFETY:0.6625918626517325
C_PAWNSTRUCTURE:0.4060165946355592
C_PIECECOORDINATION:0.5110049822349744
C_ROOKANDPAWNMOVEMENT:0.5110049822349744
C_CENTERCONTROL:0.5389073146506282
C_DEVELOPPIECES:0.5110043281919995
C_MATERIAL:0.42434063313964204
