ELO:949
CE_PASSEDPAWNS:0.5087406059264337
CE_PAWNWEAKNESSES:0.5036505637341413
CE_PIECEACTIVITY:0.5108033343325975
CE_KINGPAWNSHIELD:0.5122666429956899
CE_PIECECOORDINATION:0.5402364538353597
CE_MATERIAL:0.5125790792203502
CE_KINGSAFETY:0.4950410909147233
C_PIECESQUARETABLES:0.5034648611644972
C_MOBILITY:0.5056637009263335
C_KINGSAFETY:0.5103566180755823
C_PAWNSTRUCTURE:0.528598494241336
C_PIECECOORDINATION:0.4533722407205506
C_ROOK:0.5059990131113903
CE_ROOK:0.521492672065866
C_CENTERCONTROL:0.4966542153564751
C_DEVELOPPIECES:0.5066980765402287
C_MATERIAL:0.4994533535471789
C_MOVECOUNT:0.5332388405028212
C_PAWNMOVEMENT:0.5243277438473258
