ELO:975
CE_PASSEDPAWNS:0.5127168498056975
CE_PAWNWEAKNESSES:0.4887107477180019
CE_PIECEACTIVITY:0.4834087808855567
CE_KINGPAWNSHIELD:0.48063947727986517
CE_PIECECOORDINATION:0.5
CE_MATERIAL:0.5112172983936619
CE_KINGSAFETY:0.5086786737066424
C_PIECESQUARETABLES:0.5
C_MOBILITY:0.5034794245319658
C_KINGSAFETY:0.5049868417676044
C_PAWNSTRUCTURE:0.5248008668077844
C_PIECECOORDINATION:0.5009818748508645
C_ROOKANDPAWNMOVEMENT:0.5009818748508645
C_CENTERCONTROL:0.4899687345141076
C_DEVELOPPIECES:0.49669239932379167
C_MATERIAL:0.5
C_MOVECOUNT:0.5
