ELO:1010
CE_PASSEDPAWNS:0.5
CE_PAWNWEAKNESSES:0.5
CE_PIECEACTIVITY:0.5
CE_KINGPAWNSHIELD:0.48719173240192915
CE_PIECECOORDINATION:0.5074019309043799
CE_MATERIAL:0.5
CE_KINGSAFETY:0.5
C_PIECESQUARETABLES:0.5
C_MOBILITY:0.4948230436726663
C_KINGSAFETY:0.4941342061094323
C_PAWNSTRUCTURE:0.5
C_PIECECOORDINATION:0.5
C_ROOK:0.5
CE_ROOK:0.5
C_CENTERCONTROL:0.4990343172480744
C_DEVELOPPIECES:0.5068247123487464
C_MATERIAL:0.4942752616925017
C_MOVECOUNT:0.5
C_PAWNMOVEMENT:0.5
