ELO:911
CE_PASSEDPAWNS:0.483456241185474
CE_PAWNWEAKNESSES:0.4716628568006518
CE_PIECEACTIVITY:0.547406527972285
CE_KINGPAWNSHIELD:0.5392744241076807
CE_PIECECOORDINATION:0.5040261862732799
CE_MATERIAL:0.4938163832883342
CE_KINGSAFETY:0.5016721600638809
C_PIECESQUARETABLES:0.5
C_MOBILITY:0.49443736684920936
C_KINGSAFETY:0.5208517939635094
C_PAWNSTRUCTURE:0.5059282556495847
C_PIECECOORDINATION:0.4660468412709375
C_ROOKANDPAWNMOVEMENT:0.4660468412709375
C_CENTERCONTROL:0.5777763816673134
C_DEVELOPPIECES:0.47469780068341577
C_MATERIAL:0.4973818616325727
C_MOVECOUNT:0.5
