ELO:970
CE_PASSEDPAWNS:0.545044285933405
CE_PAWNWEAKNESSES:0.5631705749730209
CE_PIECEACTIVITY:0.4375538544354377
CE_KINGPAWNSHIELD:0.47572148310933954
CE_PIECECOORDINATION:0.36729819738445596
CE_MATERIAL:0.4289576771145639
CE_KINGSAFETY:0.5
C_PIECESQUARETABLES:0.5
C_MOBILITY:0.5147705646017672
C_KINGSAFETY:0.46910343494529877
C_PAWNSTRUCTURE:0.5675092305498779
C_PIECECOORDINATION:0.5594654263134595
C_ROOKANDPAWNMOVEMENT:0.5594654263134595
C_CENTERCONTROL:0.49434914299926574
C_DEVELOPPIECES:0.502151443672598
C_MATERIAL:0.47098102019773314
