ELO:996
CE_PASSEDPAWNS:0.4856256778510102
CE_PAWNWEAKNESSES:0.5117465106983053
CE_PIECEACTIVITY:0.5048842300418102
CE_KINGPAWNSHIELD:0.5
CE_PIECECOORDINATION:0.5013457135490087
CE_MATERIAL:0.5040550380105333
CE_KINGSAFETY:0.5078601364441142
C_PIECESQUARETABLES:0.4681143752708115
C_MOBILITY:0.4700652028318905
C_KINGSAFETY:0.511217664574331
C_PAWNSTRUCTURE:0.4956424946522085
C_PIECECOORDINATION:0.4705597270021839
C_ROOKANDPAWNMOVEMENT:0.4705597270021839
C_CENTERCONTROL:0.48832718475450737
C_DEVELOPPIECES:0.5017978558626065
C_MATERIAL:0.4918892224823735
C_MOVECOUNT:0.5
