ELO:880
CE_PASSEDPAWNS:0.526985063469248
CE_PAWNWEAKNESSES:0.4836918888916905
CE_PIECEACTIVITY:0.5161499521491615
CE_KINGPAWNSHIELD:0.5049595121132981
CE_PIECECOORDINATION:0.5429235962320702
CE_MATERIAL:0.5268950417978052
CE_KINGSAFETY:0.5057532669419471
C_PIECESQUARETABLES:0.47378132472146
C_MOBILITY:0.4306186087427599
C_KINGSAFETY:0.3862306418559845
C_PAWNSTRUCTURE:0.43098107607256775
C_PIECECOORDINATION:0.5824630670249088
C_ROOKANDPAWNMOVEMENT:0.5824630670249088
C_CENTERCONTROL:0.45306704651177443
C_DEVELOPPIECES:0.5131710300456136
C_MATERIAL:0.43905629785467454
