ELO:994
CE_PASSEDPAWNS:0.50768008603403
CE_PAWNWEAKNESSES:0.531139043716317
CE_PIECEACTIVITY:0.5021729178875305
CE_KINGPAWNSHIELD:0.49707824888735647
CE_PIECECOORDINATION:0.568937933131225
CE_MATERIAL:0.48965596704008996
CE_KINGSAFETY:0.49275976409034755
C_PIECESQUARETABLES:0.524123227694227
C_MOBILITY:0.5174494544437656
C_KINGSAFETY:0.5122694938352989
C_PAWNSTRUCTURE:0.4180178039703526
C_PIECECOORDINATION:0.48825994617718416
C_ROOKANDPAWNMOVEMENT:0.48825994617718416
C_CENTERCONTROL:0.5041211993201832
C_DEVELOPPIECES:0.4634175958668163
C_MATERIAL:0.5235341346168944
C_MOVECOUNT:0.5
