ELO:971
CE_PASSEDPAWNS:0.49493474419135
CE_PAWNWEAKNESSES:0.47608775308538986
CE_PIECEACTIVITY:0.47468250180275334
CE_KINGPAWNSHIELD:0.4041290143828413
CE_PIECECOORDINATION:0.47644746343809286
CE_MATERIAL:0.4978619126347094
CE_KINGSAFETY:0.4957181439206177
C_PIECESQUARETABLES:0.49151014804520843
C_MOBILITY:0.4820309687908522
C_KINGSAFETY:0.6126832075432579
C_PAWNSTRUCTURE:0.4569478774267328
C_PIECECOORDINATION:0.5274419895114945
C_ROOKANDPAWNMOVEMENT:0.5274419895114945
C_CENTERCONTROL:0.44475368260836445
C_DEVELOPPIECES:0.4893924962250678
C_MATERIAL:0.5472761264239776
