ELO:980
CE_PASSEDPAWNS:0.5336934699852146
CE_PAWNWEAKNESSES:0.5708555902470276
CE_PIECEACTIVITY:0.4415049542960809
CE_KINGPAWNSHIELD:0.47664818269611503
CE_PIECECOORDINATION:0.38431923193430795
CE_MATERIAL:0.41254689371585235
CE_KINGSAFETY:0.5122263762508472
C_PIECESQUARETABLES:0.47842693662324953
C_MOBILITY:0.5092225321732922
C_KINGSAFETY:0.4619155395694857
C_PAWNSTRUCTURE:0.5663914623864899
C_PIECECOORDINATION:0.563456308874031
C_ROOKANDPAWNMOVEMENT:0.563456308874031
C_CENTERCONTROL:0.49786655828198223
C_DEVELOPPIECES:0.49138755545521745
C_MATERIAL:0.49313051018982806
