ELO:900
CE_PASSEDPAWNS:0.5228930384521968
CE_PAWNWEAKNESSES:0.4976105271105688
CE_PIECEACTIVITY:0.6240868182701821
CE_KINGPAWNSHIELD:0.5192162110324411
CE_PIECECOORDINATION:0.5840849446639943
CE_MATERIAL:0.44713781374277134
CE_KINGSAFETY:0.5108639321831305
C_PIECESQUARETABLES:0.48868325019763975
C_MOBILITY:0.4503683748804944
C_KINGSAFETY:0.47789703643143744
C_PAWNSTRUCTURE:0.4187310472136068
C_PIECECOORDINATION:0.633236141110376
C_ROOKANDPAWNMOVEMENT:0.633236141110376
C_CENTERCONTROL:0.5428652067967343
C_DEVELOPPIECES:0.4750555304604083
C_MATERIAL:0.43076864622976796
