ELO:1096
CE_PASSEDPAWNS:0.49881184984486876
CE_PAWNWEAKNESSES:0.4445019226163552
CE_PIECEACTIVITY:0.5371072601771977
CE_KINGPAWNSHIELD:0.4848192672138548
CE_PIECECOORDINATION:0.48727522796815737
CE_MATERIAL:0.4752397051754002
CE_KINGSAFETY:0.5275338903982979
C_PIECESQUARETABLES:0.5075386588678173
C_MOBILITY:0.528477325802324
C_KINGSAFETY:0.4410457308635205
C_PAWNSTRUCTURE:0.4558493880861656
C_PIECECOORDINATION:0.48676769316073204
C_ROOKANDPAWNMOVEMENT:0.48676769316073204
C_CENTERCONTROL:0.46261973258442224
C_DEVELOPPIECES:0.4293149730853595
C_MATERIAL:0.5417041143215546
