ELO:1000
CE_PASSEDPAWNS:0.5152508371363358
CE_PAWNWEAKNESSES:0.46260969613034053
CE_PIECEACTIVITY:0.4478077364832616
CE_KINGPAWNSHIELD:0.5322937504796683
CE_PIECECOORDINATION:0.4743533299765868
CE_MATERIAL:0.5162384193905413
CE_KINGSAFETY:0.5095698507352115
C_PIECESQUARETABLES:0.49303797805614447
C_MOBILITY:0.47433477073552227
C_KINGSAFETY:0.5059938831948171
C_PAWNSTRUCTURE:0.5039107867046363
C_PIECECOORDINATION:0.46027219871647335
C_ROOKANDPAWNMOVEMENT:0.46027219871647335
C_CENTERCONTROL:0.47818378424945995
C_DEVELOPPIECES:0.5028490363001327
C_MATERIAL:0.5220403216950847
