ELO:882
CE_PASSEDPAWNS:0.4633194923771753
CE_PAWNWEAKNESSES:0.567804264617344
CE_PIECEACTIVITY:0.3688943350449584
CE_KINGPAWNSHIELD:0.4588482991688127
CE_PIECECOORDINATION:0.26767880097494307
CE_MATERIAL:0.4428436652676947
CE_KINGSAFETY:0.5643067493627086
C_PIECESQUARETABLES:0.5679430901890566
C_MOBILITY:0.49925122998351473
C_KINGSAFETY:0.4594411771759691
C_PAWNSTRUCTURE:0.6660219321828024
C_PIECECOORDINATION:0.5920225573836946
C_ROOKANDPAWNMOVEMENT:0.5920225573836946
C_CENTERCONTROL:0.47779192342133514
C_DEVELOPPIECES:0.5127979020327393
C_MATERIAL:0.5719565562222964
