ELO:972
CE_PASSEDPAWNS:0.5226830309638737
CE_PAWNWEAKNESSES:0.5032412719421576
CE_PIECEACTIVITY:0.5094848749490917
CE_KINGPAWNSHIELD:0.5123256168890025
CE_PIECECOORDINATION:0.5452752154407744
CE_MATERIAL:0.5048576773833191
CE_KINGSAFETY:0.4983407202254137
C_PIECESQUARETABLES:0.5006746925187442
C_MOBILITY:0.5076616074372261
C_KINGSAFETY:0.50029485525194
C_PAWNSTRUCTURE:0.5151278470087138
C_PIECECOORDINATION:0.47703253127301076
C_ROOK:0.5042334979472077
CE_ROOK:0.51316493459522
C_CENTERCONTROL:0.49991693481714794
C_DEVELOPPIECES:0.49370767776037955
C_MATERIAL:0.47753776817634846
C_MOVECOUNT:0.5123777433701991
C_PAWNMOVEMENT:0.5158578092252871
