ELO:924
CE_PASSEDPAWNS:0.468433511841277
CE_PAWNWEAKNESSES:0.45191560230256267
CE_PIECEACTIVITY:0.49355769262715055
CE_KINGPAWNSHIELD:0.37989173814879723
CE_PIECECOORDINATION:0.47781539657733596
CE_MATERIAL:0.4923711749022579
CE_KINGSAFETY:0.4884336947333665
C_PIECESQUARETABLES:0.4982240705670183
C_MOBILITY:0.48297650131463377
C_KINGSAFETY:0.6169973842579334
C_PAWNSTRUCTURE:0.46887987549248916
C_PIECECOORDINATION:0.5255698670990633
C_ROOKANDPAWNMOVEMENT:0.5255698670990633
C_CENTERCONTROL:0.4334957609916709
C_DEVELOPPIECES:0.470917971835509
C_MATERIAL:0.5507490163740844
