ELO:1042
CE_PASSEDPAWNS:0.49923176236073086
CE_PAWNWEAKNESSES:0.49848762376073846
CE_PIECEACTIVITY:0.5
CE_KINGPAWNSHIELD:0.5009155981554093
CE_PIECECOORDINATION:0.49265861338676525
CE_MATERIAL:0.4846019672748053
CE_KINGSAFETY:0.5089468096432174
C_PIECESQUARETABLES:0.4830090836993103
C_MOBILITY:0.5212860337408602
C_KINGSAFETY:0.5122272534514335
C_PAWNSTRUCTURE:0.528271485515296
C_PIECECOORDINATION:0.4022686103782038
C_ROOKANDPAWNMOVEMENT:0.4022686103782038
C_CENTERCONTROL:0.4962890412790395
C_DEVELOPPIECES:0.5057422700273289
C_MATERIAL:0.47521725073557747
C_MOVECOUNT:0.5
