ELO:936
CE_PASSEDPAWNS:0.46617062195736575
CE_PAWNWEAKNESSES:0.4756990054747428
CE_PIECEACTIVITY:0.46607039866757977
CE_KINGPAWNSHIELD:0.44198553017393766
CE_PIECECOORDINATION:0.4828591154408639
CE_MATERIAL:0.5067132358526248
CE_KINGSAFETY:0.49379147668968215
C_PIECESQUARETABLES:0.5142567736896733
C_MOBILITY:0.47206055216393605
C_KINGSAFETY:0.5757378861410901
C_PAWNSTRUCTURE:0.4716830264510722
C_PIECECOORDINATION:0.5144340922341347
C_ROOKANDPAWNMOVEMENT:0.5144340922341347
C_CENTERCONTROL:0.4907960975490643
C_DEVELOPPIECES:0.4720101275627614
C_MATERIAL:0.5521775989910073
