ELO:1008
CE_PASSEDPAWNS:0.5302949578646169
CE_PAWNWEAKNESSES:0.5980320153379033
CE_PIECEACTIVITY:0.5533407553227897
CE_KINGPAWNSHIELD:0.4937683324828711
CE_PIECECOORDINATION:0.42277580171037615
CE_MATERIAL:0.40427906055182955
CE_KINGSAFETY:0.48080016495060945
C_PIECESQUARETABLES:0.5562602169496019
C_MOBILITY:0.490441391281146
C_KINGSAFETY:0.6016383235951369
C_PAWNSTRUCTURE:0.5581704229374458
C_PIECECOORDINATION:0.49055735437093545
C_ROOKANDPAWNMOVEMENT:0.49055735437093545
C_CENTERCONTROL:0.466083645018033
C_DEVELOPPIECES:0.44820364666239393
C_MATERIAL:0.4997580604474118
