ELO:1000
CE_PASSEDPAWNS:0.4917413232537721
CE_PAWNWEAKNESSES:0.5
CE_PIECEACTIVITY:0.49982864249989384
CE_KINGPAWNSHIELD:0.49151856294301294
CE_PIECECOORDINATION:0.48864375086294676
CE_MATERIAL:0.5
CE_KINGSAFETY:0.5
C_PIECESQUARETABLES:0.4808928239057554
C_MOBILITY:0.48994588345339235
C_KINGSAFETY:0.5061987785778607
C_PAWNSTRUCTURE:0.5104604820632602
C_PIECECOORDINATION:0.5
C_ROOKANDPAWNMOVEMENT:0.5
C_CENTERCONTROL:0.5047558103732883
C_DEVELOPPIECES:0.5000641142898413
C_MATERIAL:0.48914183205194345
C_MOVECOUNT:0.5
