ELO:984
CE_PASSEDPAWNS:0.4672286731661639
CE_PAWNWEAKNESSES:0.4875813700826844
CE_PIECEACTIVITY:0.5098126648018604
CE_KINGPAWNSHIELD:0.4022749743813581
CE_PIECECOORDINATION:0.5636056708566783
CE_MATERIAL:0.5026090058955063
CE_KINGSAFETY:0.5
C_PIECESQUARETABLES:0.5
C_MOBILITY:0.5403218307940384
C_KINGSAFETY:0.5023232661064838
C_PAWNSTRUCTURE:0.4457391162774414
C_PIECECOORDINATION:0.5088564445761412
C_ROOKANDPAWNMOVEMENT:0.5088564445761412
C_CENTERCONTROL:0.5561952750621797
C_DEVELOPPIECES:0.49526610626094875
C_MATERIAL:0.5829525956947799
C_MOVECOUNT:0.5
