ELO:1000
CE_PASSEDPAWNS:0.5106895031181468
CE_PAWNWEAKNESSES:0.46650297056172896
CE_PIECEACTIVITY:0.506742043751502
CE_KINGPAWNSHIELD:0.5056238397754733
CE_PIECECOORDINATION:0.4999434871161757
CE_MATERIAL:0.470236801651777
CE_KINGSAFETY:0.5604167738321878
C_PIECESQUARETABLES:0.4797091479770727
C_MOBILITY:0.5147496539832215
C_KINGSAFETY:0.459077809069757
C_PAWNSTRUCTURE:0.49692991656060964
C_PIECECOORDINATION:0.4794635197472948
C_ROOKANDPAWNMOVEMENT:0.4794635197472948
C_CENTERCONTROL:0.4791801664204663
C_DEVELOPPIECES:0.47074741390450525
C_MATERIAL:0.4811539336573037
