ELO:915
CE_PASSEDPAWNS:0.5307669480052307
CE_PAWNWEAKNESSES:0.5
CE_PIECEACTIVITY:0.5484378823211795
CE_KINGPAWNSHIELD:0.4920839687321358
CE_PIECECOORDINATION:0.5057614347239983
CE_MATERIAL:0.5159211537434899
CE_KINGSAFETY:0.5
C_PIECESQUARETABLES:0.4975618975526682
C_MOBILITY:0.5118440828964529
C_KINGSAFETY:0.5243048870125062
C_PAWNSTRUCTURE:0.5103257169953962
C_PIECECOORDINATION:0.5200058601199339
C_ROOKANDPAWNMOVEMENT:0.5200058601199339
C_CENTERCONTROL:0.4990371805235715
C_DEVELOPPIECES:0.508842509323017
C_MATERIAL:0.5069295685032543
C_MOVECOUNT:0.5
