ELO:930
CE_PASSEDPAWNS:0.5254427340436153
CE_PAWNWEAKNESSES:0.5626621786852338
CE_PIECEACTIVITY:0.4065483465921476
CE_KINGPAWNSHIELD:0.4527081908641047
CE_PIECECOORDINATION:0.3667277981112704
CE_MATERIAL:0.44780151227652076
CE_KINGSAFETY:0.4841972260934178
C_PIECESQUARETABLES:0.5137814614536438
C_MOBILITY:0.5124770550061826
C_KINGSAFETY:0.4618118389237207
C_PAWNSTRUCTURE:0.5995566070024616
C_PIECECOORDINATION:0.5531400787908933
C_ROOKANDPAWNMOVEMENT:0.5531400787908933
C_CENTERCONTROL:0.5003944990275203
C_DEVELOPPIECES:0.5236534207336268
C_MATERIAL:0.481779650487083
