ELO:1005
CE_PASSEDPAWNS:0.48345948013820833
CE_PAWNWEAKNESSES:0.5487866286127792
CE_PIECEACTIVITY:0.46692347421784547
CE_KINGPAWNSHIELD:0.4467287482974811
CE_PIECECOORDINATION:0.4460510648655947
CE_MATERIAL:0.5188978116139646
CE_KINGSAFETY:0.4880846829181402
C_PIECESQUARETABLES:0.47829125906286646
C_MOBILITY:0.5397675787782578
C_KINGSAFETY:0.43166399858275606
C_PAWNSTRUCTURE:0.46730990204242734
C_PIECECOORDINATION:0.4329341532158905
C_ROOKANDPAWNMOVEMENT:0.4329341532158905
C_CENTERCONTROL:0.5258921510203958
C_DEVELOPPIECES:0.5322718152784955
C_MATERIAL:0.5457272630113686
