ELO:999
CE_PASSEDPAWNS:0.5
CE_PAWNWEAKNESSES:0.5219260574503815
CE_PIECEACTIVITY:0.5018636099888688
CE_KINGPAWNSHIELD:0.4703770352256026
CE_PIECECOORDINATION:0.47828035975075256
CE_MATERIAL:0.5
CE_KINGSAFETY:0.48469246221878715
C_PIECESQUARETABLES:0.4978325554946923
C_MOBILITY:0.49770720688126713
C_KINGSAFETY:0.48733543770724747
C_PAWNSTRUCTURE:0.4992448979233342
C_PIECECOORDINATION:0.491063099771409
C_ROOKANDPAWNMOVEMENT:0.491063099771409
C_CENTERCONTROL:0.5113385023492285
C_DEVELOPPIECES:0.5
C_MATERIAL:0.4843730730647659
C_MOVECOUNT:0.5
