ELO:932
CE_PASSEDPAWNS:0.4669653623925668
CE_PAWNWEAKNESSES:0.47310298758786473
CE_PIECEACTIVITY:0.459439163953011
CE_KINGPAWNSHIELD:0.4314131136764961
CE_PIECECOORDINATION:0.47326454263043977
CE_MATERIAL:0.4921785822603953
CE_KINGSAFETY:0.49235842006046904
C_PIECESQUARETABLES:0.5208356447645774
C_MOBILITY:0.4811661747827263
C_KINGSAFETY:0.586984761290568
C_PAWNSTRUCTURE:0.4530477632461171
C_PIECECOORDINATION:0.527430374205567
C_ROOKANDPAWNMOVEMENT:0.527430374205567
C_CENTERCONTROL:0.4884158025554619
C_DEVELOPPIECES:0.4811073192226322
C_MATERIAL:0.5580482940605613
