ELO:929
CE_PASSEDPAWNS:0.5217395458854828
CE_PAWNWEAKNESSES:0.5551608332574627
CE_PIECEACTIVITY:0.42623844138630407
CE_KINGPAWNSHIELD:0.4474389451826958
CE_PIECECOORDINATION:0.3783206879552409
CE_MATERIAL:0.45647546245318604
CE_KINGSAFETY:0.503788600622739
C_PIECESQUARETABLES:0.5118559596916669
C_MOBILITY:0.5232465714116186
C_KINGSAFETY:0.46493271036351935
C_PAWNSTRUCTURE:0.5908511614736964
C_PIECECOORDINATION:0.5531400787908933
C_ROOKANDPAWNMOVEMENT:0.5531400787908933
C_CENTERCONTROL:0.4960619881053883
C_DEVELOPPIECES:0.504222742100988
C_MATERIAL:0.4698112419396485
