ELO:951
CE_PASSEDPAWNS:0.48474012380992215
CE_PAWNWEAKNESSES:0.46911210446441876
CE_PIECEACTIVITY:0.4742309594915071
CE_KINGPAWNSHIELD:0.5251267183402492
CE_PIECECOORDINATION:0.4906896944803936
CE_MATERIAL:0.4869650128694422
CE_KINGSAFETY:0.5051562027367343
C_PIECESQUARETABLES:0.5384557213771305
C_MOBILITY:0.5341405088867174
C_KINGSAFETY:0.46616737109829964
C_PAWNSTRUCTURE:0.45242848616008663
C_PIECECOORDINATION:0.5013574469557882
C_ROOKANDPAWNMOVEMENT:0.5013574469557882
C_CENTERCONTROL:0.4847406792206384
C_DEVELOPPIECES:0.557750944261225
C_MATERIAL:0.46831653101324405
C_MOVECOUNT:0.48365541511998233
