ELO:910
CE_PASSEDPAWNS:0.5635329461255937
CE_PAWNWEAKNESSES:0.49450452359082814
CE_PIECEACTIVITY:0.5315861671243498
CE_KINGPAWNSHIELD:0.5242520769660152
CE_PIECECOORDINATION:0.5156515256165105
CE_MATERIAL:0.5361987371506085
CE_KINGSAFETY:0.48599759159021483
C_PIECESQUARETABLES:0.5
C_MOBILITY:0.5395476008696997
C_KINGSAFETY:0.5290742894392829
C_PAWNSTRUCTURE:0.49475336694511124
C_PIECECOORDINATION:0.453770022206379
C_ROOK:0.4670010550612961
CE_ROOK:0.5510609473447527
C_CENTERCONTROL:0.509185856911394
C_DEVELOPPIECES:0.5365631600962759
C_MATERIAL:0.48987903062442245
C_MOVECOUNT:0.50922784013691
C_PAWNMOVEMENT:0.5269874752823859
