ELO:970
CE_PASSEDPAWNS:0.4846596861140777
CE_PAWNWEAKNESSES:0.5056311659357089
CE_PIECEACTIVITY:0.5087075750302428
CE_KINGPAWNSHIELD:0.5092217573607879
CE_PIECECOORDINATION:0.513990739319222
CE_MATERIAL:0.49729815978604386
CE_KINGSAFETY:0.500695009858779
C_PIECESQUARETABLES:0.4882691868386405
C_MOBILITY:0.4911438819304473
C_KINGSAFETY:0.5069572137992372
C_PAWNSTRUCTURE:0.4881348031912347
C_PIECECOORDINATION:0.49253938522201135
C_ROOKANDPAWNMOVEMENT:0.49253938522201135
C_CENTERCONTROL:0.48867488756619337
C_DEVELOPPIECES:0.49975497993771884
C_MATERIAL:0.4764476853959203
