ELO:853
CE_PASSEDPAWNS:0.49814725542327704
CE_PAWNWEAKNESSES:0.4960287949802879
CE_PIECEACTIVITY:0.547406527972285
CE_KINGPAWNSHIELD:0.5737782178203171
CE_PIECECOORDINATION:0.5045457043630838
CE_MATERIAL:0.5
CE_KINGSAFETY:0.5
C_PIECESQUARETABLES:0.5
C_MOBILITY:0.3197106798914746
C_KINGSAFETY:0.3135830274395996
C_PAWNSTRUCTURE:0.404915052536846
C_PIECECOORDINATION:0.5011646512406724
C_ROOKANDPAWNMOVEMENT:0.5011646512406724
C_CENTERCONTROL:0.4039963150616886
C_DEVELOPPIECES:0.47503012232711017
C_MATERIAL:0.4682310004912208
C_MOVECOUNT:0.5
