ELO:988
CE_PASSEDPAWNS:0.49757286237272513
CE_PAWNWEAKNESSES:0.46869596842661987
CE_PIECEACTIVITY:0.4281807503940309
CE_KINGPAWNSHIELD:0.4785413078448101
CE_PIECECOORDINATION:0.44770136433348157
CE_MATERIAL:0.5148526231856786
CE_KINGSAFETY:0.506131883333606
C_PIECESQUARETABLES:0.4942131044224813
C_MOBILITY:0.4736808347832058
C_KINGSAFETY:0.5174141180480806
C_PAWNSTRUCTURE:0.47695759958524037
C_PIECECOORDINATION:0.48786892375962027
C_ROOKANDPAWNMOVEMENT:0.48786892375962027
C_CENTERCONTROL:0.5098013692280011
C_DEVELOPPIECES:0.501899012990196
C_MATERIAL:0.5363742054677616
