ELO:1000
CE_PASSEDPAWNS:0.5112820429192846
CE_PAWNWEAKNESSES:0.4986044511308655
CE_PIECEACTIVITY:0.4876121338279111
CE_KINGPAWNSHIELD:0.4952793385589299
CE_PIECECOORDINATION:0.5139857203524482
CE_MATERIAL:0.5118549376207313
CE_KINGSAFETY:0.5001824404157402
C_PIECESQUARETABLES:0.4827490324395502
C_MOBILITY:0.5
C_KINGSAFETY:0.5081565045110167
C_PAWNSTRUCTURE:0.5066796876759841
C_PIECECOORDINATION:0.49236859909431197
C_ROOKANDPAWNMOVEMENT:0.49236859909431197
C_CENTERCONTROL:0.4984909001771163
C_DEVELOPPIECES:0.5180025060441881
C_MATERIAL:0.5
