ELO:1062
CE_PASSEDPAWNS:0.6440578579985502
CE_PAWNWEAKNESSES:0.43138975544719155
CE_PIECEACTIVITY:0.4559064457136062
CE_KINGPAWNSHIELD:0.495552092419362
CE_PIECECOORDINATION:0.4710817186473861
CE_MATERIAL:0.45271177804274104
CE_KINGSAFETY:0.47938868631237536
C_PIECESQUARETABLES:0.4735914007658057
C_MOBILITY:0.5187238132731243
C_KINGSAFETY:0.6404995894914819
C_PAWNSTRUCTURE:0.38631538331021203
C_PIECECOORDINATION:0.5017774049128425
C_ROOKANDPAWNMOVEMENT:0.5017774049128425
C_CENTERCONTROL:0.5365038757553947
C_DEVELOPPIECES:0.5106238027364834
C_MATERIAL:0.4208602497302038
