ELO:934
CE_PASSEDPAWNS:0.552047337752211
CE_PAWNWEAKNESSES:0.5016711676168322
CE_PIECEACTIVITY:0.530882186314924
CE_KINGPAWNSHIELD:0.5297170630337033
CE_PIECECOORDINATION:0.5123646662098433
CE_MATERIAL:0.5490862113935996
CE_KINGSAFETY:0.4984480354637134
C_PIECESQUARETABLES:0.5
C_MOBILITY:0.546301754990076
C_KINGSAFETY:0.5359124646826529
C_PAWNSTRUCTURE:0.5036422012712537
C_PIECECOORDINATION:0.4498574436467569
C_ROOK:0.4820277685390067
CE_ROOK:0.5447050650550548
C_CENTERCONTROL:0.509185856911394
C_DEVELOPPIECES:0.5446066072949216
C_MATERIAL:0.48987903062442245
C_MOVECOUNT:0.5179471959292562
C_PAWNMOVEMENT:0.5175832265304403
