ELO:1010
CE_PASSEDPAWNS:0.5058693647361531
CE_PAWNWEAKNESSES:0.5069419827366047
CE_PIECEACTIVITY:0.5067354930697776
CE_KINGPAWNSHIELD:0.5453138921775456
CE_PIECECOORDINATION:0.49681725462868376
CE_MATERIAL:0.5054734930030579
CE_KINGSAFETY:0.5131408513778518
C_PIECESQUARETABLES:0.5
C_MOBILITY:0.49036372480730334
C_KINGSAFETY:0.5
C_PAWNSTRUCTURE:0.5
C_PIECECOORDINATION:0.49495630891832076
C_ROOKANDPAWNMOVEMENT:0.49495630891832076
C_CENTERCONTROL:0.46604785226289636
C_DEVELOPPIECES:0.4996557203086149
C_MATERIAL:0.5
C_MOVECOUNT:0.5
