ELO:849
CE_PASSEDPAWNS:0.47343378753577725
CE_PAWNWEAKNESSES:0.4948881319049323
CE_PIECEACTIVITY:0.49477740485540317
CE_KINGPAWNSHIELD:0.5404240215235099
CE_PIECECOORDINATION:0.49089314225718583
CE_MATERIAL:0.485124937431722
CE_KINGSAFETY:0.48463131446068936
C_PIECESQUARETABLES:0.5547500293431882
C_MOBILITY:0.4730209733756532
C_KINGSAFETY:0.5371619715025265
C_PAWNSTRUCTURE:0.5008130174218908
C_PIECECOORDINATION:0.5352095906545781
C_ROOKANDPAWNMOVEMENT:0.5352095906545781
C_CENTERCONTROL:0.5110861429638646
C_DEVELOPPIECES:0.5475167077762658
C_MATERIAL:0.45048791875917
C_MOVECOUNT:0.5629369664211405
