ELO:898
CE_PASSEDPAWNS:0.5044336749206607
CE_PAWNWEAKNESSES:0.4678948568890917
CE_PIECEACTIVITY:0.4914952382561217
CE_KINGPAWNSHIELD:0.585725121372212
CE_PIECECOORDINATION:0.5198166444066223
CE_MATERIAL:0.4801660805309444
CE_KINGSAFETY:0.5
C_PIECESQUARETABLES:0.5
C_MOBILITY:0.4734211052640779
C_KINGSAFETY:0.4281208960075442
C_PAWNSTRUCTURE:0.45203086399161363
C_PIECECOORDINATION:0.5925780794823021
C_ROOKANDPAWNMOVEMENT:0.5925780794823021
C_CENTERCONTROL:0.43108088927946353
C_DEVELOPPIECES:0.4683701385998413
C_MATERIAL:0.5078163168246617
C_MOVECOUNT:0.5
