ELO:968
CE_PASSEDPAWNS:0.5086845149483613
CE_PAWNWEAKNESSES:0.526973738951957
CE_PIECEACTIVITY:0.5352512683266858
CE_KINGPAWNSHIELD:0.4700775042002906
CE_PIECECOORDINATION:0.5009220643244031
CE_MATERIAL:0.5
CE_KINGSAFETY:0.5
C_PIECESQUARETABLES:0.5
C_MOBILITY:0.43600022639213976
C_KINGSAFETY:0.4911744114272734
C_PAWNSTRUCTURE:0.5
C_PIECECOORDINATION:0.5414174651498439
C_ROOKANDPAWNMOVEMENT:0.5414174651498439
C_CENTERCONTROL:0.46974508578191754
C_DEVELOPPIECES:0.4684385670810184
C_MATERIAL:0.5
C_MOVECOUNT:0.5
