ELO:987
CE_PASSEDPAWNS:0.5483261868149356
CE_PAWNWEAKNESSES:0.589182808271602
CE_PIECEACTIVITY:0.4268129812881302
CE_KINGPAWNSHIELD:0.4845118731953775
CE_PIECECOORDINATION:0.38879631495960587
CE_MATERIAL:0.4255927612591546
CE_KINGSAFETY:0.5121016261859813
C_PIECESQUARETABLES:0.46754447857039844
C_MOBILITY:0.511105392632198
C_KINGSAFETY:0.4566314040497795
C_PAWNSTRUCTURE:0.5913545211472161
C_PIECECOORDINATION:0.5613974906189764
C_ROOKANDPAWNMOVEMENT:0.5613974906189764
C_CENTERCONTROL:0.4925723298164716
C_DEVELOPPIECES:0.5309100548731684
C_MATERIAL:0.49347060197821163
