ELO:1003
CE_PASSEDPAWNS:0.5154772786028577
CE_PAWNWEAKNESSES:0.49520172140732704
CE_PIECEACTIVITY:0.5043334687407629
CE_KINGPAWNSHIELD:0.48443510642380716
CE_PIECECOORDINATION:0.48509515120744146
CE_MATERIAL:0.5113582772931592
CE_KINGSAFETY:0.5
C_PIECESQUARETABLES:0.5
C_MOBILITY:0.506767796663473
C_KINGSAFETY:0.4885810562261294
C_PAWNSTRUCTURE:0.5
C_PIECECOORDINATION:0.5
C_ROOKANDPAWNMOVEMENT:0.5
C_CENTERCONTROL:0.48431328534869905
C_DEVELOPPIECES:0.48829727878624984
C_MATERIAL:0.5240518171357517
C_MOVECOUNT:0.5262757533490368
