ELO:853
CE_PASSEDPAWNS:0.4189675840833777
CE_PAWNWEAKNESSES:0.4596125895623213
CE_PIECEACTIVITY:0.505782149906798
CE_KINGPAWNSHIELD:0.5289754516110479
CE_PIECECOORDINATION:0.5072384502524637
CE_MATERIAL:0.4738240800829309
CE_KINGSAFETY:0.45692877746103633
C_PIECESQUARETABLES:0.5592543327967172
C_MOBILITY:0.45063857219908837
C_KINGSAFETY:0.5944513281129367
C_PAWNSTRUCTURE:0.5308503186164719
C_PIECECOORDINATION:0.5338925059013322
C_ROOKANDPAWNMOVEMENT:0.5338925059013322
C_CENTERCONTROL:0.4990044071382314
C_DEVELOPPIECES:0.5846579608215292
C_MATERIAL:0.4470183936082248
C_MOVECOUNT:0.5649755381633201
