ELO:955
CE_PASSEDPAWNS:0.4979395874696352
CE_PAWNWEAKNESSES:0.5896043825892116
CE_PIECEACTIVITY:0.503906151579472
CE_KINGPAWNSHIELD:0.5333231598024718
CE_PIECECOORDINATION:0.550160451994786
CE_MATERIAL:0.49442374867338035
CE_KINGSAFETY:0.5
C_PIECESQUARETABLES:0.5
C_MOBILITY:0.5356869463075623
C_KINGSAFETY:0.5414301144465846
C_PAWNSTRUCTURE:0.5288475062069774
C_PIECECOORDINATION:0.49565537645741137
C_ROOKANDPAWNMOVEMENT:0.49565537645741137
C_CENTERCONTROL:0.5121563537941975
C_DEVELOPPIECES:0.4969113177021927
C_MATERIAL:0.49526968638533214
C_MOVECOUNT:0.5
