ELO:918
CE_PASSEDPAWNS:0.47642662217961235
CE_PAWNWEAKNESSES:0.5
CE_PIECEACTIVITY:0.4900745131925798
CE_KINGPAWNSHIELD:0.4999498382679415
CE_PIECECOORDINATION:0.5351446055224073
CE_MATERIAL:0.4145350935485716
CE_KINGSAFETY:0.5
C_PIECESQUARETABLES:0.45656768873093756
C_MOBILITY:0.5212860337408602
C_KINGSAFETY:0.5219717141548147
C_PAWNSTRUCTURE:0.4589854994845614
C_PIECECOORDINATION:0.5442479866041519
C_ROOKANDPAWNMOVEMENT:0.5442479866041519
C_CENTERCONTROL:0.585971940805763
C_DEVELOPPIECES:0.5547892008537485
C_MATERIAL:0.5
C_MOVECOUNT:0.5
