ELO:1000
CE_PASSEDPAWNS:0.5246306154330832
CE_PAWNWEAKNESSES:0.45576688198420695
CE_PIECEACTIVITY:0.4470651041985533
CE_KINGPAWNSHIELD:0.5039251536965772
CE_PIECECOORDINATION:0.502752287339054
CE_MATERIAL:0.5049333931919401
CE_KINGSAFETY:0.5008961748466539
C_PIECESQUARETABLES:0.4936548634044278
C_MOBILITY:0.4864389867589187
C_KINGSAFETY:0.5058388815067283
C_PAWNSTRUCTURE:0.49764826224455116
C_PIECECOORDINATION:0.45821489860462083
C_ROOKANDPAWNMOVEMENT:0.45821489860462083
C_CENTERCONTROL:0.49803060872109567
C_DEVELOPPIECES:0.5046259998349425
C_MATERIAL:0.5141505712390813
