ELO:988
CE_PASSEDPAWNS:0.5303326049100789
CE_PAWNWEAKNESSES:0.39252326647094454
CE_PIECEACTIVITY:0.5212881987191861
CE_KINGPAWNSHIELD:0.5298350564921285
CE_PIECECOORDINATION:0.5181320476387868
CE_MATERIAL:0.5869589164506076
CE_KINGSAFETY:0.5
C_PIECESQUARETABLES:0.5
C_MOBILITY:0.5480432288699277
C_KINGSAFETY:0.5290176220128898
C_PAWNSTRUCTURE:0.4787608613014261
C_PIECECOORDINATION:0.5
C_ROOKANDPAWNMOVEMENT:0.5
C_CENTERCONTROL:0.4984967620330958
C_DEVELOPPIECES:0.5
C_MATERIAL:0.5
C_MOVECOUNT:0.5
