ELO:870
CE_PASSEDPAWNS:0.49814725542327704
CE_PAWNWEAKNESSES:0.4588221769153365
CE_PIECEACTIVITY:0.5069080964853381
CE_KINGPAWNSHIELD:0.5000858085550274
CE_PIECECOORDINATION:0.5832031363573976
CE_MATERIAL:0.5208202852078582
CE_KINGSAFETY:0.5
C_PIECESQUARETABLES:0.5
C_MOBILITY:0.46731167507145505
C_KINGSAFETY:0.5652496783831623
C_PAWNSTRUCTURE:0.44813076323845213
C_PIECECOORDINATION:0.4735141388030254
C_ROOKANDPAWNMOVEMENT:0.4735141388030254
C_CENTERCONTROL:0.4447609073850512
C_DEVELOPPIECES:0.540995000445538
C_MATERIAL:0.4154125216048227
C_MOVECOUNT:0.5
