ELO:654
CE_PASSEDPAWNS:0.4991856686039018
CE_PAWNWEAKNESSES:0.5604618191345732
CE_PIECEACTIVITY:0.5417798754736213
CE_KINGPAWNSHIELD:0.4797832958371157
CE_PIECECOORDINATION:0.48176731196209027
CE_MATERIAL:0.43990789928871094
CE_KINGSAFETY:0.401912667846715
C_PIECESQUARETABLES:0.5208996574791684
C_MOBILITY:0.4941232238305787
C_KINGSAFETY:0.43959340483730236
C_PAWNSTRUCTURE:0.5301644033775955
C_PIECECOORDINATION:0.4605231135674015
C_ROOKANDPAWNMOVEMENT:0.4605231135674015
C_CENTERCONTROL:0.41690428878401214
C_DEVELOPPIECES:0.47023357802880394
C_MATERIAL:0.5234910366757861
C_MOVECOUNT:0.5
