ELO:957
CE_PASSEDPAWNS:0.4957732221651485
CE_PAWNWEAKNESSES:0.49944721953854343
CE_PIECEACTIVITY:0.5024132427248221
CE_KINGPAWNSHIELD:0.48378223093629374
CE_PIECECOORDINATION:0.493281652228352
CE_MATERIAL:0.48567137309310054
CE_KINGSAFETY:0.5035737425320528
C_PIECESQUARETABLES:0.5109913562058832
C_MOBILITY:0.5055128188869982
C_KINGSAFETY:0.5050378438553151
C_PAWNSTRUCTURE:0.5191139137455851
C_PIECECOORDINATION:0.4729213168075429
C_ROOK:0.48625880648159775
CE_ROOK:0.47523943557301845
C_CENTERCONTROL:0.49999405914551825
C_DEVELOPPIECES:0.5113360053045335
C_MATERIAL:0.4903165915078355
C_MOVECOUNT:0.4970992116913115
C_PAWNMOVEMENT:0.5090025408874108
