ELO:813
CE_PASSEDPAWNS:0.5431068475279338
CE_PAWNWEAKNESSES:0.5311052360524167
CE_PIECEACTIVITY:0.4966194461497395
CE_KINGPAWNSHIELD:0.4470354741010688
CE_PIECECOORDINATION:0.4610483427828003
CE_MATERIAL:0.5175654476227417
CE_KINGSAFETY:0.5
C_PIECESQUARETABLES:0.4983530781679637
C_MOBILITY:0.5028126988289271
C_KINGSAFETY:0.4681339067195294
C_PAWNSTRUCTURE:0.46281940350652484
C_PIECECOORDINATION:0.44478615997435433
C_ROOK:0.5347369853058715
CE_ROOK:0.47357404028591177
C_CENTERCONTROL:0.5340207739709303
C_DEVELOPPIECES:0.4776613866788181
C_MATERIAL:0.5115135454995455
C_MOVECOUNT:0.4498104600475586
C_PAWNMOVEMENT:0.5607784881036322
