ELO:1000
CE_PASSEDPAWNS:0.4839536888771029
CE_PAWNWEAKNESSES:0.4859393384237706
CE_PIECEACTIVITY:0.519021723029665
CE_KINGPAWNSHIELD:0.5080755983015912
CE_PIECECOORDINATION:0.44819939733553715
CE_MATERIAL:0.49667956240638583
CE_KINGSAFETY:0.50558368227607
C_PIECESQUARETABLES:0.5086678733312426
C_MOBILITY:0.4823631267235628
C_KINGSAFETY:0.5153171650884163
C_PAWNSTRUCTURE:0.5518856638605257
C_PIECECOORDINATION:0.5031348470470484
C_ROOKANDPAWNMOVEMENT:0.5031348470470484
C_CENTERCONTROL:0.5046861298467413
C_DEVELOPPIECES:0.5065277060517603
C_MATERIAL:0.5511246422892297
