ELO:1009
CE_PASSEDPAWNS:0.5061796673097317
CE_PAWNWEAKNESSES:0.5157713116466007
CE_PIECEACTIVITY:0.47769708389211407
CE_KINGPAWNSHIELD:0.5
CE_PIECECOORDINATION:0.4977512168032171
CE_MATERIAL:0.5017136441428373
CE_KINGSAFETY:0.47415985601584204
C_PIECESQUARETABLES:0.5056232344684941
C_MOBILITY:0.5027120228767525
C_KINGSAFETY:0.4666658666342561
C_PAWNSTRUCTURE:0.5001765620242491
C_PIECECOORDINATION:0.5
C_ROOKANDPAWNMOVEMENT:0.5
C_CENTERCONTROL:0.5131737026412923
C_DEVELOPPIECES:0.5155861534524923
C_MATERIAL:0.4950324361413702
