ELO:787
CE_PASSEDPAWNS:0.5669353893529167
CE_PAWNWEAKNESSES:0.5214024373689978
CE_PIECEACTIVITY:0.5340357895230208
CE_KINGPAWNSHIELD:0.473116700330097
CE_PIECECOORDINATION:0.5201562466059408
CE_MATERIAL:0.45501546201351767
CE_KINGSAFETY:0.487497362700339
C_PIECESQUARETABLES:0.5127878482130243
C_MOBILITY:0.5369940423665016
C_KINGSAFETY:0.40653132649712054
C_PAWNSTRUCTURE:0.5067344194507607
C_PIECECOORDINATION:0.4641248112835362
C_ROOKANDPAWNMOVEMENT:0.4641248112835362
C_CENTERCONTROL:0.4161318181150696
C_DEVELOPPIECES:0.46645646295077836
C_MATERIAL:0.5179417409937068
C_MOVECOUNT:0.5
