ELO:503
CE_PASSEDPAWNS:0.6250039455905578
CE_PAWNWEAKNESSES:0.5554615801627812
CE_PIECEACTIVITY:0.4704681187179149
CE_KINGPAWNSHIELD:0.4252582054597814
CE_PIECECOORDINATION:0.5270512719962228
CE_MATERIAL:0.4305401662776143
CE_KINGSAFETY:0.4872612671018716
C_PIECESQUARETABLES:0.4642221655848824
C_MOBILITY:0.6211237502229757
C_KINGSAFETY:0.4362181461919806
C_PAWNSTRUCTURE:0.41795185579437183
C_PIECECOORDINATION:0.45689808837159845
C_ROOKANDPAWNMOVEMENT:0.45689808837159845
C_CENTERCONTROL:0.4581253124034218
C_DEVELOPPIECES:0.41603335175909184
C_MATERIAL:0.5697906326946663
C_MOVECOUNT:0.5087221054123425
