ELO:987
CE_PASSEDPAWNS:0.36920735269402694
CE_PAWNWEAKNESSES:0.5086530027826172
CE_PIECEACTIVITY:0.5115517959390631
CE_KINGPAWNSHIELD:0.4969112771905379
CE_PIECECOORDINATION:0.6092782055877115
CE_MATERIAL:0.5125313430690898
CE_KINGSAFETY:0.505851333155049
C_PIECESQUARETABLES:0.5
C_MOBILITY:0.4981404113746569
C_KINGSAFETY:0.5555396845641076
C_PAWNSTRUCTURE:0.3974960377332616
C_PIECECOORDINATION:0.5393436346195013
C_ROOKANDPAWNMOVEMENT:0.5393436346195013
C_CENTERCONTROL:0.3628208528192532
C_DEVELOPPIECES:0.5933423053266473
C_MATERIAL:0.6201906658387899
