ELO:991
CE_PASSEDPAWNS:0.483139265619072
CE_PAWNWEAKNESSES:0.47523153302301924
CE_PIECEACTIVITY:0.5346389034568264
CE_KINGPAWNSHIELD:0.4650138565130617
CE_PIECECOORDINATION:0.46953723837985206
CE_MATERIAL:0.5438749453984273
CE_KINGSAFETY:0.5088727050547268
C_PIECESQUARETABLES:0.5221933351806464
C_MOBILITY:0.5210327574633938
C_KINGSAFETY:0.4856388392618715
C_PAWNSTRUCTURE:0.5348406994133548
C_PIECECOORDINATION:0.5250357274892411
C_ROOKANDPAWNMOVEMENT:0.5250357274892411
C_CENTERCONTROL:0.46917112603167577
C_DEVELOPPIECES:0.419969848783817
C_MATERIAL:0.5161131398116944
