ELO:914
CE_PASSEDPAWNS:0.5455248263661415
CE_PAWNWEAKNESSES:0.522838133172595
CE_PIECEACTIVITY:0.4868436702409004
CE_KINGPAWNSHIELD:0.5135013141141528
CE_PIECECOORDINATION:0.5020268061833161
CE_MATERIAL:0.5264189387114123
CE_KINGSAFETY:0.5128447273001644
C_PIECESQUARETABLES:0.49349645603159226
C_MOBILITY:0.46909136032026816
C_KINGSAFETY:0.46434841697304924
C_PAWNSTRUCTURE:0.4936777295965404
C_PIECECOORDINATION:0.5383448655901256
C_ROOKANDPAWNMOVEMENT:0.5383448655901256
C_CENTERCONTROL:0.47240715129125194
C_DEVELOPPIECES:0.5607951389565227
C_MATERIAL:0.5081203629889459
