ELO:885
CE_PASSEDPAWNS:0.5494042985755236
CE_PAWNWEAKNESSES:0.5239168497003693
CE_PIECEACTIVITY:0.5381194200428142
CE_KINGPAWNSHIELD:0.49741988029259304
CE_PIECECOORDINATION:0.48710418195840394
CE_MATERIAL:0.5033609090527517
CE_KINGSAFETY:0.5027130513376513
C_PIECESQUARETABLES:0.4733887817354314
C_MOBILITY:0.41389300702867665
C_KINGSAFETY:0.44499888808881405
C_PAWNSTRUCTURE:0.43159614185053863
C_PIECECOORDINATION:0.5508128898483392
C_ROOKANDPAWNMOVEMENT:0.5508128898483392
C_CENTERCONTROL:0.45939570197394675
C_DEVELOPPIECES:0.6030282322456999
C_MATERIAL:0.49150888417124683
