ELO:828
CE_PASSEDPAWNS:0.5339791585861454
CE_PAWNWEAKNESSES:0.5376425522972478
CE_PIECEACTIVITY:0.4959303822708219
CE_KINGPAWNSHIELD:0.4909846401639422
CE_PIECECOORDINATION:0.5403366879708377
CE_MATERIAL:0.47937317832960863
CE_KINGSAFETY:0.5097654938177215
C_PIECESQUARETABLES:0.5160805708363955
C_MOBILITY:0.538379432894628
C_KINGSAFETY:0.4834610136735006
C_PAWNSTRUCTURE:0.5411516494913986
C_PIECECOORDINATION:0.4780871591532469
C_ROOKANDPAWNMOVEMENT:0.4780871591532469
C_CENTERCONTROL:0.5149669419067271
C_DEVELOPPIECES:0.4670911467260284
C_MATERIAL:0.49728055698854895
C_MOVECOUNT:0.5
