ELO:1059
CE_PASSEDPAWNS:0.5
CE_PAWNWEAKNESSES:0.4856661498568255
CE_PIECEACTIVITY:0.5
CE_KINGPAWNSHIELD:0.49301479175159424
CE_PIECECOORDINATION:0.5
CE_MATERIAL:0.5009998824377415
CE_KINGSAFETY:0.49030183719950005
C_PIECESQUARETABLES:0.5
C_MOBILITY:0.5205917354750594
C_KINGSAFETY:0.5
C_PAWNSTRUCTURE:0.47987740990446426
C_PIECECOORDINATION:0.5052518913095124
C_ROOKANDPAWNMOVEMENT:0.5052518913095124
C_CENTERCONTROL:0.5101909520081935
C_DEVELOPPIECES:0.5151323653282969
C_MATERIAL:0.5124213569084247
