ELO:966
CE_PASSEDPAWNS:0.5040095888142447
CE_PAWNWEAKNESSES:0.5024020400904738
CE_PIECEACTIVITY:0.48438553267448076
CE_KINGPAWNSHIELD:0.48744661763051844
CE_PIECECOORDINATION:0.46507383108237677
CE_MATERIAL:0.49944656155579936
CE_KINGSAFETY:0.5071555977902585
C_PIECESQUARETABLES:0.5108919418661477
C_MOBILITY:0.48547322008908056
C_KINGSAFETY:0.4855044293155719
C_PAWNSTRUCTURE:0.5441384621009867
C_PIECECOORDINATION:0.5448548057972861
C_ROOKANDPAWNMOVEMENT:0.5448548057972861
C_CENTERCONTROL:0.44156284571061577
C_DEVELOPPIECES:0.504407413053019
C_MATERIAL:0.4936484677991738
