ELO:896
CE_PASSEDPAWNS:0.5494269094967285
CE_PAWNWEAKNESSES:0.5271887522903788
CE_PIECEACTIVITY:0.4988162257112929
CE_KINGPAWNSHIELD:0.512888002256864
CE_PIECECOORDINATION:0.4968968677102202
CE_MATERIAL:0.5149068415847239
CE_KINGSAFETY:0.5255951042835691
C_PIECESQUARETABLES:0.4813848298512167
C_MOBILITY:0.464694270170818
C_KINGSAFETY:0.4468681320101133
C_PAWNSTRUCTURE:0.4459683785540381
C_PIECECOORDINATION:0.5470243072595409
C_ROOKANDPAWNMOVEMENT:0.5470243072595409
C_CENTERCONTROL:0.4673304489716182
C_DEVELOPPIECES:0.5785614829059581
C_MATERIAL:0.5007664259861621
