ELO:884
CE_PASSEDPAWNS:0.5103139199091197
CE_PAWNWEAKNESSES:0.513260896270351
CE_PIECEACTIVITY:0.49327725462058886
CE_KINGPAWNSHIELD:0.46568064093355627
CE_PIECECOORDINATION:0.47708966425935323
CE_MATERIAL:0.5054491144553734
CE_KINGSAFETY:0.5
C_PIECESQUARETABLES:0.4966117113923878
C_MOBILITY:0.5022689633233809
C_KINGSAFETY:0.5109566901395941
C_PAWNSTRUCTURE:0.47524281429555193
C_PIECECOORDINATION:0.4588671184175041
C_ROOK:0.4815650464585222
CE_ROOK:0.4656087511593213
C_CENTERCONTROL:0.5079093195076684
C_DEVELOPPIECES:0.4515847016035982
C_MATERIAL:0.5102948340305462
C_MOVECOUNT:0.5166929240787957
C_PAWNMOVEMENT:0.5389835648715828
