ELO:930
CE_PASSEDPAWNS:0.5695453209722002
CE_PAWNWEAKNESSES:0.5067829175449313
CE_PIECEACTIVITY:0.4918714429358028
CE_KINGPAWNSHIELD:0.5187911089843371
CE_PIECECOORDINATION:0.5133568180428691
CE_MATERIAL:0.4944067808023896
CE_KINGSAFETY:0.4862321994713005
C_PIECESQUARETABLES:0.48896126745910135
C_MOBILITY:0.45913033117079133
C_KINGSAFETY:0.47719992315139603
C_PAWNSTRUCTURE:0.48293141842018744
C_PIECECOORDINATION:0.5050393783717223
C_ROOKANDPAWNMOVEMENT:0.5050393783717223
C_CENTERCONTROL:0.4583299849842325
C_DEVELOPPIECES:0.5466529524138677
C_MATERIAL:0.49613746790950175
