ELO:832
CE_PASSEDPAWNS:0.513624389653378
CE_PAWNWEAKNESSES:0.5157683448514842
CE_PIECEACTIVITY:0.49855009914107346
CE_KINGPAWNSHIELD:0.4737344990721268
CE_PIECECOORDINATION:0.49020819070883287
CE_MATERIAL:0.4925614143967228
CE_KINGSAFETY:0.5003952972282751
C_PIECESQUARETABLES:0.491586371822925
C_MOBILITY:0.49356788739004837
C_KINGSAFETY:0.510683307296216
C_PAWNSTRUCTURE:0.47545326712479974
C_PIECECOORDINATION:0.45093212647310577
C_ROOK:0.5082548222671739
CE_ROOK:0.4661118893364425
C_CENTERCONTROL:0.5315105935933645
C_DEVELOPPIECES:0.464934390843693
C_MATERIAL:0.505915166938173
C_MOVECOUNT:0.4939231314963654
C_PAWNMOVEMENT:0.5593161445219557
