ELO:994
CE_PASSEDPAWNS:0.4952881479297876
CE_PAWNWEAKNESSES:0.49135195810228116
CE_PIECEACTIVITY:0.5045117243017293
CE_KINGPAWNSHIELD:0.4880764024369439
CE_PIECECOORDINATION:0.4903289277460617
CE_MATERIAL:0.4856324414060198
CE_KINGSAFETY:0.5
C_PIECESQUARETABLES:0.5
C_MOBILITY:0.493833216620907
C_KINGSAFETY:0.5038522971653011
C_PAWNSTRUCTURE:0.520989552898066
C_PIECECOORDINATION:0.49776185520227983
C_ROOK:0.506816545609772
CE_ROOK:0.4892849953091054
C_CENTERCONTROL:0.5115758233134359
C_DEVELOPPIECES:0.5122805861631193
C_MATERIAL:0.5084351474982362
C_MOVECOUNT:0.506984701559203
C_PAWNMOVEMENT:0.5029868615133616
