ELO:613
CE_PASSEDPAWNS:0.5062055998751093
CE_PAWNWEAKNESSES:0.5469123301471315
CE_PIECEACTIVITY:0.518962686010482
CE_KINGPAWNSHIELD:0.4797832958371157
CE_PIECECOORDINATION:0.4817733283361703
CE_MATERIAL:0.4417826282873175
CE_KINGSAFETY:0.40187245497313967
C_PIECESQUARETABLES:0.5182658339714467
C_MOBILITY:0.48261998272408774
C_KINGSAFETY:0.41804940643990046
C_PAWNSTRUCTURE:0.5060825965136508
C_PIECECOORDINATION:0.4564659744648678
C_ROOKANDPAWNMOVEMENT:0.4564659744648678
C_CENTERCONTROL:0.41102477734457166
C_DEVELOPPIECES:0.47756705100370184
C_MATERIAL:0.5230902019965096
C_MOVECOUNT:0.5
