ELO:987
CE_PASSEDPAWNS:0.5143705398128193
CE_PAWNWEAKNESSES:0.49712037288628297
CE_PIECEACTIVITY:0.5264305042241826
CE_KINGPAWNSHIELD:0.4863511095097281
CE_PIECECOORDINATION:0.5045342443381055
CE_MATERIAL:0.5250526674327683
CE_KINGSAFETY:0.509484890905098
C_PIECESQUARETABLES:0.5096640919940801
C_MOBILITY:0.5156656504341093
C_KINGSAFETY:0.5044398574191119
C_PAWNSTRUCTURE:0.5344745718898299
C_PIECECOORDINATION:0.5258478622341788
C_ROOKANDPAWNMOVEMENT:0.5258478622341788
C_CENTERCONTROL:0.47481817069112514
C_DEVELOPPIECES:0.449763843981353
C_MATERIAL:0.49461313264016626
