ELO:861
CE_PASSEDPAWNS:0.5159836427881179
CE_PAWNWEAKNESSES:0.5115508119219022
CE_PIECEACTIVITY:0.49790429283521925
CE_KINGPAWNSHIELD:0.47384740241575907
CE_PIECECOORDINATION:0.4958519514215399
CE_MATERIAL:0.501745542979327
CE_KINGSAFETY:0.4968826704243124
C_PIECESQUARETABLES:0.49666046026211363
C_MOBILITY:0.5082066737182173
C_KINGSAFETY:0.519283221395441
C_PAWNSTRUCTURE:0.48038952194723455
C_PIECECOORDINATION:0.4588671184175041
C_ROOK:0.48818431995802963
CE_ROOK:0.4713113436171925
C_CENTERCONTROL:0.5095234507342241
C_DEVELOPPIECES:0.46441112663575934
C_MATERIAL:0.519241934116404
C_MOVECOUNT:0.49304824476943465
C_PAWNMOVEMENT:0.5444757440546617
