ELO:781
CE_PASSEDPAWNS:0.52112809552349
CE_PAWNWEAKNESSES:0.5322359486305839
CE_PIECEACTIVITY:0.4878843856542085
CE_KINGPAWNSHIELD:0.4920798213407029
CE_PIECECOORDINATION:0.5404123680929075
CE_MATERIAL:0.46691286885718264
CE_KINGSAFETY:0.5159722946375374
C_PIECESQUARETABLES:0.532164705726916
C_MOBILITY:0.5168754660387794
C_KINGSAFETY:0.47747570496739683
C_PAWNSTRUCTURE:0.5739730176354833
C_PIECECOORDINATION:0.48367575516542105
C_ROOKANDPAWNMOVEMENT:0.48367575516542105
C_CENTERCONTROL:0.4892721699396401
C_DEVELOPPIECES:0.4766732615921667
C_MATERIAL:0.49339541463950565
C_MOVECOUNT:0.5
