ELO:955
CE_PASSEDPAWNS:0.5182425787305664
CE_PAWNWEAKNESSES:0.490776164560166
CE_PIECEACTIVITY:0.48908381011985697
CE_KINGPAWNSHIELD:0.4922133717500327
CE_PIECECOORDINATION:0.4995085857261636
CE_MATERIAL:0.4685896002826732
CE_KINGSAFETY:0.48226191088963793
C_PIECESQUARETABLES:0.4951351310048314
C_MOBILITY:0.5226358766970736
C_KINGSAFETY:0.4948288069003053
C_PAWNSTRUCTURE:0.4881727895650645
C_PIECECOORDINATION:0.4944444130747075
C_ROOKANDPAWNMOVEMENT:0.4944444130747075
C_CENTERCONTROL:0.49223234618013006
C_DEVELOPPIECES:0.49705010386014814
C_MATERIAL:0.5091184051992463
C_MOVECOUNT:0.5008019464337224
