ELO:996
CE_PASSEDPAWNS:0.4972313304903329
CE_PAWNWEAKNESSES:0.4864191103163528
CE_PIECEACTIVITY:0.5217914302826523
CE_KINGPAWNSHIELD:0.5109513066958731
CE_PIECECOORDINATION:0.4545937188134363
CE_MATERIAL:0.48519721284091105
CE_KINGSAFETY:0.47987948929378305
C_PIECESQUARETABLES:0.49153062311002294
C_MOBILITY:0.4711979291105329
C_KINGSAFETY:0.5173293285233732
C_PAWNSTRUCTURE:0.5860101779171
C_PIECECOORDINATION:0.5079715098619174
C_ROOKANDPAWNMOVEMENT:0.5079715098619174
C_CENTERCONTROL:0.5314500210232379
C_DEVELOPPIECES:0.5170542128276888
C_MATERIAL:0.5678836213763623
