ELO:999
CE_PASSEDPAWNS:0.4959058937910297
CE_PAWNWEAKNESSES:0.48048693971489004
CE_PIECEACTIVITY:0.5059301936076785
CE_KINGPAWNSHIELD:0.5
CE_PIECECOORDINATION:0.5098930183042262
CE_MATERIAL:0.5194996112264925
CE_KINGSAFETY:0.5
C_PIECESQUARETABLES:0.5
C_MOBILITY:0.4690111080903438
C_KINGSAFETY:0.49862093818515724
C_PAWNSTRUCTURE:0.49651141209738214
C_PIECECOORDINATION:0.5249651237485023
C_ROOKANDPAWNMOVEMENT:0.5249651237485023
C_CENTERCONTROL:0.4959046034586645
C_DEVELOPPIECES:0.47519019771555837
C_MATERIAL:0.50810846634484
C_MOVECOUNT:0.5
