ELO:830
CE_PASSEDPAWNS:0.5043278653721378
CE_PAWNWEAKNESSES:0.5124730208832223
CE_PIECEACTIVITY:0.48813965491223743
CE_KINGPAWNSHIELD:0.4737344990721268
CE_PIECECOORDINATION:0.5061450141121636
CE_MATERIAL:0.4977613297956805
CE_KINGSAFETY:0.5
C_PIECESQUARETABLES:0.5
C_MOBILITY:0.5045594432306839
C_KINGSAFETY:0.519283221395441
C_PAWNSTRUCTURE:0.48038952194723455
C_PIECECOORDINATION:0.4588671184175041
C_ROOK:0.48818431995802963
CE_ROOK:0.45899303651341544
C_CENTERCONTROL:0.5190145308155079
C_DEVELOPPIECES:0.4620917060502035
C_MATERIAL:0.519241934116404
C_MOVECOUNT:0.4926749621461309
C_PAWNMOVEMENT:0.5450605579248754
