ELO:990
CE_PASSEDPAWNS:0.4860058297477426
CE_PAWNWEAKNESSES:0.4750417874874075
CE_PIECEACTIVITY:0.49096499814148625
CE_KINGPAWNSHIELD:0.5027649071114371
CE_PIECECOORDINATION:0.4223848444513095
CE_MATERIAL:0.49215596050533106
CE_KINGSAFETY:0.5019599012862641
C_PIECESQUARETABLES:0.48459567162378125
C_MOBILITY:0.4825514179145795
C_KINGSAFETY:0.5457706150721595
C_PAWNSTRUCTURE:0.607917340754431
C_PIECECOORDINATION:0.5378684290505177
C_ROOKANDPAWNMOVEMENT:0.5378684290505177
C_CENTERCONTROL:0.49074386305236317
C_DEVELOPPIECES:0.5352752953163322
C_MATERIAL:0.5741933909430895
