ELO:934
CE_PASSEDPAWNS:0.541301534305441
CE_PAWNWEAKNESSES:0.5147754340333369
CE_PIECEACTIVITY:0.5055051474986612
CE_KINGPAWNSHIELD:0.5252106775650377
CE_PIECECOORDINATION:0.48686797462926285
CE_MATERIAL:0.4935180570735088
CE_KINGSAFETY:0.45612850487616013
C_PIECESQUARETABLES:0.48844784157640975
C_MOBILITY:0.4712040585919475
C_KINGSAFETY:0.5053716259949347
C_PAWNSTRUCTURE:0.4919899001313976
C_PIECECOORDINATION:0.514792732914229
C_ROOKANDPAWNMOVEMENT:0.514792732914229
C_CENTERCONTROL:0.4300700879162406
C_DEVELOPPIECES:0.5022694152143572
C_MATERIAL:0.4998010965354244
