ELO:896
CE_PASSEDPAWNS:0.488497981183378
CE_PAWNWEAKNESSES:0.5621409204078142
CE_PIECEACTIVITY:0.5179807307599205
CE_KINGPAWNSHIELD:0.5226444727709231
CE_PIECECOORDINATION:0.47940087669238907
CE_MATERIAL:0.45553228788554984
CE_KINGSAFETY:0.5010418766141258
C_PIECESQUARETABLES:0.5061524698066874
C_MOBILITY:0.5308273743774692
C_KINGSAFETY:0.48740959176687465
C_PAWNSTRUCTURE:0.48783879330220825
C_PIECECOORDINATION:0.5210157254687791
C_ROOKANDPAWNMOVEMENT:0.5210157254687791
C_CENTERCONTROL:0.4964027387609398
C_DEVELOPPIECES:0.5132466094849147
C_MATERIAL:0.5354014179139062
C_MOVECOUNT:0.49375058117761483
