ELO:983
CE_PASSEDPAWNS:0.49365068319525063
CE_PAWNWEAKNESSES:0.4951695845849724
CE_PIECEACTIVITY:0.5041282206039153
CE_KINGPAWNSHIELD:0.5133089114102731
CE_PIECECOORDINATION:0.5019883816190762
CE_MATERIAL:0.5174943634120236
CE_KINGSAFETY:0.5061873707852974
C_PIECESQUARETABLES:0.5001580607851283
C_MOBILITY:0.49209829159483953
C_KINGSAFETY:0.46294222850872757
C_PAWNSTRUCTURE:0.49831374103505677
C_PIECECOORDINATION:0.5043733035779596
C_ROOKANDPAWNMOVEMENT:0.5043733035779596
C_CENTERCONTROL:0.4815500025686954
C_DEVELOPPIECES:0.4895137603616422
C_MATERIAL:0.4906680754065942
