ELO:1110
CE_PASSEDPAWNS:0.6011203221798902
CE_PAWNWEAKNESSES:0.44879211148055503
CE_PIECEACTIVITY:0.5822554920959389
CE_KINGPAWNSHIELD:0.4888774821619666
CE_PIECECOORDINATION:0.4982789938169807
CE_MATERIAL:0.45448512921466566
CE_KINGSAFETY:0.5064185364879418
C_PIECESQUARETABLES:0.5044736762200143
C_MOBILITY:0.4233877356073582
C_KINGSAFETY:0.5327488999935857
C_PAWNSTRUCTURE:0.42137970858536405
C_PIECECOORDINATION:0.47551345173764986
C_ROOKANDPAWNMOVEMENT:0.47551345173764986
C_CENTERCONTROL:0.4971758326519334
C_DEVELOPPIECES:0.5521541788689788
C_MATERIAL:0.40316966045926106
