ELO:1006
CE_PASSEDPAWNS:0.5
CE_PAWNWEAKNESSES:0.49637548054933506
CE_PIECEACTIVITY:0.5
CE_KINGPAWNSHIELD:0.5
CE_PIECECOORDINATION:0.5
CE_MATERIAL:0.5006325033064608
CE_KINGSAFETY:0.5
C_PIECESQUARETABLES:0.5
C_MOBILITY:0.5108715657670244
C_KINGSAFETY:0.5104318832972805
C_PAWNSTRUCTURE:0.5118461771525985
C_PIECECOORDINATION:0.5
C_ROOKANDPAWNMOVEMENT:0.5
C_CENTERCONTROL:0.49097159330173923
C_DEVELOPPIECES:0.5090246569403706
C_MATERIAL:0.49051316602773365
C_MOVECOUNT:0.5
