ELO:914
CE_PASSEDPAWNS:0.5455248263661415
CE_PAWNWEAKNESSES:0.5191023212525208
CE_PIECEACTIVITY:0.4868436702409004
CE_KINGPAWNSHIELD:0.5239124899853557
CE_PIECECOORDINATION:0.5027555681241099
CE_MATERIAL:0.518222146735208
CE_KINGSAFETY:0.49401464463114886
C_PIECESQUARETABLES:0.5038322610599868
C_MOBILITY:0.4649495065071519
C_KINGSAFETY:0.4696493633659932
C_PAWNSTRUCTURE:0.4936777295965404
C_PIECECOORDINATION:0.5282530607051821
C_ROOKANDPAWNMOVEMENT:0.5282530607051821
C_CENTERCONTROL:0.47240715129125194
C_DEVELOPPIECES:0.5679943779407012
C_MATERIAL:0.5006835656529259
