ELO:978
CE_PASSEDPAWNS:0.49524313540418685
CE_PAWNWEAKNESSES:0.5011105585460676
CE_PIECEACTIVITY:0.5221365179722169
CE_KINGPAWNSHIELD:0.5
CE_PIECECOORDINATION:0.49626470354068125
CE_MATERIAL:0.4920159315459953
CE_KINGSAFETY:0.4899295309356841
C_PIECESQUARETABLES:0.48830431674981306
C_MOBILITY:0.5
C_KINGSAFETY:0.5113035499300761
C_PAWNSTRUCTURE:0.5141199727882927
C_PIECECOORDINATION:0.49445239426128534
C_ROOKANDPAWNMOVEMENT:0.49445239426128534
C_CENTERCONTROL:0.5
C_DEVELOPPIECES:0.4872601256184442
C_MATERIAL:0.4867577123669507
C_MOVECOUNT:0.49122060368263315
