ELO:797
CE_PASSEDPAWNS:0.5366371820385408
CE_PAWNWEAKNESSES:0.4764030505867751
CE_PIECEACTIVITY:0.5906160847498861
CE_KINGPAWNSHIELD:0.41034545028524927
CE_PIECECOORDINATION:0.4161649214808607
CE_MATERIAL:0.4922625750118844
CE_KINGSAFETY:0.5553268373584945
C_PIECESQUARETABLES:0.5336964604109826
C_MOBILITY:0.5489009201601737
C_KINGSAFETY:0.5306194228071662
C_PAWNSTRUCTURE:0.6356164256891087
C_PIECECOORDINATION:0.5371311100212997
C_ROOKANDPAWNMOVEMENT:0.5371311100212997
C_CENTERCONTROL:0.4762719994357335
C_DEVELOPPIECES:0.5967160478585867
C_MATERIAL:0.5480936214189769
