ELO:937
CE_PASSEDPAWNS:0.5160428233089334
CE_PAWNWEAKNESSES:0.46578840346377676
CE_PIECEACTIVITY:0.5561937851355062
CE_KINGPAWNSHIELD:0.4167405893420699
CE_PIECECOORDINATION:0.405309762067798
CE_MATERIAL:0.5259905219046578
CE_KINGSAFETY:0.4978786685442997
C_PIECESQUARETABLES:0.5088095828824963
C_MOBILITY:0.5134382270910302
C_KINGSAFETY:0.5167988338183498
C_PAWNSTRUCTURE:0.6127407601758416
C_PIECECOORDINATION:0.5420226848530649
C_ROOKANDPAWNMOVEMENT:0.5420226848530649
C_CENTERCONTROL:0.4862031343453396
C_DEVELOPPIECES:0.5183118899425281
C_MATERIAL:0.5685238857881882
