ELO:988
CE_PASSEDPAWNS:0.5165852949352105
CE_PAWNWEAKNESSES:0.4903847947336558
CE_PIECEACTIVITY:0.5251693498343843
CE_KINGPAWNSHIELD:0.46703803369135977
CE_PIECECOORDINATION:0.48857321812984816
CE_MATERIAL:0.5390367898901246
CE_KINGSAFETY:0.5113442678797446
C_PIECESQUARETABLES:0.5115649463735938
C_MOBILITY:0.51868584911323
C_KINGSAFETY:0.4963239108580324
C_PAWNSTRUCTURE:0.5328164264345728
C_PIECECOORDINATION:0.5256211548589823
C_ROOKANDPAWNMOVEMENT:0.5256211548589823
C_CENTERCONTROL:0.4706883618904453
C_DEVELOPPIECES:0.4350786118566743
C_MATERIAL:0.5008134331402944
