ELO:918
CE_PASSEDPAWNS:0.49296263559479336
CE_PAWNWEAKNESSES:0.4096143129562962
CE_PIECEACTIVITY:0.6073579245224906
CE_KINGPAWNSHIELD:0.48152892971756633
CE_PIECECOORDINATION:0.519347999344686
CE_MATERIAL:0.383860165261085
CE_KINGSAFETY:0.5084186165522928
C_PIECESQUARETABLES:0.464568697772652
C_MOBILITY:0.5396268778468903
C_KINGSAFETY:0.4859027561604552
C_PAWNSTRUCTURE:0.5120758142131312
C_PIECECOORDINATION:0.5168330056086846
C_ROOKANDPAWNMOVEMENT:0.5168330056086846
C_CENTERCONTROL:0.4852060314131915
C_DEVELOPPIECES:0.503498542242048
C_MATERIAL:0.47400301921535093
