ELO:797
CE_PASSEDPAWNS:0.451337857219128
CE_PAWNWEAKNESSES:0.5145209107327202
CE_PIECEACTIVITY:0.5433111306797239
CE_KINGPAWNSHIELD:0.4768843297570878
CE_PIECECOORDINATION:0.5357982469242015
CE_MATERIAL:0.4898516692158979
CE_KINGSAFETY:0.4743248253424482
C_PIECESQUARETABLES:0.4603961653310401
C_MOBILITY:0.5257859429418047
C_KINGSAFETY:0.5600455153604658
C_PAWNSTRUCTURE:0.5062047455886072
C_PIECECOORDINATION:0.5597985781230508
C_ROOKANDPAWNMOVEMENT:0.5597985781230508
C_CENTERCONTROL:0.5216599864027781
C_DEVELOPPIECES:0.5532747362545773
C_MATERIAL:0.48811757632874453
C_MOVECOUNT:0.5
