ELO:1150
CE_PASSEDPAWNS:0.48525951578793847
CE_PAWNWEAKNESSES:0.45753908675987287
CE_PIECEACTIVITY:0.5989710207483733
CE_KINGPAWNSHIELD:0.40008057349030945
CE_PIECECOORDINATION:0.49525090608611594
CE_MATERIAL:0.47142943546382343
CE_KINGSAFETY:0.5
C_PIECESQUARETABLES:0.44125657210372926
C_MOBILITY:0.6076327737009805
C_KINGSAFETY:0.40672919937252344
C_PAWNSTRUCTURE:0.5314253954442887
C_PIECECOORDINATION:0.5960146041974088
C_ROOKANDPAWNMOVEMENT:0.5960146041974088
C_CENTERCONTROL:0.5265679586594536
C_DEVELOPPIECES:0.43315964958583353
C_MATERIAL:0.6243603211084038
