ELO:1059
CE_PASSEDPAWNS:0.4287281369871026
CE_PAWNWEAKNESSES:0.45753908675987287
CE_PIECEACTIVITY:0.4268297285407068
CE_KINGPAWNSHIELD:0.47007856838159223
CE_PIECECOORDINATION:0.5096467097470723
CE_MATERIAL:0.32713345940320887
CE_KINGSAFETY:0.5
C_PIECESQUARETABLES:0.4828586789072194
C_MOBILITY:0.528458234858237
C_KINGSAFETY:0.37767688935622257
C_PAWNSTRUCTURE:0.5565549327089838
C_PIECECOORDINATION:0.5960146041974088
C_ROOKANDPAWNMOVEMENT:0.5960146041974088
C_CENTERCONTROL:0.5606726216192668
C_DEVELOPPIECES:0.47008433718429665
C_MATERIAL:0.533923652306625
