ELO:985
CE_PASSEDPAWNS:0.5061383974809319
CE_PAWNWEAKNESSES:0.48561709338667935
CE_PIECEACTIVITY:0.5202686523705128
CE_KINGPAWNSHIELD:0.5
CE_PIECECOORDINATION:0.4828161197331312
CE_MATERIAL:0.4997683633695673
CE_KINGSAFETY:0.5
C_PIECESQUARETABLES:0.4822274108872364
C_MOBILITY:0.5
C_KINGSAFETY:0.4986275395268426
C_PAWNSTRUCTURE:0.5152153084454668
C_PIECECOORDINATION:0.5081067509295035
C_ROOKANDPAWNMOVEMENT:0.5081067509295035
C_CENTERCONTROL:0.49273421943431595
C_DEVELOPPIECES:0.508341629572972
C_MATERIAL:0.49863821023844235
C_MOVECOUNT:0.5
