ELO:1036
CE_PASSEDPAWNS:0.5086344181210014
CE_PAWNWEAKNESSES:0.502599299906167
CE_PIECEACTIVITY:0.5
CE_KINGPAWNSHIELD:0.5236576530138782
CE_PIECECOORDINATION:0.5123547557181971
CE_MATERIAL:0.5
CE_KINGSAFETY:0.5
C_PIECESQUARETABLES:0.507740552043015
C_MOBILITY:0.5110173839193107
C_KINGSAFETY:0.5088477155106986
C_PAWNSTRUCTURE:0.5069199093975181
C_PIECECOORDINATION:0.48401178987609655
C_ROOKANDPAWNMOVEMENT:0.48401178987609655
C_CENTERCONTROL:0.5004353635597532
C_DEVELOPPIECES:0.5012111648611667
C_MATERIAL:0.49836656741963176
C_MOVECOUNT:0.5
