ELO:974
CE_PASSEDPAWNS:0.4837937315458327
CE_PAWNWEAKNESSES:0.419758173684241
CE_PIECEACTIVITY:0.5505523757192431
CE_KINGPAWNSHIELD:0.5030906704443502
CE_PIECECOORDINATION:0.521813058792311
CE_MATERIAL:0.44293233834873047
CE_KINGSAFETY:0.5197068092838837
C_PIECESQUARETABLES:0.5064598687428072
C_MOBILITY:0.51024066110843
C_KINGSAFETY:0.4795813138970094
C_PAWNSTRUCTURE:0.485820700708107
C_PIECECOORDINATION:0.5382638664835286
C_ROOKANDPAWNMOVEMENT:0.5382638664835286
C_CENTERCONTROL:0.5220637093886435
C_DEVELOPPIECES:0.506328324900818
C_MATERIAL:0.46291865044524616
