ELO:1017
CE_PASSEDPAWNS:0.5136172806706423
CE_PAWNWEAKNESSES:0.5
CE_PIECEACTIVITY:0.5
CE_KINGPAWNSHIELD:0.49758028353016936
CE_PIECECOORDINATION:0.5208530579654532
CE_MATERIAL:0.5
CE_KINGSAFETY:0.4974583783852848
C_PIECESQUARETABLES:0.48270566233552054
C_MOBILITY:0.5
C_KINGSAFETY:0.4943147151589058
C_PAWNSTRUCTURE:0.5087063395223568
C_PIECECOORDINATION:0.5330273842739458
C_ROOKANDPAWNMOVEMENT:0.5330273842739458
C_CENTERCONTROL:0.4915318417526674
C_DEVELOPPIECES:0.4820143184425009
C_MATERIAL:0.5
C_MOVECOUNT:0.4941211558133901
