ELO:1000
CE_PASSEDPAWNS:0.5235742009592552
CE_PAWNWEAKNESSES:0.45957325962265283
CE_PIECEACTIVITY:0.5512968168970778
CE_KINGPAWNSHIELD:0.5112217776079364
CE_PIECECOORDINATION:0.48525099493023016
CE_MATERIAL:0.470143478832356
CE_KINGSAFETY:0.507994646147534
C_PIECESQUARETABLES:0.4707730823182762
C_MOBILITY:0.5063922978214943
C_KINGSAFETY:0.49344764052525536
C_PAWNSTRUCTURE:0.4794516434345602
C_PIECECOORDINATION:0.5167041247326203
C_ROOKANDPAWNMOVEMENT:0.5167041247326203
C_CENTERCONTROL:0.5667407467793418
C_DEVELOPPIECES:0.49072185775562566
C_MATERIAL:0.5003537920199522
