ELO:1017
CE_PASSEDPAWNS:0.6277775459674104
CE_PAWNWEAKNESSES:0.4968951984655689
CE_PIECEACTIVITY:0.47248469842662644
CE_KINGPAWNSHIELD:0.44917017802265613
CE_PIECECOORDINATION:0.46202979685056594
CE_MATERIAL:0.44882137884962126
CE_KINGSAFETY:0.5
C_PIECESQUARETABLES:0.5027021208013629
C_MOBILITY:0.363395997745979
C_KINGSAFETY:0.5340440440945806
C_PAWNSTRUCTURE:0.43240159265828465
C_PIECECOORDINATION:0.4415123956289942
C_ROOKANDPAWNMOVEMENT:0.4415123956289942
C_CENTERCONTROL:0.49068569155674585
C_DEVELOPPIECES:0.5741312980905268
C_MATERIAL:0.42061523186074956
