ELO:792
CE_PASSEDPAWNS:0.4685285004421555
CE_PAWNWEAKNESSES:0.5212945971487359
CE_PIECEACTIVITY:0.5175912015788848
CE_KINGPAWNSHIELD:0.48278053386185354
CE_PIECECOORDINATION:0.517828622461188
CE_MATERIAL:0.4478348718768982
CE_KINGSAFETY:0.49446815861642757
C_PIECESQUARETABLES:0.4846542191156663
C_MOBILITY:0.516262943158486
C_KINGSAFETY:0.517715111794559
C_PAWNSTRUCTURE:0.5029258758472388
C_PIECECOORDINATION:0.5796918866729962
C_ROOKANDPAWNMOVEMENT:0.5796918866729962
C_CENTERCONTROL:0.5193258557131774
C_DEVELOPPIECES:0.5396022606444271
C_MATERIAL:0.5061346351509056
C_MOVECOUNT:0.5
