ELO:967
CE_PASSEDPAWNS:0.48424823905536557
CE_PAWNWEAKNESSES:0.41381002650605453
CE_PIECEACTIVITY:0.566402675293152
CE_KINGPAWNSHIELD:0.5150220668974265
CE_PIECECOORDINATION:0.5289699076527001
CE_MATERIAL:0.401256060076426
CE_KINGSAFETY:0.5118527128873845
C_PIECESQUARETABLES:0.49403866736948826
C_MOBILITY:0.5156223481319108
C_KINGSAFETY:0.47625991437758103
C_PAWNSTRUCTURE:0.478091456749926
C_PIECECOORDINATION:0.5632118129967345
C_ROOKANDPAWNMOVEMENT:0.5632118129967345
C_CENTERCONTROL:0.5437014622298669
C_DEVELOPPIECES:0.4942958974063676
C_MATERIAL:0.4508426789473428
