ELO:1141
CE_PASSEDPAWNS:0.4945732073083062
CE_PAWNWEAKNESSES:0.4747266971979074
CE_PIECEACTIVITY:0.5461217497574483
CE_KINGPAWNSHIELD:0.4628065437446107
CE_PIECECOORDINATION:0.49892967985177217
CE_MATERIAL:0.5859162883553349
CE_KINGSAFETY:0.5
C_PIECESQUARETABLES:0.5
C_MOBILITY:0.5856085889373912
C_KINGSAFETY:0.40672919937252344
C_PAWNSTRUCTURE:0.49124294705892413
C_PIECECOORDINATION:0.5546562877460437
C_ROOKANDPAWNMOVEMENT:0.5546562877460437
C_CENTERCONTROL:0.5325424007152673
C_DEVELOPPIECES:0.4354212939766876
C_MATERIAL:0.6828983766046607
