ELO:997
CE_PASSEDPAWNS:0.495051871851252
CE_PAWNWEAKNESSES:0.5087185535685577
CE_PIECEACTIVITY:0.4991024100408944
CE_KINGPAWNSHIELD:0.4975747671860589
CE_PIECECOORDINATION:0.5124752405608247
CE_MATERIAL:0.5045959009086458
CE_KINGSAFETY:0.5129460486031628
C_PIECESQUARETABLES:0.5
C_MOBILITY:0.5199920906843369
C_KINGSAFETY:0.49247428935156534
C_PAWNSTRUCTURE:0.502636123666641
C_PIECECOORDINATION:0.5083316057504977
C_ROOK:0.5172228461189654
CE_ROOK:0.5046363610799026
C_CENTERCONTROL:0.48775916289002025
C_DEVELOPPIECES:0.5104668064023097
C_MATERIAL:0.5178580795808855
C_MOVECOUNT:0.5022577783724438
C_PAWNMOVEMENT:0.502091049092944
