ELO:1021
CE_PASSEDPAWNS:0.5009828971074362
CE_PAWNWEAKNESSES:0.5
CE_PIECEACTIVITY:0.5141546936776737
CE_KINGPAWNSHIELD:0.5
CE_PIECECOORDINATION:0.5039357433303192
CE_MATERIAL:0.4912706093116495
CE_KINGSAFETY:0.5315258939158201
C_PIECESQUARETABLES:0.5108410567093679
C_MOBILITY:0.5105701212331587
C_KINGSAFETY:0.5
C_PAWNSTRUCTURE:0.49981332776034265
C_PIECECOORDINATION:0.5094086916214917
C_ROOK:0.4735661216055401
CE_ROOK:0.5036285851460828
C_CENTERCONTROL:0.5206569451444027
C_DEVELOPPIECES:0.4869309309762138
C_MATERIAL:0.510797346484648
C_MOVECOUNT:0.5068763161798031
C_PAWNMOVEMENT:0.5083419277745659
