ELO:852
CE_PASSEDPAWNS:0.5202300791107463
CE_PAWNWEAKNESSES:0.5983776276800257
CE_PIECEACTIVITY:0.4958040511921615
CE_KINGPAWNSHIELD:0.5268665700219917
CE_PIECECOORDINATION:0.4515499481683225
CE_MATERIAL:0.5184067906697742
CE_KINGSAFETY:0.5
C_PIECESQUARETABLES:0.5
C_MOBILITY:0.529810361626671
C_KINGSAFETY:0.5363167984026352
C_PAWNSTRUCTURE:0.4290743251335971
C_PIECECOORDINATION:0.5107525829146264
C_ROOKANDPAWNMOVEMENT:0.5107525829146264
C_CENTERCONTROL:0.5869988319670304
C_DEVELOPPIECES:0.4765256178068047
C_MATERIAL:0.5409310579627241
C_MOVECOUNT:0.5
