ELO:962
CE_PASSEDPAWNS:0.5106766206312706
CE_PAWNWEAKNESSES:0.4983716569242486
CE_PIECEACTIVITY:0.49888501129208906
CE_KINGPAWNSHIELD:0.5205458834192515
CE_PIECECOORDINATION:0.4807223334276924
CE_MATERIAL:0.5136310675101482
CE_KINGSAFETY:0.5011287684535788
C_PIECESQUARETABLES:0.4897599338120774
C_MOBILITY:0.4882012949921861
C_KINGSAFETY:0.49723960976070763
C_PAWNSTRUCTURE:0.5133939569938161
C_PIECECOORDINATION:0.46663970688610956
C_ROOK:0.49876030597298143
CE_ROOK:0.5365361802641133
C_CENTERCONTROL:0.5049846699557144
C_DEVELOPPIECES:0.5035537695140523
C_MATERIAL:0.5095172432963568
C_MOVECOUNT:0.48167868785446577
C_PAWNMOVEMENT:0.4908667279518836
