ELO:1027
CE_PASSEDPAWNS:0.47198440453607754
CE_PAWNWEAKNESSES:0.5097620760946445
CE_PIECEACTIVITY:0.5381708366227803
CE_KINGPAWNSHIELD:0.4919456870708667
CE_PIECECOORDINATION:0.5021572903359859
CE_MATERIAL:0.49782889385480256
CE_KINGSAFETY:0.5
C_PIECESQUARETABLES:0.5
C_MOBILITY:0.49511995947111004
C_KINGSAFETY:0.5154947016018071
C_PAWNSTRUCTURE:0.49547049034523644
C_PIECECOORDINATION:0.5045014104148906
C_ROOK:0.5164644578820308
CE_ROOK:0.48625489621868667
C_CENTERCONTROL:0.4925474243780922
C_DEVELOPPIECES:0.5459323106087586
C_MATERIAL:0.47837023877918194
C_MOVECOUNT:0.5114060774088982
C_PAWNMOVEMENT:0.49912436464649584
