ELO:982
CE_PASSEDPAWNS:0.5040642965802948
CE_PAWNWEAKNESSES:0.5023674969970886
CE_PIECEACTIVITY:0.5274244193982426
CE_KINGPAWNSHIELD:0.47167986684850344
CE_PIECECOORDINATION:0.47681976028834394
CE_MATERIAL:0.5033929832948022
CE_KINGSAFETY:0.5062602254710199
C_PIECESQUARETABLES:0.4839427294637367
C_MOBILITY:0.5036477326615322
C_KINGSAFETY:0.5103221894663947
C_PAWNSTRUCTURE:0.4538572361022205
C_PIECECOORDINATION:0.5007711176154256
C_ROOKANDPAWNMOVEMENT:0.5007711176154256
C_CENTERCONTROL:0.48949566141919243
C_DEVELOPPIECES:0.48438034772857985
C_MATERIAL:0.5373749565377647
