ELO:980
CE_PASSEDPAWNS:0.4684037546014527
CE_PAWNWEAKNESSES:0.557208599344027
CE_PIECEACTIVITY:0.48295775390854
CE_KINGPAWNSHIELD:0.5206824130268246
CE_PIECECOORDINATION:0.509929905074446
CE_MATERIAL:0.5081756312818918
CE_KINGSAFETY:0.49529939222039815
C_PIECESQUARETABLES:0.4983124392732731
C_MOBILITY:0.5111913038062855
C_KINGSAFETY:0.4949957794306279
C_PAWNSTRUCTURE:0.4956017610535659
C_PIECECOORDINATION:0.4705105987385313
C_ROOKANDPAWNMOVEMENT:0.4705105987385313
C_CENTERCONTROL:0.4983054146755123
C_DEVELOPPIECES:0.5295988903397539
C_MATERIAL:0.48393053873909275
C_MOVECOUNT:0.4885812182654444
