ELO:1171
CE_PASSEDPAWNS:0.4945732073083062
CE_PAWNWEAKNESSES:0.5017511431794623
CE_PIECEACTIVITY:0.5580846597125007
CE_KINGPAWNSHIELD:0.40008057349030945
CE_PIECECOORDINATION:0.4000339688605239
CE_MATERIAL:0.5859162883553349
CE_KINGSAFETY:0.5
C_PIECESQUARETABLES:0.5
C_MOBILITY:0.5856085889373912
C_KINGSAFETY:0.40672919937252344
C_PAWNSTRUCTURE:0.5461055495356145
C_PIECECOORDINATION:0.5827958732663536
C_ROOKANDPAWNMOVEMENT:0.5827958732663536
C_CENTERCONTROL:0.5200534090186267
C_DEVELOPPIECES:0.4354212939766876
C_MATERIAL:0.6152375411669072
