ELO:1032
CE_PASSEDPAWNS:0.4856186992104034
CE_PAWNWEAKNESSES:0.5114027554123813
CE_PIECEACTIVITY:0.5100666742507804
CE_KINGPAWNSHIELD:0.5080363633987031
CE_PIECECOORDINATION:0.5
CE_MATERIAL:0.4959599682449529
CE_KINGSAFETY:0.5
C_PIECESQUARETABLES:0.5
C_MOBILITY:0.5
C_KINGSAFETY:0.5
C_PAWNSTRUCTURE:0.5011470648716329
C_PIECECOORDINATION:0.5
C_ROOKANDPAWNMOVEMENT:0.5
C_CENTERCONTROL:0.4743425765197657
C_DEVELOPPIECES:0.50164991711586
C_MATERIAL:0.5123660738641375
C_MOVECOUNT:0.5095103840521787
