ELO:983
CE_PASSEDPAWNS:0.5457345729423272
CE_PAWNWEAKNESSES:0.5527347948692238
CE_PIECEACTIVITY:0.5012389627255882
CE_KINGPAWNSHIELD:0.542603462243025
CE_PIECECOORDINATION:0.5190315742551846
CE_MATERIAL:0.540383494701908
CE_KINGSAFETY:0.5
C_PIECESQUARETABLES:0.4890822440896229
C_MOBILITY:0.6266307597813231
C_KINGSAFETY:0.5188046138661232
C_PAWNSTRUCTURE:0.5136006544769414
C_PIECECOORDINATION:0.5127343133690373
C_ROOKANDPAWNMOVEMENT:0.5127343133690373
C_CENTERCONTROL:0.5298254162019529
C_DEVELOPPIECES:0.38486751856559076
C_MATERIAL:0.6402263010544132
