ELO:940
CE_PASSEDPAWNS:0.4968834688047769
CE_PAWNWEAKNESSES:0.4280814283298468
CE_PIECEACTIVITY:0.6009849033342477
CE_KINGPAWNSHIELD:0.4771056362269585
CE_PIECECOORDINATION:0.5205645695663339
CE_MATERIAL:0.3674411946038816
CE_KINGSAFETY:0.5517069036526271
C_PIECESQUARETABLES:0.4778678168582188
C_MOBILITY:0.5311880675810392
C_KINGSAFETY:0.48184621412336653
C_PAWNSTRUCTURE:0.5082994785578072
C_PIECECOORDINATION:0.506354184444488
C_ROOKANDPAWNMOVEMENT:0.506354184444488
C_CENTERCONTROL:0.472602600657948
C_DEVELOPPIECES:0.5062855713107766
C_MATERIAL:0.4739394030186188
