ELO:990
CE_PASSEDPAWNS:0.4928440745485685
CE_PAWNWEAKNESSES:0.5192683448783117
CE_PIECEACTIVITY:0.47960184275644896
CE_KINGPAWNSHIELD:0.5228316203310619
CE_PIECECOORDINATION:0.4822342273305889
CE_MATERIAL:0.5083407109368717
CE_KINGSAFETY:0.4936144718820685
C_PIECESQUARETABLES:0.5026328886010961
C_MOBILITY:0.5472614845386157
C_KINGSAFETY:0.48768467819921923
C_PAWNSTRUCTURE:0.5141366111532795
C_PIECECOORDINATION:0.5260008488211954
C_ROOK:0.4913666979501575
CE_ROOK:0.49909767810846006
C_CENTERCONTROL:0.4898536385214157
C_DEVELOPPIECES:0.5046960790981415
C_MATERIAL:0.5005342418871532
C_MOVECOUNT:0.499870168059018
C_PAWNMOVEMENT:0.4722314036394964
