ELO:659
CE_PASSEDPAWNS:0.5846904799825049
CE_PAWNWEAKNESSES:0.5642521730786569
CE_PIECEACTIVITY:0.4032325497182451
CE_KINGPAWNSHIELD:0.4703064893030895
CE_PIECECOORDINATION:0.518348590218739
CE_MATERIAL:0.4772098114147991
CE_KINGSAFETY:0.4586939164835816
C_PIECESQUARETABLES:0.47405229606002725
C_MOBILITY:0.5865722357589697
C_KINGSAFETY:0.5825522665737046
C_PAWNSTRUCTURE:0.4628542387833639
C_PIECECOORDINATION:0.4643376663949122
C_ROOKANDPAWNMOVEMENT:0.4643376663949122
C_CENTERCONTROL:0.5512183747142132
C_DEVELOPPIECES:0.5559544621153948
C_MATERIAL:0.49952237499546515
C_MOVECOUNT:0.49145124353463915
