ELO:992
CE_PASSEDPAWNS:0.48887801600421504
CE_PAWNWEAKNESSES:0.48077032196335545
CE_PIECEACTIVITY:0.4961588097431272
CE_KINGPAWNSHIELD:0.5025958367221884
CE_PIECECOORDINATION:0.49115675881477644
CE_MATERIAL:0.4860703150316046
CE_KINGSAFETY:0.5095437603060813
C_PIECESQUARETABLES:0.505347283116701
C_MOBILITY:0.5088108644878744
C_KINGSAFETY:0.48887349113068157
C_PAWNSTRUCTURE:0.5034988061837357
C_PIECECOORDINATION:0.5011705798162103
C_ROOK:0.5
CE_ROOK:0.5
C_CENTERCONTROL:0.5037382705337153
C_DEVELOPPIECES:0.4944605525959963
C_MATERIAL:0.5127392859850427
C_MOVECOUNT:0.5055126983074895
C_PAWNMOVEMENT:0.5
