ELO:947
CE_PASSEDPAWNS:0.5098300665951417
CE_PAWNWEAKNESSES:0.4983716569242486
CE_PIECEACTIVITY:0.5076518089323894
CE_KINGPAWNSHIELD:0.5130345445435502
CE_PIECECOORDINATION:0.49069461093431455
CE_MATERIAL:0.5013431907062299
CE_KINGSAFETY:0.4847020866773322
C_PIECESQUARETABLES:0.5000994795773686
C_MOBILITY:0.4985993745102586
C_KINGSAFETY:0.49723960976070763
C_PAWNSTRUCTURE:0.5197667658941144
C_PIECECOORDINATION:0.4715148181841015
C_ROOK:0.48238367020177325
CE_ROOK:0.5568315182325202
C_CENTERCONTROL:0.5049846699557144
C_DEVELOPPIECES:0.4845047529130077
C_MATERIAL:0.49746166268954106
C_MOVECOUNT:0.48183825329323654
C_PAWNMOVEMENT:0.4989108841216455
