ELO:1000
CE_PASSEDPAWNS:0.4972200699877
CE_PAWNWEAKNESSES:0.5184046425404534
CE_PIECEACTIVITY:0.5258157685913787
CE_KINGPAWNSHIELD:0.49313302909723405
CE_PIECECOORDINATION:0.4868161065570412
CE_MATERIAL:0.5088914056159519
CE_KINGSAFETY:0.49219020616901393
C_PIECESQUARETABLES:0.4708037028225006
C_MOBILITY:0.5151052488379776
C_KINGSAFETY:0.47603005553758315
C_PAWNSTRUCTURE:0.5107164039477989
C_PIECECOORDINATION:0.5197314437753077
C_ROOKANDPAWNMOVEMENT:0.5197314437753077
C_CENTERCONTROL:0.4967337141342423
C_DEVELOPPIECES:0.5179514907572859
C_MATERIAL:0.4951195585715292
