ELO:1000
CE_PASSEDPAWNS:0.5074387170954048
CE_PAWNWEAKNESSES:0.4918036642957745
CE_PIECEACTIVITY:0.5075182658402088
CE_KINGPAWNSHIELD:0.5
CE_PIECECOORDINATION:0.5249411559506125
CE_MATERIAL:0.5031557092041306
CE_KINGSAFETY:0.5087416455149514
C_PIECESQUARETABLES:0.5
C_MOBILITY:0.5
C_KINGSAFETY:0.5123178117951137
C_PAWNSTRUCTURE:0.4952505544206176
C_PIECECOORDINATION:0.5153436055139657
C_ROOKANDPAWNMOVEMENT:0.5153436055139657
C_CENTERCONTROL:0.5234156653228604
C_DEVELOPPIECES:0.484068216053504
C_MATERIAL:0.492065063323538
