ELO:970
CE_PASSEDPAWNS:0.47593195686598816
CE_PAWNWEAKNESSES:0.5464226052564557
CE_PIECEACTIVITY:0.5089095999480429
CE_KINGPAWNSHIELD:0.5446018784697676
CE_PIECECOORDINATION:0.5172005302519839
CE_MATERIAL:0.4991174459398991
CE_KINGSAFETY:0.49284119748803856
C_PIECESQUARETABLES:0.5
C_MOBILITY:0.48791446738782573
C_KINGSAFETY:0.5049715686293196
C_PAWNSTRUCTURE:0.4942129886256734
C_PIECECOORDINATION:0.5030328281251912
C_ROOKANDPAWNMOVEMENT:0.5030328281251912
C_CENTERCONTROL:0.4818438091335878
C_DEVELOPPIECES:0.5191981947287555
C_MATERIAL:0.48858616582321973
C_MOVECOUNT:0.48841273593240897
