ELO:986
CE_PASSEDPAWNS:0.49438713519917066
CE_PAWNWEAKNESSES:0.4995385400887849
CE_PIECEACTIVITY:0.5
CE_KINGPAWNSHIELD:0.5040626281626297
CE_PIECECOORDINATION:0.5047821342111167
CE_MATERIAL:0.4919453012475697
CE_KINGSAFETY:0.48765093080500543
C_PIECESQUARETABLES:0.5118112963014955
C_MOBILITY:0.5025702082884803
C_KINGSAFETY:0.5
C_PAWNSTRUCTURE:0.5020505177480824
C_PIECECOORDINATION:0.5107515777409273
C_ROOKANDPAWNMOVEMENT:0.5107515777409273
C_CENTERCONTROL:0.49898569087115885
C_DEVELOPPIECES:0.5
C_MATERIAL:0.5
