ELO:959
CE_PASSEDPAWNS:0.49808696784409195
CE_PAWNWEAKNESSES:0.5306207669842307
CE_PIECEACTIVITY:0.5020718286086279
CE_KINGPAWNSHIELD:0.5206074113500536
CE_PIECECOORDINATION:0.5074486984404285
CE_MATERIAL:0.5090085440847497
CE_KINGSAFETY:0.5042953455890449
C_PIECESQUARETABLES:0.4934258930331604
C_MOBILITY:0.4898281448395812
C_KINGSAFETY:0.4915171349269187
C_PAWNSTRUCTURE:0.4872647119762075
C_PIECECOORDINATION:0.5119743316142543
C_ROOKANDPAWNMOVEMENT:0.5119743316142543
C_CENTERCONTROL:0.47316552513282284
C_DEVELOPPIECES:0.5137149937663424
C_MATERIAL:0.4834622193918515
C_MOVECOUNT:0.5034845189805435
