ELO:1085
CE_PASSEDPAWNS:0.4526448212368272
CE_PAWNWEAKNESSES:0.5149139510370832
CE_PIECEACTIVITY:0.44028113545774944
CE_KINGPAWNSHIELD:0.4724108304964183
CE_PIECECOORDINATION:0.5252196382683033
CE_MATERIAL:0.4917309885233993
CE_KINGSAFETY:0.5
C_PIECESQUARETABLES:0.5
C_MOBILITY:0.5349553877175284
C_KINGSAFETY:0.40980908583440107
C_PAWNSTRUCTURE:0.46730990204242734
C_PIECECOORDINATION:0.5947067428619455
C_ROOKANDPAWNMOVEMENT:0.5947067428619455
C_CENTERCONTROL:0.44474342517557114
C_DEVELOPPIECES:0.41032386836039497
C_MATERIAL:0.5243578358255669
