ELO:917
CE_PASSEDPAWNS:0.5051388872937714
CE_PAWNWEAKNESSES:0.5097316697854245
CE_PIECEACTIVITY:0.46466155088805405
CE_KINGPAWNSHIELD:0.47001527196510323
CE_PIECECOORDINATION:0.4882967931620557
CE_MATERIAL:0.5613508342054279
CE_KINGSAFETY:0.4941849415553307
C_PIECESQUARETABLES:0.4922501664957955
C_MOBILITY:0.4909546030772103
C_KINGSAFETY:0.5052711317454228
C_PAWNSTRUCTURE:0.44767958911908734
C_PIECECOORDINATION:0.49737124168481356
C_ROOKANDPAWNMOVEMENT:0.49737124168481356
C_CENTERCONTROL:0.5636180138877224
C_DEVELOPPIECES:0.5336590219158994
C_MATERIAL:0.4944940660982166
C_MOVECOUNT:0.4883078406372306
