ELO:924
CE_PASSEDPAWNS:0.4945117274133272
CE_PAWNWEAKNESSES:0.41476944837713725
CE_PIECEACTIVITY:0.5799329889067483
CE_KINGPAWNSHIELD:0.4827977390645034
CE_PIECECOORDINATION:0.5160798838595745
CE_MATERIAL:0.42216187220935564
CE_KINGSAFETY:0.4922557926823778
C_PIECESQUARETABLES:0.48112618878548197
C_MOBILITY:0.5419990358551834
C_KINGSAFETY:0.47102861858660466
C_PAWNSTRUCTURE:0.5016292744188643
C_PIECECOORDINATION:0.516560721018978
C_ROOKANDPAWNMOVEMENT:0.516560721018978
C_CENTERCONTROL:0.4665872566232865
C_DEVELOPPIECES:0.5777693424513111
C_MATERIAL:0.46375368129974937
