ELO:1005
CE_PASSEDPAWNS:0.44316626775674867
CE_PAWNWEAKNESSES:0.590261458922248
CE_PIECEACTIVITY:0.42795353385783524
CE_KINGPAWNSHIELD:0.49138622779521224
CE_PIECECOORDINATION:0.6092782055877115
CE_MATERIAL:0.548564368780168
CE_KINGSAFETY:0.5
C_PIECESQUARETABLES:0.5
C_MOBILITY:0.580479941274235
C_KINGSAFETY:0.37771878873827036
C_PAWNSTRUCTURE:0.5565549327089838
C_PIECECOORDINATION:0.5817582471784472
C_ROOKANDPAWNMOVEMENT:0.5817582471784472
C_CENTERCONTROL:0.5232826369555287
C_DEVELOPPIECES:0.5528173797779841
C_MATERIAL:0.622840321325036
