ELO:1150
CE_PASSEDPAWNS:0.503008398271709
CE_PAWNWEAKNESSES:0.45435529719210543
CE_PIECEACTIVITY:0.5975814565428466
CE_KINGPAWNSHIELD:0.44600764767306644
CE_PIECECOORDINATION:0.5062093759261084
CE_MATERIAL:0.5859162883553349
CE_KINGSAFETY:0.5
C_PIECESQUARETABLES:0.5
C_MOBILITY:0.6076327737009805
C_KINGSAFETY:0.4059744259724239
C_PAWNSTRUCTURE:0.5511810051279755
C_PIECECOORDINATION:0.5836305981213538
C_ROOKANDPAWNMOVEMENT:0.5836305981213538
C_CENTERCONTROL:0.5200534090186267
C_DEVELOPPIECES:0.4354212939766876
C_MATERIAL:0.6201906658387899
