ELO:938
CE_PASSEDPAWNS:0.4777076306863773
CE_PAWNWEAKNESSES:0.40050804785645644
CE_PIECEACTIVITY:0.570897013377379
CE_KINGPAWNSHIELD:0.5108811591105753
CE_PIECECOORDINATION:0.5351069730662402
CE_MATERIAL:0.405645153676159
CE_KINGSAFETY:0.5113845465113376
C_PIECESQUARETABLES:0.4788348011773994
C_MOBILITY:0.519553977757864
C_KINGSAFETY:0.46984055391887863
C_PAWNSTRUCTURE:0.4886242817991695
C_PIECECOORDINATION:0.5506186234846194
C_ROOKANDPAWNMOVEMENT:0.5506186234846194
C_CENTERCONTROL:0.5392801629669689
C_DEVELOPPIECES:0.4989558391346648
C_MATERIAL:0.4506677049626457
