ELO:781
CE_PASSEDPAWNS:0.5323709905039085
CE_PAWNWEAKNESSES:0.4977251011268692
CE_PIECEACTIVITY:0.425893174723414
CE_KINGPAWNSHIELD:0.5429376590292601
CE_PIECECOORDINATION:0.5322866625481513
CE_MATERIAL:0.5468465327266533
CE_KINGSAFETY:0.5044213744778743
C_PIECESQUARETABLES:0.5304628379413837
C_MOBILITY:0.5654517352314173
C_KINGSAFETY:0.5565729498856067
C_PAWNSTRUCTURE:0.5251386864560994
C_PIECECOORDINATION:0.6223301338042752
C_ROOKANDPAWNMOVEMENT:0.6223301338042752
C_CENTERCONTROL:0.5652171360100634
C_DEVELOPPIECES:0.43570790551276123
C_MATERIAL:0.47385181866063764
C_MOVECOUNT:0.49996249022016476
