ELO:1017
CE_PASSEDPAWNS:0.503276625338917
CE_PAWNWEAKNESSES:0.5
CE_PIECEACTIVITY:0.4933695867043071
CE_KINGPAWNSHIELD:0.5047162307700098
CE_PIECECOORDINATION:0.5059160351680154
CE_MATERIAL:0.5
CE_KINGSAFETY:0.501091501649624
C_PIECESQUARETABLES:0.5024162632332896
C_MOBILITY:0.5
C_KINGSAFETY:0.49600083422603
C_PAWNSTRUCTURE:0.5
C_PIECECOORDINATION:0.49241590478135727
C_ROOKANDPAWNMOVEMENT:0.49241590478135727
C_CENTERCONTROL:0.5046667905576174
C_DEVELOPPIECES:0.5
C_MATERIAL:0.5
C_MOVECOUNT:0.4913823787826353
