ELO:931
CE_PASSEDPAWNS:0.45641447254903716
CE_PAWNWEAKNESSES:0.49339286713908737
CE_PIECEACTIVITY:0.5188638787246557
CE_KINGPAWNSHIELD:0.546192897781224
CE_PIECECOORDINATION:0.5115032132569137
CE_MATERIAL:0.4945829256581282
CE_KINGSAFETY:0.5
C_PIECESQUARETABLES:0.49730546070408194
C_MOBILITY:0.4775717938885465
C_KINGSAFETY:0.4579421694173681
C_PAWNSTRUCTURE:0.47012699055518403
C_PIECECOORDINATION:0.4768327448183371
C_ROOKANDPAWNMOVEMENT:0.4768327448183371
C_CENTERCONTROL:0.5678294739167922
C_DEVELOPPIECES:0.45727963472335414
C_MATERIAL:0.4788464852362087
