ELO:970
CE_PASSEDPAWNS:0.48040168787135656
CE_PAWNWEAKNESSES:0.502121916469589
CE_PIECEACTIVITY:0.492956741607899
CE_KINGPAWNSHIELD:0.47416465204750124
CE_PIECECOORDINATION:0.4779297805946834
CE_MATERIAL:0.4792074406140473
CE_KINGSAFETY:0.5
C_PIECESQUARETABLES:0.4937822415114425
C_MOBILITY:0.4957046465345148
C_KINGSAFETY:0.5085402296607107
C_PAWNSTRUCTURE:0.4940844457245412
C_PIECECOORDINATION:0.5058034983354698
C_ROOKANDPAWNMOVEMENT:0.5058034983354698
C_CENTERCONTROL:0.47973670450991523
C_DEVELOPPIECES:0.5062200886285483
C_MATERIAL:0.5009779379642351
C_MOVECOUNT:0.5
