ELO:818
CE_PASSEDPAWNS:0.4336372696662522
CE_PAWNWEAKNESSES:0.49184054104657426
CE_PIECEACTIVITY:0.5232236212782702
CE_KINGPAWNSHIELD:0.4691376748074943
CE_PIECECOORDINATION:0.5358847332869363
CE_MATERIAL:0.4999031479744947
CE_KINGSAFETY:0.4721033266198258
C_PIECESQUARETABLES:0.5233725397334229
C_MOBILITY:0.5084580953489014
C_KINGSAFETY:0.4321855402191546
C_PAWNSTRUCTURE:0.5185668282270399
C_PIECECOORDINATION:0.6007148170749431
C_ROOKANDPAWNMOVEMENT:0.6007148170749431
C_CENTERCONTROL:0.5203850623905412
C_DEVELOPPIECES:0.48085482392820683
C_MATERIAL:0.5144351663548462
C_MOVECOUNT:0.5
