ELO:982
CE_PASSEDPAWNS:0.48600499393759783
CE_PAWNWEAKNESSES:0.5169338766449495
CE_PIECEACTIVITY:0.5283667693702855
CE_KINGPAWNSHIELD:0.504431165024807
CE_PIECECOORDINATION:0.5090882620266356
CE_MATERIAL:0.5072796094467256
CE_KINGSAFETY:0.48131148713697003
C_PIECESQUARETABLES:0.47611625035368454
C_MOBILITY:0.5
C_KINGSAFETY:0.4961805410452416
C_PAWNSTRUCTURE:0.4894905707756531
C_PIECECOORDINATION:0.4962566687580655
C_ROOKANDPAWNMOVEMENT:0.4962566687580655
C_CENTERCONTROL:0.5013243777754169
C_DEVELOPPIECES:0.5007004580381427
C_MATERIAL:0.4894787331143341
C_MOVECOUNT:0.5
