ELO:975
CE_PASSEDPAWNS:0.46244180342907526
CE_PAWNWEAKNESSES:0.5310203928437448
CE_PIECEACTIVITY:0.5084051514094354
CE_KINGPAWNSHIELD:0.5019315073610373
CE_PIECECOORDINATION:0.5127396982519787
CE_MATERIAL:0.4957227121703767
CE_KINGSAFETY:0.47494844826898236
C_PIECESQUARETABLES:0.5124228620173017
C_MOBILITY:0.5329870733266452
C_KINGSAFETY:0.45775201976735425
C_PAWNSTRUCTURE:0.4945240859817605
C_PIECECOORDINATION:0.47440700857447465
C_ROOKANDPAWNMOVEMENT:0.47440700857447465
C_CENTERCONTROL:0.5271278550287875
C_DEVELOPPIECES:0.5114489362274226
C_MATERIAL:0.5115926393224001
