ELO:1000
CE_PASSEDPAWNS:0.4236986612624459
CE_PAWNWEAKNESSES:0.511156061325837
CE_PIECEACTIVITY:0.4646133867642296
CE_KINGPAWNSHIELD:0.5269891896218369
CE_PIECECOORDINATION:0.46160637233256385
CE_MATERIAL:0.5614955991855132
CE_KINGSAFETY:0.4691562393304726
C_PIECESQUARETABLES:0.545721795094409
C_MOBILITY:0.5308665307573895
C_KINGSAFETY:0.4949704764441136
C_PAWNSTRUCTURE:0.4712988751873869
C_PIECECOORDINATION:0.4387738889827419
C_ROOKANDPAWNMOVEMENT:0.4387738889827419
C_CENTERCONTROL:0.4699082020654378
C_DEVELOPPIECES:0.4999543046692823
C_MATERIAL:0.5473447290219294
