ELO:802
CE_PASSEDPAWNS:0.42749310782966526
CE_PAWNWEAKNESSES:0.47125478766480505
CE_PIECEACTIVITY:0.3999754317503132
CE_KINGPAWNSHIELD:0.6632476058127926
CE_PIECECOORDINATION:0.38361089122700476
CE_MATERIAL:0.48095001677549576
CE_KINGSAFETY:0.46311992958021153
C_PIECESQUARETABLES:0.461839547744415
C_MOBILITY:0.5412585876343231
C_KINGSAFETY:0.562792225264903
C_PAWNSTRUCTURE:0.5161915574293173
C_PIECECOORDINATION:0.41408507007503664
C_ROOKANDPAWNMOVEMENT:0.41408507007503664
C_CENTERCONTROL:0.4916417854845683
C_DEVELOPPIECES:0.5696217569491727
C_MATERIAL:0.49032986862180766
