ELO:983
CE_PASSEDPAWNS:0.604079647356339
CE_PAWNWEAKNESSES:0.4835896030795243
CE_PIECEACTIVITY:0.5255191141365227
CE_KINGPAWNSHIELD:0.6668201168677317
CE_PIECECOORDINATION:0.5293078481639033
CE_MATERIAL:0.5004045949820037
CE_KINGSAFETY:0.5050975094463261
C_PIECESQUARETABLES:0.5087235062390939
C_MOBILITY:0.5182679765310078
C_KINGSAFETY:0.4641587637053837
C_PAWNSTRUCTURE:0.4773112400689439
C_PIECECOORDINATION:0.4379533162125016
C_ROOKANDPAWNMOVEMENT:0.4379533162125016
C_CENTERCONTROL:0.45322378010826786
C_DEVELOPPIECES:0.5157104285458977
C_MATERIAL:0.3547394491356977
