ELO:1102
CE_PASSEDPAWNS:0.6216628427623379
CE_PAWNWEAKNESSES:0.48792246509381915
CE_PIECEACTIVITY:0.4749362909216822
CE_KINGPAWNSHIELD:0.4888774821619666
CE_PIECECOORDINATION:0.48955155030468334
CE_MATERIAL:0.45330493453514814
CE_KINGSAFETY:0.48661051699915137
C_PIECESQUARETABLES:0.5
C_MOBILITY:0.4310154030346362
C_KINGSAFETY:0.4971866792976564
C_PAWNSTRUCTURE:0.41758890827715084
C_PIECECOORDINATION:0.49243016763528125
C_ROOKANDPAWNMOVEMENT:0.49243016763528125
C_CENTERCONTROL:0.5241516181776379
C_DEVELOPPIECES:0.5757913049809192
C_MATERIAL:0.4181360421875904
