ELO:974
CE_PASSEDPAWNS:0.46826737139250235
CE_PAWNWEAKNESSES:0.5131216097986525
CE_PIECEACTIVITY:0.5322415474725705
CE_KINGPAWNSHIELD:0.5246147830026847
CE_PIECECOORDINATION:0.49406846381182185
CE_MATERIAL:0.5191590424735141
CE_KINGSAFETY:0.4724072448033624
C_PIECESQUARETABLES:0.5158219295355806
C_MOBILITY:0.5440297734618971
C_KINGSAFETY:0.454738068132223
C_PAWNSTRUCTURE:0.4817011518472582
C_PIECECOORDINATION:0.43613438600877447
C_ROOKANDPAWNMOVEMENT:0.43613438600877447
C_CENTERCONTROL:0.5245924924910309
C_DEVELOPPIECES:0.538840758141544
C_MATERIAL:0.5098099486918292
