ELO:813
CE_PASSEDPAWNS:0.4474609835126885
CE_PAWNWEAKNESSES:0.4452538054307266
CE_PIECEACTIVITY:0.5462615168729745
CE_KINGPAWNSHIELD:0.46933433631705307
CE_PIECECOORDINATION:0.5223942442337555
CE_MATERIAL:0.5296574478809672
CE_KINGSAFETY:0.5224362903750566
C_PIECESQUARETABLES:0.540578076070963
C_MOBILITY:0.5241201110885632
C_KINGSAFETY:0.4533400904654867
C_PAWNSTRUCTURE:0.5030302553949085
C_PIECECOORDINATION:0.5862074250973421
C_ROOKANDPAWNMOVEMENT:0.5862074250973421
C_CENTERCONTROL:0.5100521666532147
C_DEVELOPPIECES:0.4862535361949875
C_MATERIAL:0.5430431580179904
C_MOVECOUNT:0.5
