ELO:1017
CE_PASSEDPAWNS:0.5019379061059126
CE_PAWNWEAKNESSES:0.4767844267239877
CE_PIECEACTIVITY:0.49404104466932663
CE_KINGPAWNSHIELD:0.5024837139228125
CE_PIECECOORDINATION:0.5037897556183167
CE_MATERIAL:0.5232307326160843
CE_KINGSAFETY:0.5
C_PIECESQUARETABLES:0.5
C_MOBILITY:0.5039914218878431
C_KINGSAFETY:0.48406572747192883
C_PAWNSTRUCTURE:0.4653767522849376
C_PIECECOORDINATION:0.5030209784933546
C_ROOK:0.526435413254912
CE_ROOK:0.4823086312696092
C_CENTERCONTROL:0.4921312419304174
C_DEVELOPPIECES:0.48897099722680787
C_MATERIAL:0.5
C_MOVECOUNT:0.5058201970632462
C_PAWNMOVEMENT:0.5226916199539013
