ELO:827
CE_PASSEDPAWNS:0.4349702861825054
CE_PAWNWEAKNESSES:0.4765690570418116
CE_PIECEACTIVITY:0.5237124899136071
CE_KINGPAWNSHIELD:0.487147185004259
CE_PIECECOORDINATION:0.5103592425342671
CE_MATERIAL:0.5038349922747611
CE_KINGSAFETY:0.4879629850233639
C_PIECESQUARETABLES:0.5
C_MOBILITY:0.4995870157223376
C_KINGSAFETY:0.4325909423395439
C_PAWNSTRUCTURE:0.5319514715273949
C_PIECECOORDINATION:0.5828203620748701
C_ROOKANDPAWNMOVEMENT:0.5828203620748701
C_CENTERCONTROL:0.5153424073911644
C_DEVELOPPIECES:0.4859312272307499
C_MATERIAL:0.5316615466654876
C_MOVECOUNT:0.5
