ELO:987
CE_PASSEDPAWNS:0.3671258369474086
CE_PAWNWEAKNESSES:0.5259008112610276
CE_PIECEACTIVITY:0.5594978002495871
CE_KINGPAWNSHIELD:0.4737722369252453
CE_PIECECOORDINATION:0.46610882737896553
CE_MATERIAL:0.5653827236492338
CE_KINGSAFETY:0.5124552268142984
C_PIECESQUARETABLES:0.4886936027783175
C_MOBILITY:0.49374967057184077
C_KINGSAFETY:0.5522425379602647
C_PAWNSTRUCTURE:0.62436365227218
C_PIECECOORDINATION:0.5350567576815112
C_ROOKANDPAWNMOVEMENT:0.5350567576815112
C_CENTERCONTROL:0.35353114753428333
C_DEVELOPPIECES:0.5190495310353908
C_MATERIAL:0.6851219147133509
