ELO:959
CE_PASSEDPAWNS:0.6367537051013203
CE_PAWNWEAKNESSES:0.482271716423358
CE_PIECEACTIVITY:0.49283304458305427
CE_KINGPAWNSHIELD:0.5457114518877182
CE_PIECECOORDINATION:0.47794400243833
CE_MATERIAL:0.4048028855877715
CE_KINGSAFETY:0.5081020277515796
C_PIECESQUARETABLES:0.4897761974523165
C_MOBILITY:0.4096187262220306
C_KINGSAFETY:0.5209028365336938
C_PAWNSTRUCTURE:0.46441381433571505
C_PIECECOORDINATION:0.5362094079073151
C_ROOKANDPAWNMOVEMENT:0.5362094079073151
C_CENTERCONTROL:0.5046951934298372
C_DEVELOPPIECES:0.5960498537120681
C_MATERIAL:0.45823329813992647
