ELO:1043
CE_PASSEDPAWNS:0.5
CE_PAWNWEAKNESSES:0.5
CE_PIECEACTIVITY:0.4999991920713057
CE_KINGPAWNSHIELD:0.49853909521825696
CE_PIECECOORDINATION:0.5
CE_MATERIAL:0.5
CE_KINGSAFETY:0.5
C_PIECESQUARETABLES:0.49982288501342226
C_MOBILITY:0.5
C_KINGSAFETY:0.5
C_PAWNSTRUCTURE:0.4894601368863948
C_PIECECOORDINATION:0.5
C_ROOK:0.49919018798522435
CE_ROOK:0.5
C_CENTERCONTROL:0.5123866160338237
C_DEVELOPPIECES:0.4943688845298346
C_MATERIAL:0.4968414982828078
C_MOVECOUNT:0.5
C_PAWNMOVEMENT:0.49351551981167957
