ELO:870
CE_PASSEDPAWNS:0.41429404740294307
CE_PAWNWEAKNESSES:0.5094226399423846
CE_PIECEACTIVITY:0.41509326544644215
CE_KINGPAWNSHIELD:0.6739932310577057
CE_PIECECOORDINATION:0.4093446894735409
CE_MATERIAL:0.48887159464933555
CE_KINGSAFETY:0.47193624906166215
C_PIECESQUARETABLES:0.4911904417392006
C_MOBILITY:0.5677003066348598
C_KINGSAFETY:0.5226196886267866
C_PAWNSTRUCTURE:0.5241381651675862
C_PIECECOORDINATION:0.3944860344857068
C_ROOKANDPAWNMOVEMENT:0.3944860344857068
C_CENTERCONTROL:0.44610128321252623
C_DEVELOPPIECES:0.5811286432278129
C_MATERIAL:0.4854738396041136
