ELO:1050
CE_PASSEDPAWNS:0.5006727524098382
CE_PAWNWEAKNESSES:0.5247287781109924
CE_PIECEACTIVITY:0.5029766756247558
CE_KINGPAWNSHIELD:0.5021902283136767
CE_PIECECOORDINATION:0.5074421045417029
CE_MATERIAL:0.5043812163470417
CE_KINGSAFETY:0.5
C_PIECESQUARETABLES:0.5
C_MOBILITY:0.5057745642532829
C_KINGSAFETY:0.48445190939518334
C_PAWNSTRUCTURE:0.4888749454108597
C_PIECECOORDINATION:0.5123774048573894
C_ROOK:0.49977484436432357
CE_ROOK:0.49858103859278646
C_CENTERCONTROL:0.502279832947676
C_DEVELOPPIECES:0.4924542313572364
C_MATERIAL:0.5367029516076394
C_MOVECOUNT:0.5048232963758446
C_PAWNMOVEMENT:0.47449648882613543
