ELO:809
CE_PASSEDPAWNS:0.5880535417473561
CE_PAWNWEAKNESSES:0.48763502620180477
CE_PIECEACTIVITY:0.5926453607511755
CE_KINGPAWNSHIELD:0.5360903829447164
CE_PIECECOORDINATION:0.5689592263728274
CE_MATERIAL:0.5447659518868798
CE_KINGSAFETY:0.5027550955779255
C_PIECESQUARETABLES:0.5304628379413837
C_MOBILITY:0.56639165488891
C_KINGSAFETY:0.4569232137195134
C_PAWNSTRUCTURE:0.47234808425376246
C_PIECECOORDINATION:0.5011934366318399
C_ROOKANDPAWNMOVEMENT:0.5011934366318399
C_CENTERCONTROL:0.5652171360100634
C_DEVELOPPIECES:0.4651992073599843
C_MATERIAL:0.5060593485498119
C_MOVECOUNT:0.5
