ELO:944
CE_PASSEDPAWNS:0.4358442602920187
CE_PAWNWEAKNESSES:0.47277168985260615
CE_PIECEACTIVITY:0.5238443416272239
CE_KINGPAWNSHIELD:0.5438656981323995
CE_PIECECOORDINATION:0.5115032132569137
CE_MATERIAL:0.509960365479447
CE_KINGSAFETY:0.5092229864563941
C_PIECESQUARETABLES:0.5165420429370688
C_MOBILITY:0.4993733837705411
C_KINGSAFETY:0.4852262392448603
C_PAWNSTRUCTURE:0.47012699055518403
C_PIECECOORDINATION:0.45134464585583656
C_ROOKANDPAWNMOVEMENT:0.45134464585583656
C_CENTERCONTROL:0.5825143951713362
C_DEVELOPPIECES:0.45727963472335414
C_MATERIAL:0.4860041282062449
