ELO:904
CE_PASSEDPAWNS:0.521586048236927
CE_PAWNWEAKNESSES:0.49433243965639034
CE_PIECEACTIVITY:0.5596705848272057
CE_KINGPAWNSHIELD:0.49778143097695504
CE_PIECECOORDINATION:0.5169315233700368
CE_MATERIAL:0.5311100073080767
CE_KINGSAFETY:0.4615315477840698
C_PIECESQUARETABLES:0.5223743859678721
C_MOBILITY:0.5520647752355451
C_KINGSAFETY:0.49555349277191124
C_PAWNSTRUCTURE:0.4909673124412704
C_PIECECOORDINATION:0.5018568214673147
C_ROOKANDPAWNMOVEMENT:0.5018568214673147
C_CENTERCONTROL:0.5558038752430278
C_DEVELOPPIECES:0.5184976294643612
C_MATERIAL:0.5036737714507971
C_MOVECOUNT:0.5
