ELO:1000
CE_PASSEDPAWNS:0.5
CE_PAWNWEAKNESSES:0.5
CE_PIECEACTIVITY:0.5015758279783322
CE_KINGPAWNSHIELD:0.5
CE_PIECECOORDINATION:0.5
CE_MATERIAL:0.511166329043798
CE_KINGSAFETY:0.48823959055533594
C_PIECESQUARETABLES:0.5060813728692336
C_MOBILITY:0.5
C_KINGSAFETY:0.4961998737701425
C_PAWNSTRUCTURE:0.5
C_PIECECOORDINATION:0.48751237826406996
C_ROOKANDPAWNMOVEMENT:0.48751237826406996
C_CENTERCONTROL:0.5
C_DEVELOPPIECES:0.5
C_MATERIAL:0.5
