ELO:989
CE_PASSEDPAWNS:0.44888997869273717
CE_PAWNWEAKNESSES:0.4790631390952071
CE_PIECEACTIVITY:0.45975110166861227
CE_KINGPAWNSHIELD:0.5564302388986073
CE_PIECECOORDINATION:0.45980868869445274
CE_MATERIAL:0.5432121700975255
CE_KINGSAFETY:0.5442451469308156
C_PIECESQUARETABLES:0.5246876566914119
C_MOBILITY:0.5272193756264671
C_KINGSAFETY:0.5017047481974368
C_PAWNSTRUCTURE:0.48909971824881027
C_PIECECOORDINATION:0.4304747514921206
C_ROOKANDPAWNMOVEMENT:0.4304747514921206
C_CENTERCONTROL:0.45317960150964315
C_DEVELOPPIECES:0.5815650437342633
C_MATERIAL:0.5672409331484707
