ELO:1000
CE_PASSEDPAWNS:0.49458262513109086
CE_PAWNWEAKNESSES:0.5189138241392854
CE_PIECEACTIVITY:0.537872182188007
CE_KINGPAWNSHIELD:0.49653632862422653
CE_PIECECOORDINATION:0.5226120272337711
CE_MATERIAL:0.5081389922638617
CE_KINGSAFETY:0.49445421270346607
C_PIECESQUARETABLES:0.5118228935455621
C_MOBILITY:0.5245387927055459
C_KINGSAFETY:0.4830772477804912
C_PAWNSTRUCTURE:0.504942667800405
C_PIECECOORDINATION:0.4992433272011679
C_ROOKANDPAWNMOVEMENT:0.4992433272011679
C_CENTERCONTROL:0.522953501623753
C_DEVELOPPIECES:0.5085041288111588
C_MATERIAL:0.5059807890920673
