ELO:1026
CE_PASSEDPAWNS:0.604079647356339
CE_PAWNWEAKNESSES:0.5071409585023076
CE_PIECEACTIVITY:0.45990271632215807
CE_KINGPAWNSHIELD:0.5036131754061384
CE_PIECECOORDINATION:0.48319981439054766
CE_MATERIAL:0.34529286971658724
CE_KINGSAFETY:0.5466830954596952
C_PIECESQUARETABLES:0.5395906101620904
C_MOBILITY:0.5452259809661169
C_KINGSAFETY:0.5676077986117365
C_PAWNSTRUCTURE:0.3383225159601844
C_PIECECOORDINATION:0.5845643660280416
C_ROOKANDPAWNMOVEMENT:0.5845643660280416
C_CENTERCONTROL:0.5112637921646583
C_DEVELOPPIECES:0.45395208682938054
C_MATERIAL:0.425799464880008
