ELO:960
CE_PASSEDPAWNS:0.5279403436780025
CE_PAWNWEAKNESSES:0.5079535110097788
CE_PIECEACTIVITY:0.5029765400094356
CE_KINGPAWNSHIELD:0.5025066853078576
CE_PIECECOORDINATION:0.49908965626960544
CE_MATERIAL:0.49639664072201567
CE_KINGSAFETY:0.5
C_PIECESQUARETABLES:0.5
C_MOBILITY:0.47787233374589627
C_KINGSAFETY:0.5
C_PAWNSTRUCTURE:0.5057629492264025
C_PIECECOORDINATION:0.4909456991805548
C_ROOKANDPAWNMOVEMENT:0.4909456991805548
C_CENTERCONTROL:0.5064661291045082
C_DEVELOPPIECES:0.5090835310897203
C_MATERIAL:0.47426281555407507
C_MOVECOUNT:0.49374079898984924
