ELO:990
CE_PASSEDPAWNS:0.4412585512739263
CE_PAWNWEAKNESSES:0.5036540251517988
CE_PIECEACTIVITY:0.4641030951044533
CE_KINGPAWNSHIELD:0.5523182235552789
CE_PIECECOORDINATION:0.4624882180427154
CE_MATERIAL:0.5806910019810503
CE_KINGSAFETY:0.5338552056292001
C_PIECESQUARETABLES:0.520341289851453
C_MOBILITY:0.52266541530351
C_KINGSAFETY:0.4611297462712686
C_PAWNSTRUCTURE:0.46802100133618724
C_PIECECOORDINATION:0.456055993262436
C_ROOKANDPAWNMOVEMENT:0.456055993262436
C_CENTERCONTROL:0.441986698735146
C_DEVELOPPIECES:0.5493279976004704
C_MATERIAL:0.5567696268496596
