ELO:991
CE_PASSEDPAWNS:0.4262400644670552
CE_PAWNWEAKNESSES:0.5190666144951545
CE_PIECEACTIVITY:0.4711938995114344
CE_KINGPAWNSHIELD:0.5420703366195615
CE_PIECECOORDINATION:0.46469309003180354
CE_MATERIAL:0.5764683662795093
CE_KINGSAFETY:0.5278112897690342
C_PIECESQUARETABLES:0.5301271879495629
C_MOBILITY:0.5205548958681592
C_KINGSAFETY:0.457780464726465
C_PAWNSTRUCTURE:0.4727207146475533
C_PIECECOORDINATION:0.44293187678723717
C_ROOKANDPAWNMOVEMENT:0.44293187678723717
C_CENTERCONTROL:0.45503310402923175
C_DEVELOPPIECES:0.5166406642520701
C_MATERIAL:0.5469932450147795
