ELO:882
CE_PASSEDPAWNS:0.4175891974652128
CE_PAWNWEAKNESSES:0.4764673845902104
CE_PIECEACTIVITY:0.4550912641414826
CE_KINGPAWNSHIELD:0.6805047631030063
CE_PIECECOORDINATION:0.4169761260073876
CE_MATERIAL:0.502169031950448
CE_KINGSAFETY:0.47444623502853406
C_PIECESQUARETABLES:0.5055831968852511
C_MOBILITY:0.5323730462967726
C_KINGSAFETY:0.5127494083011157
C_PAWNSTRUCTURE:0.5257887093808038
C_PIECECOORDINATION:0.3874979728194745
C_ROOKANDPAWNMOVEMENT:0.3874979728194745
C_CENTERCONTROL:0.426191102138978
C_DEVELOPPIECES:0.5670277127193101
C_MATERIAL:0.5011222242088863
