ELO:1039
CE_PASSEDPAWNS:0.4883514526839017
CE_PAWNWEAKNESSES:0.5070295224989054
CE_PIECEACTIVITY:0.4898918661035154
CE_KINGPAWNSHIELD:0.504482741216641
CE_PIECECOORDINATION:0.5074421045417029
CE_MATERIAL:0.48937577603872473
CE_KINGSAFETY:0.5
C_PIECESQUARETABLES:0.5
C_MOBILITY:0.5009026001701242
C_KINGSAFETY:0.5133019398487192
C_PAWNSTRUCTURE:0.5144032954271751
C_PIECECOORDINATION:0.5128868997623572
C_ROOK:0.524028703005296
CE_ROOK:0.49858103859278646
C_CENTERCONTROL:0.4995520548321699
C_DEVELOPPIECES:0.49486487060257084
C_MATERIAL:0.47837023877918194
C_MOVECOUNT:0.48775097414123053
C_PAWNMOVEMENT:0.4914347561887438
