ELO:786
CE_PASSEDPAWNS:0.4465541281475806
CE_PAWNWEAKNESSES:0.43796297823547026
CE_PIECEACTIVITY:0.5349142498971879
CE_KINGPAWNSHIELD:0.4526124560432346
CE_PIECECOORDINATION:0.5283235590739321
CE_MATERIAL:0.5257210611539165
CE_KINGSAFETY:0.5202858351523303
C_PIECESQUARETABLES:0.5468935507662316
C_MOBILITY:0.5650089977442527
C_KINGSAFETY:0.45283867472612777
C_PAWNSTRUCTURE:0.49934857354000783
C_PIECECOORDINATION:0.6011829675440469
C_ROOKANDPAWNMOVEMENT:0.6011829675440469
C_CENTERCONTROL:0.4889561181186797
C_DEVELOPPIECES:0.4801469358798058
C_MATERIAL:0.5229500285193996
C_MOVECOUNT:0.5
