ELO:987
CE_PASSEDPAWNS:0.5156839845540195
CE_PAWNWEAKNESSES:0.45546261098082297
CE_PIECEACTIVITY:0.4982035057169751
CE_KINGPAWNSHIELD:0.4194819486798489
CE_PIECECOORDINATION:0.44538019471221774
CE_MATERIAL:0.5561775794490093
CE_KINGSAFETY:0.5112030185843959
C_PIECESQUARETABLES:0.4895654524304937
C_MOBILITY:0.6106431556756368
C_KINGSAFETY:0.5546134401548996
C_PAWNSTRUCTURE:0.6434219067597243
C_PIECECOORDINATION:0.5259822580486404
C_ROOKANDPAWNMOVEMENT:0.5259822580486404
C_CENTERCONTROL:0.40243227921995195
C_DEVELOPPIECES:0.4797413057092577
C_MATERIAL:0.6785998631931784
