ELO:974
CE_PASSEDPAWNS:0.44998867722930985
CE_PAWNWEAKNESSES:0.5231187409565282
CE_PIECEACTIVITY:0.5107556216609533
CE_KINGPAWNSHIELD:0.5127825743190645
CE_PIECECOORDINATION:0.5011343732321405
CE_MATERIAL:0.5001235339039158
CE_KINGSAFETY:0.4838224452195955
C_PIECESQUARETABLES:0.5210564593541582
C_MOBILITY:0.5391756634892073
C_KINGSAFETY:0.4549651106152234
C_PAWNSTRUCTURE:0.48247401641866133
C_PIECECOORDINATION:0.4379323672657376
C_ROOKANDPAWNMOVEMENT:0.4379323672657376
C_CENTERCONTROL:0.5191446859237762
C_DEVELOPPIECES:0.5338072648138539
C_MATERIAL:0.5118189009873164
