ELO:1000
CE_PASSEDPAWNS:0.5
CE_PAWNWEAKNESSES:0.4926140972569759
CE_PIECEACTIVITY:0.49335868307324826
CE_KINGPAWNSHIELD:0.5110946980793886
CE_PIECECOORDINATION:0.5
CE_MATERIAL:0.5070464036439325
CE_KINGSAFETY:0.4873501456521733
C_PIECESQUARETABLES:0.5121530609887102
C_MOBILITY:0.49894566894310444
C_KINGSAFETY:0.5014668030250458
C_PAWNSTRUCTURE:0.5088445558575265
C_PIECECOORDINATION:0.5041266525024385
C_ROOKANDPAWNMOVEMENT:0.5041266525024385
C_CENTERCONTROL:0.48761776865037204
C_DEVELOPPIECES:0.5112439751050583
C_MATERIAL:0.527671674104654
