ELO:1000
CE_PASSEDPAWNS:0.4809399273121389
CE_PAWNWEAKNESSES:0.48056534378229243
CE_PIECEACTIVITY:0.4741070602972542
CE_KINGPAWNSHIELD:0.4944907366477923
CE_PIECECOORDINATION:0.48887674819353877
CE_MATERIAL:0.5220025864845258
CE_KINGSAFETY:0.5073167900922958
C_PIECESQUARETABLES:0.5004193053385376
C_MOBILITY:0.4954043262022261
C_KINGSAFETY:0.5029033773682009
C_PAWNSTRUCTURE:0.48044617872683654
C_PIECECOORDINATION:0.5011463738897076
C_ROOKANDPAWNMOVEMENT:0.5011463738897076
C_CENTERCONTROL:0.5
C_DEVELOPPIECES:0.5090918371544216
C_MATERIAL:0.5
