ELO:1007
CE_PASSEDPAWNS:0.5064566740872076
CE_PAWNWEAKNESSES:0.5
CE_PIECEACTIVITY:0.5177337443179966
CE_KINGPAWNSHIELD:0.5021902283136767
CE_PIECECOORDINATION:0.495577914684921
CE_MATERIAL:0.49782889385480256
CE_KINGSAFETY:0.4893661397029983
C_PIECESQUARETABLES:0.5
C_MOBILITY:0.5104886206877776
C_KINGSAFETY:0.5
C_PAWNSTRUCTURE:0.49014526047191675
C_PIECECOORDINATION:0.513191770284579
C_ROOK:0.4908040969293647
CE_ROOK:0.49876973594361185
C_CENTERCONTROL:0.5044795965366173
C_DEVELOPPIECES:0.49898780947458427
C_MATERIAL:0.5
C_MOVECOUNT:0.4839032718115133
C_PAWNMOVEMENT:0.48783916821370704
