ELO:986
CE_PASSEDPAWNS:0.5137961106438272
CE_PAWNWEAKNESSES:0.44542974891888637
CE_PIECEACTIVITY:0.5051077980688562
CE_KINGPAWNSHIELD:0.4076561608377238
CE_PIECECOORDINATION:0.46547747981858406
CE_MATERIAL:0.540103870879036
CE_KINGSAFETY:0.4991074626392116
C_PIECESQUARETABLES:0.4995107419168492
C_MOBILITY:0.4767728972614305
C_KINGSAFETY:0.564781451435885
C_PAWNSTRUCTURE:0.5082462318553483
C_PIECECOORDINATION:0.6135308168497035
C_ROOKANDPAWNMOVEMENT:0.6135308168497035
C_CENTERCONTROL:0.3555105811447116
C_DEVELOPPIECES:0.4787953199002977
C_MATERIAL:0.6818228900131518
