ELO:983
CE_PASSEDPAWNS:0.5178186345162771
CE_PAWNWEAKNESSES:0.4872548637470428
CE_PIECEACTIVITY:0.526482012055596
CE_KINGPAWNSHIELD:0.5121716113687039
CE_PIECECOORDINATION:0.513655127382834
CE_MATERIAL:0.5136464321638712
CE_KINGSAFETY:0.5
C_PIECESQUARETABLES:0.5085072158132777
C_MOBILITY:0.5027750303372184
C_KINGSAFETY:0.4945640462609649
C_PAWNSTRUCTURE:0.5028760159198687
C_PIECECOORDINATION:0.49808722535425565
C_ROOKANDPAWNMOVEMENT:0.49808722535425565
C_CENTERCONTROL:0.4851284032624686
C_DEVELOPPIECES:0.5066711028928891
C_MATERIAL:0.5329288539465044
C_MOVECOUNT:0.504504829094492
