ELO:931
CE_PASSEDPAWNS:0.46985870731122414
CE_PAWNWEAKNESSES:0.5443327845625894
CE_PIECEACTIVITY:0.5081411475558524
CE_KINGPAWNSHIELD:0.4993550623922628
CE_PIECECOORDINATION:0.48725483491214605
CE_MATERIAL:0.508892099898059
CE_KINGSAFETY:0.4582783640561415
C_PIECESQUARETABLES:0.4900978267895808
C_MOBILITY:0.5200905599760225
C_KINGSAFETY:0.4656669049377171
C_PAWNSTRUCTURE:0.48402700786696373
C_PIECECOORDINATION:0.5089548011827705
C_ROOKANDPAWNMOVEMENT:0.5089548011827705
C_CENTERCONTROL:0.5725986081618079
C_DEVELOPPIECES:0.46674802172416696
C_MATERIAL:0.47359477005076256
C_MOVECOUNT:0.5
