ELO:891
CE_PASSEDPAWNS:0.44016378308224796
CE_PAWNWEAKNESSES:0.5471797090218081
CE_PIECEACTIVITY:0.5126701638624567
CE_KINGPAWNSHIELD:0.48497968248042017
CE_PIECECOORDINATION:0.46758899002621335
CE_MATERIAL:0.5007056283120328
CE_KINGSAFETY:0.44820825333830666
C_PIECESQUARETABLES:0.4779851385523659
C_MOBILITY:0.5273578689233903
C_KINGSAFETY:0.45428446281203805
C_PAWNSTRUCTURE:0.4858373687872427
C_PIECECOORDINATION:0.5160039821878334
C_ROOKANDPAWNMOVEMENT:0.5160039821878334
C_CENTERCONTROL:0.583216263807227
C_DEVELOPPIECES:0.46542095099213876
C_MATERIAL:0.4942068594552874
C_MOVECOUNT:0.5
