ELO:969
CE_PASSEDPAWNS:0.48501433655477844
CE_PAWNWEAKNESSES:0.5032311350380413
CE_PIECEACTIVITY:0.4916210457194127
CE_KINGPAWNSHIELD:0.5022148934309191
CE_PIECECOORDINATION:0.5014604734133096
CE_MATERIAL:0.4821116403073792
CE_KINGSAFETY:0.5007648679575251
C_PIECESQUARETABLES:0.49041927122949613
C_MOBILITY:0.46440488076948794
C_KINGSAFETY:0.4904405149945507
C_PAWNSTRUCTURE:0.5016629353770001
C_PIECECOORDINATION:0.4990413163398746
C_ROOKANDPAWNMOVEMENT:0.4990413163398746
C_CENTERCONTROL:0.5130783147759457
C_DEVELOPPIECES:0.49394278086921223
C_MATERIAL:0.5298517936214016
C_MOVECOUNT:0.5
