ELO:1000
CE_PASSEDPAWNS:0.49251605002670384
CE_PAWNWEAKNESSES:0.497316377913447
CE_PIECEACTIVITY:0.5232509896911396
CE_KINGPAWNSHIELD:0.49060650498092734
CE_PIECECOORDINATION:0.4939800835007445
CE_MATERIAL:0.518702124357154
CE_KINGSAFETY:0.47303243272024526
C_PIECESQUARETABLES:0.5143870840223567
C_MOBILITY:0.4991269779276844
C_KINGSAFETY:0.48680161061542515
C_PAWNSTRUCTURE:0.5126343538898491
C_PIECECOORDINATION:0.49526191594039387
C_ROOKANDPAWNMOVEMENT:0.49526191594039387
C_CENTERCONTROL:0.487531066816283
C_DEVELOPPIECES:0.5
C_MATERIAL:0.5090450548910208
