ELO:987
CE_PASSEDPAWNS:0.495379216481589
CE_PAWNWEAKNESSES:0.518019721082863
CE_PIECEACTIVITY:0.5116583390545304
CE_KINGPAWNSHIELD:0.49816003656092905
CE_PIECECOORDINATION:0.5086300168068351
CE_MATERIAL:0.5054638812941272
CE_KINGSAFETY:0.49445421270346607
C_PIECESQUARETABLES:0.5137724849284299
C_MOBILITY:0.531649908673329
C_KINGSAFETY:0.4575299353157772
C_PAWNSTRUCTURE:0.4862061026695474
C_PIECECOORDINATION:0.4804315834953802
C_ROOKANDPAWNMOVEMENT:0.4804315834953802
C_CENTERCONTROL:0.522953501623753
C_DEVELOPPIECES:0.5114489362274226
C_MATERIAL:0.502098309512129
