ELO:974
CE_PASSEDPAWNS:0.4633925690636685
CE_PAWNWEAKNESSES:0.5188603779595081
CE_PIECEACTIVITY:0.5211936150593766
CE_KINGPAWNSHIELD:0.5430744739044773
CE_PIECECOORDINATION:0.49406846381182185
CE_MATERIAL:0.5256197112703686
CE_KINGSAFETY:0.45502479705366994
C_PIECESQUARETABLES:0.5158219295355806
C_MOBILITY:0.5440297734618971
C_KINGSAFETY:0.45998696455100263
C_PAWNSTRUCTURE:0.47125910339589816
C_PIECECOORDINATION:0.43613438600877447
C_ROOKANDPAWNMOVEMENT:0.43613438600877447
C_CENTERCONTROL:0.5536755486648863
C_DEVELOPPIECES:0.5269297310349483
C_MATERIAL:0.503306213832566
