ELO:964
CE_PASSEDPAWNS:0.48928014119418894
CE_PAWNWEAKNESSES:0.4949821251963144
CE_PIECEACTIVITY:0.5017594903151054
CE_KINGPAWNSHIELD:0.465781535557176
CE_PIECECOORDINATION:0.508573834214763
CE_MATERIAL:0.5038415968440012
CE_KINGSAFETY:0.4794053606041364
C_PIECESQUARETABLES:0.5217922096074329
C_MOBILITY:0.5115023106231782
C_KINGSAFETY:0.5026549309787284
C_PAWNSTRUCTURE:0.4876328952730214
C_PIECECOORDINATION:0.5075139498423907
C_ROOKANDPAWNMOVEMENT:0.5075139498423907
C_CENTERCONTROL:0.5097885732309203
C_DEVELOPPIECES:0.512089279659323
C_MATERIAL:0.46905143362269053
C_MOVECOUNT:0.5
