ELO:1000
CE_PASSEDPAWNS:0.4927323912331061
CE_PAWNWEAKNESSES:0.5
CE_PIECEACTIVITY:0.5181997902226247
CE_KINGPAWNSHIELD:0.49060650498092734
CE_PIECECOORDINATION:0.49926179696631384
CE_MATERIAL:0.514792505641007
CE_KINGSAFETY:0.47303243272024526
C_PIECESQUARETABLES:0.5164443515811746
C_MOBILITY:0.5
C_KINGSAFETY:0.4987937412929204
C_PAWNSTRUCTURE:0.5
C_PIECECOORDINATION:0.4920902187224828
C_ROOKANDPAWNMOVEMENT:0.4920902187224828
C_CENTERCONTROL:0.490478044760817
C_DEVELOPPIECES:0.5
C_MATERIAL:0.5032544622718753
