ELO:1065
CE_PASSEDPAWNS:0.505005375118986
CE_PAWNWEAKNESSES:0.48586349155810005
CE_PIECEACTIVITY:0.5029766756247558
CE_KINGPAWNSHIELD:0.5089849341898938
CE_PIECECOORDINATION:0.518701377001739
CE_MATERIAL:0.4970967322552941
CE_KINGSAFETY:0.5
C_PIECESQUARETABLES:0.5
C_MOBILITY:0.5
C_KINGSAFETY:0.48445190939518334
C_PAWNSTRUCTURE:0.4888749454108597
C_PIECECOORDINATION:0.5164738090207023
C_ROOK:0.49977484436432357
CE_ROOK:0.47507486477495864
C_CENTERCONTROL:0.4995431046483367
C_DEVELOPPIECES:0.4924542313572364
C_MATERIAL:0.5367029516076394
C_MOVECOUNT:0.5048232963758446
C_PAWNMOVEMENT:0.47449648882613543
