ELO:1000
CE_PASSEDPAWNS:0.5151938935026772
CE_PAWNWEAKNESSES:0.4351176298147027
CE_PIECEACTIVITY:0.4671541562430332
CE_KINGPAWNSHIELD:0.4700899268399029
CE_PIECECOORDINATION:0.5889653350041719
CE_MATERIAL:0.5257515870277649
CE_KINGSAFETY:0.4709041907741538
C_PIECESQUARETABLES:0.504224907730412
C_MOBILITY:0.5614387248004772
C_KINGSAFETY:0.5438567376482986
C_PAWNSTRUCTURE:0.4275919601089238
C_PIECECOORDINATION:0.5455922402560258
C_ROOKANDPAWNMOVEMENT:0.5455922402560258
C_CENTERCONTROL:0.4051325022648203
C_DEVELOPPIECES:0.540504515575837
C_MATERIAL:0.5185326289013653
