ELO:1000
CE_PASSEDPAWNS:0.5307609192762589
CE_PAWNWEAKNESSES:0.5437356353298239
CE_PIECEACTIVITY:0.5420976270083028
CE_KINGPAWNSHIELD:0.5014978970097248
CE_PIECECOORDINATION:0.5434073608428854
CE_MATERIAL:0.49767537622964364
CE_KINGSAFETY:0.4952427639914381
C_PIECESQUARETABLES:0.5647227063686455
C_MOBILITY:0.49325126675100756
C_KINGSAFETY:0.5268943260532226
C_PAWNSTRUCTURE:0.4934594628188594
C_PIECECOORDINATION:0.5305015456029248
C_ROOKANDPAWNMOVEMENT:0.5305015456029248
C_CENTERCONTROL:0.4710522491188035
C_DEVELOPPIECES:0.5229720158433014
C_MATERIAL:0.5215523928106709
