ELO:919
CE_PASSEDPAWNS:0.5023243642685975
CE_PAWNWEAKNESSES:0.5177693792836547
CE_PIECEACTIVITY:0.5177707375770041
CE_KINGPAWNSHIELD:0.48906905760390845
CE_PIECECOORDINATION:0.5291692392573577
CE_MATERIAL:0.5239365914066142
CE_KINGSAFETY:0.4766444854212838
C_PIECESQUARETABLES:0.5130683505246358
C_MOBILITY:0.5161222459519054
C_KINGSAFETY:0.5353140171197913
C_PAWNSTRUCTURE:0.5574381046919639
C_PIECECOORDINATION:0.4801581197652145
C_ROOKANDPAWNMOVEMENT:0.4801581197652145
C_CENTERCONTROL:0.4805051777862312
C_DEVELOPPIECES:0.4965852264817637
C_MATERIAL:0.5008807302870202
