ELO:1000
CE_PASSEDPAWNS:0.5
CE_PAWNWEAKNESSES:0.49800368348295504
CE_PIECEACTIVITY:0.5006292355091314
CE_KINGPAWNSHIELD:0.5
CE_PIECECOORDINATION:0.4972087909162474
CE_MATERIAL:0.5175124198373243
CE_KINGSAFETY:0.5041663827606588
C_PIECESQUARETABLES:0.5192460344100008
C_MOBILITY:0.4974660792288424
C_KINGSAFETY:0.514123441770853
C_PAWNSTRUCTURE:0.5019696009774017
C_PIECECOORDINATION:0.492632437691683
C_ROOK:0.5007555989227517
CE_ROOK:0.5061093236904161
C_CENTERCONTROL:0.4984104505817912
C_DEVELOPPIECES:0.49780692661893367
C_MATERIAL:0.5
C_MOVECOUNT:0.522050946927054
C_PAWNMOVEMENT:0.5042149082274583
