ELO:991
CE_PASSEDPAWNS:0.5081597164693
CE_PAWNWEAKNESSES:0.50883390647628
CE_PIECEACTIVITY:0.49352160039460524
CE_KINGPAWNSHIELD:0.4990796674591171
CE_PIECECOORDINATION:0.5297292330802512
CE_MATERIAL:0.5018881784812624
CE_KINGSAFETY:0.5
C_PIECESQUARETABLES:0.4951819140608585
C_MOBILITY:0.5140967716428271
C_KINGSAFETY:0.5003612164504246
C_PAWNSTRUCTURE:0.48633033840607737
C_PIECECOORDINATION:0.5100658024683211
C_ROOKANDPAWNMOVEMENT:0.5100658024683211
C_CENTERCONTROL:0.5016301575170984
C_DEVELOPPIECES:0.5
C_MATERIAL:0.5074944364395074
C_MOVECOUNT:0.5
