ELO:987
CE_PASSEDPAWNS:0.519677488487369
CE_PAWNWEAKNESSES:0.5040630309634259
CE_PIECEACTIVITY:0.5753903614256742
CE_KINGPAWNSHIELD:0.45462602494452464
CE_PIECECOORDINATION:0.5429971772087852
CE_MATERIAL:0.5353195593720885
CE_KINGSAFETY:0.5
C_PIECESQUARETABLES:0.5034572534211674
C_MOBILITY:0.5575017135470288
C_KINGSAFETY:0.5198311198264671
C_PAWNSTRUCTURE:0.47602094393137073
C_PIECECOORDINATION:0.5614121315708014
C_ROOKANDPAWNMOVEMENT:0.5614121315708014
C_CENTERCONTROL:0.44457407424790935
C_DEVELOPPIECES:0.5231673204855903
C_MATERIAL:0.5271935208957431
