ELO:832
CE_PASSEDPAWNS:0.5484761525446039
CE_PAWNWEAKNESSES:0.5037333099614948
CE_PIECEACTIVITY:0.5087076425790421
CE_KINGPAWNSHIELD:0.4530106871937025
CE_PIECECOORDINATION:0.4839659699354547
CE_MATERIAL:0.5617306911723488
CE_KINGSAFETY:0.5028036612449498
C_PIECESQUARETABLES:0.5107351191682727
C_MOBILITY:0.49621492407638773
C_KINGSAFETY:0.5048484084762277
C_PAWNSTRUCTURE:0.5072879845875253
C_PIECECOORDINATION:0.5043981730135032
C_ROOKANDPAWNMOVEMENT:0.5043981730135032
C_CENTERCONTROL:0.5561562107325376
C_DEVELOPPIECES:0.482319727243703
C_MATERIAL:0.5711020819132467
C_MOVECOUNT:0.46758228784177286
