ELO:763
CE_PASSEDPAWNS:0.584354826759825
CE_PAWNWEAKNESSES:0.545160885627225
CE_PIECEACTIVITY:0.5524885509656675
CE_KINGPAWNSHIELD:0.41890404799897474
CE_PIECECOORDINATION:0.4991784142410259
CE_MATERIAL:0.5200453685821399
CE_KINGSAFETY:0.49695483536515844
C_PIECESQUARETABLES:0.5173914888177604
C_MOBILITY:0.4842367495539393
C_KINGSAFETY:0.4950789868530511
C_PAWNSTRUCTURE:0.5014343688692382
C_PIECECOORDINATION:0.48814262918328966
C_ROOKANDPAWNMOVEMENT:0.48814262918328966
C_CENTERCONTROL:0.49519948869299873
C_DEVELOPPIECES:0.45539345739003456
C_MATERIAL:0.570851442950792
C_MOVECOUNT:0.5069828739425785
