ELO:1029
CE_PASSEDPAWNS:0.5140272492434218
CE_PAWNWEAKNESSES:0.49330820338593057
CE_PIECEACTIVITY:0.5046299080004304
CE_KINGPAWNSHIELD:0.5
CE_PIECECOORDINATION:0.5
CE_MATERIAL:0.49853582203038116
CE_KINGSAFETY:0.4787369123997261
C_PIECESQUARETABLES:0.5034577028682816
C_MOBILITY:0.4977456625581131
C_KINGSAFETY:0.5
C_PAWNSTRUCTURE:0.5
C_PIECECOORDINATION:0.5127926256547507
C_ROOKANDPAWNMOVEMENT:0.5127926256547507
C_CENTERCONTROL:0.5042304661274196
C_DEVELOPPIECES:0.5080253755738926
C_MATERIAL:0.4789639705318527
C_MOVECOUNT:0.5
