ELO:1103
CE_PASSEDPAWNS:0.5220014652991477
CE_PAWNWEAKNESSES:0.45774551443217687
CE_PIECEACTIVITY:0.46141663230729874
CE_KINGPAWNSHIELD:0.37833845187161197
CE_PIECECOORDINATION:0.5245974958184386
CE_MATERIAL:0.4879868932312145
CE_KINGSAFETY:0.5
C_PIECESQUARETABLES:0.5
C_MOBILITY:0.5444983191960523
C_KINGSAFETY:0.3960437240447382
C_PAWNSTRUCTURE:0.5198595460926635
C_PIECECOORDINATION:0.5780803163293589
C_ROOKANDPAWNMOVEMENT:0.5780803163293589
C_CENTERCONTROL:0.46899401965401094
C_DEVELOPPIECES:0.42261362063168517
C_MATERIAL:0.5619656346539545
