ELO:977
CE_PASSEDPAWNS:0.5059037140359424
CE_PAWNWEAKNESSES:0.5122199712423738
CE_PIECEACTIVITY:0.49003140535606626
CE_KINGPAWNSHIELD:0.533880951687436
CE_PIECECOORDINATION:0.5252192101602376
CE_MATERIAL:0.5042896119940194
CE_KINGSAFETY:0.4818637771362005
C_PIECESQUARETABLES:0.4723423865485171
C_MOBILITY:0.4788448761946724
C_KINGSAFETY:0.5472834012696451
C_PAWNSTRUCTURE:0.5085048496892141
C_PIECECOORDINATION:0.48539188886041157
C_ROOKANDPAWNMOVEMENT:0.48539188886041157
C_CENTERCONTROL:0.48843132320671734
C_DEVELOPPIECES:0.5030104506744931
C_MATERIAL:0.5014078712662475
C_MOVECOUNT:0.5
