ELO:951
CE_PASSEDPAWNS:0.5723561463786851
CE_PAWNWEAKNESSES:0.5096604931873571
CE_PIECEACTIVITY:0.5882094117581832
CE_KINGPAWNSHIELD:0.5185134835714
CE_PIECECOORDINATION:0.5486942015703081
CE_MATERIAL:0.6051076500701217
CE_KINGSAFETY:0.5
C_PIECESQUARETABLES:0.5
C_MOBILITY:0.5151838594298872
C_KINGSAFETY:0.4982342264969131
C_PAWNSTRUCTURE:0.5565549327089838
C_PIECECOORDINATION:0.5350227370663931
C_ROOKANDPAWNMOVEMENT:0.5350227370663931
C_CENTERCONTROL:0.5013593650656644
C_DEVELOPPIECES:0.40484162819433395
C_MATERIAL:0.6145731719510699
