ELO:985
CE_PASSEDPAWNS:0.4752392359303053
CE_PAWNWEAKNESSES:0.49990509751982276
CE_PIECEACTIVITY:0.5079150440999523
CE_KINGPAWNSHIELD:0.5416264203897192
CE_PIECECOORDINATION:0.4991272296066278
CE_MATERIAL:0.47351040726309024
CE_KINGSAFETY:0.487608432820508
C_PIECESQUARETABLES:0.5103722923176539
C_MOBILITY:0.529831680934029
C_KINGSAFETY:0.49793259816194907
C_PAWNSTRUCTURE:0.49139033843446556
C_PIECECOORDINATION:0.4881434135672457
C_ROOK:0.522096297947092
CE_ROOK:0.4759566075127016
C_CENTERCONTROL:0.5254746114350954
C_DEVELOPPIECES:0.5164955737133607
C_MATERIAL:0.46669383574768825
C_MOVECOUNT:0.49714657725059513
C_PAWNMOVEMENT:0.47306249946998175
