ELO:966
CE_PASSEDPAWNS:0.444029041076952
CE_PAWNWEAKNESSES:0.45698687931067433
CE_PIECEACTIVITY:0.463329452713945
CE_KINGPAWNSHIELD:0.4909195094262103
CE_PIECECOORDINATION:0.4744664394586147
CE_MATERIAL:0.5579075001132802
CE_KINGSAFETY:0.5685793825744252
C_PIECESQUARETABLES:0.4972512902859418
C_MOBILITY:0.5221250204228168
C_KINGSAFETY:0.45255481794382574
C_PAWNSTRUCTURE:0.6217518567151145
C_PIECECOORDINATION:0.5447693233384205
C_ROOKANDPAWNMOVEMENT:0.5447693233384205
C_CENTERCONTROL:0.5317308783030585
C_DEVELOPPIECES:0.3985321482100396
C_MATERIAL:0.5579309384457188
