ELO:713
CE_PASSEDPAWNS:0.5664077957186151
CE_PAWNWEAKNESSES:0.5405526255955888
CE_PIECEACTIVITY:0.5761611165151082
CE_KINGPAWNSHIELD:0.4436164091424341
CE_PIECECOORDINATION:0.488306969621497
CE_MATERIAL:0.5281526162970183
CE_KINGSAFETY:0.4837688165461794
C_PIECESQUARETABLES:0.5232297491886678
C_MOBILITY:0.5296792291415191
C_KINGSAFETY:0.4270216570096928
C_PAWNSTRUCTURE:0.49613911054109755
C_PIECECOORDINATION:0.46483267963593666
C_ROOKANDPAWNMOVEMENT:0.46483267963593666
C_CENTERCONTROL:0.48894473762843155
C_DEVELOPPIECES:0.480820314554237
C_MATERIAL:0.534238390183903
C_MOVECOUNT:0.4715981449723644
