ELO:1004
CE_PASSEDPAWNS:0.4850557424873098
CE_PAWNWEAKNESSES:0.5
CE_PIECEACTIVITY:0.49243539294282407
CE_KINGPAWNSHIELD:0.5084642537428347
CE_PIECECOORDINATION:0.4950961404119145
CE_MATERIAL:0.4864678224114407
CE_KINGSAFETY:0.5033281453210267
C_PIECESQUARETABLES:0.5
C_MOBILITY:0.5176095626110642
C_KINGSAFETY:0.47474092928773143
C_PAWNSTRUCTURE:0.49696613161322994
C_PIECECOORDINATION:0.492352352739134
C_ROOKANDPAWNMOVEMENT:0.492352352739134
C_CENTERCONTROL:0.5071654878286781
C_DEVELOPPIECES:0.5
C_MATERIAL:0.5168780750152622
C_MOVECOUNT:0.5
