ELO:956
CE_PASSEDPAWNS:0.5131581470081354
CE_PAWNWEAKNESSES:0.5215866838864082
CE_PIECEACTIVITY:0.4828889057026883
CE_KINGPAWNSHIELD:0.47080099736286646
CE_PIECECOORDINATION:0.5123669827903793
CE_MATERIAL:0.44973737820582554
CE_KINGSAFETY:0.49312751389104625
C_PIECESQUARETABLES:0.4899881207947007
C_MOBILITY:0.4611792165085914
C_KINGSAFETY:0.4771319474952737
C_PAWNSTRUCTURE:0.5471993266207789
C_PIECECOORDINATION:0.507344350917529
C_ROOKANDPAWNMOVEMENT:0.507344350917529
C_CENTERCONTROL:0.5004460776740811
C_DEVELOPPIECES:0.5158915686876583
C_MATERIAL:0.5707357624147051
