ELO:881
CE_PASSEDPAWNS:0.4866597694152869
CE_PAWNWEAKNESSES:0.4938853215801922
CE_PIECEACTIVITY:0.4704905373749726
CE_KINGPAWNSHIELD:0.48609346203112913
CE_PIECECOORDINATION:0.5176825448647463
CE_MATERIAL:0.4453726527295454
CE_KINGSAFETY:0.5
C_PIECESQUARETABLES:0.48466417106139736
C_MOBILITY:0.5120190619734197
C_KINGSAFETY:0.5305713784840788
C_PAWNSTRUCTURE:0.46512528659571406
C_PIECECOORDINATION:0.4434160542118583
C_ROOK:0.43184084739894524
CE_ROOK:0.480016742988823
C_CENTERCONTROL:0.4513156104761162
C_DEVELOPPIECES:0.4978423478149357
C_MATERIAL:0.46879902970724013
C_MOVECOUNT:0.5114090137134896
C_PAWNMOVEMENT:0.4430031952660575
