ELO:968
CE_PASSEDPAWNS:0.5056958529339878
CE_PAWNWEAKNESSES:0.5206189326001975
CE_PIECEACTIVITY:0.4946639449693612
CE_KINGPAWNSHIELD:0.49248643300400435
CE_PIECECOORDINATION:0.5015878239471971
CE_MATERIAL:0.47908921558308015
CE_KINGSAFETY:0.5
C_PIECESQUARETABLES:0.510795259549739
C_MOBILITY:0.4716855510265223
C_KINGSAFETY:0.5031589917590266
C_PAWNSTRUCTURE:0.49175770199276697
C_PIECECOORDINATION:0.5235816829402244
C_ROOKANDPAWNMOVEMENT:0.5235816829402244
C_CENTERCONTROL:0.5017046843167315
C_DEVELOPPIECES:0.49823090723695757
C_MATERIAL:0.49577134322185723
C_MOVECOUNT:0.496846367389859
