ELO:940
CE_PASSEDPAWNS:0.5451340883087877
CE_PAWNWEAKNESSES:0.5291250765719324
CE_PIECEACTIVITY:0.4492982046499713
CE_KINGPAWNSHIELD:0.5164899014793033
CE_PIECECOORDINATION:0.5028672718380689
CE_MATERIAL:0.5746600851592214
CE_KINGSAFETY:0.5001619745754756
C_PIECESQUARETABLES:0.4985296336830416
C_MOBILITY:0.49460466890599325
C_KINGSAFETY:0.5462908646743769
C_PAWNSTRUCTURE:0.5326625898884886
C_PIECECOORDINATION:0.5458812363370454
C_ROOKANDPAWNMOVEMENT:0.5458812363370454
C_CENTERCONTROL:0.531897627020658
C_DEVELOPPIECES:0.5423237488070063
C_MATERIAL:0.4802572520943628
