ELO:984
CE_PASSEDPAWNS:0.4527630982750827
CE_PAWNWEAKNESSES:0.4821337525089242
CE_PIECEACTIVITY:0.3661462865907312
CE_KINGPAWNSHIELD:0.507170653669492
CE_PIECECOORDINATION:0.532602545011104
CE_MATERIAL:0.4973065321672772
CE_KINGSAFETY:0.5
C_PIECESQUARETABLES:0.4834713088407519
C_MOBILITY:0.5861098373650836
C_KINGSAFETY:0.5946931732694537
C_PAWNSTRUCTURE:0.5072336955682297
C_PIECECOORDINATION:0.47806343030848086
C_ROOKANDPAWNMOVEMENT:0.47806343030848086
C_CENTERCONTROL:0.4656207085747492
C_DEVELOPPIECES:0.46858656858186815
C_MATERIAL:0.5126985999262567
