ELO:1014
CE_PASSEDPAWNS:0.47856256967061384
CE_PAWNWEAKNESSES:0.5
CE_PIECEACTIVITY:0.49838447446390927
CE_KINGPAWNSHIELD:0.5
CE_PIECECOORDINATION:0.4997217807118262
CE_MATERIAL:0.4836386159734212
CE_KINGSAFETY:0.5016006043986909
C_PIECESQUARETABLES:0.49737621634556306
C_MOBILITY:0.5
C_KINGSAFETY:0.49742876235793043
C_PAWNSTRUCTURE:0.4973075800151151
C_PIECECOORDINATION:0.49395976523028295
C_ROOKANDPAWNMOVEMENT:0.49395976523028295
C_CENTERCONTROL:0.48479318047696746
C_DEVELOPPIECES:0.5061639582654949
C_MATERIAL:0.5032039270456538
C_MOVECOUNT:0.5
