ELO:986
CE_PASSEDPAWNS:0.4752392359303053
CE_PAWNWEAKNESSES:0.4923390118825334
CE_PIECEACTIVITY:0.5208218358237557
CE_KINGPAWNSHIELD:0.5416264203897192
CE_PIECECOORDINATION:0.4991272296066278
CE_MATERIAL:0.47351040726309024
CE_KINGSAFETY:0.4904312658670629
C_PIECESQUARETABLES:0.5103722923176539
C_MOBILITY:0.529831680934029
C_KINGSAFETY:0.4931236363391078
C_PAWNSTRUCTURE:0.49139033843446556
C_PIECECOORDINATION:0.4971368461864801
C_ROOK:0.522096297947092
CE_ROOK:0.48000655678070203
C_CENTERCONTROL:0.5141252107041815
C_DEVELOPPIECES:0.5093815321355348
C_MATERIAL:0.46669383574768825
C_MOVECOUNT:0.49714657725059513
C_PAWNMOVEMENT:0.48400875937813154
