ELO:848
CE_PASSEDPAWNS:0.4329265800850162
CE_PAWNWEAKNESSES:0.40907367534080485
CE_PIECEACTIVITY:0.5062750174706064
CE_KINGPAWNSHIELD:0.5549861015816668
CE_PIECECOORDINATION:0.5157803557675821
CE_MATERIAL:0.5215608006210103
CE_KINGSAFETY:0.5169175837536368
C_PIECESQUARETABLES:0.5612086774145469
C_MOBILITY:0.4605821622320104
C_KINGSAFETY:0.4812052571767508
C_PAWNSTRUCTURE:0.39371798641923605
C_PIECECOORDINATION:0.49986563856223704
C_ROOKANDPAWNMOVEMENT:0.49986563856223704
C_CENTERCONTROL:0.5601060655337532
C_DEVELOPPIECES:0.5130104635395472
C_MATERIAL:0.5821496101314592
C_MOVECOUNT:0.5
