ELO:987
CE_PASSEDPAWNS:0.5233720813485327
CE_PAWNWEAKNESSES:0.5326095607440698
CE_PIECEACTIVITY:0.5764526906431561
CE_KINGPAWNSHIELD:0.4898008535784578
CE_PIECECOORDINATION:0.5510777861663078
CE_MATERIAL:0.5267783452053335
CE_KINGSAFETY:0.49053849314435266
C_PIECESQUARETABLES:0.5735064943128255
C_MOBILITY:0.5591389632576618
C_KINGSAFETY:0.5371208491956266
C_PAWNSTRUCTURE:0.49753603542225483
C_PIECECOORDINATION:0.5460991991975973
C_ROOKANDPAWNMOVEMENT:0.5460991991975973
C_CENTERCONTROL:0.45987255828593665
C_DEVELOPPIECES:0.5229998734063332
C_MATERIAL:0.5123112370163109
