ELO:898
CE_PASSEDPAWNS:0.5069267602816168
CE_PAWNWEAKNESSES:0.5150196888458678
CE_PIECEACTIVITY:0.4999067462906054
CE_KINGPAWNSHIELD:0.4712840826520266
CE_PIECECOORDINATION:0.539303188331461
CE_MATERIAL:0.5433109944598986
CE_KINGSAFETY:0.48403957127812147
C_PIECESQUARETABLES:0.4989491020962533
C_MOBILITY:0.5056097528876426
C_KINGSAFETY:0.526283642007824
C_PAWNSTRUCTURE:0.5584768173972731
C_PIECECOORDINATION:0.4826450555093181
C_ROOKANDPAWNMOVEMENT:0.4826450555093181
C_CENTERCONTROL:0.47219278734450454
C_DEVELOPPIECES:0.4839689186524805
C_MATERIAL:0.51255245690872
