ELO:1000
CE_PASSEDPAWNS:0.5068583068402311
CE_PAWNWEAKNESSES:0.5084916731618325
CE_PIECEACTIVITY:0.48752015422576933
CE_KINGPAWNSHIELD:0.49976122133328427
CE_PIECECOORDINATION:0.5
CE_MATERIAL:0.5042189546892876
CE_KINGSAFETY:0.49894019110977555
C_PIECESQUARETABLES:0.5
C_MOBILITY:0.5108295054712829
C_KINGSAFETY:0.49221578097294827
C_PAWNSTRUCTURE:0.5
C_PIECECOORDINATION:0.4936333547359957
C_ROOKANDPAWNMOVEMENT:0.4936333547359957
C_CENTERCONTROL:0.49418352558770473
C_DEVELOPPIECES:0.5
C_MATERIAL:0.481038381204897
