ELO:776
CE_PASSEDPAWNS:0.5251123619645646
CE_PAWNWEAKNESSES:0.5001798375711676
CE_PIECEACTIVITY:0.6049919160017909
CE_KINGPAWNSHIELD:0.4656032183214858
CE_PIECECOORDINATION:0.4737309755099897
CE_MATERIAL:0.4981002986992212
CE_KINGSAFETY:0.4747572137110178
C_PIECESQUARETABLES:0.5495605680956813
C_MOBILITY:0.5085353631555741
C_KINGSAFETY:0.4086344182829954
C_PAWNSTRUCTURE:0.47565452511791767
C_PIECECOORDINATION:0.49645394117708336
C_ROOKANDPAWNMOVEMENT:0.49645394117708336
C_CENTERCONTROL:0.48124368043909493
C_DEVELOPPIECES:0.46718429677757367
C_MATERIAL:0.5716491794026018
C_MOVECOUNT:0.4784029160870725
