ELO:944
CE_PASSEDPAWNS:0.5097115201199852
CE_PAWNWEAKNESSES:0.4934070670432811
CE_PIECEACTIVITY:0.5114482123770694
CE_KINGPAWNSHIELD:0.511407621385048
CE_PIECECOORDINATION:0.4922723553582439
CE_MATERIAL:0.466879971731635
CE_KINGSAFETY:0.4890973387241997
C_PIECESQUARETABLES:0.5119839162828093
C_MOBILITY:0.5110210712993986
C_KINGSAFETY:0.49711055763631373
C_PAWNSTRUCTURE:0.46776129279101686
C_PIECECOORDINATION:0.4793218855099169
C_ROOK:0.4713507795108318
CE_ROOK:0.486604778192833
C_CENTERCONTROL:0.47097830794406315
C_DEVELOPPIECES:0.5164955737133607
C_MATERIAL:0.46126511938540427
C_MOVECOUNT:0.48948157473256804
C_PAWNMOVEMENT:0.44702035777052873
