ELO:987
CE_PASSEDPAWNS:0.4816431599342333
CE_PAWNWEAKNESSES:0.5005608955909042
CE_PIECEACTIVITY:0.48928937533290395
CE_KINGPAWNSHIELD:0.5021426348603973
CE_PIECECOORDINATION:0.49543927122072795
CE_MATERIAL:0.4929008338491355
CE_KINGSAFETY:0.5032654040930798
C_PIECESQUARETABLES:0.5157140176385017
C_MOBILITY:0.5
C_KINGSAFETY:0.5064113285077296
C_PAWNSTRUCTURE:0.4976466506730087
C_PIECECOORDINATION:0.4975233992347949
C_ROOKANDPAWNMOVEMENT:0.4975233992347949
C_CENTERCONTROL:0.5
C_DEVELOPPIECES:0.49470389628429423
C_MATERIAL:0.5122288962892217
