ELO:1007
CE_PASSEDPAWNS:0.5090333669279412
CE_PAWNWEAKNESSES:0.5
CE_PIECEACTIVITY:0.4933509024465073
CE_KINGPAWNSHIELD:0.5
CE_PIECECOORDINATION:0.49881531212960273
CE_MATERIAL:0.5123764623514417
CE_KINGSAFETY:0.5
C_PIECESQUARETABLES:0.5027437300133977
C_MOBILITY:0.49938366843661636
C_KINGSAFETY:0.4747466109979628
C_PAWNSTRUCTURE:0.4962268430526739
C_PIECECOORDINATION:0.5
C_ROOKANDPAWNMOVEMENT:0.5
C_CENTERCONTROL:0.5195186780554644
C_DEVELOPPIECES:0.5
C_MATERIAL:0.5143246580813663
