ELO:1218
CE_PASSEDPAWNS:0.4206150445297281
CE_PAWNWEAKNESSES:0.5397273002349429
CE_PIECEACTIVITY:0.46141663230729874
CE_KINGPAWNSHIELD:0.4581166866071552
CE_PIECECOORDINATION:0.5340630590408082
CE_MATERIAL:0.396596065925367
CE_KINGSAFETY:0.5
C_PIECESQUARETABLES:0.5
C_MOBILITY:0.3910770357088864
C_KINGSAFETY:0.4059744259724239
C_PAWNSTRUCTURE:0.5140935344353591
C_PIECECOORDINATION:0.5940188455568061
C_ROOKANDPAWNMOVEMENT:0.5940188455568061
C_CENTERCONTROL:0.5265679586594536
C_DEVELOPPIECES:0.5528173797779841
C_MATERIAL:0.6169075193765221
