ELO:895
CE_PASSEDPAWNS:0.4866597694152869
CE_PAWNWEAKNESSES:0.4825168392496115
CE_PIECEACTIVITY:0.4786798239213945
CE_KINGPAWNSHIELD:0.48609346203112913
CE_PIECECOORDINATION:0.5266626272211802
CE_MATERIAL:0.4358956405775426
CE_KINGSAFETY:0.4888837995118685
C_PIECESQUARETABLES:0.49712543412998145
C_MOBILITY:0.5102803729380633
C_KINGSAFETY:0.5283594832826656
C_PAWNSTRUCTURE:0.4669028666552463
C_PIECECOORDINATION:0.4424468782029642
C_ROOK:0.41932764498613895
CE_ROOK:0.47905368127505515
C_CENTERCONTROL:0.4476486812298739
C_DEVELOPPIECES:0.5258859981286311
C_MATERIAL:0.47848359927509665
C_MOVECOUNT:0.49704646316168044
C_PAWNMOVEMENT:0.43703102093496005
