ELO:929
CE_PASSEDPAWNS:0.5143534703616662
CE_PAWNWEAKNESSES:0.5231311953097852
CE_PIECEACTIVITY:0.4914873966693667
CE_KINGPAWNSHIELD:0.48772398270765377
CE_PIECECOORDINATION:0.5125494068450152
CE_MATERIAL:0.47021124561372035
CE_KINGSAFETY:0.4943474278166499
C_PIECESQUARETABLES:0.5088533157565907
C_MOBILITY:0.4788694593057688
C_KINGSAFETY:0.5089181691707042
C_PAWNSTRUCTURE:0.48758280471305887
C_PIECECOORDINATION:0.5195773949141437
C_ROOKANDPAWNMOVEMENT:0.5195773949141437
C_CENTERCONTROL:0.5050362575596973
C_DEVELOPPIECES:0.5030532130665047
C_MATERIAL:0.4790201211644223
C_MOVECOUNT:0.5138433974877095
