ELO:959
CE_PASSEDPAWNS:0.5056958529339878
CE_PAWNWEAKNESSES:0.5231311953097852
CE_PIECEACTIVITY:0.4891886454710017
CE_KINGPAWNSHIELD:0.48772398270765377
CE_PIECECOORDINATION:0.500142205091092
CE_MATERIAL:0.48743611247114654
CE_KINGSAFETY:0.5
C_PIECESQUARETABLES:0.5
C_MOBILITY:0.4817205938899591
C_KINGSAFETY:0.5081058639580143
C_PAWNSTRUCTURE:0.48758280471305887
C_PIECECOORDINATION:0.5136926331122385
C_ROOKANDPAWNMOVEMENT:0.5136926331122385
C_CENTERCONTROL:0.5050362575596973
C_DEVELOPPIECES:0.5022788128625587
C_MATERIAL:0.4881153822232177
C_MOVECOUNT:0.5032323332672389
