ELO:962
CE_PASSEDPAWNS:0.6103378254721866
CE_PAWNWEAKNESSES:0.5382671400107838
CE_PIECEACTIVITY:0.4214069789985301
CE_KINGPAWNSHIELD:0.42213585849077867
CE_PIECECOORDINATION:0.4875266628249916
CE_MATERIAL:0.3864492021838943
CE_KINGSAFETY:0.5422596238819903
C_PIECESQUARETABLES:0.4803576126700994
C_MOBILITY:0.48197557591254475
C_KINGSAFETY:0.3863153114154106
C_PAWNSTRUCTURE:0.4878373830686884
C_PIECECOORDINATION:0.494679232831659
C_ROOKANDPAWNMOVEMENT:0.494679232831659
C_CENTERCONTROL:0.42276661591454723
C_DEVELOPPIECES:0.4831988359490224
C_MATERIAL:0.6708187329787222
