ELO:860
CE_PASSEDPAWNS:0.5042550895522269
CE_PAWNWEAKNESSES:0.49785832788136064
CE_PIECEACTIVITY:0.5000858546080635
CE_KINGPAWNSHIELD:0.5213104934522795
CE_PIECECOORDINATION:0.49953328533432223
CE_MATERIAL:0.5018767277337106
CE_KINGSAFETY:0.49269747931810637
C_PIECESQUARETABLES:0.500937759892514
C_MOBILITY:0.44734479164608837
C_KINGSAFETY:0.5016035152020122
C_PAWNSTRUCTURE:0.5352396568615189
C_PIECECOORDINATION:0.5256467048188002
C_ROOKANDPAWNMOVEMENT:0.5256467048188002
C_CENTERCONTROL:0.552234335865154
C_DEVELOPPIECES:0.47406008856939774
C_MATERIAL:0.464398658428844
C_MOVECOUNT:0.5
