ELO:992
CE_PASSEDPAWNS:0.4527630982750827
CE_PAWNWEAKNESSES:0.4771523091720693
CE_PIECEACTIVITY:0.35662470216809833
CE_KINGPAWNSHIELD:0.5190585474466514
CE_PIECECOORDINATION:0.5240777669442503
CE_MATERIAL:0.4973065321672772
CE_KINGSAFETY:0.5
C_PIECESQUARETABLES:0.49309181930310797
C_MOBILITY:0.5853017137544527
C_KINGSAFETY:0.6038317658144178
C_PAWNSTRUCTURE:0.5072336955682297
C_PIECECOORDINATION:0.46759142210021243
C_ROOKANDPAWNMOVEMENT:0.46759142210021243
C_CENTERCONTROL:0.47931965631963586
C_DEVELOPPIECES:0.46858656858186815
C_MATERIAL:0.5163589831028713
