ELO:944
CE_PASSEDPAWNS:0.5059725666271313
CE_PAWNWEAKNESSES:0.4934070670432811
CE_PIECEACTIVITY:0.5114482123770694
CE_KINGPAWNSHIELD:0.511407621385048
CE_PIECECOORDINATION:0.4991272296066278
CE_MATERIAL:0.466879971731635
CE_KINGSAFETY:0.5
C_PIECESQUARETABLES:0.5
C_MOBILITY:0.5110210712993986
C_KINGSAFETY:0.49793259816194907
C_PAWNSTRUCTURE:0.46776129279101686
C_PIECECOORDINATION:0.47965387975174356
C_ROOK:0.48367395702877786
CE_ROOK:0.48319556825878074
C_CENTERCONTROL:0.48069532537908455
C_DEVELOPPIECES:0.5164955737133607
C_MATERIAL:0.46782910906595193
C_MOVECOUNT:0.48948157473256804
C_PAWNMOVEMENT:0.4521906010814082
