ELO:892
CE_PASSEDPAWNS:0.4866597694152869
CE_PAWNWEAKNESSES:0.4842474735834542
CE_PIECEACTIVITY:0.47185536079188806
CE_KINGPAWNSHIELD:0.4866196389873359
CE_PIECECOORDINATION:0.5266626272211802
CE_MATERIAL:0.44275943272358664
CE_KINGSAFETY:0.5008861569952131
C_PIECESQUARETABLES:0.5051225650670693
C_MOBILITY:0.5096705884598837
C_KINGSAFETY:0.5454679584347336
C_PAWNSTRUCTURE:0.47593180504884247
C_PIECECOORDINATION:0.44907734558650536
C_ROOK:0.41932764498613895
CE_ROOK:0.4797591396327215
C_CENTERCONTROL:0.4476486812298739
C_DEVELOPPIECES:0.5264715838369411
C_MATERIAL:0.4771724234998123
C_MOVECOUNT:0.49704646316168044
C_PAWNMOVEMENT:0.4370677756232956
