ELO:963
CE_PASSEDPAWNS:0.5357383008633225
CE_PAWNWEAKNESSES:0.6281389854785631
CE_PIECEACTIVITY:0.41665887894299475
CE_KINGPAWNSHIELD:0.531446922349917
CE_PIECECOORDINATION:0.5553446026707921
CE_MATERIAL:0.3709377220456449
CE_KINGSAFETY:0.548785254885323
C_PIECESQUARETABLES:0.5376529891546402
C_MOBILITY:0.5209393458923731
C_KINGSAFETY:0.48761062156174695
C_PAWNSTRUCTURE:0.43638733007227987
C_PIECECOORDINATION:0.4678565936458981
C_ROOKANDPAWNMOVEMENT:0.4678565936458981
C_CENTERCONTROL:0.4074027497462249
C_DEVELOPPIECES:0.4923320693428989
C_MATERIAL:0.6251970777337466
