ELO:1098
CE_PASSEDPAWNS:0.5220014652991477
CE_PAWNWEAKNESSES:0.5241082019211586
CE_PIECEACTIVITY:0.45271969066834933
CE_KINGPAWNSHIELD:0.4724108304964183
CE_PIECECOORDINATION:0.5245974958184386
CE_MATERIAL:0.3619196062827428
CE_KINGSAFETY:0.5
C_PIECESQUARETABLES:0.45156822729744894
C_MOBILITY:0.5351453954458896
C_KINGSAFETY:0.39915668343505367
C_PAWNSTRUCTURE:0.5461055495356145
C_PIECECOORDINATION:0.5999716532573657
C_ROOKANDPAWNMOVEMENT:0.5999716532573657
C_CENTERCONTROL:0.5200534090186267
C_DEVELOPPIECES:0.42261362063168517
C_MATERIAL:0.5619656346539545
