ELO:913
CE_PASSEDPAWNS:0.511401216821666
CE_PAWNWEAKNESSES:0.5095576429319523
CE_PIECEACTIVITY:0.5254231877789628
CE_KINGPAWNSHIELD:0.486740899289533
CE_PIECECOORDINATION:0.4688117980702592
CE_MATERIAL:0.5372569254686008
CE_KINGSAFETY:0.51751233245697
C_PIECESQUARETABLES:0.4820102992080454
C_MOBILITY:0.499600832578599
C_KINGSAFETY:0.4773796988055527
C_PAWNSTRUCTURE:0.5064538610029378
C_PIECECOORDINATION:0.5040890206182044
C_ROOKANDPAWNMOVEMENT:0.5040890206182044
C_CENTERCONTROL:0.5502658385502612
C_DEVELOPPIECES:0.5041220459449933
C_MATERIAL:0.5244620793910073
C_MOVECOUNT:0.4751164558654684
