ELO:917
CE_PASSEDPAWNS:0.4730502577800225
CE_PAWNWEAKNESSES:0.5
CE_PIECEACTIVITY:0.5211435752734996
CE_KINGPAWNSHIELD:0.5258365355541043
CE_PIECECOORDINATION:0.5085899924413093
CE_MATERIAL:0.4840491313592311
CE_KINGSAFETY:0.5
C_PIECESQUARETABLES:0.5
C_MOBILITY:0.4300156296025438
C_KINGSAFETY:0.513397535125514
C_PAWNSTRUCTURE:0.5032544419249058
C_PIECECOORDINATION:0.5486860981227879
C_ROOKANDPAWNMOVEMENT:0.5486860981227879
C_CENTERCONTROL:0.5357024458348929
C_DEVELOPPIECES:0.5
C_MATERIAL:0.4589689296260429
C_MOVECOUNT:0.5
