ELO:983
CE_PASSEDPAWNS:0.4752392359303053
CE_PAWNWEAKNESSES:0.5047564445852525
CE_PIECEACTIVITY:0.506685004114436
CE_KINGPAWNSHIELD:0.5424259838249322
CE_PIECECOORDINATION:0.4991272296066278
CE_MATERIAL:0.46480726795636645
CE_KINGSAFETY:0.487608432820508
C_PIECESQUARETABLES:0.5103722923176539
C_MOBILITY:0.519864951637831
C_KINGSAFETY:0.49793259816194907
C_PAWNSTRUCTURE:0.4771185770640253
C_PIECECOORDINATION:0.4881434135672457
C_ROOK:0.524521558015471
CE_ROOK:0.4759566075127016
C_CENTERCONTROL:0.5254746114350954
C_DEVELOPPIECES:0.5164955737133607
C_MATERIAL:0.46669383574768825
C_MOVECOUNT:0.48948157473256804
C_PAWNMOVEMENT:0.46443189317100364
