ELO:1032
CE_PASSEDPAWNS:0.49804292339932116
CE_PAWNWEAKNESSES:0.48670941044842464
CE_PIECEACTIVITY:0.5042349876417885
CE_KINGPAWNSHIELD:0.4828856450404924
CE_PIECECOORDINATION:0.4971443509348251
CE_MATERIAL:0.49130699122501675
CE_KINGSAFETY:0.5
C_PIECESQUARETABLES:0.5
C_MOBILITY:0.46926040748353487
C_KINGSAFETY:0.5100103784524921
C_PAWNSTRUCTURE:0.4966054918178038
C_PIECECOORDINATION:0.5208593174429285
C_ROOK:0.5293711526009638
CE_ROOK:0.5101600524135045
C_CENTERCONTROL:0.48776195360235686
C_DEVELOPPIECES:0.4791895529237131
C_MATERIAL:0.47853909102283365
C_MOVECOUNT:0.5286849394844324
C_PAWNMOVEMENT:0.5059912779636543
