ELO:896
CE_PASSEDPAWNS:0.5486522631248152
CE_PAWNWEAKNESSES:0.5172651520627666
CE_PIECEACTIVITY:0.4521082387216927
CE_KINGPAWNSHIELD:0.5323946277616494
CE_PIECECOORDINATION:0.5378562787021732
CE_MATERIAL:0.4441404579494583
CE_KINGSAFETY:0.5569736210794995
C_PIECESQUARETABLES:0.4904065523855069
C_MOBILITY:0.44946466018096265
C_KINGSAFETY:0.48539772383069935
C_PAWNSTRUCTURE:0.4905184988558098
C_PIECECOORDINATION:0.5117641843913325
C_ROOKANDPAWNMOVEMENT:0.5117641843913325
C_CENTERCONTROL:0.5346154887424576
C_DEVELOPPIECES:0.46599810814048864
C_MATERIAL:0.43788278138535636
C_MOVECOUNT:0.5102265762355899
