ELO:1019
CE_PASSEDPAWNS:0.4316707816668997
CE_PAWNWEAKNESSES:0.48917071945373714
CE_PIECEACTIVITY:0.4861133235204811
CE_KINGPAWNSHIELD:0.4646526749522329
CE_PIECECOORDINATION:0.5100237706681233
CE_MATERIAL:0.5091255916474943
CE_KINGSAFETY:0.5
C_PIECESQUARETABLES:0.5
C_MOBILITY:0.48209560630350645
C_KINGSAFETY:0.5066495983925626
C_PAWNSTRUCTURE:0.48675408390879066
C_PIECECOORDINATION:0.5088175621277743
C_ROOK:0.5000151810501162
CE_ROOK:0.5393719721781679
C_CENTERCONTROL:0.5365423263588198
C_DEVELOPPIECES:0.5023068517354133
C_MATERIAL:0.4919401372919477
C_MOVECOUNT:0.509652368040163
C_PAWNMOVEMENT:0.5165038975725873
