ELO:904
CE_PASSEDPAWNS:0.54912574648193
CE_PAWNWEAKNESSES:0.4679852114459072
CE_PIECEACTIVITY:0.47594650473952804
CE_KINGPAWNSHIELD:0.48605592148546756
CE_PIECECOORDINATION:0.5408518637909816
CE_MATERIAL:0.4258815777613012
CE_KINGSAFETY:0.5061167575706685
C_PIECESQUARETABLES:0.4881792378932033
C_MOBILITY:0.5302718013553775
C_KINGSAFETY:0.5532641069667968
C_PAWNSTRUCTURE:0.5136080321443017
C_PIECECOORDINATION:0.49520978606130706
C_ROOKANDPAWNMOVEMENT:0.49520978606130706
C_CENTERCONTROL:0.4681186869017679
C_DEVELOPPIECES:0.5065122623453628
C_MATERIAL:0.5047321644057903
