ELO:1010
CE_PASSEDPAWNS:0.5
CE_PAWNWEAKNESSES:0.5
CE_PIECEACTIVITY:0.5
CE_KINGPAWNSHIELD:0.5
CE_PIECECOORDINATION:0.5103413798997067
CE_MATERIAL:0.5069585791226916
CE_KINGSAFETY:0.5
C_PIECESQUARETABLES:0.5094370215280737
C_MOBILITY:0.5
C_KINGSAFETY:0.5024460864654428
C_PAWNSTRUCTURE:0.5
C_PIECECOORDINATION:0.5
C_ROOKANDPAWNMOVEMENT:0.5
C_CENTERCONTROL:0.5
C_DEVELOPPIECES:0.5
C_MATERIAL:0.5
C_MOVECOUNT:0.5
