ELO:1020
CE_PASSEDPAWNS:0.49301569609364815
CE_PAWNWEAKNESSES:0.4974517147353695
CE_PIECEACTIVITY:0.5
CE_KINGPAWNSHIELD:0.5
CE_PIECECOORDINATION:0.5105961207291952
CE_MATERIAL:0.5
CE_KINGSAFETY:0.5
C_PIECESQUARETABLES:0.5
C_MOBILITY:0.5
C_KINGSAFETY:0.5039645726167016
C_PAWNSTRUCTURE:0.5033795110523924
C_PIECECOORDINATION:0.5023648694298086
C_ROOKANDPAWNMOVEMENT:0.5023648694298086
C_CENTERCONTROL:0.5036310280982298
C_DEVELOPPIECES:0.5
C_MATERIAL:0.5054367320044316
C_MOVECOUNT:0.5
