ELO:1000
CE_PASSEDPAWNS:0.488556055521874
CE_PAWNWEAKNESSES:0.5023628906019922
CE_PIECEACTIVITY:0.477618079952368
CE_KINGPAWNSHIELD:0.5248331568039304
CE_PIECECOORDINATION:0.4874192505109866
CE_MATERIAL:0.4781174129215566
CE_KINGSAFETY:0.5138889364772281
C_PIECESQUARETABLES:0.48541760260791006
C_MOBILITY:0.47915795368148
C_KINGSAFETY:0.5011877730518016
C_PAWNSTRUCTURE:0.4855614370509959
C_PIECECOORDINATION:0.4996496592530792
C_ROOKANDPAWNMOVEMENT:0.4996496592530792
C_CENTERCONTROL:0.4685198516303535
C_DEVELOPPIECES:0.5109666130891884
C_MATERIAL:0.48924093129159074
