ELO:912
CE_PASSEDPAWNS:0.6634091009406876
CE_PAWNWEAKNESSES:0.5900955148027272
CE_PIECEACTIVITY:0.5007465734591352
CE_KINGPAWNSHIELD:0.5087789694747569
CE_PIECECOORDINATION:0.5247187429692078
CE_MATERIAL:0.46929421889490497
CE_KINGSAFETY:0.49601078991697733
C_PIECESQUARETABLES:0.5312129362381852
C_MOBILITY:0.4765376569846643
C_KINGSAFETY:0.44274128350212344
C_PAWNSTRUCTURE:0.45177880168119433
C_PIECECOORDINATION:0.5241463779992852
C_ROOKANDPAWNMOVEMENT:0.5241463779992852
C_CENTERCONTROL:0.5519774999721292
C_DEVELOPPIECES:0.45252345561998875
C_MATERIAL:0.48915151835961335
