ELO:1000
CE_PASSEDPAWNS:0.4857981105652267
CE_PAWNWEAKNESSES:0.5129542010809788
CE_PIECEACTIVITY:0.49942567714370034
CE_KINGPAWNSHIELD:0.5278689803866755
CE_PIECECOORDINATION:0.5433961339966253
CE_MATERIAL:0.4908075938882201
CE_KINGSAFETY:0.4895643639712946
C_PIECESQUARETABLES:0.5046501573364603
C_MOBILITY:0.5130193326479281
C_KINGSAFETY:0.4538350934913153
C_PAWNSTRUCTURE:0.5149591171176275
C_PIECECOORDINATION:0.4906232602448656
C_ROOKANDPAWNMOVEMENT:0.4906232602448656
C_CENTERCONTROL:0.4982186289069516
C_DEVELOPPIECES:0.5261869092755505
C_MATERIAL:0.47144528557633475
