ELO:1012
CE_PASSEDPAWNS:0.4890861614450376
CE_PAWNWEAKNESSES:0.5088126415624087
CE_PIECEACTIVITY:0.4977989453955533
CE_KINGPAWNSHIELD:0.5
CE_PIECECOORDINATION:0.5
CE_MATERIAL:0.5
CE_KINGSAFETY:0.5
C_PIECESQUARETABLES:0.5121280817907622
C_MOBILITY:0.5
C_KINGSAFETY:0.5
C_PAWNSTRUCTURE:0.5043067621723699
C_PIECECOORDINATION:0.5
C_ROOKANDPAWNMOVEMENT:0.5
C_CENTERCONTROL:0.49478901084837684
C_DEVELOPPIECES:0.49507952787079096
C_MATERIAL:0.48859089983064385
C_MOVECOUNT:0.5
