ELO:861
CE_PASSEDPAWNS:0.5186649280473709
CE_PAWNWEAKNESSES:0.5595447463835055
CE_PIECEACTIVITY:0.44260910280709287
CE_KINGPAWNSHIELD:0.5200718323198444
CE_PIECECOORDINATION:0.5275406086173823
CE_MATERIAL:0.4970057595957548
CE_KINGSAFETY:0.5116167728189782
C_PIECESQUARETABLES:0.5193105371155047
C_MOBILITY:0.47672047399662887
C_KINGSAFETY:0.45335226971630643
C_PAWNSTRUCTURE:0.47242580178309396
C_PIECECOORDINATION:0.5456518064906313
C_ROOKANDPAWNMOVEMENT:0.5456518064906313
C_CENTERCONTROL:0.5449400624643627
C_DEVELOPPIECES:0.5156076522140778
C_MATERIAL:0.5261548398157966
C_MOVECOUNT:0.5
