ELO:890
CE_PASSEDPAWNS:0.647727032397256
CE_PAWNWEAKNESSES:0.5157624351776655
CE_PIECEACTIVITY:0.4269990950441843
CE_KINGPAWNSHIELD:0.542103425869031
CE_PIECECOORDINATION:0.5480260494020316
CE_MATERIAL:0.39760307350146734
CE_KINGSAFETY:0.5192501604513198
C_PIECESQUARETABLES:0.5327449734465958
C_MOBILITY:0.42570907607456765
C_KINGSAFETY:0.3961736709749796
C_PAWNSTRUCTURE:0.4905258913290097
C_PIECECOORDINATION:0.5482795410599615
C_ROOKANDPAWNMOVEMENT:0.5482795410599615
C_CENTERCONTROL:0.5636315078679434
C_DEVELOPPIECES:0.5149925731172618
C_MATERIAL:0.38889649256007625
