ELO:757
CE_PASSEDPAWNS:0.43465671849917364
CE_PAWNWEAKNESSES:0.6641789017028115
CE_PIECEACTIVITY:0.41285033607807553
CE_KINGPAWNSHIELD:0.35727665077434634
CE_PIECECOORDINATION:0.40811639371151937
CE_MATERIAL:0.486183969383045
CE_KINGSAFETY:0.5503149659742135
C_PIECESQUARETABLES:0.4893815316451692
C_MOBILITY:0.45349646387583625
C_KINGSAFETY:0.46998078529474496
C_PAWNSTRUCTURE:0.5186537752658793
C_PIECECOORDINATION:0.5454919527153115
C_ROOKANDPAWNMOVEMENT:0.5454919527153115
C_CENTERCONTROL:0.5453884700509101
C_DEVELOPPIECES:0.5687520513416274
C_MATERIAL:0.45968123735564564
C_MOVECOUNT:0.5012521815418725
