ELO:823
CE_PASSEDPAWNS:0.5447305743442089
CE_PAWNWEAKNESSES:0.5302668931823847
CE_PIECEACTIVITY:0.4996146988172733
CE_KINGPAWNSHIELD:0.5415272083176743
CE_PIECECOORDINATION:0.4480150276369699
CE_MATERIAL:0.4817142589313492
CE_KINGSAFETY:0.5087067340998785
C_PIECESQUARETABLES:0.5052323883205727
C_MOBILITY:0.5017676585045148
C_KINGSAFETY:0.4569946874991948
C_PAWNSTRUCTURE:0.47206692195687383
C_PIECECOORDINATION:0.47651296135391025
C_ROOKANDPAWNMOVEMENT:0.47651296135391025
C_CENTERCONTROL:0.5502068973871881
C_DEVELOPPIECES:0.48659719412030933
C_MATERIAL:0.4283587829221324
C_MOVECOUNT:0.5
