ELO:990
CE_PASSEDPAWNS:0.6354259281783691
CE_PAWNWEAKNESSES:0.5757209190770824
CE_PIECEACTIVITY:0.46651336811107313
CE_KINGPAWNSHIELD:0.5109236931499864
CE_PIECECOORDINATION:0.5054628452863384
CE_MATERIAL:0.49063907083826336
CE_KINGSAFETY:0.4893519161967029
C_PIECESQUARETABLES:0.49879270488958627
C_MOBILITY:0.5132922672244136
C_KINGSAFETY:0.4727044622607956
C_PAWNSTRUCTURE:0.4086326470903053
C_PIECECOORDINATION:0.501945759416348
C_ROOKANDPAWNMOVEMENT:0.501945759416348
C_CENTERCONTROL:0.558144353067259
C_DEVELOPPIECES:0.5018277240135159
C_MATERIAL:0.5164424271174703
