ELO:926
CE_PASSEDPAWNS:0.4712290138832619
CE_PAWNWEAKNESSES:0.5123893077977154
CE_PIECEACTIVITY:0.482776306386211
CE_KINGPAWNSHIELD:0.5227857650155502
CE_PIECECOORDINATION:0.5003407265650808
CE_MATERIAL:0.5186924849897941
CE_KINGSAFETY:0.5336177468209258
C_PIECESQUARETABLES:0.47523513647689103
C_MOBILITY:0.5101087052519023
C_KINGSAFETY:0.4850632722279837
C_PAWNSTRUCTURE:0.5103799059262846
C_PIECECOORDINATION:0.4829758277421186
C_ROOK:0.5049590657800739
CE_ROOK:0.44536675581570573
C_CENTERCONTROL:0.51290532614182
C_DEVELOPPIECES:0.5098178639185637
C_MATERIAL:0.5085331611650588
C_MOVECOUNT:0.5032078915323789
C_PAWNMOVEMENT:0.4984984954230614
