ELO:911
CE_PASSEDPAWNS:0.5251332643995393
CE_PAWNWEAKNESSES:0.538193380715002
CE_PIECEACTIVITY:0.5055812142242749
CE_KINGPAWNSHIELD:0.493639198648832
CE_PIECECOORDINATION:0.50403232656347
CE_MATERIAL:0.47614785920789887
CE_KINGSAFETY:0.502904257553901
C_PIECESQUARETABLES:0.48546606682708354
C_MOBILITY:0.45803226449048934
C_KINGSAFETY:0.5065761156665889
C_PAWNSTRUCTURE:0.5148718953478281
C_PIECECOORDINATION:0.5125907419259135
C_ROOKANDPAWNMOVEMENT:0.5125907419259135
C_CENTERCONTROL:0.48873296510107217
C_DEVELOPPIECES:0.4827177686343314
C_MATERIAL:0.47777994653584965
C_MOVECOUNT:0.5
