ELO:685
CE_PASSEDPAWNS:0.5618920835435463
CE_PAWNWEAKNESSES:0.549915625545651
CE_PIECEACTIVITY:0.4030014164585203
CE_KINGPAWNSHIELD:0.5199497621443904
CE_PIECECOORDINATION:0.4974058755522143
CE_MATERIAL:0.5260107211683183
CE_KINGSAFETY:0.5073650861988881
C_PIECESQUARETABLES:0.5588311956065408
C_MOBILITY:0.45202311283192476
C_KINGSAFETY:0.4797825705253564
C_PAWNSTRUCTURE:0.47120678564148827
C_PIECECOORDINATION:0.6317107083892909
C_ROOKANDPAWNMOVEMENT:0.6317107083892909
C_CENTERCONTROL:0.5091524871169479
C_DEVELOPPIECES:0.5282878892998862
C_MATERIAL:0.5365155968472464
C_MOVECOUNT:0.5
