ELO:964
CE_PASSEDPAWNS:0.5202029687547294
CE_PAWNWEAKNESSES:0.5107843906097297
CE_PIECEACTIVITY:0.474195690117899
CE_KINGPAWNSHIELD:0.5087835642090477
CE_PIECECOORDINATION:0.4868414060305979
CE_MATERIAL:0.5103568257006642
CE_KINGSAFETY:0.5
C_PIECESQUARETABLES:0.5
C_MOBILITY:0.515292297628046
C_KINGSAFETY:0.5442746927200445
C_PAWNSTRUCTURE:0.4978002787535053
C_PIECECOORDINATION:0.5253888200514575
C_ROOKANDPAWNMOVEMENT:0.5253888200514575
C_CENTERCONTROL:0.5187643248340839
C_DEVELOPPIECES:0.5082789098416614
C_MATERIAL:0.429369172580684
C_MOVECOUNT:0.5146386197045485
