ELO:919
CE_PASSEDPAWNS:0.5189141641650175
CE_PAWNWEAKNESSES:0.39132764361413636
CE_PIECEACTIVITY:0.534664770338643
CE_KINGPAWNSHIELD:0.5194208778822891
CE_PIECECOORDINATION:0.47632274952532694
CE_MATERIAL:0.4376232804268551
CE_KINGSAFETY:0.5015423497490116
C_PIECESQUARETABLES:0.49424514327803976
C_MOBILITY:0.5299754553233934
C_KINGSAFETY:0.4976463073982778
C_PAWNSTRUCTURE:0.5874454493969197
C_PIECECOORDINATION:0.32032664593039745
C_ROOKANDPAWNMOVEMENT:0.32032664593039745
C_CENTERCONTROL:0.5416030458237426
C_DEVELOPPIECES:0.46204395364920536
C_MATERIAL:0.4745365624291392
