ELO:939
CE_PASSEDPAWNS:0.6708095349655157
CE_PAWNWEAKNESSES:0.5606882147973054
CE_PIECEACTIVITY:0.49568145299811983
CE_KINGPAWNSHIELD:0.4902023611263761
CE_PIECECOORDINATION:0.5282221363985481
CE_MATERIAL:0.477475748655934
CE_KINGSAFETY:0.5117972306889248
C_PIECESQUARETABLES:0.5371285569078443
C_MOBILITY:0.4917540520378111
C_KINGSAFETY:0.4731815412380275
C_PAWNSTRUCTURE:0.4250193923903082
C_PIECECOORDINATION:0.5154710416044626
C_ROOKANDPAWNMOVEMENT:0.5154710416044626
C_CENTERCONTROL:0.5574928016600346
C_DEVELOPPIECES:0.46105090744932964
C_MATERIAL:0.4978552934438949
