ELO:796
CE_PASSEDPAWNS:0.6726358492759644
CE_PAWNWEAKNESSES:0.49789989999228984
CE_PIECEACTIVITY:0.46488479673806654
CE_KINGPAWNSHIELD:0.6015894026123946
CE_PIECECOORDINATION:0.5760914874362553
CE_MATERIAL:0.5812650397293103
CE_KINGSAFETY:0.5064606101543496
C_PIECESQUARETABLES:0.5012893869404592
C_MOBILITY:0.4258183201606757
C_KINGSAFETY:0.39359495059259875
C_PAWNSTRUCTURE:0.4509059428125198
C_PIECECOORDINATION:0.5567139832930221
C_ROOKANDPAWNMOVEMENT:0.5567139832930221
C_CENTERCONTROL:0.5563437754924442
C_DEVELOPPIECES:0.5166185442900016
C_MATERIAL:0.46845731263914653
