ELO:1000
CE_PASSEDPAWNS:0.4914679468226447
CE_PAWNWEAKNESSES:0.5271087781696253
CE_PIECEACTIVITY:0.4695458427683998
CE_KINGPAWNSHIELD:0.5251048189087897
CE_PIECECOORDINATION:0.4924833562359399
CE_MATERIAL:0.47887792457541045
CE_KINGSAFETY:0.4876161131644822
C_PIECESQUARETABLES:0.5062762118498251
C_MOBILITY:0.4943266185583854
C_KINGSAFETY:0.4873049352928443
C_PAWNSTRUCTURE:0.525637979879223
C_PIECECOORDINATION:0.4975352265928168
C_ROOKANDPAWNMOVEMENT:0.4975352265928168
C_CENTERCONTROL:0.4863355873790457
C_DEVELOPPIECES:0.5270002414280756
C_MATERIAL:0.49470589845369217
