ELO:775
CE_PASSEDPAWNS:0.6599736340121206
CE_PAWNWEAKNESSES:0.49454566916560316
CE_PIECEACTIVITY:0.4527787419228813
CE_KINGPAWNSHIELD:0.5692159439006054
CE_PIECECOORDINATION:0.5611380560377685
CE_MATERIAL:0.5871557845890063
CE_KINGSAFETY:0.5086327261445037
C_PIECESQUARETABLES:0.4909674792842588
C_MOBILITY:0.43510335490948493
C_KINGSAFETY:0.3753960089006474
C_PAWNSTRUCTURE:0.4394239913830502
C_PIECECOORDINATION:0.5429476943835109
C_ROOKANDPAWNMOVEMENT:0.5429476943835109
C_CENTERCONTROL:0.5561324371259139
C_DEVELOPPIECES:0.5156668513047286
C_MATERIAL:0.48624722642322493
