ELO:898
CE_PASSEDPAWNS:0.47727538882893367
CE_PAWNWEAKNESSES:0.5240985903966341
CE_PIECEACTIVITY:0.5207951846342155
CE_KINGPAWNSHIELD:0.5565522977180196
CE_PIECECOORDINATION:0.5009615652939183
CE_MATERIAL:0.4809255569441087
CE_KINGSAFETY:0.5128078541915615
C_PIECESQUARETABLES:0.5
C_MOBILITY:0.5297940058026522
C_KINGSAFETY:0.4648015351700653
C_PAWNSTRUCTURE:0.4901494471746085
C_PIECECOORDINATION:0.4919453145642938
C_ROOKANDPAWNMOVEMENT:0.4919453145642938
C_CENTERCONTROL:0.5387695358616948
C_DEVELOPPIECES:0.4857198806714286
C_MATERIAL:0.4989134824377944
C_MOVECOUNT:0.5
