ELO:987
CE_PASSEDPAWNS:0.5
CE_PAWNWEAKNESSES:0.5153928186437624
CE_PIECEACTIVITY:0.501086519938387
CE_KINGPAWNSHIELD:0.5093583725331624
CE_PIECECOORDINATION:0.5
CE_MATERIAL:0.501764451060732
CE_KINGSAFETY:0.4974924959501212
C_PIECESQUARETABLES:0.4983740760539086
C_MOBILITY:0.5187067819044986
C_KINGSAFETY:0.5053610003796448
C_PAWNSTRUCTURE:0.5000422095832822
C_PIECECOORDINATION:0.5009928717385459
C_ROOK:0.5071132674291037
CE_ROOK:0.49859035168304433
C_CENTERCONTROL:0.4858579132459478
C_DEVELOPPIECES:0.49321817420797204
C_MATERIAL:0.5050976073808534
C_MOVECOUNT:0.4994981902488465
C_PAWNMOVEMENT:0.5
