ELO:1000
CE_PASSEDPAWNS:0.5376105726934022
CE_PAWNWEAKNESSES:0.5047431613876019
CE_PIECEACTIVITY:0.5078457248693772
CE_KINGPAWNSHIELD:0.5348939051172308
CE_PIECECOORDINATION:0.5081544141300415
CE_MATERIAL:0.5125902629123946
CE_KINGSAFETY:0.4727286114593025
C_PIECESQUARETABLES:0.4929073971232785
C_MOBILITY:0.5490711841054613
C_KINGSAFETY:0.5561583887568913
C_PAWNSTRUCTURE:0.5020820599482471
C_PIECECOORDINATION:0.5245804907541222
C_ROOKANDPAWNMOVEMENT:0.5245804907541222
C_CENTERCONTROL:0.49428069128942176
C_DEVELOPPIECES:0.5125450773931619
C_MATERIAL:0.5654566602141627
