ELO:924
CE_PASSEDPAWNS:0.5078304146475102
CE_PAWNWEAKNESSES:0.4903118207825018
CE_PIECEACTIVITY:0.5364718760732757
CE_KINGPAWNSHIELD:0.49742982012748854
CE_PIECECOORDINATION:0.5103077870338906
CE_MATERIAL:0.5351412740653433
CE_KINGSAFETY:0.5096303666904216
C_PIECESQUARETABLES:0.5138404005271949
C_MOBILITY:0.5109696618677465
C_KINGSAFETY:0.48016814923072393
C_PAWNSTRUCTURE:0.5205860965258258
C_PIECECOORDINATION:0.4747867580494307
C_ROOKANDPAWNMOVEMENT:0.4747867580494307
C_CENTERCONTROL:0.4721461067921539
C_DEVELOPPIECES:0.5143269644844258
C_MATERIAL:0.49796131990399967
C_MOVECOUNT:0.5
