ELO:930
CE_PASSEDPAWNS:0.4800470704614979
CE_PAWNWEAKNESSES:0.3800334741055529
CE_PIECEACTIVITY:0.5228729504857469
CE_KINGPAWNSHIELD:0.5125560778084581
CE_PIECECOORDINATION:0.46622064423166615
CE_MATERIAL:0.44594480713152346
CE_KINGSAFETY:0.5012035329484261
C_PIECESQUARETABLES:0.49918808114215474
C_MOBILITY:0.5275024539403833
C_KINGSAFETY:0.5104817975466951
C_PAWNSTRUCTURE:0.5747393753141405
C_PIECECOORDINATION:0.30349713563902764
C_ROOKANDPAWNMOVEMENT:0.30349713563902764
C_CENTERCONTROL:0.5685155469936068
C_DEVELOPPIECES:0.4593899814473919
C_MATERIAL:0.48865298666825613
