ELO:949
CE_PASSEDPAWNS:0.48316880806061957
CE_PAWNWEAKNESSES:0.3921246486078016
CE_PIECEACTIVITY:0.5220208521417947
CE_KINGPAWNSHIELD:0.4747652142324185
CE_PIECECOORDINATION:0.5123891963884935
CE_MATERIAL:0.4689663145327426
CE_KINGSAFETY:0.5063719420521342
C_PIECESQUARETABLES:0.4850460589866475
C_MOBILITY:0.523206316444577
C_KINGSAFETY:0.5290160297170573
C_PAWNSTRUCTURE:0.5472542595949105
C_PIECECOORDINATION:0.3871994542876608
C_ROOKANDPAWNMOVEMENT:0.3871994542876608
C_CENTERCONTROL:0.5398484604916981
C_DEVELOPPIECES:0.4720305445623016
C_MATERIAL:0.43114720542366747
