ELO:1000
CE_PASSEDPAWNS:0.46799213475246426
CE_PAWNWEAKNESSES:0.5169257466957028
CE_PIECEACTIVITY:0.4748069291396314
CE_KINGPAWNSHIELD:0.5299648758564005
CE_PIECECOORDINATION:0.48639167439188397
CE_MATERIAL:0.4713038976532199
CE_KINGSAFETY:0.4946949224385293
C_PIECESQUARETABLES:0.5062762118498251
C_MOBILITY:0.47640578154591945
C_KINGSAFETY:0.491603301917107
C_PAWNSTRUCTURE:0.5165602509292709
C_PIECECOORDINATION:0.4894365446860083
C_ROOKANDPAWNMOVEMENT:0.4894365446860083
C_CENTERCONTROL:0.48119543632541084
C_DEVELOPPIECES:0.5483124381973261
C_MATERIAL:0.501650037592061
