ELO:1023
CE_PASSEDPAWNS:0.5029674254169768
CE_PAWNWEAKNESSES:0.5089697801045159
CE_PIECEACTIVITY:0.5067311302742024
CE_KINGPAWNSHIELD:0.5
CE_PIECECOORDINATION:0.5110331606320045
CE_MATERIAL:0.4931612921694978
CE_KINGSAFETY:0.48140777648846267
C_PIECESQUARETABLES:0.5098105311946773
C_MOBILITY:0.4846565382441782
C_KINGSAFETY:0.5
C_PAWNSTRUCTURE:0.4949216226758682
C_PIECECOORDINATION:0.5076430462015981
C_ROOKANDPAWNMOVEMENT:0.5076430462015981
C_CENTERCONTROL:0.49286219743493104
C_DEVELOPPIECES:0.5
C_MATERIAL:0.501474998944822
