ELO:999
CE_PASSEDPAWNS:0.5026147068293215
CE_PAWNWEAKNESSES:0.517799131242908
CE_PIECEACTIVITY:0.47491812065578
CE_KINGPAWNSHIELD:0.4904458852724681
CE_PIECECOORDINATION:0.4959057709071751
CE_MATERIAL:0.5208777979959445
CE_KINGSAFETY:0.5
C_PIECESQUARETABLES:0.5
C_MOBILITY:0.5000325414969815
C_KINGSAFETY:0.4881133443909849
C_PAWNSTRUCTURE:0.47918332653388335
C_PIECECOORDINATION:0.5147520835346416
C_ROOK:0.5192855486088497
CE_ROOK:0.4863324650030785
C_CENTERCONTROL:0.5125522377303235
C_DEVELOPPIECES:0.45982861942242165
C_MATERIAL:0.5
C_MOVECOUNT:0.4819960869242839
C_PAWNMOVEMENT:0.5
