ELO:988
CE_PASSEDPAWNS:0.5114879457009284
CE_PAWNWEAKNESSES:0.47621654703887656
CE_PIECEACTIVITY:0.47337865798659745
CE_KINGPAWNSHIELD:0.49706906107671456
CE_PIECECOORDINATION:0.4982536304210974
CE_MATERIAL:0.5347174019241863
CE_KINGSAFETY:0.5
C_PIECESQUARETABLES:0.5
C_MOBILITY:0.4915316890614002
C_KINGSAFETY:0.48019409837470334
C_PAWNSTRUCTURE:0.4816724372047907
C_PIECECOORDINATION:0.5010565797952407
C_ROOK:0.5027283151713002
CE_ROOK:0.4521036667592851
C_CENTERCONTROL:0.5080224797314908
C_DEVELOPPIECES:0.5073447937595761
C_MATERIAL:0.4960886216407111
C_MOVECOUNT:0.46836544109434486
C_PAWNMOVEMENT:0.4962677545256915
