ELO:610
CE_PASSEDPAWNS:0.5765329853498449
CE_PAWNWEAKNESSES:0.5574989555200799
CE_PIECEACTIVITY:0.3761445376511976
CE_KINGPAWNSHIELD:0.5170772711063796
CE_PIECECOORDINATION:0.4922975994379892
CE_MATERIAL:0.5118105054379493
CE_KINGSAFETY:0.5
C_PIECESQUARETABLES:0.5
C_MOBILITY:0.45708018194483857
C_KINGSAFETY:0.49125103569240625
C_PAWNSTRUCTURE:0.47702587047043976
C_PIECECOORDINATION:0.584431632325201
C_ROOKANDPAWNMOVEMENT:0.584431632325201
C_CENTERCONTROL:0.5502526015076874
C_DEVELOPPIECES:0.5378817796062918
C_MATERIAL:0.5248430966386222
C_MOVECOUNT:0.5082104856735526
