ELO:919
CE_PASSEDPAWNS:0.4800350688695513
CE_PAWNWEAKNESSES:0.5481040726379212
CE_PIECEACTIVITY:0.3935299350227292
CE_KINGPAWNSHIELD:0.512283353932152
CE_PIECECOORDINATION:0.5029888331603619
CE_MATERIAL:0.4842243280398608
CE_KINGSAFETY:0.5057067270158029
C_PIECESQUARETABLES:0.4630981360189428
C_MOBILITY:0.4944157512901215
C_KINGSAFETY:0.5125378869821912
C_PAWNSTRUCTURE:0.4094508124230892
C_PIECECOORDINATION:0.462321444927323
C_ROOKANDPAWNMOVEMENT:0.462321444927323
C_CENTERCONTROL:0.4832107348764437
C_DEVELOPPIECES:0.519740361984345
C_MATERIAL:0.5428648742572767
C_MOVECOUNT:0.5
