ELO:785
CE_PASSEDPAWNS:0.521894665025842
CE_PAWNWEAKNESSES:0.5324004846512015
CE_PIECEACTIVITY:0.4293487662704995
CE_KINGPAWNSHIELD:0.4927737505130646
CE_PIECECOORDINATION:0.4821829162104043
CE_MATERIAL:0.5214831173987313
CE_KINGSAFETY:0.49692471125455545
C_PIECESQUARETABLES:0.46961589606836757
C_MOBILITY:0.5629561201234571
C_KINGSAFETY:0.4960659631248653
C_PAWNSTRUCTURE:0.4597813094838769
C_PIECECOORDINATION:0.6038930871613608
C_ROOKANDPAWNMOVEMENT:0.6038930871613608
C_CENTERCONTROL:0.4385868900880533
C_DEVELOPPIECES:0.4835933641709196
C_MATERIAL:0.5222180022471312
C_MOVECOUNT:0.5007988585762919
