ELO:992
CE_PASSEDPAWNS:0.5481951138253413
CE_PAWNWEAKNESSES:0.48835082898168974
CE_PIECEACTIVITY:0.4540653154148447
CE_KINGPAWNSHIELD:0.5852778378431307
CE_PIECECOORDINATION:0.5248466798074324
CE_MATERIAL:0.5075231501428826
CE_KINGSAFETY:0.4936003921438774
C_PIECESQUARETABLES:0.493286147079665
C_MOBILITY:0.4782313522261006
C_KINGSAFETY:0.5888262197120868
C_PAWNSTRUCTURE:0.5775043470981106
C_PIECECOORDINATION:0.556163658808702
C_ROOKANDPAWNMOVEMENT:0.556163658808702
C_CENTERCONTROL:0.5134842678163807
C_DEVELOPPIECES:0.5772753740785829
C_MATERIAL:0.5635407129089808
