ELO:1000
CE_PASSEDPAWNS:0.4781432764274681
CE_PAWNWEAKNESSES:0.4966128136076139
CE_PIECEACTIVITY:0.4722910471609266
CE_KINGPAWNSHIELD:0.5190465303136804
CE_PIECECOORDINATION:0.4694090602900267
CE_MATERIAL:0.500321859328452
CE_KINGSAFETY:0.46880173434783284
C_PIECESQUARETABLES:0.5101755078972819
C_MOBILITY:0.4776088260169903
C_KINGSAFETY:0.5313040222496163
C_PAWNSTRUCTURE:0.4891582543792968
C_PIECECOORDINATION:0.4992804821717857
C_ROOKANDPAWNMOVEMENT:0.4992804821717857
C_CENTERCONTROL:0.48100586009352025
C_DEVELOPPIECES:0.49336207568652923
C_MATERIAL:0.5406233119360359
