ELO:975
CE_PASSEDPAWNS:0.49436872939556414
CE_PAWNWEAKNESSES:0.5095625227569361
CE_PIECEACTIVITY:0.4425855409426928
CE_KINGPAWNSHIELD:0.479173758562018
CE_PIECECOORDINATION:0.5295832204229913
CE_MATERIAL:0.5076250334645115
CE_KINGSAFETY:0.5
C_PIECESQUARETABLES:0.5
C_MOBILITY:0.4946803584072096
C_KINGSAFETY:0.4856725485314289
C_PAWNSTRUCTURE:0.5150076945528476
C_PIECECOORDINATION:0.5286482976328899
C_ROOK:0.524347744923213
CE_ROOK:0.5401887733939353
C_CENTERCONTROL:0.5094154599721322
C_DEVELOPPIECES:0.5178565951557476
C_MATERIAL:0.47739840685990753
C_MOVECOUNT:0.530965666656777
C_PAWNMOVEMENT:0.48410916605307214
