ELO:874
CE_PASSEDPAWNS:0.4598373427940788
CE_PAWNWEAKNESSES:0.5048465228724293
CE_PIECEACTIVITY:0.48602919243181125
CE_KINGPAWNSHIELD:0.4922943040324504
CE_PIECECOORDINATION:0.4781896290336722
CE_MATERIAL:0.5396341306602869
CE_KINGSAFETY:0.5166966968041762
C_PIECESQUARETABLES:0.5058272809723561
C_MOBILITY:0.4992236595050147
C_KINGSAFETY:0.45145966248647595
C_PAWNSTRUCTURE:0.49289960207412586
C_PIECECOORDINATION:0.43807224690881214
C_ROOKANDPAWNMOVEMENT:0.43807224690881214
C_CENTERCONTROL:0.557280355071527
C_DEVELOPPIECES:0.4188625109756584
C_MATERIAL:0.5291407181676371
C_MOVECOUNT:0.5
