ELO:966
CE_PASSEDPAWNS:0.5058106661664027
CE_PAWNWEAKNESSES:0.5445737482473436
CE_PIECEACTIVITY:0.5313839234975644
CE_KINGPAWNSHIELD:0.5066123879555207
CE_PIECECOORDINATION:0.4906519002169445
CE_MATERIAL:0.46551848662417816
CE_KINGSAFETY:0.5
C_PIECESQUARETABLES:0.5
C_MOBILITY:0.4801466388132597
C_KINGSAFETY:0.4856725485314289
C_PAWNSTRUCTURE:0.4779380923704642
C_PIECECOORDINATION:0.5339979178981766
C_ROOK:0.524347744923213
CE_ROOK:0.4699253908331813
C_CENTERCONTROL:0.5312171008183291
C_DEVELOPPIECES:0.5142163476549765
C_MATERIAL:0.47739840685990753
C_MOVECOUNT:0.48433468206637914
C_PAWNMOVEMENT:0.5188058466333645
