ELO:1000
CE_PASSEDPAWNS:0.48589792902547646
CE_PAWNWEAKNESSES:0.5006363297901512
CE_PIECEACTIVITY:0.4634634265711547
CE_KINGPAWNSHIELD:0.5283579253706229
CE_PIECECOORDINATION:0.4774611144302137
CE_MATERIAL:0.5129863398606215
CE_KINGSAFETY:0.4559827533987181
C_PIECESQUARETABLES:0.5285273163150067
C_MOBILITY:0.4301992203819838
C_KINGSAFETY:0.5671913675470491
C_PAWNSTRUCTURE:0.545639933420867
C_PIECECOORDINATION:0.4882719167949529
C_ROOKANDPAWNMOVEMENT:0.4882719167949529
C_CENTERCONTROL:0.5010255171231277
C_DEVELOPPIECES:0.4990826865081627
C_MATERIAL:0.5426350401326053
