ELO:934
CE_PASSEDPAWNS:0.6235030719331058
CE_PAWNWEAKNESSES:0.48230506057248235
CE_PIECEACTIVITY:0.4841298091354873
CE_KINGPAWNSHIELD:0.6283524294257601
CE_PIECECOORDINATION:0.5043710481576381
CE_MATERIAL:0.4811687279066206
CE_KINGSAFETY:0.5295801505588851
C_PIECESQUARETABLES:0.48424531475955934
C_MOBILITY:0.516581553964143
C_KINGSAFETY:0.5433536347029976
C_PAWNSTRUCTURE:0.5918858070112366
C_PIECECOORDINATION:0.5709753655259847
C_ROOKANDPAWNMOVEMENT:0.5709753655259847
C_CENTERCONTROL:0.5509850255988836
C_DEVELOPPIECES:0.5997816353441373
C_MATERIAL:0.5643948591589564
