ELO:801
CE_PASSEDPAWNS:0.6275678639515017
CE_PAWNWEAKNESSES:0.4720834080487894
CE_PIECEACTIVITY:0.4342869515203166
CE_KINGPAWNSHIELD:0.6785079887641444
CE_PIECECOORDINATION:0.5280983957289872
CE_MATERIAL:0.4729521534692483
CE_KINGSAFETY:0.5095608218487897
C_PIECESQUARETABLES:0.4855983338000033
C_MOBILITY:0.4973056796990091
C_KINGSAFETY:0.5527382464064957
C_PAWNSTRUCTURE:0.6092371301287447
C_PIECECOORDINATION:0.5825409545641049
C_ROOKANDPAWNMOVEMENT:0.5825409545641049
C_CENTERCONTROL:0.6211429628427662
C_DEVELOPPIECES:0.581396199192656
C_MATERIAL:0.5828748546452386
