ELO:990
CE_PASSEDPAWNS:0.501573421578491
CE_PAWNWEAKNESSES:0.5186686955204443
CE_PIECEACTIVITY:0.49317657092801814
CE_KINGPAWNSHIELD:0.5066023815128171
CE_PIECECOORDINATION:0.5048706925032692
CE_MATERIAL:0.5103811627698248
CE_KINGSAFETY:0.5064740234293017
C_PIECESQUARETABLES:0.4955313665579502
C_MOBILITY:0.49861920813748567
C_KINGSAFETY:0.5007731227862017
C_PAWNSTRUCTURE:0.5107712209218708
C_PIECECOORDINATION:0.5004730279577555
C_ROOKANDPAWNMOVEMENT:0.5004730279577555
C_CENTERCONTROL:0.5034443214746218
C_DEVELOPPIECES:0.48095193723653623
C_MATERIAL:0.49094338093758805
C_MOVECOUNT:0.5
