ELO:966
CE_PASSEDPAWNS:0.5837161622513273
CE_PAWNWEAKNESSES:0.49083146458129784
CE_PIECEACTIVITY:0.45141399418587597
CE_KINGPAWNSHIELD:0.5528129591872282
CE_PIECECOORDINATION:0.511716111208595
CE_MATERIAL:0.5024932657324787
CE_KINGSAFETY:0.5041315108961317
C_PIECESQUARETABLES:0.4928823260880494
C_MOBILITY:0.5003702828366393
C_KINGSAFETY:0.6042855956869626
C_PAWNSTRUCTURE:0.5805447545361585
C_PIECECOORDINATION:0.5930073520520636
C_ROOKANDPAWNMOVEMENT:0.5930073520520636
C_CENTERCONTROL:0.5035142528214342
C_DEVELOPPIECES:0.5495637862311522
C_MATERIAL:0.5663666727108929
