ELO:1000
CE_PASSEDPAWNS:0.4775066635650354
CE_PAWNWEAKNESSES:0.5050245140237942
CE_PIECEACTIVITY:0.46907804436705036
CE_KINGPAWNSHIELD:0.4992896156868004
CE_PIECECOORDINATION:0.4883983353497244
CE_MATERIAL:0.5142504809894518
CE_KINGSAFETY:0.4613573757731601
C_PIECESQUARETABLES:0.5203120755242214
C_MOBILITY:0.45687637227222866
C_KINGSAFETY:0.5487872777725323
C_PAWNSTRUCTURE:0.4956631462857781
C_PIECECOORDINATION:0.48676966756846407
C_ROOKANDPAWNMOVEMENT:0.48676966756846407
C_CENTERCONTROL:0.4933608113688249
C_DEVELOPPIECES:0.49502425971492897
C_MATERIAL:0.525992777255481
