ELO:1030
CE_PASSEDPAWNS:0.49230086897600644
CE_PAWNWEAKNESSES:0.5081195000160523
CE_PIECEACTIVITY:0.5
CE_KINGPAWNSHIELD:0.4996356177504011
CE_PIECECOORDINATION:0.5
CE_MATERIAL:0.5
CE_KINGSAFETY:0.48461259633816134
C_PIECESQUARETABLES:0.5020589838974877
C_MOBILITY:0.5
C_KINGSAFETY:0.5
C_PAWNSTRUCTURE:0.5033271182920115
C_PIECECOORDINATION:0.508005049358327
C_ROOKANDPAWNMOVEMENT:0.508005049358327
C_CENTERCONTROL:0.5053572564495802
C_DEVELOPPIECES:0.47268724656800903
C_MATERIAL:0.506348565087437
C_MOVECOUNT:0.5
