ELO:1006
CE_PASSEDPAWNS:0.438412918462353
CE_PAWNWEAKNESSES:0.43320310746632446
CE_PIECEACTIVITY:0.43390562749949285
CE_KINGPAWNSHIELD:0.4708690782090599
CE_PIECECOORDINATION:0.5970257310031545
CE_MATERIAL:0.461965628125457
CE_KINGSAFETY:0.4986580207755906
C_PIECESQUARETABLES:0.5186018480376624
C_MOBILITY:0.5257155961965331
C_KINGSAFETY:0.6398043675012431
C_PAWNSTRUCTURE:0.4254397754973437
C_PIECECOORDINATION:0.48326682808982857
C_ROOKANDPAWNMOVEMENT:0.48326682808982857
C_CENTERCONTROL:0.5401953559156161
C_DEVELOPPIECES:0.5623094476084121
C_MATERIAL:0.42349635511458467
