ELO:1000
CE_PASSEDPAWNS:0.5019623347633378
CE_PAWNWEAKNESSES:0.5
CE_PIECEACTIVITY:0.5
CE_KINGPAWNSHIELD:0.4881420437335516
CE_PIECECOORDINATION:0.49558281701553675
CE_MATERIAL:0.49329086733780125
CE_KINGSAFETY:0.48842203402811546
C_PIECESQUARETABLES:0.5
C_MOBILITY:0.5082177794032284
C_KINGSAFETY:0.5120042711320522
C_PAWNSTRUCTURE:0.48996818250988367
C_PIECECOORDINATION:0.5177287098312987
C_ROOKANDPAWNMOVEMENT:0.5177287098312987
C_CENTERCONTROL:0.5066819548812403
C_DEVELOPPIECES:0.5069958934278189
C_MATERIAL:0.4848784906169784
