ELO:797
CE_PASSEDPAWNS:0.37406367312816846
CE_PAWNWEAKNESSES:0.4843804592759103
CE_PIECEACTIVITY:0.4172316235755738
CE_KINGPAWNSHIELD:0.5804016859349956
CE_PIECECOORDINATION:0.4230123016241434
CE_MATERIAL:0.4861230288290864
CE_KINGSAFETY:0.49780539861054063
C_PIECESQUARETABLES:0.47885840501485044
C_MOBILITY:0.3448382053653514
C_KINGSAFETY:0.4912847973756891
C_PAWNSTRUCTURE:0.5691142783511778
C_PIECECOORDINATION:0.32401048887800665
C_ROOKANDPAWNMOVEMENT:0.32401048887800665
C_CENTERCONTROL:0.4939754151715918
C_DEVELOPPIECES:0.5178712764693498
C_MATERIAL:0.47920405003001904
