ELO:1100
CE_PASSEDPAWNS:0.4365486869075721
CE_PAWNWEAKNESSES:0.524812756765639
CE_PIECEACTIVITY:0.46751319950225895
CE_KINGPAWNSHIELD:0.4834597852583117
CE_PIECECOORDINATION:0.5707969823983154
CE_MATERIAL:0.45008198431207713
CE_KINGSAFETY:0.5415377687215848
C_PIECESQUARETABLES:0.511392365994661
C_MOBILITY:0.5346025628916321
C_KINGSAFETY:0.4755111678932337
C_PAWNSTRUCTURE:0.41040599071577993
C_PIECECOORDINATION:0.4883630628241899
C_ROOKANDPAWNMOVEMENT:0.4883630628241899
C_CENTERCONTROL:0.4812614257672478
C_DEVELOPPIECES:0.5601423545793263
C_MATERIAL:0.40644967649864716
