ELO:1000
CE_PASSEDPAWNS:0.4769961871539558
CE_PAWNWEAKNESSES:0.4938977615503365
CE_PIECEACTIVITY:0.4715344740135783
CE_KINGPAWNSHIELD:0.5206343647641954
CE_PIECECOORDINATION:0.46951505570324203
CE_MATERIAL:0.51093738713804
CE_KINGSAFETY:0.4646894587705346
C_PIECESQUARETABLES:0.5339289821534478
C_MOBILITY:0.4236782732096919
C_KINGSAFETY:0.5262086369460576
C_PAWNSTRUCTURE:0.5114538266636688
C_PIECECOORDINATION:0.4744021771505944
C_ROOKANDPAWNMOVEMENT:0.4744021771505944
C_CENTERCONTROL:0.5167543412165948
C_DEVELOPPIECES:0.48406438547650626
C_MATERIAL:0.5238526904960318
