ELO:1031
CE_PASSEDPAWNS:0.4604436130034457
CE_PAWNWEAKNESSES:0.49808850080363193
CE_PIECEACTIVITY:0.5153854580252264
CE_KINGPAWNSHIELD:0.5179472640820005
CE_PIECECOORDINATION:0.5110339317391717
CE_MATERIAL:0.4854557284310531
CE_KINGSAFETY:0.48461259633816134
C_PIECESQUARETABLES:0.49691382707253606
C_MOBILITY:0.5246557085291825
C_KINGSAFETY:0.4931622217291123
C_PAWNSTRUCTURE:0.5310768004353464
C_PIECECOORDINATION:0.5
C_ROOKANDPAWNMOVEMENT:0.5
C_CENTERCONTROL:0.4917995200095904
C_DEVELOPPIECES:0.5236756230347779
C_MATERIAL:0.47804158443234257
C_MOVECOUNT:0.5
