ELO:1014
CE_PASSEDPAWNS:0.5
CE_PAWNWEAKNESSES:0.4873523081131762
CE_PIECEACTIVITY:0.5158364957411944
CE_KINGPAWNSHIELD:0.5051472709344791
CE_PIECECOORDINATION:0.5
CE_MATERIAL:0.5078068646755894
CE_KINGSAFETY:0.5
C_PIECESQUARETABLES:0.4889098101684643
C_MOBILITY:0.4991951911504248
C_KINGSAFETY:0.4878412720272418
C_PAWNSTRUCTURE:0.5211379742219002
C_PIECECOORDINATION:0.5
C_ROOKANDPAWNMOVEMENT:0.5
C_CENTERCONTROL:0.5
C_DEVELOPPIECES:0.48991111675954907
C_MATERIAL:0.5174732685502605
C_MOVECOUNT:0.5067811629662807
