ELO:1046
CE_PASSEDPAWNS:0.518512912745212
CE_PAWNWEAKNESSES:0.5105908587804068
CE_PIECEACTIVITY:0.5036879038424827
CE_KINGPAWNSHIELD:0.5029750799413344
CE_PIECECOORDINATION:0.49319514281930077
CE_MATERIAL:0.489238603595839
CE_KINGSAFETY:0.5163072265331654
C_PIECESQUARETABLES:0.5
C_MOBILITY:0.5
C_KINGSAFETY:0.4987134115175351
C_PAWNSTRUCTURE:0.49856283531717654
C_PIECECOORDINATION:0.5080563668692634
C_ROOK:0.48607583648460895
CE_ROOK:0.5095006953068452
C_CENTERCONTROL:0.4925780737488031
C_DEVELOPPIECES:0.4782779459000473
C_MATERIAL:0.5067146242781014
C_MOVECOUNT:0.5
C_PAWNMOVEMENT:0.5187923663744349
