ELO:882
CE_PASSEDPAWNS:0.49172219196882877
CE_PAWNWEAKNESSES:0.5401403480491189
CE_PIECEACTIVITY:0.3954349153398754
CE_KINGPAWNSHIELD:0.5983325506269407
CE_PIECECOORDINATION:0.5116495252475792
CE_MATERIAL:0.48419397193877317
CE_KINGSAFETY:0.4976939815452922
C_PIECESQUARETABLES:0.4517400384378815
C_MOBILITY:0.5188673998828454
C_KINGSAFETY:0.5018766537944888
C_PAWNSTRUCTURE:0.6146301250852524
C_PIECECOORDINATION:0.5794818752786326
C_ROOKANDPAWNMOVEMENT:0.5794818752786326
C_CENTERCONTROL:0.6296233526787987
C_DEVELOPPIECES:0.5320085417972004
C_MATERIAL:0.3925013017598007
