ELO:985
CE_PASSEDPAWNS:0.5164630415441092
CE_PAWNWEAKNESSES:0.4927889234331154
CE_PIECEACTIVITY:0.505083284785735
CE_KINGPAWNSHIELD:0.4887692377501839
CE_PIECECOORDINATION:0.5023737374061283
CE_MATERIAL:0.5020837030218063
CE_KINGSAFETY:0.5
C_PIECESQUARETABLES:0.5
C_MOBILITY:0.5
C_KINGSAFETY:0.5083006892689402
C_PAWNSTRUCTURE:0.4900944976785987
C_PIECECOORDINATION:0.5039971639601325
C_ROOKANDPAWNMOVEMENT:0.5039971639601325
C_CENTERCONTROL:0.48789974673174163
C_DEVELOPPIECES:0.49100413931837295
C_MATERIAL:0.48715541878707075
C_MOVECOUNT:0.5105296283259586
