ELO:973
CE_PASSEDPAWNS:0.5035992308311273
CE_PAWNWEAKNESSES:0.5167720548664961
CE_PIECEACTIVITY:0.4973964769961462
CE_KINGPAWNSHIELD:0.4755850847785666
CE_PIECECOORDINATION:0.5041046752761575
CE_MATERIAL:0.48776100431941444
CE_KINGSAFETY:0.5075940313819141
C_PIECESQUARETABLES:0.5051653512604629
C_MOBILITY:0.5033739193534117
C_KINGSAFETY:0.5012679771454912
C_PAWNSTRUCTURE:0.5102359558724169
C_PIECECOORDINATION:0.49367868384903024
C_ROOKANDPAWNMOVEMENT:0.49367868384903024
C_CENTERCONTROL:0.4971377068932081
C_DEVELOPPIECES:0.511329343863725
C_MATERIAL:0.501135308393487
C_MOVECOUNT:0.5
