ELO:1024
CE_PASSEDPAWNS:0.5030363359229012
CE_PAWNWEAKNESSES:0.503933765697558
CE_PIECEACTIVITY:0.5044159959273475
CE_KINGPAWNSHIELD:0.510811511129474
CE_PIECECOORDINATION:0.5
CE_MATERIAL:0.511033591718466
CE_KINGSAFETY:0.5017807403250218
C_PIECESQUARETABLES:0.5022890764764277
C_MOBILITY:0.5236038692971796
C_KINGSAFETY:0.5027428115670924
C_PAWNSTRUCTURE:0.5
C_PIECECOORDINATION:0.4906934115371693
C_ROOKANDPAWNMOVEMENT:0.4906934115371693
C_CENTERCONTROL:0.4848481907369157
C_DEVELOPPIECES:0.4932290045994338
C_MATERIAL:0.5039326525904423
