ELO:934
CE_PASSEDPAWNS:0.6161622113703792
CE_PAWNWEAKNESSES:0.48323301158511095
CE_PIECEACTIVITY:0.47470742835286817
CE_KINGPAWNSHIELD:0.6323274338115216
CE_PIECECOORDINATION:0.5233290440594764
CE_MATERIAL:0.48448043891327475
CE_KINGSAFETY:0.51214173799629
C_PIECESQUARETABLES:0.47896054602572785
C_MOBILITY:0.4880815413703055
C_KINGSAFETY:0.5130095549996867
C_PAWNSTRUCTURE:0.6067000074169546
C_PIECECOORDINATION:0.5772742447637174
C_ROOKANDPAWNMOVEMENT:0.5772742447637174
C_CENTERCONTROL:0.5851256997790875
C_DEVELOPPIECES:0.5977356899762997
C_MATERIAL:0.5755088652850469
