ELO:992
CE_PASSEDPAWNS:0.5375786909453301
CE_PAWNWEAKNESSES:0.493438509730092
CE_PIECEACTIVITY:0.4540653154148447
CE_KINGPAWNSHIELD:0.5852778378431307
CE_PIECECOORDINATION:0.5289621542659368
CE_MATERIAL:0.5043697608797594
CE_KINGSAFETY:0.5007520336280473
C_PIECESQUARETABLES:0.493286147079665
C_MOBILITY:0.4891762977645778
C_KINGSAFETY:0.5767220774357686
C_PAWNSTRUCTURE:0.5613882583420111
C_PIECECOORDINATION:0.5539035690659749
C_ROOKANDPAWNMOVEMENT:0.5539035690659749
C_CENTERCONTROL:0.5077657232551172
C_DEVELOPPIECES:0.5707909441306529
C_MATERIAL:0.5657314923968101
