ELO:801
CE_PASSEDPAWNS:0.6318295852021489
CE_PAWNWEAKNESSES:0.4794337141636692
CE_PIECEACTIVITY:0.43640232903424614
CE_KINGPAWNSHIELD:0.6619799988917292
CE_PIECECOORDINATION:0.5407980344981547
CE_MATERIAL:0.47154834682151786
CE_KINGSAFETY:0.4931234753458758
C_PIECESQUARETABLES:0.5177585513542213
C_MOBILITY:0.4760134316104985
C_KINGSAFETY:0.5675682069055998
C_PAWNSTRUCTURE:0.6117432985619435
C_PIECECOORDINATION:0.5868202773863784
C_ROOKANDPAWNMOVEMENT:0.5868202773863784
C_CENTERCONTROL:0.6256041706387361
C_DEVELOPPIECES:0.5933750704139225
C_MATERIAL:0.5607244409914156
