ELO:825
CE_PASSEDPAWNS:0.5007434181802333
CE_PAWNWEAKNESSES:0.4836674746191234
CE_PIECEACTIVITY:0.5459100376878206
CE_KINGPAWNSHIELD:0.532393694162383
CE_PIECECOORDINATION:0.49977856237144774
CE_MATERIAL:0.5082296777934264
CE_KINGSAFETY:0.47853770967819703
C_PIECESQUARETABLES:0.493220865906851
C_MOBILITY:0.5345270229383554
C_KINGSAFETY:0.49311874262941424
C_PAWNSTRUCTURE:0.5347869142427362
C_PIECECOORDINATION:0.5032513768694841
C_ROOKANDPAWNMOVEMENT:0.5032513768694841
C_CENTERCONTROL:0.5062630150644158
C_DEVELOPPIECES:0.47114452292877834
C_MATERIAL:0.6149633474187891
C_MOVECOUNT:0.5
