ELO:957
CE_PASSEDPAWNS:0.5019418467804837
CE_PAWNWEAKNESSES:0.5445737482473436
CE_PIECEACTIVITY:0.5292312026734477
CE_KINGPAWNSHIELD:0.5156240509258772
CE_PIECECOORDINATION:0.4889549560316661
CE_MATERIAL:0.46551848662417816
CE_KINGSAFETY:0.5
C_PIECESQUARETABLES:0.5
C_MOBILITY:0.4866166009903809
C_KINGSAFETY:0.4856725485314289
C_PAWNSTRUCTURE:0.4779380923704642
C_PIECECOORDINATION:0.5110807076238908
C_ROOK:0.524347744923213
CE_ROOK:0.487422950035038
C_CENTERCONTROL:0.5312171008183291
C_DEVELOPPIECES:0.5328106656131358
C_MATERIAL:0.47739840685990753
C_MOVECOUNT:0.48433468206637914
C_PAWNMOVEMENT:0.530030485114876
