ELO:992
CE_PASSEDPAWNS:0.5481951138253413
CE_PAWNWEAKNESSES:0.48835082898168974
CE_PIECEACTIVITY:0.4540653154148447
CE_KINGPAWNSHIELD:0.5821864752227754
CE_PIECECOORDINATION:0.5128704869614258
CE_MATERIAL:0.5075231501428826
CE_KINGSAFETY:0.4989758205776063
C_PIECESQUARETABLES:0.493286147079665
C_MOBILITY:0.48692518614229
C_KINGSAFETY:0.6004588791764919
C_PAWNSTRUCTURE:0.5775043470981106
C_PIECECOORDINATION:0.5534252764182622
C_ROOKANDPAWNMOVEMENT:0.5534252764182622
C_CENTERCONTROL:0.5193857426030575
C_DEVELOPPIECES:0.5772753740785829
C_MATERIAL:0.5635407129089808
