ELO:988
CE_PASSEDPAWNS:0.5886569748605455
CE_PAWNWEAKNESSES:0.4736926295171932
CE_PIECEACTIVITY:0.40997448418345006
CE_KINGPAWNSHIELD:0.4869065314901961
CE_PIECECOORDINATION:0.4598971860887101
CE_MATERIAL:0.5379575748874184
CE_KINGSAFETY:0.4711512925732804
C_PIECESQUARETABLES:0.5255515313911191
C_MOBILITY:0.49649462186572263
C_KINGSAFETY:0.420805315076002
C_PAWNSTRUCTURE:0.49498502127108285
C_PIECECOORDINATION:0.46094174310252395
C_ROOKANDPAWNMOVEMENT:0.46094174310252395
C_CENTERCONTROL:0.5054382766571622
C_DEVELOPPIECES:0.5085839748980389
C_MATERIAL:0.4933148533939545
