ELO:1000
CE_PASSEDPAWNS:0.4742977471039322
CE_PAWNWEAKNESSES:0.5741898907758944
CE_PIECEACTIVITY:0.5398515849240283
CE_KINGPAWNSHIELD:0.47885878002802035
CE_PIECECOORDINATION:0.520173874745506
CE_MATERIAL:0.43121819094627795
CE_KINGSAFETY:0.5058020550082902
C_PIECESQUARETABLES:0.5
C_MOBILITY:0.47697534658825785
C_KINGSAFETY:0.4661508554686242
C_PAWNSTRUCTURE:0.5145722143024611
C_PIECECOORDINATION:0.5346845369690607
C_ROOKANDPAWNMOVEMENT:0.5346845369690607
C_CENTERCONTROL:0.4971582037233386
C_DEVELOPPIECES:0.5569175560315343
C_MATERIAL:0.48884893002609187
