ELO:996
CE_PASSEDPAWNS:0.4532891022701402
CE_PAWNWEAKNESSES:0.5335324254881705
CE_PIECEACTIVITY:0.4448450718837937
CE_KINGPAWNSHIELD:0.5805952521154933
CE_PIECECOORDINATION:0.41767880267253704
CE_MATERIAL:0.5527979521120635
CE_KINGSAFETY:0.5
C_PIECESQUARETABLES:0.5035826783499093
C_MOBILITY:0.5706952454748667
C_KINGSAFETY:0.5075301285453622
C_PAWNSTRUCTURE:0.4157917855958622
C_PIECECOORDINATION:0.4720537070787843
C_ROOKANDPAWNMOVEMENT:0.4720537070787843
C_CENTERCONTROL:0.5022685619995454
C_DEVELOPPIECES:0.5791539268498748
C_MATERIAL:0.5310376394216852
