ELO:957
CE_PASSEDPAWNS:0.5057894106425831
CE_PAWNWEAKNESSES:0.4916816172936908
CE_PIECEACTIVITY:0.5031955649658136
CE_KINGPAWNSHIELD:0.5175759501766207
CE_PIECECOORDINATION:0.48046343542122727
CE_MATERIAL:0.4919403409280989
CE_KINGSAFETY:0.495987750439818
C_PIECESQUARETABLES:0.5042925193274469
C_MOBILITY:0.5065249898455103
C_KINGSAFETY:0.5060992312208319
C_PAWNSTRUCTURE:0.5235774943341668
C_PIECECOORDINATION:0.5033665983404145
C_ROOK:0.5043181999246584
CE_ROOK:0.5200520741143579
C_CENTERCONTROL:0.5056775722110431
C_DEVELOPPIECES:0.5081038674991857
C_MATERIAL:0.48409997181771675
C_MOVECOUNT:0.5339272810536274
C_PAWNMOVEMENT:0.4682627520129774
