ELO:922
CE_PASSEDPAWNS:0.5183389878094301
CE_PAWNWEAKNESSES:0.5134299587581613
CE_PIECEACTIVITY:0.5117003691969
CE_KINGPAWNSHIELD:0.5270881439852039
CE_PIECECOORDINATION:0.471933535096659
CE_MATERIAL:0.47278087240152306
CE_KINGSAFETY:0.507653054444312
C_PIECESQUARETABLES:0.4982336323898254
C_MOBILITY:0.5428430107392522
C_KINGSAFETY:0.5080286439948374
C_PAWNSTRUCTURE:0.5185281240836467
C_PIECECOORDINATION:0.5088337182078562
C_ROOK:0.4967597211881437
CE_ROOK:0.5161090817644008
C_CENTERCONTROL:0.5122252363491152
C_DEVELOPPIECES:0.4830216248509383
C_MATERIAL:0.46995956014453155
C_MOVECOUNT:0.5083927141239104
C_PAWNMOVEMENT:0.48509546660109826
