ELO:978
CE_PASSEDPAWNS:0.5220457583757514
CE_PAWNWEAKNESSES:0.4963574301659192
CE_PIECEACTIVITY:0.5108156601530711
CE_KINGPAWNSHIELD:0.5045772952392289
CE_PIECECOORDINATION:0.47751754038762606
CE_MATERIAL:0.49607417654427705
CE_KINGSAFETY:0.5122309184005841
C_PIECESQUARETABLES:0.5022223577478373
C_MOBILITY:0.4880479978472567
C_KINGSAFETY:0.5026137567996124
C_PAWNSTRUCTURE:0.4859729903569649
C_PIECECOORDINATION:0.5162217696011477
C_ROOK:0.4956974668608598
CE_ROOK:0.49598548623214117
C_CENTERCONTROL:0.51825409206035
C_DEVELOPPIECES:0.5113877156880714
C_MATERIAL:0.49340365543818354
C_MOVECOUNT:0.5155280093010731
C_PAWNMOVEMENT:0.5017485940301003
