ELO:1000
CE_PASSEDPAWNS:0.49697631464102016
CE_PAWNWEAKNESSES:0.5
CE_PIECEACTIVITY:0.49667985802142095
CE_KINGPAWNSHIELD:0.48638906447454816
CE_PIECECOORDINATION:0.5089752336306963
CE_MATERIAL:0.5
CE_KINGSAFETY:0.5
C_PIECESQUARETABLES:0.502069669392629
C_MOBILITY:0.5
C_KINGSAFETY:0.5006443270036267
C_PAWNSTRUCTURE:0.48952623788571475
C_PIECECOORDINATION:0.5141355661886795
C_ROOK:0.4887044996189624
CE_ROOK:0.5
C_CENTERCONTROL:0.5
C_DEVELOPPIECES:0.5
C_MATERIAL:0.5
C_MOVECOUNT:0.5
C_PAWNMOVEMENT:0.5
