ELO:992
CE_PASSEDPAWNS:0.5515487419466085
CE_PAWNWEAKNESSES:0.5752463354951789
CE_PIECEACTIVITY:0.5210553736996105
CE_KINGPAWNSHIELD:0.48422680928551287
CE_PIECECOORDINATION:0.4780318363897397
CE_MATERIAL:0.4733486404114041
CE_KINGSAFETY:0.506522680915341
C_PIECESQUARETABLES:0.5105869829631343
C_MOBILITY:0.5188652472285064
C_KINGSAFETY:0.49675890025814445
C_PAWNSTRUCTURE:0.5485571569114022
C_PIECECOORDINATION:0.5351023782936596
C_ROOKANDPAWNMOVEMENT:0.5351023782936596
C_CENTERCONTROL:0.6048272092120016
C_DEVELOPPIECES:0.42365071999034043
C_MATERIAL:0.506615300553697
