ELO:1018
CE_PASSEDPAWNS:0.4952969715489049
CE_PAWNWEAKNESSES:0.5055506396090632
CE_PIECEACTIVITY:0.5
CE_KINGPAWNSHIELD:0.5112219370952459
CE_PIECECOORDINATION:0.500674893114705
CE_MATERIAL:0.5
CE_KINGSAFETY:0.5
C_PIECESQUARETABLES:0.5022948996612455
C_MOBILITY:0.5104476449062311
C_KINGSAFETY:0.5
C_PAWNSTRUCTURE:0.5111200426858324
C_PIECECOORDINATION:0.505616472657829
C_ROOKANDPAWNMOVEMENT:0.505616472657829
C_CENTERCONTROL:0.5
C_DEVELOPPIECES:0.5088183891436162
C_MATERIAL:0.4878600580638225
C_MOVECOUNT:0.487164175967892
