ELO:1007
CE_PASSEDPAWNS:0.49385764124978554
CE_PAWNWEAKNESSES:0.5055506396090632
CE_PIECEACTIVITY:0.49542948637182177
CE_KINGPAWNSHIELD:0.5112219370952459
CE_PIECECOORDINATION:0.500674893114705
CE_MATERIAL:0.517023847678205
CE_KINGSAFETY:0.4934416262838523
C_PIECESQUARETABLES:0.4890703944751604
C_MOBILITY:0.4781857800421205
C_KINGSAFETY:0.5256628113547474
C_PAWNSTRUCTURE:0.5016889709349319
C_PIECECOORDINATION:0.5165942686217048
C_ROOKANDPAWNMOVEMENT:0.5165942686217048
C_CENTERCONTROL:0.4891520951590529
C_DEVELOPPIECES:0.48439688876623704
C_MATERIAL:0.49927390350606216
C_MOVECOUNT:0.487164175967892
