ELO:987
CE_PASSEDPAWNS:0.6021966068797492
CE_PAWNWEAKNESSES:0.4849837746408724
CE_PIECEACTIVITY:0.42261294558589707
CE_KINGPAWNSHIELD:0.48163705784391003
CE_PIECECOORDINATION:0.4579832007723403
CE_MATERIAL:0.5305808360435538
CE_KINGSAFETY:0.5109659579569632
C_PIECESQUARETABLES:0.4949894633101076
C_MOBILITY:0.5098246757403344
C_KINGSAFETY:0.43326112595528793
C_PAWNSTRUCTURE:0.502226390084178
C_PIECECOORDINATION:0.44948535703066794
C_ROOKANDPAWNMOVEMENT:0.44948535703066794
C_CENTERCONTROL:0.526091075434784
C_DEVELOPPIECES:0.5275092665464642
C_MATERIAL:0.49495287351923145
