ELO:1012
CE_PASSEDPAWNS:0.5013144296923507
CE_PAWNWEAKNESSES:0.5
CE_PIECEACTIVITY:0.49554508568472627
CE_KINGPAWNSHIELD:0.5
CE_PIECECOORDINATION:0.5
CE_MATERIAL:0.518177048060177
CE_KINGSAFETY:0.5054242102969034
C_PIECESQUARETABLES:0.5
C_MOBILITY:0.5075383275313223
C_KINGSAFETY:0.49236190234821764
C_PAWNSTRUCTURE:0.5113236285593837
C_PIECECOORDINATION:0.505616472657829
C_ROOKANDPAWNMOVEMENT:0.505616472657829
C_CENTERCONTROL:0.4915318417526674
C_DEVELOPPIECES:0.4971055385863052
C_MATERIAL:0.5
C_MOVECOUNT:0.5000291857498538
