ELO:994
CE_PASSEDPAWNS:0.5109334882584033
CE_PAWNWEAKNESSES:0.4926890627695068
CE_PIECEACTIVITY:0.5025044608386438
CE_KINGPAWNSHIELD:0.5045772952392289
CE_PIECECOORDINATION:0.47673903764116704
CE_MATERIAL:0.49607417654427705
CE_KINGSAFETY:0.5122309184005841
C_PIECESQUARETABLES:0.5022223577478373
C_MOBILITY:0.4880479978472567
C_KINGSAFETY:0.5026137567996124
C_PAWNSTRUCTURE:0.4859729903569649
C_PIECECOORDINATION:0.5121721195162567
C_ROOK:0.4956974668608598
CE_ROOK:0.49598548623214117
C_CENTERCONTROL:0.5107157080374466
C_DEVELOPPIECES:0.5098700022353037
C_MATERIAL:0.49340365543818354
C_MOVECOUNT:0.5103967328712972
C_PAWNMOVEMENT:0.5017485940301003
