ELO:909
CE_PASSEDPAWNS:0.49505884206971307
CE_PAWNWEAKNESSES:0.5593693624086987
CE_PIECEACTIVITY:0.6126470106184031
CE_KINGPAWNSHIELD:0.46578761951147046
CE_PIECECOORDINATION:0.5177574358289336
CE_MATERIAL:0.507150711451898
CE_KINGSAFETY:0.5205914985980947
C_PIECESQUARETABLES:0.4839407869903326
C_MOBILITY:0.5785044572939537
C_KINGSAFETY:0.4395901641155131
C_PAWNSTRUCTURE:0.5022506684909
C_PIECECOORDINATION:0.5346171737982427
C_ROOKANDPAWNMOVEMENT:0.5346171737982427
C_CENTERCONTROL:0.529661787680194
C_DEVELOPPIECES:0.5116970382253551
C_MATERIAL:0.45209666306643403
