ELO:975
CE_PASSEDPAWNS:0.5297352674662438
CE_PAWNWEAKNESSES:0.4963574301659192
CE_PIECEACTIVITY:0.5108156601530711
CE_KINGPAWNSHIELD:0.5178811274066989
CE_PIECECOORDINATION:0.48691228119493085
CE_MATERIAL:0.5041171119675024
CE_KINGSAFETY:0.5122309184005841
C_PIECESQUARETABLES:0.5022223577478373
C_MOBILITY:0.4880479978472567
C_KINGSAFETY:0.5026137567996124
C_PAWNSTRUCTURE:0.4841327615050906
C_PIECECOORDINATION:0.5162217696011477
C_ROOK:0.4956974668608598
CE_ROOK:0.49598548623214117
C_CENTERCONTROL:0.51825409206035
C_DEVELOPPIECES:0.5067209776757974
C_MATERIAL:0.4838093337328551
C_MOVECOUNT:0.5065458558530229
C_PAWNMOVEMENT:0.4862749612105287
