ELO:1008
CE_PASSEDPAWNS:0.5
CE_PAWNWEAKNESSES:0.522159024388032
CE_PIECEACTIVITY:0.5
CE_KINGPAWNSHIELD:0.4994939214290865
CE_PIECECOORDINATION:0.5097306517003052
CE_MATERIAL:0.5214958727162444
CE_KINGSAFETY:0.49609717957349475
C_PIECESQUARETABLES:0.5
C_MOBILITY:0.49456087096771423
C_KINGSAFETY:0.5070055251500574
C_PAWNSTRUCTURE:0.5175893163227536
C_PIECECOORDINATION:0.49704509717444456
C_ROOKANDPAWNMOVEMENT:0.49704509717444456
C_CENTERCONTROL:0.4985720923790963
C_DEVELOPPIECES:0.5036828372204432
C_MATERIAL:0.4912679704390812
C_MOVECOUNT:0.5
