ELO:1017
CE_PASSEDPAWNS:0.4908484871352275
CE_PAWNWEAKNESSES:0.4792852776395572
CE_PIECEACTIVITY:0.5060959605808732
CE_KINGPAWNSHIELD:0.4983812704453315
CE_PIECECOORDINATION:0.496397020083798
CE_MATERIAL:0.48380355378292067
CE_KINGSAFETY:0.497988497846562
C_PIECESQUARETABLES:0.5032136314349649
C_MOBILITY:0.4894338169848829
C_KINGSAFETY:0.5
C_PAWNSTRUCTURE:0.5049907578683622
C_PIECECOORDINATION:0.5002452361989146
C_ROOKANDPAWNMOVEMENT:0.5002452361989146
C_CENTERCONTROL:0.5116312311063601
C_DEVELOPPIECES:0.5126645837151459
C_MATERIAL:0.49476139685531306
C_MOVECOUNT:0.5
