ELO:955
CE_PASSEDPAWNS:0.5027246483327475
CE_PAWNWEAKNESSES:0.4886239156832516
CE_PIECEACTIVITY:0.5128935260277835
CE_KINGPAWNSHIELD:0.5175759501766207
CE_PIECECOORDINATION:0.48677554309286425
CE_MATERIAL:0.48503571439001714
CE_KINGSAFETY:0.495987750439818
C_PIECESQUARETABLES:0.5042925193274469
C_MOBILITY:0.5065249898455103
C_KINGSAFETY:0.49698034481566833
C_PAWNSTRUCTURE:0.5143305925842936
C_PIECECOORDINATION:0.5004011966485321
C_ROOK:0.5043181999246584
CE_ROOK:0.5200520741143579
C_CENTERCONTROL:0.5061674143120564
C_DEVELOPPIECES:0.5089935638007781
C_MATERIAL:0.48409997181771675
C_MOVECOUNT:0.5488731274892015
C_PAWNMOVEMENT:0.4682627520129774
