ELO:761
CE_PASSEDPAWNS:0.5349714198209509
CE_PAWNWEAKNESSES:0.4595372812347122
CE_PIECEACTIVITY:0.450062554235921
CE_KINGPAWNSHIELD:0.5548981013813437
CE_PIECECOORDINATION:0.49321879349918063
CE_MATERIAL:0.5551675929164305
CE_KINGSAFETY:0.54408008373905
C_PIECESQUARETABLES:0.5152874693613345
C_MOBILITY:0.49945727501015114
C_KINGSAFETY:0.5050622445671011
C_PAWNSTRUCTURE:0.637406939122258
C_PIECECOORDINATION:0.44743665338565247
C_ROOKANDPAWNMOVEMENT:0.44743665338565247
C_CENTERCONTROL:0.5071599369216486
C_DEVELOPPIECES:0.41624930455387377
C_MATERIAL:0.5388846603089883
C_MOVECOUNT:0.5
