ELO:1000
CE_PASSEDPAWNS:0.469719799088487
CE_PAWNWEAKNESSES:0.5213043673897448
CE_PIECEACTIVITY:0.5128724291394376
CE_KINGPAWNSHIELD:0.4932058231998556
CE_PIECECOORDINATION:0.48345935659515904
CE_MATERIAL:0.5196482601655033
CE_KINGSAFETY:0.4912882982148863
C_PIECESQUARETABLES:0.5158320943562608
C_MOBILITY:0.5116627699384922
C_KINGSAFETY:0.4671500357766133
C_PAWNSTRUCTURE:0.5122611338360802
C_PIECECOORDINATION:0.49372693529904693
C_ROOKANDPAWNMOVEMENT:0.49372693529904693
C_CENTERCONTROL:0.5052384643420222
C_DEVELOPPIECES:0.5096110237708452
C_MATERIAL:0.484931538437881
