ELO:954
CE_PASSEDPAWNS:0.45832254822348567
CE_PAWNWEAKNESSES:0.4477663339015076
CE_PIECEACTIVITY:0.5540462313462113
CE_KINGPAWNSHIELD:0.48748713488164774
CE_PIECECOORDINATION:0.4504188056844327
CE_MATERIAL:0.3864492021838943
CE_KINGSAFETY:0.5
C_PIECESQUARETABLES:0.5
C_MOBILITY:0.5007699148585505
C_KINGSAFETY:0.4420780055522896
C_PAWNSTRUCTURE:0.3758079165372311
C_PIECECOORDINATION:0.46043356582307043
C_ROOKANDPAWNMOVEMENT:0.46043356582307043
C_CENTERCONTROL:0.5232826369555287
C_DEVELOPPIECES:0.5760011471346395
C_MATERIAL:0.6208478746626689
