ELO:999
CE_PASSEDPAWNS:0.4998112062800333
CE_PAWNWEAKNESSES:0.5157556174906968
CE_PIECEACTIVITY:0.4856841135853951
CE_KINGPAWNSHIELD:0.4880347587740583
CE_PIECECOORDINATION:0.5052619797833543
CE_MATERIAL:0.5190707827193198
CE_KINGSAFETY:0.510697465862933
C_PIECESQUARETABLES:0.5089739769878067
C_MOBILITY:0.5156740937477858
C_KINGSAFETY:0.48833975727234585
C_PAWNSTRUCTURE:0.505524713307895
C_PIECECOORDINATION:0.466008852616149
C_ROOKANDPAWNMOVEMENT:0.466008852616149
C_CENTERCONTROL:0.5088250443929709
C_DEVELOPPIECES:0.4998394094843482
C_MATERIAL:0.5035624052044242
