ELO:1000
CE_PASSEDPAWNS:0.4919683247923571
CE_PAWNWEAKNESSES:0.5593144192523654
CE_PIECEACTIVITY:0.561200105732289
CE_KINGPAWNSHIELD:0.5295966706373897
CE_PIECECOORDINATION:0.5191629753356517
CE_MATERIAL:0.49354098589848644
CE_KINGSAFETY:0.5060342173860433
C_PIECESQUARETABLES:0.46272716721616125
C_MOBILITY:0.5079657436130478
C_KINGSAFETY:0.5071148101973424
C_PAWNSTRUCTURE:0.5237382939376729
C_PIECECOORDINATION:0.5148807255753105
C_ROOKANDPAWNMOVEMENT:0.5148807255753105
C_CENTERCONTROL:0.5066683130333841
C_DEVELOPPIECES:0.5295065048163262
C_MATERIAL:0.45993786583815605
