ELO:976
CE_PASSEDPAWNS:0.5251113877501988
CE_PAWNWEAKNESSES:0.5076407906605612
CE_PIECEACTIVITY:0.48971838434356574
CE_KINGPAWNSHIELD:0.5
CE_PIECECOORDINATION:0.4852063996030974
CE_MATERIAL:0.4924845476456342
CE_KINGSAFETY:0.5
C_PIECESQUARETABLES:0.5
C_MOBILITY:0.4997958112620809
C_KINGSAFETY:0.4962022592025759
C_PAWNSTRUCTURE:0.5093442145825158
C_PIECECOORDINATION:0.49530913642701707
C_ROOKANDPAWNMOVEMENT:0.49530913642701707
C_CENTERCONTROL:0.4860165521719174
C_DEVELOPPIECES:0.4857100590810222
C_MATERIAL:0.4893816018597479
C_MOVECOUNT:0.5
