ELO:995
CE_PASSEDPAWNS:0.5
CE_PAWNWEAKNESSES:0.521285349506013
CE_PIECEACTIVITY:0.5093522611355732
CE_KINGPAWNSHIELD:0.4998219103617872
CE_PIECECOORDINATION:0.5045947923387265
CE_MATERIAL:0.5043907298459133
CE_KINGSAFETY:0.512206824714126
C_PIECESQUARETABLES:0.5
C_MOBILITY:0.48495852144231066
C_KINGSAFETY:0.4848460696814588
C_PAWNSTRUCTURE:0.5
C_PIECECOORDINATION:0.4909183596199153
C_ROOKANDPAWNMOVEMENT:0.4909183596199153
C_CENTERCONTROL:0.5059157673928549
C_DEVELOPPIECES:0.49195625245756447
C_MATERIAL:0.503647143383372
C_MOVECOUNT:0.5
