ELO:990
CE_PASSEDPAWNS:0.572983129529743
CE_PAWNWEAKNESSES:0.47116444672326574
CE_PIECEACTIVITY:0.4157552288631506
CE_KINGPAWNSHIELD:0.4883446553553601
CE_PIECECOORDINATION:0.43788877108035784
CE_MATERIAL:0.5370398710068961
CE_KINGSAFETY:0.47131083854249634
C_PIECESQUARETABLES:0.5154223939858489
C_MOBILITY:0.5184463568677504
C_KINGSAFETY:0.4245179737780772
C_PAWNSTRUCTURE:0.48217875862076637
C_PIECECOORDINATION:0.45127401128355094
C_ROOKANDPAWNMOVEMENT:0.45127401128355094
C_CENTERCONTROL:0.5177168980424861
C_DEVELOPPIECES:0.5085839748980389
C_MATERIAL:0.481746494616557
