ELO:977
CE_PASSEDPAWNS:0.4973476444425445
CE_PAWNWEAKNESSES:0.5005651425031117
CE_PIECEACTIVITY:0.4968067192703632
CE_KINGPAWNSHIELD:0.49549293445495374
CE_PIECECOORDINATION:0.5041847732939586
CE_MATERIAL:0.4944233188705516
CE_KINGSAFETY:0.5
C_PIECESQUARETABLES:0.48358289096363405
C_MOBILITY:0.5047907030839075
C_KINGSAFETY:0.5
C_PAWNSTRUCTURE:0.5
C_PIECECOORDINATION:0.5028764685389334
C_ROOKANDPAWNMOVEMENT:0.5028764685389334
C_CENTERCONTROL:0.490997180017909
C_DEVELOPPIECES:0.4904169143655751
C_MATERIAL:0.4943295419879702
C_MOVECOUNT:0.5112870846211786
