ELO:1001
CE_PASSEDPAWNS:0.5151999972765251
CE_PAWNWEAKNESSES:0.5
CE_PIECEACTIVITY:0.5
CE_KINGPAWNSHIELD:0.5120087625111864
CE_PIECECOORDINATION:0.49913339804987317
CE_MATERIAL:0.5
CE_KINGSAFETY:0.52227858639381
C_PIECESQUARETABLES:0.5
C_MOBILITY:0.5
C_KINGSAFETY:0.4843255764391748
C_PAWNSTRUCTURE:0.5
C_PIECECOORDINATION:0.518254505189972
C_ROOKANDPAWNMOVEMENT:0.518254505189972
C_CENTERCONTROL:0.5038952010367849
C_DEVELOPPIECES:0.5079089041766034
C_MATERIAL:0.48122316415777827
C_MOVECOUNT:0.5
