ELO:984
CE_PASSEDPAWNS:0.5233037616533567
CE_PAWNWEAKNESSES:0.4963574301659192
CE_PIECEACTIVITY:0.5031955649658136
CE_KINGPAWNSHIELD:0.5178811274066989
CE_PIECECOORDINATION:0.48691228119493085
CE_MATERIAL:0.49919365071317073
CE_KINGSAFETY:0.5
C_PIECESQUARETABLES:0.5
C_MOBILITY:0.4880479978472567
C_KINGSAFETY:0.5098214759098944
C_PAWNSTRUCTURE:0.4841327615050906
C_PIECECOORDINATION:0.5198716773759148
C_ROOK:0.5054090544860039
CE_ROOK:0.4959937567030417
C_CENTERCONTROL:0.5124906219919488
C_DEVELOPPIECES:0.5067209776757974
C_MATERIAL:0.4838093337328551
C_MOVECOUNT:0.5127575143159452
C_PAWNMOVEMENT:0.4750691335805854
