ELO:1020
CE_PASSEDPAWNS:0.45396340128662827
CE_PAWNWEAKNESSES:0.45055251555702586
CE_PIECEACTIVITY:0.5
CE_KINGPAWNSHIELD:0.5084403027951527
CE_PIECECOORDINATION:0.48464298584423104
CE_MATERIAL:0.4879047183619308
CE_KINGSAFETY:0.4902031841441017
C_PIECESQUARETABLES:0.5
C_MOBILITY:0.5
C_KINGSAFETY:0.506088945844353
C_PAWNSTRUCTURE:0.5
C_PIECECOORDINATION:0.5047751328764609
C_ROOKANDPAWNMOVEMENT:0.5047751328764609
C_CENTERCONTROL:0.5
C_DEVELOPPIECES:0.5029314734468288
C_MATERIAL:0.48124041259073597
C_MOVECOUNT:0.5
