ELO:944
CE_PASSEDPAWNS:0.42508773758530877
CE_PAWNWEAKNESSES:0.3779428629592564
CE_PIECEACTIVITY:0.39926270483978654
CE_KINGPAWNSHIELD:0.48063220598561396
CE_PIECECOORDINATION:0.6583931059680266
CE_MATERIAL:0.5254488111290863
CE_KINGSAFETY:0.5231581783615452
C_PIECESQUARETABLES:0.5465771057476138
C_MOBILITY:0.450494590701132
C_KINGSAFETY:0.5345399015309439
C_PAWNSTRUCTURE:0.4457940146892566
C_PIECECOORDINATION:0.49881600115243696
C_ROOKANDPAWNMOVEMENT:0.49881600115243696
C_CENTERCONTROL:0.4852173491382882
C_DEVELOPPIECES:0.4201166739960781
C_MATERIAL:0.4763015685739737
