ELO:1000
CE_PASSEDPAWNS:0.463906995806266
CE_PAWNWEAKNESSES:0.5899386345589028
CE_PIECEACTIVITY:0.5304389410262803
CE_KINGPAWNSHIELD:0.47479149605071586
CE_PIECECOORDINATION:0.4961815004803093
CE_MATERIAL:0.403818139372717
CE_KINGSAFETY:0.49486641092180583
C_PIECESQUARETABLES:0.4946963407095663
C_MOBILITY:0.44626375568521737
C_KINGSAFETY:0.4518847067696115
C_PAWNSTRUCTURE:0.5314698307473353
C_PIECECOORDINATION:0.5470916078039846
C_ROOKANDPAWNMOVEMENT:0.5470916078039846
C_CENTERCONTROL:0.48970312420267526
C_DEVELOPPIECES:0.5551100678656337
C_MATERIAL:0.5025677395440429
