ELO:912
CE_PASSEDPAWNS:0.5183389878094301
CE_PAWNWEAKNESSES:0.5071916831771985
CE_PIECEACTIVITY:0.513541359507657
CE_KINGPAWNSHIELD:0.5486472829563886
CE_PIECECOORDINATION:0.468022384321093
CE_MATERIAL:0.4773927381063825
CE_KINGSAFETY:0.5037599158071961
C_PIECESQUARETABLES:0.5005156657260237
C_MOBILITY:0.5026980738157274
C_KINGSAFETY:0.5087480602719839
C_PAWNSTRUCTURE:0.5156644748710509
C_PIECECOORDINATION:0.49825069899841745
C_ROOK:0.4862114896511154
CE_ROOK:0.5306407084825975
C_CENTERCONTROL:0.4999862214223834
C_DEVELOPPIECES:0.5013840663484445
C_MATERIAL:0.48630029425781357
C_MOVECOUNT:0.49864086188966805
C_PAWNMOVEMENT:0.48874459443095297
