ELO:918
CE_PASSEDPAWNS:0.5183389878094301
CE_PAWNWEAKNESSES:0.5071916831771985
CE_PIECEACTIVITY:0.5254260083951174
CE_KINGPAWNSHIELD:0.5363654707977143
CE_PIECECOORDINATION:0.46464678675251203
CE_MATERIAL:0.45471314434981497
CE_KINGSAFETY:0.5
C_PIECESQUARETABLES:0.5164947663366555
C_MOBILITY:0.5209396194403718
C_KINGSAFETY:0.5080286439948374
C_PAWNSTRUCTURE:0.524487035167895
C_PIECECOORDINATION:0.5149978664749583
C_ROOK:0.4862114896511154
CE_ROOK:0.524683317335991
C_CENTERCONTROL:0.5188199910149511
C_DEVELOPPIECES:0.5013840663484445
C_MATERIAL:0.47613833590321275
C_MOVECOUNT:0.49874172004369416
C_PAWNMOVEMENT:0.48842964442540726
