ELO:975
CE_PASSEDPAWNS:0.4893494110976969
CE_PAWNWEAKNESSES:0.5052232479692531
CE_PIECEACTIVITY:0.4832508333369707
CE_KINGPAWNSHIELD:0.5
CE_PIECECOORDINATION:0.49949023353212824
CE_MATERIAL:0.5016753590543773
CE_KINGSAFETY:0.4984522663729636
C_PIECESQUARETABLES:0.5111690649818935
C_MOBILITY:0.49260290199081413
C_KINGSAFETY:0.5386178125874341
C_PAWNSTRUCTURE:0.49088508648483375
C_PIECECOORDINATION:0.5090546080543772
C_ROOKANDPAWNMOVEMENT:0.5090546080543772
C_CENTERCONTROL:0.5009786284046764
C_DEVELOPPIECES:0.5
C_MATERIAL:0.4987069452587998
C_MOVECOUNT:0.5
