ELO:781
CE_PASSEDPAWNS:0.5803851480452241
CE_PAWNWEAKNESSES:0.4752678382818683
CE_PIECEACTIVITY:0.46647947684846097
CE_KINGPAWNSHIELD:0.5209306146795625
CE_PIECECOORDINATION:0.4608249888212169
CE_MATERIAL:0.44946244749763115
CE_KINGSAFETY:0.45394457448950504
C_PIECESQUARETABLES:0.5244282498975216
C_MOBILITY:0.5193280051528013
C_KINGSAFETY:0.5213996389333265
C_PAWNSTRUCTURE:0.6779126180260547
C_PIECECOORDINATION:0.41918001944993927
C_ROOKANDPAWNMOVEMENT:0.41918001944993927
C_CENTERCONTROL:0.5295610525095603
C_DEVELOPPIECES:0.3802980659907093
C_MATERIAL:0.5351714556701573
C_MOVECOUNT:0.49542985909627896
