ELO:971
CE_PASSEDPAWNS:0.5451611419142659
CE_PAWNWEAKNESSES:0.5779399177600607
CE_PIECEACTIVITY:0.5365754984389383
CE_KINGPAWNSHIELD:0.49142366021831163
CE_PIECECOORDINATION:0.47783990716599517
CE_MATERIAL:0.478295270105592
CE_KINGSAFETY:0.5051898516298526
C_PIECESQUARETABLES:0.5294026058970014
C_MOBILITY:0.5219220815973047
C_KINGSAFETY:0.45786621199262184
C_PAWNSTRUCTURE:0.5393804405280138
C_PIECECOORDINATION:0.5416988753598232
C_ROOKANDPAWNMOVEMENT:0.5416988753598232
C_CENTERCONTROL:0.590075249944437
C_DEVELOPPIECES:0.41125505213679026
C_MATERIAL:0.5159839430299132
