ELO:1000
CE_PASSEDPAWNS:0.5252232312940814
CE_PAWNWEAKNESSES:0.4705131044153332
CE_PIECEACTIVITY:0.450647662313094
CE_KINGPAWNSHIELD:0.4887917756860293
CE_PIECECOORDINATION:0.4407724142780326
CE_MATERIAL:0.4849538367818752
CE_KINGSAFETY:0.48926892052080007
C_PIECESQUARETABLES:0.5256396273924345
C_MOBILITY:0.485043481949957
C_KINGSAFETY:0.40370965778177326
C_PAWNSTRUCTURE:0.48006783954110355
C_PIECECOORDINATION:0.4613612845081078
C_ROOKANDPAWNMOVEMENT:0.4613612845081078
C_CENTERCONTROL:0.4812297969749713
C_DEVELOPPIECES:0.5164294766188997
C_MATERIAL:0.5040369688455247
