ELO:909
CE_PASSEDPAWNS:0.4794330813806757
CE_PAWNWEAKNESSES:0.5717214854310547
CE_PIECEACTIVITY:0.5858665637836524
CE_KINGPAWNSHIELD:0.47191574221822813
CE_PIECECOORDINATION:0.521215681061091
CE_MATERIAL:0.5054524079878201
CE_KINGSAFETY:0.5219574242304769
C_PIECESQUARETABLES:0.5039857447530058
C_MOBILITY:0.5966708591982478
C_KINGSAFETY:0.46453125333485534
C_PAWNSTRUCTURE:0.5061309262788751
C_PIECECOORDINATION:0.5258809712179228
C_ROOKANDPAWNMOVEMENT:0.5258809712179228
C_CENTERCONTROL:0.5325740605756546
C_DEVELOPPIECES:0.5316962262436965
C_MATERIAL:0.4606428500726612
