ELO:1000
CE_PASSEDPAWNS:0.5163602608861665
CE_PAWNWEAKNESSES:0.47388977078540406
CE_PIECEACTIVITY:0.48053217656692704
CE_KINGPAWNSHIELD:0.476894809684628
CE_PIECECOORDINATION:0.4616931492272359
CE_MATERIAL:0.5001851656626458
CE_KINGSAFETY:0.4711301479160115
C_PIECESQUARETABLES:0.5166327301396
C_MOBILITY:0.47089373648092997
C_KINGSAFETY:0.42940815483068623
C_PAWNSTRUCTURE:0.47845140858016677
C_PIECECOORDINATION:0.49243718379923707
C_ROOKANDPAWNMOVEMENT:0.49243718379923707
C_CENTERCONTROL:0.4613461966023908
C_DEVELOPPIECES:0.5211727804758866
C_MATERIAL:0.4885818738657566
