ELO:1005
CE_PASSEDPAWNS:0.5
CE_PAWNWEAKNESSES:0.5005651425031117
CE_PIECEACTIVITY:0.5
CE_KINGPAWNSHIELD:0.5
CE_PIECECOORDINATION:0.5
CE_MATERIAL:0.4948624029976883
CE_KINGSAFETY:0.5
C_PIECESQUARETABLES:0.5
C_MOBILITY:0.5
C_KINGSAFETY:0.49829198506406064
C_PAWNSTRUCTURE:0.5
C_PIECECOORDINATION:0.5072863728456695
C_ROOKANDPAWNMOVEMENT:0.5072863728456695
C_CENTERCONTROL:0.4991554456452198
C_DEVELOPPIECES:0.501472599190608
C_MATERIAL:0.5176202133393392
C_MOVECOUNT:0.5108792207109758
