ELO:1000
CE_PASSEDPAWNS:0.48725009879878106
CE_PAWNWEAKNESSES:0.5225738982745914
CE_PIECEACTIVITY:0.4825809902157684
CE_KINGPAWNSHIELD:0.5056685585116588
CE_PIECECOORDINATION:0.47641384161503086
CE_MATERIAL:0.5238489109727112
CE_KINGSAFETY:0.4724283912432351
C_PIECESQUARETABLES:0.5105445003346815
C_MOBILITY:0.5066516532551849
C_KINGSAFETY:0.46179037079009083
C_PAWNSTRUCTURE:0.5055714793869676
C_PIECECOORDINATION:0.48800707040753183
C_ROOKANDPAWNMOVEMENT:0.48800707040753183
C_CENTERCONTROL:0.5027720680318869
C_DEVELOPPIECES:0.5100443688860654
C_MATERIAL:0.5003373051003058
