ELO:919
CE_PASSEDPAWNS:0.5060616088572496
CE_PAWNWEAKNESSES:0.5493099283006776
CE_PIECEACTIVITY:0.5939906856870152
CE_KINGPAWNSHIELD:0.4429051844752981
CE_PIECECOORDINATION:0.513653393045527
CE_MATERIAL:0.5030226082634288
CE_KINGSAFETY:0.5327464611379147
C_PIECESQUARETABLES:0.4925453454524949
C_MOBILITY:0.6015707356929226
C_KINGSAFETY:0.44427232270147904
C_PAWNSTRUCTURE:0.5037731017863338
C_PIECECOORDINATION:0.5605422282056498
C_ROOKANDPAWNMOVEMENT:0.5605422282056498
C_CENTERCONTROL:0.5477691095689308
C_DEVELOPPIECES:0.5219586312610636
C_MATERIAL:0.4689269111384615
