ELO:982
CE_PASSEDPAWNS:0.5024767989819846
CE_PAWNWEAKNESSES:0.4904995197045771
CE_PIECEACTIVITY:0.4816106117116869
CE_KINGPAWNSHIELD:0.4982357998819101
CE_PIECECOORDINATION:0.5083061281283158
CE_MATERIAL:0.4915531053322531
CE_KINGSAFETY:0.5044045606676517
C_PIECESQUARETABLES:0.5027383864770686
C_MOBILITY:0.4951426406344665
C_KINGSAFETY:0.5097748774382517
C_PAWNSTRUCTURE:0.526595055778995
C_PIECECOORDINATION:0.5108863244511117
C_ROOKANDPAWNMOVEMENT:0.5108863244511117
C_CENTERCONTROL:0.527028678261155
C_DEVELOPPIECES:0.48911991813491706
C_MATERIAL:0.48889050649248533
