ELO:1102
CE_PASSEDPAWNS:0.5955037066111589
CE_PAWNWEAKNESSES:0.4461167730003612
CE_PIECEACTIVITY:0.47416749535077674
CE_KINGPAWNSHIELD:0.4774259118591802
CE_PIECECOORDINATION:0.5707969823983154
CE_MATERIAL:0.4761872639385391
CE_KINGSAFETY:0.5
C_PIECESQUARETABLES:0.4853894586005372
C_MOBILITY:0.5335361914694342
C_KINGSAFETY:0.5357052660807616
C_PAWNSTRUCTURE:0.4324798089143419
C_PIECECOORDINATION:0.363443327258963
C_ROOKANDPAWNMOVEMENT:0.363443327258963
C_CENTERCONTROL:0.5916556751746048
C_DEVELOPPIECES:0.5462994283359152
C_MATERIAL:0.4049426374840338
