ELO:976
CE_PASSEDPAWNS:0.4975810271489044
CE_PAWNWEAKNESSES:0.4838210440583462
CE_PIECEACTIVITY:0.5105198121567135
CE_KINGPAWNSHIELD:0.5020332837314276
CE_PIECECOORDINATION:0.49385698168507136
CE_MATERIAL:0.4965535214451816
CE_KINGSAFETY:0.5
C_PIECESQUARETABLES:0.5
C_MOBILITY:0.5058118099925738
C_KINGSAFETY:0.5012844851028576
C_PAWNSTRUCTURE:0.49220585522347804
C_PIECECOORDINATION:0.5
C_ROOKANDPAWNMOVEMENT:0.5
C_CENTERCONTROL:0.464894556107714
C_DEVELOPPIECES:0.5162688456934893
C_MATERIAL:0.5
C_MOVECOUNT:0.4921913976016769
