ELO:730
CE_PASSEDPAWNS:0.4655084130425653
CE_PAWNWEAKNESSES:0.4999433473466333
CE_PIECEACTIVITY:0.5970504496047798
CE_KINGPAWNSHIELD:0.5878642936828934
CE_PIECECOORDINATION:0.5809894173252913
CE_MATERIAL:0.46004962590791487
CE_KINGSAFETY:0.45382086212187356
C_PIECESQUARETABLES:0.5443297908957704
C_MOBILITY:0.40323238250515736
C_KINGSAFETY:0.48885637483718186
C_PAWNSTRUCTURE:0.516446094083931
C_PIECECOORDINATION:0.5209308793812327
C_ROOKANDPAWNMOVEMENT:0.5209308793812327
C_CENTERCONTROL:0.5034547907197368
C_DEVELOPPIECES:0.46474721797674995
C_MATERIAL:0.4231632351142984
C_MOVECOUNT:0.5
