ELO:944
CE_PASSEDPAWNS:0.49047400806238267
CE_PAWNWEAKNESSES:0.4841613743217551
CE_PIECEACTIVITY:0.5295263518378811
CE_KINGPAWNSHIELD:0.5265922949925887
CE_PIECECOORDINATION:0.5055553521675183
CE_MATERIAL:0.4746189547479177
CE_KINGSAFETY:0.48940970846595544
C_PIECESQUARETABLES:0.516932247015498
C_MOBILITY:0.43073875654472954
C_KINGSAFETY:0.5492881811848931
C_PAWNSTRUCTURE:0.5301689235233626
C_PIECECOORDINATION:0.49200277842763385
C_ROOK:0.5572697958750371
CE_ROOK:0.5518696565858394
C_CENTERCONTROL:0.48755575749259084
C_DEVELOPPIECES:0.5373985564270016
C_MATERIAL:0.4579114499579945
C_MOVECOUNT:0.5190607767476405
C_PAWNMOVEMENT:0.48861904432541675
