ELO:953
CE_PASSEDPAWNS:0.5006943223406217
CE_PAWNWEAKNESSES:0.488513453986022
CE_PIECEACTIVITY:0.5191652774100511
CE_KINGPAWNSHIELD:0.5265922949925887
CE_PIECECOORDINATION:0.5239271375918361
CE_MATERIAL:0.4746189547479177
CE_KINGSAFETY:0.49455298233004547
C_PIECESQUARETABLES:0.5
C_MOBILITY:0.450758201475203
C_KINGSAFETY:0.543475776953929
C_PAWNSTRUCTURE:0.5258885663614057
C_PIECECOORDINATION:0.4780059568783634
C_ROOK:0.5572697958750371
CE_ROOK:0.5649228512833455
C_CENTERCONTROL:0.49535906728502593
C_DEVELOPPIECES:0.5405859820865728
C_MATERIAL:0.46492010733426725
C_MOVECOUNT:0.513083728594627
C_PAWNMOVEMENT:0.47895124481752843
