ELO:810
CE_PASSEDPAWNS:0.5124841543669016
CE_PAWNWEAKNESSES:0.47351133793687517
CE_PIECEACTIVITY:0.48287983995550093
CE_KINGPAWNSHIELD:0.4518126328355667
CE_PIECECOORDINATION:0.5403378440493084
CE_MATERIAL:0.4438727539154806
CE_KINGSAFETY:0.5
C_PIECESQUARETABLES:0.5
C_MOBILITY:0.5065743824179656
C_KINGSAFETY:0.4169232834234675
C_PAWNSTRUCTURE:0.5094649366712586
C_PIECECOORDINATION:0.5757079709914878
C_ROOKANDPAWNMOVEMENT:0.5757079709914878
C_CENTERCONTROL:0.4891567312842854
C_DEVELOPPIECES:0.47469780068341577
C_MATERIAL:0.5438443276708387
C_MOVECOUNT:0.5
