ELO:1020
CE_PASSEDPAWNS:0.4110849776073479
CE_PAWNWEAKNESSES:0.49014076357702707
CE_PIECEACTIVITY:0.47746205606663206
CE_KINGPAWNSHIELD:0.5151818953429078
CE_PIECECOORDINATION:0.48057674827241387
CE_MATERIAL:0.46602026853601725
CE_KINGSAFETY:0.4741909952757446
C_PIECESQUARETABLES:0.5168243480906551
C_MOBILITY:0.5550842554064238
C_KINGSAFETY:0.5123502798092688
C_PAWNSTRUCTURE:0.525529731979184
C_PIECECOORDINATION:0.5057292798502154
C_ROOKANDPAWNMOVEMENT:0.5057292798502154
C_CENTERCONTROL:0.4409813457287836
C_DEVELOPPIECES:0.48531889230901953
C_MATERIAL:0.5486908045063811
