ELO:995
CE_PASSEDPAWNS:0.5013275141729577
CE_PAWNWEAKNESSES:0.4983419492495583
CE_PIECEACTIVITY:0.4834939824017353
CE_KINGPAWNSHIELD:0.507309607007652
CE_PIECECOORDINATION:0.4992385975245929
CE_MATERIAL:0.5079247187315498
CE_KINGSAFETY:0.4907441743098254
C_PIECESQUARETABLES:0.5082598413204976
C_MOBILITY:0.507974665583018
C_KINGSAFETY:0.5052009690235192
C_PAWNSTRUCTURE:0.508360393301223
C_PIECECOORDINATION:0.5225641698823043
C_ROOKANDPAWNMOVEMENT:0.5225641698823043
C_CENTERCONTROL:0.5107971599864858
C_DEVELOPPIECES:0.4884581429424759
C_MATERIAL:0.4798476212542832
C_MOVECOUNT:0.5
