ELO:953
CE_PASSEDPAWNS:0.422439880087985
CE_PAWNWEAKNESSES:0.5073691311103661
CE_PIECEACTIVITY:0.5203066654050897
CE_KINGPAWNSHIELD:0.5694154058641407
CE_PIECECOORDINATION:0.5937422310083768
CE_MATERIAL:0.487353507640344
CE_KINGSAFETY:0.4826677322456366
C_PIECESQUARETABLES:0.5025442367811799
C_MOBILITY:0.5067264053847448
C_KINGSAFETY:0.5214183845680734
C_PAWNSTRUCTURE:0.46356805735526885
C_PIECECOORDINATION:0.5326938452319929
C_ROOKANDPAWNMOVEMENT:0.5326938452319929
C_CENTERCONTROL:0.3895560704354175
C_DEVELOPPIECES:0.4447212799817924
C_MATERIAL:0.5210076494382989
