ELO:906
CE_PASSEDPAWNS:0.5179124363718683
CE_PAWNWEAKNESSES:0.44158521333856615
CE_PIECEACTIVITY:0.46255446149856955
CE_KINGPAWNSHIELD:0.5844562670208627
CE_PIECECOORDINATION:0.44224566921981445
CE_MATERIAL:0.5299437740274306
CE_KINGSAFETY:0.4943914179256509
C_PIECESQUARETABLES:0.5136121558694186
C_MOBILITY:0.49088559318354
C_KINGSAFETY:0.5244427319971614
C_PAWNSTRUCTURE:0.4766459587904758
C_PIECECOORDINATION:0.46973561949929926
C_ROOKANDPAWNMOVEMENT:0.46973561949929926
C_CENTERCONTROL:0.5091107485614855
C_DEVELOPPIECES:0.515259748511965
C_MATERIAL:0.4232298389487575
C_MOVECOUNT:0.5
