ELO:992
CE_PASSEDPAWNS:0.4975810271489044
CE_PAWNWEAKNESSES:0.5088880421298473
CE_PIECEACTIVITY:0.49923668310218255
CE_KINGPAWNSHIELD:0.5
CE_PIECECOORDINATION:0.5
CE_MATERIAL:0.48744859194387663
CE_KINGSAFETY:0.4961357554092679
C_PIECESQUARETABLES:0.49205551951658943
C_MOBILITY:0.502748146894782
C_KINGSAFETY:0.5
C_PAWNSTRUCTURE:0.5087743058704443
C_PIECECOORDINATION:0.5
C_ROOKANDPAWNMOVEMENT:0.5
C_CENTERCONTROL:0.5016144624256972
C_DEVELOPPIECES:0.5024538663813293
C_MATERIAL:0.4943295419879702
C_MOVECOUNT:0.48614387871493364
