ELO:998
CE_PASSEDPAWNS:0.5074966970800562
CE_PAWNWEAKNESSES:0.5156913649032207
CE_PIECEACTIVITY:0.49204885433888707
CE_KINGPAWNSHIELD:0.4942982512699492
CE_PIECECOORDINATION:0.49618406244291363
CE_MATERIAL:0.5028888727039591
CE_KINGSAFETY:0.5
C_PIECESQUARETABLES:0.5
C_MOBILITY:0.4756059541553069
C_KINGSAFETY:0.5251642852335079
C_PAWNSTRUCTURE:0.5040244085344076
C_PIECECOORDINATION:0.5
C_ROOKANDPAWNMOVEMENT:0.5
C_CENTERCONTROL:0.5
C_DEVELOPPIECES:0.5024316413169565
C_MATERIAL:0.479118964172791
C_MOVECOUNT:0.5
