ELO:813
CE_PASSEDPAWNS:0.562590466077095
CE_PAWNWEAKNESSES:0.5077592543887115
CE_PIECEACTIVITY:0.5411499839885513
CE_KINGPAWNSHIELD:0.5241786144270814
CE_PIECECOORDINATION:0.5198166444066223
CE_MATERIAL:0.5239173021654272
CE_KINGSAFETY:0.5
C_PIECESQUARETABLES:0.5
C_MOBILITY:0.48372369216754807
C_KINGSAFETY:0.5308959317282467
C_PAWNSTRUCTURE:0.44982164784544426
C_PIECECOORDINATION:0.5011934366318399
C_ROOKANDPAWNMOVEMENT:0.5011934366318399
C_CENTERCONTROL:0.4569043176357831
C_DEVELOPPIECES:0.48941391188586253
C_MATERIAL:0.507587949826252
C_MOVECOUNT:0.49577144228535125
