ELO:950
CE_PASSEDPAWNS:0.49047400806238267
CE_PAWNWEAKNESSES:0.488513453986022
CE_PIECEACTIVITY:0.5295263518378811
CE_KINGPAWNSHIELD:0.5265922949925887
CE_PIECECOORDINATION:0.5055553521675183
CE_MATERIAL:0.4746189547479177
CE_KINGSAFETY:0.48734331259255964
C_PIECESQUARETABLES:0.5075254313915608
C_MOBILITY:0.43073875654472954
C_KINGSAFETY:0.5492881811848931
C_PAWNSTRUCTURE:0.5183822801921134
C_PIECECOORDINATION:0.4780059568783634
C_ROOK:0.5572697958750371
CE_ROOK:0.5585059054521789
C_CENTERCONTROL:0.4895139790666618
C_DEVELOPPIECES:0.5373985564270016
C_MATERIAL:0.4579114499579945
C_MOVECOUNT:0.513083728594627
C_PAWNMOVEMENT:0.48861904432541675
