ELO:1000
CE_PASSEDPAWNS:0.5139180917286604
CE_PAWNWEAKNESSES:0.5021263912266577
CE_PIECEACTIVITY:0.4718779946291561
CE_KINGPAWNSHIELD:0.48570369415349623
CE_PIECECOORDINATION:0.4754710027666932
CE_MATERIAL:0.49489904836095644
CE_KINGSAFETY:0.4963762919978364
C_PIECESQUARETABLES:0.4710911933799319
C_MOBILITY:0.4726175962613756
C_KINGSAFETY:0.5032792466242418
C_PAWNSTRUCTURE:0.5217114903253565
C_PIECECOORDINATION:0.4962471700005579
C_ROOKANDPAWNMOVEMENT:0.4962471700005579
C_CENTERCONTROL:0.5021131802534697
C_DEVELOPPIECES:0.49957235578935894
C_MATERIAL:0.4719515882889768
