ELO:1000
CE_PASSEDPAWNS:0.4836103621366889
CE_PAWNWEAKNESSES:0.5
CE_PIECEACTIVITY:0.508777914014632
CE_KINGPAWNSHIELD:0.5
CE_PIECECOORDINATION:0.4892251855030598
CE_MATERIAL:0.4972221298309932
CE_KINGSAFETY:0.494529580765276
C_PIECESQUARETABLES:0.49832911255388873
C_MOBILITY:0.5
C_KINGSAFETY:0.49509250091917517
C_PAWNSTRUCTURE:0.4942956048238424
C_PIECECOORDINATION:0.5265511218601356
C_ROOKANDPAWNMOVEMENT:0.5265511218601356
C_CENTERCONTROL:0.5
C_DEVELOPPIECES:0.49359157877218557
C_MATERIAL:0.49647422320556095
