ELO:917
CE_PASSEDPAWNS:0.4493473609279308
CE_PAWNWEAKNESSES:0.5002450529845612
CE_PIECEACTIVITY:0.5204493573131819
CE_KINGPAWNSHIELD:0.6079795561212865
CE_PIECECOORDINATION:0.5694193742035524
CE_MATERIAL:0.5345173209602571
CE_KINGSAFETY:0.5092116592814707
C_PIECESQUARETABLES:0.5000329660802949
C_MOBILITY:0.5242098791575993
C_KINGSAFETY:0.5196078524339529
C_PAWNSTRUCTURE:0.46947238649107786
C_PIECECOORDINATION:0.5496421266517187
C_ROOKANDPAWNMOVEMENT:0.5496421266517187
C_CENTERCONTROL:0.376654856065285
C_DEVELOPPIECES:0.4607882237963551
C_MATERIAL:0.5171821415610525
