ELO:1000
CE_PASSEDPAWNS:0.4858318790069358
CE_PAWNWEAKNESSES:0.4758481512381614
CE_PIECEACTIVITY:0.4758802610286603
CE_KINGPAWNSHIELD:0.5047668346092866
CE_PIECECOORDINATION:0.5379880568763695
CE_MATERIAL:0.46927391081379455
CE_KINGSAFETY:0.41674280800450336
C_PIECESQUARETABLES:0.5196727621420503
C_MOBILITY:0.4595858418117826
C_KINGSAFETY:0.5556552881884605
C_PAWNSTRUCTURE:0.5022418660199783
C_PIECECOORDINATION:0.5510113587632672
C_ROOKANDPAWNMOVEMENT:0.5510113587632672
C_CENTERCONTROL:0.45058468505894217
C_DEVELOPPIECES:0.5007928802171735
C_MATERIAL:0.4567612682834823
