ELO:935
CE_PASSEDPAWNS:0.5172693496013898
CE_PAWNWEAKNESSES:0.49114230949647486
CE_PIECEACTIVITY:0.48486192561548896
CE_KINGPAWNSHIELD:0.5305495595948403
CE_PIECECOORDINATION:0.5051516731042919
CE_MATERIAL:0.4833775627659855
CE_KINGSAFETY:0.46489863192983694
C_PIECESQUARETABLES:0.5038736084187483
C_MOBILITY:0.5259542002643685
C_KINGSAFETY:0.5107515958553976
C_PAWNSTRUCTURE:0.6135834948228741
C_PIECECOORDINATION:0.46655481131830023
C_ROOKANDPAWNMOVEMENT:0.46655481131830023
C_CENTERCONTROL:0.4661325039406525
C_DEVELOPPIECES:0.49541959085427073
C_MATERIAL:0.5745011415937835
C_MOVECOUNT:0.5064794544512022
