ELO:978
CE_PASSEDPAWNS:0.537712836594125
CE_PAWNWEAKNESSES:0.49141001929953787
CE_PIECEACTIVITY:0.5147276101616425
CE_KINGPAWNSHIELD:0.5234608575582084
CE_PIECECOORDINATION:0.518540022109239
CE_MATERIAL:0.4991479577416093
CE_KINGSAFETY:0.5064876046623564
C_PIECESQUARETABLES:0.494577260218331
C_MOBILITY:0.43844188906015286
C_KINGSAFETY:0.5748045431567157
C_PAWNSTRUCTURE:0.538084556166498
C_PIECECOORDINATION:0.5129263216764444
C_ROOKANDPAWNMOVEMENT:0.5129263216764444
C_CENTERCONTROL:0.4505950707937526
C_DEVELOPPIECES:0.4659079553836782
C_MATERIAL:0.4135642145685509
