ELO:961
CE_PASSEDPAWNS:0.48899608197394584
CE_PAWNWEAKNESSES:0.4814023833074471
CE_PIECEACTIVITY:0.5193890750285115
CE_KINGPAWNSHIELD:0.5019562210942521
CE_PIECECOORDINATION:0.4786669349239869
CE_MATERIAL:0.509342182026353
CE_KINGSAFETY:0.49242330744567525
C_PIECESQUARETABLES:0.48954883980665215
C_MOBILITY:0.5021297509070942
C_KINGSAFETY:0.5102742061076417
C_PAWNSTRUCTURE:0.48987169188292035
C_PIECECOORDINATION:0.4996688825078705
C_ROOKANDPAWNMOVEMENT:0.4996688825078705
C_CENTERCONTROL:0.4980295976838153
C_DEVELOPPIECES:0.4955036010682643
C_MATERIAL:0.5179199726332742
C_MOVECOUNT:0.49627433368510204
