ELO:999
CE_PASSEDPAWNS:0.49838873067115047
CE_PAWNWEAKNESSES:0.5089697801045159
CE_PIECEACTIVITY:0.5
CE_KINGPAWNSHIELD:0.48277388610801064
CE_PIECECOORDINATION:0.5085729627358203
CE_MATERIAL:0.4931612921694978
CE_KINGSAFETY:0.5
C_PIECESQUARETABLES:0.5059079557173224
C_MOBILITY:0.4846565382441782
C_KINGSAFETY:0.4880354912633141
C_PAWNSTRUCTURE:0.4800111540423932
C_PIECECOORDINATION:0.5
C_ROOKANDPAWNMOVEMENT:0.5
C_CENTERCONTROL:0.5
C_DEVELOPPIECES:0.5097690258503115
C_MATERIAL:0.5090474515169686
