ELO:978
CE_PASSEDPAWNS:0.47613867485135847
CE_PAWNWEAKNESSES:0.4938991631196791
CE_PIECEACTIVITY:0.5471644125420384
CE_KINGPAWNSHIELD:0.5087004559604404
CE_PIECECOORDINATION:0.5284806007697846
CE_MATERIAL:0.48616273259458276
CE_KINGSAFETY:0.5
C_PIECESQUARETABLES:0.5139807530291862
C_MOBILITY:0.5271253380636166
C_KINGSAFETY:0.5457344219686002
C_PAWNSTRUCTURE:0.43397740604005036
C_PIECECOORDINATION:0.4960495076684677
C_ROOKANDPAWNMOVEMENT:0.4960495076684677
C_CENTERCONTROL:0.5902464670116881
C_DEVELOPPIECES:0.504980155818585
C_MATERIAL:0.5310197494866536
C_MOVECOUNT:0.49606334449800266
