ELO:895
CE_PASSEDPAWNS:0.44681471510364607
CE_PAWNWEAKNESSES:0.48916962694521643
CE_PIECEACTIVITY:0.529193715729473
CE_KINGPAWNSHIELD:0.5860119138610398
CE_PIECECOORDINATION:0.5649253824205235
CE_MATERIAL:0.5259783319395406
CE_KINGSAFETY:0.5190192579267946
C_PIECESQUARETABLES:0.5089807373800569
C_MOBILITY:0.5138213079385824
C_KINGSAFETY:0.5157679690651235
C_PAWNSTRUCTURE:0.4672937896947635
C_PIECECOORDINATION:0.5580745862112743
C_ROOKANDPAWNMOVEMENT:0.5580745862112743
C_CENTERCONTROL:0.3842568599623411
C_DEVELOPPIECES:0.4845898414656272
C_MATERIAL:0.5191511121727461
