ELO:706
CE_PASSEDPAWNS:0.49429160877431644
CE_PAWNWEAKNESSES:0.4797020763019125
CE_PIECEACTIVITY:0.5961007589685019
CE_KINGPAWNSHIELD:0.5704121429012494
CE_PIECECOORDINATION:0.5752905111872272
CE_MATERIAL:0.45747954716937045
CE_KINGSAFETY:0.4728754292554426
C_PIECESQUARETABLES:0.5688081265322162
C_MOBILITY:0.42214690795237475
C_KINGSAFETY:0.5018897025854944
C_PAWNSTRUCTURE:0.5447322274493552
C_PIECECOORDINATION:0.5014082566871341
C_ROOKANDPAWNMOVEMENT:0.5014082566871341
C_CENTERCONTROL:0.49523432874030254
C_DEVELOPPIECES:0.49244045885642085
C_MATERIAL:0.43463947978806466
C_MOVECOUNT:0.5
