ELO:1000
CE_PASSEDPAWNS:0.5036005720655639
CE_PAWNWEAKNESSES:0.48871904408759537
CE_PIECEACTIVITY:0.4828247287235159
CE_KINGPAWNSHIELD:0.5091841471232365
CE_PIECECOORDINATION:0.5141726408115596
CE_MATERIAL:0.47222087822131337
CE_KINGSAFETY:0.44588023547397804
C_PIECESQUARETABLES:0.5266223008314
C_MOBILITY:0.47575400527963185
C_KINGSAFETY:0.5449292296030942
C_PAWNSTRUCTURE:0.5157480002750022
C_PIECECOORDINATION:0.5350206194095567
C_ROOKANDPAWNMOVEMENT:0.5350206194095567
C_CENTERCONTROL:0.4709927917448666
C_DEVELOPPIECES:0.48544276495012445
C_MATERIAL:0.4695881771285353
