ELO:930
CE_PASSEDPAWNS:0.49415385837299025
CE_PAWNWEAKNESSES:0.4812565533335875
CE_PIECEACTIVITY:0.5175951905484057
CE_KINGPAWNSHIELD:0.5084329641218718
CE_PIECECOORDINATION:0.5550192983666965
CE_MATERIAL:0.479481614155664
CE_KINGSAFETY:0.48109905645400386
C_PIECESQUARETABLES:0.4898100657990405
C_MOBILITY:0.4545346388314321
C_KINGSAFETY:0.5373572596735581
C_PAWNSTRUCTURE:0.5321170138558678
C_PIECECOORDINATION:0.46649330414919415
C_ROOK:0.547579343385013
CE_ROOK:0.553859103024529
C_CENTERCONTROL:0.4891451209331295
C_DEVELOPPIECES:0.5360531290422582
C_MATERIAL:0.4530190611445968
C_MOVECOUNT:0.5276422173928186
C_PAWNMOVEMENT:0.4752956114165806
