ELO:897
CE_PASSEDPAWNS:0.5047230665234139
CE_PAWNWEAKNESSES:0.48509197838113555
CE_PIECEACTIVITY:0.4709676866855454
CE_KINGPAWNSHIELD:0.5371101330864188
CE_PIECECOORDINATION:0.47375640462237806
CE_MATERIAL:0.5785260518727937
CE_KINGSAFETY:0.5297399630921551
C_PIECESQUARETABLES:0.43792450979946773
C_MOBILITY:0.4544561167623744
C_KINGSAFETY:0.5025016544676885
C_PAWNSTRUCTURE:0.48797716171267697
C_PIECECOORDINATION:0.49080808960297856
C_ROOKANDPAWNMOVEMENT:0.49080808960297856
C_CENTERCONTROL:0.46506229700691426
C_DEVELOPPIECES:0.4205930160181613
C_MATERIAL:0.44526203547792337
