ELO:988
CE_PASSEDPAWNS:0.4002692718143043
CE_PAWNWEAKNESSES:0.4803869584213664
CE_PIECEACTIVITY:0.46516140203983236
CE_KINGPAWNSHIELD:0.5512919341310427
CE_PIECECOORDINATION:0.5244371010492113
CE_MATERIAL:0.4823043942051653
CE_KINGSAFETY:0.4489897692669512
C_PIECESQUARETABLES:0.46328449821005463
C_MOBILITY:0.5130409608219169
C_KINGSAFETY:0.5289203214317534
C_PAWNSTRUCTURE:0.5126049502309372
C_PIECECOORDINATION:0.5390078297030572
C_ROOKANDPAWNMOVEMENT:0.5390078297030572
C_CENTERCONTROL:0.4115671050296484
C_DEVELOPPIECES:0.4796729402326134
C_MATERIAL:0.5676983833218527
