ELO:1019
CE_PASSEDPAWNS:0.5
CE_PAWNWEAKNESSES:0.5
CE_PIECEACTIVITY:0.5096073050632276
CE_KINGPAWNSHIELD:0.5
CE_PIECECOORDINATION:0.5
CE_MATERIAL:0.4958016418671066
CE_KINGSAFETY:0.5
C_PIECESQUARETABLES:0.5076739951253917
C_MOBILITY:0.5
C_KINGSAFETY:0.5
C_PAWNSTRUCTURE:0.497351998811893
C_PIECECOORDINATION:0.5035368794920817
C_ROOKANDPAWNMOVEMENT:0.5035368794920817
C_CENTERCONTROL:0.5
C_DEVELOPPIECES:0.518077512491301
C_MATERIAL:0.5
