ELO:883
CE_PASSEDPAWNS:0.4569537346685047
CE_PAWNWEAKNESSES:0.4864257555614218
CE_PIECEACTIVITY:0.5153177122876116
CE_KINGPAWNSHIELD:0.5867154361558495
CE_PIECECOORDINATION:0.5426140313848452
CE_MATERIAL:0.5233954879276728
CE_KINGSAFETY:0.5173409197395192
C_PIECESQUARETABLES:0.5063813572718953
C_MOBILITY:0.5138213079385824
C_KINGSAFETY:0.5106943643852178
C_PAWNSTRUCTURE:0.4688429245479676
C_PIECECOORDINATION:0.5670268631241421
C_ROOKANDPAWNMOVEMENT:0.5670268631241421
C_CENTERCONTROL:0.38493986105828537
C_DEVELOPPIECES:0.49091912391130393
C_MATERIAL:0.5206747537202675
