ELO:804
CE_PASSEDPAWNS:0.4427788885988379
CE_PAWNWEAKNESSES:0.4820743044837142
CE_PIECEACTIVITY:0.496420248838963
CE_KINGPAWNSHIELD:0.6061120364170409
CE_PIECECOORDINATION:0.5448194175782431
CE_MATERIAL:0.5067992855033606
CE_KINGSAFETY:0.5442355055488344
C_PIECESQUARETABLES:0.4964685927720677
C_MOBILITY:0.5067626350279675
C_KINGSAFETY:0.4836236357026988
C_PAWNSTRUCTURE:0.4357449417369207
C_PIECECOORDINATION:0.5856528443275976
C_ROOKANDPAWNMOVEMENT:0.5856528443275976
C_CENTERCONTROL:0.38026365094968195
C_DEVELOPPIECES:0.5021935818767087
C_MATERIAL:0.4732065561245568
