ELO:986
CE_PASSEDPAWNS:0.5
CE_PAWNWEAKNESSES:0.49929275214086893
CE_PIECEACTIVITY:0.48691610363244664
CE_KINGPAWNSHIELD:0.49863358274041486
CE_PIECECOORDINATION:0.5049310608330135
CE_MATERIAL:0.4953069293333169
CE_KINGSAFETY:0.5
C_PIECESQUARETABLES:0.4880534037706568
C_MOBILITY:0.5000066452116223
C_KINGSAFETY:0.494657776989148
C_PAWNSTRUCTURE:0.5061696142894327
C_PIECECOORDINATION:0.475205323604598
C_ROOK:0.5437197408055834
CE_ROOK:0.5137703821744893
C_CENTERCONTROL:0.49800005704123673
C_DEVELOPPIECES:0.49565865432074513
C_MATERIAL:0.4767818354397801
C_MOVECOUNT:0.5053776126277486
C_PAWNMOVEMENT:0.49724334961453637
