ELO:971
CE_PASSEDPAWNS:0.5241119940098119
CE_PAWNWEAKNESSES:0.49481584693681435
CE_PIECEACTIVITY:0.5220254624093262
CE_KINGPAWNSHIELD:0.5073341144961546
CE_PIECECOORDINATION:0.5187298558005248
CE_MATERIAL:0.5141587184528282
CE_KINGSAFETY:0.48805389241157415
C_PIECESQUARETABLES:0.5067600171242714
C_MOBILITY:0.42720362309835336
C_KINGSAFETY:0.5751073675129632
C_PAWNSTRUCTURE:0.5333495403885786
C_PIECECOORDINATION:0.5458308209153139
C_ROOKANDPAWNMOVEMENT:0.5458308209153139
C_CENTERCONTROL:0.47670267660654103
C_DEVELOPPIECES:0.44496524932651926
C_MATERIAL:0.4056803978502284
