ELO:1000
CE_PASSEDPAWNS:0.43320631161126577
CE_PAWNWEAKNESSES:0.5075862893206128
CE_PIECEACTIVITY:0.49914348352348564
CE_KINGPAWNSHIELD:0.5048164460289726
CE_PIECECOORDINATION:0.468205594761959
CE_MATERIAL:0.5058035986112369
CE_KINGSAFETY:0.4763153290464327
C_PIECESQUARETABLES:0.4953770591428242
C_MOBILITY:0.5173818471233615
C_KINGSAFETY:0.47928045499458516
C_PAWNSTRUCTURE:0.4811324402764799
C_PIECECOORDINATION:0.5362537461142421
C_ROOKANDPAWNMOVEMENT:0.5362537461142421
C_CENTERCONTROL:0.5137786002645616
C_DEVELOPPIECES:0.5076069324908519
C_MATERIAL:0.49082670510926385
