ELO:935
CE_PASSEDPAWNS:0.49297844418593134
CE_PAWNWEAKNESSES:0.4919464894038645
CE_PIECEACTIVITY:0.45673665674128583
CE_KINGPAWNSHIELD:0.5322760145929774
CE_PIECECOORDINATION:0.5110099941356695
CE_MATERIAL:0.559411738655461
CE_KINGSAFETY:0.5076290881588332
C_PIECESQUARETABLES:0.497923436345805
C_MOBILITY:0.43207172558018314
C_KINGSAFETY:0.5917555779826661
C_PAWNSTRUCTURE:0.51236889087913
C_PIECECOORDINATION:0.5041703758269298
C_ROOKANDPAWNMOVEMENT:0.5041703758269298
C_CENTERCONTROL:0.4401219892737947
C_DEVELOPPIECES:0.4554004152362659
C_MATERIAL:0.4213145109203868
