ELO:988
CE_PASSEDPAWNS:0.4117842569426379
CE_PAWNWEAKNESSES:0.4901823608002904
CE_PIECEACTIVITY:0.48017416944013896
CE_KINGPAWNSHIELD:0.5340940219071152
CE_PIECECOORDINATION:0.5459581277385328
CE_MATERIAL:0.4764999115227356
CE_KINGSAFETY:0.443838606973149
C_PIECESQUARETABLES:0.44555669037751067
C_MOBILITY:0.4891126522895203
C_KINGSAFETY:0.5176205780268599
C_PAWNSTRUCTURE:0.5121491257657819
C_PIECECOORDINATION:0.5457158294728247
C_ROOKANDPAWNMOVEMENT:0.5457158294728247
C_CENTERCONTROL:0.3959768765800377
C_DEVELOPPIECES:0.4672387034781214
C_MATERIAL:0.5706302001169596
