ELO:958
CE_PASSEDPAWNS:0.4936058179773609
CE_PAWNWEAKNESSES:0.478252436113254
CE_PIECEACTIVITY:0.5189362332657352
CE_KINGPAWNSHIELD:0.4750375286646585
CE_PIECECOORDINATION:0.49281913462478916
CE_MATERIAL:0.41394258170737486
CE_KINGSAFETY:0.5174093196808837
C_PIECESQUARETABLES:0.4922368988158349
C_MOBILITY:0.5086177659351334
C_KINGSAFETY:0.4819796018567752
C_PAWNSTRUCTURE:0.5176793638453442
C_PIECECOORDINATION:0.5019101894375142
C_ROOK:0.47919450363963384
CE_ROOK:0.4834132420028921
C_CENTERCONTROL:0.46690355155899227
C_DEVELOPPIECES:0.4908146355716911
C_MATERIAL:0.5152197302517317
C_MOVECOUNT:0.5544468340112211
C_PAWNMOVEMENT:0.5629038596234611
