ELO:940
CE_PASSEDPAWNS:0.5093897975329054
CE_PAWNWEAKNESSES:0.49572900982892365
CE_PIECEACTIVITY:0.4878743440242886
CE_KINGPAWNSHIELD:0.494026369038783
CE_PIECECOORDINATION:0.5360633189006563
CE_MATERIAL:0.5326504889937733
CE_KINGSAFETY:0.46876832625467973
C_PIECESQUARETABLES:0.4929932205277782
C_MOBILITY:0.48695759504065306
C_KINGSAFETY:0.5077137299942719
C_PAWNSTRUCTURE:0.4700230401622115
C_PIECECOORDINATION:0.47377676116907425
C_ROOKANDPAWNMOVEMENT:0.47377676116907425
C_CENTERCONTROL:0.48933012278399307
C_DEVELOPPIECES:0.49028712569747546
C_MATERIAL:0.49389084456708354
C_MOVECOUNT:0.5
