ELO:909
CE_PASSEDPAWNS:0.49814725542327704
CE_PAWNWEAKNESSES:0.4390725085333269
CE_PIECEACTIVITY:0.5293945123132778
CE_KINGPAWNSHIELD:0.4649305519969675
CE_PIECECOORDINATION:0.471734906041944
CE_MATERIAL:0.44659119405874365
CE_KINGSAFETY:0.5
C_PIECESQUARETABLES:0.5
C_MOBILITY:0.5158138560628351
C_KINGSAFETY:0.5519252142868261
C_PAWNSTRUCTURE:0.5032179713012929
C_PIECECOORDINATION:0.4562118515675272
C_ROOKANDPAWNMOVEMENT:0.4562118515675272
C_CENTERCONTROL:0.6376405652362516
C_DEVELOPPIECES:0.44962804478387003
C_MATERIAL:0.45123918530143026
C_MOVECOUNT:0.5
