ELO:972
CE_PASSEDPAWNS:0.5072745599954215
CE_PAWNWEAKNESSES:0.478252436113254
CE_PIECEACTIVITY:0.5169123264014085
CE_KINGPAWNSHIELD:0.4836317408540455
CE_PIECECOORDINATION:0.4975126693268975
CE_MATERIAL:0.434317020632712
CE_KINGSAFETY:0.5084407011875964
C_PIECESQUARETABLES:0.503163748740485
C_MOBILITY:0.508715459232009
C_KINGSAFETY:0.4793072214457182
C_PAWNSTRUCTURE:0.5098481643650716
C_PIECECOORDINATION:0.5040189904117899
C_ROOK:0.4903083214856436
CE_ROOK:0.4799011181068008
C_CENTERCONTROL:0.482695587391707
C_DEVELOPPIECES:0.4918998689019661
C_MATERIAL:0.5068994752660902
C_MOVECOUNT:0.545503842071416
C_PAWNMOVEMENT:0.544962185727369
