ELO:1000
CE_PASSEDPAWNS:0.5346998409471726
CE_PAWNWEAKNESSES:0.4415186149170483
CE_PIECEACTIVITY:0.503335841641674
CE_KINGPAWNSHIELD:0.4969495028266746
CE_PIECECOORDINATION:0.5026325559820976
CE_MATERIAL:0.5084813557166377
CE_KINGSAFETY:0.5159168321352726
C_PIECESQUARETABLES:0.49032730843686634
C_MOBILITY:0.5149589188810904
C_KINGSAFETY:0.5029630346923297
C_PAWNSTRUCTURE:0.5017568153281858
C_PIECECOORDINATION:0.507789413485262
C_ROOKANDPAWNMOVEMENT:0.507789413485262
C_CENTERCONTROL:0.5118865098503338
C_DEVELOPPIECES:0.47016684269851705
C_MATERIAL:0.5178404740076269
