ELO:1000
CE_PASSEDPAWNS:0.490899583059723
CE_PAWNWEAKNESSES:0.49013987116216506
CE_PIECEACTIVITY:0.5191948185498427
CE_KINGPAWNSHIELD:0.4934779353552136
CE_PIECECOORDINATION:0.5080257293834314
CE_MATERIAL:0.48627984258021767
CE_KINGSAFETY:0.5080006875410702
C_PIECESQUARETABLES:0.5
C_MOBILITY:0.5
C_KINGSAFETY:0.4892176913756727
C_PAWNSTRUCTURE:0.5009134126007844
C_PIECECOORDINATION:0.49934192681430073
C_ROOK:0.4992944783411954
CE_ROOK:0.5061604697693896
C_CENTERCONTROL:0.4915048527791102
C_DEVELOPPIECES:0.4929513221497292
C_MATERIAL:0.5
C_MOVECOUNT:0.5
C_PAWNMOVEMENT:0.49214926060098435
