ELO:1000
CE_PASSEDPAWNS:0.5397134121933719
CE_PAWNWEAKNESSES:0.45043436429384154
CE_PIECEACTIVITY:0.4585301555274614
CE_KINGPAWNSHIELD:0.5407902164817395
CE_PIECECOORDINATION:0.49359605740912366
CE_MATERIAL:0.5365043634987405
CE_KINGSAFETY:0.5489217619611734
C_PIECESQUARETABLES:0.4898273339482495
C_MOBILITY:0.48800607423114534
C_KINGSAFETY:0.514497405937585
C_PAWNSTRUCTURE:0.43034518015154627
C_PIECECOORDINATION:0.4758940909717756
C_ROOKANDPAWNMOVEMENT:0.4758940909717756
C_CENTERCONTROL:0.5762225550245774
C_DEVELOPPIECES:0.5009966145003433
C_MATERIAL:0.5033232084821866
