ELO:925
CE_PASSEDPAWNS:0.4827363110712511
CE_PAWNWEAKNESSES:0.4729447514732573
CE_PIECEACTIVITY:0.5258284044607471
CE_KINGPAWNSHIELD:0.48409394488117774
CE_PIECECOORDINATION:0.5057805482915103
CE_MATERIAL:0.41100180215787474
CE_KINGSAFETY:0.5012206276740411
C_PIECESQUARETABLES:0.5
C_MOBILITY:0.49843351991078516
C_KINGSAFETY:0.4821891947507216
C_PAWNSTRUCTURE:0.5398841553569059
C_PIECECOORDINATION:0.5327101094404536
C_ROOK:0.4775249883959386
CE_ROOK:0.47118244838915385
C_CENTERCONTROL:0.4612413998771644
C_DEVELOPPIECES:0.49233399365030045
C_MATERIAL:0.5180728173465232
C_MOVECOUNT:0.5410252430728606
C_PAWNMOVEMENT:0.5516836444528058
