ELO:971
CE_PASSEDPAWNS:0.5264405103282565
CE_PAWNWEAKNESSES:0.3905223966662145
CE_PIECEACTIVITY:0.5004290883650974
CE_KINGPAWNSHIELD:0.592076037309102
CE_PIECECOORDINATION:0.5446195243383879
CE_MATERIAL:0.5153084417836535
CE_KINGSAFETY:0.5137094524309102
C_PIECESQUARETABLES:0.5071474183833345
C_MOBILITY:0.4945598608613531
C_KINGSAFETY:0.5391676670510681
C_PAWNSTRUCTURE:0.42487151246180305
C_PIECECOORDINATION:0.5377031489516557
C_ROOKANDPAWNMOVEMENT:0.5377031489516557
C_CENTERCONTROL:0.5093117274476097
C_DEVELOPPIECES:0.5140077434894412
C_MATERIAL:0.49821155786109317
