ELO:999
CE_PASSEDPAWNS:0.4856186992104034
CE_PAWNWEAKNESSES:0.46619379657877624
CE_PIECEACTIVITY:0.5088764420912174
CE_KINGPAWNSHIELD:0.4842263911044692
CE_PIECECOORDINATION:0.48516507381953455
CE_MATERIAL:0.5121163136439065
CE_KINGSAFETY:0.4902448526881227
C_PIECESQUARETABLES:0.5241164308493762
C_MOBILITY:0.4744806485427322
C_KINGSAFETY:0.5751591212110047
C_PAWNSTRUCTURE:0.40329516990750197
C_PIECECOORDINATION:0.432393393801181
C_ROOKANDPAWNMOVEMENT:0.432393393801181
C_CENTERCONTROL:0.4580774766528722
C_DEVELOPPIECES:0.4594581221984882
C_MATERIAL:0.5087501526382494
C_MOVECOUNT:0.521975550403894
