ELO:897
CE_PASSEDPAWNS:0.473151621878703
CE_PAWNWEAKNESSES:0.4816528965350486
CE_PIECEACTIVITY:0.4933816053433479
CE_KINGPAWNSHIELD:0.5333231598024718
CE_PIECECOORDINATION:0.5489823704691442
CE_MATERIAL:0.47328716106836
CE_KINGSAFETY:0.4957730392608254
C_PIECESQUARETABLES:0.4942164395657888
C_MOBILITY:0.44833935090111715
C_KINGSAFETY:0.4871396258959687
C_PAWNSTRUCTURE:0.5037568545259127
C_PIECECOORDINATION:0.48670449287785494
C_ROOKANDPAWNMOVEMENT:0.48670449287785494
C_CENTERCONTROL:0.496890968157246
C_DEVELOPPIECES:0.4838503878383764
C_MATERIAL:0.42759972320159184
C_MOVECOUNT:0.5
