ELO:1000
CE_PASSEDPAWNS:0.5617432028070443
CE_PAWNWEAKNESSES:0.458634799233561
CE_PIECEACTIVITY:0.49562093327358914
CE_KINGPAWNSHIELD:0.5018252960034383
CE_PIECECOORDINATION:0.5059590689621226
CE_MATERIAL:0.5389787965614067
CE_KINGSAFETY:0.5562468443942562
C_PIECESQUARETABLES:0.5074688520918946
C_MOBILITY:0.5034373825019259
C_KINGSAFETY:0.5276966171371513
C_PAWNSTRUCTURE:0.46434316525276903
C_PIECECOORDINATION:0.46133246994334187
C_ROOKANDPAWNMOVEMENT:0.46133246994334187
C_CENTERCONTROL:0.5557275948660101
C_DEVELOPPIECES:0.5217293315510654
C_MATERIAL:0.49530123370558393
