ELO:984
CE_PASSEDPAWNS:0.5002183525609668
CE_PAWNWEAKNESSES:0.49621813183042485
CE_PIECEACTIVITY:0.4671006029051637
CE_KINGPAWNSHIELD:0.5091388739005639
CE_PIECECOORDINATION:0.49262890404143234
CE_MATERIAL:0.49830556941330434
CE_KINGSAFETY:0.5228794717584131
C_PIECESQUARETABLES:0.507884850107783
C_MOBILITY:0.5
C_KINGSAFETY:0.5011674216562575
C_PAWNSTRUCTURE:0.505368568711276
C_PIECECOORDINATION:0.5
C_ROOKANDPAWNMOVEMENT:0.5
C_CENTERCONTROL:0.5003672907891602
C_DEVELOPPIECES:0.5
C_MATERIAL:0.4962945418103064
