ELO:1113
CE_PASSEDPAWNS:0.5955037066111589
CE_PAWNWEAKNESSES:0.5942385255537602
CE_PIECEACTIVITY:0.4819299503132224
CE_KINGPAWNSHIELD:0.4850868962674325
CE_PIECECOORDINATION:0.5449900128502336
CE_MATERIAL:0.4656518749506639
CE_KINGSAFETY:0.5
C_PIECESQUARETABLES:0.46879243562561745
C_MOBILITY:0.429506015191346
C_KINGSAFETY:0.30807903020254146
C_PAWNSTRUCTURE:0.4417501100211813
C_PIECECOORDINATION:0.4947646653478952
C_ROOKANDPAWNMOVEMENT:0.4947646653478952
C_CENTERCONTROL:0.4764325230678189
C_DEVELOPPIECES:0.464302331748555
C_MATERIAL:0.38364457690538134
