ELO:929
CE_PASSEDPAWNS:0.4775694055452997
CE_PAWNWEAKNESSES:0.5043511481927712
CE_PIECEACTIVITY:0.44326196774656323
CE_KINGPAWNSHIELD:0.4905991356467185
CE_PIECECOORDINATION:0.5356471065886746
CE_MATERIAL:0.4952889811339558
CE_KINGSAFETY:0.5003730192296878
C_PIECESQUARETABLES:0.5078160379366713
C_MOBILITY:0.5096485355926964
C_KINGSAFETY:0.4908476882869528
C_PAWNSTRUCTURE:0.5146725818965143
C_PIECECOORDINATION:0.47327503996650033
C_ROOKANDPAWNMOVEMENT:0.47327503996650033
C_CENTERCONTROL:0.5032235788427735
C_DEVELOPPIECES:0.4964258822349788
C_MATERIAL:0.5323452844545443
C_MOVECOUNT:0.5
