ELO:999
CE_PASSEDPAWNS:0.44644011966411384
CE_PAWNWEAKNESSES:0.5099362491104052
CE_PIECEACTIVITY:0.45246911458799793
CE_KINGPAWNSHIELD:0.45323737982594675
CE_PIECECOORDINATION:0.5000159920493698
CE_MATERIAL:0.40774503502247744
CE_KINGSAFETY:0.5037586716519264
C_PIECESQUARETABLES:0.5242896933217938
C_MOBILITY:0.5708465148822535
C_KINGSAFETY:0.38083164125974567
C_PAWNSTRUCTURE:0.5264754213517847
C_PIECECOORDINATION:0.5528842965337866
C_ROOKANDPAWNMOVEMENT:0.5528842965337866
C_CENTERCONTROL:0.5305462645539264
C_DEVELOPPIECES:0.5822100761634248
C_MATERIAL:0.4928673811565704
