ELO:864
CE_PASSEDPAWNS:0.5379457907016701
CE_PAWNWEAKNESSES:0.40643011972044774
CE_PIECEACTIVITY:0.48744197569858855
CE_KINGPAWNSHIELD:0.5824861554499181
CE_PIECECOORDINATION:0.5609468609622169
CE_MATERIAL:0.5047162948538554
CE_KINGSAFETY:0.5644685899000679
C_PIECESQUARETABLES:0.48704647600196505
C_MOBILITY:0.4856423343887965
C_KINGSAFETY:0.4518460040381204
C_PAWNSTRUCTURE:0.39357510975509735
C_PIECECOORDINATION:0.5599642756633759
C_ROOKANDPAWNMOVEMENT:0.5599642756633759
C_CENTERCONTROL:0.5440129043514691
C_DEVELOPPIECES:0.5378019638052969
C_MATERIAL:0.5108787585563532
