ELO:866
CE_PASSEDPAWNS:0.49522989190226696
CE_PAWNWEAKNESSES:0.47738085317291107
CE_PIECEACTIVITY:0.45385369140292847
CE_KINGPAWNSHIELD:0.48455871618939894
CE_PIECECOORDINATION:0.5222403752692758
CE_MATERIAL:0.536482443604285
CE_KINGSAFETY:0.5
C_PIECESQUARETABLES:0.5
C_MOBILITY:0.44609642294100854
C_KINGSAFETY:0.48703490070239924
C_PAWNSTRUCTURE:0.545850232247685
C_PIECECOORDINATION:0.4022686103782038
C_ROOKANDPAWNMOVEMENT:0.4022686103782038
C_CENTERCONTROL:0.5591209878288531
C_DEVELOPPIECES:0.49594186963912834
C_MATERIAL:0.4647995322735678
C_MOVECOUNT:0.4986588625552757
