ELO:1000
CE_PASSEDPAWNS:0.4590987556105026
CE_PAWNWEAKNESSES:0.40760530194556893
CE_PIECEACTIVITY:0.5025656182582539
CE_KINGPAWNSHIELD:0.519197267681892
CE_PIECECOORDINATION:0.5113580762499389
CE_MATERIAL:0.5217137227902585
CE_KINGSAFETY:0.5307570477741037
C_PIECESQUARETABLES:0.49783189810893014
C_MOBILITY:0.5659213757954964
C_KINGSAFETY:0.5461509492416907
C_PAWNSTRUCTURE:0.49133214872363057
C_PIECECOORDINATION:0.47488337123191826
C_ROOKANDPAWNMOVEMENT:0.47488337123191826
C_CENTERCONTROL:0.5026728232134818
C_DEVELOPPIECES:0.46882324280303717
C_MATERIAL:0.5139624108474168
