ELO:943
CE_PASSEDPAWNS:0.5012141263321032
CE_PAWNWEAKNESSES:0.5073178931891245
CE_PIECEACTIVITY:0.49321906805216875
CE_KINGPAWNSHIELD:0.4996048401168925
CE_PIECECOORDINATION:0.5359564404494482
CE_MATERIAL:0.5238477972569027
CE_KINGSAFETY:0.5194971567578139
C_PIECESQUARETABLES:0.48966345296203734
C_MOBILITY:0.5041189097557097
C_KINGSAFETY:0.5142045852792513
C_PAWNSTRUCTURE:0.4792474836680635
C_PIECECOORDINATION:0.48273376204107044
C_ROOKANDPAWNMOVEMENT:0.48273376204107044
C_CENTERCONTROL:0.4831384339334135
C_DEVELOPPIECES:0.5028342591567111
C_MATERIAL:0.5014839270864118
