ELO:956
CE_PASSEDPAWNS:0.4854784507199778
CE_PAWNWEAKNESSES:0.478252436113254
CE_PIECEACTIVITY:0.5171762975792955
CE_KINGPAWNSHIELD:0.4750375286646585
CE_PIECECOORDINATION:0.5040522320440183
CE_MATERIAL:0.41394258170737486
CE_KINGSAFETY:0.5
C_PIECESQUARETABLES:0.5013879033804665
C_MOBILITY:0.5048726381335958
C_KINGSAFETY:0.4819796018567752
C_PAWNSTRUCTURE:0.5176793638453442
C_PIECECOORDINATION:0.49654198695966506
C_ROOK:0.47565146166200495
CE_ROOK:0.4834132420028921
C_CENTERCONTROL:0.4634790947940511
C_DEVELOPPIECES:0.4908146355716911
C_MATERIAL:0.5213162419192866
C_MOVECOUNT:0.5463103462834233
C_PAWNMOVEMENT:0.5629038596234611
