ELO:1000
CE_PASSEDPAWNS:0.48764915782638746
CE_PAWNWEAKNESSES:0.38257373918408033
CE_PIECEACTIVITY:0.5084166735867517
CE_KINGPAWNSHIELD:0.5096233688599289
CE_PIECECOORDINATION:0.5131708529047917
CE_MATERIAL:0.5228938419878163
CE_KINGSAFETY:0.5078054507976623
C_PIECESQUARETABLES:0.5174907948904772
C_MOBILITY:0.574055750339281
C_KINGSAFETY:0.5092001586847196
C_PAWNSTRUCTURE:0.5101911403531363
C_PIECECOORDINATION:0.45921920386412274
C_ROOKANDPAWNMOVEMENT:0.45921920386412274
C_CENTERCONTROL:0.49673848403748805
C_DEVELOPPIECES:0.46145855822742693
C_MATERIAL:0.5215754733857932
