ELO:1000
CE_PASSEDPAWNS:0.46701608202352696
CE_PAWNWEAKNESSES:0.40256077309345056
CE_PIECEACTIVITY:0.5267648333169873
CE_KINGPAWNSHIELD:0.5351879319591863
CE_PIECECOORDINATION:0.5083496584583374
CE_MATERIAL:0.5142993124176161
CE_KINGSAFETY:0.5417825592642388
C_PIECESQUARETABLES:0.4958059902955123
C_MOBILITY:0.5736324213462266
C_KINGSAFETY:0.5265052550006775
C_PAWNSTRUCTURE:0.49133214872363057
C_PIECECOORDINATION:0.4866219439448197
C_ROOKANDPAWNMOVEMENT:0.4866219439448197
C_CENTERCONTROL:0.5026728232134818
C_DEVELOPPIECES:0.4768556553190626
C_MATERIAL:0.5054880446993975
