ELO:973
CE_PASSEDPAWNS:0.49573443526459193
CE_PAWNWEAKNESSES:0.5310149616388938
CE_PIECEACTIVITY:0.49077025061794416
CE_KINGPAWNSHIELD:0.5507958126477756
CE_PIECECOORDINATION:0.4867586524658097
CE_MATERIAL:0.48702859986736063
CE_KINGSAFETY:0.51293273372503
C_PIECESQUARETABLES:0.4451116840374603
C_MOBILITY:0.5396782389596528
C_KINGSAFETY:0.4492828606390692
C_PAWNSTRUCTURE:0.4776684800180872
C_PIECECOORDINATION:0.5011510003636197
C_ROOKANDPAWNMOVEMENT:0.5011510003636197
C_CENTERCONTROL:0.48157046577476703
C_DEVELOPPIECES:0.5230730759209385
C_MATERIAL:0.46296509231863725
C_MOVECOUNT:0.5288743401256972
