ELO:999
CE_PASSEDPAWNS:0.4998974046900167
CE_PAWNWEAKNESSES:0.48913103349922293
CE_PIECEACTIVITY:0.5191948185498427
CE_KINGPAWNSHIELD:0.4934779353552136
CE_PIECECOORDINATION:0.5071888572899954
CE_MATERIAL:0.46159623477443096
CE_KINGSAFETY:0.5037679034164573
C_PIECESQUARETABLES:0.488631786040799
C_MOBILITY:0.49791492347959265
C_KINGSAFETY:0.48748377129575127
C_PAWNSTRUCTURE:0.48932637452821737
C_PIECECOORDINATION:0.4940296839400582
C_ROOK:0.4949470216949671
CE_ROOK:0.507776727039865
C_CENTERCONTROL:0.5110175236441136
C_DEVELOPPIECES:0.4916133172907209
C_MATERIAL:0.5067105661827261
C_MOVECOUNT:0.5097055185601885
C_PAWNMOVEMENT:0.48079296538106014
