ELO:813
CE_PASSEDPAWNS:0.5492392549907045
CE_PAWNWEAKNESSES:0.4876653583127888
CE_PIECEACTIVITY:0.5036056011872079
CE_KINGPAWNSHIELD:0.522895546197898
CE_PIECECOORDINATION:0.5753914123212215
CE_MATERIAL:0.39507518621542503
CE_KINGSAFETY:0.503408356296994
C_PIECESQUARETABLES:0.4853046438063234
C_MOBILITY:0.5093887930224166
C_KINGSAFETY:0.4579798171861733
C_PAWNSTRUCTURE:0.46699648273255423
C_PIECECOORDINATION:0.5383807997868973
C_ROOKANDPAWNMOVEMENT:0.5383807997868973
C_CENTERCONTROL:0.42754243348271614
C_DEVELOPPIECES:0.5024163413773742
C_MATERIAL:0.48960932198581814
C_MOVECOUNT:0.5
