ELO:974
CE_PASSEDPAWNS:0.5231491990194349
CE_PAWNWEAKNESSES:0.39702250653141574
CE_PIECEACTIVITY:0.49606660498390887
CE_KINGPAWNSHIELD:0.5874035623117154
CE_PIECECOORDINATION:0.5345763208471997
CE_MATERIAL:0.5243971205197496
CE_KINGSAFETY:0.5063116851379411
C_PIECESQUARETABLES:0.5142398186828803
C_MOBILITY:0.48216053186770097
C_KINGSAFETY:0.5276340537403561
C_PAWNSTRUCTURE:0.4159243236035044
C_PIECECOORDINATION:0.5477902821359788
C_ROOKANDPAWNMOVEMENT:0.5477902821359788
C_CENTERCONTROL:0.5176779807800622
C_DEVELOPPIECES:0.5019858660965473
C_MATERIAL:0.5024525132189201
