ELO:919
CE_PASSEDPAWNS:0.5517752650559424
CE_PAWNWEAKNESSES:0.42052797203337156
CE_PIECEACTIVITY:0.503501304584482
CE_KINGPAWNSHIELD:0.5569128020529869
CE_PIECECOORDINATION:0.5325937082085503
CE_MATERIAL:0.5012736194158266
CE_KINGSAFETY:0.5224042413696861
C_PIECESQUARETABLES:0.5017694666171724
C_MOBILITY:0.4996753218934959
C_KINGSAFETY:0.4799280117129339
C_PAWNSTRUCTURE:0.3767136689552759
C_PIECECOORDINATION:0.5302131250054695
C_ROOKANDPAWNMOVEMENT:0.5302131250054695
C_CENTERCONTROL:0.5751164585856842
C_DEVELOPPIECES:0.5223836621469519
C_MATERIAL:0.46618956145075013
