ELO:1000
CE_PASSEDPAWNS:0.546235487680377
CE_PAWNWEAKNESSES:0.46299450295836064
CE_PIECEACTIVITY:0.47242606988281033
CE_KINGPAWNSHIELD:0.5074381609983589
CE_PIECECOORDINATION:0.502401374378911
CE_MATERIAL:0.5310180122899496
CE_KINGSAFETY:0.5234319734643458
C_PIECESQUARETABLES:0.49994737514783444
C_MOBILITY:0.5037865583689398
C_KINGSAFETY:0.5297344767265448
C_PAWNSTRUCTURE:0.44671366505539584
C_PIECECOORDINATION:0.4778844989471546
C_ROOKANDPAWNMOVEMENT:0.4778844989471546
C_CENTERCONTROL:0.5625872527417866
C_DEVELOPPIECES:0.48948656011048286
C_MATERIAL:0.5062750234858426
