ELO:855
CE_PASSEDPAWNS:0.5189724247393771
CE_PAWNWEAKNESSES:0.42313084133889106
CE_PIECEACTIVITY:0.48748610491865385
CE_KINGPAWNSHIELD:0.5733029957573891
CE_PIECECOORDINATION:0.5615284134406319
CE_MATERIAL:0.4924723215502634
CE_KINGSAFETY:0.5542474002930289
C_PIECESQUARETABLES:0.48081841298593786
C_MOBILITY:0.4809070966924386
C_KINGSAFETY:0.45428580614966546
C_PAWNSTRUCTURE:0.38659869229671256
C_PIECECOORDINATION:0.5719816702717025
C_ROOKANDPAWNMOVEMENT:0.5719816702717025
C_CENTERCONTROL:0.5378486298797845
C_DEVELOPPIECES:0.5136065180724123
C_MATERIAL:0.5245788312032174
