ELO:902
CE_PASSEDPAWNS:0.4819147114533959
CE_PAWNWEAKNESSES:0.4710508243456942
CE_PIECEACTIVITY:0.5338546534124826
CE_KINGPAWNSHIELD:0.4916279315521232
CE_PIECECOORDINATION:0.5009409792524636
CE_MATERIAL:0.4231254928964465
CE_KINGSAFETY:0.5
C_PIECESQUARETABLES:0.47607817923378587
C_MOBILITY:0.5121013783605266
C_KINGSAFETY:0.4625648647729962
C_PAWNSTRUCTURE:0.5427039787567862
C_PIECECOORDINATION:0.5366485791294632
C_ROOK:0.4917975279644774
CE_ROOK:0.4919415879871055
C_CENTERCONTROL:0.47155702597151533
C_DEVELOPPIECES:0.49233399365030045
C_MATERIAL:0.54523851628083
C_MOVECOUNT:0.5326167604867209
C_PAWNMOVEMENT:0.5579581549850642
