ELO:751
CE_PASSEDPAWNS:0.5394062831280594
CE_PAWNWEAKNESSES:0.469275705715694
CE_PIECEACTIVITY:0.5579593904774517
CE_KINGPAWNSHIELD:0.5525272377209791
CE_PIECECOORDINATION:0.5285906078208854
CE_MATERIAL:0.4456635885168454
CE_KINGSAFETY:0.4040304149144907
C_PIECESQUARETABLES:0.5022726477540465
C_MOBILITY:0.47282133524727216
C_KINGSAFETY:0.49163447138192273
C_PAWNSTRUCTURE:0.44603411480312993
C_PIECECOORDINATION:0.5540534887464089
C_ROOKANDPAWNMOVEMENT:0.5540534887464089
C_CENTERCONTROL:0.441999509917793
C_DEVELOPPIECES:0.5077529532312774
C_MATERIAL:0.5036209787569366
C_MOVECOUNT:0.5
