ELO:1000
CE_PASSEDPAWNS:0.5432355719387706
CE_PAWNWEAKNESSES:0.44811674423341796
CE_PIECEACTIVITY:0.4770185249288294
CE_KINGPAWNSHIELD:0.5251566792160571
CE_PIECECOORDINATION:0.5052682217230022
CE_MATERIAL:0.5226181033061176
CE_KINGSAFETY:0.5354225498473801
C_PIECESQUARETABLES:0.5052261160769965
C_MOBILITY:0.5029303814308373
C_KINGSAFETY:0.5374012755196188
C_PAWNSTRUCTURE:0.43309867603930413
C_PIECECOORDINATION:0.47062928385536174
C_ROOKANDPAWNMOVEMENT:0.47062928385536174
C_CENTERCONTROL:0.5679778852310216
C_DEVELOPPIECES:0.48275551192043575
C_MATERIAL:0.5073018518016147
