ELO:988
CE_PASSEDPAWNS:0.43384894486281855
CE_PAWNWEAKNESSES:0.5100523304930431
CE_PIECEACTIVITY:0.4555054570014427
CE_KINGPAWNSHIELD:0.4451936094890598
CE_PIECECOORDINATION:0.518550463502352
CE_MATERIAL:0.40917191494424937
CE_KINGSAFETY:0.5173406718963713
C_PIECESQUARETABLES:0.5289988123850451
C_MOBILITY:0.5699262562788019
C_KINGSAFETY:0.39396271934060506
C_PAWNSTRUCTURE:0.5173654554160043
C_PIECECOORDINATION:0.5557778738035705
C_ROOKANDPAWNMOVEMENT:0.5557778738035705
C_CENTERCONTROL:0.5344665076510869
C_DEVELOPPIECES:0.5713392899407188
C_MATERIAL:0.48084349053412007
