ELO:980
CE_PASSEDPAWNS:0.5024172426947833
CE_PAWNWEAKNESSES:0.506040288820227
CE_PIECEACTIVITY:0.5172000560942474
CE_KINGPAWNSHIELD:0.5
CE_PIECECOORDINATION:0.5260310786048377
CE_MATERIAL:0.4957354596582164
CE_KINGSAFETY:0.49005424675742976
C_PIECESQUARETABLES:0.49504549967111267
C_MOBILITY:0.48294114475251704
C_KINGSAFETY:0.5110083104752811
C_PAWNSTRUCTURE:0.5061505066893418
C_PIECECOORDINATION:0.4882535618585659
C_ROOKANDPAWNMOVEMENT:0.4882535618585659
C_CENTERCONTROL:0.4952582251526283
C_DEVELOPPIECES:0.4741722891424324
C_MATERIAL:0.5017761809188391
C_MOVECOUNT:0.5
