ELO:955
CE_PASSEDPAWNS:0.5379073336247697
CE_PAWNWEAKNESSES:0.40718829281952945
CE_PIECEACTIVITY:0.48821892878188833
CE_KINGPAWNSHIELD:0.5658742181324926
CE_PIECECOORDINATION:0.5374749036732976
CE_MATERIAL:0.5142964154858585
CE_KINGSAFETY:0.5077186028768829
C_PIECESQUARETABLES:0.49827076146943905
C_MOBILITY:0.48337330276688817
C_KINGSAFETY:0.48306548290312273
C_PAWNSTRUCTURE:0.4071219505915148
C_PIECECOORDINATION:0.548909494746065
C_ROOKANDPAWNMOVEMENT:0.548909494746065
C_CENTERCONTROL:0.5662302702479574
C_DEVELOPPIECES:0.5223836621469519
C_MATERIAL:0.47037568355494846
