ELO:996
CE_PASSEDPAWNS:0.5139602002105711
CE_PAWNWEAKNESSES:0.3949023655521423
CE_PIECEACTIVITY:0.5074897841958241
CE_KINGPAWNSHIELD:0.5840361394990391
CE_PIECECOORDINATION:0.5147541693366326
CE_MATERIAL:0.5620293798315973
CE_KINGSAFETY:0.47841370566050545
C_PIECESQUARETABLES:0.4868970125284609
C_MOBILITY:0.47834383115933177
C_KINGSAFETY:0.5104569773061689
C_PAWNSTRUCTURE:0.48624393919959724
C_PIECECOORDINATION:0.533084289274401
C_ROOKANDPAWNMOVEMENT:0.533084289274401
C_CENTERCONTROL:0.6065017839602663
C_DEVELOPPIECES:0.4920401088481863
C_MATERIAL:0.5604532058045024
