ELO:902
CE_PASSEDPAWNS:0.4890291180375291
CE_PAWNWEAKNESSES:0.4759959322053253
CE_PIECEACTIVITY:0.5365671224909043
CE_KINGPAWNSHIELD:0.48409394488117774
CE_PIECECOORDINATION:0.5057805482915103
CE_MATERIAL:0.41100180215787474
CE_KINGSAFETY:0.5
C_PIECESQUARETABLES:0.4882523837701044
C_MOBILITY:0.506441564734599
C_KINGSAFETY:0.47295065371606926
C_PAWNSTRUCTURE:0.5427039787567862
C_PIECECOORDINATION:0.5327101094404536
C_ROOK:0.4775249883959386
CE_ROOK:0.484216650271353
C_CENTERCONTROL:0.47155702597151533
C_DEVELOPPIECES:0.49233399365030045
C_MATERIAL:0.5381766371777571
C_MOVECOUNT:0.5410252430728606
C_PAWNMOVEMENT:0.5516836444528058
