ELO:931
CE_PASSEDPAWNS:0.48995759672513883
CE_PAWNWEAKNESSES:0.5043511481927712
CE_PIECEACTIVITY:0.44326196774656323
CE_KINGPAWNSHIELD:0.49225766401989995
CE_PIECECOORDINATION:0.5356471065886746
CE_MATERIAL:0.4952889811339558
CE_KINGSAFETY:0.49577498488490884
C_PIECESQUARETABLES:0.506320767670549
C_MOBILITY:0.5189932532154059
C_KINGSAFETY:0.4937148058723723
C_PAWNSTRUCTURE:0.5146725818965143
C_PIECECOORDINATION:0.4613132288923723
C_ROOKANDPAWNMOVEMENT:0.4613132288923723
C_CENTERCONTROL:0.5032235788427735
C_DEVELOPPIECES:0.4964258822349788
C_MATERIAL:0.5228688932698516
C_MOVECOUNT:0.5
