ELO:988
CE_PASSEDPAWNS:0.5114651692683998
CE_PAWNWEAKNESSES:0.48913103349922293
CE_PIECEACTIVITY:0.5279164478236539
CE_KINGPAWNSHIELD:0.5024885424106686
CE_PIECECOORDINATION:0.4997566110655846
CE_MATERIAL:0.44248721523733164
CE_KINGSAFETY:0.4992430050874614
C_PIECESQUARETABLES:0.488631786040799
C_MOBILITY:0.4918066130312359
C_KINGSAFETY:0.48748377129575127
C_PAWNSTRUCTURE:0.48932637452821737
C_PIECECOORDINATION:0.4940296839400582
C_ROOK:0.4964649854033773
CE_ROOK:0.49952671949480804
C_CENTERCONTROL:0.509869435312226
C_DEVELOPPIECES:0.4916133172907209
C_MATERIAL:0.5067105661827261
C_MOVECOUNT:0.5097055185601885
C_PAWNMOVEMENT:0.48079296538106014
