ELO:827
CE_PASSEDPAWNS:0.48348096130146045
CE_PAWNWEAKNESSES:0.41712632506843894
CE_PIECEACTIVITY:0.5005385430949656
CE_KINGPAWNSHIELD:0.4888918305924861
CE_PIECECOORDINATION:0.48278722337063934
CE_MATERIAL:0.5710680678210297
CE_KINGSAFETY:0.5267217276143565
C_PIECESQUARETABLES:0.49373274223904356
C_MOBILITY:0.5144955069437598
C_KINGSAFETY:0.5324786239756532
C_PAWNSTRUCTURE:0.5209584085921846
C_PIECECOORDINATION:0.4968742682318569
C_ROOKANDPAWNMOVEMENT:0.4968742682318569
C_CENTERCONTROL:0.5055923669886673
C_DEVELOPPIECES:0.5430892741180483
C_MATERIAL:0.5093962719822063
C_MOVECOUNT:0.5
