ELO:911
CE_PASSEDPAWNS:0.4593363526785458
CE_PAWNWEAKNESSES:0.4592907591456198
CE_PIECEACTIVITY:0.4319956608559533
CE_KINGPAWNSHIELD:0.4771017800477613
CE_PIECECOORDINATION:0.4820134578361207
CE_MATERIAL:0.4615991811832975
CE_KINGSAFETY:0.5120570839489651
C_PIECESQUARETABLES:0.4985122689363942
C_MOBILITY:0.45544179300186927
C_KINGSAFETY:0.5409010165991388
C_PAWNSTRUCTURE:0.493253432955388
C_PIECECOORDINATION:0.4562118515675272
C_ROOKANDPAWNMOVEMENT:0.4562118515675272
C_CENTERCONTROL:0.508825790884665
C_DEVELOPPIECES:0.5
C_MATERIAL:0.46789969215955746
C_MOVECOUNT:0.5
