ELO:986
CE_PASSEDPAWNS:0.5095732364433356
CE_PAWNWEAKNESSES:0.478252436113254
CE_PIECEACTIVITY:0.521183584796857
CE_KINGPAWNSHIELD:0.4836317408540455
CE_PIECECOORDINATION:0.4975126693268975
CE_MATERIAL:0.434317020632712
CE_KINGSAFETY:0.5
C_PIECESQUARETABLES:0.5085345715391082
C_MOBILITY:0.4985948203272173
C_KINGSAFETY:0.4793072214457182
C_PAWNSTRUCTURE:0.5098481643650716
C_PIECECOORDINATION:0.5091533101783734
C_ROOK:0.48060529143398084
CE_ROOK:0.48813552797185766
C_CENTERCONTROL:0.4854791156067443
C_DEVELOPPIECES:0.4918998689019661
C_MATERIAL:0.5068994752660902
C_MOVECOUNT:0.545503842071416
C_PAWNMOVEMENT:0.5450634810220655
