ELO:842
CE_PASSEDPAWNS:0.41388097808717217
CE_PAWNWEAKNESSES:0.4975843631444401
CE_PIECEACTIVITY:0.550434117169958
CE_KINGPAWNSHIELD:0.4548284859962538
CE_PIECECOORDINATION:0.466262086389246
CE_MATERIAL:0.38099010271778816
CE_KINGSAFETY:0.5036149541565853
C_PIECESQUARETABLES:0.5161726901601548
C_MOBILITY:0.5451740752156421
C_KINGSAFETY:0.3848783296199869
C_PAWNSTRUCTURE:0.5651031646670405
C_PIECECOORDINATION:0.4634369095870387
C_ROOKANDPAWNMOVEMENT:0.4634369095870387
C_CENTERCONTROL:0.5252993584670564
C_DEVELOPPIECES:0.5432253855806034
C_MATERIAL:0.5222154544295466
