ELO:971
CE_PASSEDPAWNS:0.43384894486281855
CE_PAWNWEAKNESSES:0.5105730978046097
CE_PIECEACTIVITY:0.4563421588213574
CE_KINGPAWNSHIELD:0.4398632620799015
CE_PIECECOORDINATION:0.5216808503122429
CE_MATERIAL:0.40917191494424937
CE_KINGSAFETY:0.5107379493869827
C_PIECESQUARETABLES:0.5345479388120784
C_MOBILITY:0.576597502672079
C_KINGSAFETY:0.40593917719228356
C_PAWNSTRUCTURE:0.5173654554160043
C_PIECECOORDINATION:0.5477815818387359
C_ROOKANDPAWNMOVEMENT:0.5477815818387359
C_CENTERCONTROL:0.5344665076510869
C_DEVELOPPIECES:0.5713392899407188
C_MATERIAL:0.48084349053412007
