ELO:939
CE_PASSEDPAWNS:0.5018810101889241
CE_PAWNWEAKNESSES:0.5251105895134806
CE_PIECEACTIVITY:0.5494154568776292
CE_KINGPAWNSHIELD:0.47934586282396746
CE_PIECECOORDINATION:0.5271362334748514
CE_MATERIAL:0.4994882582521104
CE_KINGSAFETY:0.4858958617555852
C_PIECESQUARETABLES:0.5124827305217677
C_MOBILITY:0.5463783973050724
C_KINGSAFETY:0.5071424927054785
C_PAWNSTRUCTURE:0.4674589925679935
C_PIECECOORDINATION:0.4617759943760726
C_ROOKANDPAWNMOVEMENT:0.4617759943760726
C_CENTERCONTROL:0.5176210326262899
C_DEVELOPPIECES:0.5205278738242932
C_MATERIAL:0.4948942990344086
C_MOVECOUNT:0.4306225254037838
