ELO:879
CE_PASSEDPAWNS:0.5380727137827567
CE_PAWNWEAKNESSES:0.4587853835058797
CE_PIECEACTIVITY:0.4904065676898406
CE_KINGPAWNSHIELD:0.4769027092924891
CE_PIECECOORDINATION:0.49787246161349835
CE_MATERIAL:0.49059132409815953
CE_KINGSAFETY:0.4714918481858402
C_PIECESQUARETABLES:0.5464459081316924
C_MOBILITY:0.4851649910298789
C_KINGSAFETY:0.4832980810419405
C_PAWNSTRUCTURE:0.5422104347743683
C_PIECECOORDINATION:0.46270891017230625
C_ROOKANDPAWNMOVEMENT:0.46270891017230625
C_CENTERCONTROL:0.527447110613681
C_DEVELOPPIECES:0.4907040592689225
C_MATERIAL:0.4668787740674224
