ELO:916
CE_PASSEDPAWNS:0.5099311971641124
CE_PAWNWEAKNESSES:0.37748866719354945
CE_PIECEACTIVITY:0.3729411209896735
CE_KINGPAWNSHIELD:0.4412798166219185
CE_PIECECOORDINATION:0.46346569306261914
CE_MATERIAL:0.6142809063354767
CE_KINGSAFETY:0.5
C_PIECESQUARETABLES:0.5
C_MOBILITY:0.4910719800393004
C_KINGSAFETY:0.6053110470155733
C_PAWNSTRUCTURE:0.6779464715413029
C_PIECECOORDINATION:0.6505589946190797
C_ROOKANDPAWNMOVEMENT:0.6505589946190797
C_CENTERCONTROL:0.47029972479187926
C_DEVELOPPIECES:0.5118674260868151
C_MATERIAL:0.5327839242306079
