ELO:1024
CE_PASSEDPAWNS:0.4981976930439811
CE_PAWNWEAKNESSES:0.49523506953182733
CE_PIECEACTIVITY:0.5
CE_KINGPAWNSHIELD:0.5173946553566114
CE_PIECECOORDINATION:0.5083841870195765
CE_MATERIAL:0.4485957289430274
CE_KINGSAFETY:0.52227858639381
C_PIECESQUARETABLES:0.5
C_MOBILITY:0.5125973191951
C_KINGSAFETY:0.4981080962150639
C_PAWNSTRUCTURE:0.49696613161322994
C_PIECECOORDINATION:0.5111793698093162
C_ROOKANDPAWNMOVEMENT:0.5111793698093162
C_CENTERCONTROL:0.48560860488198965
C_DEVELOPPIECES:0.5133142682043891
C_MATERIAL:0.5
C_MOVECOUNT:0.5
