ELO:965
CE_PASSEDPAWNS:0.5237574266213086
CE_PAWNWEAKNESSES:0.44978387348655213
CE_PIECEACTIVITY:0.4386984551039685
CE_KINGPAWNSHIELD:0.5542370946818919
CE_PIECECOORDINATION:0.4626348977565753
CE_MATERIAL:0.43961959196264333
CE_KINGSAFETY:0.4971241718631324
C_PIECESQUARETABLES:0.5248551319398
C_MOBILITY:0.47017457807432467
C_KINGSAFETY:0.4481124413702472
C_PAWNSTRUCTURE:0.5209454734075782
C_PIECECOORDINATION:0.4740201215895108
C_ROOKANDPAWNMOVEMENT:0.4740201215895108
C_CENTERCONTROL:0.5540421125299448
C_DEVELOPPIECES:0.5072582657190231
C_MATERIAL:0.5007456413549316
