ELO:990
CE_PASSEDPAWNS:0.48950372658630603
CE_PAWNWEAKNESSES:0.49411915673562096
CE_PIECEACTIVITY:0.47553776041888424
CE_KINGPAWNSHIELD:0.5311751252563204
CE_PIECECOORDINATION:0.4894396248140035
CE_MATERIAL:0.4073513869512996
CE_KINGSAFETY:0.5170405531493122
C_PIECESQUARETABLES:0.5162228946383909
C_MOBILITY:0.49415125471336047
C_KINGSAFETY:0.4738909200549787
C_PAWNSTRUCTURE:0.49649815950333265
C_PIECECOORDINATION:0.5352100106901054
C_ROOKANDPAWNMOVEMENT:0.5352100106901054
C_CENTERCONTROL:0.5515425670806064
C_DEVELOPPIECES:0.49054336687027855
C_MATERIAL:0.4788945219425367
