ELO:1013
CE_PASSEDPAWNS:0.5133544280035542
CE_PAWNWEAKNESSES:0.4814907870789716
CE_PIECEACTIVITY:0.5115051373312263
CE_KINGPAWNSHIELD:0.5117731163288274
CE_PIECECOORDINATION:0.49545628155168375
CE_MATERIAL:0.499865950127651
CE_KINGSAFETY:0.5
C_PIECESQUARETABLES:0.5
C_MOBILITY:0.4958575839663233
C_KINGSAFETY:0.4705933037692467
C_PAWNSTRUCTURE:0.5288463660580628
C_PIECECOORDINATION:0.5224631891386101
C_ROOK:0.49048038580905434
CE_ROOK:0.4636137108634359
C_CENTERCONTROL:0.5365423263588198
C_DEVELOPPIECES:0.49965160675801606
C_MATERIAL:0.5108719326789923
C_MOVECOUNT:0.49561672854330036
C_PAWNMOVEMENT:0.501825826357947
