ELO:1015
CE_PASSEDPAWNS:0.5724520538452532
CE_PAWNWEAKNESSES:0.5766202175451366
CE_PIECEACTIVITY:0.4573119396966091
CE_KINGPAWNSHIELD:0.5403754741249103
CE_PIECECOORDINATION:0.5463263869110682
CE_MATERIAL:0.5070396967693795
CE_KINGSAFETY:0.4441690466069187
C_PIECESQUARETABLES:0.41662176608946555
C_MOBILITY:0.5500449337493021
C_KINGSAFETY:0.47872490326939326
C_PAWNSTRUCTURE:0.5795734547398717
C_PIECECOORDINATION:0.5156432005092643
C_ROOKANDPAWNMOVEMENT:0.5156432005092643
C_CENTERCONTROL:0.46375145385455085
C_DEVELOPPIECES:0.5709516874599742
C_MATERIAL:0.5660833551552907
