ELO:898
CE_PASSEDPAWNS:0.45757535769428453
CE_PAWNWEAKNESSES:0.5070045299276412
CE_PIECEACTIVITY:0.5045540061049153
CE_KINGPAWNSHIELD:0.4767887546534448
CE_PIECECOORDINATION:0.5488828822602458
CE_MATERIAL:0.47420777516035817
CE_KINGSAFETY:0.47528017990182275
C_PIECESQUARETABLES:0.49054747782434976
C_MOBILITY:0.5092814473432845
C_KINGSAFETY:0.540683095722048
C_PAWNSTRUCTURE:0.5106816255475048
C_PIECECOORDINATION:0.522414220391481
C_ROOKANDPAWNMOVEMENT:0.522414220391481
C_CENTERCONTROL:0.5518430812235678
C_DEVELOPPIECES:0.4844758023780815
C_MATERIAL:0.4707004355167873
C_MOVECOUNT:0.5
