ELO:992
CE_PASSEDPAWNS:0.5687173499833548
CE_PAWNWEAKNESSES:0.5871457111317944
CE_PIECEACTIVITY:0.4591876157644678
CE_KINGPAWNSHIELD:0.5498962717236929
CE_PIECECOORDINATION:0.5461783890385647
CE_MATERIAL:0.4891402874292105
CE_KINGSAFETY:0.4612117320073673
C_PIECESQUARETABLES:0.4378749509852031
C_MOBILITY:0.5389034219003161
C_KINGSAFETY:0.4720950075849144
C_PAWNSTRUCTURE:0.5927005265449502
C_PIECECOORDINATION:0.5304962908812597
C_ROOKANDPAWNMOVEMENT:0.5304962908812597
C_CENTERCONTROL:0.4614373367380608
C_DEVELOPPIECES:0.5805844234676779
C_MATERIAL:0.561705771040177
