ELO:982
CE_PASSEDPAWNS:0.48945875458579347
CE_PAWNWEAKNESSES:0.5
CE_PIECEACTIVITY:0.5095027067999589
CE_KINGPAWNSHIELD:0.5
CE_PIECECOORDINATION:0.5106496804053502
CE_MATERIAL:0.4955686556621822
CE_KINGSAFETY:0.5
C_PIECESQUARETABLES:0.5
C_MOBILITY:0.48284221203771105
C_KINGSAFETY:0.5139906398788194
C_PAWNSTRUCTURE:0.5066008945906303
C_PIECECOORDINATION:0.49693445105014955
C_ROOKANDPAWNMOVEMENT:0.49693445105014955
C_CENTERCONTROL:0.5120227587204462
C_DEVELOPPIECES:0.5
C_MATERIAL:0.5124228806708558
C_MOVECOUNT:0.5014005866632569
