ELO:1000
CE_PASSEDPAWNS:0.5
CE_PAWNWEAKNESSES:0.5092817306436105
CE_PIECEACTIVITY:0.48899346027222307
CE_KINGPAWNSHIELD:0.5098324977956329
CE_PIECECOORDINATION:0.5
CE_MATERIAL:0.5
CE_KINGSAFETY:0.5
C_PIECESQUARETABLES:0.5
C_MOBILITY:0.5
C_KINGSAFETY:0.4883157854316782
C_PAWNSTRUCTURE:0.5059686801296474
C_PIECECOORDINATION:0.5062841099159762
C_ROOKANDPAWNMOVEMENT:0.5062841099159762
C_CENTERCONTROL:0.5121642695176799
C_DEVELOPPIECES:0.497538935306339
C_MATERIAL:0.48324104639946563
C_MOVECOUNT:0.5122113136020661
