ELO:971
CE_PASSEDPAWNS:0.5934391370098939
CE_PAWNWEAKNESSES:0.614384631658342
CE_PIECEACTIVITY:0.447055845359925
CE_KINGPAWNSHIELD:0.5506149783687201
CE_PIECECOORDINATION:0.5749127378096855
CE_MATERIAL:0.485429117089433
CE_KINGSAFETY:0.4993888317220536
C_PIECESQUARETABLES:0.5093889687271039
C_MOBILITY:0.5436841041162216
C_KINGSAFETY:0.48434297588511893
C_PAWNSTRUCTURE:0.6244291119554104
C_PIECECOORDINATION:0.5361611069188038
C_ROOKANDPAWNMOVEMENT:0.5361611069188038
C_CENTERCONTROL:0.49774961282955377
C_DEVELOPPIECES:0.575307588848128
C_MATERIAL:0.5606609449854538
