ELO:984
CE_PASSEDPAWNS:0.5751624541305588
CE_PAWNWEAKNESSES:0.6023247835980967
CE_PIECEACTIVITY:0.4764628778950529
CE_KINGPAWNSHIELD:0.565462877437903
CE_PIECECOORDINATION:0.5530271663488393
CE_MATERIAL:0.48960658356672604
CE_KINGSAFETY:0.4926976489261666
C_PIECESQUARETABLES:0.5018016441549199
C_MOBILITY:0.5358263851048788
C_KINGSAFETY:0.48104130681374724
C_PAWNSTRUCTURE:0.6129748253072831
C_PIECECOORDINATION:0.5318847010079051
C_ROOKANDPAWNMOVEMENT:0.5318847010079051
C_CENTERCONTROL:0.46766696365547855
C_DEVELOPPIECES:0.580409193026034
C_MATERIAL:0.5711601410479276
