ELO:882
CE_PASSEDPAWNS:0.5380727137827567
CE_PAWNWEAKNESSES:0.4715752653538164
CE_PIECEACTIVITY:0.503116074558708
CE_KINGPAWNSHIELD:0.49141534733611986
CE_PIECECOORDINATION:0.4997863561859646
CE_MATERIAL:0.5012486402694301
CE_KINGSAFETY:0.4780561347414662
C_PIECESQUARETABLES:0.5146046474969002
C_MOBILITY:0.48848089801899525
C_KINGSAFETY:0.5042923635443253
C_PAWNSTRUCTURE:0.5354942972324811
C_PIECECOORDINATION:0.4673701458571171
C_ROOKANDPAWNMOVEMENT:0.4673701458571171
C_CENTERCONTROL:0.5361428331070683
C_DEVELOPPIECES:0.4892933326539122
C_MATERIAL:0.490913761558435
