ELO:959
CE_PASSEDPAWNS:0.6025722166976093
CE_PAWNWEAKNESSES:0.6049556644470326
CE_PIECEACTIVITY:0.4386618126667047
CE_KINGPAWNSHIELD:0.5603464132083004
CE_PIECECOORDINATION:0.5627252338234419
CE_MATERIAL:0.48391632628882636
CE_KINGSAFETY:0.5000520390140004
C_PIECESQUARETABLES:0.5093889687271039
C_MOBILITY:0.5276470065596961
C_KINGSAFETY:0.4717001128555385
C_PAWNSTRUCTURE:0.6338916841908753
C_PIECECOORDINATION:0.5300470217108847
C_ROOKANDPAWNMOVEMENT:0.5300470217108847
C_CENTERCONTROL:0.49689416632887606
C_DEVELOPPIECES:0.6007421834499295
C_MATERIAL:0.5524747806382948
