ELO:1024
CE_PASSEDPAWNS:0.5039844281717176
CE_PAWNWEAKNESSES:0.5190786401086771
CE_PIECEACTIVITY:0.5054269034939335
CE_KINGPAWNSHIELD:0.5051582057995394
CE_PIECECOORDINATION:0.5206120410843308
CE_MATERIAL:0.5045228684273555
CE_KINGSAFETY:0.5
C_PIECESQUARETABLES:0.5
C_MOBILITY:0.4947937011842226
C_KINGSAFETY:0.47209926224634857
C_PAWNSTRUCTURE:0.4976611450789206
C_PIECECOORDINATION:0.5015397872293177
C_ROOK:0.5164644578820308
CE_ROOK:0.49256612520847703
C_CENTERCONTROL:0.49002094731559065
C_DEVELOPPIECES:0.49539531084576294
C_MATERIAL:0.508664708988443
C_MOVECOUNT:0.48230721617460937
C_PAWNMOVEMENT:0.499423363874643
