ELO:999
CE_PASSEDPAWNS:0.4974174932216504
CE_PAWNWEAKNESSES:0.5875861385126057
CE_PIECEACTIVITY:0.49009217783034154
CE_KINGPAWNSHIELD:0.5094769320461414
CE_PIECECOORDINATION:0.478956854590408
CE_MATERIAL:0.5175892777148577
CE_KINGSAFETY:0.49013799145501347
C_PIECESQUARETABLES:0.5074499197812512
C_MOBILITY:0.5575062349510532
C_KINGSAFETY:0.5347509848435709
C_PAWNSTRUCTURE:0.5803039186768364
C_PIECECOORDINATION:0.5332976209291675
C_ROOKANDPAWNMOVEMENT:0.5332976209291675
C_CENTERCONTROL:0.5676462847878192
C_DEVELOPPIECES:0.49331521175073356
C_MATERIAL:0.4867934705523243
