ELO:991
CE_PASSEDPAWNS:0.5457345729423272
CE_PAWNWEAKNESSES:0.44542974891888637
CE_PIECEACTIVITY:0.5975814565428466
CE_KINGPAWNSHIELD:0.5599465954910741
CE_PIECECOORDINATION:0.44157328810732366
CE_MATERIAL:0.5547328671116138
CE_KINGSAFETY:0.48674146467467777
C_PIECESQUARETABLES:0.5
C_MOBILITY:0.580479941274235
C_KINGSAFETY:0.5616554946513173
C_PAWNSTRUCTURE:0.3974960377332616
C_PIECECOORDINATION:0.4471507673306424
C_ROOKANDPAWNMOVEMENT:0.4471507673306424
C_CENTERCONTROL:0.3628208528192532
C_DEVELOPPIECES:0.48749158738902765
C_MATERIAL:0.5975261737665394
