ELO:1008
CE_PASSEDPAWNS:0.5106639860858612
CE_PAWNWEAKNESSES:0.500785485730805
CE_PIECEACTIVITY:0.5081050316872325
CE_KINGPAWNSHIELD:0.5
CE_PIECECOORDINATION:0.5
CE_MATERIAL:0.49737055369671257
CE_KINGSAFETY:0.5
C_PIECESQUARETABLES:0.4918947654788983
C_MOBILITY:0.49030305576067273
C_KINGSAFETY:0.4862726725301746
C_PAWNSTRUCTURE:0.49595044091600465
C_PIECECOORDINATION:0.5
C_ROOKANDPAWNMOVEMENT:0.5
C_CENTERCONTROL:0.5106684023040888
C_DEVELOPPIECES:0.49440843088597375
C_MATERIAL:0.4906295630190441
