ELO:1038
CE_PASSEDPAWNS:0.5026713052980661
CE_PAWNWEAKNESSES:0.4967877153802503
CE_PIECEACTIVITY:0.4995448397704736
CE_KINGPAWNSHIELD:0.5091062708330787
CE_PIECECOORDINATION:0.5067730976131555
CE_MATERIAL:0.4775750740388604
CE_KINGSAFETY:0.5
C_PIECESQUARETABLES:0.5
C_MOBILITY:0.5031260481860187
C_KINGSAFETY:0.48760421906319956
C_PAWNSTRUCTURE:0.5002356191162017
C_PIECECOORDINATION:0.5127057356276871
C_ROOK:0.5003972453986638
CE_ROOK:0.5165738715399061
C_CENTERCONTROL:0.49982403789115903
C_DEVELOPPIECES:0.5022918890320295
C_MATERIAL:0.4856094113441688
C_MOVECOUNT:0.5261196762813662
C_PAWNMOVEMENT:0.4838227332416634
