ELO:633
CE_PASSEDPAWNS:0.38763413529609625
CE_PAWNWEAKNESSES:0.5301413741950394
CE_PIECEACTIVITY:0.4787195061083719
CE_KINGPAWNSHIELD:0.4909464246596858
CE_PIECECOORDINATION:0.44866428692249394
CE_MATERIAL:0.5087320249167929
CE_KINGSAFETY:0.4851667781803826
C_PIECESQUARETABLES:0.4829386478744927
C_MOBILITY:0.6044172089335773
C_KINGSAFETY:0.44930796478509516
C_PAWNSTRUCTURE:0.3852484338221183
C_PIECECOORDINATION:0.5276464274026832
C_ROOKANDPAWNMOVEMENT:0.5276464274026832
C_CENTERCONTROL:0.4366766563326196
C_DEVELOPPIECES:0.556144853848319
C_MATERIAL:0.4013805726730839
C_MOVECOUNT:0.5213875324619105
