ELO:923
CE_PASSEDPAWNS:0.5327636431870519
CE_PAWNWEAKNESSES:0.5438790727555892
CE_PIECEACTIVITY:0.5232651771322748
CE_KINGPAWNSHIELD:0.530049547543268
CE_PIECECOORDINATION:0.4855085264398738
CE_MATERIAL:0.4704339085998872
CE_KINGSAFETY:0.5244086566343004
C_PIECESQUARETABLES:0.5179461942193202
C_MOBILITY:0.5138342569839635
C_KINGSAFETY:0.4876942286488446
C_PAWNSTRUCTURE:0.5127140837089168
C_PIECECOORDINATION:0.5268810228557308
C_ROOKANDPAWNMOVEMENT:0.5268810228557308
C_CENTERCONTROL:0.5006345272892703
C_DEVELOPPIECES:0.4587065102025801
C_MATERIAL:0.49740582581210996
C_MOVECOUNT:0.5
