ELO:914
CE_PASSEDPAWNS:0.5081722977902899
CE_PAWNWEAKNESSES:0.4705408741925875
CE_PIECEACTIVITY:0.508231282371235
CE_KINGPAWNSHIELD:0.5065160546708259
CE_PIECECOORDINATION:0.4987348201512706
CE_MATERIAL:0.5015250330021432
CE_KINGSAFETY:0.48318677338561666
C_PIECESQUARETABLES:0.5169182977602589
C_MOBILITY:0.4978816537625583
C_KINGSAFETY:0.4928314649915551
C_PAWNSTRUCTURE:0.5320965768154345
C_PIECECOORDINATION:0.48188241676704363
C_ROOKANDPAWNMOVEMENT:0.48188241676704363
C_CENTERCONTROL:0.508354900851595
C_DEVELOPPIECES:0.5061898693800998
C_MATERIAL:0.5118605135054605
