ELO:1029
CE_PASSEDPAWNS:0.49446209465903734
CE_PAWNWEAKNESSES:0.5190786401086771
CE_PIECEACTIVITY:0.5313075154750717
CE_KINGPAWNSHIELD:0.4919456870708667
CE_PIECECOORDINATION:0.5071927586957515
CE_MATERIAL:0.5007459510570645
CE_KINGSAFETY:0.5
C_PIECESQUARETABLES:0.5
C_MOBILITY:0.4947157515746167
C_KINGSAFETY:0.48760421906319956
C_PAWNSTRUCTURE:0.511669103685065
C_PIECECOORDINATION:0.5256662003269658
C_ROOK:0.5164644578820308
CE_ROOK:0.49858103859278646
C_CENTERCONTROL:0.49002094731559065
C_DEVELOPPIECES:0.501679801712066
C_MATERIAL:0.5168200496197201
C_MOVECOUNT:0.5
C_PAWNMOVEMENT:0.5167834503781904
