ELO:982
CE_PASSEDPAWNS:0.5117794126124942
CE_PAWNWEAKNESSES:0.5
CE_PIECEACTIVITY:0.49804678859060164
CE_KINGPAWNSHIELD:0.47452211169452657
CE_PIECECOORDINATION:0.48859239850306174
CE_MATERIAL:0.5024213701362056
CE_KINGSAFETY:0.5096614957117229
C_PIECESQUARETABLES:0.5035891686734169
C_MOBILITY:0.5122910573356456
C_KINGSAFETY:0.5
C_PAWNSTRUCTURE:0.5062310622621429
C_PIECECOORDINATION:0.5231015847987402
C_ROOKANDPAWNMOVEMENT:0.5231015847987402
C_CENTERCONTROL:0.5126666533553158
C_DEVELOPPIECES:0.5277101743931234
C_MATERIAL:0.5371017659604898
C_MOVECOUNT:0.5
