ELO:905
CE_PASSEDPAWNS:0.5264545619221688
CE_PAWNWEAKNESSES:0.4539897419078275
CE_PIECEACTIVITY:0.4882185899962375
CE_KINGPAWNSHIELD:0.48998099061408856
CE_PIECECOORDINATION:0.4913565471669002
CE_MATERIAL:0.49121404140325153
CE_KINGSAFETY:0.4884770735081463
C_PIECESQUARETABLES:0.5296791733440631
C_MOBILITY:0.513432654534406
C_KINGSAFETY:0.45949215899465234
C_PAWNSTRUCTURE:0.5315557522391776
C_PIECECOORDINATION:0.4603020994131255
C_ROOKANDPAWNMOVEMENT:0.4603020994131255
C_CENTERCONTROL:0.5484871608993587
C_DEVELOPPIECES:0.45787367262992235
C_MATERIAL:0.4738557739151668
