ELO:963
CE_PASSEDPAWNS:0.6445438718375085
CE_PAWNWEAKNESSES:0.6104792142813463
CE_PIECEACTIVITY:0.3994736711078382
CE_KINGPAWNSHIELD:0.5488559654298543
CE_PIECECOORDINATION:0.5589344559928815
CE_MATERIAL:0.4928364986336762
CE_KINGSAFETY:0.4903608153596221
C_PIECESQUARETABLES:0.5406464626999253
C_MOBILITY:0.5231982387602073
C_KINGSAFETY:0.517393908104836
C_PAWNSTRUCTURE:0.6668058152766283
C_PIECECOORDINATION:0.5140832080166018
C_ROOKANDPAWNMOVEMENT:0.5140832080166018
C_CENTERCONTROL:0.4974349527819835
C_DEVELOPPIECES:0.6404202486320048
C_MATERIAL:0.5447299187789832
