ELO:1022
CE_PASSEDPAWNS:0.4841151605903541
CE_PAWNWEAKNESSES:0.4954662148007358
CE_PIECEACTIVITY:0.5054269034939335
CE_KINGPAWNSHIELD:0.5051582057995394
CE_PIECECOORDINATION:0.511440232155312
CE_MATERIAL:0.5045228684273555
CE_KINGSAFETY:0.5
C_PIECESQUARETABLES:0.5
C_MOBILITY:0.4947937011842226
C_KINGSAFETY:0.47209926224634857
C_PAWNSTRUCTURE:0.49547049034523644
C_PIECECOORDINATION:0.5107399732473097
C_ROOK:0.493374313320691
CE_ROOK:0.49256612520847703
C_CENTERCONTROL:0.49448602264287395
C_DEVELOPPIECES:0.5378158956555593
C_MATERIAL:0.508664708988443
C_MOVECOUNT:0.5153697606694594
C_PAWNMOVEMENT:0.49357453406377766
