ELO:883
CE_PASSEDPAWNS:0.46200778030910344
CE_PAWNWEAKNESSES:0.4990318385497682
CE_PIECEACTIVITY:0.4803152650702493
CE_KINGPAWNSHIELD:0.49148538253127944
CE_PIECECOORDINATION:0.5058917878029895
CE_MATERIAL:0.4943258343867623
CE_KINGSAFETY:0.4849268086117864
C_PIECESQUARETABLES:0.4783243620010393
C_MOBILITY:0.4989030612815941
C_KINGSAFETY:0.5283391196105285
C_PAWNSTRUCTURE:0.5248612824242128
C_PIECECOORDINATION:0.4904751710463339
C_ROOKANDPAWNMOVEMENT:0.4904751710463339
C_CENTERCONTROL:0.5385272609984503
C_DEVELOPPIECES:0.5011463724510894
C_MATERIAL:0.47821903971339436
C_MOVECOUNT:0.5
