ELO:1000
CE_PASSEDPAWNS:0.49943764242789135
CE_PAWNWEAKNESSES:0.5
CE_PIECEACTIVITY:0.5
CE_KINGPAWNSHIELD:0.5
CE_PIECECOORDINATION:0.500446024412444
CE_MATERIAL:0.5
CE_KINGSAFETY:0.5086819750007321
C_PIECESQUARETABLES:0.5153751182795233
C_MOBILITY:0.5001982560037804
C_KINGSAFETY:0.48639302050977995
C_PAWNSTRUCTURE:0.5072407141653565
C_PIECECOORDINATION:0.49768375772566253
C_ROOKANDPAWNMOVEMENT:0.49768375772566253
C_CENTERCONTROL:0.5
C_DEVELOPPIECES:0.4927787094447946
C_MATERIAL:0.5
