ELO:998
CE_PASSEDPAWNS:0.5687173499833548
CE_PAWNWEAKNESSES:0.5871457111317944
CE_PIECEACTIVITY:0.45889157808860265
CE_KINGPAWNSHIELD:0.541193235645238
CE_PIECECOORDINATION:0.5401139687423485
CE_MATERIAL:0.48394281362889907
CE_KINGSAFETY:0.4432001015836759
C_PIECESQUARETABLES:0.4322523046574372
C_MOBILITY:0.5341904158031742
C_KINGSAFETY:0.47290209592139565
C_PAWNSTRUCTURE:0.5829693358330809
C_PIECECOORDINATION:0.5221371908300034
C_ROOKANDPAWNMOVEMENT:0.5221371908300034
C_CENTERCONTROL:0.4614373367380608
C_DEVELOPPIECES:0.5805844234676779
C_MATERIAL:0.5725724949876748
