ELO:950
CE_PASSEDPAWNS:0.5237035579837439
CE_PAWNWEAKNESSES:0.4374884178516702
CE_PIECEACTIVITY:0.4294933228575932
CE_KINGPAWNSHIELD:0.5510744498463903
CE_PIECECOORDINATION:0.4744111344640904
CE_MATERIAL:0.43961959196264333
CE_KINGSAFETY:0.5
C_PIECESQUARETABLES:0.5070281450380664
C_MOBILITY:0.4596782352499453
C_KINGSAFETY:0.4478790628210016
C_PAWNSTRUCTURE:0.5209454734075782
C_PIECECOORDINATION:0.4533118833665771
C_ROOKANDPAWNMOVEMENT:0.4533118833665771
C_CENTERCONTROL:0.5644844626552717
C_DEVELOPPIECES:0.4982662302165289
C_MATERIAL:0.503354909836103
