ELO:988
CE_PASSEDPAWNS:0.5599400583294044
CE_PAWNWEAKNESSES:0.4972756540859341
CE_PIECEACTIVITY:0.4496976283734524
CE_KINGPAWNSHIELD:0.5438619100305914
CE_PIECECOORDINATION:0.4296519686188376
CE_MATERIAL:0.55058459691294
CE_KINGSAFETY:0.4551965217938399
C_PIECESQUARETABLES:0.4378883049824306
C_MOBILITY:0.6029055818286414
C_KINGSAFETY:0.4648235085499146
C_PAWNSTRUCTURE:0.5851880447551265
C_PIECECOORDINATION:0.5014571902183506
C_ROOKANDPAWNMOVEMENT:0.5014571902183506
C_CENTERCONTROL:0.49627461412570106
C_DEVELOPPIECES:0.5586035842060876
C_MATERIAL:0.5758671008377286
