ELO:1048
CE_PASSEDPAWNS:0.503276625338917
CE_PAWNWEAKNESSES:0.5
CE_PIECEACTIVITY:0.4700165101883084
CE_KINGPAWNSHIELD:0.5001108174848418
CE_PIECECOORDINATION:0.5230198584427119
CE_MATERIAL:0.517434976272686
CE_KINGSAFETY:0.5
C_PIECESQUARETABLES:0.5
C_MOBILITY:0.5268291984537178
C_KINGSAFETY:0.5
C_PAWNSTRUCTURE:0.5137204440446687
C_PIECECOORDINATION:0.5177054397393017
C_ROOKANDPAWNMOVEMENT:0.5177054397393017
C_CENTERCONTROL:0.5
C_DEVELOPPIECES:0.501140068744439
C_MATERIAL:0.49927390350606216
C_MOVECOUNT:0.5183461103249593
