ELO:950
CE_PASSEDPAWNS:0.6363459498648886
CE_PAWNWEAKNESSES:0.5926940424208479
CE_PIECEACTIVITY:0.40414662393286255
CE_KINGPAWNSHIELD:0.5364047930768724
CE_PIECECOORDINATION:0.5442548104860632
CE_MATERIAL:0.48744266913177337
CE_KINGSAFETY:0.49764805642613824
C_PIECESQUARETABLES:0.5406464626999253
C_MOBILITY:0.5159270699934377
C_KINGSAFETY:0.5160317580356948
C_PAWNSTRUCTURE:0.6731839911328849
C_PIECECOORDINATION:0.522085808981055
C_ROOKANDPAWNMOVEMENT:0.522085808981055
C_CENTERCONTROL:0.4722818087778104
C_DEVELOPPIECES:0.6569018256569259
C_MATERIAL:0.5494730853712634
