ELO:1010
CE_PASSEDPAWNS:0.497735122015971
CE_PAWNWEAKNESSES:0.5
CE_PIECEACTIVITY:0.5
CE_KINGPAWNSHIELD:0.5098324977956329
CE_PIECECOORDINATION:0.4994474321714634
CE_MATERIAL:0.5
CE_KINGSAFETY:0.4951461639563079
C_PIECESQUARETABLES:0.5
C_MOBILITY:0.5017599226922501
C_KINGSAFETY:0.5076431493850395
C_PAWNSTRUCTURE:0.49131182818792085
C_PIECECOORDINATION:0.5
C_ROOKANDPAWNMOVEMENT:0.5
C_CENTERCONTROL:0.5
C_DEVELOPPIECES:0.5198160886447403
C_MATERIAL:0.5
C_MOVECOUNT:0.5062639900899328
