ELO:1000
CE_PASSEDPAWNS:0.48477417132263545
CE_PAWNWEAKNESSES:0.5065742260726102
CE_PIECEACTIVITY:0.4927531927997557
CE_KINGPAWNSHIELD:0.4855048955440281
CE_PIECECOORDINATION:0.49846513405639514
CE_MATERIAL:0.5138003995236188
CE_KINGSAFETY:0.5337628696094321
C_PIECESQUARETABLES:0.5077609279525669
C_MOBILITY:0.5510037543308618
C_KINGSAFETY:0.47040386573195014
C_PAWNSTRUCTURE:0.4837643873271475
C_PIECECOORDINATION:0.4959887944419703
C_ROOKANDPAWNMOVEMENT:0.4959887944419703
C_CENTERCONTROL:0.5080253163193283
C_DEVELOPPIECES:0.46884614766903704
C_MATERIAL:0.535507581219907
