ELO:1042
CE_PASSEDPAWNS:0.5180328025156031
CE_PAWNWEAKNESSES:0.5153688574147327
CE_PIECEACTIVITY:0.4676317358665829
CE_KINGPAWNSHIELD:0.37295618858058843
CE_PIECECOORDINATION:0.5287823048157174
CE_MATERIAL:0.4821262891991573
CE_KINGSAFETY:0.4767937869704241
C_PIECESQUARETABLES:0.514286053420414
C_MOBILITY:0.4821858779126058
C_KINGSAFETY:0.5659421903489018
C_PAWNSTRUCTURE:0.5752865072173613
C_PIECECOORDINATION:0.4867124696230017
C_ROOKANDPAWNMOVEMENT:0.4867124696230017
C_CENTERCONTROL:0.47487406910081253
C_DEVELOPPIECES:0.4382022423980864
C_MATERIAL:0.5217029610745489
