ELO:966
CE_PASSEDPAWNS:0.5090048992722657
CE_PAWNWEAKNESSES:0.4692415996145865
CE_PIECEACTIVITY:0.4438990368438695
CE_KINGPAWNSHIELD:0.5289484031253241
CE_PIECECOORDINATION:0.4382708108283523
CE_MATERIAL:0.41772708670689196
CE_KINGSAFETY:0.548132537740539
C_PIECESQUARETABLES:0.5301525336010635
C_MOBILITY:0.4835865998250829
C_KINGSAFETY:0.4435866733817018
C_PAWNSTRUCTURE:0.5325736389414495
C_PIECECOORDINATION:0.522264321587295
C_ROOKANDPAWNMOVEMENT:0.522264321587295
C_CENTERCONTROL:0.5557680533914546
C_DEVELOPPIECES:0.485437142092666
C_MATERIAL:0.5007456413549316
