ELO:939
CE_PASSEDPAWNS:0.6627587744464616
CE_PAWNWEAKNESSES:0.5727723678399774
CE_PIECEACTIVITY:0.3707040771142627
CE_KINGPAWNSHIELD:0.5588033877616354
CE_PIECECOORDINATION:0.5474395052500068
CE_MATERIAL:0.5256573754482659
CE_KINGSAFETY:0.4962448008255865
C_PIECESQUARETABLES:0.482434692566559
C_MOBILITY:0.4693421660907548
C_KINGSAFETY:0.5278246208497023
C_PAWNSTRUCTURE:0.6843292056236361
C_PIECECOORDINATION:0.5084900151092303
C_ROOKANDPAWNMOVEMENT:0.5084900151092303
C_CENTERCONTROL:0.4949155728905279
C_DEVELOPPIECES:0.681258634932754
C_MATERIAL:0.5332293966097643
