ELO:999
CE_PASSEDPAWNS:0.4851264251758561
CE_PAWNWEAKNESSES:0.5802161323292504
CE_PIECEACTIVITY:0.49009217783034154
CE_KINGPAWNSHIELD:0.5094769320461414
CE_PIECECOORDINATION:0.478956854590408
CE_MATERIAL:0.5175892777148577
CE_KINGSAFETY:0.49013799145501347
C_PIECESQUARETABLES:0.5074499197812512
C_MOBILITY:0.5575062349510532
C_KINGSAFETY:0.5347509848435709
C_PAWNSTRUCTURE:0.5803039186768364
C_PIECECOORDINATION:0.5407701522957133
C_ROOKANDPAWNMOVEMENT:0.5407701522957133
C_CENTERCONTROL:0.5580285442009328
C_DEVELOPPIECES:0.48388010248635926
C_MATERIAL:0.4856392509446483
