ELO:1041
CE_PASSEDPAWNS:0.512984892380894
CE_PAWNWEAKNESSES:0.5
CE_PIECEACTIVITY:0.5012593221806272
CE_KINGPAWNSHIELD:0.5089916107534054
CE_PIECECOORDINATION:0.5231004650816856
CE_MATERIAL:0.504960834156813
CE_KINGSAFETY:0.5
C_PIECESQUARETABLES:0.5
C_MOBILITY:0.4947157515746167
C_KINGSAFETY:0.5037736504157492
C_PAWNSTRUCTURE:0.501965367088728
C_PIECECOORDINATION:0.5141466080046859
C_ROOK:0.503932416167287
CE_ROOK:0.5015736994700967
C_CENTERCONTROL:0.5030476537102214
C_DEVELOPPIECES:0.49547520755593566
C_MATERIAL:0.5104270111795414
C_MOVECOUNT:0.491893627719153
C_PAWNMOVEMENT:0.48282298105511523
