ELO:747
CE_PASSEDPAWNS:0.4040042601421052
CE_PAWNWEAKNESSES:0.5090710707939069
CE_PIECEACTIVITY:0.4475344350589474
CE_KINGPAWNSHIELD:0.5048348591091174
CE_PIECECOORDINATION:0.4496511824301089
CE_MATERIAL:0.48224811792629707
CE_KINGSAFETY:0.45500086362129527
C_PIECESQUARETABLES:0.5236019101245875
C_MOBILITY:0.5821711341551217
C_KINGSAFETY:0.4361023359144002
C_PAWNSTRUCTURE:0.4182725806036702
C_PIECECOORDINATION:0.5170043084439733
C_ROOKANDPAWNMOVEMENT:0.5170043084439733
C_CENTERCONTROL:0.46628337532008224
C_DEVELOPPIECES:0.5172654777852688
C_MATERIAL:0.4257225247980553
C_MOVECOUNT:0.5
