ELO:997
CE_PASSEDPAWNS:0.5116918191437729
CE_PAWNWEAKNESSES:0.4979632333299967
CE_PIECEACTIVITY:0.49847990617188337
CE_KINGPAWNSHIELD:0.5
CE_PIECECOORDINATION:0.5076658296288048
CE_MATERIAL:0.475140906665464
CE_KINGSAFETY:0.5
C_PIECESQUARETABLES:0.5
C_MOBILITY:0.49891199778863526
C_KINGSAFETY:0.5139906398788194
C_PAWNSTRUCTURE:0.49883582609433114
C_PIECECOORDINATION:0.5111299358740365
C_ROOKANDPAWNMOVEMENT:0.5111299358740365
C_CENTERCONTROL:0.4901472411265966
C_DEVELOPPIECES:0.5077994280014249
C_MATERIAL:0.5121715751480632
C_MOVECOUNT:0.5013434134433578
