ELO:741
CE_PASSEDPAWNS:0.3635767029426076
CE_PAWNWEAKNESSES:0.5597749271037739
CE_PIECEACTIVITY:0.4863527296994817
CE_KINGPAWNSHIELD:0.4917081686755398
CE_PIECECOORDINATION:0.49853195559414404
CE_MATERIAL:0.4814225667763344
CE_KINGSAFETY:0.48808400098043364
C_PIECESQUARETABLES:0.45378630335624526
C_MOBILITY:0.5712859821087238
C_KINGSAFETY:0.46973330128844104
C_PAWNSTRUCTURE:0.45249494663879797
C_PIECECOORDINATION:0.5161393829812645
C_ROOKANDPAWNMOVEMENT:0.5161393829812645
C_CENTERCONTROL:0.4537326114975384
C_DEVELOPPIECES:0.5453863747047453
C_MATERIAL:0.3813040693733554
C_MOVECOUNT:0.4974782771776276
