ELO:1000
CE_PASSEDPAWNS:0.4876676373557004
CE_PAWNWEAKNESSES:0.517019698933005
CE_PIECEACTIVITY:0.4882434142338122
CE_KINGPAWNSHIELD:0.4899645613742319
CE_PIECECOORDINATION:0.5063463404249612
CE_MATERIAL:0.5138003995236188
CE_KINGSAFETY:0.5496941807506761
C_PIECESQUARETABLES:0.4906084379323795
C_MOBILITY:0.5630715437724992
C_KINGSAFETY:0.4683785719137976
C_PAWNSTRUCTURE:0.5022645243160545
C_PIECECOORDINATION:0.4924055704004652
C_ROOKANDPAWNMOVEMENT:0.4924055704004652
C_CENTERCONTROL:0.5471384166080113
C_DEVELOPPIECES:0.45718634112044965
C_MATERIAL:0.5140801529673341
