ELO:784
CE_PASSEDPAWNS:0.4158992346665549
CE_PAWNWEAKNESSES:0.5134866980442395
CE_PIECEACTIVITY:0.45189931166443054
CE_KINGPAWNSHIELD:0.5075997385857215
CE_PIECECOORDINATION:0.46503541294550127
CE_MATERIAL:0.46454943268827337
CE_KINGSAFETY:0.4436633777800929
C_PIECESQUARETABLES:0.5319850153818519
C_MOBILITY:0.6010015709302401
C_KINGSAFETY:0.4862258320775388
C_PAWNSTRUCTURE:0.4316960517950813
C_PIECECOORDINATION:0.5118464678407915
C_ROOKANDPAWNMOVEMENT:0.5118464678407915
C_CENTERCONTROL:0.4359959138492405
C_DEVELOPPIECES:0.5226762465286644
C_MATERIAL:0.4347649804334024
C_MOVECOUNT:0.5
