ELO:961
CE_PASSEDPAWNS:0.48288306000045517
CE_PAWNWEAKNESSES:0.5032901269147337
CE_PIECEACTIVITY:0.4792672739502955
CE_KINGPAWNSHIELD:0.5067621078267455
CE_PIECECOORDINATION:0.410160349148987
CE_MATERIAL:0.5209927387662465
CE_KINGSAFETY:0.5030312844305013
C_PIECESQUARETABLES:0.49874433649585165
C_MOBILITY:0.5278961911937352
C_KINGSAFETY:0.5136480817145784
C_PAWNSTRUCTURE:0.40095858216930014
C_PIECECOORDINATION:0.4811888526841117
C_ROOKANDPAWNMOVEMENT:0.4811888526841117
C_CENTERCONTROL:0.4171455800185642
C_DEVELOPPIECES:0.4175682294329914
C_MATERIAL:0.5476060532852132
