ELO:614
CE_PASSEDPAWNS:0.4275140303160713
CE_PAWNWEAKNESSES:0.43662868735763044
CE_PIECEACTIVITY:0.5654518224358029
CE_KINGPAWNSHIELD:0.5589762107655443
CE_PIECECOORDINATION:0.5058430575420727
CE_MATERIAL:0.5886393060283874
CE_KINGSAFETY:0.4611762087005603
C_PIECESQUARETABLES:0.4956897717861798
C_MOBILITY:0.586587710939445
C_KINGSAFETY:0.45107100531447636
C_PAWNSTRUCTURE:0.5101146732034916
C_PIECECOORDINATION:0.4959827980199067
C_ROOKANDPAWNMOVEMENT:0.4959827980199067
C_CENTERCONTROL:0.45603097256152886
C_DEVELOPPIECES:0.6084243326634118
C_MATERIAL:0.48044706183748087
C_MOVECOUNT:0.5245100379370735
