ELO:989
CE_PASSEDPAWNS:0.49751750206623124
CE_PAWNWEAKNESSES:0.49455805258904956
CE_PIECEACTIVITY:0.5109218215261152
CE_KINGPAWNSHIELD:0.49999867862818953
CE_PIECECOORDINATION:0.5139843880716813
CE_MATERIAL:0.5
CE_KINGSAFETY:0.49516804622029137
C_PIECESQUARETABLES:0.49784770307074644
C_MOBILITY:0.4921046762016169
C_KINGSAFETY:0.5090485054336846
C_PAWNSTRUCTURE:0.5
C_PIECECOORDINATION:0.4918854157513793
C_ROOKANDPAWNMOVEMENT:0.4918854157513793
C_CENTERCONTROL:0.5067616295568983
C_DEVELOPPIECES:0.5009518250292053
C_MATERIAL:0.5106723772993854
C_MOVECOUNT:0.5
