ELO:1000
CE_PASSEDPAWNS:0.5011956115246285
CE_PAWNWEAKNESSES:0.4565351776980514
CE_PIECEACTIVITY:0.4771443681198223
CE_KINGPAWNSHIELD:0.5084957803479287
CE_PIECECOORDINATION:0.47485573716528423
CE_MATERIAL:0.5779192089615839
CE_KINGSAFETY:0.4888866330122352
C_PIECESQUARETABLES:0.5390573734071613
C_MOBILITY:0.484011790962662
C_KINGSAFETY:0.5205991326375711
C_PAWNSTRUCTURE:0.47041792185188924
C_PIECECOORDINATION:0.516394467431457
C_ROOKANDPAWNMOVEMENT:0.516394467431457
C_CENTERCONTROL:0.49310046593720164
C_DEVELOPPIECES:0.5531064682180513
C_MATERIAL:0.484312658573533
