ELO:979
CE_PASSEDPAWNS:0.486302319444005
CE_PAWNWEAKNESSES:0.4820287762214151
CE_PIECEACTIVITY:0.4846227255287508
CE_KINGPAWNSHIELD:0.4755164768204261
CE_PIECECOORDINATION:0.4385486155423141
CE_MATERIAL:0.5358379728178311
CE_KINGSAFETY:0.5097147684516744
C_PIECESQUARETABLES:0.47909586120632763
C_MOBILITY:0.5402703309612732
C_KINGSAFETY:0.5523269070139564
C_PAWNSTRUCTURE:0.42937668129641493
C_PIECECOORDINATION:0.44570907182072217
C_ROOKANDPAWNMOVEMENT:0.44570907182072217
C_CENTERCONTROL:0.4182124848700003
C_DEVELOPPIECES:0.46557317130263376
C_MATERIAL:0.5427035257297892
