ELO:1000
CE_PASSEDPAWNS:0.46272207467248183
CE_PAWNWEAKNESSES:0.5386474716504297
CE_PIECEACTIVITY:0.48860384948100655
CE_KINGPAWNSHIELD:0.5183551502843803
CE_PIECECOORDINATION:0.4804012654793102
CE_MATERIAL:0.5287948811595979
CE_KINGSAFETY:0.5404768110426371
C_PIECESQUARETABLES:0.48695568547285994
C_MOBILITY:0.5213076327522775
C_KINGSAFETY:0.5163885726072551
C_PAWNSTRUCTURE:0.5008489793012384
C_PIECECOORDINATION:0.47945341111146567
C_ROOKANDPAWNMOVEMENT:0.47945341111146567
C_CENTERCONTROL:0.5039254384971181
C_DEVELOPPIECES:0.5257946607145568
C_MATERIAL:0.4724276165340813
