ELO:959
CE_PASSEDPAWNS:0.47030153384368195
CE_PAWNWEAKNESSES:0.5056597523130061
CE_PIECEACTIVITY:0.501925526966411
CE_KINGPAWNSHIELD:0.5
CE_PIECECOORDINATION:0.5076319536293914
CE_MATERIAL:0.49816315894700164
CE_KINGSAFETY:0.5
C_PIECESQUARETABLES:0.5
C_MOBILITY:0.5087293822378444
C_KINGSAFETY:0.49638863161988905
C_PAWNSTRUCTURE:0.5273980731588224
C_PIECECOORDINATION:0.5133184223467118
C_ROOKANDPAWNMOVEMENT:0.5133184223467118
C_CENTERCONTROL:0.5175404772019502
C_DEVELOPPIECES:0.4908144155354236
C_MATERIAL:0.5025820160135464
C_MOVECOUNT:0.48859263514010326
