ELO:1061
CE_PASSEDPAWNS:0.49253854838703465
CE_PAWNWEAKNESSES:0.5
CE_PIECEACTIVITY:0.500536378583919
CE_KINGPAWNSHIELD:0.49428756262911727
CE_PIECECOORDINATION:0.5
CE_MATERIAL:0.5060964100391612
CE_KINGSAFETY:0.4981164475506245
C_PIECESQUARETABLES:0.5
C_MOBILITY:0.49179893484489584
C_KINGSAFETY:0.49521058115444955
C_PAWNSTRUCTURE:0.5035588865719401
C_PIECECOORDINATION:0.5
C_ROOKANDPAWNMOVEMENT:0.5
C_CENTERCONTROL:0.49292513857636017
C_DEVELOPPIECES:0.5124300282487126
C_MATERIAL:0.5
