ELO:949
CE_PASSEDPAWNS:0.4805650950217293
CE_PAWNWEAKNESSES:0.4920567973672554
CE_PIECEACTIVITY:0.4714995497714905
CE_KINGPAWNSHIELD:0.49573098015261674
CE_PIECECOORDINATION:0.4039936942314962
CE_MATERIAL:0.5322540085951543
CE_KINGSAFETY:0.5133882556219378
C_PIECESQUARETABLES:0.48046551808259524
C_MOBILITY:0.5113036060274995
C_KINGSAFETY:0.5405665669197559
C_PAWNSTRUCTURE:0.42118430256565437
C_PIECECOORDINATION:0.45927394384039993
C_ROOKANDPAWNMOVEMENT:0.45927394384039993
C_CENTERCONTROL:0.4124721215477431
C_DEVELOPPIECES:0.444509734612142
C_MATERIAL:0.5248310662684368
