ELO:933
CE_PASSEDPAWNS:0.5057979496534086
CE_PAWNWEAKNESSES:0.5101698974284844
CE_PIECEACTIVITY:0.5
CE_KINGPAWNSHIELD:0.4990797086505894
CE_PIECECOORDINATION:0.4949464721043099
CE_MATERIAL:0.42253654331325563
CE_KINGSAFETY:0.456133019930707
C_PIECESQUARETABLES:0.4797636917375184
C_MOBILITY:0.5035970865989053
C_KINGSAFETY:0.4816535746827681
C_PAWNSTRUCTURE:0.5084209589067217
C_PIECECOORDINATION:0.5105717072964491
C_ROOKANDPAWNMOVEMENT:0.5105717072964491
C_CENTERCONTROL:0.5334862570056489
C_DEVELOPPIECES:0.45064410044096903
C_MATERIAL:0.5552515136526766
C_MOVECOUNT:0.5
