ELO:955
CE_PASSEDPAWNS:0.491335775152189
CE_PAWNWEAKNESSES:0.49979506142502583
CE_PIECEACTIVITY:0.5220720091805777
CE_KINGPAWNSHIELD:0.5264435310437368
CE_PIECECOORDINATION:0.485846611021608
CE_MATERIAL:0.5084266655819466
CE_KINGSAFETY:0.5
C_PIECESQUARETABLES:0.5002296243649597
C_MOBILITY:0.4919542010961509
C_KINGSAFETY:0.5143431382051054
C_PAWNSTRUCTURE:0.5110084153107802
C_PIECECOORDINATION:0.5067613726247744
C_ROOKANDPAWNMOVEMENT:0.5067613726247744
C_CENTERCONTROL:0.5035197882680986
C_DEVELOPPIECES:0.5104683248157291
C_MATERIAL:0.4694668989653955
C_MOVECOUNT:0.5078304187221122
