ELO:1103
CE_PASSEDPAWNS:0.4483101370040601
CE_PAWNWEAKNESSES:0.4520052100321347
CE_PIECEACTIVITY:0.47824958176129523
CE_KINGPAWNSHIELD:0.6208131797722044
CE_PIECECOORDINATION:0.5423758616084059
CE_MATERIAL:0.39783305558335186
CE_KINGSAFETY:0.49533896550479684
C_PIECESQUARETABLES:0.5216164949343663
C_MOBILITY:0.43182176060418537
C_KINGSAFETY:0.49122189340551353
C_PAWNSTRUCTURE:0.4047101078436864
C_PIECECOORDINATION:0.48430233874975176
C_ROOKANDPAWNMOVEMENT:0.48430233874975176
C_CENTERCONTROL:0.5917762976445596
C_DEVELOPPIECES:0.5629693309298275
C_MATERIAL:0.4289895929979569
