ELO:830
CE_PASSEDPAWNS:0.49346189350288205
CE_PAWNWEAKNESSES:0.49430953609095307
CE_PIECEACTIVITY:0.5243664827633485
CE_KINGPAWNSHIELD:0.5754464529357215
CE_PIECECOORDINATION:0.4805553201607238
CE_MATERIAL:0.5225252226570674
CE_KINGSAFETY:0.48580271209729275
C_PIECESQUARETABLES:0.5139013697704036
C_MOBILITY:0.4988362860876839
C_KINGSAFETY:0.538798331032247
C_PAWNSTRUCTURE:0.5089897649864384
C_PIECECOORDINATION:0.5172083323327955
C_ROOKANDPAWNMOVEMENT:0.5172083323327955
C_CENTERCONTROL:0.5415667029671619
C_DEVELOPPIECES:0.5617536240301615
C_MATERIAL:0.44139267319203485
C_MOVECOUNT:0.5
