ELO:997
CE_PASSEDPAWNS:0.5
CE_PAWNWEAKNESSES:0.5067205010959598
CE_PIECEACTIVITY:0.5003581951715224
CE_KINGPAWNSHIELD:0.509733124570919
CE_PIECECOORDINATION:0.49513872698328887
CE_MATERIAL:0.5
CE_KINGSAFETY:0.5
C_PIECESQUARETABLES:0.5
C_MOBILITY:0.5
C_KINGSAFETY:0.5
C_PAWNSTRUCTURE:0.5
C_PIECECOORDINATION:0.49744315396289734
C_ROOKANDPAWNMOVEMENT:0.49744315396289734
C_CENTERCONTROL:0.5057444949412866
C_DEVELOPPIECES:0.4810685998775936
C_MATERIAL:0.4990269827152449
C_MOVECOUNT:0.5245265201103855
