ELO:969
CE_PASSEDPAWNS:0.47727538882893367
CE_PAWNWEAKNESSES:0.509862384066161
CE_PIECEACTIVITY:0.48662461284241226
CE_KINGPAWNSHIELD:0.5080456856119061
CE_PIECECOORDINATION:0.4485956125357362
CE_MATERIAL:0.5196266433722815
CE_KINGSAFETY:0.5013075513129541
C_PIECESQUARETABLES:0.5
C_MOBILITY:0.4980481645278498
C_KINGSAFETY:0.5062179598821926
C_PAWNSTRUCTURE:0.4991484865277956
C_PIECECOORDINATION:0.5045894481121792
C_ROOKANDPAWNMOVEMENT:0.5045894481121792
C_CENTERCONTROL:0.45733016421098627
C_DEVELOPPIECES:0.4996557203086149
C_MATERIAL:0.5
C_MOVECOUNT:0.5
