ELO:1002
CE_PASSEDPAWNS:0.5146140641642772
CE_PAWNWEAKNESSES:0.48782399567198864
CE_PIECEACTIVITY:0.5522530691119719
CE_KINGPAWNSHIELD:0.5091062708330787
CE_PIECECOORDINATION:0.49545628155168375
CE_MATERIAL:0.5144121191243327
CE_KINGSAFETY:0.5
C_PIECESQUARETABLES:0.5
C_MOBILITY:0.5053556487601268
C_KINGSAFETY:0.5
C_PAWNSTRUCTURE:0.5146350504785769
C_PIECECOORDINATION:0.48439582311866247
C_ROOK:0.4828610962900275
CE_ROOK:0.49321024694033866
C_CENTERCONTROL:0.5104288126707985
C_DEVELOPPIECES:0.48357968625792025
C_MATERIAL:0.4960886216407111
C_MOVECOUNT:0.5040205023432905
C_PAWNMOVEMENT:0.5033146514761775
