ELO:873
CE_PASSEDPAWNS:0.4733922191061468
CE_PAWNWEAKNESSES:0.5138830479204697
CE_PIECEACTIVITY:0.5011068966515163
CE_KINGPAWNSHIELD:0.42570239205244315
CE_PIECECOORDINATION:0.42730501899726786
CE_MATERIAL:0.49435478237469105
CE_KINGSAFETY:0.40652329684752453
C_PIECESQUARETABLES:0.5714425159943209
C_MOBILITY:0.5139720953897378
C_KINGSAFETY:0.511674098142465
C_PAWNSTRUCTURE:0.35724414543687133
C_PIECECOORDINATION:0.4867505019989344
C_ROOKANDPAWNMOVEMENT:0.4867505019989344
C_CENTERCONTROL:0.3925171573880607
C_DEVELOPPIECES:0.42710367445318953
C_MATERIAL:0.5823583163424205
