ELO:849
CE_PASSEDPAWNS:0.45866150138076917
CE_PAWNWEAKNESSES:0.49323193786026875
CE_PIECEACTIVITY:0.5374951331596669
CE_KINGPAWNSHIELD:0.583626525392308
CE_PIECECOORDINATION:0.4816557121504482
CE_MATERIAL:0.5232641468341971
CE_KINGSAFETY:0.521674736184367
C_PIECESQUARETABLES:0.510659119563821
C_MOBILITY:0.48793437351321944
C_KINGSAFETY:0.538128978663559
C_PAWNSTRUCTURE:0.49704650581325993
C_PIECECOORDINATION:0.527036354133401
C_ROOKANDPAWNMOVEMENT:0.527036354133401
C_CENTERCONTROL:0.5586621461806903
C_DEVELOPPIECES:0.5557102963289526
C_MATERIAL:0.4429159272381339
C_MOVECOUNT:0.5
