ELO:1014
CE_PASSEDPAWNS:0.4968337451598581
CE_PAWNWEAKNESSES:0.5089050830315284
CE_PIECEACTIVITY:0.5
CE_KINGPAWNSHIELD:0.5058489131059151
CE_PIECECOORDINATION:0.5148132034671442
CE_MATERIAL:0.49434134690751447
CE_KINGSAFETY:0.5
C_PIECESQUARETABLES:0.5
C_MOBILITY:0.5001131143533629
C_KINGSAFETY:0.5014489995702224
C_PAWNSTRUCTURE:0.5095644676388512
C_PIECECOORDINATION:0.5153302482226951
C_ROOK:0.487693347783809
CE_ROOK:0.4814625853181572
C_CENTERCONTROL:0.5049448884915928
C_DEVELOPPIECES:0.4451163445770102
C_MATERIAL:0.4799634844443406
C_MOVECOUNT:0.5103916131213675
C_PAWNMOVEMENT:0.5
