ELO:1014
CE_PASSEDPAWNS:0.5133544280035542
CE_PAWNWEAKNESSES:0.5112779314619631
CE_PIECEACTIVITY:0.4905183688531095
CE_KINGPAWNSHIELD:0.5024837139228125
CE_PIECECOORDINATION:0.5265756069405853
CE_MATERIAL:0.48815775451456217
CE_KINGSAFETY:0.5
C_PIECESQUARETABLES:0.5
C_MOBILITY:0.5001131143533629
C_KINGSAFETY:0.4894545220625953
C_PAWNSTRUCTURE:0.5095644676388512
C_PIECECOORDINATION:0.5009852795487845
C_ROOK:0.49506600001955076
CE_ROOK:0.4814625853181572
C_CENTERCONTROL:0.5013749059447414
C_DEVELOPPIECES:0.47104448440850943
C_MATERIAL:0.50017904772337
C_MOVECOUNT:0.5068550705463991
C_PAWNMOVEMENT:0.5008857778906792
