ELO:970
CE_PASSEDPAWNS:0.48970911422344293
CE_PAWNWEAKNESSES:0.45934919186805656
CE_PIECEACTIVITY:0.5400338478228376
CE_KINGPAWNSHIELD:0.4842738309134355
CE_PIECECOORDINATION:0.5033077376218527
CE_MATERIAL:0.4923244400607846
CE_KINGSAFETY:0.5340561917623237
C_PIECESQUARETABLES:0.5
C_MOBILITY:0.45485454058757974
C_KINGSAFETY:0.49196084919895555
C_PAWNSTRUCTURE:0.4682830200465783
C_PIECECOORDINATION:0.5257410691688768
C_ROOKANDPAWNMOVEMENT:0.5257410691688768
C_CENTERCONTROL:0.4981343705861738
C_DEVELOPPIECES:0.4899956349115579
C_MATERIAL:0.4704827014424883
C_MOVECOUNT:0.4923258681325577
