ELO:999
CE_PASSEDPAWNS:0.5063702024067684
CE_PAWNWEAKNESSES:0.5069572879260544
CE_PIECEACTIVITY:0.5
CE_KINGPAWNSHIELD:0.5
CE_PIECECOORDINATION:0.5077816861209693
CE_MATERIAL:0.5046041591868295
CE_KINGSAFETY:0.5
C_PIECESQUARETABLES:0.5
C_MOBILITY:0.5
C_KINGSAFETY:0.5
C_PAWNSTRUCTURE:0.5
C_PIECECOORDINATION:0.49088094310641706
C_ROOKANDPAWNMOVEMENT:0.49088094310641706
C_CENTERCONTROL:0.5
C_DEVELOPPIECES:0.48854725585037306
C_MATERIAL:0.5022195910421613
C_MOVECOUNT:0.5
