ELO:853
CE_PASSEDPAWNS:0.4989690829576515
CE_PAWNWEAKNESSES:0.4745571861854641
CE_PIECEACTIVITY:0.49337116282392757
CE_KINGPAWNSHIELD:0.4953154280174582
CE_PIECECOORDINATION:0.42981454568955346
CE_MATERIAL:0.5542814264526208
CE_KINGSAFETY:0.4562519233076282
C_PIECESQUARETABLES:0.5550966605762513
C_MOBILITY:0.4528329606779207
C_KINGSAFETY:0.4892864790755611
C_PAWNSTRUCTURE:0.5797691479301459
C_PIECECOORDINATION:0.46635226646621747
C_ROOKANDPAWNMOVEMENT:0.46635226646621747
C_CENTERCONTROL:0.4766421145132608
C_DEVELOPPIECES:0.5331088557218749
C_MATERIAL:0.423044117736311
