ELO:992
CE_PASSEDPAWNS:0.4934966270095033
CE_PAWNWEAKNESSES:0.49414801956280047
CE_PIECEACTIVITY:0.5184392070664626
CE_KINGPAWNSHIELD:0.4847750346471308
CE_PIECECOORDINATION:0.5
CE_MATERIAL:0.5121631478757367
CE_KINGSAFETY:0.49240079192095065
C_PIECESQUARETABLES:0.5042672384292219
C_MOBILITY:0.5065276034026169
C_KINGSAFETY:0.5
C_PAWNSTRUCTURE:0.5157276695986496
C_PIECECOORDINATION:0.4832810870699737
C_ROOKANDPAWNMOVEMENT:0.4832810870699737
C_CENTERCONTROL:0.5
C_DEVELOPPIECES:0.5028260942755104
C_MATERIAL:0.5116368181529167
C_MOVECOUNT:0.5
