ELO:660
CE_PASSEDPAWNS:0.4197683586721359
CE_PAWNWEAKNESSES:0.42919967068366993
CE_PIECEACTIVITY:0.551429666546836
CE_KINGPAWNSHIELD:0.5378570769961942
CE_PIECECOORDINATION:0.5169733758009719
CE_MATERIAL:0.5601833652344003
CE_KINGSAFETY:0.49614280409866346
C_PIECESQUARETABLES:0.5106435710409136
C_MOBILITY:0.5903194495423253
C_KINGSAFETY:0.4517982829372263
C_PAWNSTRUCTURE:0.5158884920373118
C_PIECECOORDINATION:0.5014858844020549
C_ROOKANDPAWNMOVEMENT:0.5014858844020549
C_CENTERCONTROL:0.4423389673139259
C_DEVELOPPIECES:0.6143439478271547
C_MATERIAL:0.4761276407205771
C_MOVECOUNT:0.5270654213797488
