ELO:927
CE_PASSEDPAWNS:0.47607234065663057
CE_PAWNWEAKNESSES:0.5057672880377636
CE_PIECEACTIVITY:0.5109089852740268
CE_KINGPAWNSHIELD:0.517386680851854
CE_PIECECOORDINATION:0.4830702458804286
CE_MATERIAL:0.5310326247442763
CE_KINGSAFETY:0.5080836649264011
C_PIECESQUARETABLES:0.500495092681398
C_MOBILITY:0.4992703443875102
C_KINGSAFETY:0.5118369599627032
C_PAWNSTRUCTURE:0.5077302752512619
C_PIECECOORDINATION:0.4858366004995901
C_ROOKANDPAWNMOVEMENT:0.4858366004995901
C_CENTERCONTROL:0.5239317117794753
C_DEVELOPPIECES:0.5202534917927837
C_MATERIAL:0.4677652634647112
C_MOVECOUNT:0.5052177968400288
