ELO:966
CE_PASSEDPAWNS:0.5148422804071454
CE_PAWNWEAKNESSES:0.49530411192138374
CE_PIECEACTIVITY:0.4922291495737001
CE_KINGPAWNSHIELD:0.5066076406452078
CE_PIECECOORDINATION:0.510201986455689
CE_MATERIAL:0.5142590869876597
CE_KINGSAFETY:0.5100882084277731
C_PIECESQUARETABLES:0.5135464920119766
C_MOBILITY:0.4814461582223982
C_KINGSAFETY:0.5348400047790136
C_PAWNSTRUCTURE:0.5024739678572095
C_PIECECOORDINATION:0.4810344809469323
C_ROOK:0.4640241783420225
CE_ROOK:0.5062798381842301
C_CENTERCONTROL:0.5094040452782467
C_DEVELOPPIECES:0.5334505014274223
C_MATERIAL:0.5209950969478241
C_MOVECOUNT:0.48602673307096517
C_PAWNMOVEMENT:0.5070467223043537
