ELO:1091
CE_PASSEDPAWNS:0.4561164009488243
CE_PAWNWEAKNESSES:0.4788887616957076
CE_PIECEACTIVITY:0.5822554920959389
CE_KINGPAWNSHIELD:0.41847335849207595
CE_PIECECOORDINATION:0.5707969823983154
CE_MATERIAL:0.4216468540808337
CE_KINGSAFETY:0.5
C_PIECESQUARETABLES:0.5
C_MOBILITY:0.43182176060418537
C_KINGSAFETY:0.6009543595079152
C_PAWNSTRUCTURE:0.41040599071577993
C_PIECECOORDINATION:0.47906499606324177
C_ROOKANDPAWNMOVEMENT:0.47906499606324177
C_CENTERCONTROL:0.466571952700224
C_DEVELOPPIECES:0.5629693309298275
C_MATERIAL:0.41011091021589063
