ELO:1039
CE_PASSEDPAWNS:0.5083267754144815
CE_PAWNWEAKNESSES:0.4881738141140175
CE_PIECEACTIVITY:0.5
CE_KINGPAWNSHIELD:0.5
CE_PIECECOORDINATION:0.4977512168032171
CE_MATERIAL:0.4733660838098166
CE_KINGSAFETY:0.5021511235964143
C_PIECESQUARETABLES:0.49320390501736544
C_MOBILITY:0.5
C_KINGSAFETY:0.4907057049364773
C_PAWNSTRUCTURE:0.4982229213163532
C_PIECECOORDINATION:0.5000178995370091
C_ROOKANDPAWNMOVEMENT:0.5000178995370091
C_CENTERCONTROL:0.5
C_DEVELOPPIECES:0.5099659252656145
C_MATERIAL:0.4888265964188156
