ELO:937
CE_PASSEDPAWNS:0.4721187278248629
CE_PAWNWEAKNESSES:0.5030556057492616
CE_PIECEACTIVITY:0.48315201359040655
CE_KINGPAWNSHIELD:0.491598095602167
CE_PIECECOORDINATION:0.42887209738673354
CE_MATERIAL:0.5212547974095583
CE_KINGSAFETY:0.5047924932891322
C_PIECESQUARETABLES:0.517639602971087
C_MOBILITY:0.5141981819228916
C_KINGSAFETY:0.498096089662564
C_PAWNSTRUCTURE:0.3688934099888677
C_PIECECOORDINATION:0.47839979046035325
C_ROOKANDPAWNMOVEMENT:0.47839979046035325
C_CENTERCONTROL:0.4138649732113565
C_DEVELOPPIECES:0.41391887824086854
C_MATERIAL:0.5439963510193396
