ELO:1000
CE_PASSEDPAWNS:0.49751750206623124
CE_PAWNWEAKNESSES:0.5027896909539272
CE_PIECEACTIVITY:0.5
CE_KINGPAWNSHIELD:0.5
CE_PIECECOORDINATION:0.5114887655572232
CE_MATERIAL:0.5
CE_KINGSAFETY:0.5
C_PIECESQUARETABLES:0.5
C_MOBILITY:0.5
C_KINGSAFETY:0.4972598113838238
C_PAWNSTRUCTURE:0.5
C_PIECECOORDINATION:0.5
C_ROOKANDPAWNMOVEMENT:0.5
C_CENTERCONTROL:0.5
C_DEVELOPPIECES:0.5009518250292053
C_MATERIAL:0.5106723772993854
C_MOVECOUNT:0.5
