ELO:935
CE_PASSEDPAWNS:0.4695538795395466
CE_PAWNWEAKNESSES:0.41128894657415893
CE_PIECEACTIVITY:0.47129851852192606
CE_KINGPAWNSHIELD:0.4706147494409654
CE_PIECECOORDINATION:0.45119741514316536
CE_MATERIAL:0.5629526306831845
CE_KINGSAFETY:0.5104286375671166
C_PIECESQUARETABLES:0.5118523617545663
C_MOBILITY:0.4431316513574547
C_KINGSAFETY:0.4708364538760021
C_PAWNSTRUCTURE:0.5318856862033149
C_PIECECOORDINATION:0.5063407775998552
C_ROOKANDPAWNMOVEMENT:0.5063407775998552
C_CENTERCONTROL:0.47766062469946935
C_DEVELOPPIECES:0.549044931350294
C_MATERIAL:0.4116549683371013
