ELO:967
CE_PASSEDPAWNS:0.4930038444547011
CE_PAWNWEAKNESSES:0.5100144912827854
CE_PIECEACTIVITY:0.49247358086613063
CE_KINGPAWNSHIELD:0.5069184838425868
CE_PIECECOORDINATION:0.4593224009004964
CE_MATERIAL:0.5098630896338772
CE_KINGSAFETY:0.5041893784218571
C_PIECESQUARETABLES:0.5277005508049456
C_MOBILITY:0.5057098543446201
C_KINGSAFETY:0.48845459708411537
C_PAWNSTRUCTURE:0.5031686698004486
C_PIECECOORDINATION:0.5
C_ROOKANDPAWNMOVEMENT:0.5
C_CENTERCONTROL:0.4940425734998097
C_DEVELOPPIECES:0.5
C_MATERIAL:0.5081743008268577
C_MOVECOUNT:0.5
