ELO:947
CE_PASSEDPAWNS:0.4619042816495803
CE_PAWNWEAKNESSES:0.49819832264612846
CE_PIECEACTIVITY:0.4735552206136907
CE_KINGPAWNSHIELD:0.49948760083564153
CE_PIECECOORDINATION:0.5058425112191176
CE_MATERIAL:0.5297573657517911
CE_KINGSAFETY:0.46817568890627564
C_PIECESQUARETABLES:0.4925878199607883
C_MOBILITY:0.48473955205813
C_KINGSAFETY:0.5414301144465846
C_PAWNSTRUCTURE:0.48132812417894905
C_PIECECOORDINATION:0.41887958169099804
C_ROOKANDPAWNMOVEMENT:0.41887958169099804
C_CENTERCONTROL:0.5317426031373146
C_DEVELOPPIECES:0.5341711357696991
C_MATERIAL:0.5444632456319911
C_MOVECOUNT:0.5
