ELO:985
CE_PASSEDPAWNS:0.5151240288754506
CE_PAWNWEAKNESSES:0.4947876100300436
CE_PIECEACTIVITY:0.4917964529108894
CE_KINGPAWNSHIELD:0.5047853591387682
CE_PIECECOORDINATION:0.4895786123995505
CE_MATERIAL:0.5004620940982253
CE_KINGSAFETY:0.4869608611757881
C_PIECESQUARETABLES:0.4945662822596977
C_MOBILITY:0.49014421412523035
C_KINGSAFETY:0.5133556994185737
C_PAWNSTRUCTURE:0.4874871896539078
C_PIECECOORDINATION:0.4854583470089216
C_ROOK:0.4968741142360985
CE_ROOK:0.4969342491945204
C_CENTERCONTROL:0.4936159465130576
C_DEVELOPPIECES:0.5044283222785745
C_MATERIAL:0.5121277247007257
C_MOVECOUNT:0.5013702868152882
C_PAWNMOVEMENT:0.4788359440264899
