ELO:1000
CE_PASSEDPAWNS:0.5096042067559343
CE_PAWNWEAKNESSES:0.4947876100300436
CE_PIECEACTIVITY:0.4868387560598371
CE_KINGPAWNSHIELD:0.5047853591387682
CE_PIECECOORDINATION:0.49186632002315545
CE_MATERIAL:0.507658050892264
CE_KINGSAFETY:0.5
C_PIECESQUARETABLES:0.4921082049468872
C_MOBILITY:0.4967760202202585
C_KINGSAFETY:0.5090550212274025
C_PAWNSTRUCTURE:0.4874871896539078
C_PIECECOORDINATION:0.48596529060838095
C_ROOK:0.5025148605032552
CE_ROOK:0.48893209168891305
C_CENTERCONTROL:0.5030496262386188
C_DEVELOPPIECES:0.5044283222785745
C_MATERIAL:0.5035465296973671
C_MOVECOUNT:0.5098054133219492
C_PAWNMOVEMENT:0.4876152940308461
