ELO:983
CE_PASSEDPAWNS:0.5151240288754506
CE_PAWNWEAKNESSES:0.5037872210202392
CE_PIECEACTIVITY:0.4983489538225591
CE_KINGPAWNSHIELD:0.5152136399333314
CE_PIECECOORDINATION:0.49744913027401855
CE_MATERIAL:0.4917805254135908
CE_KINGSAFETY:0.4877413538582669
C_PIECESQUARETABLES:0.5073597170810524
C_MOBILITY:0.47840630202845774
C_KINGSAFETY:0.5110228262494512
C_PAWNSTRUCTURE:0.5077495571701484
C_PIECECOORDINATION:0.46528337441966977
C_ROOK:0.48675115614177605
CE_ROOK:0.4951843277587692
C_CENTERCONTROL:0.5036366336621705
C_DEVELOPPIECES:0.5016418116718053
C_MATERIAL:0.5041451578296119
C_MOVECOUNT:0.5009622950408386
C_PAWNMOVEMENT:0.47951906941022254
