ELO:875
CE_PASSEDPAWNS:0.491952631259625
CE_PAWNWEAKNESSES:0.5094306426189092
CE_PIECEACTIVITY:0.5017786948648414
CE_KINGPAWNSHIELD:0.4456410248475256
CE_PIECECOORDINATION:0.4300263716387884
CE_MATERIAL:0.49992502609113804
CE_KINGSAFETY:0.4018759164297788
C_PIECESQUARETABLES:0.5768047232696608
C_MOBILITY:0.5350957129922319
C_KINGSAFETY:0.48747806237736896
C_PAWNSTRUCTURE:0.3653105207793397
C_PIECECOORDINATION:0.4913175150524379
C_ROOKANDPAWNMOVEMENT:0.4913175150524379
C_CENTERCONTROL:0.38895524405635146
C_DEVELOPPIECES:0.43401261944849573
C_MATERIAL:0.5853161506352381
