ELO:986
CE_PASSEDPAWNS:0.5151240288754506
CE_PAWNWEAKNESSES:0.4947876100300436
CE_PIECEACTIVITY:0.4868387560598371
CE_KINGPAWNSHIELD:0.5047853591387682
CE_PIECECOORDINATION:0.4895786123995505
CE_MATERIAL:0.5004620940982253
CE_KINGSAFETY:0.4950529810585208
C_PIECESQUARETABLES:0.4945662822596977
C_MOBILITY:0.49014421412523035
C_KINGSAFETY:0.5133556994185737
C_PAWNSTRUCTURE:0.4874871896539078
C_PIECECOORDINATION:0.4854583470089216
C_ROOK:0.5005555696406507
CE_ROOK:0.4969342491945204
C_CENTERCONTROL:0.4936159465130576
C_DEVELOPPIECES:0.5044283222785745
C_MATERIAL:0.5035465296973671
C_MOVECOUNT:0.4982220091293665
C_PAWNMOVEMENT:0.4788359440264899
