ELO:931
CE_PASSEDPAWNS:0.49402198142277215
CE_PAWNWEAKNESSES:0.4845698688088528
CE_PIECEACTIVITY:0.4921769037702178
CE_KINGPAWNSHIELD:0.49823317455266625
CE_PIECECOORDINATION:0.44108534563805574
CE_MATERIAL:0.48891219999508523
CE_KINGSAFETY:0.46996954248957173
C_PIECESQUARETABLES:0.52701025716654
C_MOBILITY:0.5167365863191012
C_KINGSAFETY:0.4991608310151699
C_PAWNSTRUCTURE:0.38259221799678833
C_PIECECOORDINATION:0.47192980508863186
C_ROOKANDPAWNMOVEMENT:0.47192980508863186
C_CENTERCONTROL:0.39411081926396885
C_DEVELOPPIECES:0.41298765579716257
C_MATERIAL:0.5786538868533957
