ELO:934
CE_PASSEDPAWNS:0.486006976953441
CE_PAWNWEAKNESSES:0.4885073049252016
CE_PIECEACTIVITY:0.4778963003932927
CE_KINGPAWNSHIELD:0.491598095602167
CE_PIECECOORDINATION:0.4256156893204704
CE_MATERIAL:0.528496347849689
CE_KINGSAFETY:0.5042203550487725
C_PIECESQUARETABLES:0.5148246744486179
C_MOBILITY:0.5197324016206659
C_KINGSAFETY:0.5113993167757888
C_PAWNSTRUCTURE:0.38366201065974703
C_PIECECOORDINATION:0.4774924519248902
C_ROOKANDPAWNMOVEMENT:0.4774924519248902
C_CENTERCONTROL:0.4138649732113565
C_DEVELOPPIECES:0.40900287451319184
C_MATERIAL:0.5439963510193396
