ELO:650
CE_PASSEDPAWNS:0.46401951805633523
CE_PAWNWEAKNESSES:0.4697975736791103
CE_PIECEACTIVITY:0.43445914484314124
CE_KINGPAWNSHIELD:0.4931824455520901
CE_PIECECOORDINATION:0.548102176371036
CE_MATERIAL:0.5132586655921059
CE_KINGSAFETY:0.49983870127221797
C_PIECESQUARETABLES:0.5071219721044685
C_MOBILITY:0.4527761889938292
C_KINGSAFETY:0.5132225623460008
C_PAWNSTRUCTURE:0.5563909036807523
C_PIECECOORDINATION:0.5523412373369473
C_ROOKANDPAWNMOVEMENT:0.5523412373369473
C_CENTERCONTROL:0.4779083393607626
C_DEVELOPPIECES:0.5165794650716793
C_MATERIAL:0.5163744837102818
C_MOVECOUNT:0.5
