ELO:837
CE_PASSEDPAWNS:0.49674581011919583
CE_PAWNWEAKNESSES:0.5262682073655779
CE_PIECEACTIVITY:0.4679551594412338
CE_KINGPAWNSHIELD:0.5216604163574006
CE_PIECECOORDINATION:0.5560074649677723
CE_MATERIAL:0.5494259571554639
CE_KINGSAFETY:0.46287930846008696
C_PIECESQUARETABLES:0.529868591969336
C_MOBILITY:0.5192832158029944
C_KINGSAFETY:0.5103704334038837
C_PAWNSTRUCTURE:0.5541513094572112
C_PIECECOORDINATION:0.5155268679145701
C_ROOKANDPAWNMOVEMENT:0.5155268679145701
C_CENTERCONTROL:0.5064748308231473
C_DEVELOPPIECES:0.47574297476099553
C_MATERIAL:0.5192938271848301
C_MOVECOUNT:0.5
