ELO:991
CE_PASSEDPAWNS:0.517446044183919
CE_PAWNWEAKNESSES:0.5120696798823501
CE_PIECEACTIVITY:0.5
CE_KINGPAWNSHIELD:0.5203540709518129
CE_PIECECOORDINATION:0.5040451804902757
CE_MATERIAL:0.5115126555252048
CE_KINGSAFETY:0.5
C_PIECESQUARETABLES:0.5062132564055287
C_MOBILITY:0.48294114475251704
C_KINGSAFETY:0.4945503926255498
C_PAWNSTRUCTURE:0.5164328224619369
C_PIECECOORDINATION:0.5019189631318313
C_ROOKANDPAWNMOVEMENT:0.5019189631318313
C_CENTERCONTROL:0.4553714418882571
C_DEVELOPPIECES:0.5125700945323893
C_MATERIAL:0.47833733305138226
C_MOVECOUNT:0.5
