ELO:987
CE_PASSEDPAWNS:0.4441734646463695
CE_PAWNWEAKNESSES:0.49480587403635024
CE_PIECEACTIVITY:0.4384923275033829
CE_KINGPAWNSHIELD:0.47190481503594295
CE_PIECECOORDINATION:0.5527388255530136
CE_MATERIAL:0.5676184860157572
CE_KINGSAFETY:0.5
C_PIECESQUARETABLES:0.5009375556466706
C_MOBILITY:0.48202124235397226
C_KINGSAFETY:0.42725150937090417
C_PAWNSTRUCTURE:0.5003580885180583
C_PIECECOORDINATION:0.4650363997338167
C_ROOKANDPAWNMOVEMENT:0.4650363997338167
C_CENTERCONTROL:0.4752536762377901
C_DEVELOPPIECES:0.51543372626476
C_MATERIAL:0.43008590182839646
