ELO:996
CE_PASSEDPAWNS:0.5035884260795516
CE_PAWNWEAKNESSES:0.5106508194715603
CE_PIECEACTIVITY:0.511487542468061
CE_KINGPAWNSHIELD:0.4925716421835877
CE_PIECECOORDINATION:0.5049538956167471
CE_MATERIAL:0.4962612660670889
CE_KINGSAFETY:0.5047110571849937
C_PIECESQUARETABLES:0.5
C_MOBILITY:0.49245189103432113
C_KINGSAFETY:0.5141408135149206
C_PAWNSTRUCTURE:0.5071093829469948
C_PIECECOORDINATION:0.4836331697237667
C_ROOKANDPAWNMOVEMENT:0.4836331697237667
C_CENTERCONTROL:0.48869567780022105
C_DEVELOPPIECES:0.4992951509559596
C_MATERIAL:0.5017620250554827
C_MOVECOUNT:0.5012713289845255
