ELO:960
CE_PASSEDPAWNS:0.5157902026073997
CE_PAWNWEAKNESSES:0.5046393004251902
CE_PIECEACTIVITY:0.5030567440185842
CE_KINGPAWNSHIELD:0.509063384678923
CE_PIECECOORDINATION:0.5064204717519253
CE_MATERIAL:0.5103811627698248
CE_KINGSAFETY:0.5199694668243093
C_PIECESQUARETABLES:0.5327955489129961
C_MOBILITY:0.5010168290470756
C_KINGSAFETY:0.5074789222137825
C_PAWNSTRUCTURE:0.4817305520239254
C_PIECECOORDINATION:0.48520671080586325
C_ROOKANDPAWNMOVEMENT:0.48520671080586325
C_CENTERCONTROL:0.465584495649697
C_DEVELOPPIECES:0.5148688171225546
C_MATERIAL:0.5491230207547932
C_MOVECOUNT:0.5
