ELO:882
CE_PASSEDPAWNS:0.49792065652859413
CE_PAWNWEAKNESSES:0.5405320826638941
CE_PIECEACTIVITY:0.44612945710318047
CE_KINGPAWNSHIELD:0.5216604163574006
CE_PIECECOORDINATION:0.5372857923625689
CE_MATERIAL:0.5327645683277621
CE_KINGSAFETY:0.4525291332856134
C_PIECESQUARETABLES:0.5334164437532051
C_MOBILITY:0.5418893512225755
C_KINGSAFETY:0.49977146924027366
C_PAWNSTRUCTURE:0.5469090609178526
C_PIECECOORDINATION:0.5154305820550852
C_ROOKANDPAWNMOVEMENT:0.5154305820550852
C_CENTERCONTROL:0.4911301415949501
C_DEVELOPPIECES:0.4714529427442814
C_MATERIAL:0.5139104909888
C_MOVECOUNT:0.5
