ELO:1031
CE_PASSEDPAWNS:0.5027230560981786
CE_PAWNWEAKNESSES:0.5151759641575235
CE_PIECEACTIVITY:0.48312591596718785
CE_KINGPAWNSHIELD:0.4934647489937365
CE_PIECECOORDINATION:0.5
CE_MATERIAL:0.5064661152402773
CE_KINGSAFETY:0.5
C_PIECESQUARETABLES:0.5
C_MOBILITY:0.49543050106932035
C_KINGSAFETY:0.48955206063519147
C_PAWNSTRUCTURE:0.5035318901192946
C_PIECECOORDINATION:0.5172089695057454
C_ROOK:0.5
CE_ROOK:0.5031383673989924
C_CENTERCONTROL:0.4987911974060962
C_DEVELOPPIECES:0.4986031622740956
C_MATERIAL:0.5124057133211659
C_MOVECOUNT:0.4840793943582954
C_PAWNMOVEMENT:0.4951274197228298
