ELO:1000
CE_PASSEDPAWNS:0.516250474138137
CE_PAWNWEAKNESSES:0.5074449637672692
CE_PIECEACTIVITY:0.5123791461138324
CE_KINGPAWNSHIELD:0.4954651150958185
CE_PIECECOORDINATION:0.47870560256507927
CE_MATERIAL:0.5144362322434339
CE_KINGSAFETY:0.5
C_PIECESQUARETABLES:0.5019059238771664
C_MOBILITY:0.49909621930219994
C_KINGSAFETY:0.495601558974624
C_PAWNSTRUCTURE:0.5051151541349302
C_PIECECOORDINATION:0.4977712484090963
C_ROOKANDPAWNMOVEMENT:0.4977712484090963
C_CENTERCONTROL:0.5068551238916457
C_DEVELOPPIECES:0.4941104068228979
C_MATERIAL:0.4877676263553328
