ELO:825
CE_PASSEDPAWNS:0.44540861607377014
CE_PAWNWEAKNESSES:0.47685689541046833
CE_PIECEACTIVITY:0.43904699694593124
CE_KINGPAWNSHIELD:0.4458946644858896
CE_PIECECOORDINATION:0.5837347204775561
CE_MATERIAL:0.5837323759361973
CE_KINGSAFETY:0.3892127671687044
C_PIECESQUARETABLES:0.4428049650386269
C_MOBILITY:0.5418038285535518
C_KINGSAFETY:0.499312499846315
C_PAWNSTRUCTURE:0.5217981113567253
C_PIECECOORDINATION:0.49616147076544304
C_ROOKANDPAWNMOVEMENT:0.49616147076544304
C_CENTERCONTROL:0.5504750523096412
C_DEVELOPPIECES:0.518619253963119
C_MATERIAL:0.4298385424347578
