ELO:1005
CE_PASSEDPAWNS:0.4927528922164197
CE_PAWNWEAKNESSES:0.49925567521212877
CE_PIECEACTIVITY:0.5
CE_KINGPAWNSHIELD:0.5
CE_PIECECOORDINATION:0.48315232792810253
CE_MATERIAL:0.5
CE_KINGSAFETY:0.5
C_PIECESQUARETABLES:0.49685917305821525
C_MOBILITY:0.5035029958831969
C_KINGSAFETY:0.4833721326217002
C_PAWNSTRUCTURE:0.5148158815165437
C_PIECECOORDINATION:0.5082780395769281
C_ROOKANDPAWNMOVEMENT:0.5082780395769281
C_CENTERCONTROL:0.5
C_DEVELOPPIECES:0.512651271369726
C_MATERIAL:0.4885001661748207
C_MOVECOUNT:0.5062639900899328
