ELO:1000
CE_PASSEDPAWNS:0.41909099504275726
CE_PAWNWEAKNESSES:0.5050520323356912
CE_PIECEACTIVITY:0.4697048807017564
CE_KINGPAWNSHIELD:0.45272115912951305
CE_PIECECOORDINATION:0.5146909369517413
CE_MATERIAL:0.5198455130021947
CE_KINGSAFETY:0.499168612449306
C_PIECESQUARETABLES:0.47370385426950806
C_MOBILITY:0.5184249729834692
C_KINGSAFETY:0.48235654633890407
C_PAWNSTRUCTURE:0.5360264553076203
C_PIECECOORDINATION:0.5391093009911285
C_ROOKANDPAWNMOVEMENT:0.5391093009911285
C_CENTERCONTROL:0.5355493916036592
C_DEVELOPPIECES:0.53825078518328
C_MATERIAL:0.4926327838438201
