ELO:967
CE_PASSEDPAWNS:0.42831479303494163
CE_PAWNWEAKNESSES:0.5115949064542262
CE_PIECEACTIVITY:0.47810901371440334
CE_KINGPAWNSHIELD:0.4825824202522225
CE_PIECECOORDINATION:0.4905934215217617
CE_MATERIAL:0.5178586370956045
CE_KINGSAFETY:0.5089910623145463
C_PIECESQUARETABLES:0.5059217350393329
C_MOBILITY:0.5152513902625246
C_KINGSAFETY:0.5174742501770024
C_PAWNSTRUCTURE:0.5232537531333533
C_PIECECOORDINATION:0.5743090655431644
C_ROOKANDPAWNMOVEMENT:0.5743090655431644
C_CENTERCONTROL:0.5609577884244535
C_DEVELOPPIECES:0.5192115274936597
C_MATERIAL:0.4841058123447828
