ELO:845
CE_PASSEDPAWNS:0.44592168990083947
CE_PAWNWEAKNESSES:0.47407976025749343
CE_PIECEACTIVITY:0.5209374141240513
CE_KINGPAWNSHIELD:0.4965551102423167
CE_PIECECOORDINATION:0.4983744869508514
CE_MATERIAL:0.4500482041316085
CE_KINGSAFETY:0.47974985794491365
C_PIECESQUARETABLES:0.5173032520191242
C_MOBILITY:0.48807340440771463
C_KINGSAFETY:0.48025119929894283
C_PAWNSTRUCTURE:0.5020696285509788
C_PIECECOORDINATION:0.41797423137919965
C_ROOKANDPAWNMOVEMENT:0.41797423137919965
C_CENTERCONTROL:0.5159751881672815
C_DEVELOPPIECES:0.5322913141063755
C_MATERIAL:0.5419439711902656
C_MOVECOUNT:0.49595043843510905
