ELO:934
CE_PASSEDPAWNS:0.4591252589037156
CE_PAWNWEAKNESSES:0.4619176308126299
CE_PIECEACTIVITY:0.4886626026439889
CE_KINGPAWNSHIELD:0.4630821602207407
CE_PIECECOORDINATION:0.5179511206660392
CE_MATERIAL:0.5291503005877606
CE_KINGSAFETY:0.4917029212142617
C_PIECESQUARETABLES:0.49794265509483804
C_MOBILITY:0.5127211437779126
C_KINGSAFETY:0.501137025278841
C_PAWNSTRUCTURE:0.5461674491998484
C_PIECECOORDINATION:0.6088166512958034
C_ROOKANDPAWNMOVEMENT:0.6088166512958034
C_CENTERCONTROL:0.5155932253808667
C_DEVELOPPIECES:0.5233372352275446
C_MATERIAL:0.3987389270749471
