ELO:938
CE_PASSEDPAWNS:0.49222431884142437
CE_PAWNWEAKNESSES:0.48402393890772877
CE_PIECEACTIVITY:0.47279787626679576
CE_KINGPAWNSHIELD:0.4955321982700174
CE_PIECECOORDINATION:0.5172187689472877
CE_MATERIAL:0.4746010539498196
CE_KINGSAFETY:0.5
C_PIECESQUARETABLES:0.5054640186906617
C_MOBILITY:0.4744201107617803
C_KINGSAFETY:0.4784361114156923
C_PAWNSTRUCTURE:0.49809893458452636
C_PIECECOORDINATION:0.4808676076752473
C_ROOKANDPAWNMOVEMENT:0.4808676076752473
C_CENTERCONTROL:0.49704981471787724
C_DEVELOPPIECES:0.4981758928312399
C_MATERIAL:0.5034661632536807
C_MOVECOUNT:0.4808860376846223
