ELO:1075
CE_PASSEDPAWNS:0.5
CE_PAWNWEAKNESSES:0.5041863533903608
CE_PIECEACTIVITY:0.49999247118596896
CE_KINGPAWNSHIELD:0.5002514042906095
CE_PIECECOORDINATION:0.5
CE_MATERIAL:0.5
CE_KINGSAFETY:0.5
C_PIECESQUARETABLES:0.5
C_MOBILITY:0.49543050106932035
C_KINGSAFETY:0.48955206063519147
C_PAWNSTRUCTURE:0.5
C_PIECECOORDINATION:0.5245577126553166
C_ROOK:0.5
CE_ROOK:0.5
C_CENTERCONTROL:0.502279832947676
C_DEVELOPPIECES:0.4889545924510755
C_MATERIAL:0.4964541094673097
C_MOVECOUNT:0.4701640049785616
C_PAWNMOVEMENT:0.5105671416101011
