ELO:925
CE_PASSEDPAWNS:0.5337032053241284
CE_PAWNWEAKNESSES:0.48448451584058855
CE_PIECEACTIVITY:0.5519514221527132
CE_KINGPAWNSHIELD:0.4797611124090994
CE_PIECECOORDINATION:0.4935632833615776
CE_MATERIAL:0.4997867252703521
CE_KINGSAFETY:0.5117452597183509
C_PIECESQUARETABLES:0.5271077228644535
C_MOBILITY:0.47706364973559573
C_KINGSAFETY:0.5618799817339984
C_PAWNSTRUCTURE:0.520722968879956
C_PIECECOORDINATION:0.5158877675826408
C_ROOKANDPAWNMOVEMENT:0.5158877675826408
C_CENTERCONTROL:0.48011130567225835
C_DEVELOPPIECES:0.5012062121869226
C_MATERIAL:0.5039268495795238
