ELO:949
CE_PASSEDPAWNS:0.42466682986175874
CE_PAWNWEAKNESSES:0.47245529000516917
CE_PIECEACTIVITY:0.42599043717546425
CE_KINGPAWNSHIELD:0.44713226620186064
CE_PIECECOORDINATION:0.5555197074510546
CE_MATERIAL:0.5896345404865276
CE_KINGSAFETY:0.4857223902327809
C_PIECESQUARETABLES:0.48981400318425655
C_MOBILITY:0.5445775929578885
C_KINGSAFETY:0.4733673733174565
C_PAWNSTRUCTURE:0.5234590874939947
C_PIECECOORDINATION:0.45435737847250707
C_ROOKANDPAWNMOVEMENT:0.45435737847250707
C_CENTERCONTROL:0.5060127813323686
C_DEVELOPPIECES:0.537236659937654
C_MATERIAL:0.41190045569160844
