ELO:1000
CE_PASSEDPAWNS:0.5067606955311375
CE_PAWNWEAKNESSES:0.5
CE_PIECEACTIVITY:0.4943813485850398
CE_KINGPAWNSHIELD:0.5048673617763483
CE_PIECECOORDINATION:0.5
CE_MATERIAL:0.5032623955531802
CE_KINGSAFETY:0.5
C_PIECESQUARETABLES:0.5
C_MOBILITY:0.5
C_KINGSAFETY:0.5010982284642738
C_PAWNSTRUCTURE:0.5
C_PIECECOORDINATION:0.5
C_ROOK:0.5080240234014134
CE_ROOK:0.5
C_CENTERCONTROL:0.5
C_DEVELOPPIECES:0.5
C_MATERIAL:0.49083539928735065
C_MOVECOUNT:0.4998831424139797
C_PAWNMOVEMENT:0.5100003084264034
