ELO:556
CE_PASSEDPAWNS:0.43115582175536077
CE_PAWNWEAKNESSES:0.5781241709504479
CE_PIECEACTIVITY:0.36870760659492224
CE_KINGPAWNSHIELD:0.48880929737662004
CE_PIECECOORDINATION:0.5415053860828297
CE_MATERIAL:0.5026703602735856
CE_KINGSAFETY:0.5071072621695827
C_PIECESQUARETABLES:0.4820092057504455
C_MOBILITY:0.3888588535618089
C_KINGSAFETY:0.4888913101821282
C_PAWNSTRUCTURE:0.5601728442298676
C_PIECECOORDINATION:0.513753642602994
C_ROOKANDPAWNMOVEMENT:0.513753642602994
C_CENTERCONTROL:0.4554950316417161
C_DEVELOPPIECES:0.541380656093256
C_MATERIAL:0.42632960157247735
C_MOVECOUNT:0.5220427402119187
