ELO:1021
CE_PASSEDPAWNS:0.4980764605273427
CE_PAWNWEAKNESSES:0.5144282406224909
CE_PIECEACTIVITY:0.5313075154750717
CE_KINGPAWNSHIELD:0.48909845461251095
CE_PIECECOORDINATION:0.5273503149869337
CE_MATERIAL:0.5091255916474943
CE_KINGSAFETY:0.5
C_PIECESQUARETABLES:0.5
C_MOBILITY:0.5039914218878431
C_KINGSAFETY:0.48406572747192883
C_PAWNSTRUCTURE:0.4976611450789206
C_PIECECOORDINATION:0.5192475074753288
C_ROOK:0.4972203104908796
CE_ROOK:0.502191340080061
C_CENTERCONTROL:0.4907432133480504
C_DEVELOPPIECES:0.49984471286244797
C_MATERIAL:0.5146202815946229
C_MOVECOUNT:0.48775097414123053
C_PAWNMOVEMENT:0.5072186104954414
