ELO:521
CE_PASSEDPAWNS:0.4754629397404976
CE_PAWNWEAKNESSES:0.5640100522311706
CE_PIECEACTIVITY:0.35919438885512256
CE_KINGPAWNSHIELD:0.4983665740025934
CE_PIECECOORDINATION:0.5872859654831792
CE_MATERIAL:0.5215336595564508
CE_KINGSAFETY:0.5080886549300034
C_PIECESQUARETABLES:0.5
C_MOBILITY:0.40676449738507847
C_KINGSAFETY:0.4886555792707117
C_PAWNSTRUCTURE:0.5910224056726312
C_PIECECOORDINATION:0.5370069376036392
C_ROOKANDPAWNMOVEMENT:0.5370069376036392
C_CENTERCONTROL:0.47286006178584805
C_DEVELOPPIECES:0.5480996663080613
C_MATERIAL:0.4563094763479251
C_MOVECOUNT:0.5042962649388066
