ELO:866
CE_PASSEDPAWNS:0.43215405337921425
CE_PAWNWEAKNESSES:0.4653450768997706
CE_PIECEACTIVITY:0.4478798536454242
CE_KINGPAWNSHIELD:0.44644089260893816
CE_PIECECOORDINATION:0.5776157388224523
CE_MATERIAL:0.5945174963161471
CE_KINGSAFETY:0.42349069409329987
C_PIECESQUARETABLES:0.4588903426315146
C_MOBILITY:0.5564286292806622
C_KINGSAFETY:0.4572915654113686
C_PAWNSTRUCTURE:0.5168370567695826
C_PIECECOORDINATION:0.48752824790015636
C_ROOKANDPAWNMOVEMENT:0.48752824790015636
C_CENTERCONTROL:0.5164546900120989
C_DEVELOPPIECES:0.5108441033519432
C_MATERIAL:0.43691714404266296
