ELO:980
CE_PASSEDPAWNS:0.47645962674762976
CE_PAWNWEAKNESSES:0.5076054175482688
CE_PIECEACTIVITY:0.5394465525142166
CE_KINGPAWNSHIELD:0.48776327354813764
CE_PIECECOORDINATION:0.4810415863370711
CE_MATERIAL:0.5027738059824217
CE_KINGSAFETY:0.4853261492816029
C_PIECESQUARETABLES:0.49067685240479736
C_MOBILITY:0.46298393620446143
C_KINGSAFETY:0.5214158252457518
C_PAWNSTRUCTURE:0.5426952486118996
C_PIECECOORDINATION:0.5366890837997114
C_ROOKANDPAWNMOVEMENT:0.5366890837997114
C_CENTERCONTROL:0.5083859701350025
C_DEVELOPPIECES:0.5171167538433565
C_MATERIAL:0.4996074190041497
C_MOVECOUNT:0.5
