ELO:1000
CE_PASSEDPAWNS:0.44069190895245863
CE_PAWNWEAKNESSES:0.5145198468022177
CE_PIECEACTIVITY:0.48254603506299787
CE_KINGPAWNSHIELD:0.4766155827848693
CE_PIECECOORDINATION:0.5171457338203033
CE_MATERIAL:0.5088949070282873
CE_KINGSAFETY:0.4954270598575112
C_PIECESQUARETABLES:0.46924443108164626
C_MOBILITY:0.4908475646217156
C_KINGSAFETY:0.4668977765981537
C_PAWNSTRUCTURE:0.5058780007785477
C_PIECECOORDINATION:0.5209254952541371
C_ROOKANDPAWNMOVEMENT:0.5209254952541371
C_CENTERCONTROL:0.5127614145542891
C_DEVELOPPIECES:0.5394217171334623
C_MATERIAL:0.5036777587865326
