ELO:914
CE_PASSEDPAWNS:0.4223577827776076
CE_PAWNWEAKNESSES:0.4480815555236542
CE_PIECEACTIVITY:0.45501990024402766
CE_KINGPAWNSHIELD:0.43544058853321677
CE_PIECECOORDINATION:0.5436702217120921
CE_MATERIAL:0.5922754256980025
CE_KINGSAFETY:0.4349728820286619
C_PIECESQUARETABLES:0.48176710563560243
C_MOBILITY:0.5441076664085539
C_KINGSAFETY:0.43587809481265755
C_PAWNSTRUCTURE:0.523570521654539
C_PIECECOORDINATION:0.47755138481160775
C_ROOKANDPAWNMOVEMENT:0.47755138481160775
C_CENTERCONTROL:0.49190668088275163
C_DEVELOPPIECES:0.5241047374182479
C_MATERIAL:0.39900221486688436
