ELO:1046
CE_PASSEDPAWNS:0.5
CE_PAWNWEAKNESSES:0.5151759641575235
CE_PIECEACTIVITY:0.4869079420425813
CE_KINGPAWNSHIELD:0.49711923057826723
CE_PIECECOORDINATION:0.49090611855349686
CE_MATERIAL:0.5064661152402773
CE_KINGSAFETY:0.5
C_PIECESQUARETABLES:0.5
C_MOBILITY:0.49543050106932035
C_KINGSAFETY:0.48955206063519147
C_PAWNSTRUCTURE:0.5035318901192946
C_PIECECOORDINATION:0.5172089695057454
C_ROOK:0.5
CE_ROOK:0.49858103859278646
C_CENTERCONTROL:0.4921312419304174
C_DEVELOPPIECES:0.4986031622740956
C_MATERIAL:0.5066462544311117
C_MOVECOUNT:0.4939827515543085
C_PAWNMOVEMENT:0.4951274197228298
