ELO:1028
CE_PASSEDPAWNS:0.5039844281717176
CE_PAWNWEAKNESSES:0.5284100280721816
CE_PIECEACTIVITY:0.5045744521137052
CE_KINGPAWNSHIELD:0.4904458852724681
CE_PIECECOORDINATION:0.49450864543595785
CE_MATERIAL:0.48282644193788904
CE_KINGSAFETY:0.5
C_PIECESQUARETABLES:0.5
C_MOBILITY:0.5039914218878431
C_KINGSAFETY:0.48406572747192883
C_PAWNSTRUCTURE:0.5141366111532795
C_PIECECOORDINATION:0.530079026421654
C_ROOK:0.5111620048063572
CE_ROOK:0.4823086312696092
C_CENTERCONTROL:0.4690762694874343
C_DEVELOPPIECES:0.5001636855728272
C_MATERIAL:0.4705020259282929
C_MOVECOUNT:0.48230721617460937
C_PAWNMOVEMENT:0.5111201784368744
