ELO:998
CE_PASSEDPAWNS:0.5122982275266862
CE_PAWNWEAKNESSES:0.5010571212297968
CE_PIECEACTIVITY:0.5036742323016911
CE_KINGPAWNSHIELD:0.49561985110151496
CE_PIECECOORDINATION:0.5076658296288048
CE_MATERIAL:0.5
CE_KINGSAFETY:0.5070919866556889
C_PIECESQUARETABLES:0.5021489556501071
C_MOBILITY:0.5
C_KINGSAFETY:0.5021061735855212
C_PAWNSTRUCTURE:0.5
C_PIECECOORDINATION:0.5
C_ROOKANDPAWNMOVEMENT:0.5
C_CENTERCONTROL:0.5
C_DEVELOPPIECES:0.4975527657316258
C_MATERIAL:0.5017620250554827
C_MOVECOUNT:0.5013434134433578
