ELO:687
CE_PASSEDPAWNS:0.43430374573391756
CE_PAWNWEAKNESSES:0.4870274568801854
CE_PIECEACTIVITY:0.44592889616045217
CE_KINGPAWNSHIELD:0.4974903596123971
CE_PIECECOORDINATION:0.5753343573020246
CE_MATERIAL:0.5429443636457602
CE_KINGSAFETY:0.5018164208265131
C_PIECESQUARETABLES:0.5051588796040116
C_MOBILITY:0.4301157348750339
C_KINGSAFETY:0.5366132322252406
C_PAWNSTRUCTURE:0.5808709915009544
C_PIECECOORDINATION:0.55391620961979
C_ROOKANDPAWNMOVEMENT:0.55391620961979
C_CENTERCONTROL:0.48170881882754374
C_DEVELOPPIECES:0.5437026301132702
C_MATERIAL:0.49429920202006555
C_MOVECOUNT:0.5
