ELO:948
CE_PASSEDPAWNS:0.5069899100324102
CE_PAWNWEAKNESSES:0.48402393890772877
CE_PIECEACTIVITY:0.48263239616364517
CE_KINGPAWNSHIELD:0.4925716421835877
CE_PIECECOORDINATION:0.5172187689472877
CE_MATERIAL:0.4840054066826422
CE_KINGSAFETY:0.5006326807915609
C_PIECESQUARETABLES:0.4969233860803696
C_MOBILITY:0.4849045921566151
C_KINGSAFETY:0.4784361114156923
C_PAWNSTRUCTURE:0.5068060688547553
C_PIECECOORDINATION:0.4898330129791587
C_ROOKANDPAWNMOVEMENT:0.4898330129791587
C_CENTERCONTROL:0.49704981471787724
C_DEVELOPPIECES:0.4981758928312399
C_MATERIAL:0.4927020985501135
C_MOVECOUNT:0.4988809045236071
