ELO:925
CE_PASSEDPAWNS:0.4543998604161151
CE_PAWNWEAKNESSES:0.5186851019638894
CE_PIECEACTIVITY:0.5212347677955825
CE_KINGPAWNSHIELD:0.4801359603298062
CE_PIECECOORDINATION:0.4918170467933558
CE_MATERIAL:0.5420857684296627
CE_KINGSAFETY:0.4597089124069077
C_PIECESQUARETABLES:0.47147929992394166
C_MOBILITY:0.540643590866668
C_KINGSAFETY:0.5002729123966327
C_PAWNSTRUCTURE:0.5365825556586709
C_PIECECOORDINATION:0.576055692352822
C_ROOKANDPAWNMOVEMENT:0.576055692352822
C_CENTERCONTROL:0.4907596050092835
C_DEVELOPPIECES:0.5347245629249595
C_MATERIAL:0.4356530329556543
