ELO:1002
CE_PASSEDPAWNS:0.5
CE_PAWNWEAKNESSES:0.4932101472111552
CE_PIECEACTIVITY:0.5153854580252264
CE_KINGPAWNSHIELD:0.5
CE_PIECECOORDINATION:0.4972341390303533
CE_MATERIAL:0.4610430865243625
CE_KINGSAFETY:0.47640029649824583
C_PIECESQUARETABLES:0.5006581097959111
C_MOBILITY:0.5003566029111212
C_KINGSAFETY:0.4964344361370565
C_PAWNSTRUCTURE:0.5191691870869629
C_PIECECOORDINATION:0.5
C_ROOKANDPAWNMOVEMENT:0.5
C_CENTERCONTROL:0.5149639491986719
C_DEVELOPPIECES:0.4909592969272468
C_MATERIAL:0.49645351461636955
C_MOVECOUNT:0.5
