ELO:821
CE_PASSEDPAWNS:0.4532375213505594
CE_PAWNWEAKNESSES:0.474095071931285
CE_PIECEACTIVITY:0.5286442086630708
CE_KINGPAWNSHIELD:0.48256484614886824
CE_PIECECOORDINATION:0.5051873164139553
CE_MATERIAL:0.44610409707454385
CE_KINGSAFETY:0.4805888313791567
C_PIECESQUARETABLES:0.5118511391607368
C_MOBILITY:0.5156236628936669
C_KINGSAFETY:0.46433277693344716
C_PAWNSTRUCTURE:0.4909032537305225
C_PIECECOORDINATION:0.4500346700932101
C_ROOKANDPAWNMOVEMENT:0.4500346700932101
C_CENTERCONTROL:0.5061159110428244
C_DEVELOPPIECES:0.5461720683876385
C_MATERIAL:0.527148715323467
C_MOVECOUNT:0.5258355844321263
