ELO:988
CE_PASSEDPAWNS:0.4869877345859652
CE_PAWNWEAKNESSES:0.4818719081722944
CE_PIECEACTIVITY:0.4497014133923744
CE_KINGPAWNSHIELD:0.501228617610255
CE_PIECECOORDINATION:0.5414266382249456
CE_MATERIAL:0.5520716078614922
CE_KINGSAFETY:0.4979843125621609
C_PIECESQUARETABLES:0.5137880854336487
C_MOBILITY:0.4783237681881963
C_KINGSAFETY:0.44418177288854555
C_PAWNSTRUCTURE:0.5094759662695196
C_PIECECOORDINATION:0.4826247903556849
C_ROOKANDPAWNMOVEMENT:0.4826247903556849
C_CENTERCONTROL:0.4612559727319508
C_DEVELOPPIECES:0.5096746480711043
C_MATERIAL:0.39953104820330054
