ELO:1025
CE_PASSEDPAWNS:0.5246544712513653
CE_PAWNWEAKNESSES:0.5053483548265357
CE_PIECEACTIVITY:0.5005067291873136
CE_KINGPAWNSHIELD:0.5021902283136767
CE_PIECECOORDINATION:0.5173107621009955
CE_MATERIAL:0.504960834156813
CE_KINGSAFETY:0.5
C_PIECESQUARETABLES:0.5
C_MOBILITY:0.5187970841356156
C_KINGSAFETY:0.5066060841528152
C_PAWNSTRUCTURE:0.5024445288429544
C_PIECECOORDINATION:0.5094619792217536
C_ROOK:0.5040269060899341
CE_ROOK:0.5015736994700967
C_CENTERCONTROL:0.4907432133480504
C_DEVELOPPIECES:0.5157819092913437
C_MATERIAL:0.4995791646442188
C_MOVECOUNT:0.491893627719153
C_PAWNMOVEMENT:0.4590675100239037
