ELO:959
CE_PASSEDPAWNS:0.48647070703651263
CE_PAWNWEAKNESSES:0.5032110585318194
CE_PIECEACTIVITY:0.472980832690471
CE_KINGPAWNSHIELD:0.4955321982700174
CE_PIECECOORDINATION:0.5284530748574143
CE_MATERIAL:0.49176488069953184
CE_KINGSAFETY:0.5
C_PIECESQUARETABLES:0.5104651115293484
C_MOBILITY:0.4744201107617803
C_KINGSAFETY:0.48243425749754193
C_PAWNSTRUCTURE:0.49281229617566186
C_PIECECOORDINATION:0.49835086565777786
C_ROOKANDPAWNMOVEMENT:0.49835086565777786
C_CENTERCONTROL:0.4875666545836361
C_DEVELOPPIECES:0.49361359368926155
C_MATERIAL:0.5120168886580371
C_MOVECOUNT:0.4798951470701851
