ELO:1026
CE_PASSEDPAWNS:0.5039844281717176
CE_PAWNWEAKNESSES:0.5062148070513521
CE_PIECEACTIVITY:0.5313075154750717
CE_KINGPAWNSHIELD:0.5142653329978302
CE_PIECECOORDINATION:0.5074421045417029
CE_MATERIAL:0.5045228684273555
CE_KINGSAFETY:0.5
C_PIECESQUARETABLES:0.5
C_MOBILITY:0.5039914218878431
C_KINGSAFETY:0.48406572747192883
C_PAWNSTRUCTURE:0.4976611450789206
C_PIECECOORDINATION:0.5110491551584357
C_ROOK:0.5084696024925567
CE_ROOK:0.4823086312696092
C_CENTERCONTROL:0.4690762694874343
C_DEVELOPPIECES:0.5025489035147771
C_MATERIAL:0.4705020259282929
C_MOVECOUNT:0.48230721617460937
C_PAWNMOVEMENT:0.5063271016625166
