ELO:1000
CE_PASSEDPAWNS:0.45710682302201416
CE_PAWNWEAKNESSES:0.5251544940160953
CE_PIECEACTIVITY:0.48070577099234973
CE_KINGPAWNSHIELD:0.47756071178560117
CE_PIECECOORDINATION:0.5108112193304402
CE_MATERIAL:0.5002157553835195
CE_KINGSAFETY:0.5107478440615848
C_PIECESQUARETABLES:0.4973313404043204
C_MOBILITY:0.4822152993219573
C_KINGSAFETY:0.49506678663101883
C_PAWNSTRUCTURE:0.5003067274481681
C_PIECECOORDINATION:0.49352460365570083
C_ROOKANDPAWNMOVEMENT:0.49352460365570083
C_CENTERCONTROL:0.4718935153319094
C_DEVELOPPIECES:0.5047689098694833
C_MATERIAL:0.5009048186308542
