ELO:1047
CE_PASSEDPAWNS:0.509627366259295
CE_PAWNWEAKNESSES:0.4934967799216349
CE_PIECEACTIVITY:0.5
CE_KINGPAWNSHIELD:0.4934647489937365
CE_PIECECOORDINATION:0.503640349052995
CE_MATERIAL:0.5115008509760626
CE_KINGSAFETY:0.5
C_PIECESQUARETABLES:0.5
C_MOBILITY:0.49543050106932035
C_KINGSAFETY:0.48690594252192454
C_PAWNSTRUCTURE:0.5
C_PIECECOORDINATION:0.5
C_ROOK:0.5
CE_ROOK:0.489396336366713
C_CENTERCONTROL:0.493489817732325
C_DEVELOPPIECES:0.48803846654105965
C_MATERIAL:0.5
C_MOVECOUNT:0.4701640049785616
C_PAWNMOVEMENT:0.5
