ELO:680
CE_PASSEDPAWNS:0.43212975038576945
CE_PAWNWEAKNESSES:0.5218015146593237
CE_PIECEACTIVITY:0.45769018443514875
CE_KINGPAWNSHIELD:0.4981791786026522
CE_PIECECOORDINATION:0.578198960858302
CE_MATERIAL:0.5277966234086758
CE_KINGSAFETY:0.4809244766400923
C_PIECESQUARETABLES:0.4888410619944039
C_MOBILITY:0.38090634164217213
C_KINGSAFETY:0.5038907745487279
C_PAWNSTRUCTURE:0.6029617022528244
C_PIECECOORDINATION:0.5291538066518152
C_ROOKANDPAWNMOVEMENT:0.5291538066518152
C_CENTERCONTROL:0.49146411599693585
C_DEVELOPPIECES:0.5770886394019366
C_MATERIAL:0.4882952529720584
C_MOVECOUNT:0.5
