ELO:1000
CE_PASSEDPAWNS:0.49241340413874457
CE_PAWNWEAKNESSES:0.5100903748838717
CE_PIECEACTIVITY:0.5035410274463882
CE_KINGPAWNSHIELD:0.5
CE_PIECECOORDINATION:0.5
CE_MATERIAL:0.5
CE_KINGSAFETY:0.509765646389231
C_PIECESQUARETABLES:0.5
C_MOBILITY:0.4947303602929759
C_KINGSAFETY:0.5
C_PAWNSTRUCTURE:0.5
C_PIECECOORDINATION:0.5
C_ROOKANDPAWNMOVEMENT:0.5
C_CENTERCONTROL:0.50317813670987
C_DEVELOPPIECES:0.5
C_MATERIAL:0.5103715611526475
C_MOVECOUNT:0.5
