ELO:943
CE_PASSEDPAWNS:0.4215263334189541
CE_PAWNWEAKNESSES:0.5169541372606772
CE_PIECEACTIVITY:0.5066311119154739
CE_KINGPAWNSHIELD:0.4757202160805498
CE_PIECECOORDINATION:0.49085218320272955
CE_MATERIAL:0.5331856188143803
CE_KINGSAFETY:0.4773183121580475
C_PIECESQUARETABLES:0.48463520359702367
C_MOBILITY:0.5476438192874831
C_KINGSAFETY:0.5082019069866782
C_PAWNSTRUCTURE:0.5464053941563073
C_PIECECOORDINATION:0.564239983550293
C_ROOKANDPAWNMOVEMENT:0.564239983550293
C_CENTERCONTROL:0.5515455806931536
C_DEVELOPPIECES:0.5600917236040379
C_MATERIAL:0.4545198555454732
