ELO:988
CE_PASSEDPAWNS:0.5022487332738087
CE_PAWNWEAKNESSES:0.4758400512276956
CE_PIECEACTIVITY:0.5142076417433761
CE_KINGPAWNSHIELD:0.48259290027858304
CE_PIECECOORDINATION:0.4878089913196763
CE_MATERIAL:0.51235556821147
CE_KINGSAFETY:0.5
C_PIECESQUARETABLES:0.5005437602782387
C_MOBILITY:0.5138259260168114
C_KINGSAFETY:0.503204815580705
C_PAWNSTRUCTURE:0.5329708417767451
C_PIECECOORDINATION:0.4941587905848862
C_ROOK:0.5116356320093443
CE_ROOK:0.4925277111367001
C_CENTERCONTROL:0.496648687727395
C_DEVELOPPIECES:0.5077618920947888
C_MATERIAL:0.5214896646155104
C_MOVECOUNT:0.5083382187305553
C_PAWNMOVEMENT:0.4965814955060054
