ELO:968
CE_PASSEDPAWNS:0.497030096630794
CE_PAWNWEAKNESSES:0.4969606452910015
CE_PIECEACTIVITY:0.4898908665358147
CE_KINGPAWNSHIELD:0.4925716421835877
CE_PIECECOORDINATION:0.5050971982560633
CE_MATERIAL:0.4840054066826422
CE_KINGSAFETY:0.4981888371366254
C_PIECESQUARETABLES:0.5
C_MOBILITY:0.4849045921566151
C_KINGSAFETY:0.48865158771750494
C_PAWNSTRUCTURE:0.5071093829469948
C_PIECECOORDINATION:0.5013025722651565
C_ROOKANDPAWNMOVEMENT:0.5013025722651565
C_CENTERCONTROL:0.489881555754268
C_DEVELOPPIECES:0.4982064083327577
C_MATERIAL:0.5001708054090791
C_MOVECOUNT:0.49866866164550294
