ELO:1010
CE_PASSEDPAWNS:0.4902495614111457
CE_PAWNWEAKNESSES:0.4977318247811686
CE_PIECEACTIVITY:0.49097297303125975
CE_KINGPAWNSHIELD:0.5167776185776198
CE_PIECECOORDINATION:0.4934364320802843
CE_MATERIAL:0.48698860425717244
CE_KINGSAFETY:0.5047053474375535
C_PIECESQUARETABLES:0.5009775432722999
C_MOBILITY:0.5124797530860087
C_KINGSAFETY:0.4976372104555281
C_PAWNSTRUCTURE:0.5108624086011928
C_PIECECOORDINATION:0.5
C_ROOKANDPAWNMOVEMENT:0.5
C_CENTERCONTROL:0.5098846440038717
C_DEVELOPPIECES:0.49183292973118015
C_MATERIAL:0.48324104639946563
C_MOVECOUNT:0.516773328255723
