ELO:982
CE_PASSEDPAWNS:0.4328673086031633
CE_PAWNWEAKNESSES:0.49480587403635024
CE_PIECEACTIVITY:0.43863912555320367
CE_KINGPAWNSHIELD:0.4747656863919412
CE_PIECECOORDINATION:0.5438801495295165
CE_MATERIAL:0.5763071394603987
CE_KINGSAFETY:0.5076910230854187
C_PIECESQUARETABLES:0.497961717052966
C_MOBILITY:0.4908565766584858
C_KINGSAFETY:0.4494173151588712
C_PAWNSTRUCTURE:0.4969378902381931
C_PIECECOORDINATION:0.44732906900775476
C_ROOKANDPAWNMOVEMENT:0.44732906900775476
C_CENTERCONTROL:0.4808941049807407
C_DEVELOPPIECES:0.5268580926483292
C_MATERIAL:0.41818831196962225
