ELO:988
CE_PASSEDPAWNS:0.45414923610610153
CE_PAWNWEAKNESSES:0.5094521362205242
CE_PIECEACTIVITY:0.44086450278755634
CE_KINGPAWNSHIELD:0.4839349379796891
CE_PIECECOORDINATION:0.5649829455713707
CE_MATERIAL:0.5588623323473033
CE_KINGSAFETY:0.4888013187362973
C_PIECESQUARETABLES:0.51743340638172
C_MOBILITY:0.4817074631116143
C_KINGSAFETY:0.4502316771184794
C_PAWNSTRUCTURE:0.4945043042166484
C_PIECECOORDINATION:0.46450734173864033
C_ROOKANDPAWNMOVEMENT:0.46450734173864033
C_CENTERCONTROL:0.46676403181666515
C_DEVELOPPIECES:0.5197451052335553
C_MATERIAL:0.42317204077607956
