ELO:1016
CE_PASSEDPAWNS:0.48814499142654405
CE_PAWNWEAKNESSES:0.48488159554945715
CE_PIECEACTIVITY:0.4294355319464098
CE_KINGPAWNSHIELD:0.49940732271938254
CE_PIECECOORDINATION:0.5684261069771611
CE_MATERIAL:0.5727701469932747
CE_KINGSAFETY:0.5125688981923865
C_PIECESQUARETABLES:0.5221885287790637
C_MOBILITY:0.5131564744519983
C_KINGSAFETY:0.45955907109133304
C_PAWNSTRUCTURE:0.5350308850413894
C_PIECECOORDINATION:0.5020788990977513
C_ROOKANDPAWNMOVEMENT:0.5020788990977513
C_CENTERCONTROL:0.4458737707687099
C_DEVELOPPIECES:0.5037340744061717
C_MATERIAL:0.4948654123462779
