ELO:975
CE_PASSEDPAWNS:0.48344936180251347
CE_PAWNWEAKNESSES:0.5189187974350559
CE_PIECEACTIVITY:0.5045336190281441
CE_KINGPAWNSHIELD:0.5
CE_PIECECOORDINATION:0.4965137409900717
CE_MATERIAL:0.4863819788865231
CE_KINGSAFETY:0.49942476364072047
C_PIECESQUARETABLES:0.5
C_MOBILITY:0.4947303602929759
C_KINGSAFETY:0.5
C_PAWNSTRUCTURE:0.5
C_PIECECOORDINATION:0.5
C_ROOKANDPAWNMOVEMENT:0.5
C_CENTERCONTROL:0.521604031478871
C_DEVELOPPIECES:0.5
C_MATERIAL:0.5186454543628597
C_MOVECOUNT:0.5
