ELO:998
CE_PASSEDPAWNS:0.45776697563514984
CE_PAWNWEAKNESSES:0.47360980699594374
CE_PIECEACTIVITY:0.4295665193256128
CE_KINGPAWNSHIELD:0.4990436840440384
CE_PIECECOORDINATION:0.5544320564617004
CE_MATERIAL:0.5583854021041904
CE_KINGSAFETY:0.5011926659625539
C_PIECESQUARETABLES:0.5151927296941098
C_MOBILITY:0.5097888199541921
C_KINGSAFETY:0.4379867438381618
C_PAWNSTRUCTURE:0.5205519945604864
C_PIECECOORDINATION:0.510015002324767
C_ROOKANDPAWNMOVEMENT:0.510015002324767
C_CENTERCONTROL:0.45570552858648283
C_DEVELOPPIECES:0.49675496772691247
C_MATERIAL:0.4623874160367331
