ELO:916
CE_PASSEDPAWNS:0.48731794713487625
CE_PAWNWEAKNESSES:0.5032398786827876
CE_PIECEACTIVITY:0.4967967360072559
CE_KINGPAWNSHIELD:0.4903326693645799
CE_PIECECOORDINATION:0.513419858781423
CE_MATERIAL:0.5171766194794669
CE_KINGSAFETY:0.4966894318836305
C_PIECESQUARETABLES:0.48782698679623393
C_MOBILITY:0.5088919952848364
C_KINGSAFETY:0.5000017023766657
C_PAWNSTRUCTURE:0.5070251797359487
C_PIECECOORDINATION:0.48656649669524504
C_ROOKANDPAWNMOVEMENT:0.48656649669524504
C_CENTERCONTROL:0.5214765091189549
C_DEVELOPPIECES:0.5025485825634235
C_MATERIAL:0.5004995812454844
C_MOVECOUNT:0.4759341292541076
