ELO:923
CE_PASSEDPAWNS:0.48818019323637996
CE_PAWNWEAKNESSES:0.48877603434916456
CE_PIECEACTIVITY:0.46980295463993094
CE_KINGPAWNSHIELD:0.500942627380673
CE_PIECECOORDINATION:0.5023761991903785
CE_MATERIAL:0.5116855726912153
CE_KINGSAFETY:0.5299879804159563
C_PIECESQUARETABLES:0.5336984980936458
C_MOBILITY:0.48246330921609176
C_KINGSAFETY:0.5081483715471694
C_PAWNSTRUCTURE:0.5060077706456431
C_PIECECOORDINATION:0.47467788255453325
C_ROOKANDPAWNMOVEMENT:0.47467788255453325
C_CENTERCONTROL:0.5081790625401869
C_DEVELOPPIECES:0.49103976000806915
C_MATERIAL:0.4825097605324121
C_MOVECOUNT:0.4588527800715598
