ELO:1016
CE_PASSEDPAWNS:0.5179591658070092
CE_PAWNWEAKNESSES:0.513316102629144
CE_PIECEACTIVITY:0.509603858541549
CE_KINGPAWNSHIELD:0.4892652713571424
CE_PIECECOORDINATION:0.47114950012935186
CE_MATERIAL:0.4974477316404982
CE_KINGSAFETY:0.5133085383708986
C_PIECESQUARETABLES:0.5
C_MOBILITY:0.4999774515162303
C_KINGSAFETY:0.5080026683435823
C_PAWNSTRUCTURE:0.4859267463608704
C_PIECECOORDINATION:0.5014574809208541
C_ROOK:0.5212520723104012
CE_ROOK:0.49981709006059527
C_CENTERCONTROL:0.46593201512716276
C_DEVELOPPIECES:0.5001636855728272
C_MATERIAL:0.5180737895039337
C_MOVECOUNT:0.49281771059801355
C_PAWNMOVEMENT:0.4844584732951027
