ELO:1030
CE_PASSEDPAWNS:0.49967113230484955
CE_PAWNWEAKNESSES:0.4995970188208967
CE_PIECEACTIVITY:0.48321009549435673
CE_KINGPAWNSHIELD:0.5
CE_PIECECOORDINATION:0.5
CE_MATERIAL:0.491688915100474
CE_KINGSAFETY:0.49347214779816617
C_PIECESQUARETABLES:0.49125673368432315
C_MOBILITY:0.5
C_KINGSAFETY:0.5
C_PAWNSTRUCTURE:0.5207354999029403
C_PIECECOORDINATION:0.5
C_ROOKANDPAWNMOVEMENT:0.5
C_CENTERCONTROL:0.518811997271166
C_DEVELOPPIECES:0.505219812315512
C_MATERIAL:0.485596203003938
C_MOVECOUNT:0.5
