ELO:952
CE_PASSEDPAWNS:0.4556722940635996
CE_PAWNWEAKNESSES:0.4277506691698374
CE_PIECEACTIVITY:0.41792155664512926
CE_KINGPAWNSHIELD:0.6628516988157731
CE_PIECECOORDINATION:0.44100340497280305
CE_MATERIAL:0.5237443885132381
CE_KINGSAFETY:0.5081655818456355
C_PIECESQUARETABLES:0.5127713464363443
C_MOBILITY:0.40920905989271894
C_KINGSAFETY:0.47784619606555667
C_PAWNSTRUCTURE:0.5519596388483351
C_PIECECOORDINATION:0.5326988559455349
C_ROOKANDPAWNMOVEMENT:0.5326988559455349
C_CENTERCONTROL:0.44095222438579906
C_DEVELOPPIECES:0.4352294044425235
C_MATERIAL:0.5551252732818637
