ELO:1000
CE_PASSEDPAWNS:0.4643289168123841
CE_PAWNWEAKNESSES:0.49741474250335
CE_PIECEACTIVITY:0.5120030088531493
CE_KINGPAWNSHIELD:0.5151199658853255
CE_PIECECOORDINATION:0.5029225725780396
CE_MATERIAL:0.5093141524629675
CE_KINGSAFETY:0.5143147726749558
C_PIECESQUARETABLES:0.5034208004485233
C_MOBILITY:0.4658118534987771
C_KINGSAFETY:0.5061783532908769
C_PAWNSTRUCTURE:0.5406380586953516
C_PIECECOORDINATION:0.5174462997173181
C_ROOKANDPAWNMOVEMENT:0.5174462997173181
C_CENTERCONTROL:0.4765833776798863
C_DEVELOPPIECES:0.5058159304188897
C_MATERIAL:0.5072633707500318
