ELO:1034
CE_PASSEDPAWNS:0.5034507561763385
CE_PAWNWEAKNESSES:0.530985393901956
CE_PIECEACTIVITY:0.49046209081848813
CE_KINGPAWNSHIELD:0.5292612059159568
CE_PIECECOORDINATION:0.5020545011067487
CE_MATERIAL:0.5222246684738875
CE_KINGSAFETY:0.5
C_PIECESQUARETABLES:0.5
C_MOBILITY:0.5
C_KINGSAFETY:0.49710073663360144
C_PAWNSTRUCTURE:0.4767873884047411
C_PIECECOORDINATION:0.5187121361950087
C_ROOK:0.5057630929773514
CE_ROOK:0.5165738715399061
C_CENTERCONTROL:0.4937708833116085
C_DEVELOPPIECES:0.5036271228063328
C_MATERIAL:0.5220246160394035
C_MOVECOUNT:0.482048177781621
C_PAWNMOVEMENT:0.4838227332416634
