ELO:988
CE_PASSEDPAWNS:0.4512696643737884
CE_PAWNWEAKNESSES:0.4001282946091936
CE_PIECEACTIVITY:0.48235187415184816
CE_KINGPAWNSHIELD:0.6148251029583292
CE_PIECECOORDINATION:0.4662292839713035
CE_MATERIAL:0.4678130224446178
CE_KINGSAFETY:0.4771131964154099
C_PIECESQUARETABLES:0.5197669363166861
C_MOBILITY:0.441571991802684
C_KINGSAFETY:0.4498409017802969
C_PAWNSTRUCTURE:0.49339246638646544
C_PIECECOORDINATION:0.5827100717798738
C_ROOKANDPAWNMOVEMENT:0.5827100717798738
C_CENTERCONTROL:0.4721336128724022
C_DEVELOPPIECES:0.46404509099442093
C_MATERIAL:0.5281581739575386
