ELO:1000
CE_PASSEDPAWNS:0.45059110406641995
CE_PAWNWEAKNESSES:0.5338223957445011
CE_PIECEACTIVITY:0.5143725093937734
CE_KINGPAWNSHIELD:0.5092546212603836
CE_PIECECOORDINATION:0.47717530321442814
CE_MATERIAL:0.4549913650319559
CE_KINGSAFETY:0.5429949008477811
C_PIECESQUARETABLES:0.5144733013086018
C_MOBILITY:0.489532890134609
C_KINGSAFETY:0.4937391307111089
C_PAWNSTRUCTURE:0.5188737260700567
C_PIECECOORDINATION:0.5127389168790496
C_ROOKANDPAWNMOVEMENT:0.5127389168790496
C_CENTERCONTROL:0.4896139078761562
C_DEVELOPPIECES:0.550974163249343
C_MATERIAL:0.5299340475678858
