ELO:897
CE_PASSEDPAWNS:0.5088475060922591
CE_PAWNWEAKNESSES:0.5259115893367775
CE_PIECEACTIVITY:0.5180186334461032
CE_KINGPAWNSHIELD:0.4807740946184992
CE_PIECECOORDINATION:0.49093993040794304
CE_MATERIAL:0.49711480828204074
CE_KINGSAFETY:0.5160545689585975
C_PIECESQUARETABLES:0.5076598176448732
C_MOBILITY:0.5269510410027496
C_KINGSAFETY:0.5409573089038296
C_PAWNSTRUCTURE:0.5482414118726188
C_PIECECOORDINATION:0.4517540158336843
C_ROOK:0.5094829546513467
CE_ROOK:0.5070636789486505
C_CENTERCONTROL:0.46205879118041177
C_DEVELOPPIECES:0.5341247630675746
C_MATERIAL:0.4505589792474045
C_MOVECOUNT:0.5317538786187328
C_PAWNMOVEMENT:0.5160105750364655
