ELO:677
CE_PASSEDPAWNS:0.48375608493129874
CE_PAWNWEAKNESSES:0.45761945223078765
CE_PIECEACTIVITY:0.6175111263648659
CE_KINGPAWNSHIELD:0.49546160192838473
CE_PIECECOORDINATION:0.5248177799253612
CE_MATERIAL:0.4805546027964915
CE_KINGSAFETY:0.5150139979135308
C_PIECESQUARETABLES:0.4677173652433816
C_MOBILITY:0.41595148042658886
C_KINGSAFETY:0.3428299570727495
C_PAWNSTRUCTURE:0.5152334942422563
C_PIECECOORDINATION:0.6305735211819715
C_ROOKANDPAWNMOVEMENT:0.6305735211819715
C_CENTERCONTROL:0.5570125453056693
C_DEVELOPPIECES:0.44481350023839566
C_MATERIAL:0.5250952329218274
C_MOVECOUNT:0.5160906679248977
