ELO:1034
CE_PASSEDPAWNS:0.5148713994294651
CE_PAWNWEAKNESSES:0.530985393901956
CE_PIECEACTIVITY:0.47907011340525874
CE_KINGPAWNSHIELD:0.5004594220327684
CE_PIECECOORDINATION:0.5071927586957515
CE_MATERIAL:0.4913272283403476
CE_KINGSAFETY:0.5
C_PIECESQUARETABLES:0.5
C_MOBILITY:0.5
C_KINGSAFETY:0.5
C_PAWNSTRUCTURE:0.5080209608016621
C_PIECECOORDINATION:0.5116698693111267
C_ROOK:0.4828610962900275
CE_ROOK:0.49050120432589694
C_CENTERCONTROL:0.5197282966320029
C_DEVELOPPIECES:0.5062155232727209
C_MATERIAL:0.49893203429691124
C_MOVECOUNT:0.4805938206986978
C_PAWNMOVEMENT:0.49521221761728357
