ELO:984
CE_PASSEDPAWNS:0.49053145179163754
CE_PAWNWEAKNESSES:0.5118495792108626
CE_PIECEACTIVITY:0.49183542939779423
CE_KINGPAWNSHIELD:0.5164685360330307
CE_PIECECOORDINATION:0.510522963508665
CE_MATERIAL:0.5105631601855692
CE_KINGSAFETY:0.5014428288362515
C_PIECESQUARETABLES:0.49031213890621056
C_MOBILITY:0.4985622059659344
C_KINGSAFETY:0.4959672906900145
C_PAWNSTRUCTURE:0.5110831321158283
C_PIECECOORDINATION:0.5175922927622331
C_ROOKANDPAWNMOVEMENT:0.5175922927622331
C_CENTERCONTROL:0.4916324870839333
C_DEVELOPPIECES:0.512727627708118
C_MATERIAL:0.4992376491098347
C_MOVECOUNT:0.5
