ELO:892
CE_PASSEDPAWNS:0.4993151438447507
CE_PAWNWEAKNESSES:0.5011330681062617
CE_PIECEACTIVITY:0.5144438567000124
CE_KINGPAWNSHIELD:0.5484710158654654
CE_PIECECOORDINATION:0.5074767619865374
CE_MATERIAL:0.4569403080118874
CE_KINGSAFETY:0.4748863640340805
C_PIECESQUARETABLES:0.44672102815031844
C_MOBILITY:0.5127542756226127
C_KINGSAFETY:0.4653227320591432
C_PAWNSTRUCTURE:0.5094819031587726
C_PIECECOORDINATION:0.5352891343766705
C_ROOKANDPAWNMOVEMENT:0.5352891343766705
C_CENTERCONTROL:0.5108659501397272
C_DEVELOPPIECES:0.5195702337557631
C_MATERIAL:0.46064823150405365
C_MOVECOUNT:0.5
