ELO:922
CE_PASSEDPAWNS:0.4892491994650272
CE_PAWNWEAKNESSES:0.5141789686474959
CE_PIECEACTIVITY:0.4953262314102472
CE_KINGPAWNSHIELD:0.438420235204532
CE_PIECECOORDINATION:0.49686092394982373
CE_MATERIAL:0.5192260997577814
CE_KINGSAFETY:0.5248829483513189
C_PIECESQUARETABLES:0.5215929125892941
C_MOBILITY:0.45080068768400294
C_KINGSAFETY:0.5170090293968072
C_PAWNSTRUCTURE:0.4775857241407266
C_PIECECOORDINATION:0.5611265773591636
C_ROOKANDPAWNMOVEMENT:0.5611265773591636
C_CENTERCONTROL:0.4808326528777814
C_DEVELOPPIECES:0.4634175958668163
C_MATERIAL:0.4847368265312871
C_MOVECOUNT:0.5
