ELO:988
CE_PASSEDPAWNS:0.4512696643737884
CE_PAWNWEAKNESSES:0.4001282946091936
CE_PIECEACTIVITY:0.48235187415184816
CE_KINGPAWNSHIELD:0.6213304508798444
CE_PIECECOORDINATION:0.4662292839713035
CE_MATERIAL:0.46744588062051373
CE_KINGSAFETY:0.47749267958909747
C_PIECESQUARETABLES:0.5173348623353035
C_MOBILITY:0.43344585986212997
C_KINGSAFETY:0.4508972571253007
C_PAWNSTRUCTURE:0.5113405059343552
C_PIECECOORDINATION:0.5827100717798738
C_ROOKANDPAWNMOVEMENT:0.5827100717798738
C_CENTERCONTROL:0.4552034711250196
C_DEVELOPPIECES:0.48527383285509557
C_MATERIAL:0.5255863414851829
