ELO:996
CE_PASSEDPAWNS:0.48658085856220457
CE_PAWNWEAKNESSES:0.510123840800396
CE_PIECEACTIVITY:0.5060585173594135
CE_KINGPAWNSHIELD:0.4246146307111384
CE_PIECECOORDINATION:0.4780318363897397
CE_MATERIAL:0.5103380553381937
CE_KINGSAFETY:0.5
C_PIECESQUARETABLES:0.4899210743497018
C_MOBILITY:0.5418199286682157
C_KINGSAFETY:0.45702226147260344
C_PAWNSTRUCTURE:0.5421665169518145
C_PIECECOORDINATION:0.536958528545212
C_ROOKANDPAWNMOVEMENT:0.536958528545212
C_CENTERCONTROL:0.44725072230149193
C_DEVELOPPIECES:0.5101298566350948
C_MATERIAL:0.5430305908505021
