ELO:1000
CE_PASSEDPAWNS:0.5011895411239992
CE_PAWNWEAKNESSES:0.5
CE_PIECEACTIVITY:0.503870711150046
CE_KINGPAWNSHIELD:0.504351070954837
CE_PIECECOORDINATION:0.49956609771134475
CE_MATERIAL:0.4866730344310874
CE_KINGSAFETY:0.5
C_PIECESQUARETABLES:0.5
C_MOBILITY:0.5
C_KINGSAFETY:0.5052401538722019
C_PAWNSTRUCTURE:0.48039605164389676
C_PIECECOORDINATION:0.4935931547513781
C_ROOK:0.5
CE_ROOK:0.49136194256818944
C_CENTERCONTROL:0.5055066556847082
C_DEVELOPPIECES:0.4926069629625615
C_MATERIAL:0.5051738045667826
C_MOVECOUNT:0.49884180037632997
C_PAWNMOVEMENT:0.487700536467256
