ELO:1000
CE_PASSEDPAWNS:0.4891581996949304
CE_PAWNWEAKNESSES:0.44128389240644766
CE_PIECEACTIVITY:0.5256631164292949
CE_KINGPAWNSHIELD:0.5431694840845434
CE_PIECECOORDINATION:0.47893251231500383
CE_MATERIAL:0.4370246317973408
CE_KINGSAFETY:0.5091269005711304
C_PIECESQUARETABLES:0.5046101203743242
C_MOBILITY:0.4533407892359622
C_KINGSAFETY:0.4782837990371581
C_PAWNSTRUCTURE:0.5267747316005911
C_PIECECOORDINATION:0.5787866001611183
C_ROOKANDPAWNMOVEMENT:0.5787866001611183
C_CENTERCONTROL:0.44905053549608587
C_DEVELOPPIECES:0.4579197713288714
C_MATERIAL:0.5230720337355325
