ELO:873
CE_PASSEDPAWNS:0.5089509191514098
CE_PAWNWEAKNESSES:0.5340679442584406
CE_PIECEACTIVITY:0.5255521770957724
CE_KINGPAWNSHIELD:0.5379438124948275
CE_PIECECOORDINATION:0.5076799636606708
CE_MATERIAL:0.4353053696876079
CE_KINGSAFETY:0.5
C_PIECESQUARETABLES:0.5078839605351795
C_MOBILITY:0.4925701743079834
C_KINGSAFETY:0.4409360666028695
C_PAWNSTRUCTURE:0.5054972724869274
C_PIECECOORDINATION:0.540842381748915
C_ROOKANDPAWNMOVEMENT:0.540842381748915
C_CENTERCONTROL:0.5295194639499782
C_DEVELOPPIECES:0.5343315337853297
C_MATERIAL:0.4697994214650917
C_MOVECOUNT:0.5
