ELO:985
CE_PASSEDPAWNS:0.5250099205968372
CE_PAWNWEAKNESSES:0.5015690874949308
CE_PIECEACTIVITY:0.507779087952456
CE_KINGPAWNSHIELD:0.4965938258305814
CE_PIECECOORDINATION:0.48928535988253263
CE_MATERIAL:0.47463137084481233
CE_KINGSAFETY:0.48732933591138755
C_PIECESQUARETABLES:0.5155094890318587
C_MOBILITY:0.500356333767939
C_KINGSAFETY:0.5052401538722019
C_PAWNSTRUCTURE:0.4859267463608704
C_PIECECOORDINATION:0.4954262003446136
C_ROOK:0.5270271279111531
CE_ROOK:0.4935145863291669
C_CENTERCONTROL:0.48611488655613566
C_DEVELOPPIECES:0.5076322480565979
C_MATERIAL:0.5003310537288074
C_MOVECOUNT:0.5062140362596579
C_PAWNMOVEMENT:0.49011204953521437
