ELO:936
CE_PASSEDPAWNS:0.49227163604523533
CE_PAWNWEAKNESSES:0.5162170716619618
CE_PIECEACTIVITY:0.5094885363920324
CE_KINGPAWNSHIELD:0.4920045856383056
CE_PIECECOORDINATION:0.453859315304921
CE_MATERIAL:0.5085238090585545
CE_KINGSAFETY:0.4907810835709155
C_PIECESQUARETABLES:0.5079402135179311
C_MOBILITY:0.3529923187638314
C_KINGSAFETY:0.4297053431011459
C_PAWNSTRUCTURE:0.48490572481557137
C_PIECECOORDINATION:0.460466230005527
C_ROOKANDPAWNMOVEMENT:0.460466230005527
C_CENTERCONTROL:0.4763126879742008
C_DEVELOPPIECES:0.49891834170389887
C_MATERIAL:0.45964273180961757
