ELO:1000
CE_PASSEDPAWNS:0.4643020028152547
CE_PAWNWEAKNESSES:0.5234439152536075
CE_PIECEACTIVITY:0.5126884378142933
CE_KINGPAWNSHIELD:0.5045663844742581
CE_PIECECOORDINATION:0.48532309239129934
CE_MATERIAL:0.4655397759483499
CE_KINGSAFETY:0.5353371198722285
C_PIECESQUARETABLES:0.5070689690757911
C_MOBILITY:0.4822358958506087
C_KINGSAFETY:0.48347214411836703
C_PAWNSTRUCTURE:0.5152525350284868
C_PIECECOORDINATION:0.5079246226194176
C_ROOKANDPAWNMOVEMENT:0.5079246226194176
C_CENTERCONTROL:0.48106967978812076
C_DEVELOPPIECES:0.5420548175587631
C_MATERIAL:0.525997688491594
