ELO:1035
CE_PASSEDPAWNS:0.5069652569272811
CE_PAWNWEAKNESSES:0.4837214784139212
CE_PIECEACTIVITY:0.5233662458234067
CE_KINGPAWNSHIELD:0.4999233599011594
CE_PIECECOORDINATION:0.5043901861355996
CE_MATERIAL:0.4970967322552941
CE_KINGSAFETY:0.5
C_PIECESQUARETABLES:0.5
C_MOBILITY:0.4941184934948356
C_KINGSAFETY:0.5080026683435823
C_PAWNSTRUCTURE:0.5194196246624769
C_PIECECOORDINATION:0.5123774048573894
C_ROOK:0.5
CE_ROOK:0.5308422506177983
C_CENTERCONTROL:0.48745490307112077
C_DEVELOPPIECES:0.5090226882339398
C_MATERIAL:0.4718044583437473
C_MOVECOUNT:0.5
C_PAWNMOVEMENT:0.5063271016625166
