ELO:1084
CE_PASSEDPAWNS:0.6358099768554881
CE_PAWNWEAKNESSES:0.48871246792107853
CE_PIECEACTIVITY:0.5003028653316866
CE_KINGPAWNSHIELD:0.5250926942872426
CE_PIECECOORDINATION:0.5707969823983154
CE_MATERIAL:0.39783305558335186
CE_KINGSAFETY:0.5
C_PIECESQUARETABLES:0.5
C_MOBILITY:0.4455170774255024
C_KINGSAFETY:0.6288404289784623
C_PAWNSTRUCTURE:0.401199950848302
C_PIECECOORDINATION:0.49367534737841146
C_ROOKANDPAWNMOVEMENT:0.49367534737841146
C_CENTERCONTROL:0.49648228610837636
C_DEVELOPPIECES:0.5034004472324135
C_MATERIAL:0.4063918105112338
