ELO:967
CE_PASSEDPAWNS:0.4695266125859222
CE_PAWNWEAKNESSES:0.5347434102447688
CE_PIECEACTIVITY:0.4783405786074782
CE_KINGPAWNSHIELD:0.5136430093111213
CE_PIECECOORDINATION:0.48172491516653004
CE_MATERIAL:0.5002575580251722
CE_KINGSAFETY:0.47247193130434406
C_PIECESQUARETABLES:0.46674612853716974
C_MOBILITY:0.40059000700168573
C_KINGSAFETY:0.4253317086230666
C_PAWNSTRUCTURE:0.4816053541284104
C_PIECECOORDINATION:0.46477486350751845
C_ROOKANDPAWNMOVEMENT:0.46477486350751845
C_CENTERCONTROL:0.4793477611894197
C_DEVELOPPIECES:0.5036384988100592
C_MATERIAL:0.462444356222321
