ELO:1000
CE_PASSEDPAWNS:0.4755377498764692
CE_PAWNWEAKNESSES:0.5456971435177218
CE_PIECEACTIVITY:0.5143086583312659
CE_KINGPAWNSHIELD:0.5528489545762071
CE_PIECECOORDINATION:0.4809822839271085
CE_MATERIAL:0.4445918397770228
CE_KINGSAFETY:0.5188342717523629
C_PIECESQUARETABLES:0.5410639120486171
C_MOBILITY:0.5181417341075412
C_KINGSAFETY:0.4943758484922972
C_PAWNSTRUCTURE:0.5079844997052506
C_PIECECOORDINATION:0.5344724912146067
C_ROOKANDPAWNMOVEMENT:0.5344724912146067
C_CENTERCONTROL:0.4948962779885818
C_DEVELOPPIECES:0.5121567231624192
C_MATERIAL:0.5224509761172906
