ELO:1010
CE_PASSEDPAWNS:0.5023517552349256
CE_PAWNWEAKNESSES:0.4979478514664927
CE_PIECEACTIVITY:0.5
CE_KINGPAWNSHIELD:0.4832399603696557
CE_PIECECOORDINATION:0.5012723039435474
CE_MATERIAL:0.5016055182069986
CE_KINGSAFETY:0.5
C_PIECESQUARETABLES:0.5
C_MOBILITY:0.5109796522009409
C_KINGSAFETY:0.5193271419979641
C_PAWNSTRUCTURE:0.5154433842934825
C_PIECECOORDINATION:0.490628834244198
C_ROOKANDPAWNMOVEMENT:0.490628834244198
C_CENTERCONTROL:0.5070691916609034
C_DEVELOPPIECES:0.5
C_MATERIAL:0.49244839944537927
C_MOVECOUNT:0.4985036942185756
