ELO:935
CE_PASSEDPAWNS:0.5117283960371893
CE_PAWNWEAKNESSES:0.5170857813133101
CE_PIECEACTIVITY:0.5047684246028317
CE_KINGPAWNSHIELD:0.48372716168370794
CE_PIECECOORDINATION:0.4631398485732785
CE_MATERIAL:0.5007300047210461
CE_KINGSAFETY:0.48263335859649853
C_PIECESQUARETABLES:0.5105879899791658
C_MOBILITY:0.3509281798984069
C_KINGSAFETY:0.4372431053684227
C_PAWNSTRUCTURE:0.48129031720478255
C_PIECECOORDINATION:0.4654183666400011
C_ROOKANDPAWNMOVEMENT:0.4654183666400011
C_CENTERCONTROL:0.47565155475551363
C_DEVELOPPIECES:0.49526038948624224
C_MATERIAL:0.442673718654139
