ELO:909
CE_PASSEDPAWNS:0.4948521220606165
CE_PAWNWEAKNESSES:0.5734943279374985
CE_PIECEACTIVITY:0.483829291422677
CE_KINGPAWNSHIELD:0.46997949875564166
CE_PIECECOORDINATION:0.47351573945543085
CE_MATERIAL:0.5113186673421338
CE_KINGSAFETY:0.4496100897569736
C_PIECESQUARETABLES:0.5143874875122839
C_MOBILITY:0.3379292493812876
C_KINGSAFETY:0.44056242308906995
C_PAWNSTRUCTURE:0.4910057199371939
C_PIECECOORDINATION:0.48257305852463817
C_ROOKANDPAWNMOVEMENT:0.48257305852463817
C_CENTERCONTROL:0.4714341278262593
C_DEVELOPPIECES:0.47835750959763257
C_MATERIAL:0.4511087798195652
