ELO:1000
CE_PASSEDPAWNS:0.492654877985626
CE_PAWNWEAKNESSES:0.48005131516841526
CE_PIECEACTIVITY:0.5295002341341836
CE_KINGPAWNSHIELD:0.5411501341874547
CE_PIECECOORDINATION:0.4838294653053303
CE_MATERIAL:0.4705985900874368
CE_KINGSAFETY:0.5173666078179208
C_PIECESQUARETABLES:0.49345914152703435
C_MOBILITY:0.48804773082272873
C_KINGSAFETY:0.45431709013008714
C_PAWNSTRUCTURE:0.49991979962537403
C_PIECECOORDINATION:0.5479722167189692
C_ROOKANDPAWNMOVEMENT:0.5479722167189692
C_CENTERCONTROL:0.43214919681745817
C_DEVELOPPIECES:0.46564049257402135
C_MATERIAL:0.5266251860334693
