ELO:1000
CE_PASSEDPAWNS:0.455772147255976
CE_PAWNWEAKNESSES:0.5456971435177218
CE_PIECEACTIVITY:0.516091829411199
CE_KINGPAWNSHIELD:0.5262990570286458
CE_PIECECOORDINATION:0.4917105950194383
CE_MATERIAL:0.44453978794576554
CE_KINGSAFETY:0.5400607296519658
C_PIECESQUARETABLES:0.5314190655779254
C_MOBILITY:0.5148057111242252
C_KINGSAFETY:0.5033340647963979
C_PAWNSTRUCTURE:0.5049114726954328
C_PIECECOORDINATION:0.5095542264339052
C_ROOKANDPAWNMOVEMENT:0.5095542264339052
C_CENTERCONTROL:0.509497640445201
C_DEVELOPPIECES:0.5361630929084983
C_MATERIAL:0.5214045913815689
