ELO:984
CE_PASSEDPAWNS:0.506064465656913
CE_PAWNWEAKNESSES:0.5202964058803871
CE_PIECEACTIVITY:0.5032970950874889
CE_KINGPAWNSHIELD:0.4915302768442501
CE_PIECECOORDINATION:0.5098987487251337
CE_MATERIAL:0.5064677763819105
CE_KINGSAFETY:0.49152564929221776
C_PIECESQUARETABLES:0.5046745466977082
C_MOBILITY:0.48972519309123874
C_KINGSAFETY:0.4938407055552789
C_PAWNSTRUCTURE:0.503574960519377
C_PIECECOORDINATION:0.4988036476996017
C_ROOKANDPAWNMOVEMENT:0.4988036476996017
C_CENTERCONTROL:0.48484441586488475
C_DEVELOPPIECES:0.49232354492924085
C_MATERIAL:0.5
