ELO:959
CE_PASSEDPAWNS:0.4781456662643363
CE_PAWNWEAKNESSES:0.49464022830466337
CE_PIECEACTIVITY:0.40778092263667837
CE_KINGPAWNSHIELD:0.6608685545904891
CE_PIECECOORDINATION:0.43062580057688415
CE_MATERIAL:0.5114198286379006
CE_KINGSAFETY:0.5366523809476806
C_PIECESQUARETABLES:0.5021954243071126
C_MOBILITY:0.4000611250662986
C_KINGSAFETY:0.4995905900732428
C_PAWNSTRUCTURE:0.5499105473496562
C_PIECECOORDINATION:0.5413946588262221
C_ROOKANDPAWNMOVEMENT:0.5413946588262221
C_CENTERCONTROL:0.4253252194729767
C_DEVELOPPIECES:0.4087763507399163
C_MATERIAL:0.5568727862092162
