ELO:850
CE_PASSEDPAWNS:0.5572211978818202
CE_PAWNWEAKNESSES:0.47633397918261977
CE_PIECEACTIVITY:0.4790595609011822
CE_KINGPAWNSHIELD:0.5251785784471473
CE_PIECECOORDINATION:0.4348984391558199
CE_MATERIAL:0.4888267921209989
CE_KINGSAFETY:0.48158996819695604
C_PIECESQUARETABLES:0.4605187418761415
C_MOBILITY:0.4648639246085264
C_KINGSAFETY:0.4416453024911288
C_PAWNSTRUCTURE:0.4973297643115092
C_PIECECOORDINATION:0.5254610752649042
C_ROOKANDPAWNMOVEMENT:0.5254610752649042
C_CENTERCONTROL:0.530026551238923
C_DEVELOPPIECES:0.4572493663811817
C_MATERIAL:0.4225527917291419
C_MOVECOUNT:0.5553576921375166
