ELO:997
CE_PASSEDPAWNS:0.4434504629347709
CE_PAWNWEAKNESSES:0.40916305066132214
CE_PIECEACTIVITY:0.4753802495840515
CE_KINGPAWNSHIELD:0.5761051820813561
CE_PIECECOORDINATION:0.47273497472262843
CE_MATERIAL:0.46433837893467766
CE_KINGSAFETY:0.4821467164773727
C_PIECESQUARETABLES:0.5219799873687732
C_MOBILITY:0.44132187442305465
C_KINGSAFETY:0.447491400359842
C_PAWNSTRUCTURE:0.5144779538875932
C_PIECECOORDINATION:0.5942562499831029
C_ROOKANDPAWNMOVEMENT:0.5942562499831029
C_CENTERCONTROL:0.4612068352414778
C_DEVELOPPIECES:0.46686736060890055
C_MATERIAL:0.5257321860219625
