ELO:992
CE_PASSEDPAWNS:0.45161460832772776
CE_PAWNWEAKNESSES:0.510123840800396
CE_PIECEACTIVITY:0.49607332910667307
CE_KINGPAWNSHIELD:0.49437383422439496
CE_PIECECOORDINATION:0.4853263566896502
CE_MATERIAL:0.5229893305076517
CE_KINGSAFETY:0.48852549649322147
C_PIECESQUARETABLES:0.4848991546123228
C_MOBILITY:0.38729536916320534
C_KINGSAFETY:0.4195547132247239
C_PAWNSTRUCTURE:0.4984177319291723
C_PIECECOORDINATION:0.508972463941797
C_ROOKANDPAWNMOVEMENT:0.508972463941797
C_CENTERCONTROL:0.47288997323028875
C_DEVELOPPIECES:0.5329705922407162
C_MATERIAL:0.48239499556525245
