ELO:933
CE_PASSEDPAWNS:0.5257788386372109
CE_PAWNWEAKNESSES:0.5236027868579485
CE_PIECEACTIVITY:0.4664583611602799
CE_KINGPAWNSHIELD:0.47704969376069073
CE_PIECECOORDINATION:0.47486901997084646
CE_MATERIAL:0.4825123111976101
CE_KINGSAFETY:0.48377777920699727
C_PIECESQUARETABLES:0.5160743073174046
C_MOBILITY:0.33323912163431413
C_KINGSAFETY:0.42304662181858627
C_PAWNSTRUCTURE:0.47193464824755377
C_PIECECOORDINATION:0.48330171067574335
C_ROOKANDPAWNMOVEMENT:0.48330171067574335
C_CENTERCONTROL:0.4724007759839422
C_DEVELOPPIECES:0.5007234866176578
C_MATERIAL:0.4391027038686151
