ELO:1031
CE_PASSEDPAWNS:0.5105531546805911
CE_PAWNWEAKNESSES:0.5070842024604231
CE_PIECEACTIVITY:0.4914718395505427
CE_KINGPAWNSHIELD:0.4731053906566993
CE_PIECECOORDINATION:0.5273503149869337
CE_MATERIAL:0.5041278043731872
CE_KINGSAFETY:0.5
C_PIECESQUARETABLES:0.5
C_MOBILITY:0.518517457226229
C_KINGSAFETY:0.49710073663360144
C_PAWNSTRUCTURE:0.5084365287501169
C_PIECECOORDINATION:0.4765832087227855
C_ROOK:0.4650633174525654
CE_ROOK:0.47223245986281115
C_CENTERCONTROL:0.5011855693911038
C_DEVELOPPIECES:0.5254485109542685
C_MATERIAL:0.5252441272845891
C_MOVECOUNT:0.49509957045493014
C_PAWNMOVEMENT:0.5079621491419254
