ELO:940
CE_PASSEDPAWNS:0.4798610734256034
CE_PAWNWEAKNESSES:0.49768015542581134
CE_PIECEACTIVITY:0.40778092263667837
CE_KINGPAWNSHIELD:0.5335246593374297
CE_PIECECOORDINATION:0.4675512327136011
CE_MATERIAL:0.42942372256033606
CE_KINGSAFETY:0.4801799623869476
C_PIECESQUARETABLES:0.5125787285958984
C_MOBILITY:0.5384466283575144
C_KINGSAFETY:0.5056180279978194
C_PAWNSTRUCTURE:0.5499105473496562
C_PIECECOORDINATION:0.5734997388541314
C_ROOKANDPAWNMOVEMENT:0.5734997388541314
C_CENTERCONTROL:0.497149543418266
C_DEVELOPPIECES:0.5179421191401792
C_MATERIAL:0.37325088625436675
