ELO:938
CE_PASSEDPAWNS:0.48283919324840563
CE_PAWNWEAKNESSES:0.5163910805637634
CE_PIECEACTIVITY:0.5120155960754319
CE_KINGPAWNSHIELD:0.4850212660324322
CE_PIECECOORDINATION:0.4682019810412324
CE_MATERIAL:0.4781656754097236
CE_KINGSAFETY:0.48915653772996126
C_PIECESQUARETABLES:0.50956294940635
C_MOBILITY:0.3597973469219908
C_KINGSAFETY:0.42899289906754845
C_PAWNSTRUCTURE:0.49505969553509094
C_PIECECOORDINATION:0.4521454756440538
C_ROOKANDPAWNMOVEMENT:0.4521454756440538
C_CENTERCONTROL:0.4982726667196541
C_DEVELOPPIECES:0.5140310400392302
C_MATERIAL:0.46400454643853983
