ELO:732
CE_PASSEDPAWNS:0.4516185093078743
CE_PAWNWEAKNESSES:0.48723360595016046
CE_PIECEACTIVITY:0.6008683375651416
CE_KINGPAWNSHIELD:0.4904879215871704
CE_PIECECOORDINATION:0.5314220250117732
CE_MATERIAL:0.4938163832883342
CE_KINGSAFETY:0.5217808320928156
C_PIECESQUARETABLES:0.4801444879676049
C_MOBILITY:0.4157253922933064
C_KINGSAFETY:0.37836103735150073
C_PAWNSTRUCTURE:0.5075065398592101
C_PIECECOORDINATION:0.623797178956563
C_ROOKANDPAWNMOVEMENT:0.623797178956563
C_CENTERCONTROL:0.5493070558772533
C_DEVELOPPIECES:0.46248773663254483
C_MATERIAL:0.48835236175024954
C_MOVECOUNT:0.5191793865542683
