ELO:969
CE_PASSEDPAWNS:0.5200348223646748
CE_PAWNWEAKNESSES:0.4758549934309976
CE_PIECEACTIVITY:0.5016245473231088
CE_KINGPAWNSHIELD:0.5223140909451043
CE_PIECECOORDINATION:0.5126856130772789
CE_MATERIAL:0.5226600605010233
CE_KINGSAFETY:0.5
C_PIECESQUARETABLES:0.5
C_MOBILITY:0.5139887119244537
C_KINGSAFETY:0.5113669924744835
C_PAWNSTRUCTURE:0.514253841584186
C_PIECECOORDINATION:0.5214892225183783
C_ROOK:0.487693347783809
CE_ROOK:0.5222310596759884
C_CENTERCONTROL:0.48158387471991765
C_DEVELOPPIECES:0.4842852242165805
C_MATERIAL:0.5113893224894875
C_MOVECOUNT:0.5003199788881134
C_PAWNMOVEMENT:0.4914347561887438
