ELO:1004
CE_PASSEDPAWNS:0.5032413705974919
CE_PAWNWEAKNESSES:0.5124145750350287
CE_PIECEACTIVITY:0.49348509079676967
CE_KINGPAWNSHIELD:0.5
CE_PIECECOORDINATION:0.5
CE_MATERIAL:0.45516040859823526
CE_KINGSAFETY:0.5002893656342264
C_PIECESQUARETABLES:0.5149163754453182
C_MOBILITY:0.5
C_KINGSAFETY:0.49997373436425135
C_PAWNSTRUCTURE:0.5038144659291385
C_PIECECOORDINATION:0.5073435995910985
C_ROOKANDPAWNMOVEMENT:0.5073435995910985
C_CENTERCONTROL:0.5009775541456831
C_DEVELOPPIECES:0.5
C_MATERIAL:0.5
