ELO:980
CE_PASSEDPAWNS:0.5205524984332924
CE_PAWNWEAKNESSES:0.513316102629144
CE_PIECEACTIVITY:0.5195096411465835
CE_KINGPAWNSHIELD:0.49012834169253616
CE_PIECECOORDINATION:0.4800358035880899
CE_MATERIAL:0.4870545933821898
CE_KINGSAFETY:0.5017596647214042
C_PIECESQUARETABLES:0.5
C_MOBILITY:0.500356333767939
C_KINGSAFETY:0.5080026683435823
C_PAWNSTRUCTURE:0.4859267463608704
C_PIECECOORDINATION:0.5019013817528227
C_ROOK:0.5270271279111531
CE_ROOK:0.4935145863291669
C_CENTERCONTROL:0.46593201512716276
C_DEVELOPPIECES:0.5010174920433583
C_MATERIAL:0.5080779541184974
C_MOVECOUNT:0.49281771059801355
C_PAWNMOVEMENT:0.4904887818011541
