ELO:949
CE_PASSEDPAWNS:0.4621062730735345
CE_PAWNWEAKNESSES:0.46765017101652123
CE_PIECEACTIVITY:0.4211585843996542
CE_KINGPAWNSHIELD:0.6563788197887142
CE_PIECECOORDINATION:0.44060581339760857
CE_MATERIAL:0.5258990141892017
CE_KINGSAFETY:0.5238080074919506
C_PIECESQUARETABLES:0.5022904785243731
C_MOBILITY:0.4082608677893295
C_KINGSAFETY:0.49152417721160696
C_PAWNSTRUCTURE:0.5379504819702476
C_PIECECOORDINATION:0.539453758516637
C_ROOKANDPAWNMOVEMENT:0.539453758516637
C_CENTERCONTROL:0.4214400578323499
C_DEVELOPPIECES:0.43104849935948947
C_MATERIAL:0.5602873435460529
