ELO:967
CE_PASSEDPAWNS:0.4587283308533141
CE_PAWNWEAKNESSES:0.4314337106832175
CE_PIECEACTIVITY:0.43204389476519256
CE_KINGPAWNSHIELD:0.6810545454136958
CE_PIECECOORDINATION:0.42493488924384654
CE_MATERIAL:0.5105057333725088
CE_KINGSAFETY:0.4972424724649385
C_PIECESQUARETABLES:0.5041069966681204
C_MOBILITY:0.419070455422452
C_KINGSAFETY:0.4632012306024921
C_PAWNSTRUCTURE:0.5388324909219244
C_PIECECOORDINATION:0.5305961948541126
C_ROOKANDPAWNMOVEMENT:0.5305961948541126
C_CENTERCONTROL:0.4504814728875037
C_DEVELOPPIECES:0.4550685237934357
C_MATERIAL:0.5462857163279928
