ELO:977
CE_PASSEDPAWNS:0.460410233956122
CE_PAWNWEAKNESSES:0.41458270219788307
CE_PIECEACTIVITY:0.4080716237726241
CE_KINGPAWNSHIELD:0.46257246588285117
CE_PIECECOORDINATION:0.39422041177509864
CE_MATERIAL:0.5041311793932287
CE_KINGSAFETY:0.49024227733638875
C_PIECESQUARETABLES:0.4953079037083692
C_MOBILITY:0.48237690321634985
C_KINGSAFETY:0.4335252605177015
C_PAWNSTRUCTURE:0.5098908067036402
C_PIECECOORDINATION:0.46874096854930347
C_ROOKANDPAWNMOVEMENT:0.46874096854930347
C_CENTERCONTROL:0.5599760572023207
C_DEVELOPPIECES:0.5536608891587695
C_MATERIAL:0.4873985637519794
