ELO:988
CE_PASSEDPAWNS:0.4997429402252358
CE_PAWNWEAKNESSES:0.4509288532320944
CE_PIECEACTIVITY:0.4204479550284931
CE_KINGPAWNSHIELD:0.5326772346438269
CE_PIECECOORDINATION:0.49204345267756355
CE_MATERIAL:0.5088858722939015
CE_KINGSAFETY:0.4889990227375577
C_PIECESQUARETABLES:0.48570517838251864
C_MOBILITY:0.43959063551738986
C_KINGSAFETY:0.44940773071181445
C_PAWNSTRUCTURE:0.5876769297893645
C_PIECECOORDINATION:0.42712954658200525
C_ROOKANDPAWNMOVEMENT:0.42712954658200525
C_CENTERCONTROL:0.4527879546172826
C_DEVELOPPIECES:0.4837348437767694
C_MATERIAL:0.5212571831749971
