ELO:1044
CE_PASSEDPAWNS:0.5534525701089442
CE_PAWNWEAKNESSES:0.5
CE_PIECEACTIVITY:0.5021165956769557
CE_KINGPAWNSHIELD:0.44163490662974564
CE_PIECECOORDINATION:0.550459832242452
CE_MATERIAL:0.49735430658636265
CE_KINGSAFETY:0.5
C_PIECESQUARETABLES:0.5
C_MOBILITY:0.5014908781716709
C_KINGSAFETY:0.5252171715570149
C_PAWNSTRUCTURE:0.47069581632315793
C_PIECECOORDINATION:0.4461542199662135
C_ROOKANDPAWNMOVEMENT:0.4461542199662135
C_CENTERCONTROL:0.46752981485419226
C_DEVELOPPIECES:0.5
C_MATERIAL:0.49789447213421595
C_MOVECOUNT:0.5
