ELO:1006
CE_PASSEDPAWNS:0.5106639860858612
CE_PAWNWEAKNESSES:0.5
CE_PIECEACTIVITY:0.5070252111612353
CE_KINGPAWNSHIELD:0.5180713537772652
CE_PIECECOORDINATION:0.49971575179902356
CE_MATERIAL:0.4932431865702203
CE_KINGSAFETY:0.5014194689022022
C_PIECESQUARETABLES:0.4785979352010228
C_MOBILITY:0.5008991869746834
C_KINGSAFETY:0.5029205509323197
C_PAWNSTRUCTURE:0.5033272344249488
C_PIECECOORDINATION:0.5025718843344048
C_ROOKANDPAWNMOVEMENT:0.5025718843344048
C_CENTERCONTROL:0.5051544552533269
C_DEVELOPPIECES:0.5
C_MATERIAL:0.49357988721692536
