ELO:986
CE_PASSEDPAWNS:0.49782454464070824
CE_PAWNWEAKNESSES:0.5
CE_PIECEACTIVITY:0.5026364214085915
CE_KINGPAWNSHIELD:0.5049010087540686
CE_PIECECOORDINATION:0.5
CE_MATERIAL:0.49458742056693117
CE_KINGSAFETY:0.5
C_PIECESQUARETABLES:0.5065697524665222
C_MOBILITY:0.5
C_KINGSAFETY:0.5099567433340806
C_PAWNSTRUCTURE:0.5036587938941226
C_PIECECOORDINATION:0.5087708163024937
C_ROOKANDPAWNMOVEMENT:0.5087708163024937
C_CENTERCONTROL:0.5057237998614944
C_DEVELOPPIECES:0.48170779698418925
C_MATERIAL:0.49498824794563173
C_MOVECOUNT:0.5008197548657596
