ELO:1000
CE_PASSEDPAWNS:0.5006958790064304
CE_PAWNWEAKNESSES:0.4473967887339682
CE_PIECEACTIVITY:0.4390848062561347
CE_KINGPAWNSHIELD:0.4993802103963948
CE_PIECECOORDINATION:0.4796164892695105
CE_MATERIAL:0.506502610551715
CE_KINGSAFETY:0.48925839436344687
C_PIECESQUARETABLES:0.4949437637101615
C_MOBILITY:0.4907807708670646
C_KINGSAFETY:0.4832454289198683
C_PAWNSTRUCTURE:0.4942109292907145
C_PIECECOORDINATION:0.4915005571033908
C_ROOKANDPAWNMOVEMENT:0.4915005571033908
C_CENTERCONTROL:0.5141650884193305
C_DEVELOPPIECES:0.5403040746712133
C_MATERIAL:0.5059992642950984
