ELO:1014
CE_PASSEDPAWNS:0.5
CE_PAWNWEAKNESSES:0.5054600295286236
CE_PIECEACTIVITY:0.49137003801157475
CE_KINGPAWNSHIELD:0.5114377634054479
CE_PIECECOORDINATION:0.5
CE_MATERIAL:0.4905217738808164
CE_KINGSAFETY:0.5060920381377371
C_PIECESQUARETABLES:0.48584838730676855
C_MOBILITY:0.5158179371170926
C_KINGSAFETY:0.4943147151589058
C_PAWNSTRUCTURE:0.5034315612914325
C_PIECECOORDINATION:0.47101168221032813
C_ROOKANDPAWNMOVEMENT:0.47101168221032813
C_CENTERCONTROL:0.5101038378540457
C_DEVELOPPIECES:0.508690629951446
C_MATERIAL:0.5005938528640914
C_MOVECOUNT:0.5
