ELO:1040
CE_PASSEDPAWNS:0.5
CE_PAWNWEAKNESSES:0.5
CE_PIECEACTIVITY:0.5114286527586196
CE_KINGPAWNSHIELD:0.5
CE_PIECECOORDINATION:0.5110331606320045
CE_MATERIAL:0.5034195383257487
CE_KINGSAFETY:0.495960494410644
C_PIECESQUARETABLES:0.5003613130123882
C_MOBILITY:0.5009597381342237
C_KINGSAFETY:0.4884266206660452
C_PAWNSTRUCTURE:0.48300879416231207
C_PIECECOORDINATION:0.5052518913095124
C_ROOKANDPAWNMOVEMENT:0.5052518913095124
C_CENTERCONTROL:0.5
C_DEVELOPPIECES:0.5
C_MATERIAL:0.5
