ELO:980
CE_PASSEDPAWNS:0.5195675997873676
CE_PAWNWEAKNESSES:0.5171210859737965
CE_PIECEACTIVITY:0.49962132186696984
CE_KINGPAWNSHIELD:0.49852268738518224
CE_PIECECOORDINATION:0.4926517870056382
CE_MATERIAL:0.47263860955570275
CE_KINGSAFETY:0.5031791202829277
C_PIECESQUARETABLES:0.5022275357236262
C_MOBILITY:0.4985175239714874
C_KINGSAFETY:0.5038573775706418
C_PAWNSTRUCTURE:0.4888461959390988
C_PIECECOORDINATION:0.4838226120545283
C_ROOK:0.5202694186962842
CE_ROOK:0.5292476418616322
C_CENTERCONTROL:0.5201401273724038
C_DEVELOPPIECES:0.48845118510518165
C_MATERIAL:0.5564588301946396
C_MOVECOUNT:0.48961849347721903
C_PAWNMOVEMENT:0.5013557594013393
