ELO:1073
CE_PASSEDPAWNS:0.5
CE_PAWNWEAKNESSES:0.5179220595817046
CE_PIECEACTIVITY:0.5227669629064545
CE_KINGPAWNSHIELD:0.4975286434938581
CE_PIECECOORDINATION:0.501117678115626
CE_MATERIAL:0.49864703125296794
CE_KINGSAFETY:0.4971532507084022
C_PIECESQUARETABLES:0.5
C_MOBILITY:0.49168380394567035
C_KINGSAFETY:0.5
C_PAWNSTRUCTURE:0.48838242693519024
C_PIECECOORDINATION:0.5
C_ROOKANDPAWNMOVEMENT:0.5
C_CENTERCONTROL:0.49789748194544314
C_DEVELOPPIECES:0.5013424367977455
C_MATERIAL:0.49945570779143555
