ELO:1010
CE_PASSEDPAWNS:0.49827195436284993
CE_PAWNWEAKNESSES:0.490528264246406
CE_PIECEACTIVITY:0.48880505995634643
CE_KINGPAWNSHIELD:0.5
CE_PIECECOORDINATION:0.5
CE_MATERIAL:0.5
CE_KINGSAFETY:0.5
C_PIECESQUARETABLES:0.5
C_MOBILITY:0.4921476726994024
C_KINGSAFETY:0.49710283470903255
C_PAWNSTRUCTURE:0.5400144083944399
C_PIECECOORDINATION:0.5
C_ROOKANDPAWNMOVEMENT:0.5
C_CENTERCONTROL:0.5
C_DEVELOPPIECES:0.5
C_MATERIAL:0.47931317834585113
C_MOVECOUNT:0.4975085136025739
