ELO:950
CE_PASSEDPAWNS:0.5210889558397225
CE_PAWNWEAKNESSES:0.515197168888448
CE_PIECEACTIVITY:0.5029948198268129
CE_KINGPAWNSHIELD:0.518108584049907
CE_PIECECOORDINATION:0.4944939177065474
CE_MATERIAL:0.5056805311639865
CE_KINGSAFETY:0.49881369868545034
C_PIECESQUARETABLES:0.5065490812430101
C_MOBILITY:0.4959896800803977
C_KINGSAFETY:0.5243629928301836
C_PAWNSTRUCTURE:0.5026969934455671
C_PIECECOORDINATION:0.47815776294569945
C_ROOK:0.47063807238506267
CE_ROOK:0.5113715414667809
C_CENTERCONTROL:0.5267381159979574
C_DEVELOPPIECES:0.5014715689754387
C_MATERIAL:0.524610100381064
C_MOVECOUNT:0.473941021220469
C_PAWNMOVEMENT:0.4993048673574835
