ELO:1016
CE_PASSEDPAWNS:0.5337129652367852
CE_PAWNWEAKNESSES:0.5137000674076087
CE_PIECEACTIVITY:0.494607223762921
CE_KINGPAWNSHIELD:0.5279090192004531
CE_PIECECOORDINATION:0.4500920949038254
CE_MATERIAL:0.5513308972176172
CE_KINGSAFETY:0.5092026100151132
C_PIECESQUARETABLES:0.4869409321198212
C_MOBILITY:0.5179170789754786
C_KINGSAFETY:0.5145270061360149
C_PAWNSTRUCTURE:0.5292658309597715
C_PIECECOORDINATION:0.4638988262262215
C_ROOKANDPAWNMOVEMENT:0.4638988262262215
C_CENTERCONTROL:0.44180925621889355
C_DEVELOPPIECES:0.4475432600628468
C_MATERIAL:0.4682565851464853
