ELO:1000
CE_PASSEDPAWNS:0.5091029547615086
CE_PAWNWEAKNESSES:0.4969683303422545
CE_PIECEACTIVITY:0.5086777775500938
CE_KINGPAWNSHIELD:0.5055150075903215
CE_PIECECOORDINATION:0.4990455716375335
CE_MATERIAL:0.4896105235713265
CE_KINGSAFETY:0.5009106954034559
C_PIECESQUARETABLES:0.5027895291004572
C_MOBILITY:0.501861381603628
C_KINGSAFETY:0.507101293530396
C_PAWNSTRUCTURE:0.4894806316776957
C_PIECECOORDINATION:0.5045280147497945
C_ROOK:0.4938459765627552
CE_ROOK:0.5
C_CENTERCONTROL:0.49393772640271427
C_DEVELOPPIECES:0.4892933266035647
C_MATERIAL:0.5005313787037516
C_MOVECOUNT:0.4953398876579381
C_PAWNMOVEMENT:0.5052369739698577
