ELO:1074
CE_PASSEDPAWNS:0.495656146588489
CE_PAWNWEAKNESSES:0.43662067284621664
CE_PIECEACTIVITY:0.4732412639064044
CE_KINGPAWNSHIELD:0.5028713823921754
CE_PIECECOORDINATION:0.5045457043630838
CE_MATERIAL:0.5580156684893838
CE_KINGSAFETY:0.5
C_PIECESQUARETABLES:0.5
C_MOBILITY:0.5
C_KINGSAFETY:0.5768060522820262
C_PAWNSTRUCTURE:0.4654827010940101
C_PIECECOORDINATION:0.45750681799121495
C_ROOKANDPAWNMOVEMENT:0.45750681799121495
C_CENTERCONTROL:0.4708432329538287
C_DEVELOPPIECES:0.41673393355495664
C_MATERIAL:0.5025020938627188
C_MOVECOUNT:0.5
