ELO:1002
CE_PASSEDPAWNS:0.542094342485254
CE_PAWNWEAKNESSES:0.5158538814199061
CE_PIECEACTIVITY:0.5038421339517635
CE_KINGPAWNSHIELD:0.5121446302366321
CE_PIECECOORDINATION:0.4926517870056382
CE_MATERIAL:0.5150623562354972
CE_KINGSAFETY:0.5
C_PIECESQUARETABLES:0.5
C_MOBILITY:0.4932253348475954
C_KINGSAFETY:0.5012541787486609
C_PAWNSTRUCTURE:0.5041285841688342
C_PIECECOORDINATION:0.47321133777068014
C_ROOK:0.46269784353553245
CE_ROOK:0.49556302697218296
C_CENTERCONTROL:0.5137727701508964
C_DEVELOPPIECES:0.4964410949605239
C_MATERIAL:0.538445104987641
C_MOVECOUNT:0.48211362985477973
C_PAWNMOVEMENT:0.4983276042700641
