ELO:950
CE_PASSEDPAWNS:0.5157469401376145
CE_PAWNWEAKNESSES:0.47986306590953703
CE_PIECEACTIVITY:0.5172000560942474
CE_KINGPAWNSHIELD:0.516701176453507
CE_PIECECOORDINATION:0.477587128881185
CE_MATERIAL:0.49138527328481857
CE_KINGSAFETY:0.5228927593015132
C_PIECESQUARETABLES:0.503333366037668
C_MOBILITY:0.5050452170395985
C_KINGSAFETY:0.5051029086723731
C_PAWNSTRUCTURE:0.4582793676575985
C_PIECECOORDINATION:0.509581392339815
C_ROOKANDPAWNMOVEMENT:0.509581392339815
C_CENTERCONTROL:0.5008702623272604
C_DEVELOPPIECES:0.5195953190135852
C_MATERIAL:0.5062881898029142
C_MOVECOUNT:0.5
