ELO:1000
CE_PASSEDPAWNS:0.504489315648625
CE_PAWNWEAKNESSES:0.500481193008127
CE_PIECEACTIVITY:0.47992737539986385
CE_KINGPAWNSHIELD:0.5207473172927146
CE_PIECECOORDINATION:0.4893251269062167
CE_MATERIAL:0.5075479588104193
CE_KINGSAFETY:0.49290877938003663
C_PIECESQUARETABLES:0.49437021595304015
C_MOBILITY:0.47789454015362925
C_KINGSAFETY:0.484399322696253
C_PAWNSTRUCTURE:0.4858291362535219
C_PIECECOORDINATION:0.5129906921441125
C_ROOKANDPAWNMOVEMENT:0.5129906921441125
C_CENTERCONTROL:0.5065692407858761
C_DEVELOPPIECES:0.5124027875695606
C_MATERIAL:0.4986077193624837
