ELO:1102
CE_PASSEDPAWNS:0.4948427292618502
CE_PAWNWEAKNESSES:0.436106372196819
CE_PIECEACTIVITY:0.5099979087104214
CE_KINGPAWNSHIELD:0.5173946553566114
CE_PIECECOORDINATION:0.50779366971585
CE_MATERIAL:0.5055460193386794
CE_KINGSAFETY:0.5
C_PIECESQUARETABLES:0.4994718319130074
C_MOBILITY:0.5118440828964529
C_KINGSAFETY:0.6170932784112692
C_PAWNSTRUCTURE:0.5091220547528964
C_PIECECOORDINATION:0.5
C_ROOKANDPAWNMOVEMENT:0.5
C_CENTERCONTROL:0.5722287111439939
C_DEVELOPPIECES:0.5096379307570734
C_MATERIAL:0.5
C_MOVECOUNT:0.5
