ELO:898
CE_PASSEDPAWNS:0.43340636616687983
CE_PAWNWEAKNESSES:0.4479688033171519
CE_PIECEACTIVITY:0.4270093418863726
CE_KINGPAWNSHIELD:0.46270741346162136
CE_PIECECOORDINATION:0.3592663190433296
CE_MATERIAL:0.512172660910243
CE_KINGSAFETY:0.4342668676298171
C_PIECESQUARETABLES:0.501992125860218
C_MOBILITY:0.49164678746148743
C_KINGSAFETY:0.47321048702474144
C_PAWNSTRUCTURE:0.49826259028774167
C_PIECECOORDINATION:0.5422391300800484
C_ROOKANDPAWNMOVEMENT:0.5422391300800484
C_CENTERCONTROL:0.5677402006969579
C_DEVELOPPIECES:0.4678985786061772
C_MATERIAL:0.49917375757641536
