ELO:989
CE_PASSEDPAWNS:0.4815972389792419
CE_PAWNWEAKNESSES:0.47111272560645384
CE_PIECEACTIVITY:0.4256661740889599
CE_KINGPAWNSHIELD:0.5245896466333133
CE_PIECECOORDINATION:0.45677614375368325
CE_MATERIAL:0.49463808577137675
CE_KINGSAFETY:0.4872975898210052
C_PIECESQUARETABLES:0.48330657352680606
C_MOBILITY:0.43526939887667976
C_KINGSAFETY:0.4496169832459754
C_PAWNSTRUCTURE:0.5624031882788393
C_PIECECOORDINATION:0.4525768355099348
C_ROOKANDPAWNMOVEMENT:0.4525768355099348
C_CENTERCONTROL:0.44851101748022676
C_DEVELOPPIECES:0.47306175201532097
C_MATERIAL:0.5094208025838468
