ELO:988
CE_PASSEDPAWNS:0.5030883972405003
CE_PAWNWEAKNESSES:0.45362681252841036
CE_PIECEACTIVITY:0.44115828132159257
CE_KINGPAWNSHIELD:0.5252428988931909
CE_PIECECOORDINATION:0.48653680543695926
CE_MATERIAL:0.5070305563397317
CE_KINGSAFETY:0.4889990227375577
C_PIECESQUARETABLES:0.48688741724159107
C_MOBILITY:0.44393237261280305
C_KINGSAFETY:0.42985388829750465
C_PAWNSTRUCTURE:0.6000451607638458
C_PIECECOORDINATION:0.42424450521148993
C_ROOKANDPAWNMOVEMENT:0.42424450521148993
C_CENTERCONTROL:0.42832126574267865
C_DEVELOPPIECES:0.48686573375057113
C_MATERIAL:0.5193268178676932
