ELO:988
CE_PASSEDPAWNS:0.49053387799955545
CE_PAWNWEAKNESSES:0.45384221939587466
CE_PIECEACTIVITY:0.437718755173395
CE_KINGPAWNSHIELD:0.5069184810309484
CE_PIECECOORDINATION:0.49836783517828703
CE_MATERIAL:0.4988944204309667
CE_KINGSAFETY:0.4889990227375577
C_PIECESQUARETABLES:0.4869313581833474
C_MOBILITY:0.430905828900568
C_KINGSAFETY:0.4352011614424553
C_PAWNSTRUCTURE:0.6117372606584581
C_PIECECOORDINATION:0.4316384865626725
C_ROOKANDPAWNMOVEMENT:0.4316384865626725
C_CENTERCONTROL:0.43522306091514923
C_DEVELOPPIECES:0.48983576383188415
C_MATERIAL:0.5072818832301936
