ELO:765
CE_PASSEDPAWNS:0.40014271342611857
CE_PAWNWEAKNESSES:0.43867550828272917
CE_PIECEACTIVITY:0.5398610959674712
CE_KINGPAWNSHIELD:0.5000858085550274
CE_PIECECOORDINATION:0.5324795591253518
CE_MATERIAL:0.4868418071818439
CE_KINGSAFETY:0.5262641920334532
C_PIECESQUARETABLES:0.49857120106605557
C_MOBILITY:0.5096279962766934
C_KINGSAFETY:0.5850633156885727
C_PAWNSTRUCTURE:0.5136604359725526
C_PIECECOORDINATION:0.5657475356199436
C_ROOKANDPAWNMOVEMENT:0.5657475356199436
C_CENTERCONTROL:0.5200456939412058
C_DEVELOPPIECES:0.5122675981414044
C_MATERIAL:0.5443536869644511
C_MOVECOUNT:0.5441713094752451
