ELO:927
CE_PASSEDPAWNS:0.5194825088642284
CE_PAWNWEAKNESSES:0.46154437542761134
CE_PIECEACTIVITY:0.4278034153438714
CE_KINGPAWNSHIELD:0.47274554647592815
CE_PIECECOORDINATION:0.4568296510875208
CE_MATERIAL:0.5162552765044204
CE_KINGSAFETY:0.5078760033822998
C_PIECESQUARETABLES:0.4993490805624485
C_MOBILITY:0.44367602226948827
C_KINGSAFETY:0.4442800174340814
C_PAWNSTRUCTURE:0.6721684274653265
C_PIECECOORDINATION:0.44538186246149913
C_ROOKANDPAWNMOVEMENT:0.44538186246149913
C_CENTERCONTROL:0.3654040756446276
C_DEVELOPPIECES:0.481657213111006
C_MATERIAL:0.5233447352194496
