ELO:1124
CE_PASSEDPAWNS:0.45396340128662827
CE_PAWNWEAKNESSES:0.4415637372644996
CE_PIECEACTIVITY:0.4892622587797301
CE_KINGPAWNSHIELD:0.44731962251588964
CE_PIECECOORDINATION:0.5596212806240942
CE_MATERIAL:0.5580156684893838
CE_KINGSAFETY:0.5793465654345018
C_PIECESQUARETABLES:0.5186932374722297
C_MOBILITY:0.5118440828964529
C_KINGSAFETY:0.5592936925462394
C_PAWNSTRUCTURE:0.5080946331062439
C_PIECECOORDINATION:0.4890164371698547
C_ROOKANDPAWNMOVEMENT:0.4890164371698547
C_CENTERCONTROL:0.48378495871307964
C_DEVELOPPIECES:0.5
C_MATERIAL:0.5171288501257149
C_MOVECOUNT:0.5
