ELO:984
CE_PASSEDPAWNS:0.5524051687786036
CE_PAWNWEAKNESSES:0.5158204099871017
CE_PIECEACTIVITY:0.5096751905091116
CE_KINGPAWNSHIELD:0.506094081682417
CE_PIECECOORDINATION:0.4889165545014354
CE_MATERIAL:0.5132111410526357
CE_KINGSAFETY:0.5
C_PIECESQUARETABLES:0.5
C_MOBILITY:0.5136202729169321
C_KINGSAFETY:0.525636592926838
C_PAWNSTRUCTURE:0.4683645113919039
C_PIECECOORDINATION:0.487616982596901
C_ROOK:0.4666633880351119
CE_ROOK:0.5341796477795272
C_CENTERCONTROL:0.526919927314315
C_DEVELOPPIECES:0.5116790496228046
C_MATERIAL:0.49469357712805306
C_MOVECOUNT:0.47267920689212456
C_PAWNMOVEMENT:0.5238971052422602
