ELO:1105
CE_PASSEDPAWNS:0.4948427292618502
CE_PAWNWEAKNESSES:0.4415637372644996
CE_PIECEACTIVITY:0.5080142235641132
CE_KINGPAWNSHIELD:0.44731962251588964
CE_PIECECOORDINATION:0.5071775712242115
CE_MATERIAL:0.5045394290582833
CE_KINGSAFETY:0.5
C_PIECESQUARETABLES:0.5
C_MOBILITY:0.5006433490325032
C_KINGSAFETY:0.6170932784112692
C_PAWNSTRUCTURE:0.5
C_PIECECOORDINATION:0.49788892830400977
C_ROOKANDPAWNMOVEMENT:0.49788892830400977
C_CENTERCONTROL:0.49219378961367505
C_DEVELOPPIECES:0.5042637193257786
C_MATERIAL:0.5159713924265926
C_MOVECOUNT:0.5
