ELO:995
CE_PASSEDPAWNS:0.5325441298489959
CE_PAWNWEAKNESSES:0.513643864055673
CE_PIECEACTIVITY:0.49419013747801527
CE_KINGPAWNSHIELD:0.49852268738518224
CE_PIECECOORDINATION:0.4926517870056382
CE_MATERIAL:0.5053204903610212
CE_KINGSAFETY:0.5031791202829277
C_PIECESQUARETABLES:0.5022275357236262
C_MOBILITY:0.4932253348475954
C_KINGSAFETY:0.5012541787486609
C_PAWNSTRUCTURE:0.4629859671466872
C_PIECECOORDINATION:0.4954090052352981
C_ROOK:0.47398727943666263
CE_ROOK:0.5292476418616322
C_CENTERCONTROL:0.5246767743955559
C_DEVELOPPIECES:0.5135460006079787
C_MATERIAL:0.5564588301946396
C_MOVECOUNT:0.48961849347721903
C_PAWNMOVEMENT:0.5013557594013393
