ELO:1000
CE_PASSEDPAWNS:0.5011651444194425
CE_PAWNWEAKNESSES:0.49025235288284214
CE_PIECEACTIVITY:0.4826204131678585
CE_KINGPAWNSHIELD:0.5224295277644292
CE_PIECECOORDINATION:0.5004097770252779
CE_MATERIAL:0.5029978819438089
CE_KINGSAFETY:0.49834235429247165
C_PIECESQUARETABLES:0.4888687958276516
C_MOBILITY:0.47792564496069273
C_KINGSAFETY:0.4917348920824107
C_PAWNSTRUCTURE:0.48395556215154645
C_PIECECOORDINATION:0.4878883475322294
C_ROOKANDPAWNMOVEMENT:0.4878883475322294
C_CENTERCONTROL:0.5033641441845979
C_DEVELOPPIECES:0.5124027875695606
C_MATERIAL:0.4981398496303374
