ELO:953
CE_PASSEDPAWNS:0.5014145098488012
CE_PAWNWEAKNESSES:0.47462725974750875
CE_PIECEACTIVITY:0.43806117334408246
CE_KINGPAWNSHIELD:0.4923366862208281
CE_PIECECOORDINATION:0.48329878862818315
CE_MATERIAL:0.5079161816024549
CE_KINGSAFETY:0.5150436073521174
C_PIECESQUARETABLES:0.5104725175402722
C_MOBILITY:0.4571773356291231
C_KINGSAFETY:0.4459345325410156
C_PAWNSTRUCTURE:0.6038349809820357
C_PIECECOORDINATION:0.43309579000469656
C_ROOKANDPAWNMOVEMENT:0.43309579000469656
C_CENTERCONTROL:0.4213913022841492
C_DEVELOPPIECES:0.4764066590504579
C_MATERIAL:0.4903249455236788
