ELO:855
CE_PASSEDPAWNS:0.4851289434910631
CE_PAWNWEAKNESSES:0.35613630964454673
CE_PIECEACTIVITY:0.5069080964853381
CE_KINGPAWNSHIELD:0.4931279155900227
CE_PIECECOORDINATION:0.5378313417685912
CE_MATERIAL:0.4653350020887439
CE_KINGSAFETY:0.5170668581792257
C_PIECESQUARETABLES:0.5
C_MOBILITY:0.46731167507145505
C_KINGSAFETY:0.5668140988523804
C_PAWNSTRUCTURE:0.49677837792812624
C_PIECECOORDINATION:0.5476328157082614
C_ROOKANDPAWNMOVEMENT:0.5476328157082614
C_CENTERCONTROL:0.6118811846811542
C_DEVELOPPIECES:0.5688192205446008
C_MATERIAL:0.5171288501257149
C_MOVECOUNT:0.5213302686957403
