ELO:981
CE_PASSEDPAWNS:0.47714960288536884
CE_PAWNWEAKNESSES:0.436202383668827
CE_PIECEACTIVITY:0.4157469948034943
CE_KINGPAWNSHIELD:0.4803553180166976
CE_PIECECOORDINATION:0.3907544806989719
CE_MATERIAL:0.475873329236786
CE_KINGSAFETY:0.49417487369975116
C_PIECESQUARETABLES:0.48913267923710857
C_MOBILITY:0.49568401121704164
C_KINGSAFETY:0.4219791531085864
C_PAWNSTRUCTURE:0.5109844694360144
C_PIECECOORDINATION:0.48907314626543813
C_ROOKANDPAWNMOVEMENT:0.48907314626543813
C_CENTERCONTROL:0.5569456935168221
C_DEVELOPPIECES:0.5631725469148862
C_MATERIAL:0.4858490767550523
