ELO:872
CE_PASSEDPAWNS:0.46225421664947897
CE_PAWNWEAKNESSES:0.4587223780816391
CE_PIECEACTIVITY:0.5004436865930373
CE_KINGPAWNSHIELD:0.5697574242542497
CE_PIECECOORDINATION:0.6039683971112662
CE_MATERIAL:0.41465263367727057
CE_KINGSAFETY:0.49207314539473695
C_PIECESQUARETABLES:0.47899623950564374
C_MOBILITY:0.5527648258498422
C_KINGSAFETY:0.49460198460455146
C_PAWNSTRUCTURE:0.4564540982766106
C_PIECECOORDINATION:0.42852062530412544
C_ROOKANDPAWNMOVEMENT:0.42852062530412544
C_CENTERCONTROL:0.46998457049337294
C_DEVELOPPIECES:0.4833988766591193
C_MATERIAL:0.575017346708315
