ELO:1091
CE_PASSEDPAWNS:0.48309096867150547
CE_PAWNWEAKNESSES:0.5048028397685468
CE_PIECEACTIVITY:0.5293945123132778
CE_KINGPAWNSHIELD:0.539380338680297
CE_PIECECOORDINATION:0.5095072935218928
CE_MATERIAL:0.5347047193315649
CE_KINGSAFETY:0.5
C_PIECESQUARETABLES:0.5
C_MOBILITY:0.5227632607881241
C_KINGSAFETY:0.5368657758117246
C_PAWNSTRUCTURE:0.528271485515296
C_PIECECOORDINATION:0.41887958169099804
C_ROOKANDPAWNMOVEMENT:0.41887958169099804
C_CENTERCONTROL:0.46604785226289636
C_DEVELOPPIECES:0.4561110614391536
C_MATERIAL:0.4928027062000042
C_MOVECOUNT:0.5
