ELO:931
CE_PASSEDPAWNS:0.5038474134245708
CE_PAWNWEAKNESSES:0.4845204902951283
CE_PIECEACTIVITY:0.49698207433162134
CE_KINGPAWNSHIELD:0.4694901583222719
CE_PIECECOORDINATION:0.46722217404978805
CE_MATERIAL:0.4829891152628101
CE_KINGSAFETY:0.4747997249556936
C_PIECESQUARETABLES:0.49097207915021585
C_MOBILITY:0.5555475338243006
C_KINGSAFETY:0.511432500655553
C_PAWNSTRUCTURE:0.53774564514394
C_PIECECOORDINATION:0.47907451474706547
C_ROOKANDPAWNMOVEMENT:0.47907451474706547
C_CENTERCONTROL:0.5013914579493
C_DEVELOPPIECES:0.5040704286156188
C_MATERIAL:0.5311004161917546
C_MOVECOUNT:0.5114455794046758
