ELO:998
CE_PASSEDPAWNS:0.5239195924124728
CE_PAWNWEAKNESSES:0.4849909284045299
CE_PIECEACTIVITY:0.5090679007015985
CE_KINGPAWNSHIELD:0.48644140511538514
CE_PIECECOORDINATION:0.5
CE_MATERIAL:0.5059029460307441
CE_KINGSAFETY:0.5081582067285191
C_PIECESQUARETABLES:0.5
C_MOBILITY:0.5094865131385178
C_KINGSAFETY:0.47660343581432973
C_PAWNSTRUCTURE:0.5
C_PIECECOORDINATION:0.5111427627140447
C_ROOKANDPAWNMOVEMENT:0.5111427627140447
C_CENTERCONTROL:0.505171138184534
C_DEVELOPPIECES:0.5049113412731208
C_MATERIAL:0.5146896347955424
C_MOVECOUNT:0.5
