ELO:1000
CE_PASSEDPAWNS:0.5101620061756803
CE_PAWNWEAKNESSES:0.4867605232156297
CE_PIECEACTIVITY:0.4569987997750283
CE_KINGPAWNSHIELD:0.5184977686289931
CE_PIECECOORDINATION:0.5182907673862742
CE_MATERIAL:0.5386413618450203
CE_KINGSAFETY:0.4948452072536817
C_PIECESQUARETABLES:0.5164770095363462
C_MOBILITY:0.4833607346172723
C_KINGSAFETY:0.4703472691947404
C_PAWNSTRUCTURE:0.4764806430642563
C_PIECECOORDINATION:0.5126091452285385
C_ROOKANDPAWNMOVEMENT:0.5126091452285385
C_CENTERCONTROL:0.4913759806630846
C_DEVELOPPIECES:0.5305108991005952
C_MATERIAL:0.5088422105874361
