ELO:1101
CE_PASSEDPAWNS:0.5104446768667571
CE_PAWNWEAKNESSES:0.49986583336062734
CE_PIECEACTIVITY:0.45467779174442374
CE_KINGPAWNSHIELD:0.49239483193018807
CE_PIECECOORDINATION:0.5033727516818475
CE_MATERIAL:0.49735430658636265
CE_KINGSAFETY:0.5
C_PIECESQUARETABLES:0.5
C_MOBILITY:0.48526123344429195
C_KINGSAFETY:0.6170932784112692
C_PAWNSTRUCTURE:0.4894819432726565
C_PIECECOORDINATION:0.4516818661677615
C_ROOKANDPAWNMOVEMENT:0.4516818661677615
C_CENTERCONTROL:0.4764889441820766
C_DEVELOPPIECES:0.45278271750991633
C_MATERIAL:0.5029686955030372
C_MOVECOUNT:0.5
