ELO:1061
CE_PASSEDPAWNS:0.6632876797894333
CE_PAWNWEAKNESSES:0.4578566877684837
CE_PIECEACTIVITY:0.45293069199891106
CE_KINGPAWNSHIELD:0.4371907629582101
CE_PIECECOORDINATION:0.4652384576642571
CE_MATERIAL:0.44685285654175555
CE_KINGSAFETY:0.4934939865881327
C_PIECESQUARETABLES:0.523317821746699
C_MOBILITY:0.5522793629016975
C_KINGSAFETY:0.5079483236443971
C_PAWNSTRUCTURE:0.4176761879641097
C_PIECECOORDINATION:0.4612850577273462
C_ROOKANDPAWNMOVEMENT:0.4612850577273462
C_CENTERCONTROL:0.5457166598077414
C_DEVELOPPIECES:0.6308786544168988
C_MATERIAL:0.40442480773459183
