ELO:981
CE_PASSEDPAWNS:0.48375032549454716
CE_PAWNWEAKNESSES:0.5268437846969595
CE_PIECEACTIVITY:0.5130884623218129
CE_KINGPAWNSHIELD:0.5244787407611425
CE_PIECECOORDINATION:0.4889165545014354
CE_MATERIAL:0.5157412594743321
CE_KINGSAFETY:0.5
C_PIECESQUARETABLES:0.5
C_MOBILITY:0.49288465000298043
C_KINGSAFETY:0.525636592926838
C_PAWNSTRUCTURE:0.4991405291164287
C_PIECECOORDINATION:0.487616982596901
C_ROOK:0.4666633880351119
CE_ROOK:0.5260501608834532
C_CENTERCONTROL:0.49928006934993263
C_DEVELOPPIECES:0.5263159443029025
C_MATERIAL:0.5204227112105154
C_MOVECOUNT:0.4994299873932272
C_PAWNMOVEMENT:0.47665429700056966
