ELO:937
CE_PASSEDPAWNS:0.506486280768849
CE_PAWNWEAKNESSES:0.4718071001443588
CE_PIECEACTIVITY:0.5243951896600567
CE_KINGPAWNSHIELD:0.5250999760343286
CE_PIECECOORDINATION:0.477587128881185
CE_MATERIAL:0.4823095607990123
CE_KINGSAFETY:0.5228927593015132
C_PIECESQUARETABLES:0.49282440716777404
C_MOBILITY:0.5147940043788605
C_KINGSAFETY:0.5038480010418999
C_PAWNSTRUCTURE:0.4582793676575985
C_PIECECOORDINATION:0.509581392339815
C_ROOKANDPAWNMOVEMENT:0.509581392339815
C_CENTERCONTROL:0.5008702623272604
C_DEVELOPPIECES:0.499156800944511
C_MATERIAL:0.5089852482775786
C_MOVECOUNT:0.5
