ELO:913
CE_PASSEDPAWNS:0.5012828522398258
CE_PAWNWEAKNESSES:0.4810795190170768
CE_PIECEACTIVITY:0.4600721314719711
CE_KINGPAWNSHIELD:0.45132092644232147
CE_PIECECOORDINATION:0.4923574240351826
CE_MATERIAL:0.44963501492918484
CE_KINGSAFETY:0.5246031083542787
C_PIECESQUARETABLES:0.5142330652015998
C_MOBILITY:0.5172381416437357
C_KINGSAFETY:0.5155594629435858
C_PAWNSTRUCTURE:0.5238285125897745
C_PIECECOORDINATION:0.4712481522866524
C_ROOK:0.48026286647954
CE_ROOK:0.47971839572031055
C_CENTERCONTROL:0.4860257162432976
C_DEVELOPPIECES:0.5201710638343271
C_MATERIAL:0.43728885431764775
C_MOVECOUNT:0.5365369055797392
C_PAWNMOVEMENT:0.48810543893636776
