ELO:1006
CE_PASSEDPAWNS:0.5102720197565597
CE_PAWNWEAKNESSES:0.5073295605340016
CE_PIECEACTIVITY:0.49510170642403706
CE_KINGPAWNSHIELD:0.517398570960993
CE_PIECECOORDINATION:0.49171262984207975
CE_MATERIAL:0.4836765591506097
CE_KINGSAFETY:0.5
C_PIECESQUARETABLES:0.5105919573385527
C_MOBILITY:0.4944800411244825
C_KINGSAFETY:0.5095234327162635
C_PAWNSTRUCTURE:0.4894806316776957
C_PIECECOORDINATION:0.4945974690200594
C_ROOK:0.46803376463544344
CE_ROOK:0.4970904656699269
C_CENTERCONTROL:0.5048484783853265
C_DEVELOPPIECES:0.4786557169668983
C_MATERIAL:0.5138091304255065
C_MOVECOUNT:0.503559987368488
C_PAWNMOVEMENT:0.4937711190759353
