ELO:987
CE_PASSEDPAWNS:0.5261301334615538
CE_PAWNWEAKNESSES:0.4712427164942947
CE_PIECEACTIVITY:0.49750709965602086
CE_KINGPAWNSHIELD:0.5
CE_PIECECOORDINATION:0.5141936524557277
CE_MATERIAL:0.5084997514937688
CE_KINGSAFETY:0.5
C_PIECESQUARETABLES:0.5
C_MOBILITY:0.5149475312455908
C_KINGSAFETY:0.49591267295292185
C_PAWNSTRUCTURE:0.512332321061126
C_PIECECOORDINATION:0.501682674119514
C_ROOKANDPAWNMOVEMENT:0.501682674119514
C_CENTERCONTROL:0.5034048856312733
C_DEVELOPPIECES:0.4853773719051638
C_MATERIAL:0.505057292290034
C_MOVECOUNT:0.5130197381153764
