ELO:986
CE_PASSEDPAWNS:0.5037537646743024
CE_PAWNWEAKNESSES:0.5
CE_PIECEACTIVITY:0.4992803936290039
CE_KINGPAWNSHIELD:0.5191007321874601
CE_PIECECOORDINATION:0.5045113007452875
CE_MATERIAL:0.5204368918213576
CE_KINGSAFETY:0.5
C_PIECESQUARETABLES:0.5
C_MOBILITY:0.5305913355179892
C_KINGSAFETY:0.5017018121607408
C_PAWNSTRUCTURE:0.5031559625396848
C_PIECECOORDINATION:0.5163497816651254
C_ROOKANDPAWNMOVEMENT:0.5163497816651254
C_CENTERCONTROL:0.49866898856903286
C_DEVELOPPIECES:0.4739006745888757
C_MATERIAL:0.505057292290034
C_MOVECOUNT:0.507774292741203
