ELO:877
CE_PASSEDPAWNS:0.4666042725547302
CE_PAWNWEAKNESSES:0.481582869583922
CE_PIECEACTIVITY:0.47623293739823047
CE_KINGPAWNSHIELD:0.5826816792999021
CE_PIECECOORDINATION:0.6132913175652431
CE_MATERIAL:0.4154276235639874
CE_KINGSAFETY:0.494105399833254
C_PIECESQUARETABLES:0.4975797249386625
C_MOBILITY:0.562773134657284
C_KINGSAFETY:0.5127282848063375
C_PAWNSTRUCTURE:0.456820300984525
C_PIECECOORDINATION:0.43301456142659744
C_ROOKANDPAWNMOVEMENT:0.43301456142659744
C_CENTERCONTROL:0.43415351423993415
C_DEVELOPPIECES:0.47461481990035836
C_MATERIAL:0.5669026214082418
