ELO:1000
CE_PASSEDPAWNS:0.49933153619991494
CE_PAWNWEAKNESSES:0.4953827057329985
CE_PIECEACTIVITY:0.48569330625156026
CE_KINGPAWNSHIELD:0.5308880697101285
CE_PIECECOORDINATION:0.45187400635555625
CE_MATERIAL:0.524118425393631
CE_KINGSAFETY:0.4898252008822409
C_PIECESQUARETABLES:0.5099139052999875
C_MOBILITY:0.5020568689463353
C_KINGSAFETY:0.5189155228240617
C_PAWNSTRUCTURE:0.49210322809334556
C_PIECECOORDINATION:0.478378231020815
C_ROOKANDPAWNMOVEMENT:0.478378231020815
C_CENTERCONTROL:0.44263694530741154
C_DEVELOPPIECES:0.5076773875399475
C_MATERIAL:0.4634613295883487
