ELO:905
CE_PASSEDPAWNS:0.4817357137624597
CE_PAWNWEAKNESSES:0.46426350315768466
CE_PIECEACTIVITY:0.4937009427180364
CE_KINGPAWNSHIELD:0.481094726551903
CE_PIECECOORDINATION:0.4948635855131887
CE_MATERIAL:0.479343853067154
CE_KINGSAFETY:0.49505496120349757
C_PIECESQUARETABLES:0.5209162196430942
C_MOBILITY:0.582704021182245
C_KINGSAFETY:0.521447720482709
C_PAWNSTRUCTURE:0.5260237167861254
C_PIECECOORDINATION:0.47954571329657236
C_ROOKANDPAWNMOVEMENT:0.47954571329657236
C_CENTERCONTROL:0.5146695511741878
C_DEVELOPPIECES:0.5083692255852449
C_MATERIAL:0.5562685090818977
C_MOVECOUNT:0.5024557499829254
