ELO:1101
CE_PASSEDPAWNS:0.5065790784845459
CE_PAWNWEAKNESSES:0.5048028397685468
CE_PIECEACTIVITY:0.5101156012149163
CE_KINGPAWNSHIELD:0.5355193258009439
CE_PIECECOORDINATION:0.5241161774922031
CE_MATERIAL:0.46837377775804356
CE_KINGSAFETY:0.5
C_PIECESQUARETABLES:0.5
C_MOBILITY:0.48526123344429195
C_KINGSAFETY:0.579971848777565
C_PAWNSTRUCTURE:0.44841534699166175
C_PIECECOORDINATION:0.439524606134099
C_ROOKANDPAWNMOVEMENT:0.439524606134099
C_CENTERCONTROL:0.4238705028341972
C_DEVELOPPIECES:0.47991129559973267
C_MATERIAL:0.42549653647861024
C_MOVECOUNT:0.5
