ELO:860
CE_PASSEDPAWNS:0.49491903367354867
CE_PAWNWEAKNESSES:0.4768044713370856
CE_PIECEACTIVITY:0.5100763206938793
CE_KINGPAWNSHIELD:0.5656583117340175
CE_PIECECOORDINATION:0.6007306817325466
CE_MATERIAL:0.424077568533803
CE_KINGSAFETY:0.5095410372209126
C_PIECESQUARETABLES:0.4730499224491972
C_MOBILITY:0.5501734823327387
C_KINGSAFETY:0.47520565257037545
C_PAWNSTRUCTURE:0.44362478242168285
C_PIECECOORDINATION:0.41649317137236014
C_ROOKANDPAWNMOVEMENT:0.41649317137236014
C_CENTERCONTROL:0.4745257741281743
C_DEVELOPPIECES:0.5041403436832443
C_MATERIAL:0.5659546678453666
