ELO:1009
CE_PASSEDPAWNS:0.5
CE_PAWNWEAKNESSES:0.48795930418495326
CE_PIECEACTIVITY:0.49648275467928943
CE_KINGPAWNSHIELD:0.5054386618545429
CE_PIECECOORDINATION:0.5
CE_MATERIAL:0.5143765492145307
CE_KINGSAFETY:0.49441505876802216
C_PIECESQUARETABLES:0.5341553210338064
C_MOBILITY:0.4997245144652944
C_KINGSAFETY:0.486585257926752
C_PAWNSTRUCTURE:0.525478319906938
C_PIECECOORDINATION:0.5017359667520868
C_ROOKANDPAWNMOVEMENT:0.5017359667520868
C_CENTERCONTROL:0.49915665762200534
C_DEVELOPPIECES:0.5011940998704498
C_MATERIAL:0.5015113936028571
C_MOVECOUNT:0.5
