ELO:956
CE_PASSEDPAWNS:0.4228855278012711
CE_PAWNWEAKNESSES:0.4841940508156897
CE_PIECEACTIVITY:0.4314523732729935
CE_KINGPAWNSHIELD:0.47211462231749923
CE_PIECECOORDINATION:0.3874704736022721
CE_MATERIAL:0.5158639758097251
CE_KINGSAFETY:0.5077488344559967
C_PIECESQUARETABLES:0.508719122478516
C_MOBILITY:0.47231721018138073
C_KINGSAFETY:0.47805829900198515
C_PAWNSTRUCTURE:0.49497612077356645
C_PIECECOORDINATION:0.49563976016112293
C_ROOKANDPAWNMOVEMENT:0.49563976016112293
C_CENTERCONTROL:0.5550327726363774
C_DEVELOPPIECES:0.5126348351508329
C_MATERIAL:0.5276262274464228
