ELO:953
CE_PASSEDPAWNS:0.4803311580455048
CE_PAWNWEAKNESSES:0.4703299842745737
CE_PIECEACTIVITY:0.43172894230616077
CE_KINGPAWNSHIELD:0.48713168714651606
CE_PIECECOORDINATION:0.48972502803966217
CE_MATERIAL:0.5093185893217121
CE_KINGSAFETY:0.5091322572666938
C_PIECESQUARETABLES:0.5
C_MOBILITY:0.43151795490303757
C_KINGSAFETY:0.44286146070438925
C_PAWNSTRUCTURE:0.5986964979619805
C_PIECECOORDINATION:0.4218640747252732
C_ROOKANDPAWNMOVEMENT:0.4218640747252732
C_CENTERCONTROL:0.443062194537366
C_DEVELOPPIECES:0.47222844570073175
C_MATERIAL:0.48298116922836715
