ELO:995
CE_PASSEDPAWNS:0.5457345729423272
CE_PAWNWEAKNESSES:0.5154411953422257
CE_PIECEACTIVITY:0.5975814565428466
CE_KINGPAWNSHIELD:0.5599465954910741
CE_PIECECOORDINATION:0.46544225017118723
CE_MATERIAL:0.5030403841932721
CE_KINGSAFETY:0.5
C_PIECESQUARETABLES:0.5
C_MOBILITY:0.580479941274235
C_KINGSAFETY:0.5577804440501312
C_PAWNSTRUCTURE:0.4897985387697945
C_PIECECOORDINATION:0.5174404279665327
C_ROOKANDPAWNMOVEMENT:0.5174404279665327
C_CENTERCONTROL:0.4000393257206845
C_DEVELOPPIECES:0.5067495606305472
C_MATERIAL:0.6201906658387899
