ELO:936
CE_PASSEDPAWNS:0.603396478398371
CE_PAWNWEAKNESSES:0.551580943975483
CE_PIECEACTIVITY:0.5508811563930519
CE_KINGPAWNSHIELD:0.6057669357281269
CE_PIECECOORDINATION:0.5857582282450031
CE_MATERIAL:0.5147794924548341
CE_KINGSAFETY:0.4889349431289219
C_PIECESQUARETABLES:0.5014258912571906
C_MOBILITY:0.47517516871826143
C_KINGSAFETY:0.5186602639151597
C_PAWNSTRUCTURE:0.5670684527576237
C_PIECECOORDINATION:0.4823802393850931
C_ROOKANDPAWNMOVEMENT:0.4823802393850931
C_CENTERCONTROL:0.48345979426027375
C_DEVELOPPIECES:0.4703938098822429
C_MATERIAL:0.5327449651343198
