ELO:1000
CE_PASSEDPAWNS:0.4717463181362076
CE_PAWNWEAKNESSES:0.4896106235817298
CE_PIECEACTIVITY:0.5079314872844294
CE_KINGPAWNSHIELD:0.48540811091494707
CE_PIECECOORDINATION:0.5064341280662569
CE_MATERIAL:0.4885084077009147
CE_KINGSAFETY:0.5098370437757441
C_PIECESQUARETABLES:0.4922539500103268
C_MOBILITY:0.5347101086330096
C_KINGSAFETY:0.5257665718257131
C_PAWNSTRUCTURE:0.500897962513543
C_PIECECOORDINATION:0.5579879065912748
C_ROOKANDPAWNMOVEMENT:0.5579879065912748
C_CENTERCONTROL:0.45672324711210893
C_DEVELOPPIECES:0.5188195609534348
C_MATERIAL:0.49400858976348183
