ELO:1030
CE_PASSEDPAWNS:0.4959931609355616
CE_PAWNWEAKNESSES:0.5020953993401601
CE_PIECEACTIVITY:0.49102237647856933
CE_KINGPAWNSHIELD:0.5
CE_PIECECOORDINATION:0.4815350651019839
CE_MATERIAL:0.48282644193788904
CE_KINGSAFETY:0.5
C_PIECESQUARETABLES:0.5
C_MOBILITY:0.5238940948642011
C_KINGSAFETY:0.4884726715446014
C_PAWNSTRUCTURE:0.4888749454108597
C_PIECECOORDINATION:0.5179891344063673
C_ROOK:0.5182859008400511
CE_ROOK:0.49050120432589694
C_CENTERCONTROL:0.5299982789373977
C_DEVELOPPIECES:0.5025489035147771
C_MATERIAL:0.5323491725086331
C_MOVECOUNT:0.5048232963758446
C_PAWNMOVEMENT:0.4992136450606166
