ELO:1252
CE_PASSEDPAWNS:0.45388094737413365
CE_PAWNWEAKNESSES:0.49847165541394234
CE_PIECEACTIVITY:0.42931222046788853
CE_KINGPAWNSHIELD:0.4490064376454872
CE_PIECECOORDINATION:0.49409961300625693
CE_MATERIAL:0.396596065925367
CE_KINGSAFETY:0.5
C_PIECESQUARETABLES:0.5
C_MOBILITY:0.3910770357088864
C_KINGSAFETY:0.38873024124434524
C_PAWNSTRUCTURE:0.5565549327089838
C_PIECECOORDINATION:0.5686614356759275
C_ROOKANDPAWNMOVEMENT:0.5686614356759275
C_CENTERCONTROL:0.49784192412231143
C_DEVELOPPIECES:0.4558360349969171
C_MATERIAL:0.533923652306625
