ELO:686
CE_PASSEDPAWNS:0.47647035829427087
CE_PAWNWEAKNESSES:0.4727522476852644
CE_PIECEACTIVITY:0.5227169203149225
CE_KINGPAWNSHIELD:0.47522234134688623
CE_PIECECOORDINATION:0.5141942436029053
CE_MATERIAL:0.5808425266388697
CE_KINGSAFETY:0.5105043421452411
C_PIECESQUARETABLES:0.49731217310848386
C_MOBILITY:0.4989648781202739
C_KINGSAFETY:0.5016497876877418
C_PAWNSTRUCTURE:0.5669685498890038
C_PIECECOORDINATION:0.5308406461262617
C_ROOKANDPAWNMOVEMENT:0.5308406461262617
C_CENTERCONTROL:0.5439662421208514
C_DEVELOPPIECES:0.4888166183092502
C_MATERIAL:0.4600551997101794
C_MOVECOUNT:0.4787567063101815
