ELO:1042
CE_PASSEDPAWNS:0.5
CE_PAWNWEAKNESSES:0.5162263594970332
CE_PIECEACTIVITY:0.4861133235204811
CE_KINGPAWNSHIELD:0.5021902283136767
CE_PIECECOORDINATION:0.49897642430113864
CE_MATERIAL:0.4935610704943572
CE_KINGSAFETY:0.5
C_PIECESQUARETABLES:0.5
C_MOBILITY:0.5132001157821605
C_KINGSAFETY:0.4638229987792309
C_PAWNSTRUCTURE:0.5165695141646971
C_PIECECOORDINATION:0.5245577126553166
C_ROOK:0.5162458546038714
CE_ROOK:0.5048562884776605
C_CENTERCONTROL:0.5016333940623856
C_DEVELOPPIECES:0.4924542313572364
C_MATERIAL:0.49893203429691124
C_MOVECOUNT:0.49117731403886083
C_PAWNMOVEMENT:0.5327872628443148
