ELO:1056
CE_PASSEDPAWNS:0.49446209465903734
CE_PAWNWEAKNESSES:0.5151369554337137
CE_PIECEACTIVITY:0.5012352309413692
CE_KINGPAWNSHIELD:0.5031750223237406
CE_PIECECOORDINATION:0.5135191622050275
CE_MATERIAL:0.49873528204923373
CE_KINGSAFETY:0.5
C_PIECESQUARETABLES:0.5
C_MOBILITY:0.5070454903558789
C_KINGSAFETY:0.48729358662722727
C_PAWNSTRUCTURE:0.5137532917762233
C_PIECECOORDINATION:0.5110920784006526
C_ROOK:0.5096401867591909
CE_ROOK:0.4932083150559278
C_CENTERCONTROL:0.5040359277030844
C_DEVELOPPIECES:0.48131052813926906
C_MATERIAL:0.5014887861664326
C_MOVECOUNT:0.5083426054011211
C_PAWNMOVEMENT:0.48514905918960954
