ELO:1007
CE_PASSEDPAWNS:0.510355359886478
CE_PAWNWEAKNESSES:0.5037865600702117
CE_PIECEACTIVITY:0.5018121664613759
CE_KINGPAWNSHIELD:0.4997111464745934
CE_PIECECOORDINATION:0.5027450246161212
CE_MATERIAL:0.4861521084035543
CE_KINGSAFETY:0.5094557825406261
C_PIECESQUARETABLES:0.4891393601666102
C_MOBILITY:0.5
C_KINGSAFETY:0.49505861475380913
C_PAWNSTRUCTURE:0.48853626055555155
C_PIECECOORDINATION:0.4927038684054323
C_ROOKANDPAWNMOVEMENT:0.4927038684054323
C_CENTERCONTROL:0.5102477034770713
C_DEVELOPPIECES:0.5013386424742392
C_MATERIAL:0.5
C_MOVECOUNT:0.4926571466884953
