ELO:1152
CE_PASSEDPAWNS:0.4547813293207352
CE_PAWNWEAKNESSES:0.5241082019211586
CE_PIECEACTIVITY:0.5975814565428466
CE_KINGPAWNSHIELD:0.44992813898683515
CE_PIECECOORDINATION:0.46544225017118723
CE_MATERIAL:0.4701053431366152
CE_KINGSAFETY:0.5
C_PIECESQUARETABLES:0.5
C_MOBILITY:0.5649940699021165
C_KINGSAFETY:0.41496517016321266
C_PAWNSTRUCTURE:0.5314253954442887
C_PIECECOORDINATION:0.591021023076461
C_ROOKANDPAWNMOVEMENT:0.591021023076461
C_CENTERCONTROL:0.5232826369555287
C_DEVELOPPIECES:0.4590882314975813
C_MATERIAL:0.6480765086317845
