ELO:1066
CE_PASSEDPAWNS:0.6210290008889212
CE_PAWNWEAKNESSES:0.495955544096252
CE_PIECEACTIVITY:0.48202751516979514
CE_KINGPAWNSHIELD:0.38410323008931624
CE_PIECECOORDINATION:0.4955383171987284
CE_MATERIAL:0.48150892775545767
CE_KINGSAFETY:0.50691582321057
C_PIECESQUARETABLES:0.5157166195402196
C_MOBILITY:0.47984063863470133
C_KINGSAFETY:0.6533326264540145
C_PAWNSTRUCTURE:0.40656869058242645
C_PIECECOORDINATION:0.4552787408639338
C_ROOKANDPAWNMOVEMENT:0.4552787408639338
C_CENTERCONTROL:0.48587425750313856
C_DEVELOPPIECES:0.5773675751673254
C_MATERIAL:0.39096488750353653
