ELO:909
CE_PASSEDPAWNS:0.48352530541879163
CE_PAWNWEAKNESSES:0.49386084412616066
CE_PIECEACTIVITY:0.508665884118048
CE_KINGPAWNSHIELD:0.5259267591746202
CE_PIECECOORDINATION:0.5110007176196176
CE_MATERIAL:0.4937590251498632
CE_KINGSAFETY:0.4867481178554016
C_PIECESQUARETABLES:0.5138336003796147
C_MOBILITY:0.48540767208466334
C_KINGSAFETY:0.46448781104568637
C_PAWNSTRUCTURE:0.5075495277817987
C_PIECECOORDINATION:0.47814939484567986
C_ROOKANDPAWNMOVEMENT:0.47814939484567986
C_CENTERCONTROL:0.5098611854608877
C_DEVELOPPIECES:0.5099801351704247
C_MATERIAL:0.4806003831264693
C_MOVECOUNT:0.5
