ELO:955
CE_PASSEDPAWNS:0.6183191881255111
CE_PAWNWEAKNESSES:0.5083942688036261
CE_PIECEACTIVITY:0.5529149076266784
CE_KINGPAWNSHIELD:0.5479337798414381
CE_PIECECOORDINATION:0.5230929824026105
CE_MATERIAL:0.49880386067783
CE_KINGSAFETY:0.5147660080796919
C_PIECESQUARETABLES:0.47960805853585237
C_MOBILITY:0.5014816931731898
C_KINGSAFETY:0.5139913547492045
C_PAWNSTRUCTURE:0.5011374345870484
C_PIECECOORDINATION:0.4963400733778875
C_ROOKANDPAWNMOVEMENT:0.4963400733778875
C_CENTERCONTROL:0.44776838067374225
C_DEVELOPPIECES:0.45017786010787325
C_MATERIAL:0.5612590453928523
