ELO:1125
CE_PASSEDPAWNS:0.5371827852592099
CE_PAWNWEAKNESSES:0.5086530027826172
CE_PIECEACTIVITY:0.46141663230729874
CE_KINGPAWNSHIELD:0.40008057349030945
CE_PIECECOORDINATION:0.5094822262344411
CE_MATERIAL:0.4701053431366152
CE_KINGSAFETY:0.5
C_PIECESQUARETABLES:0.5
C_MOBILITY:0.5926746721608825
C_KINGSAFETY:0.4094044933739038
C_PAWNSTRUCTURE:0.5314253954442887
C_PIECECOORDINATION:0.617331207451572
C_ROOKANDPAWNMOVEMENT:0.617331207451572
C_CENTERCONTROL:0.48833387149675983
C_DEVELOPPIECES:0.4593697475404217
C_MATERIAL:0.6243603211084038
