ELO:982
CE_PASSEDPAWNS:0.5061500610472401
CE_PAWNWEAKNESSES:0.49245752696152056
CE_PIECEACTIVITY:0.4969212845518442
CE_KINGPAWNSHIELD:0.476041524050573
CE_PIECECOORDINATION:0.4972180040075474
CE_MATERIAL:0.5224603918951908
CE_KINGSAFETY:0.5
C_PIECESQUARETABLES:0.5189238416644284
C_MOBILITY:0.4959603258275659
C_KINGSAFETY:0.5017069882941825
C_PAWNSTRUCTURE:0.49508183316857857
C_PIECECOORDINATION:0.5
C_ROOKANDPAWNMOVEMENT:0.5
C_CENTERCONTROL:0.5055316944873646
C_DEVELOPPIECES:0.4985081568196436
C_MATERIAL:0.5028255247193398
C_MOVECOUNT:0.49476904612631417
