ELO:990
CE_PASSEDPAWNS:0.48924497752135265
CE_PAWNWEAKNESSES:0.5046008503539748
CE_PIECEACTIVITY:0.4998941356780834
CE_KINGPAWNSHIELD:0.503416726010795
CE_PIECECOORDINATION:0.5103424281982012
CE_MATERIAL:0.5203928128269607
CE_KINGSAFETY:0.5123620933056541
C_PIECESQUARETABLES:0.5030134940120627
C_MOBILITY:0.47414543690173494
C_KINGSAFETY:0.491202816808646
C_PAWNSTRUCTURE:0.46010935163655725
C_PIECECOORDINATION:0.4847812533894455
C_ROOKANDPAWNMOVEMENT:0.4847812533894455
C_CENTERCONTROL:0.5217579871736376
C_DEVELOPPIECES:0.4532824900748012
C_MATERIAL:0.481031529592167
C_MOVECOUNT:0.5
