ELO:1167
CE_PASSEDPAWNS:0.414768507815632
CE_PAWNWEAKNESSES:0.5698219771467662
CE_PIECEACTIVITY:0.4428997381960304
CE_KINGPAWNSHIELD:0.4652486043048658
CE_PIECECOORDINATION:0.5243871740157307
CE_MATERIAL:0.4818623963373173
CE_KINGSAFETY:0.5
C_PIECESQUARETABLES:0.5
C_MOBILITY:0.3621911048225555
C_KINGSAFETY:0.38873024124434524
C_PAWNSTRUCTURE:0.5876106179707854
C_PIECECOORDINATION:0.5492234636891075
C_ROOKANDPAWNMOVEMENT:0.5492234636891075
C_CENTERCONTROL:0.5265679586594536
C_DEVELOPPIECES:0.4565621101190213
C_MATERIAL:0.6201906658387899
