ELO:1000
CE_PASSEDPAWNS:0.49800550072243516
CE_PAWNWEAKNESSES:0.49194788018996455
CE_PIECEACTIVITY:0.5037102584545545
CE_KINGPAWNSHIELD:0.501552357244807
CE_PIECECOORDINATION:0.4965186361830843
CE_MATERIAL:0.4933686784264996
CE_KINGSAFETY:0.5100483967182402
C_PIECESQUARETABLES:0.5216187502556224
C_MOBILITY:0.5
C_KINGSAFETY:0.5012031706107314
C_PAWNSTRUCTURE:0.4849532604875282
C_PIECECOORDINATION:0.5139429970554624
C_ROOKANDPAWNMOVEMENT:0.5139429970554624
C_CENTERCONTROL:0.49830169990613726
C_DEVELOPPIECES:0.5064418857371348
C_MATERIAL:0.5
