ELO:962
CE_PASSEDPAWNS:0.61398608233037
CE_PAWNWEAKNESSES:0.519135377303628
CE_PIECEACTIVITY:0.5376831197245132
CE_KINGPAWNSHIELD:0.5530817403477869
CE_PIECECOORDINATION:0.5028865031117049
CE_MATERIAL:0.4703231141869037
CE_KINGSAFETY:0.5025580388250267
C_PIECESQUARETABLES:0.4994767979255922
C_MOBILITY:0.521165498258574
C_KINGSAFETY:0.49640588094040433
C_PAWNSTRUCTURE:0.5023799820513476
C_PIECECOORDINATION:0.5113144295437771
C_ROOKANDPAWNMOVEMENT:0.5113144295437771
C_CENTERCONTROL:0.4461927629855187
C_DEVELOPPIECES:0.5012189886453702
C_MATERIAL:0.5153815202941935
