ELO:1038
CE_PASSEDPAWNS:0.5
CE_PAWNWEAKNESSES:0.5
CE_PIECEACTIVITY:0.4902414812945636
CE_KINGPAWNSHIELD:0.5061800638670156
CE_PIECECOORDINATION:0.4976108757910634
CE_MATERIAL:0.507196205507159
CE_KINGSAFETY:0.5
C_PIECESQUARETABLES:0.492655120697483
C_MOBILITY:0.4908880708591675
C_KINGSAFETY:0.48162944639665894
C_PAWNSTRUCTURE:0.5026526607685456
C_PIECECOORDINATION:0.4958742767857431
C_ROOKANDPAWNMOVEMENT:0.4958742767857431
C_CENTERCONTROL:0.5
C_DEVELOPPIECES:0.507229728870342
C_MATERIAL:0.4923649683339155
C_MOVECOUNT:0.4663955593624126
