ELO:1184
CE_PASSEDPAWNS:0.4758185173148527
CE_PAWNWEAKNESSES:0.5241082019211586
CE_PIECEACTIVITY:0.5989710207483733
CE_KINGPAWNSHIELD:0.4873640784077908
CE_PIECECOORDINATION:0.47241335711600324
CE_MATERIAL:0.49790962154373225
CE_KINGSAFETY:0.5
C_PIECESQUARETABLES:0.5
C_MOBILITY:0.5649940699021165
C_KINGSAFETY:0.4082550688282633
C_PAWNSTRUCTURE:0.62436365227218
C_PIECECOORDINATION:0.5718488361848372
C_ROOKANDPAWNMOVEMENT:0.5718488361848372
C_CENTERCONTROL:0.5074219612996926
C_DEVELOPPIECES:0.4762473252398372
C_MATERIAL:0.622840321325036
