ELO:1030
CE_PASSEDPAWNS:0.512984892380894
CE_PAWNWEAKNESSES:0.5031733976868626
CE_PIECEACTIVITY:0.5
CE_KINGPAWNSHIELD:0.4800348700179175
CE_PIECECOORDINATION:0.5
CE_MATERIAL:0.5018430744885616
CE_KINGSAFETY:0.5
C_PIECESQUARETABLES:0.5
C_MOBILITY:0.49731990569851686
C_KINGSAFETY:0.5037736504157492
C_PAWNSTRUCTURE:0.4976611450789206
C_PIECECOORDINATION:0.5108340780944686
C_ROOK:0.503932416167287
CE_ROOK:0.4981899573446161
C_CENTERCONTROL:0.5197282966320029
C_DEVELOPPIECES:0.47926425733837474
C_MATERIAL:0.5067994727192402
C_MOVECOUNT:0.48163558042647137
C_PAWNMOVEMENT:0.48282298105511523
