ELO:981
CE_PASSEDPAWNS:0.5061500610472401
CE_PAWNWEAKNESSES:0.49245752696152056
CE_PIECEACTIVITY:0.4969212845518442
CE_KINGPAWNSHIELD:0.476041524050573
CE_PIECECOORDINATION:0.49796647129414245
CE_MATERIAL:0.5118984223062135
CE_KINGSAFETY:0.5002271900677623
C_PIECESQUARETABLES:0.5189238416644284
C_MOBILITY:0.5122994651130822
C_KINGSAFETY:0.5
C_PAWNSTRUCTURE:0.5093378788399809
C_PIECECOORDINATION:0.4883341744725247
C_ROOKANDPAWNMOVEMENT:0.4883341744725247
C_CENTERCONTROL:0.5055316944873646
C_DEVELOPPIECES:0.5
C_MATERIAL:0.49347255465343287
C_MOVECOUNT:0.49476904612631417
