ELO:1000
CE_PASSEDPAWNS:0.49513166912343576
CE_PAWNWEAKNESSES:0.49262110331911313
CE_PIECEACTIVITY:0.5380024452033361
CE_KINGPAWNSHIELD:0.5230533189386145
CE_PIECECOORDINATION:0.5091567795566335
CE_MATERIAL:0.45831362582551627
CE_KINGSAFETY:0.5457257747837969
C_PIECESQUARETABLES:0.5152115999832991
C_MOBILITY:0.5410359805346476
C_KINGSAFETY:0.5220190537085586
C_PAWNSTRUCTURE:0.4710928562061593
C_PIECECOORDINATION:0.5745714512667373
C_ROOKANDPAWNMOVEMENT:0.5745714512667373
C_CENTERCONTROL:0.43809842980622077
C_DEVELOPPIECES:0.5235371210269422
C_MATERIAL:0.5095707558970867
