ELO:950
CE_PASSEDPAWNS:0.45911534850523555
CE_PAWNWEAKNESSES:0.4978668347111512
CE_PIECEACTIVITY:0.49176143117756144
CE_KINGPAWNSHIELD:0.5098077728467397
CE_PIECECOORDINATION:0.48119033295430214
CE_MATERIAL:0.48018118755195593
CE_KINGSAFETY:0.5
C_PIECESQUARETABLES:0.5386585168912496
C_MOBILITY:0.5159429620469608
C_KINGSAFETY:0.506088945844353
C_PAWNSTRUCTURE:0.45363675150204574
C_PIECECOORDINATION:0.49710664568970103
C_ROOKANDPAWNMOVEMENT:0.49710664568970103
C_CENTERCONTROL:0.4949611789581792
C_DEVELOPPIECES:0.49439862913838245
C_MATERIAL:0.5052773876166391
C_MOVECOUNT:0.5
