ELO:1011
CE_PASSEDPAWNS:0.5019942228421699
CE_PAWNWEAKNESSES:0.5
CE_PIECEACTIVITY:0.49882011930588754
CE_KINGPAWNSHIELD:0.5
CE_PIECECOORDINATION:0.4895926544162038
CE_MATERIAL:0.5307474123379219
CE_KINGSAFETY:0.5
C_PIECESQUARETABLES:0.5
C_MOBILITY:0.5039474654245817
C_KINGSAFETY:0.501116036208802
C_PAWNSTRUCTURE:0.5108502255389858
C_PIECECOORDINATION:0.5044527522789677
C_ROOKANDPAWNMOVEMENT:0.5044527522789677
C_CENTERCONTROL:0.5082794498275199
C_DEVELOPPIECES:0.5
C_MATERIAL:0.5075989759242427
C_MOVECOUNT:0.4980143976697078
