ELO:921
CE_PASSEDPAWNS:0.6457314705706143
CE_PAWNWEAKNESSES:0.5209658276345049
CE_PIECEACTIVITY:0.5655314301541818
CE_KINGPAWNSHIELD:0.6193400068502802
CE_PIECECOORDINATION:0.5357514375694545
CE_MATERIAL:0.5196954531823327
CE_KINGSAFETY:0.4963894186524371
C_PIECESQUARETABLES:0.46856564141377144
C_MOBILITY:0.518037042039662
C_KINGSAFETY:0.5264264592298872
C_PAWNSTRUCTURE:0.5586895279074773
C_PIECECOORDINATION:0.47255562731093365
C_ROOKANDPAWNMOVEMENT:0.47255562731093365
C_CENTERCONTROL:0.47570484773827676
C_DEVELOPPIECES:0.44383604601715515
C_MATERIAL:0.49306846088940226
