ELO:1167
CE_PASSEDPAWNS:0.414768507815632
CE_PAWNWEAKNESSES:0.6023586080413907
CE_PIECEACTIVITY:0.44561656406994316
CE_KINGPAWNSHIELD:0.4675483960701007
CE_PIECECOORDINATION:0.5243871740157307
CE_MATERIAL:0.4731674931632686
CE_KINGSAFETY:0.5
C_PIECESQUARETABLES:0.5
C_MOBILITY:0.3910770357088864
C_KINGSAFETY:0.43857488456320043
C_PAWNSTRUCTURE:0.5348732639120478
C_PIECECOORDINATION:0.5686614356759275
C_ROOKANDPAWNMOVEMENT:0.5686614356759275
C_CENTERCONTROL:0.5074219612996926
C_DEVELOPPIECES:0.4565621101190213
C_MATERIAL:0.6201906658387899
