ELO:1032
CE_PASSEDPAWNS:0.5
CE_PAWNWEAKNESSES:0.5
CE_PIECEACTIVITY:0.5039352631526479
CE_KINGPAWNSHIELD:0.4995090250441657
CE_PIECECOORDINATION:0.4976108757910634
CE_MATERIAL:0.5052981394666579
CE_KINGSAFETY:0.5
C_PIECESQUARETABLES:0.5
C_MOBILITY:0.4991129736562578
C_KINGSAFETY:0.5
C_PAWNSTRUCTURE:0.5090152755155208
C_PIECECOORDINATION:0.5
C_ROOKANDPAWNMOVEMENT:0.5
C_CENTERCONTROL:0.5023668903522914
C_DEVELOPPIECES:0.5
C_MATERIAL:0.4969216577558857
C_MOVECOUNT:0.5
