ELO:925
CE_PASSEDPAWNS:0.5015993082817519
CE_PAWNWEAKNESSES:0.5198310708393038
CE_PIECEACTIVITY:0.5011672705869292
CE_KINGPAWNSHIELD:0.4895720533426579
CE_PIECECOORDINATION:0.5101662601514437
CE_MATERIAL:0.5181693386988917
CE_KINGSAFETY:0.48596868773384955
C_PIECESQUARETABLES:0.49014537234344036
C_MOBILITY:0.500274535688821
C_KINGSAFETY:0.4967157652878138
C_PAWNSTRUCTURE:0.5153202049239327
C_PIECECOORDINATION:0.5192575850547013
C_ROOKANDPAWNMOVEMENT:0.5192575850547013
C_CENTERCONTROL:0.5199164664602562
C_DEVELOPPIECES:0.42234639047689637
C_MATERIAL:0.5129246612461154
C_MOVECOUNT:0.48779595178959195
