ELO:1000
CE_PASSEDPAWNS:0.4860967759990148
CE_PAWNWEAKNESSES:0.5031950808757327
CE_PIECEACTIVITY:0.5190558950183866
CE_KINGPAWNSHIELD:0.4901225754214301
CE_PIECECOORDINATION:0.504103936063544
CE_MATERIAL:0.4885084077009147
CE_KINGSAFETY:0.5241168144702514
C_PIECESQUARETABLES:0.4922539500103268
C_MOBILITY:0.5255922079977919
C_KINGSAFETY:0.5136700353437184
C_PAWNSTRUCTURE:0.4900666420430688
C_PIECECOORDINATION:0.5450704580008898
C_ROOKANDPAWNMOVEMENT:0.5450704580008898
C_CENTERCONTROL:0.46880214694163336
C_DEVELOPPIECES:0.5176258790813348
C_MATERIAL:0.49400858976348183
