ELO:1120
CE_PASSEDPAWNS:0.4197095893822424
CE_PAWNWEAKNESSES:0.5936476439564067
CE_PIECEACTIVITY:0.5989710207483733
CE_KINGPAWNSHIELD:0.5007099035767185
CE_PIECECOORDINATION:0.532691344258474
CE_MATERIAL:0.396596065925367
CE_KINGSAFETY:0.5
C_PIECESQUARETABLES:0.5
C_MOBILITY:0.6026464392976837
C_KINGSAFETY:0.3863153114154106
C_PAWNSTRUCTURE:0.62436365227218
C_PIECECOORDINATION:0.6006523227325677
C_ROOKANDPAWNMOVEMENT:0.6006523227325677
C_CENTERCONTROL:0.5232826369555287
C_DEVELOPPIECES:0.44916666488797985
C_MATERIAL:0.624181433609084
