ELO:988
CE_PASSEDPAWNS:0.5143222252025932
CE_PAWNWEAKNESSES:0.4658177778453699
CE_PIECEACTIVITY:0.5348741603068418
CE_KINGPAWNSHIELD:0.5191664237922348
CE_PIECECOORDINATION:0.5007241086633887
CE_MATERIAL:0.47511111223352087
CE_KINGSAFETY:0.5516287355652145
C_PIECESQUARETABLES:0.5191363401792697
C_MOBILITY:0.5266001837262835
C_KINGSAFETY:0.492969207409103
C_PAWNSTRUCTURE:0.4733747708363044
C_PIECECOORDINATION:0.5747531824029686
C_ROOKANDPAWNMOVEMENT:0.5747531824029686
C_CENTERCONTROL:0.4356094117191053
C_DEVELOPPIECES:0.5278205773918438
C_MATERIAL:0.5377951776920913
