ELO:1030
CE_PASSEDPAWNS:0.512984892380894
CE_PAWNWEAKNESSES:0.5090178634025811
CE_PIECEACTIVITY:0.5061512893869018
CE_KINGPAWNSHIELD:0.4805823021636995
CE_PIECECOORDINATION:0.5003591470819672
CE_MATERIAL:0.4775750740388604
CE_KINGSAFETY:0.5
C_PIECESQUARETABLES:0.5
C_MOBILITY:0.46926040748353487
C_KINGSAFETY:0.4408829536823545
C_PAWNSTRUCTURE:0.4976611450789206
C_PIECECOORDINATION:0.5108340780944686
C_ROOK:0.43745306951819535
CE_ROOK:0.485503642279331
C_CENTERCONTROL:0.5
C_DEVELOPPIECES:0.49283485368857105
C_MATERIAL:0.5180966590467132
C_MOVECOUNT:0.5
C_PAWNMOVEMENT:0.5158369651114797
