ELO:957
CE_PASSEDPAWNS:0.6094627387386772
CE_PAWNWEAKNESSES:0.5217851190486259
CE_PIECEACTIVITY:0.5555826925701336
CE_KINGPAWNSHIELD:0.5530817403477869
CE_PIECECOORDINATION:0.5128873632343701
CE_MATERIAL:0.48217555122989314
CE_KINGSAFETY:0.5129077751676879
C_PIECESQUARETABLES:0.4857836625521813
C_MOBILITY:0.5178189997061063
C_KINGSAFETY:0.49640588094040433
C_PAWNSTRUCTURE:0.4992964647853932
C_PIECECOORDINATION:0.5162050309213452
C_ROOKANDPAWNMOVEMENT:0.5162050309213452
C_CENTERCONTROL:0.43727031616499185
C_DEVELOPPIECES:0.4817547979656173
C_MATERIAL:0.5447028115100252
