ELO:973
CE_PASSEDPAWNS:0.585065785580407
CE_PAWNWEAKNESSES:0.49981392028019656
CE_PIECEACTIVITY:0.4988034041291903
CE_KINGPAWNSHIELD:0.5456794071809925
CE_PIECECOORDINATION:0.49120210994178887
CE_MATERIAL:0.467912457179242
CE_KINGSAFETY:0.4975025576235725
C_PIECESQUARETABLES:0.4793203793657981
C_MOBILITY:0.5085063058505777
C_KINGSAFETY:0.49172802576280644
C_PAWNSTRUCTURE:0.4825853274823588
C_PIECECOORDINATION:0.4927614838386924
C_ROOKANDPAWNMOVEMENT:0.4927614838386924
C_CENTERCONTROL:0.44738765802374264
C_DEVELOPPIECES:0.5189735026780729
C_MATERIAL:0.5348904099637457
