ELO:1099
CE_PASSEDPAWNS:0.4525460421226912
CE_PAWNWEAKNESSES:0.5087435435313197
CE_PIECEACTIVITY:0.5605330359723874
CE_KINGPAWNSHIELD:0.4065538675234683
CE_PIECECOORDINATION:0.5707969823983154
CE_MATERIAL:0.3902827395318531
CE_KINGSAFETY:0.5
C_PIECESQUARETABLES:0.5
C_MOBILITY:0.5335361914694342
C_KINGSAFETY:0.5144317734841297
C_PAWNSTRUCTURE:0.4277195241183485
C_PIECECOORDINATION:0.46278979714729657
C_ROOKANDPAWNMOVEMENT:0.46278979714729657
C_CENTERCONTROL:0.5916556751746048
C_DEVELOPPIECES:0.5568987371363631
C_MATERIAL:0.39001737872443265
