ELO:1030
CE_PASSEDPAWNS:0.49446209465903734
CE_PAWNWEAKNESSES:0.5151369554337137
CE_PIECEACTIVITY:0.4898918661035154
CE_KINGPAWNSHIELD:0.4999233599011594
CE_PIECECOORDINATION:0.5009427473807805
CE_MATERIAL:0.507661575572455
CE_KINGSAFETY:0.5
C_PIECESQUARETABLES:0.5
C_MOBILITY:0.5
C_KINGSAFETY:0.4980573762221772
C_PAWNSTRUCTURE:0.4718328714988731
C_PIECECOORDINATION:0.5129933973770763
C_ROOK:0.5096401867591909
CE_ROOK:0.5
C_CENTERCONTROL:0.5040359277030844
C_DEVELOPPIECES:0.49165728415932564
C_MATERIAL:0.5028110968219632
C_MOVECOUNT:0.500310434883921
C_PAWNMOVEMENT:0.5154912134989953
