ELO:1254
CE_PASSEDPAWNS:0.4585932892608227
CE_PAWNWEAKNESSES:0.5513869754291566
CE_PIECEACTIVITY:0.4381841345240536
CE_KINGPAWNSHIELD:0.4498060339940104
CE_PIECECOORDINATION:0.5034178423725996
CE_MATERIAL:0.35699070302895597
CE_KINGSAFETY:0.5
C_PIECESQUARETABLES:0.5
C_MOBILITY:0.4014604210707106
C_KINGSAFETY:0.40222290938178035
C_PAWNSTRUCTURE:0.5198595460926635
C_PIECECOORDINATION:0.5726966305992744
C_ROOKANDPAWNMOVEMENT:0.5726966305992744
C_CENTERCONTROL:0.5147140926649106
C_DEVELOPPIECES:0.5528173797779841
C_MATERIAL:0.533923652306625
