ELO:1089
CE_PASSEDPAWNS:0.561227233223466
CE_PAWNWEAKNESSES:0.4587279332565922
CE_PIECEACTIVITY:0.46058068809744396
CE_KINGPAWNSHIELD:0.45650218578954405
CE_PIECECOORDINATION:0.5245974958184386
CE_MATERIAL:0.49790962154373225
CE_KINGSAFETY:0.5
C_PIECESQUARETABLES:0.44125657210372926
C_MOBILITY:0.5351453954458896
C_KINGSAFETY:0.4059744259724239
C_PAWNSTRUCTURE:0.5348732639120478
C_PIECECOORDINATION:0.5726966305992744
C_ROOKANDPAWNMOVEMENT:0.5726966305992744
C_CENTERCONTROL:0.46899401965401094
C_DEVELOPPIECES:0.4609963570258212
C_MATERIAL:0.6320895787071104
