ELO:1011
CE_PASSEDPAWNS:0.5220014652991477
CE_PAWNWEAKNESSES:0.5086530027826172
CE_PIECEACTIVITY:0.5256534381721791
CE_KINGPAWNSHIELD:0.5041217452331219
CE_PIECECOORDINATION:0.5153000011294302
CE_MATERIAL:0.4874072947026655
CE_KINGSAFETY:0.5
C_PIECESQUARETABLES:0.5
C_MOBILITY:0.580479941274235
C_KINGSAFETY:0.5594239720260957
C_PAWNSTRUCTURE:0.49124294705892413
C_PIECECOORDINATION:0.42678408993939054
C_ROOKANDPAWNMOVEMENT:0.42678408993939054
C_CENTERCONTROL:0.48833387149675983
C_DEVELOPPIECES:0.4593697475404217
C_MATERIAL:0.6127785637759643
