ELO:1044
CE_PASSEDPAWNS:0.5248619628099709
CE_PAWNWEAKNESSES:0.4814907870789716
CE_PIECEACTIVITY:0.5313075154750717
CE_KINGPAWNSHIELD:0.49784146576342503
CE_PIECECOORDINATION:0.545778122978973
CE_MATERIAL:0.4935610704943572
CE_KINGSAFETY:0.5
C_PIECESQUARETABLES:0.5
C_MOBILITY:0.5132001157821605
C_KINGSAFETY:0.4638229987792309
C_PAWNSTRUCTURE:0.5165695141646971
C_PIECECOORDINATION:0.5015397872293177
C_ROOK:0.5162458546038714
CE_ROOK:0.5048562884776605
C_CENTERCONTROL:0.5016333940623856
C_DEVELOPPIECES:0.48803846654105965
C_MATERIAL:0.4934285011817089
C_MOVECOUNT:0.50531080806715
C_PAWNMOVEMENT:0.48707699168824364
