ELO:1005
CE_PASSEDPAWNS:0.4575949883343276
CE_PAWNWEAKNESSES:0.5067733744046712
CE_PIECEACTIVITY:0.5407582011056409
CE_KINGPAWNSHIELD:0.4258418499925802
CE_PIECECOORDINATION:0.5062093759261084
CE_MATERIAL:0.47462912755102915
CE_KINGSAFETY:0.5
C_PIECESQUARETABLES:0.5
C_MOBILITY:0.5668796863964455
C_KINGSAFETY:0.4381987005232809
C_PAWNSTRUCTURE:0.6086893908681681
C_PIECECOORDINATION:0.5960146041974088
C_ROOKANDPAWNMOVEMENT:0.5960146041974088
C_CENTERCONTROL:0.4541109919688242
C_DEVELOPPIECES:0.44772042702629716
C_MATERIAL:0.6154232304150021
