ELO:960
CE_PASSEDPAWNS:0.4945732073083062
CE_PAWNWEAKNESSES:0.538362858912341
CE_PIECEACTIVITY:0.4807053165983484
CE_KINGPAWNSHIELD:0.5086472238067148
CE_PIECECOORDINATION:0.39465689204288695
CE_MATERIAL:0.5058603660861439
CE_KINGSAFETY:0.5
C_PIECESQUARETABLES:0.5
C_MOBILITY:0.5162592144224107
C_KINGSAFETY:0.5396271371946203
C_PAWNSTRUCTURE:0.4815624416768169
C_PIECECOORDINATION:0.4836813678463026
C_ROOKANDPAWNMOVEMENT:0.4836813678463026
C_CENTERCONTROL:0.5267033734778602
C_DEVELOPPIECES:0.4528871175720382
C_MATERIAL:0.594137335997751
