ELO:1021
CE_PASSEDPAWNS:0.5086348875354553
CE_PAWNWEAKNESSES:0.5363741876631336
CE_PIECEACTIVITY:0.5079342136453202
CE_KINGPAWNSHIELD:0.5022988077353194
CE_PIECECOORDINATION:0.4729454914980936
CE_MATERIAL:0.5072789779110226
CE_KINGSAFETY:0.5
C_PIECESQUARETABLES:0.5
C_MOBILITY:0.5
C_KINGSAFETY:0.4953737851678668
C_PAWNSTRUCTURE:0.49460781335042736
C_PIECECOORDINATION:0.5122661378464098
C_ROOKANDPAWNMOVEMENT:0.5122661378464098
C_CENTERCONTROL:0.5119085271884993
C_DEVELOPPIECES:0.49722552044808177
C_MATERIAL:0.5062092492305578
C_MOVECOUNT:0.5020071557019775
