ELO:949
CE_PASSEDPAWNS:0.4530841899302191
CE_PAWNWEAKNESSES:0.5266019368108424
CE_PIECEACTIVITY:0.5256241591894072
CE_KINGPAWNSHIELD:0.4816983437183934
CE_PIECECOORDINATION:0.5344291778108218
CE_MATERIAL:0.45021075646600556
CE_KINGSAFETY:0.5261066794640141
C_PIECESQUARETABLES:0.48783822974992586
C_MOBILITY:0.5332711305500524
C_KINGSAFETY:0.41940304802907746
C_PAWNSTRUCTURE:0.5098166504701934
C_PIECECOORDINATION:0.4811470654322562
C_ROOKANDPAWNMOVEMENT:0.4811470654322562
C_CENTERCONTROL:0.42019163563810696
C_DEVELOPPIECES:0.5057064057235973
C_MATERIAL:0.5381928704710699
C_MOVECOUNT:0.5381781845652767
