ELO:1000
CE_PASSEDPAWNS:0.4792528180741393
CE_PAWNWEAKNESSES:0.4937912685925964
CE_PIECEACTIVITY:0.5177340763818334
CE_KINGPAWNSHIELD:0.49248862738938765
CE_PIECECOORDINATION:0.49956622240118886
CE_MATERIAL:0.48547057954123335
CE_KINGSAFETY:0.5175647388956833
C_PIECESQUARETABLES:0.5090595124858995
C_MOBILITY:0.5193883030617934
C_KINGSAFETY:0.5089433458972695
C_PAWNSTRUCTURE:0.48819765967615547
C_PIECECOORDINATION:0.5357477592128642
C_ROOKANDPAWNMOVEMENT:0.5357477592128642
C_CENTERCONTROL:0.4705475945650686
C_DEVELOPPIECES:0.5063873158221593
C_MATERIAL:0.49759421183674746
