ELO:810
CE_PASSEDPAWNS:0.42985732197587045
CE_PAWNWEAKNESSES:0.5816954017765168
CE_PIECEACTIVITY:0.45069663115970926
CE_KINGPAWNSHIELD:0.3615258791682393
CE_PIECECOORDINATION:0.48106627558050724
CE_MATERIAL:0.4287008275410293
CE_KINGSAFETY:0.45246178319558894
C_PIECESQUARETABLES:0.5141183837750012
C_MOBILITY:0.4580699119890511
C_KINGSAFETY:0.5859649288116587
C_PAWNSTRUCTURE:0.6155534671764824
C_PIECECOORDINATION:0.6474753144533733
C_ROOKANDPAWNMOVEMENT:0.6474753144533733
C_CENTERCONTROL:0.42513477675347316
C_DEVELOPPIECES:0.5347723338472101
C_MATERIAL:0.3733709373431265
