ELO:915
CE_PASSEDPAWNS:0.4956248184754897
CE_PAWNWEAKNESSES:0.4645369012839374
CE_PIECEACTIVITY:0.5987660404230947
CE_KINGPAWNSHIELD:0.41090954927514506
CE_PIECECOORDINATION:0.6240201372104719
CE_MATERIAL:0.5338669852189483
CE_KINGSAFETY:0.4892357647788631
C_PIECESQUARETABLES:0.4795603907998866
C_MOBILITY:0.4528789712461711
C_KINGSAFETY:0.4691452318258461
C_PAWNSTRUCTURE:0.587416035286925
C_PIECECOORDINATION:0.4554836665208783
C_ROOKANDPAWNMOVEMENT:0.4554836665208783
C_CENTERCONTROL:0.48572714789803695
C_DEVELOPPIECES:0.31919613436351285
C_MATERIAL:0.4861764160757421
