ELO:920
CE_PASSEDPAWNS:0.49812676753415125
CE_PAWNWEAKNESSES:0.4729445911853196
CE_PIECEACTIVITY:0.6242331961310352
CE_KINGPAWNSHIELD:0.4288439321084176
CE_PIECECOORDINATION:0.597259831959097
CE_MATERIAL:0.5659038001203439
CE_KINGSAFETY:0.5059108897625559
C_PIECESQUARETABLES:0.509516557619008
C_MOBILITY:0.45970425289619987
C_KINGSAFETY:0.4659952094509179
C_PAWNSTRUCTURE:0.5758222639514012
C_PIECECOORDINATION:0.4488101178734737
C_ROOKANDPAWNMOVEMENT:0.4488101178734737
C_CENTERCONTROL:0.4842898129502024
C_DEVELOPPIECES:0.34662317961468403
C_MATERIAL:0.45839506886740133
