ELO:974
CE_PASSEDPAWNS:0.48934339366365687
CE_PAWNWEAKNESSES:0.4909265039445252
CE_PIECEACTIVITY:0.5035083584328885
CE_KINGPAWNSHIELD:0.5117223370338643
CE_PIECECOORDINATION:0.5036657222140756
CE_MATERIAL:0.48839767452408045
CE_KINGSAFETY:0.5101185726546724
C_PIECESQUARETABLES:0.4689609284333718
C_MOBILITY:0.4861215038425385
C_KINGSAFETY:0.5032411383751848
C_PAWNSTRUCTURE:0.5191241464263728
C_PIECECOORDINATION:0.48487198623624495
C_ROOK:0.5138873967320202
CE_ROOK:0.511263187370097
C_CENTERCONTROL:0.5187836414081735
C_DEVELOPPIECES:0.49775311373728814
C_MATERIAL:0.5117850072373128
C_MOVECOUNT:0.5160029179032287
C_PAWNMOVEMENT:0.4792850004252421
