ELO:988
CE_PASSEDPAWNS:0.44642224382318946
CE_PAWNWEAKNESSES:0.45204521023419447
CE_PIECEACTIVITY:0.4206045976811932
CE_KINGPAWNSHIELD:0.4958173389059841
CE_PIECECOORDINATION:0.45098927965273145
CE_MATERIAL:0.4424822036287371
CE_KINGSAFETY:0.5488780028857025
C_PIECESQUARETABLES:0.47931336884037595
C_MOBILITY:0.44731866365377715
C_KINGSAFETY:0.515704767256712
C_PAWNSTRUCTURE:0.44922671911770506
C_PIECECOORDINATION:0.5310218705429212
C_ROOKANDPAWNMOVEMENT:0.5310218705429212
C_CENTERCONTROL:0.5597883811245805
C_DEVELOPPIECES:0.5532628442592408
C_MATERIAL:0.3689820990066969
