ELO:995
CE_PASSEDPAWNS:0.48928014119418894
CE_PAWNWEAKNESSES:0.49107076826096624
CE_PIECEACTIVITY:0.4812717373006136
CE_KINGPAWNSHIELD:0.5021735632967658
CE_PIECECOORDINATION:0.5095072935218928
CE_MATERIAL:0.5350680808048311
CE_KINGSAFETY:0.5
C_PIECESQUARETABLES:0.5
C_MOBILITY:0.5416378113683767
C_KINGSAFETY:0.5
C_PAWNSTRUCTURE:0.4922968390551592
C_PIECECOORDINATION:0.4344867738523346
C_ROOKANDPAWNMOVEMENT:0.4344867738523346
C_CENTERCONTROL:0.4999797748040904
C_DEVELOPPIECES:0.4185100998877913
C_MATERIAL:0.49376750209990206
C_MOVECOUNT:0.5
