ELO:871
CE_PASSEDPAWNS:0.47453705623601483
CE_PAWNWEAKNESSES:0.5001933303896818
CE_PIECEACTIVITY:0.46547190977290154
CE_KINGPAWNSHIELD:0.501164288551333
CE_PIECECOORDINATION:0.5049860480817115
CE_MATERIAL:0.5887727494326078
CE_KINGSAFETY:0.5123405847164895
C_PIECESQUARETABLES:0.49291305000228686
C_MOBILITY:0.475220431599493
C_KINGSAFETY:0.4905945256774177
C_PAWNSTRUCTURE:0.5135483898891912
C_PIECECOORDINATION:0.5020584895658222
C_ROOK:0.5150801671445979
CE_ROOK:0.551090184301056
C_CENTERCONTROL:0.4846261214194898
C_DEVELOPPIECES:0.5356111277466963
C_MATERIAL:0.4800417034385008
C_MOVECOUNT:0.4555737588569526
C_PAWNMOVEMENT:0.5453556139039424
