ELO:889
CE_PASSEDPAWNS:0.4083537980538845
CE_PAWNWEAKNESSES:0.45197584228881293
CE_PIECEACTIVITY:0.38454074083521034
CE_KINGPAWNSHIELD:0.4967711832732328
CE_PIECECOORDINATION:0.5111615118638048
CE_MATERIAL:0.4743989085812166
CE_KINGSAFETY:0.524438620391818
C_PIECESQUARETABLES:0.45752991285721967
C_MOBILITY:0.4814341014390635
C_KINGSAFETY:0.543046846859621
C_PAWNSTRUCTURE:0.4804759454539405
C_PIECECOORDINATION:0.5201790890652074
C_ROOKANDPAWNMOVEMENT:0.5201790890652074
C_CENTERCONTROL:0.5947238917697719
C_DEVELOPPIECES:0.54072579641181
C_MATERIAL:0.39963630987902177
