ELO:900
CE_PASSEDPAWNS:0.519563119223107
CE_PAWNWEAKNESSES:0.4377047227068266
CE_PIECEACTIVITY:0.6096872223154698
CE_KINGPAWNSHIELD:0.43593075632542766
CE_PIECECOORDINATION:0.6347930644444888
CE_MATERIAL:0.5291999756888515
CE_KINGSAFETY:0.4702265071264663
C_PIECESQUARETABLES:0.47198277257717447
C_MOBILITY:0.44479820581222484
C_KINGSAFETY:0.48958212746494484
C_PAWNSTRUCTURE:0.5930609005881166
C_PIECECOORDINATION:0.46198778011340225
C_ROOKANDPAWNMOVEMENT:0.46198778011340225
C_CENTERCONTROL:0.5213324752895699
C_DEVELOPPIECES:0.31950494985501704
C_MATERIAL:0.4697405037748851
