ELO:919
CE_PASSEDPAWNS:0.4862756254774104
CE_PAWNWEAKNESSES:0.4882874213129378
CE_PIECEACTIVITY:0.4705089203066586
CE_KINGPAWNSHIELD:0.4913866692648449
CE_PIECECOORDINATION:0.5060096707828594
CE_MATERIAL:0.5044655189542057
CE_KINGSAFETY:0.5092408130745166
C_PIECESQUARETABLES:0.4995966381533312
C_MOBILITY:0.49060666353138205
C_KINGSAFETY:0.5150289294218119
C_PAWNSTRUCTURE:0.5166316115590738
C_PIECECOORDINATION:0.4772552146839629
C_ROOK:0.5366631899070572
CE_ROOK:0.5060447165413627
C_CENTERCONTROL:0.536475384066
C_DEVELOPPIECES:0.5032118004044094
C_MATERIAL:0.517859372519175
C_MOVECOUNT:0.544174400029311
C_PAWNMOVEMENT:0.48873376155799314
