ELO:1000
CE_PASSEDPAWNS:0.4709753915630695
CE_PAWNWEAKNESSES:0.4282202962181287
CE_PIECEACTIVITY:0.45098807500028787
CE_KINGPAWNSHIELD:0.4697907366865714
CE_PIECECOORDINATION:0.45695071046983615
CE_MATERIAL:0.4597339694018092
CE_KINGSAFETY:0.492616904435961
C_PIECESQUARETABLES:0.5071062953486613
C_MOBILITY:0.4394295688185448
C_KINGSAFETY:0.4736786784981106
C_PAWNSTRUCTURE:0.45875396134802426
C_PIECECOORDINATION:0.5016469355187761
C_ROOKANDPAWNMOVEMENT:0.5016469355187761
C_CENTERCONTROL:0.5307843639059531
C_DEVELOPPIECES:0.5149418376613811
C_MATERIAL:0.3975813710434044
