ELO:900
CE_PASSEDPAWNS:0.5404848701252669
CE_PAWNWEAKNESSES:0.45064236947789543
CE_PIECEACTIVITY:0.596366704773461
CE_KINGPAWNSHIELD:0.4364507337794175
CE_PIECECOORDINATION:0.646231687604094
CE_MATERIAL:0.5220487422823257
CE_KINGSAFETY:0.47414997242742657
C_PIECESQUARETABLES:0.49262335007168606
C_MOBILITY:0.4415730505659934
C_KINGSAFETY:0.5003797042476799
C_PAWNSTRUCTURE:0.592210941232513
C_PIECECOORDINATION:0.4818469984578905
C_ROOKANDPAWNMOVEMENT:0.4818469984578905
C_CENTERCONTROL:0.5423266090406808
C_DEVELOPPIECES:0.3251245222801605
C_MATERIAL:0.48346797292851507
