ELO:1000
CE_PASSEDPAWNS:0.48373679925247787
CE_PAWNWEAKNESSES:0.442948696852108
CE_PIECEACTIVITY:0.45098807500028787
CE_KINGPAWNSHIELD:0.46722772944045515
CE_PIECECOORDINATION:0.46044847777014725
CE_MATERIAL:0.46176370572071296
CE_KINGSAFETY:0.5114631259517646
C_PIECESQUARETABLES:0.5058897003513763
C_MOBILITY:0.4463950487218584
C_KINGSAFETY:0.47773066696175565
C_PAWNSTRUCTURE:0.4696336144337132
C_PIECECOORDINATION:0.49061312188567097
C_ROOKANDPAWNMOVEMENT:0.49061312188567097
C_CENTERCONTROL:0.5198471783028492
C_DEVELOPPIECES:0.5207795855003332
C_MATERIAL:0.4051958808921631
