ELO:1008
CE_PASSEDPAWNS:0.502949599947888
CE_PAWNWEAKNESSES:0.5123532514434384
CE_PIECEACTIVITY:0.5099132925339471
CE_KINGPAWNSHIELD:0.5145424588083727
CE_PIECECOORDINATION:0.465954011111668
CE_MATERIAL:0.5
CE_KINGSAFETY:0.4901855130939113
C_PIECESQUARETABLES:0.49979766930598324
C_MOBILITY:0.5093339529649109
C_KINGSAFETY:0.5095775259439442
C_PAWNSTRUCTURE:0.5
C_PIECECOORDINATION:0.5073435995910985
C_ROOKANDPAWNMOVEMENT:0.5073435995910985
C_CENTERCONTROL:0.4990082722140956
C_DEVELOPPIECES:0.4690400802803182
C_MATERIAL:0.5
