ELO:997
CE_PASSEDPAWNS:0.5
CE_PAWNWEAKNESSES:0.5190556432171685
CE_PIECEACTIVITY:0.5000701798502536
CE_KINGPAWNSHIELD:0.5210389543042401
CE_PIECECOORDINATION:0.5105228530419337
CE_MATERIAL:0.5104268150737995
CE_KINGSAFETY:0.5
C_PIECESQUARETABLES:0.5
C_MOBILITY:0.4911587840713131
C_KINGSAFETY:0.5085474123564891
C_PAWNSTRUCTURE:0.5032538718966691
C_PIECECOORDINATION:0.5010897269724308
C_ROOKANDPAWNMOVEMENT:0.5010897269724308
C_CENTERCONTROL:0.5143475361867451
C_DEVELOPPIECES:0.4975657213985054
C_MATERIAL:0.48617400747160144
C_MOVECOUNT:0.48621304696196777
