ELO:1000
CE_PASSEDPAWNS:0.45942290533247204
CE_PAWNWEAKNESSES:0.4612036943557552
CE_PIECEACTIVITY:0.48128914007413054
CE_KINGPAWNSHIELD:0.487159389916305
CE_PIECECOORDINATION:0.47911137584615443
CE_MATERIAL:0.4493907190518684
CE_KINGSAFETY:0.5114989847257428
C_PIECESQUARETABLES:0.5020301053955176
C_MOBILITY:0.45514210976270925
C_KINGSAFETY:0.48229430965587766
C_PAWNSTRUCTURE:0.4584659246158708
C_PIECECOORDINATION:0.49968355859552965
C_ROOKANDPAWNMOVEMENT:0.49968355859552965
C_CENTERCONTROL:0.5053495926354038
C_DEVELOPPIECES:0.5147731526565883
C_MATERIAL:0.478466393265198
