ELO:1000
CE_PASSEDPAWNS:0.48299025066319246
CE_PAWNWEAKNESSES:0.45081479826979487
CE_PIECEACTIVITY:0.45882054365835795
CE_KINGPAWNSHIELD:0.474620734991099
CE_PIECECOORDINATION:0.44383334686234166
CE_MATERIAL:0.44869568302966006
CE_KINGSAFETY:0.48055010133875736
C_PIECESQUARETABLES:0.5040204634958311
C_MOBILITY:0.45925918793581216
C_KINGSAFETY:0.4709987881085573
C_PAWNSTRUCTURE:0.470957930487288
C_PIECECOORDINATION:0.49306996902912514
C_ROOKANDPAWNMOVEMENT:0.49306996902912514
C_CENTERCONTROL:0.5195646719516964
C_DEVELOPPIECES:0.5115875259560593
C_MATERIAL:0.4193580515019883
