ELO:896
CE_PASSEDPAWNS:0.47919993278071243
CE_PAWNWEAKNESSES:0.5497955831009456
CE_PIECEACTIVITY:0.4686596802542499
CE_KINGPAWNSHIELD:0.46373730423257153
CE_PIECECOORDINATION:0.494313011052023
CE_MATERIAL:0.5483233217853993
CE_KINGSAFETY:0.5239203602796192
C_PIECESQUARETABLES:0.5273725377697939
C_MOBILITY:0.4695506067036988
C_KINGSAFETY:0.47361293101303675
C_PAWNSTRUCTURE:0.5157764902951756
C_PIECECOORDINATION:0.4941392148255493
C_ROOKANDPAWNMOVEMENT:0.4941392148255493
C_CENTERCONTROL:0.5494529371183728
C_DEVELOPPIECES:0.4916837601329668
C_MATERIAL:0.44221757983102733
C_MOVECOUNT:0.5
