ELO:922
CE_PASSEDPAWNS:0.48796529644705455
CE_PAWNWEAKNESSES:0.4882874213129378
CE_PIECEACTIVITY:0.4711421346609454
CE_KINGPAWNSHIELD:0.4811632952985348
CE_PIECECOORDINATION:0.5337892885487476
CE_MATERIAL:0.5080621898990323
CE_KINGSAFETY:0.49413871149696664
C_PIECESQUARETABLES:0.49006332697379956
C_MOBILITY:0.4911951080888081
C_KINGSAFETY:0.5091506113744863
C_PAWNSTRUCTURE:0.5117405671356737
C_PIECECOORDINATION:0.4772552146839629
C_ROOK:0.5265721092343678
CE_ROOK:0.48478373174850536
C_CENTERCONTROL:0.5373332189556821
C_DEVELOPPIECES:0.49861955862235874
C_MATERIAL:0.5214683448461108
C_MOVECOUNT:0.5527979696139762
C_PAWNMOVEMENT:0.47971150416869934
