ELO:955
CE_PASSEDPAWNS:0.5175131542136044
CE_PAWNWEAKNESSES:0.4405220147873546
CE_PIECEACTIVITY:0.6039878913028841
CE_KINGPAWNSHIELD:0.3971434734322837
CE_PIECECOORDINATION:0.6117037545202547
CE_MATERIAL:0.5260304429001308
CE_KINGSAFETY:0.5109345322602074
C_PIECESQUARETABLES:0.5223565328573195
C_MOBILITY:0.4716427375737387
C_KINGSAFETY:0.4542920316498061
C_PAWNSTRUCTURE:0.5185563787039505
C_PIECECOORDINATION:0.46001520598073137
C_ROOKANDPAWNMOVEMENT:0.46001520598073137
C_CENTERCONTROL:0.4440360730117753
C_DEVELOPPIECES:0.41561901855936667
C_MATERIAL:0.4570093653202561
