ELO:931
CE_PASSEDPAWNS:0.49812676753415125
CE_PAWNWEAKNESSES:0.4812765765523349
CE_PIECEACTIVITY:0.622857709207344
CE_KINGPAWNSHIELD:0.4288439321084176
CE_PIECECOORDINATION:0.6004300064970767
CE_MATERIAL:0.5549545503010613
CE_KINGSAFETY:0.5244242751354049
C_PIECESQUARETABLES:0.5188053132151906
C_MOBILITY:0.4676012903213173
C_KINGSAFETY:0.4559114111944833
C_PAWNSTRUCTURE:0.5646460938884006
C_PIECECOORDINATION:0.44566486326710486
C_ROOKANDPAWNMOVEMENT:0.44566486326710486
C_CENTERCONTROL:0.4843712602471829
C_DEVELOPPIECES:0.3544431789407782
C_MATERIAL:0.46227930147948537
