ELO:899
CE_PASSEDPAWNS:0.48604073213033194
CE_PAWNWEAKNESSES:0.5339704108632233
CE_PIECEACTIVITY:0.5539151957866872
CE_KINGPAWNSHIELD:0.5077394704121933
CE_PIECECOORDINATION:0.47414906095231707
CE_MATERIAL:0.525820187030548
CE_KINGSAFETY:0.5380676859758009
C_PIECESQUARETABLES:0.48530879963816276
C_MOBILITY:0.5027851284553785
C_KINGSAFETY:0.510500886155461
C_PAWNSTRUCTURE:0.49969008141030935
C_PIECECOORDINATION:0.5047583330640129
C_ROOKANDPAWNMOVEMENT:0.5047583330640129
C_CENTERCONTROL:0.49001550872360955
C_DEVELOPPIECES:0.5459577976782604
C_MATERIAL:0.5055206207747218
C_MOVECOUNT:0.49335045414268786
