ELO:1058
CE_PASSEDPAWNS:0.5094595835636113
CE_PAWNWEAKNESSES:0.45055251555702586
CE_PIECEACTIVITY:0.5101156012149163
CE_KINGPAWNSHIELD:0.3692468093916304
CE_PIECECOORDINATION:0.4879365424681443
CE_MATERIAL:0.46295221950949766
CE_KINGSAFETY:0.5
C_PIECESQUARETABLES:0.5
C_MOBILITY:0.4953253107692609
C_KINGSAFETY:0.5362474985487324
C_PAWNSTRUCTURE:0.5093134734611626
C_PIECECOORDINATION:0.5200378185094867
C_ROOKANDPAWNMOVEMENT:0.5200378185094867
C_CENTERCONTROL:0.6459532553886155
C_DEVELOPPIECES:0.4185100998877913
C_MATERIAL:0.5171288501257149
C_MOVECOUNT:0.5
