ELO:953
CE_PASSEDPAWNS:0.4852820969520255
CE_PAWNWEAKNESSES:0.4512331881961198
CE_PIECEACTIVITY:0.6161506028977352
CE_KINGPAWNSHIELD:0.4047340388377896
CE_PIECECOORDINATION:0.6096308082525973
CE_MATERIAL:0.525447703390769
CE_KINGSAFETY:0.4991757776678834
C_PIECESQUARETABLES:0.5087766509386346
C_MOBILITY:0.47465942106587966
C_KINGSAFETY:0.44693838209125264
C_PAWNSTRUCTURE:0.538118189917279
C_PIECECOORDINATION:0.4216643022686723
C_ROOKANDPAWNMOVEMENT:0.4216643022686723
C_CENTERCONTROL:0.45194825572486524
C_DEVELOPPIECES:0.3852012881327859
C_MATERIAL:0.46647537476061884
