ELO:919
CE_PASSEDPAWNS:0.49234631181765903
CE_PAWNWEAKNESSES:0.47667028216981855
CE_PIECEACTIVITY:0.4615520630671395
CE_KINGPAWNSHIELD:0.49607869371175817
CE_PIECECOORDINATION:0.5326347479691738
CE_MATERIAL:0.5080621898990323
CE_KINGSAFETY:0.5020419701482148
C_PIECESQUARETABLES:0.5
C_MOBILITY:0.48915025358622305
C_KINGSAFETY:0.4971343787181759
C_PAWNSTRUCTURE:0.5123465608983725
C_PIECECOORDINATION:0.48470832379714923
C_ROOK:0.5208931489927315
CE_ROOK:0.47501586239821475
C_CENTERCONTROL:0.5321003885992344
C_DEVELOPPIECES:0.5038992608696464
C_MATERIAL:0.514091634815382
C_MOVECOUNT:0.5612562046707997
C_PAWNMOVEMENT:0.4921106835652104
