ELO:903
CE_PASSEDPAWNS:0.4853262131069504
CE_PAWNWEAKNESSES:0.5383842235973277
CE_PIECEACTIVITY:0.5354965325038308
CE_KINGPAWNSHIELD:0.5181046960755228
CE_PIECECOORDINATION:0.48777763750864167
CE_MATERIAL:0.5231848018731334
CE_KINGSAFETY:0.5318735355304081
C_PIECESQUARETABLES:0.49971322586182626
C_MOBILITY:0.4979502538776464
C_KINGSAFETY:0.5204744305044559
C_PAWNSTRUCTURE:0.4941690448334174
C_PIECECOORDINATION:0.484410929330565
C_ROOKANDPAWNMOVEMENT:0.484410929330565
C_CENTERCONTROL:0.49297179573153643
C_DEVELOPPIECES:0.5422168545067944
C_MATERIAL:0.5139880520252328
C_MOVECOUNT:0.5091657260679227
