ELO:1070
CE_PASSEDPAWNS:0.5
CE_PAWNWEAKNESSES:0.5134731024977444
CE_PIECEACTIVITY:0.5072481620433791
CE_KINGPAWNSHIELD:0.49951133492726646
CE_PIECECOORDINATION:0.5180686706356957
CE_MATERIAL:0.49144940050980723
CE_KINGSAFETY:0.5049798441438035
C_PIECESQUARETABLES:0.5
C_MOBILITY:0.500403112846203
C_KINGSAFETY:0.5
C_PAWNSTRUCTURE:0.5022859509907786
C_PIECECOORDINATION:0.5
C_ROOKANDPAWNMOVEMENT:0.5
C_CENTERCONTROL:0.4890613063154283
C_DEVELOPPIECES:0.5
C_MATERIAL:0.5
