ELO:925
CE_PASSEDPAWNS:0.43994450604240753
CE_PAWNWEAKNESSES:0.4078685893211931
CE_PIECEACTIVITY:0.35971127580989537
CE_KINGPAWNSHIELD:0.5380842553845847
CE_PIECECOORDINATION:0.48447102211325593
CE_MATERIAL:0.4530935738576934
CE_KINGSAFETY:0.4692862754500768
C_PIECESQUARETABLES:0.5031226756104795
C_MOBILITY:0.4867445438582493
C_KINGSAFETY:0.5256389269514651
C_PAWNSTRUCTURE:0.47396800900124714
C_PIECECOORDINATION:0.545764926920995
C_ROOKANDPAWNMOVEMENT:0.545764926920995
C_CENTERCONTROL:0.5984035336833339
C_DEVELOPPIECES:0.5117378127216043
C_MATERIAL:0.4311062983685274
