ELO:1004
CE_PASSEDPAWNS:0.4953035065553256
CE_PAWNWEAKNESSES:0.47650011982052837
CE_PIECEACTIVITY:0.49835499262649974
CE_KINGPAWNSHIELD:0.4998493055374521
CE_PIECECOORDINATION:0.5033682645463174
CE_MATERIAL:0.4933268137058907
CE_KINGSAFETY:0.5
C_PIECESQUARETABLES:0.5
C_MOBILITY:0.5077594877190007
C_KINGSAFETY:0.48378648765057075
C_PAWNSTRUCTURE:0.5046288252110905
C_PIECECOORDINATION:0.49734683302910887
C_ROOKANDPAWNMOVEMENT:0.49734683302910887
C_CENTERCONTROL:0.5220977833383476
C_DEVELOPPIECES:0.48288211270939313
C_MATERIAL:0.5081844068793154
C_MOVECOUNT:0.4926609950244728
