ELO:1015
CE_PASSEDPAWNS:0.5534525701089442
CE_PAWNWEAKNESSES:0.4989743826476497
CE_PIECEACTIVITY:0.5265740213369621
CE_KINGPAWNSHIELD:0.4363912863365529
CE_PIECECOORDINATION:0.5192958251478754
CE_MATERIAL:0.4673561076978038
CE_KINGSAFETY:0.5
C_PIECESQUARETABLES:0.5
C_MOBILITY:0.4949698754927532
C_KINGSAFETY:0.5420521834726272
C_PAWNSTRUCTURE:0.5
C_PIECECOORDINATION:0.4764066537320234
C_ROOKANDPAWNMOVEMENT:0.4764066537320234
C_CENTERCONTROL:0.4692925024858492
C_DEVELOPPIECES:0.48366529511932843
C_MATERIAL:0.4931440457367891
C_MOVECOUNT:0.5
