ELO:1057
CE_PASSEDPAWNS:0.49638974961371524
CE_PAWNWEAKNESSES:0.49107276696958374
CE_PIECEACTIVITY:0.5
CE_KINGPAWNSHIELD:0.4894370216669268
CE_PIECECOORDINATION:0.5021784484244298
CE_MATERIAL:0.4903553898285991
CE_KINGSAFETY:0.5
C_PIECESQUARETABLES:0.4890862004518105
C_MOBILITY:0.5
C_KINGSAFETY:0.5
C_PAWNSTRUCTURE:0.5
C_PIECECOORDINATION:0.5
C_ROOKANDPAWNMOVEMENT:0.5
C_CENTERCONTROL:0.5031090223559075
C_DEVELOPPIECES:0.5
C_MATERIAL:0.5
