ELO:922
CE_PASSEDPAWNS:0.49234631181765903
CE_PAWNWEAKNESSES:0.4882874213129378
CE_PIECEACTIVITY:0.4615520630671395
CE_KINGPAWNSHIELD:0.49607869371175817
CE_PIECECOORDINATION:0.5318822126570496
CE_MATERIAL:0.5080621898990323
CE_KINGSAFETY:0.49413871149696664
C_PIECESQUARETABLES:0.49006332697379956
C_MOBILITY:0.48915025358622305
C_KINGSAFETY:0.4971343787181759
C_PAWNSTRUCTURE:0.5117405671356737
C_PIECECOORDINATION:0.49014195003358263
C_ROOK:0.5265721092343678
CE_ROOK:0.48478373174850536
C_CENTERCONTROL:0.538229326239057
C_DEVELOPPIECES:0.49395718422585627
C_MATERIAL:0.514091634815382
C_MOVECOUNT:0.5612562046707997
C_PAWNMOVEMENT:0.4921106835652104
