ELO:1000
CE_PASSEDPAWNS:0.4873853886988719
CE_PAWNWEAKNESSES:0.4402471804951603
CE_PIECEACTIVITY:0.4374885742571765
CE_KINGPAWNSHIELD:0.47005857977308263
CE_PIECECOORDINATION:0.4517292395907375
CE_MATERIAL:0.46134545964598916
CE_KINGSAFETY:0.5249802386442232
C_PIECESQUARETABLES:0.4737658637374335
C_MOBILITY:0.44055367406699614
C_KINGSAFETY:0.49278936704524634
C_PAWNSTRUCTURE:0.43298192193205787
C_PIECECOORDINATION:0.49047458103938923
C_ROOKANDPAWNMOVEMENT:0.49047458103938923
C_CENTERCONTROL:0.5675374402249121
C_DEVELOPPIECES:0.5596453743556661
C_MATERIAL:0.4073111924928723
