ELO:1006
CE_PASSEDPAWNS:0.5
CE_PAWNWEAKNESSES:0.4756948205800183
CE_PIECEACTIVITY:0.5
CE_KINGPAWNSHIELD:0.5187948089121232
CE_PIECECOORDINATION:0.5060607234675919
CE_MATERIAL:0.5094879770301042
CE_KINGSAFETY:0.5
C_PIECESQUARETABLES:0.5
C_MOBILITY:0.4997759326443234
C_KINGSAFETY:0.4703885067894018
C_PAWNSTRUCTURE:0.4879155498080247
C_PIECECOORDINATION:0.5
C_ROOKANDPAWNMOVEMENT:0.5
C_CENTERCONTROL:0.4894500313715664
C_DEVELOPPIECES:0.49953083459359837
C_MATERIAL:0.5028255247193398
C_MOVECOUNT:0.513165404146982
