ELO:903
CE_PASSEDPAWNS:0.4782671203737301
CE_PAWNWEAKNESSES:0.4745690689609958
CE_PIECEACTIVITY:0.4567270007101245
CE_KINGPAWNSHIELD:0.47851134045219285
CE_PIECECOORDINATION:0.5273736775131503
CE_MATERIAL:0.48189376496449005
CE_KINGSAFETY:0.48719732294648754
C_PIECESQUARETABLES:0.49536915416931543
C_MOBILITY:0.49325258654351695
C_KINGSAFETY:0.48591705800595236
C_PAWNSTRUCTURE:0.511497025478156
C_PIECECOORDINATION:0.5080924424936413
C_ROOK:0.5133164993998345
CE_ROOK:0.47814939008083335
C_CENTERCONTROL:0.5345948695755811
C_DEVELOPPIECES:0.487456967560768
C_MATERIAL:0.5063243344489871
C_MOVECOUNT:0.5818204646671088
C_PAWNMOVEMENT:0.5037817866884609
