ELO:920
CE_PASSEDPAWNS:0.4962298258486679
CE_PAWNWEAKNESSES:0.47919610326426704
CE_PIECEACTIVITY:0.597381577411799
CE_KINGPAWNSHIELD:0.43166003109364554
CE_PIECECOORDINATION:0.6140514112761257
CE_MATERIAL:0.5659038001203439
CE_KINGSAFETY:0.5126529288345562
C_PIECESQUARETABLES:0.5134259944599162
C_MOBILITY:0.4517342966892837
C_KINGSAFETY:0.4865273778395396
C_PAWNSTRUCTURE:0.5669880916162093
C_PIECECOORDINATION:0.45112903254795245
C_ROOKANDPAWNMOVEMENT:0.45112903254795245
C_CENTERCONTROL:0.4713052892304065
C_DEVELOPPIECES:0.3450044385427221
C_MATERIAL:0.45839506886740133
