ELO:921
CE_PASSEDPAWNS:0.41061064992061264
CE_PAWNWEAKNESSES:0.47480340766928564
CE_PIECEACTIVITY:0.3875701160331112
CE_KINGPAWNSHIELD:0.502342457205645
CE_PIECECOORDINATION:0.4948790516506009
CE_MATERIAL:0.419548741007411
CE_KINGSAFETY:0.5101538318579677
C_PIECESQUARETABLES:0.4954645430560049
C_MOBILITY:0.4893994673138912
C_KINGSAFETY:0.5256480241377346
C_PAWNSTRUCTURE:0.477691073999312
C_PIECECOORDINATION:0.5362290953402391
C_ROOKANDPAWNMOVEMENT:0.5362290953402391
C_CENTERCONTROL:0.5876797728532277
C_DEVELOPPIECES:0.5358940520183789
C_MATERIAL:0.40928517818924126
