ELO:969
CE_PASSEDPAWNS:0.5175903333547639
CE_PAWNWEAKNESSES:0.5444903461891792
CE_PIECEACTIVITY:0.4696276154410246
CE_KINGPAWNSHIELD:0.48974055588468907
CE_PIECECOORDINATION:0.4810415863370711
CE_MATERIAL:0.5120253357511108
CE_KINGSAFETY:0.5
C_PIECESQUARETABLES:0.5
C_MOBILITY:0.5297255359130337
C_KINGSAFETY:0.48213598215196707
C_PAWNSTRUCTURE:0.4912496873652118
C_PIECECOORDINATION:0.5055911678955833
C_ROOKANDPAWNMOVEMENT:0.5055911678955833
C_CENTERCONTROL:0.5
C_DEVELOPPIECES:0.5
C_MATERIAL:0.5
C_MOVECOUNT:0.5
