ELO:927
CE_PASSEDPAWNS:0.4874121720371259
CE_PAWNWEAKNESSES:0.4687950797425339
CE_PIECEACTIVITY:0.4690560389368694
CE_KINGPAWNSHIELD:0.4871401682256742
CE_PIECECOORDINATION:0.5199598771144456
CE_MATERIAL:0.5051262523472299
CE_KINGSAFETY:0.5022646103713945
C_PIECESQUARETABLES:0.5
C_MOBILITY:0.48717343460542684
C_KINGSAFETY:0.494004592201782
C_PAWNSTRUCTURE:0.5027797115444146
C_PIECECOORDINATION:0.5002517825713816
C_ROOK:0.5331974176665506
CE_ROOK:0.47814939008083335
C_CENTERCONTROL:0.5393243677924722
C_DEVELOPPIECES:0.4849736100140265
C_MATERIAL:0.5216011619647059
C_MOVECOUNT:0.5710727857636425
C_PAWNMOVEMENT:0.505471307075131
