ELO:1020
CE_PASSEDPAWNS:0.5231770440007963
CE_PAWNWEAKNESSES:0.5
CE_PIECEACTIVITY:0.61135351880436
CE_KINGPAWNSHIELD:0.3692468093916304
CE_PIECECOORDINATION:0.505621880955702
CE_MATERIAL:0.4893915985208783
CE_KINGSAFETY:0.5
C_PIECESQUARETABLES:0.4742406015366489
C_MOBILITY:0.5116623085970322
C_KINGSAFETY:0.5
C_PAWNSTRUCTURE:0.5340833201903585
C_PIECECOORDINATION:0.5138555281193984
C_ROOKANDPAWNMOVEMENT:0.5138555281193984
C_CENTERCONTROL:0.4708432329538287
C_DEVELOPPIECES:0.49594186963912834
C_MATERIAL:0.47858476818011725
C_MOVECOUNT:0.5
