ELO:1001
CE_PASSEDPAWNS:0.5292713553740317
CE_PAWNWEAKNESSES:0.5360047393387097
CE_PIECEACTIVITY:0.49692803024529203
CE_KINGPAWNSHIELD:0.46644315994470087
CE_PIECECOORDINATION:0.5338379738680233
CE_MATERIAL:0.333520471333264
CE_KINGSAFETY:0.5059861168853176
C_PIECESQUARETABLES:0.49964890701010334
C_MOBILITY:0.3300645672869119
C_KINGSAFETY:0.41981592283643504
C_PAWNSTRUCTURE:0.47781556949821635
C_PIECECOORDINATION:0.4834309135126268
C_ROOKANDPAWNMOVEMENT:0.4834309135126268
C_CENTERCONTROL:0.48352068588383
C_DEVELOPPIECES:0.5726093726666399
C_MATERIAL:0.5939178501938911
