ELO:1000
CE_PASSEDPAWNS:0.49544060423471964
CE_PAWNWEAKNESSES:0.5119203892196246
CE_PIECEACTIVITY:0.5045656387477182
CE_KINGPAWNSHIELD:0.466475216621464
CE_PIECECOORDINATION:0.5362634822033321
CE_MATERIAL:0.47783269664820555
CE_KINGSAFETY:0.5203880369251125
C_PIECESQUARETABLES:0.49604587791048516
C_MOBILITY:0.5398765344503159
C_KINGSAFETY:0.47795248022983744
C_PAWNSTRUCTURE:0.4829372834756471
C_PIECECOORDINATION:0.4800605177272807
C_ROOKANDPAWNMOVEMENT:0.4800605177272807
C_CENTERCONTROL:0.4708184355306844
C_DEVELOPPIECES:0.4941277537980227
C_MATERIAL:0.5123377781376978
