ELO:938
CE_PASSEDPAWNS:0.5098051071020053
CE_PAWNWEAKNESSES:0.6051579210338038
CE_PIECEACTIVITY:0.49641080073477406
CE_KINGPAWNSHIELD:0.45323692902039914
CE_PIECECOORDINATION:0.5898524013095349
CE_MATERIAL:0.5461789235906902
CE_KINGSAFETY:0.4947391141124144
C_PIECESQUARETABLES:0.4935221003143719
C_MOBILITY:0.5505504699267407
C_KINGSAFETY:0.43855702864112145
C_PAWNSTRUCTURE:0.5197636955650861
C_PIECECOORDINATION:0.5469254205929803
C_ROOKANDPAWNMOVEMENT:0.5469254205929803
C_CENTERCONTROL:0.5402524087009983
C_DEVELOPPIECES:0.5131829359531836
C_MATERIAL:0.6036191453831696
