ELO:1004
CE_PASSEDPAWNS:0.48501532580783924
CE_PAWNWEAKNESSES:0.5136400280051965
CE_PIECEACTIVITY:0.4940867161899177
CE_KINGPAWNSHIELD:0.5015956818954859
CE_PIECECOORDINATION:0.49469739246664496
CE_MATERIAL:0.4962382953279282
CE_KINGSAFETY:0.5
C_PIECESQUARETABLES:0.5
C_MOBILITY:0.49862255490059176
C_KINGSAFETY:0.49538784424295745
C_PAWNSTRUCTURE:0.4844027365176181
C_PIECECOORDINATION:0.49615367343207845
C_ROOKANDPAWNMOVEMENT:0.49615367343207845
C_CENTERCONTROL:0.5
C_DEVELOPPIECES:0.502008770216926
C_MATERIAL:0.4930656428097748
C_MOVECOUNT:0.5
