ELO:912
CE_PASSEDPAWNS:0.5615606640325853
CE_PAWNWEAKNESSES:0.5530269199650627
CE_PIECEACTIVITY:0.5009182177903247
CE_KINGPAWNSHIELD:0.6407645793891756
CE_PIECECOORDINATION:0.534322144796825
CE_MATERIAL:0.35479834844900565
CE_KINGSAFETY:0.4891760430325209
C_PIECESQUARETABLES:0.4744551000491819
C_MOBILITY:0.4562353975467242
C_KINGSAFETY:0.3798305562250682
C_PAWNSTRUCTURE:0.5605772834569007
C_PIECECOORDINATION:0.6757675612662102
C_ROOKANDPAWNMOVEMENT:0.6757675612662102
C_CENTERCONTROL:0.5561752499446327
C_DEVELOPPIECES:0.458948193030966
C_MATERIAL:0.4857860712718233
