ELO:1002
CE_PASSEDPAWNS:0.5077771719130012
CE_PAWNWEAKNESSES:0.5110238768890837
CE_PIECEACTIVITY:0.5061695894163324
CE_KINGPAWNSHIELD:0.5108211655668564
CE_PIECECOORDINATION:0.4763402333197263
CE_MATERIAL:0.4929720731834084
CE_KINGSAFETY:0.5
C_PIECESQUARETABLES:0.5
C_MOBILITY:0.48421892059408217
C_KINGSAFETY:0.4938348027528515
C_PAWNSTRUCTURE:0.4905509584418385
C_PIECECOORDINATION:0.509803514540476
C_ROOK:0.49398444940472735
CE_ROOK:0.5156455379366026
C_CENTERCONTROL:0.49288856789372476
C_DEVELOPPIECES:0.499497494093487
C_MATERIAL:0.5000688632165662
C_MOVECOUNT:0.5135844700901999
C_PAWNMOVEMENT:0.49760073491699014
