ELO:986
CE_PASSEDPAWNS:0.5100151087279656
CE_PAWNWEAKNESSES:0.5025912047893017
CE_PIECEACTIVITY:0.5222969785423328
CE_KINGPAWNSHIELD:0.4901512394191926
CE_PIECECOORDINATION:0.5046527634344222
CE_MATERIAL:0.47539398740387895
CE_KINGSAFETY:0.5101689502887163
C_PIECESQUARETABLES:0.48882413166262395
C_MOBILITY:0.4847043801497414
C_KINGSAFETY:0.4989904551628401
C_PAWNSTRUCTURE:0.49219529754015345
C_PIECECOORDINATION:0.4912038417952108
C_ROOKANDPAWNMOVEMENT:0.4912038417952108
C_CENTERCONTROL:0.4969996173574357
C_DEVELOPPIECES:0.4930295432446827
C_MATERIAL:0.4907732899319944
