ELO:1004
CE_PASSEDPAWNS:0.47874668783828506
CE_PAWNWEAKNESSES:0.4992494515744459
CE_PIECEACTIVITY:0.5724508804087005
CE_KINGPAWNSHIELD:0.5010681236739805
CE_PIECECOORDINATION:0.5573527972417508
CE_MATERIAL:0.4980215953831598
CE_KINGSAFETY:0.5389339249690244
C_PIECESQUARETABLES:0.46639050339711746
C_MOBILITY:0.474899131563844
C_KINGSAFETY:0.4843900965650077
C_PAWNSTRUCTURE:0.504467623541992
C_PIECECOORDINATION:0.41101547042056014
C_ROOKANDPAWNMOVEMENT:0.41101547042056014
C_CENTERCONTROL:0.4411313728315178
C_DEVELOPPIECES:0.5028635672693818
C_MATERIAL:0.4419305639086628
