ELO:956
CE_PASSEDPAWNS:0.5152475412092251
CE_PAWNWEAKNESSES:0.5355192968941821
CE_PIECEACTIVITY:0.4770325494264646
CE_KINGPAWNSHIELD:0.47823168951277667
CE_PIECECOORDINATION:0.5214036011295485
CE_MATERIAL:0.33048935519389255
CE_KINGSAFETY:0.5146205882974266
C_PIECESQUARETABLES:0.49280072822975246
C_MOBILITY:0.3184012174034439
C_KINGSAFETY:0.45216182363908225
C_PAWNSTRUCTURE:0.47924081977712224
C_PIECECOORDINATION:0.4812180398348485
C_ROOKANDPAWNMOVEMENT:0.4812180398348485
C_CENTERCONTROL:0.43666133739835955
C_DEVELOPPIECES:0.5565889115410606
C_MATERIAL:0.5848603961189462
