ELO:1008
CE_PASSEDPAWNS:0.5105679486670263
CE_PAWNWEAKNESSES:0.5
CE_PIECEACTIVITY:0.49629268160114093
CE_KINGPAWNSHIELD:0.5093251514824235
CE_PIECECOORDINATION:0.5092222581327074
CE_MATERIAL:0.4932431865702203
CE_KINGSAFETY:0.5037442201553264
C_PIECESQUARETABLES:0.5
C_MOBILITY:0.4978559295633603
C_KINGSAFETY:0.5029205509323197
C_PAWNSTRUCTURE:0.5047303464861823
C_PIECECOORDINATION:0.5025718843344048
C_ROOKANDPAWNMOVEMENT:0.5025718843344048
C_CENTERCONTROL:0.49673567107958067
C_DEVELOPPIECES:0.5
C_MATERIAL:0.49357988721692536
