ELO:943
CE_PASSEDPAWNS:0.5297755213990268
CE_PAWNWEAKNESSES:0.49129665766975855
CE_PIECEACTIVITY:0.4896930497988849
CE_KINGPAWNSHIELD:0.47769772163074115
CE_PIECECOORDINATION:0.5
CE_MATERIAL:0.4963953967887168
CE_KINGSAFETY:0.5476592682286456
C_PIECESQUARETABLES:0.527084638746556
C_MOBILITY:0.5
C_KINGSAFETY:0.5243461987840924
C_PAWNSTRUCTURE:0.5058710661736983
C_PIECECOORDINATION:0.4884547123254456
C_ROOKANDPAWNMOVEMENT:0.4884547123254456
C_CENTERCONTROL:0.4959833776499245
C_DEVELOPPIECES:0.49347902950295036
C_MATERIAL:0.5295092777071202
C_MOVECOUNT:0.5
