ELO:1045
CE_PASSEDPAWNS:0.4984997249495993
CE_PAWNWEAKNESSES:0.4830405011720233
CE_PIECEACTIVITY:0.48608314872715286
CE_KINGPAWNSHIELD:0.4752885440789727
CE_PIECECOORDINATION:0.5021572903359859
CE_MATERIAL:0.5113268074886459
CE_KINGSAFETY:0.5
C_PIECESQUARETABLES:0.4935046046148093
C_MOBILITY:0.5136440417553039
C_KINGSAFETY:0.5038692944332201
C_PAWNSTRUCTURE:0.5084365287501169
C_PIECECOORDINATION:0.5201670512737098
C_ROOK:0.4890913295813163
CE_ROOK:0.49793802045010266
C_CENTERCONTROL:0.5050848026949407
C_DEVELOPPIECES:0.5183309945605886
C_MATERIAL:0.482047255442402
C_MOVECOUNT:0.5
C_PAWNMOVEMENT:0.49482089210243535
