ELO:993
CE_PASSEDPAWNS:0.39774643681349753
CE_PAWNWEAKNESSES:0.5152577651847472
CE_PIECEACTIVITY:0.5975814565428466
CE_KINGPAWNSHIELD:0.5599465954910741
CE_PIECECOORDINATION:0.4666862647339065
CE_MATERIAL:0.564259496984769
CE_KINGSAFETY:0.5032122803935248
C_PIECESQUARETABLES:0.4966933487580107
C_MOBILITY:0.49356355851051564
C_KINGSAFETY:0.5244783718615883
C_PAWNSTRUCTURE:0.3974960377332616
C_PIECECOORDINATION:0.5312927829817956
C_ROOKANDPAWNMOVEMENT:0.5312927829817956
C_CENTERCONTROL:0.3791738811592719
C_DEVELOPPIECES:0.4918394073912253
C_MATERIAL:0.6201906658387899
