ELO:1000
CE_PASSEDPAWNS:0.4907515824219447
CE_PAWNWEAKNESSES:0.505746550336931
CE_PIECEACTIVITY:0.5082253805131599
CE_KINGPAWNSHIELD:0.47420023378865334
CE_PIECECOORDINATION:0.5434486634633763
CE_MATERIAL:0.4894644834409211
CE_KINGSAFETY:0.5188820148601473
C_PIECESQUARETABLES:0.5029224766203799
C_MOBILITY:0.5364797827405984
C_KINGSAFETY:0.46693608678104864
C_PAWNSTRUCTURE:0.4963675847598436
C_PIECECOORDINATION:0.4858013757029964
C_ROOKANDPAWNMOVEMENT:0.4858013757029964
C_CENTERCONTROL:0.50511015865328
C_DEVELOPPIECES:0.49428045826818356
C_MATERIAL:0.5190378983338877
