ELO:949
CE_PASSEDPAWNS:0.4939829546355804
CE_PAWNWEAKNESSES:0.4947746359615097
CE_PIECEACTIVITY:0.48856110944422715
CE_KINGPAWNSHIELD:0.4960672410479541
CE_PIECECOORDINATION:0.5
CE_MATERIAL:0.4963905197502191
CE_KINGSAFETY:0.4890682374019273
C_PIECESQUARETABLES:0.5094278641345763
C_MOBILITY:0.4984135518234197
C_KINGSAFETY:0.5007727500477531
C_PAWNSTRUCTURE:0.49899317412296273
C_PIECECOORDINATION:0.48561834400702825
C_ROOKANDPAWNMOVEMENT:0.48561834400702825
C_CENTERCONTROL:0.4872686040601751
C_DEVELOPPIECES:0.4773891904797761
C_MATERIAL:0.5222718461683867
C_MOVECOUNT:0.5
