ELO:903
CE_PASSEDPAWNS:0.5544335012558902
CE_PAWNWEAKNESSES:0.5623258013029435
CE_PIECEACTIVITY:0.4269990950441843
CE_KINGPAWNSHIELD:0.5913793810924773
CE_PIECECOORDINATION:0.5329640595886374
CE_MATERIAL:0.33017570710365446
CE_KINGSAFETY:0.5
C_PIECESQUARETABLES:0.5
C_MOBILITY:0.3956272949896172
C_KINGSAFETY:0.5279617033783104
C_PAWNSTRUCTURE:0.4263614264446474
C_PIECECOORDINATION:0.47791410173197246
C_ROOKANDPAWNMOVEMENT:0.47791410173197246
C_CENTERCONTROL:0.41476847965738217
C_DEVELOPPIECES:0.3251311366695489
C_MATERIAL:0.5566005952079609
