ELO:1000
CE_PASSEDPAWNS:0.5005304065015064
CE_PAWNWEAKNESSES:0.5203682122907957
CE_PIECEACTIVITY:0.5087181355217041
CE_KINGPAWNSHIELD:0.4812966966382781
CE_PIECECOORDINATION:0.5244299799202006
CE_MATERIAL:0.49603993459337953
CE_KINGSAFETY:0.5130415480786862
C_PIECESQUARETABLES:0.4988995495397078
C_MOBILITY:0.5041177612402467
C_KINGSAFETY:0.49593568430712553
C_PAWNSTRUCTURE:0.49138041660062526
C_PIECECOORDINATION:0.4867764790882633
C_ROOKANDPAWNMOVEMENT:0.4867764790882633
C_CENTERCONTROL:0.5
C_DEVELOPPIECES:0.502628181655037
C_MATERIAL:0.504365624063505
