ELO:1010
CE_PASSEDPAWNS:0.5163747185794795
CE_PAWNWEAKNESSES:0.5110204896652469
CE_PIECEACTIVITY:0.5100890023247386
CE_KINGPAWNSHIELD:0.5074401101921018
CE_PIECECOORDINATION:0.5
CE_MATERIAL:0.49476325816364247
CE_KINGSAFETY:0.5
C_PIECESQUARETABLES:0.5
C_MOBILITY:0.5
C_KINGSAFETY:0.5131239218653152
C_PAWNSTRUCTURE:0.5088328760548905
C_PIECECOORDINATION:0.5228079246997759
C_ROOK:0.5109193205058146
CE_ROOK:0.4851609874972903
C_CENTERCONTROL:0.4828520891331137
C_DEVELOPPIECES:0.503790404228409
C_MATERIAL:0.48139207592245836
C_MOVECOUNT:0.5128861505507127
C_PAWNMOVEMENT:0.48328454928977205
