ELO:1000
CE_PASSEDPAWNS:0.5213888806149413
CE_PAWNWEAKNESSES:0.5097484449215518
CE_PIECEACTIVITY:0.5764859257374321
CE_KINGPAWNSHIELD:0.45030120886117364
CE_PIECECOORDINATION:0.5338590896817622
CE_MATERIAL:0.5031156438256309
CE_KINGSAFETY:0.5565333061703407
C_PIECESQUARETABLES:0.43274157496172744
C_MOBILITY:0.4724233060225972
C_KINGSAFETY:0.5318146248382561
C_PAWNSTRUCTURE:0.49625565255878246
C_PIECECOORDINATION:0.41178559247721236
C_ROOKANDPAWNMOVEMENT:0.41178559247721236
C_CENTERCONTROL:0.46891678637903117
C_DEVELOPPIECES:0.49609105144731463
C_MATERIAL:0.44261812778714266
