ELO:1038
CE_PASSEDPAWNS:0.5004019133765094
CE_PAWNWEAKNESSES:0.5
CE_PIECEACTIVITY:0.5
CE_KINGPAWNSHIELD:0.5013969088810557
CE_PIECECOORDINATION:0.5247762638321302
CE_MATERIAL:0.4994793841422356
CE_KINGSAFETY:0.5
C_PIECESQUARETABLES:0.5
C_MOBILITY:0.5136440417553039
C_KINGSAFETY:0.49451272856711237
C_PAWNSTRUCTURE:0.4976611450789206
C_PIECECOORDINATION:0.5079180652024708
C_ROOK:0.5096048013706082
CE_ROOK:0.5
C_CENTERCONTROL:0.5197282966320029
C_DEVELOPPIECES:0.4882055847756648
C_MATERIAL:0.45230360181182927
C_MOVECOUNT:0.4806492313286137
C_PAWNMOVEMENT:0.47099577499993855
