ELO:1014
CE_PASSEDPAWNS:0.47874668783828506
CE_PAWNWEAKNESSES:0.4892741025048931
CE_PIECEACTIVITY:0.5724485580100535
CE_KINGPAWNSHIELD:0.49325088994139316
CE_PIECECOORDINATION:0.5531042907508921
CE_MATERIAL:0.4980215953831598
CE_KINGSAFETY:0.5260445350789396
C_PIECESQUARETABLES:0.4658014665969138
C_MOBILITY:0.46730765561140386
C_KINGSAFETY:0.4843900965650077
C_PAWNSTRUCTURE:0.5126213058936363
C_PIECECOORDINATION:0.41140776790859407
C_ROOKANDPAWNMOVEMENT:0.41140776790859407
C_CENTERCONTROL:0.4483305888448752
C_DEVELOPPIECES:0.49669658262484223
C_MATERIAL:0.4602778739504264
