ELO:967
CE_PASSEDPAWNS:0.4676527141097193
CE_PAWNWEAKNESSES:0.49982221023824486
CE_PIECEACTIVITY:0.5257749088842189
CE_KINGPAWNSHIELD:0.5
CE_PIECECOORDINATION:0.5037299727333168
CE_MATERIAL:0.508909185646349
CE_KINGSAFETY:0.52861983971812
C_PIECESQUARETABLES:0.5028248247222654
C_MOBILITY:0.5195137621374718
C_KINGSAFETY:0.5252784782273323
C_PAWNSTRUCTURE:0.4718187360482149
C_PIECECOORDINATION:0.5049742456117896
C_ROOKANDPAWNMOVEMENT:0.5049742456117896
C_CENTERCONTROL:0.4823952321235817
C_DEVELOPPIECES:0.513137658546579
C_MATERIAL:0.5219563389973585
C_MOVECOUNT:0.5
