ELO:963
CE_PASSEDPAWNS:0.5006544166974186
CE_PAWNWEAKNESSES:0.48596883096053656
CE_PIECEACTIVITY:0.41545025042448774
CE_KINGPAWNSHIELD:0.5298350564921285
CE_PIECECOORDINATION:0.42214182669392336
CE_MATERIAL:0.4842243280398608
CE_KINGSAFETY:0.5
C_PIECESQUARETABLES:0.5
C_MOBILITY:0.5158138560628351
C_KINGSAFETY:0.545450638944934
C_PAWNSTRUCTURE:0.4783352485449505
C_PIECECOORDINATION:0.4246886015949632
C_ROOKANDPAWNMOVEMENT:0.4246886015949632
C_CENTERCONTROL:0.5148498378876564
C_DEVELOPPIECES:0.44050650998912266
C_MATERIAL:0.5
C_MOVECOUNT:0.5
