ELO:989
CE_PASSEDPAWNS:0.5058409470955079
CE_PAWNWEAKNESSES:0.513911330461157
CE_PIECEACTIVITY:0.595241708174064
CE_KINGPAWNSHIELD:0.47920967285899563
CE_PIECECOORDINATION:0.549420234247248
CE_MATERIAL:0.5154002490346393
CE_KINGSAFETY:0.5455572765595352
C_PIECESQUARETABLES:0.4545053867228251
C_MOBILITY:0.4646752901599151
C_KINGSAFETY:0.507813075734189
C_PAWNSTRUCTURE:0.5107626531887723
C_PIECECOORDINATION:0.4242072282218031
C_ROOKANDPAWNMOVEMENT:0.4242072282218031
C_CENTERCONTROL:0.4416601489147308
C_DEVELOPPIECES:0.4920614603251211
C_MATERIAL:0.47462342761728454
