ELO:1024
CE_PASSEDPAWNS:0.5183426270832615
CE_PAWNWEAKNESSES:0.5
CE_PIECEACTIVITY:0.5148650656099258
CE_KINGPAWNSHIELD:0.4875183487671798
CE_PIECECOORDINATION:0.5021572903359859
CE_MATERIAL:0.5
CE_KINGSAFETY:0.4957468120129281
C_PIECESQUARETABLES:0.5
C_MOBILITY:0.5054692733886964
C_KINGSAFETY:0.5038692944332201
C_PAWNSTRUCTURE:0.5084365287501169
C_PIECECOORDINATION:0.5116052650428095
C_ROOK:0.49274805283965367
CE_ROOK:0.4922410822318803
C_CENTERCONTROL:0.4828520891331137
C_DEVELOPPIECES:0.5
C_MATERIAL:0.5051611236867987
C_MOVECOUNT:0.5
C_PAWNMOVEMENT:0.49482089210243535
