ELO:916
CE_PASSEDPAWNS:0.521750522439825
CE_PAWNWEAKNESSES:0.48309012765663034
CE_PIECEACTIVITY:0.4795249358008235
CE_KINGPAWNSHIELD:0.5133237116044382
CE_PIECECOORDINATION:0.49357076129655914
CE_MATERIAL:0.5159109800252112
CE_KINGSAFETY:0.5095984308372571
C_PIECESQUARETABLES:0.5184614612601731
C_MOBILITY:0.4903650617792879
C_KINGSAFETY:0.5472726112805996
C_PAWNSTRUCTURE:0.5305036625779794
C_PIECECOORDINATION:0.4947628057397002
C_ROOKANDPAWNMOVEMENT:0.4947628057397002
C_CENTERCONTROL:0.4763799743642893
C_DEVELOPPIECES:0.5047258901312752
C_MATERIAL:0.5157489173126188
C_MOVECOUNT:0.464586541857407
