ELO:1000
CE_PASSEDPAWNS:0.528413024455151
CE_PAWNWEAKNESSES:0.5404827850474866
CE_PIECEACTIVITY:0.5136637219627808
CE_KINGPAWNSHIELD:0.4660770361197937
CE_PIECECOORDINATION:0.5513345120606612
CE_MATERIAL:0.49531390176722023
CE_KINGSAFETY:0.5110935247491754
C_PIECESQUARETABLES:0.5
C_MOBILITY:0.5562884437961095
C_KINGSAFETY:0.4686419637234784
C_PAWNSTRUCTURE:0.5128584609805223
C_PIECECOORDINATION:0.5024216859030206
C_ROOKANDPAWNMOVEMENT:0.5024216859030206
C_CENTERCONTROL:0.5066663911177478
C_DEVELOPPIECES:0.521795925507946
C_MATERIAL:0.5544906082440775
