ELO:979
CE_PASSEDPAWNS:0.5210674386604152
CE_PAWNWEAKNESSES:0.5954422399237631
CE_PIECEACTIVITY:0.5230475741631532
CE_KINGPAWNSHIELD:0.4820815781801694
CE_PIECECOORDINATION:0.5586534026666801
CE_MATERIAL:0.5034702729179563
CE_KINGSAFETY:0.5114090101193611
C_PIECESQUARETABLES:0.507309771547608
C_MOBILITY:0.5465420120500948
C_KINGSAFETY:0.442284863718128
C_PAWNSTRUCTURE:0.4969466116103944
C_PIECECOORDINATION:0.5179592153364373
C_ROOKANDPAWNMOVEMENT:0.5179592153364373
C_CENTERCONTROL:0.5135041363227125
C_DEVELOPPIECES:0.5203724563190824
C_MATERIAL:0.5795526699258565
