ELO:899
CE_PASSEDPAWNS:0.47633943526744105
CE_PAWNWEAKNESSES:0.5582947790740328
CE_PIECEACTIVITY:0.36702887099662856
CE_KINGPAWNSHIELD:0.5175604308019601
CE_PIECECOORDINATION:0.45393166228706217
CE_MATERIAL:0.39737314839340243
CE_KINGSAFETY:0.4600455767460933
C_PIECESQUARETABLES:0.5377829146003951
C_MOBILITY:0.5786966525335264
C_KINGSAFETY:0.47240530192677926
C_PAWNSTRUCTURE:0.502613546699605
C_PIECECOORDINATION:0.6539947130374559
C_ROOKANDPAWNMOVEMENT:0.6539947130374559
C_CENTERCONTROL:0.5695131181276173
C_DEVELOPPIECES:0.6284443937590928
C_MATERIAL:0.5000235082991866
