ELO:1022
CE_PASSEDPAWNS:0.4644559527380048
CE_PAWNWEAKNESSES:0.4662888415067806
CE_PIECEACTIVITY:0.6084239695575469
CE_KINGPAWNSHIELD:0.46097236960665083
CE_PIECECOORDINATION:0.5217007187494623
CE_MATERIAL:0.36810350466741537
CE_KINGSAFETY:0.4864430575076706
C_PIECESQUARETABLES:0.5293759616061473
C_MOBILITY:0.5614713807529848
C_KINGSAFETY:0.5951728009152963
C_PAWNSTRUCTURE:0.4523746482750696
C_PIECECOORDINATION:0.5017466891083376
C_ROOKANDPAWNMOVEMENT:0.5017466891083376
C_CENTERCONTROL:0.5798746945763054
C_DEVELOPPIECES:0.5031006772934172
C_MATERIAL:0.3704180272472544
