ELO:1021
CE_PASSEDPAWNS:0.47603218324102703
CE_PAWNWEAKNESSES:0.4885924400608251
CE_PIECEACTIVITY:0.541148549239684
CE_KINGPAWNSHIELD:0.49116125492741325
CE_PIECECOORDINATION:0.5121939847453969
CE_MATERIAL:0.4953164416967403
CE_KINGSAFETY:0.5
C_PIECESQUARETABLES:0.5
C_MOBILITY:0.5480432288699277
C_KINGSAFETY:0.5723643422751289
C_PAWNSTRUCTURE:0.4654827010940101
C_PIECECOORDINATION:0.47250438445832965
C_ROOKANDPAWNMOVEMENT:0.47250438445832965
C_CENTERCONTROL:0.5719849924366864
C_DEVELOPPIECES:0.46609606453959146
C_MATERIAL:0.47858476818011725
C_MOVECOUNT:0.5
