ELO:1036
CE_PASSEDPAWNS:0.497066561089975
CE_PAWNWEAKNESSES:0.4490389138433556
CE_PIECEACTIVITY:0.5293945123132778
CE_KINGPAWNSHIELD:0.49948760083564153
CE_PIECECOORDINATION:0.5227619296843323
CE_MATERIAL:0.48438727908033813
CE_KINGSAFETY:0.5
C_PIECESQUARETABLES:0.5
C_MOBILITY:0.4854239537893477
C_KINGSAFETY:0.5663864590808251
C_PAWNSTRUCTURE:0.48570401539612146
C_PIECECOORDINATION:0.49571414326198293
C_ROOKANDPAWNMOVEMENT:0.49571414326198293
C_CENTERCONTROL:0.49854421344443844
C_DEVELOPPIECES:0.45917114825593214
C_MATERIAL:0.44460183832034095
C_MOVECOUNT:0.5
