ELO:994
CE_PASSEDPAWNS:0.5177238105702854
CE_PAWNWEAKNESSES:0.49552758885669784
CE_PIECEACTIVITY:0.48661846218344973
CE_KINGPAWNSHIELD:0.4646676566475911
CE_PIECECOORDINATION:0.5049561396191451
CE_MATERIAL:0.48202887935892647
CE_KINGSAFETY:0.5
C_PIECESQUARETABLES:0.5
C_MOBILITY:0.5401552560760017
C_KINGSAFETY:0.4888484787881579
C_PAWNSTRUCTURE:0.4842878731346009
C_PIECECOORDINATION:0.5156425914250321
C_ROOK:0.5018544731710882
CE_ROOK:0.5055496848482567
C_CENTERCONTROL:0.5122596979888903
C_DEVELOPPIECES:0.5332997504176217
C_MATERIAL:0.5420573123192556
C_MOVECOUNT:0.48794601175625624
C_PAWNMOVEMENT:0.5352921000145976
