ELO:886
CE_PASSEDPAWNS:0.5590529184724992
CE_PAWNWEAKNESSES:0.5490645432386585
CE_PIECEACTIVITY:0.5205573576619669
CE_KINGPAWNSHIELD:0.6383298502224783
CE_PIECECOORDINATION:0.5163761615977893
CE_MATERIAL:0.3479031433700918
CE_KINGSAFETY:0.503184825891587
C_PIECESQUARETABLES:0.49574469487468475
C_MOBILITY:0.4624369460796296
C_KINGSAFETY:0.3800312883995897
C_PAWNSTRUCTURE:0.5567966662591542
C_PIECECOORDINATION:0.6612507331801051
C_ROOKANDPAWNMOVEMENT:0.6612507331801051
C_CENTERCONTROL:0.5245395363844826
C_DEVELOPPIECES:0.48061578166464675
C_MATERIAL:0.5087095896692168
