ELO:1032
CE_PASSEDPAWNS:0.48944242815961686
CE_PAWNWEAKNESSES:0.5089087595630396
CE_PIECEACTIVITY:0.49393142336746904
CE_KINGPAWNSHIELD:0.48456748462466864
CE_PIECECOORDINATION:0.5217953041539427
CE_MATERIAL:0.5113046221875883
CE_KINGSAFETY:0.5
C_PIECESQUARETABLES:0.5
C_MOBILITY:0.4984177026253114
C_KINGSAFETY:0.4980573762221772
C_PAWNSTRUCTURE:0.5144032954271751
C_PIECECOORDINATION:0.5129933973770763
C_ROOK:0.5128654996140453
CE_ROOK:0.5003472277118782
C_CENTERCONTROL:0.4869144050227749
C_DEVELOPPIECES:0.4880202182608303
C_MATERIAL:0.49461804208522603
C_MOVECOUNT:0.4752383491580709
C_PAWNMOVEMENT:0.4906966471824214
