ELO:948
CE_PASSEDPAWNS:0.5367770260021894
CE_PAWNWEAKNESSES:0.49408503175741053
CE_PIECEACTIVITY:0.481301911779709
CE_KINGPAWNSHIELD:0.5265401504356394
CE_PIECECOORDINATION:0.5178371045034884
CE_MATERIAL:0.5147547948106518
CE_KINGSAFETY:0.487726478190314
C_PIECESQUARETABLES:0.5033758662726195
C_MOBILITY:0.5370997551778378
C_KINGSAFETY:0.5152545155715075
C_PAWNSTRUCTURE:0.5213542091574291
C_PIECECOORDINATION:0.5218041286938692
C_ROOKANDPAWNMOVEMENT:0.5218041286938692
C_CENTERCONTROL:0.45865588323946127
C_DEVELOPPIECES:0.49926401035302703
C_MATERIAL:0.4842015178835565
C_MOVECOUNT:0.5
