ELO:898
CE_PASSEDPAWNS:0.49169424772179265
CE_PAWNWEAKNESSES:0.6589966246333593
CE_PIECEACTIVITY:0.4923177581547081
CE_KINGPAWNSHIELD:0.387739621220048
CE_PIECECOORDINATION:0.6360847500129987
CE_MATERIAL:0.5727276006090557
CE_KINGSAFETY:0.5475119856719459
C_PIECESQUARETABLES:0.46555434674823587
C_MOBILITY:0.6084140843889155
C_KINGSAFETY:0.42534737893896457
C_PAWNSTRUCTURE:0.5609458035497099
C_PIECECOORDINATION:0.5323090408759246
C_ROOKANDPAWNMOVEMENT:0.5323090408759246
C_CENTERCONTROL:0.5762448098868467
C_DEVELOPPIECES:0.47568371877208554
C_MATERIAL:0.5419790159279868
