ELO:1039
CE_PASSEDPAWNS:0.5183426270832615
CE_PAWNWEAKNESSES:0.4967705660784614
CE_PIECEACTIVITY:0.5054269034939335
CE_KINGPAWNSHIELD:0.5013969088810557
CE_PIECECOORDINATION:0.5046661432773036
CE_MATERIAL:0.4981089047036181
CE_KINGSAFETY:0.5
C_PIECESQUARETABLES:0.5
C_MOBILITY:0.5054692733886964
C_KINGSAFETY:0.4884726715446014
C_PAWNSTRUCTURE:0.5068332941276955
C_PIECECOORDINATION:0.5157107652983028
C_ROOK:0.48110879912403953
CE_ROOK:0.4898928659705995
C_CENTERCONTROL:0.4828520891331137
C_DEVELOPPIECES:0.503790404228409
C_MATERIAL:0.5
C_MOVECOUNT:0.4855472504276063
C_PAWNMOVEMENT:0.49482089210243535
