ELO:1008
CE_PASSEDPAWNS:0.5183961033906995
CE_PAWNWEAKNESSES:0.4364481731275589
CE_PIECEACTIVITY:0.5034338108173293
CE_KINGPAWNSHIELD:0.5223488567696821
CE_PIECECOORDINATION:0.5074362257496845
CE_MATERIAL:0.5072608046153249
CE_KINGSAFETY:0.5209970245575019
C_PIECESQUARETABLES:0.5
C_MOBILITY:0.5091670445821791
C_KINGSAFETY:0.5092345300523111
C_PAWNSTRUCTURE:0.5103821587613603
C_PIECECOORDINATION:0.46080920047560475
C_ROOKANDPAWNMOVEMENT:0.46080920047560475
C_CENTERCONTROL:0.5268292552397796
C_DEVELOPPIECES:0.5088742010505954
C_MATERIAL:0.496014779519355
C_MOVECOUNT:0.46765127856093436
