ELO:1000
CE_PASSEDPAWNS:0.5
CE_PAWNWEAKNESSES:0.5
CE_PIECEACTIVITY:0.5
CE_KINGPAWNSHIELD:0.49424236653042275
CE_PIECECOORDINATION:0.5104820323068269
CE_MATERIAL:0.48788647944146
CE_KINGSAFETY:0.4800713611466329
C_PIECESQUARETABLES:0.484790428170647
C_MOBILITY:0.5
C_KINGSAFETY:0.5
C_PAWNSTRUCTURE:0.5
C_PIECECOORDINATION:0.489156441588544
C_ROOKANDPAWNMOVEMENT:0.489156441588544
C_CENTERCONTROL:0.5
C_DEVELOPPIECES:0.5
C_MATERIAL:0.49873603590732746
