ELO:974
CE_PASSEDPAWNS:0.5251879578934712
CE_PAWNWEAKNESSES:0.6062261971637868
CE_PIECEACTIVITY:0.5169193273451123
CE_KINGPAWNSHIELD:0.4590274092351269
CE_PIECECOORDINATION:0.5688556052635693
CE_MATERIAL:0.4969558566863435
CE_KINGSAFETY:0.5111528828927446
C_PIECESQUARETABLES:0.525595335177311
C_MOBILITY:0.5542392377420308
C_KINGSAFETY:0.44541807119080246
C_PAWNSTRUCTURE:0.5164291635555796
C_PIECECOORDINATION:0.5305675622791671
C_ROOKANDPAWNMOVEMENT:0.5305675622791671
C_CENTERCONTROL:0.5276916508331788
C_DEVELOPPIECES:0.5186785781638931
C_MATERIAL:0.5815167608048212
