ELO:991
CE_PASSEDPAWNS:0.5177238105702854
CE_PAWNWEAKNESSES:0.49552758885669784
CE_PIECEACTIVITY:0.48661846218344973
CE_KINGPAWNSHIELD:0.5089849341898938
CE_PIECECOORDINATION:0.5309374804812022
CE_MATERIAL:0.4925612696916468
CE_KINGSAFETY:0.5
C_PIECESQUARETABLES:0.5
C_MOBILITY:0.5401552560760017
C_KINGSAFETY:0.4888484787881579
C_PAWNSTRUCTURE:0.47074999654339994
C_PIECECOORDINATION:0.4772679608433942
C_ROOK:0.5018544731710882
CE_ROOK:0.492486160072811
C_CENTERCONTROL:0.503915262968317
C_DEVELOPPIECES:0.499497494093487
C_MATERIAL:0.5252388643169138
C_MOVECOUNT:0.5
C_PAWNMOVEMENT:0.5211486333545423
