ELO:1000
CE_PASSEDPAWNS:0.4619583425727152
CE_PAWNWEAKNESSES:0.5283974540435376
CE_PIECEACTIVITY:0.5029172578684638
CE_KINGPAWNSHIELD:0.46183294519560436
CE_PIECECOORDINATION:0.5466558116461019
CE_MATERIAL:0.5139482686295238
CE_KINGSAFETY:0.4741626820837665
C_PIECESQUARETABLES:0.4818185000395353
C_MOBILITY:0.4491972811724742
C_KINGSAFETY:0.517360940465984
C_PAWNSTRUCTURE:0.5708518967840019
C_PIECECOORDINATION:0.5478168736838107
C_ROOKANDPAWNMOVEMENT:0.5478168736838107
C_CENTERCONTROL:0.48878165174888055
C_DEVELOPPIECES:0.4775524260227814
C_MATERIAL:0.5019096929026868
