ELO:1016
CE_PASSEDPAWNS:0.4226144881877828
CE_PAWNWEAKNESSES:0.5149139510370832
CE_PIECEACTIVITY:0.5566017004804519
CE_KINGPAWNSHIELD:0.4329758860079269
CE_PIECECOORDINATION:0.5133189557421172
CE_MATERIAL:0.43580797858622417
CE_KINGSAFETY:0.49090076037878855
C_PIECESQUARETABLES:0.5
C_MOBILITY:0.3716594832402479
C_KINGSAFETY:0.44582821327860866
C_PAWNSTRUCTURE:0.468703170085639
C_PIECECOORDINATION:0.5341117255909336
C_ROOKANDPAWNMOVEMENT:0.5341117255909336
C_CENTERCONTROL:0.5242441256748798
C_DEVELOPPIECES:0.5641067386467536
C_MATERIAL:0.5457272630113686
