ELO:1032
CE_PASSEDPAWNS:0.5027805893895754
CE_PAWNWEAKNESSES:0.5026104686256994
CE_PIECEACTIVITY:0.5
CE_KINGPAWNSHIELD:0.5073725998475319
CE_PIECECOORDINATION:0.47803599731074214
CE_MATERIAL:0.5008027984116347
CE_KINGSAFETY:0.49246110926671993
C_PIECESQUARETABLES:0.5091305597762811
C_MOBILITY:0.5092082284515702
C_KINGSAFETY:0.4929085107998507
C_PAWNSTRUCTURE:0.5
C_PIECECOORDINATION:0.49947315915240403
C_ROOKANDPAWNMOVEMENT:0.49947315915240403
C_CENTERCONTROL:0.5
C_DEVELOPPIECES:0.5
C_MATERIAL:0.5
C_MOVECOUNT:0.48664280253232733
