ELO:1022
CE_PASSEDPAWNS:0.5323741795468695
CE_PAWNWEAKNESSES:0.5457920171426837
CE_PIECEACTIVITY:0.5081970834120367
CE_KINGPAWNSHIELD:0.4787738982336191
CE_PIECECOORDINATION:0.45511384479460726
CE_MATERIAL:0.5283343348749813
CE_KINGSAFETY:0.5044519009531885
C_PIECESQUARETABLES:0.4961349161011269
C_MOBILITY:0.5685437270700985
C_KINGSAFETY:0.48698480570902947
C_PAWNSTRUCTURE:0.528240206316113
C_PIECECOORDINATION:0.5006607269465423
C_ROOKANDPAWNMOVEMENT:0.5006607269465423
C_CENTERCONTROL:0.40560344990910674
C_DEVELOPPIECES:0.440132879976819
C_MATERIAL:0.5044867075009989
