ELO:1000
CE_PASSEDPAWNS:0.45392938802710203
CE_PAWNWEAKNESSES:0.5310135163997978
CE_PIECEACTIVITY:0.4972419961755254
CE_KINGPAWNSHIELD:0.44509073871790783
CE_PIECECOORDINATION:0.5648129649142184
CE_MATERIAL:0.4920939608046546
CE_KINGSAFETY:0.5057421346631324
C_PIECESQUARETABLES:0.5154836525314316
C_MOBILITY:0.4799530145428212
C_KINGSAFETY:0.49903737730849895
C_PAWNSTRUCTURE:0.5849088125367511
C_PIECECOORDINATION:0.5347066088035736
C_ROOKANDPAWNMOVEMENT:0.5347066088035736
C_CENTERCONTROL:0.507388951390129
C_DEVELOPPIECES:0.4572034500623182
C_MATERIAL:0.48361527909312046
