ELO:944
CE_PASSEDPAWNS:0.3949081223874283
CE_PAWNWEAKNESSES:0.6842762585311072
CE_PIECEACTIVITY:0.46891945760244447
CE_KINGPAWNSHIELD:0.501324900446054
CE_PIECECOORDINATION:0.4724336197266854
CE_MATERIAL:0.6234318147183863
CE_KINGSAFETY:0.47603891484888783
C_PIECESQUARETABLES:0.519213145124746
C_MOBILITY:0.4703054157908129
C_KINGSAFETY:0.5900772650753359
C_PAWNSTRUCTURE:0.5237128021086975
C_PIECECOORDINATION:0.46389925332960547
C_ROOKANDPAWNMOVEMENT:0.46389925332960547
C_CENTERCONTROL:0.5077058121874704
C_DEVELOPPIECES:0.524553920557921
C_MATERIAL:0.5408037770966052
