ELO:1003
CE_PASSEDPAWNS:0.5
CE_PAWNWEAKNESSES:0.5
CE_PIECEACTIVITY:0.5023545812997492
CE_KINGPAWNSHIELD:0.5017584704988018
CE_PIECECOORDINATION:0.4699353808540062
CE_MATERIAL:0.49564169359092103
CE_KINGSAFETY:0.5
C_PIECESQUARETABLES:0.5
C_MOBILITY:0.48185998203727787
C_KINGSAFETY:0.48080121805281884
C_PAWNSTRUCTURE:0.5
C_PIECECOORDINATION:0.4746941736917522
C_ROOKANDPAWNMOVEMENT:0.4746941736917522
C_CENTERCONTROL:0.4799269662900621
C_DEVELOPPIECES:0.5148783606130006
C_MATERIAL:0.49942223636140975
C_MOVECOUNT:0.5
