ELO:849
CE_PASSEDPAWNS:0.43693953162026977
CE_PAWNWEAKNESSES:0.46975130626460365
CE_PIECEACTIVITY:0.504856407606097
CE_KINGPAWNSHIELD:0.5123927071386775
CE_PIECECOORDINATION:0.4967981739268926
CE_MATERIAL:0.4650515453963599
CE_KINGSAFETY:0.47036427806917874
C_PIECESQUARETABLES:0.4829680078479864
C_MOBILITY:0.5164077212796241
C_KINGSAFETY:0.48885851052592005
C_PAWNSTRUCTURE:0.5000411075397023
C_PIECECOORDINATION:0.5217422976743408
C_ROOKANDPAWNMOVEMENT:0.5217422976743408
C_CENTERCONTROL:0.5618031218212935
C_DEVELOPPIECES:0.5353538103588213
C_MATERIAL:0.5015382074659123
C_MOVECOUNT:0.4645768735049088
