ELO:1029
CE_PASSEDPAWNS:0.5380143025026992
CE_PAWNWEAKNESSES:0.5205152197187883
CE_PIECEACTIVITY:0.5240707605130446
CE_KINGPAWNSHIELD:0.48911485621958467
CE_PIECECOORDINATION:0.459579291136461
CE_MATERIAL:0.5283343348749813
CE_KINGSAFETY:0.5022648231902632
C_PIECESQUARETABLES:0.4982980981795202
C_MOBILITY:0.5730876342507238
C_KINGSAFETY:0.4728686368092666
C_PAWNSTRUCTURE:0.5251150283163402
C_PIECECOORDINATION:0.5037456122280144
C_ROOKANDPAWNMOVEMENT:0.5037456122280144
C_CENTERCONTROL:0.4106554698331034
C_DEVELOPPIECES:0.46569928379087994
C_MATERIAL:0.48992328022170095
