ELO:925
CE_PASSEDPAWNS:0.5017986560888508
CE_PAWNWEAKNESSES:0.5288195639560677
CE_PIECEACTIVITY:0.5041875907795074
CE_KINGPAWNSHIELD:0.49037772572009625
CE_PIECECOORDINATION:0.5157967097995763
CE_MATERIAL:0.5028493510918063
CE_KINGSAFETY:0.5
C_PIECESQUARETABLES:0.5104800835863788
C_MOBILITY:0.5323514150779246
C_KINGSAFETY:0.47853430511307
C_PAWNSTRUCTURE:0.5146022893837164
C_PIECECOORDINATION:0.43226470985596177
C_ROOK:0.4481266489322762
CE_ROOK:0.49335806785419367
C_CENTERCONTROL:0.5027425086000695
C_DEVELOPPIECES:0.5188650793573497
C_MATERIAL:0.5092487986184072
C_MOVECOUNT:0.5241157907832725
C_PAWNMOVEMENT:0.4460289874647315
