ELO:962
CE_PASSEDPAWNS:0.48737228087599255
CE_PAWNWEAKNESSES:0.47789133906431225
CE_PIECEACTIVITY:0.47756732565844917
CE_KINGPAWNSHIELD:0.5050829232396686
CE_PIECECOORDINATION:0.4580983643053405
CE_MATERIAL:0.5162540398561103
CE_KINGSAFETY:0.5276094983901952
C_PIECESQUARETABLES:0.488120516617975
C_MOBILITY:0.4893148322431375
C_KINGSAFETY:0.5061551728783117
C_PAWNSTRUCTURE:0.5246241771114181
C_PIECECOORDINATION:0.513203125719239
C_ROOKANDPAWNMOVEMENT:0.513203125719239
C_CENTERCONTROL:0.5218376032065902
C_DEVELOPPIECES:0.4829618749902075
C_MATERIAL:0.5030712877388447
C_MOVECOUNT:0.5
