ELO:915
CE_PASSEDPAWNS:0.4883390535606635
CE_PAWNWEAKNESSES:0.5278694919081779
CE_PIECEACTIVITY:0.5123591426271639
CE_KINGPAWNSHIELD:0.47301440905633446
CE_PIECECOORDINATION:0.5147588720531362
CE_MATERIAL:0.49479310719357245
CE_KINGSAFETY:0.5
C_PIECESQUARETABLES:0.5
C_MOBILITY:0.5376844044047799
C_KINGSAFETY:0.4643328258910341
C_PAWNSTRUCTURE:0.5274627929692518
C_PIECECOORDINATION:0.4428441046637578
C_ROOK:0.4446716177058992
CE_ROOK:0.4996108780417377
C_CENTERCONTROL:0.4986756800904067
C_DEVELOPPIECES:0.5348071986884395
C_MATERIAL:0.510945762087342
C_MOVECOUNT:0.5393842737934793
C_PAWNMOVEMENT:0.46448184617901206
