ELO:977
CE_PASSEDPAWNS:0.49696822258694434
CE_PAWNWEAKNESSES:0.5229117333231781
CE_PIECEACTIVITY:0.48160605753576585
CE_KINGPAWNSHIELD:0.4823693475044921
CE_PIECECOORDINATION:0.49442321290417424
CE_MATERIAL:0.49908704113189484
CE_KINGSAFETY:0.4936395846599713
C_PIECESQUARETABLES:0.49534659962021993
C_MOBILITY:0.5228110996341077
C_KINGSAFETY:0.4859561743602557
C_PAWNSTRUCTURE:0.5247561707548409
C_PIECECOORDINATION:0.4620486550111009
C_ROOK:0.47275264200973244
CE_ROOK:0.49460806167415083
C_CENTERCONTROL:0.5248429433636713
C_DEVELOPPIECES:0.5228729950620544
C_MATERIAL:0.5087286579936099
C_MOVECOUNT:0.5234146924126998
C_PAWNMOVEMENT:0.451039211858472
