ELO:953
CE_PASSEDPAWNS:0.5017986560888508
CE_PAWNWEAKNESSES:0.5288195639560677
CE_PIECEACTIVITY:0.5041875907795074
CE_KINGPAWNSHIELD:0.49037772572009625
CE_PIECECOORDINATION:0.5059545164862765
CE_MATERIAL:0.5094160680311666
CE_KINGSAFETY:0.5
C_PIECESQUARETABLES:0.5087466741610309
C_MOBILITY:0.5325339182529569
C_KINGSAFETY:0.4850875781523423
C_PAWNSTRUCTURE:0.5154264378353727
C_PIECECOORDINATION:0.4414088028941225
C_ROOK:0.45659732432613714
CE_ROOK:0.4902377671825656
C_CENTERCONTROL:0.5124904969021302
C_DEVELOPPIECES:0.5188650793573497
C_MATERIAL:0.5093013701561584
C_MOVECOUNT:0.5241157907832725
C_PAWNMOVEMENT:0.4460289874647315
