ELO:955
CE_PASSEDPAWNS:0.45918389386033975
CE_PAWNWEAKNESSES:0.5427055766072323
CE_PIECEACTIVITY:0.4878006995396899
CE_KINGPAWNSHIELD:0.45865251568386095
CE_PIECECOORDINATION:0.46228495106371664
CE_MATERIAL:0.45246249646497466
CE_KINGSAFETY:0.5298236617025205
C_PIECESQUARETABLES:0.5086525695134793
C_MOBILITY:0.3447432216034243
C_KINGSAFETY:0.4506105717211845
C_PAWNSTRUCTURE:0.5335629756406
C_PIECECOORDINATION:0.4288860909744671
C_ROOKANDPAWNMOVEMENT:0.4288860909744671
C_CENTERCONTROL:0.47524114602176853
C_DEVELOPPIECES:0.38706299116526666
C_MATERIAL:0.44789023240567233
