ELO:1026
CE_PASSEDPAWNS:0.5
CE_PAWNWEAKNESSES:0.48358553342195587
CE_PIECEACTIVITY:0.4873172678221776
CE_KINGPAWNSHIELD:0.4902633932932036
CE_PIECECOORDINATION:0.5185534997628021
CE_MATERIAL:0.5021842815674529
CE_KINGSAFETY:0.5
C_PIECESQUARETABLES:0.505071423936729
C_MOBILITY:0.5043238498953178
C_KINGSAFETY:0.5
C_PAWNSTRUCTURE:0.48998480372348974
C_PIECECOORDINATION:0.5108138243797122
C_ROOKANDPAWNMOVEMENT:0.5108138243797122
C_CENTERCONTROL:0.48761776865037204
C_DEVELOPPIECES:0.5090078622068038
C_MATERIAL:0.5
