ELO:1000
CE_PASSEDPAWNS:0.4614429490976418
CE_PAWNWEAKNESSES:0.5295377460695525
CE_PIECEACTIVITY:0.5201748064540181
CE_KINGPAWNSHIELD:0.46809444949084444
CE_PIECECOORDINATION:0.5149494917768941
CE_MATERIAL:0.4734202577933303
CE_KINGSAFETY:0.4968367859262005
C_PIECESQUARETABLES:0.5126638371425661
C_MOBILITY:0.5055446841401635
C_KINGSAFETY:0.5220364083489706
C_PAWNSTRUCTURE:0.5524463345410555
C_PIECECOORDINATION:0.5379478391349369
C_ROOKANDPAWNMOVEMENT:0.5379478391349369
C_CENTERCONTROL:0.49268788831066107
C_DEVELOPPIECES:0.5027438481414718
C_MATERIAL:0.507346799674685
