ELO:903
CE_PASSEDPAWNS:0.5005106255705398
CE_PAWNWEAKNESSES:0.5454181248994121
CE_PIECEACTIVITY:0.5227223940829822
CE_KINGPAWNSHIELD:0.4595757570606772
CE_PIECECOORDINATION:0.51869134531809
CE_MATERIAL:0.5106134633834837
CE_KINGSAFETY:0.5
C_PIECESQUARETABLES:0.5047545371674698
C_MOBILITY:0.5315356482886733
C_KINGSAFETY:0.46218944237703047
C_PAWNSTRUCTURE:0.5401769395489756
C_PIECECOORDINATION:0.45436530714873874
C_ROOK:0.4296176458733507
CE_ROOK:0.5112377410930734
C_CENTERCONTROL:0.5079652346613756
C_DEVELOPPIECES:0.5310191120591814
C_MATERIAL:0.5064886394420666
C_MOVECOUNT:0.5260415954620564
C_PAWNMOVEMENT:0.47111743318830906
