ELO:983
CE_PASSEDPAWNS:0.4170605300989712
CE_PAWNWEAKNESSES:0.628881884438898
CE_PIECEACTIVITY:0.46191216704003946
CE_KINGPAWNSHIELD:0.508073461333512
CE_PIECECOORDINATION:0.4749888884314775
CE_MATERIAL:0.5842896466959484
CE_KINGSAFETY:0.5
C_PIECESQUARETABLES:0.5119474241869992
C_MOBILITY:0.4803241184871134
C_KINGSAFETY:0.582359508382438
C_PAWNSTRUCTURE:0.5739016896886255
C_PIECECOORDINATION:0.48855536069417377
C_ROOKANDPAWNMOVEMENT:0.48855536069417377
C_CENTERCONTROL:0.5131085589775474
C_DEVELOPPIECES:0.5573164783167185
C_MATERIAL:0.5309134427479796
