ELO:1000
CE_PASSEDPAWNS:0.45201825893058506
CE_PAWNWEAKNESSES:0.548703941692752
CE_PIECEACTIVITY:0.5241783359583104
CE_KINGPAWNSHIELD:0.442839683644047
CE_PIECECOORDINATION:0.5523777861950043
CE_MATERIAL:0.49665680909122334
CE_KINGSAFETY:0.49795745322182927
C_PIECESQUARETABLES:0.5046340267991041
C_MOBILITY:0.4648195185177908
C_KINGSAFETY:0.507137396686984
C_PAWNSTRUCTURE:0.5909496176365998
C_PIECECOORDINATION:0.5384083605812001
C_ROOKANDPAWNMOVEMENT:0.5384083605812001
C_CENTERCONTROL:0.4945086118298246
C_DEVELOPPIECES:0.4696985849334505
C_MATERIAL:0.48760267003662705
