ELO:1000
CE_PASSEDPAWNS:0.5057810050664662
CE_PAWNWEAKNESSES:0.5
CE_PIECEACTIVITY:0.49252236934882593
CE_KINGPAWNSHIELD:0.5
CE_PIECECOORDINATION:0.5188944128792926
CE_MATERIAL:0.49581862933099
CE_KINGSAFETY:0.5
C_PIECESQUARETABLES:0.5
C_MOBILITY:0.4923572317048513
C_KINGSAFETY:0.4991475130376179
C_PAWNSTRUCTURE:0.5021325177589908
C_PIECECOORDINATION:0.47970781965821074
C_ROOKANDPAWNMOVEMENT:0.47970781965821074
C_CENTERCONTROL:0.5
C_DEVELOPPIECES:0.48961477449649937
C_MATERIAL:0.5018967976288704
C_MOVECOUNT:0.5079023763735621
