ELO:903
CE_PASSEDPAWNS:0.5005106255705398
CE_PAWNWEAKNESSES:0.5372614862176192
CE_PIECEACTIVITY:0.5227223940829822
CE_KINGPAWNSHIELD:0.4610488947821847
CE_PIECECOORDINATION:0.51869134531809
CE_MATERIAL:0.5106134633834837
CE_KINGSAFETY:0.5048937390999818
C_PIECESQUARETABLES:0.5005748438816932
C_MOBILITY:0.538813347638508
C_KINGSAFETY:0.46218944237703047
C_PAWNSTRUCTURE:0.5353640418731143
C_PIECECOORDINATION:0.45436530714873874
C_ROOK:0.44178771514206
CE_ROOK:0.5075247950456281
C_CENTERCONTROL:0.4975651577699688
C_DEVELOPPIECES:0.5348071986884395
C_MATERIAL:0.5064886394420666
C_MOVECOUNT:0.5260415954620564
C_PAWNMOVEMENT:0.4792626775240423
