ELO:909
CE_PASSEDPAWNS:0.45513532724895817
CE_PAWNWEAKNESSES:0.5549119844061151
CE_PIECEACTIVITY:0.4530595330386881
CE_KINGPAWNSHIELD:0.49206413674368815
CE_PIECECOORDINATION:0.48660526361103024
CE_MATERIAL:0.4692396486778588
CE_KINGSAFETY:0.46334116226531574
C_PIECESQUARETABLES:0.5150157427044934
C_MOBILITY:0.32360846049150643
C_KINGSAFETY:0.49692545752965556
C_PAWNSTRUCTURE:0.5282407749720162
C_PIECECOORDINATION:0.43845620488474696
C_ROOKANDPAWNMOVEMENT:0.43845620488474696
C_CENTERCONTROL:0.49654609178422365
C_DEVELOPPIECES:0.4175521703077629
C_MATERIAL:0.4997066928341061
