ELO:890
CE_PASSEDPAWNS:0.46838222598129703
CE_PAWNWEAKNESSES:0.5219883572992813
CE_PIECEACTIVITY:0.4848141720218412
CE_KINGPAWNSHIELD:0.45076474177679465
CE_PIECECOORDINATION:0.522059252375077
CE_MATERIAL:0.5276177794665387
CE_KINGSAFETY:0.48722404491800536
C_PIECESQUARETABLES:0.5150594775393941
C_MOBILITY:0.5068149956729434
C_KINGSAFETY:0.4371782578237608
C_PAWNSTRUCTURE:0.44774482759049344
C_PIECECOORDINATION:0.504519487282385
C_ROOKANDPAWNMOVEMENT:0.504519487282385
C_CENTERCONTROL:0.5942589782017035
C_DEVELOPPIECES:0.43571899320511387
C_MATERIAL:0.43279895401234636
C_MOVECOUNT:0.5
