ELO:982
CE_PASSEDPAWNS:0.5024941951947647
CE_PAWNWEAKNESSES:0.5125928935372405
CE_PIECEACTIVITY:0.4806154574311611
CE_KINGPAWNSHIELD:0.49795873649616773
CE_PIECECOORDINATION:0.5098592848751113
CE_MATERIAL:0.499595293393325
CE_KINGSAFETY:0.4888419604009704
C_PIECESQUARETABLES:0.5005211723669237
C_MOBILITY:0.5252935027455153
C_KINGSAFETY:0.49246435269639377
C_PAWNSTRUCTURE:0.5232287807989493
C_PIECECOORDINATION:0.4814797515122594
C_ROOK:0.48972824458573555
CE_ROOK:0.5088599111680066
C_CENTERCONTROL:0.5130218286752747
C_DEVELOPPIECES:0.5228729950620544
C_MATERIAL:0.5000377704558583
C_MOVECOUNT:0.5198301251463054
C_PAWNMOVEMENT:0.46265861443725526
