ELO:1034
CE_PASSEDPAWNS:0.5
CE_PAWNWEAKNESSES:0.5
CE_PIECEACTIVITY:0.5066264887647335
CE_KINGPAWNSHIELD:0.5
CE_PIECECOORDINATION:0.5021274304803809
CE_MATERIAL:0.5090021530545671
CE_KINGSAFETY:0.47677550091020154
C_PIECESQUARETABLES:0.492655120697483
C_MOBILITY:0.5014167575456419
C_KINGSAFETY:0.4980074871707428
C_PAWNSTRUCTURE:0.5
C_PIECECOORDINATION:0.5
C_ROOKANDPAWNMOVEMENT:0.5
C_CENTERCONTROL:0.4759519947809424
C_DEVELOPPIECES:0.48256232256316556
C_MATERIAL:0.4959178343321633
C_MOVECOUNT:0.461554816483613
