ELO:998
CE_PASSEDPAWNS:0.5076668036017965
CE_PAWNWEAKNESSES:0.5021854953938382
CE_PIECEACTIVITY:0.5018608139934846
CE_KINGPAWNSHIELD:0.49529381805698985
CE_PIECECOORDINATION:0.5098592848751113
CE_MATERIAL:0.4931860606027969
CE_KINGSAFETY:0.49367087390937714
C_PIECESQUARETABLES:0.5035289744892022
C_MOBILITY:0.514976771463479
C_KINGSAFETY:0.49362134860893625
C_PAWNSTRUCTURE:0.4951156797634133
C_PIECECOORDINATION:0.48028028691539304
C_ROOK:0.4860596481776626
CE_ROOK:0.503654069598964
C_CENTERCONTROL:0.5026364689735038
C_DEVELOPPIECES:0.5099378659394257
C_MATERIAL:0.5158530980777079
C_MOVECOUNT:0.4997612860584962
C_PAWNMOVEMENT:0.47901209701944386
