ELO:825
CE_PASSEDPAWNS:0.47053151754417444
CE_PAWNWEAKNESSES:0.6577278513958603
CE_PIECEACTIVITY:0.4421021777779583
CE_KINGPAWNSHIELD:0.555943078886047
CE_PIECECOORDINATION:0.5341990385829151
CE_MATERIAL:0.5965411691759697
CE_KINGSAFETY:0.5341493258295752
C_PIECESQUARETABLES:0.5009957177428279
C_MOBILITY:0.48022148858808167
C_KINGSAFETY:0.5563974327239681
C_PAWNSTRUCTURE:0.5816546487894155
C_PIECECOORDINATION:0.44046537366657595
C_ROOKANDPAWNMOVEMENT:0.44046537366657595
C_CENTERCONTROL:0.5147621376349683
C_DEVELOPPIECES:0.5180858610884389
C_MATERIAL:0.5103726001078336
