ELO:963
CE_PASSEDPAWNS:0.4463784929548919
CE_PAWNWEAKNESSES:0.5444754200246144
CE_PIECEACTIVITY:0.5112129108020246
CE_KINGPAWNSHIELD:0.4924631137787114
CE_PIECECOORDINATION:0.43008713018198325
CE_MATERIAL:0.45214723524670364
CE_KINGSAFETY:0.4621994222791484
C_PIECESQUARETABLES:0.5125333787792398
C_MOBILITY:0.3596948542626728
C_KINGSAFETY:0.45835782109296985
C_PAWNSTRUCTURE:0.5138630002742176
C_PIECECOORDINATION:0.43803681841180453
C_ROOKANDPAWNMOVEMENT:0.43803681841180453
C_CENTERCONTROL:0.48506700718948204
C_DEVELOPPIECES:0.39522145908818734
C_MATERIAL:0.470466407304962
