ELO:1013
CE_PASSEDPAWNS:0.505965519814622
CE_PAWNWEAKNESSES:0.5118188001903646
CE_PIECEACTIVITY:0.5053949970882669
CE_KINGPAWNSHIELD:0.5
CE_PIECECOORDINATION:0.5
CE_MATERIAL:0.48254760481087144
CE_KINGSAFETY:0.5
C_PIECESQUARETABLES:0.5071890907985807
C_MOBILITY:0.5
C_KINGSAFETY:0.5
C_PAWNSTRUCTURE:0.5
C_PIECECOORDINATION:0.5117699813004647
C_ROOKANDPAWNMOVEMENT:0.5117699813004647
C_CENTERCONTROL:0.5
C_DEVELOPPIECES:0.507767673381435
C_MATERIAL:0.4920748987676254
C_MOVECOUNT:0.5001136759368391
