ELO:883
CE_PASSEDPAWNS:0.4856585745028742
CE_PAWNWEAKNESSES:0.5287369977661557
CE_PIECEACTIVITY:0.49459031476070947
CE_KINGPAWNSHIELD:0.5447827262863567
CE_PIECECOORDINATION:0.5777274889490355
CE_MATERIAL:0.5534988551641801
CE_KINGSAFETY:0.47330560759593965
C_PIECESQUARETABLES:0.4878199294308413
C_MOBILITY:0.5183277085839918
C_KINGSAFETY:0.48977732908288796
C_PAWNSTRUCTURE:0.5203672596453568
C_PIECECOORDINATION:0.4551740793438276
C_ROOKANDPAWNMOVEMENT:0.4551740793438276
C_CENTERCONTROL:0.4811266199926916
C_DEVELOPPIECES:0.5687737670491902
C_MATERIAL:0.5853720928554079
C_MOVECOUNT:0.49461129336715315
