ELO:865
CE_PASSEDPAWNS:0.5192793427388204
CE_PAWNWEAKNESSES:0.5311095569547348
CE_PIECEACTIVITY:0.542304199738307
CE_KINGPAWNSHIELD:0.41570058420572376
CE_PIECECOORDINATION:0.4956179627667583
CE_MATERIAL:0.5049847049304903
CE_KINGSAFETY:0.5
C_PIECESQUARETABLES:0.5127288457383028
C_MOBILITY:0.5279447742561345
C_KINGSAFETY:0.5189158749051268
C_PAWNSTRUCTURE:0.5692924423144624
C_PIECECOORDINATION:0.42966340837974426
C_ROOK:0.40734841525542476
CE_ROOK:0.4970941491415734
C_CENTERCONTROL:0.5212306191587203
C_DEVELOPPIECES:0.5171360637548296
C_MATERIAL:0.5306576556995508
C_MOVECOUNT:0.5070824455155102
C_PAWNMOVEMENT:0.4629572020329108
