ELO:948
CE_PASSEDPAWNS:0.47529886416589523
CE_PAWNWEAKNESSES:0.4635631650316525
CE_PIECEACTIVITY:0.5145314873451498
CE_KINGPAWNSHIELD:0.5062817840047169
CE_PIECECOORDINATION:0.4771330580324889
CE_MATERIAL:0.5396249549284189
CE_KINGSAFETY:0.48151149820682354
C_PIECESQUARETABLES:0.512317071795229
C_MOBILITY:0.5060033310402642
C_KINGSAFETY:0.4687886699916167
C_PAWNSTRUCTURE:0.4829743054160257
C_PIECECOORDINATION:0.5455223639505661
C_ROOKANDPAWNMOVEMENT:0.5455223639505661
C_CENTERCONTROL:0.504776468008571
C_DEVELOPPIECES:0.5215160083117396
C_MATERIAL:0.5165767536720557
C_MOVECOUNT:0.4744703679648334
