ELO:923
CE_PASSEDPAWNS:0.5058693647361531
CE_PAWNWEAKNESSES:0.48614443915107053
CE_PIECEACTIVITY:0.5205016812796172
CE_KINGPAWNSHIELD:0.5453138921775456
CE_PIECECOORDINATION:0.4106782192529563
CE_MATERIAL:0.48795471591387757
CE_KINGSAFETY:0.4739001651473412
C_PIECESQUARETABLES:0.5124106947596309
C_MOBILITY:0.3905868712705932
C_KINGSAFETY:0.49343349507356227
C_PAWNSTRUCTURE:0.5340106442199745
C_PIECECOORDINATION:0.47471527578915257
C_ROOKANDPAWNMOVEMENT:0.47471527578915257
C_CENTERCONTROL:0.5063127291528299
C_DEVELOPPIECES:0.44050650998912266
C_MATERIAL:0.4661528098652471
C_MOVECOUNT:0.5
