ELO:996
CE_PASSEDPAWNS:0.6382902378650498
CE_PAWNWEAKNESSES:0.5108810197777669
CE_PIECEACTIVITY:0.5102184953189368
CE_KINGPAWNSHIELD:0.47416542090808594
CE_PIECECOORDINATION:0.5484308466000579
CE_MATERIAL:0.49770372318732403
CE_KINGSAFETY:0.4951961627437674
C_PIECESQUARETABLES:0.49149475223791017
C_MOBILITY:0.44408511843489523
C_KINGSAFETY:0.5033428106797081
C_PAWNSTRUCTURE:0.5561525771720128
C_PIECECOORDINATION:0.42533990058686677
C_ROOKANDPAWNMOVEMENT:0.42533990058686677
C_CENTERCONTROL:0.4284933412390831
C_DEVELOPPIECES:0.38933923732154485
C_MATERIAL:0.5245538783184637
