ELO:865
CE_PASSEDPAWNS:0.4407748176884416
CE_PAWNWEAKNESSES:0.6340764019191921
CE_PIECEACTIVITY:0.4630775422458145
CE_KINGPAWNSHIELD:0.526029339831322
CE_PIECECOORDINATION:0.5037498679290376
CE_MATERIAL:0.6212535380173426
CE_KINGSAFETY:0.5000362036583489
C_PIECESQUARETABLES:0.5602267706692805
C_MOBILITY:0.5210801172759352
C_KINGSAFETY:0.5932786846914685
C_PAWNSTRUCTURE:0.537938098708049
C_PIECECOORDINATION:0.4251159227107243
C_ROOKANDPAWNMOVEMENT:0.4251159227107243
C_CENTERCONTROL:0.5329036560430649
C_DEVELOPPIECES:0.5292451054971128
C_MATERIAL:0.520449062772696
