ELO:934
CE_PASSEDPAWNS:0.4098264133240399
CE_PAWNWEAKNESSES:0.6685478412201266
CE_PIECEACTIVITY:0.4893030343390966
CE_KINGPAWNSHIELD:0.5152459698156883
CE_PIECECOORDINATION:0.4565700535103728
CE_MATERIAL:0.6202857110038561
CE_KINGSAFETY:0.4986638818695238
C_PIECESQUARETABLES:0.5190792834853513
C_MOBILITY:0.48951026209352017
C_KINGSAFETY:0.5695450145811063
C_PAWNSTRUCTURE:0.5236011991326026
C_PIECECOORDINATION:0.48040991879054956
C_ROOKANDPAWNMOVEMENT:0.48040991879054956
C_CENTERCONTROL:0.5268556954050153
C_DEVELOPPIECES:0.5327020519019219
C_MATERIAL:0.5232015446715312
