ELO:1072
CE_PASSEDPAWNS:0.6028658599888261
CE_PAWNWEAKNESSES:0.4830659298159066
CE_PIECEACTIVITY:0.45122080752307914
CE_KINGPAWNSHIELD:0.4730703292594462
CE_PIECECOORDINATION:0.5483269029300765
CE_MATERIAL:0.4891853032160269
CE_KINGSAFETY:0.49830527246295736
C_PIECESQUARETABLES:0.5050225212732916
C_MOBILITY:0.4319194152088188
C_KINGSAFETY:0.6358670823109391
C_PAWNSTRUCTURE:0.40808751889120254
C_PIECECOORDINATION:0.4793276090559761
C_ROOKANDPAWNMOVEMENT:0.4793276090559761
C_CENTERCONTROL:0.49576927666594756
C_DEVELOPPIECES:0.49786574132712497
C_MATERIAL:0.3849619926998462
