ELO:989
CE_PASSEDPAWNS:0.4865676295420392
CE_PAWNWEAKNESSES:0.5
CE_PIECEACTIVITY:0.5199111022253905
CE_KINGPAWNSHIELD:0.4940484174454118
CE_PIECECOORDINATION:0.5005018364105127
CE_MATERIAL:0.5070368644449293
CE_KINGSAFETY:0.47765826344437884
C_PIECESQUARETABLES:0.5
C_MOBILITY:0.5
C_KINGSAFETY:0.5236666369526907
C_PAWNSTRUCTURE:0.4960609085823956
C_PIECECOORDINATION:0.5160640821865868
C_ROOKANDPAWNMOVEMENT:0.5160640821865868
C_CENTERCONTROL:0.49496730827570207
C_DEVELOPPIECES:0.5003776022520554
C_MATERIAL:0.47130750988051273
C_MOVECOUNT:0.5
