ELO:842
CE_PASSEDPAWNS:0.42351278827048594
CE_PAWNWEAKNESSES:0.6466179670166065
CE_PIECEACTIVITY:0.4601048629824138
CE_KINGPAWNSHIELD:0.5315278885613056
CE_PIECECOORDINATION:0.515756477427052
CE_MATERIAL:0.5917429735630293
CE_KINGSAFETY:0.5132026879332807
C_PIECESQUARETABLES:0.5216174776752582
C_MOBILITY:0.49792981733898767
C_KINGSAFETY:0.5930729265588808
C_PAWNSTRUCTURE:0.5100018555870993
C_PIECECOORDINATION:0.43573974595876114
C_ROOKANDPAWNMOVEMENT:0.43573974595876114
C_CENTERCONTROL:0.5099205638552763
C_DEVELOPPIECES:0.499871775506586
C_MATERIAL:0.5189448066608137
