ELO:1031
CE_PASSEDPAWNS:0.5866163968660704
CE_PAWNWEAKNESSES:0.429060645780457
CE_PIECEACTIVITY:0.5526083253144595
CE_KINGPAWNSHIELD:0.4840404329688426
CE_PIECECOORDINATION:0.4811270897912486
CE_MATERIAL:0.46500596851515397
CE_KINGSAFETY:0.46068284181915203
C_PIECESQUARETABLES:0.4961349161011269
C_MOBILITY:0.36890367320791084
C_KINGSAFETY:0.5832584972296163
C_PAWNSTRUCTURE:0.5272464335160701
C_PIECECOORDINATION:0.48294893270900835
C_ROOKANDPAWNMOVEMENT:0.48294893270900835
C_CENTERCONTROL:0.46934708403429704
C_DEVELOPPIECES:0.5155533518895703
C_MATERIAL:0.5177277435800486
