ELO:984
CE_PASSEDPAWNS:0.4991419039181815
CE_PAWNWEAKNESSES:0.5000558315137253
CE_PIECEACTIVITY:0.5108678373890871
CE_KINGPAWNSHIELD:0.4998955201405272
CE_PIECECOORDINATION:0.511629570362748
CE_MATERIAL:0.489751208524324
CE_KINGSAFETY:0.5
C_PIECESQUARETABLES:0.5015870657260562
C_MOBILITY:0.4936066767476175
C_KINGSAFETY:0.5121854649117656
C_PAWNSTRUCTURE:0.4945310164095991
C_PIECECOORDINATION:0.4970713290104178
C_ROOKANDPAWNMOVEMENT:0.4970713290104178
C_CENTERCONTROL:0.500927917387987
C_DEVELOPPIECES:0.4957744693403638
C_MATERIAL:0.5
