ELO:979
CE_PASSEDPAWNS:0.4948024639208261
CE_PAWNWEAKNESSES:0.5685047730304179
CE_PIECEACTIVITY:0.5148163087321342
CE_KINGPAWNSHIELD:0.5369534661237174
CE_PIECECOORDINATION:0.44097938600451936
CE_MATERIAL:0.430849166801958
CE_KINGSAFETY:0.4805825051602691
C_PIECESQUARETABLES:0.5135271714366431
C_MOBILITY:0.3974331419423581
C_KINGSAFETY:0.49811392003827076
C_PAWNSTRUCTURE:0.49733187496425607
C_PIECECOORDINATION:0.4314305701702507
C_ROOKANDPAWNMOVEMENT:0.4314305701702507
C_CENTERCONTROL:0.49972677305208035
C_DEVELOPPIECES:0.38658702736048217
C_MATERIAL:0.48015160391963263
