ELO:1044
CE_PASSEDPAWNS:0.5
CE_PAWNWEAKNESSES:0.5
CE_PIECEACTIVITY:0.5000465166260071
CE_KINGPAWNSHIELD:0.503864756932093
CE_PIECECOORDINATION:0.5
CE_MATERIAL:0.5
CE_KINGSAFETY:0.5021511235964143
C_PIECESQUARETABLES:0.499784859410524
C_MOBILITY:0.5
C_KINGSAFETY:0.49999558647473535
C_PAWNSTRUCTURE:0.5
C_PIECECOORDINATION:0.5068743592078875
C_ROOKANDPAWNMOVEMENT:0.5068743592078875
C_CENTERCONTROL:0.5
C_DEVELOPPIECES:0.5
C_MATERIAL:0.5054229115152152
