ELO:877
CE_PASSEDPAWNS:0.40874767114402416
CE_PAWNWEAKNESSES:0.537207018799086
CE_PIECEACTIVITY:0.5210193194055894
CE_KINGPAWNSHIELD:0.4619161331326426
CE_PIECECOORDINATION:0.40323067405704416
CE_MATERIAL:0.5195497881938964
CE_KINGSAFETY:0.5102147551972294
C_PIECESQUARETABLES:0.49841468295492153
C_MOBILITY:0.4676632418986763
C_KINGSAFETY:0.5016225988909199
C_PAWNSTRUCTURE:0.5415370583998859
C_PIECECOORDINATION:0.5094888519079481
C_ROOKANDPAWNMOVEMENT:0.5094888519079481
C_CENTERCONTROL:0.46417040142072113
C_DEVELOPPIECES:0.550833172463284
C_MATERIAL:0.5119396098615184
C_MOVECOUNT:0.5
