ELO:975
CE_PASSEDPAWNS:0.40361423526469303
CE_PAWNWEAKNESSES:0.6370244210608736
CE_PIECEACTIVITY:0.47660277011802665
CE_KINGPAWNSHIELD:0.532357641863949
CE_PIECECOORDINATION:0.4682648821805851
CE_MATERIAL:0.564653677565514
CE_KINGSAFETY:0.5
C_PIECESQUARETABLES:0.5124498704087115
C_MOBILITY:0.4878600281825553
C_KINGSAFETY:0.579883721310547
C_PAWNSTRUCTURE:0.5619289395393937
C_PIECECOORDINATION:0.48515393108825333
C_ROOKANDPAWNMOVEMENT:0.48515393108825333
C_CENTERCONTROL:0.5124249734592615
C_DEVELOPPIECES:0.5185889872188634
C_MATERIAL:0.5074176808743297
