ELO:1031
CE_PASSEDPAWNS:0.4918216234436925
CE_PAWNWEAKNESSES:0.504363985974368
CE_PIECEACTIVITY:0.5096073050632276
CE_KINGPAWNSHIELD:0.5056450871495214
CE_PIECECOORDINATION:0.49208302111518754
CE_MATERIAL:0.5
CE_KINGSAFETY:0.5
C_PIECESQUARETABLES:0.505071423936729
C_MOBILITY:0.5000355068431511
C_KINGSAFETY:0.49783119794784264
C_PAWNSTRUCTURE:0.5
C_PIECECOORDINATION:0.5108138243797122
C_ROOKANDPAWNMOVEMENT:0.5108138243797122
C_CENTERCONTROL:0.4990082722140956
C_DEVELOPPIECES:0.5
C_MATERIAL:0.4958406944113005
