ELO:962
CE_PASSEDPAWNS:0.49640082161415433
CE_PAWNWEAKNESSES:0.4897115678126068
CE_PIECEACTIVITY:0.5390476826718149
CE_KINGPAWNSHIELD:0.5291144648742929
CE_PIECECOORDINATION:0.5131246142212947
CE_MATERIAL:0.445777718406244
CE_KINGSAFETY:0.4909316483091078
C_PIECESQUARETABLES:0.5060895080975005
C_MOBILITY:0.5042976106314064
C_KINGSAFETY:0.4956956482787794
C_PAWNSTRUCTURE:0.4832013248346283
C_PIECECOORDINATION:0.4750921165322096
C_ROOKANDPAWNMOVEMENT:0.4750921165322096
C_CENTERCONTROL:0.502050097806812
C_DEVELOPPIECES:0.5232777803856862
C_MATERIAL:0.519124467712842
C_MOVECOUNT:0.508810164210548
