ELO:1019
CE_PASSEDPAWNS:0.5060846909594365
CE_PAWNWEAKNESSES:0.5118188001903646
CE_PIECEACTIVITY:0.5094832681531765
CE_KINGPAWNSHIELD:0.49894577915931293
CE_PIECECOORDINATION:0.5
CE_MATERIAL:0.4912356351181324
CE_KINGSAFETY:0.5
C_PIECESQUARETABLES:0.5198353934818969
C_MOBILITY:0.5065533532421219
C_KINGSAFETY:0.5
C_PAWNSTRUCTURE:0.5
C_PIECECOORDINATION:0.49879160358594027
C_ROOKANDPAWNMOVEMENT:0.49879160358594027
C_CENTERCONTROL:0.4799269662900621
C_DEVELOPPIECES:0.49075243691425025
C_MATERIAL:0.5012329552298053
C_MOVECOUNT:0.5067886844278336
