ELO:1037
CE_PASSEDPAWNS:0.5380395756997616
CE_PAWNWEAKNESSES:0.5239349391539394
CE_PIECEACTIVITY:0.5377803702689417
CE_KINGPAWNSHIELD:0.46650621512297125
CE_PIECECOORDINATION:0.454039741789702
CE_MATERIAL:0.5192653492970962
CE_KINGSAFETY:0.47555764407948686
C_PIECESQUARETABLES:0.4908410842190748
C_MOBILITY:0.5454035451305584
C_KINGSAFETY:0.4793828075010677
C_PAWNSTRUCTURE:0.5179739442270967
C_PIECECOORDINATION:0.49566124764577424
C_ROOKANDPAWNMOVEMENT:0.49566124764577424
C_CENTERCONTROL:0.41668017219599635
C_DEVELOPPIECES:0.47705590612629944
C_MATERIAL:0.5233607139834158
