ELO:1036
CE_PASSEDPAWNS:0.5
CE_PAWNWEAKNESSES:0.4952642204331886
CE_PIECEACTIVITY:0.5153854580252264
CE_KINGPAWNSHIELD:0.5005727166417155
CE_PIECECOORDINATION:0.5
CE_MATERIAL:0.49760586661600825
CE_KINGSAFETY:0.5
C_PIECESQUARETABLES:0.5138582465783336
C_MOBILITY:0.5
C_KINGSAFETY:0.5067148539507026
C_PAWNSTRUCTURE:0.5067722289689608
C_PIECECOORDINATION:0.5
C_ROOKANDPAWNMOVEMENT:0.5
C_CENTERCONTROL:0.5
C_DEVELOPPIECES:0.5
C_MATERIAL:0.48957008413017855
C_MOVECOUNT:0.5
