ELO:970
CE_PASSEDPAWNS:0.5860906912177803
CE_PAWNWEAKNESSES:0.4913633060474138
CE_PIECEACTIVITY:0.5713304580351606
CE_KINGPAWNSHIELD:0.41811716192308307
CE_PIECECOORDINATION:0.49896347352990295
CE_MATERIAL:0.5318735267382712
CE_KINGSAFETY:0.4597407957773371
C_PIECESQUARETABLES:0.41266578834629125
C_MOBILITY:0.5244669109728678
C_KINGSAFETY:0.46784400984172375
C_PAWNSTRUCTURE:0.5277242559893119
C_PIECECOORDINATION:0.49319459514870545
C_ROOKANDPAWNMOVEMENT:0.49319459514870545
C_CENTERCONTROL:0.5604820353447374
C_DEVELOPPIECES:0.5524499397490032
C_MATERIAL:0.4349726542067246
