ELO:1010
CE_PASSEDPAWNS:0.5132210022413484
CE_PAWNWEAKNESSES:0.5
CE_PIECEACTIVITY:0.5234526130677648
CE_KINGPAWNSHIELD:0.5
CE_PIECECOORDINATION:0.4968722149648935
CE_MATERIAL:0.5080307565384732
CE_KINGSAFETY:0.5045329739810417
C_PIECESQUARETABLES:0.49334615834965917
C_MOBILITY:0.5015607623740976
C_KINGSAFETY:0.5055923336424889
C_PAWNSTRUCTURE:0.4954803710151081
C_PIECECOORDINATION:0.49313016213976185
C_ROOK:0.5051795352896573
CE_ROOK:0.5013513580313635
C_CENTERCONTROL:0.5016185945448676
C_DEVELOPPIECES:0.49179599718453615
C_MATERIAL:0.4947378355925231
C_MOVECOUNT:0.5161582702913836
C_PAWNMOVEMENT:0.5
