ELO:924
CE_PASSEDPAWNS:0.46810768091059557
CE_PAWNWEAKNESSES:0.48193753161715225
CE_PIECEACTIVITY:0.4739010439085879
CE_KINGPAWNSHIELD:0.47897877918566273
CE_PIECECOORDINATION:0.5557160892713487
CE_MATERIAL:0.5252070700629945
CE_KINGSAFETY:0.5028463126046746
C_PIECESQUARETABLES:0.4798772340830677
C_MOBILITY:0.5054708973325931
C_KINGSAFETY:0.5442105386891235
C_PAWNSTRUCTURE:0.5197974264529799
C_PIECECOORDINATION:0.5297569363185192
C_ROOKANDPAWNMOVEMENT:0.5297569363185192
C_CENTERCONTROL:0.4479112141997575
C_DEVELOPPIECES:0.46814521726140673
C_MATERIAL:0.45957531700923687
