ELO:962
CE_PASSEDPAWNS:0.5891240435338935
CE_PAWNWEAKNESSES:0.5041428560977677
CE_PIECEACTIVITY:0.6147439386192881
CE_KINGPAWNSHIELD:0.41918215802964787
CE_PIECECOORDINATION:0.5445813356245754
CE_MATERIAL:0.537764492594618
CE_KINGSAFETY:0.5
C_PIECESQUARETABLES:0.5018482088536438
C_MOBILITY:0.47866069033734265
C_KINGSAFETY:0.46933803483318565
C_PAWNSTRUCTURE:0.531571104026132
C_PIECECOORDINATION:0.5084148543854725
C_ROOKANDPAWNMOVEMENT:0.5084148543854725
C_CENTERCONTROL:0.5661316299998927
C_DEVELOPPIECES:0.5434072613059846
C_MATERIAL:0.44154287114669516
