ELO:898
CE_PASSEDPAWNS:0.5160757075602839
CE_PAWNWEAKNESSES:0.48391940775863707
CE_PIECEACTIVITY:0.4629789939887237
CE_KINGPAWNSHIELD:0.46054574246609703
CE_PIECECOORDINATION:0.5435193688756266
CE_MATERIAL:0.5744144056022892
CE_KINGSAFETY:0.5326194541943511
C_PIECESQUARETABLES:0.427206013199974
C_MOBILITY:0.5253422970714773
C_KINGSAFETY:0.5642627337301107
C_PAWNSTRUCTURE:0.5351317490932392
C_PIECECOORDINATION:0.5652858865727327
C_ROOKANDPAWNMOVEMENT:0.5652858865727327
C_CENTERCONTROL:0.5202735093002296
C_DEVELOPPIECES:0.5150048286772859
C_MATERIAL:0.4648058136161162
