ELO:708
CE_PASSEDPAWNS:0.4659833751490127
CE_PAWNWEAKNESSES:0.5360310799918604
CE_PIECEACTIVITY:0.498968940879708
CE_KINGPAWNSHIELD:0.4808134927207833
CE_PIECECOORDINATION:0.6151802882572036
CE_MATERIAL:0.4817810935683361
CE_KINGSAFETY:0.5336691036822582
C_PIECESQUARETABLES:0.5136331638324226
C_MOBILITY:0.5769155118835115
C_KINGSAFETY:0.5051260320525853
C_PAWNSTRUCTURE:0.5325036884086741
C_PIECECOORDINATION:0.4963487474061045
C_ROOKANDPAWNMOVEMENT:0.4963487474061045
C_CENTERCONTROL:0.5026826719708446
C_DEVELOPPIECES:0.5111700292590162
C_MATERIAL:0.5118365174994449
C_MOVECOUNT:0.5451894266591447
