ELO:946
CE_PASSEDPAWNS:0.5110699998215347
CE_PAWNWEAKNESSES:0.5192475980253952
CE_PIECEACTIVITY:0.5028579927477925
CE_KINGPAWNSHIELD:0.46422594967235536
CE_PIECECOORDINATION:0.49382081084667695
CE_MATERIAL:0.5068109686817697
CE_KINGSAFETY:0.4982662902922838
C_PIECESQUARETABLES:0.4962896163018867
C_MOBILITY:0.5344413708840511
C_KINGSAFETY:0.5119265166763904
C_PAWNSTRUCTURE:0.5229732189859213
C_PIECECOORDINATION:0.514044951907726
C_ROOKANDPAWNMOVEMENT:0.514044951907726
C_CENTERCONTROL:0.5032075942773464
C_DEVELOPPIECES:0.5067908877067829
C_MATERIAL:0.5288273739044347
C_MOVECOUNT:0.4843378216042662
