ELO:905
CE_PASSEDPAWNS:0.5139530350183853
CE_PAWNWEAKNESSES:0.4887465467946173
CE_PIECEACTIVITY:0.47917148450307523
CE_KINGPAWNSHIELD:0.46939933035512343
CE_PIECECOORDINATION:0.5536861098725188
CE_MATERIAL:0.5479902326299497
CE_KINGSAFETY:0.5228008915483707
C_PIECESQUARETABLES:0.4630652790728884
C_MOBILITY:0.5112680836894243
C_KINGSAFETY:0.5532122708693903
C_PAWNSTRUCTURE:0.5097044939931175
C_PIECECOORDINATION:0.5671875290554279
C_ROOKANDPAWNMOVEMENT:0.5671875290554279
C_CENTERCONTROL:0.4648049005289093
C_DEVELOPPIECES:0.479111045171882
C_MATERIAL:0.47355353144924694
