ELO:962
CE_PASSEDPAWNS:0.601567150452838
CE_PAWNWEAKNESSES:0.5041428560977677
CE_PIECEACTIVITY:0.62423320445335
CE_KINGPAWNSHIELD:0.40453875817867435
CE_PIECECOORDINATION:0.5334292425856998
CE_MATERIAL:0.53971737946778
CE_KINGSAFETY:0.5031130312061266
C_PIECESQUARETABLES:0.49165187108211555
C_MOBILITY:0.47800776040336973
C_KINGSAFETY:0.487361117006275
C_PAWNSTRUCTURE:0.52075640081111
C_PIECECOORDINATION:0.4815017492323612
C_ROOKANDPAWNMOVEMENT:0.4815017492323612
C_CENTERCONTROL:0.5360808215060301
C_DEVELOPPIECES:0.5536997689318092
C_MATERIAL:0.44154287114669516
