ELO:899
CE_PASSEDPAWNS:0.5920132679997253
CE_PAWNWEAKNESSES:0.5343051102356904
CE_PIECEACTIVITY:0.6054105019064521
CE_KINGPAWNSHIELD:0.45994942404535333
CE_PIECECOORDINATION:0.5734029655585198
CE_MATERIAL:0.48002860917492873
CE_KINGSAFETY:0.520415946451272
C_PIECESQUARETABLES:0.4814622844764754
C_MOBILITY:0.4507902741305288
C_KINGSAFETY:0.45475371045541413
C_PAWNSTRUCTURE:0.5082593911459187
C_PIECECOORDINATION:0.4162287970683131
C_ROOKANDPAWNMOVEMENT:0.4162287970683131
C_CENTERCONTROL:0.5091380258921008
C_DEVELOPPIECES:0.5461896706756366
C_MATERIAL:0.4861126670856152
