ELO:929
CE_PASSEDPAWNS:0.45403865598581444
CE_PAWNWEAKNESSES:0.48516202274590164
CE_PIECEACTIVITY:0.4727037228013505
CE_KINGPAWNSHIELD:0.47897877918566273
CE_PIECECOORDINATION:0.5306360127717277
CE_MATERIAL:0.5312865406749628
CE_KINGSAFETY:0.5096582435190172
C_PIECESQUARETABLES:0.5161201484181068
C_MOBILITY:0.49121740382561496
C_KINGSAFETY:0.5244819301497916
C_PAWNSTRUCTURE:0.5143762509864163
C_PIECECOORDINATION:0.5133942547040404
C_ROOKANDPAWNMOVEMENT:0.5133942547040404
C_CENTERCONTROL:0.4479112141997575
C_DEVELOPPIECES:0.46930132635023986
C_MATERIAL:0.4524855937990597
