ELO:896
CE_PASSEDPAWNS:0.4985832419915619
CE_PAWNWEAKNESSES:0.5110692177336537
CE_PIECEACTIVITY:0.5055648001180961
CE_KINGPAWNSHIELD:0.5249919512960335
CE_PIECECOORDINATION:0.4929032338750704
CE_MATERIAL:0.5202659590862958
CE_KINGSAFETY:0.49976618011001134
C_PIECESQUARETABLES:0.5607528034146644
C_MOBILITY:0.5129422776231779
C_KINGSAFETY:0.5035642172775833
C_PAWNSTRUCTURE:0.5149936907959813
C_PIECECOORDINATION:0.48205227831847874
C_ROOKANDPAWNMOVEMENT:0.48205227831847874
C_CENTERCONTROL:0.5747798118694498
C_DEVELOPPIECES:0.4446002732826912
C_MATERIAL:0.4695957209961809
C_MOVECOUNT:0.48702339929994554
