ELO:905
CE_PASSEDPAWNS:0.49834395457547426
CE_PAWNWEAKNESSES:0.48814457744142553
CE_PIECEACTIVITY:0.4562913680484728
CE_KINGPAWNSHIELD:0.4535078177379594
CE_PIECECOORDINATION:0.5578601426603328
CE_MATERIAL:0.5375760802653505
CE_KINGSAFETY:0.5217041742705778
C_PIECESQUARETABLES:0.4444364380387161
C_MOBILITY:0.49130470956551997
C_KINGSAFETY:0.5556445716270383
C_PAWNSTRUCTURE:0.5379964390493837
C_PIECECOORDINATION:0.5517247453652716
C_ROOKANDPAWNMOVEMENT:0.5517247453652716
C_CENTERCONTROL:0.46431718432960334
C_DEVELOPPIECES:0.4738412546467539
C_MATERIAL:0.46441628387945305
