ELO:962
CE_PASSEDPAWNS:0.49657453562899045
CE_PAWNWEAKNESSES:0.48843487853679257
CE_PIECEACTIVITY:0.47863300159269717
CE_KINGPAWNSHIELD:0.5201200780217888
CE_PIECECOORDINATION:0.48890416995506825
CE_MATERIAL:0.4315411759836029
CE_KINGSAFETY:0.4908301992468898
C_PIECESQUARETABLES:0.4967352193436346
C_MOBILITY:0.5230325800654105
C_KINGSAFETY:0.5122876190866208
C_PAWNSTRUCTURE:0.5088209980840043
C_PIECECOORDINATION:0.4692254794262045
C_ROOKANDPAWNMOVEMENT:0.4692254794262045
C_CENTERCONTROL:0.43722746004541485
C_DEVELOPPIECES:0.47009237105067647
C_MATERIAL:0.47037316403913165
