ELO:988
CE_PASSEDPAWNS:0.49137571300856997
CE_PAWNWEAKNESSES:0.49040980069904716
CE_PIECEACTIVITY:0.5089224663361924
CE_KINGPAWNSHIELD:0.5040142792532774
CE_PIECECOORDINATION:0.5
CE_MATERIAL:0.5042604753408599
CE_KINGSAFETY:0.5
C_PIECESQUARETABLES:0.5
C_MOBILITY:0.5023984345916531
C_KINGSAFETY:0.5109589018552203
C_PAWNSTRUCTURE:0.4867142252626244
C_PIECECOORDINATION:0.4960924337529567
C_ROOK:0.4848329330022171
CE_ROOK:0.5
C_CENTERCONTROL:0.4882321003741331
C_DEVELOPPIECES:0.49823002458386606
C_MATERIAL:0.49268207947672804
C_MOVECOUNT:0.4925924161766397
C_PAWNMOVEMENT:0.48840251445902727
