ELO:1021
CE_PASSEDPAWNS:0.4841151605903541
CE_PAWNWEAKNESSES:0.5089262315892731
CE_PIECEACTIVITY:0.49833161450269914
CE_KINGPAWNSHIELD:0.5205458834192515
CE_PIECECOORDINATION:0.49100496749295786
CE_MATERIAL:0.5006403452704119
CE_KINGSAFETY:0.5
C_PIECESQUARETABLES:0.5
C_MOBILITY:0.49676357592563153
C_KINGSAFETY:0.47374175066440066
C_PAWNSTRUCTURE:0.4767873884047411
C_PIECECOORDINATION:0.5129933973770763
C_ROOK:0.5315471885123773
CE_ROOK:0.4939924255204084
C_CENTERCONTROL:0.4981043461682603
C_DEVELOPPIECES:0.44542580439486235
C_MATERIAL:0.5028110968219632
C_MOVECOUNT:0.5058201970632462
C_PAWNMOVEMENT:0.5
