ELO:690
CE_PASSEDPAWNS:0.48482517210758364
CE_PAWNWEAKNESSES:0.5192506088045636
CE_PIECEACTIVITY:0.4883078863128823
CE_KINGPAWNSHIELD:0.49386084110711437
CE_PIECECOORDINATION:0.5878484534286061
CE_MATERIAL:0.4829650613212149
CE_KINGSAFETY:0.5195632784076899
C_PIECESQUARETABLES:0.5349172060441583
C_MOBILITY:0.5657074810707733
C_KINGSAFETY:0.476226271879669
C_PAWNSTRUCTURE:0.5463319781854219
C_PIECECOORDINATION:0.517665092353477
C_ROOKANDPAWNMOVEMENT:0.517665092353477
C_CENTERCONTROL:0.503513009736623
C_DEVELOPPIECES:0.5172950773417546
C_MATERIAL:0.4958121841779627
C_MOVECOUNT:0.5
