ELO:1013
CE_PASSEDPAWNS:0.5479852460726052
CE_PAWNWEAKNESSES:0.5167807477575657
CE_PIECEACTIVITY:0.533267776258579
CE_KINGPAWNSHIELD:0.49448097952625486
CE_PIECECOORDINATION:0.4880423761003266
CE_MATERIAL:0.48752719589368115
CE_KINGSAFETY:0.5213567371211036
C_PIECESQUARETABLES:0.48898558389635044
C_MOBILITY:0.5376997041174901
C_KINGSAFETY:0.4695565292958847
C_PAWNSTRUCTURE:0.5209484829279819
C_PIECECOORDINATION:0.4827550837295477
C_ROOKANDPAWNMOVEMENT:0.4827550837295477
C_CENTERCONTROL:0.5369302917935127
C_DEVELOPPIECES:0.514440276168029
C_MATERIAL:0.46967543248704835
