ELO:1008
CE_PASSEDPAWNS:0.5034799394641208
CE_PAWNWEAKNESSES:0.5
CE_PIECEACTIVITY:0.5101682333644656
CE_KINGPAWNSHIELD:0.5113602648308307
CE_PIECECOORDINATION:0.5018296772333836
CE_MATERIAL:0.5
CE_KINGSAFETY:0.49371232117565805
C_PIECESQUARETABLES:0.4956116929005571
C_MOBILITY:0.5166102172615507
C_KINGSAFETY:0.4890816624720525
C_PAWNSTRUCTURE:0.4881211398326271
C_PIECECOORDINATION:0.5099009421575411
C_ROOKANDPAWNMOVEMENT:0.5099009421575411
C_CENTERCONTROL:0.5
C_DEVELOPPIECES:0.5008473532526834
C_MATERIAL:0.49269313002394444
