ELO:973
CE_PASSEDPAWNS:0.5006380367786688
CE_PAWNWEAKNESSES:0.4644190909868079
CE_PIECEACTIVITY:0.47655690428114716
CE_KINGPAWNSHIELD:0.5250135119495029
CE_PIECECOORDINATION:0.5005831146250023
CE_MATERIAL:0.4754397733398762
CE_KINGSAFETY:0.5
C_PIECESQUARETABLES:0.5116173357656754
C_MOBILITY:0.5479688617418507
C_KINGSAFETY:0.5290176220128898
C_PAWNSTRUCTURE:0.5012212389631814
C_PIECECOORDINATION:0.4534040265977296
C_ROOKANDPAWNMOVEMENT:0.4534040265977296
C_CENTERCONTROL:0.4873151793354562
C_DEVELOPPIECES:0.49439862913838245
C_MATERIAL:0.5021015338322824
C_MOVECOUNT:0.5
