ELO:958
CE_PASSEDPAWNS:0.4974919042844591
CE_PAWNWEAKNESSES:0.4928603486782103
CE_PIECEACTIVITY:0.4811618407253127
CE_KINGPAWNSHIELD:0.5074476128271126
CE_PIECECOORDINATION:0.4986539609021803
CE_MATERIAL:0.5299757061143019
CE_KINGSAFETY:0.47103817733198566
C_PIECESQUARETABLES:0.4247258235906248
C_MOBILITY:0.5205059281976192
C_KINGSAFETY:0.5011708572455595
C_PAWNSTRUCTURE:0.4628299340440244
C_PIECECOORDINATION:0.5297449500070125
C_ROOKANDPAWNMOVEMENT:0.5297449500070125
C_CENTERCONTROL:0.48700268197422525
C_DEVELOPPIECES:0.48773576659933915
C_MATERIAL:0.4813736466454573
