ELO:1000
CE_PASSEDPAWNS:0.5734157706627654
CE_PAWNWEAKNESSES:0.5298019748643565
CE_PIECEACTIVITY:0.5467559225704987
CE_KINGPAWNSHIELD:0.48820284877995485
CE_PIECECOORDINATION:0.49792773130182516
CE_MATERIAL:0.487216515659321
CE_KINGSAFETY:0.5137970743938391
C_PIECESQUARETABLES:0.4602624061557353
C_MOBILITY:0.5151446656960972
C_KINGSAFETY:0.4431593695525803
C_PAWNSTRUCTURE:0.49183483361165936
C_PIECECOORDINATION:0.49634529112017245
C_ROOKANDPAWNMOVEMENT:0.49634529112017245
C_CENTERCONTROL:0.5539530036608044
C_DEVELOPPIECES:0.508973428153894
C_MATERIAL:0.4871688715435802
