ELO:986
CE_PASSEDPAWNS:0.5120082500237886
CE_PAWNWEAKNESSES:0.4938975441511238
CE_PIECEACTIVITY:0.49521992537426224
CE_KINGPAWNSHIELD:0.49060156209017375
CE_PIECECOORDINATION:0.5222578302689949
CE_MATERIAL:0.49364433072019903
CE_KINGSAFETY:0.5233925004974119
C_PIECESQUARETABLES:0.4883143219931951
C_MOBILITY:0.4949999851171524
C_KINGSAFETY:0.47867366270421324
C_PAWNSTRUCTURE:0.5062557901985483
C_PIECECOORDINATION:0.5
C_ROOKANDPAWNMOVEMENT:0.5
C_CENTERCONTROL:0.47128009279497945
C_DEVELOPPIECES:0.48906031323258303
C_MATERIAL:0.4906680754065942
