ELO:706
CE_PASSEDPAWNS:0.46743160415251306
CE_PAWNWEAKNESSES:0.5050605333693756
CE_PIECEACTIVITY:0.4799010204312943
CE_KINGPAWNSHIELD:0.48064097062675176
CE_PIECECOORDINATION:0.5939051175769998
CE_MATERIAL:0.48583676430952577
CE_KINGSAFETY:0.505733519498403
C_PIECESQUARETABLES:0.4999680559096969
C_MOBILITY:0.5602658984355224
C_KINGSAFETY:0.5101069402468688
C_PAWNSTRUCTURE:0.5637443357600813
C_PIECECOORDINATION:0.5190921671579566
C_ROOKANDPAWNMOVEMENT:0.5190921671579566
C_CENTERCONTROL:0.4993747592505583
C_DEVELOPPIECES:0.5144293052098421
C_MATERIAL:0.4948965773881059
C_MOVECOUNT:0.5423108084934806
