ELO:845
CE_PASSEDPAWNS:0.5192689272745915
CE_PAWNWEAKNESSES:0.4902793414472597
CE_PIECEACTIVITY:0.4638654928980954
CE_KINGPAWNSHIELD:0.45853336280103646
CE_PIECECOORDINATION:0.5273855836471907
CE_MATERIAL:0.5746016501555833
CE_KINGSAFETY:0.5442967658978665
C_PIECESQUARETABLES:0.4121664404928025
C_MOBILITY:0.5096918839300364
C_KINGSAFETY:0.5588584941688711
C_PAWNSTRUCTURE:0.5416727603137488
C_PIECECOORDINATION:0.5864620725071619
C_ROOKANDPAWNMOVEMENT:0.5864620725071619
C_CENTERCONTROL:0.5350355669994121
C_DEVELOPPIECES:0.5152774839610729
C_MATERIAL:0.47031207880685877
