ELO:905
CE_PASSEDPAWNS:0.493971022962779
CE_PAWNWEAKNESSES:0.49271964286247893
CE_PIECEACTIVITY:0.44969339352994825
CE_KINGPAWNSHIELD:0.45701734577257885
CE_PIECECOORDINATION:0.5668102961159683
CE_MATERIAL:0.5375760802653505
CE_KINGSAFETY:0.5217041742705778
C_PIECESQUARETABLES:0.44803339960516053
C_MOBILITY:0.5100666783732235
C_KINGSAFETY:0.5649134351493247
C_PAWNSTRUCTURE:0.5379964390493837
C_PIECECOORDINATION:0.5526052087962983
C_ROOKANDPAWNMOVEMENT:0.5526052087962983
C_CENTERCONTROL:0.45323780460246654
C_DEVELOPPIECES:0.4738412546467539
C_MATERIAL:0.47355353144924694
