ELO:955
CE_PASSEDPAWNS:0.5534525701089442
CE_PAWNWEAKNESSES:0.5069572879260544
CE_PIECEACTIVITY:0.5
CE_KINGPAWNSHIELD:0.5007300628660027
CE_PIECECOORDINATION:0.48913971032626685
CE_MATERIAL:0.51590189257712
CE_KINGSAFETY:0.5
C_PIECESQUARETABLES:0.5
C_MOBILITY:0.5171616195372161
C_KINGSAFETY:0.5700665701284321
C_PAWNSTRUCTURE:0.4782243422008113
C_PIECECOORDINATION:0.49564476833406024
C_ROOKANDPAWNMOVEMENT:0.49564476833406024
C_CENTERCONTROL:0.5069888776236371
C_DEVELOPPIECES:0.4976746320734282
C_MATERIAL:0.5325847506197589
C_MOVECOUNT:0.5
