ELO:1000
CE_PASSEDPAWNS:0.5221190509848523
CE_PAWNWEAKNESSES:0.4831734840668564
CE_PIECEACTIVITY:0.4826925127363502
CE_KINGPAWNSHIELD:0.5002045000102177
CE_PIECECOORDINATION:0.48195918917886843
CE_MATERIAL:0.5103598585208505
CE_KINGSAFETY:0.4958783057665403
C_PIECESQUARETABLES:0.5195300783193084
C_MOBILITY:0.5457430487687479
C_KINGSAFETY:0.4858735293423664
C_PAWNSTRUCTURE:0.478257883788871
C_PIECECOORDINATION:0.47786075176722714
C_ROOKANDPAWNMOVEMENT:0.47786075176722714
C_CENTERCONTROL:0.4498519695196758
C_DEVELOPPIECES:0.4755949445413584
C_MATERIAL:0.46080415574049943
