ELO:858
CE_PASSEDPAWNS:0.5019725465121861
CE_PAWNWEAKNESSES:0.519170683073548
CE_PIECEACTIVITY:0.5116378475958157
CE_KINGPAWNSHIELD:0.5070062108289759
CE_PIECECOORDINATION:0.44976813656334574
CE_MATERIAL:0.48031585552332334
CE_KINGSAFETY:0.5133335179485345
C_PIECESQUARETABLES:0.483226215064912
C_MOBILITY:0.4774327818312763
C_KINGSAFETY:0.4743316971554475
C_PAWNSTRUCTURE:0.5009773044938949
C_PIECECOORDINATION:0.48459659883678885
C_ROOKANDPAWNMOVEMENT:0.48459659883678885
C_CENTERCONTROL:0.4845731701521715
C_DEVELOPPIECES:0.4787613340668153
C_MATERIAL:0.4846554635707917
C_MOVECOUNT:0.5194533421245877
