ELO:971
CE_PASSEDPAWNS:0.5946765990759886
CE_PAWNWEAKNESSES:0.5080110431271465
CE_PIECEACTIVITY:0.5794757141286546
CE_KINGPAWNSHIELD:0.4316180377665264
CE_PIECECOORDINATION:0.49421380403091913
CE_MATERIAL:0.5132118114072259
CE_KINGSAFETY:0.47529612883417677
C_PIECESQUARETABLES:0.4226266568193513
C_MOBILITY:0.5228684091320401
C_KINGSAFETY:0.44477237336318826
C_PAWNSTRUCTURE:0.5226776269424368
C_PIECECOORDINATION:0.48948167122586794
C_ROOKANDPAWNMOVEMENT:0.48948167122586794
C_CENTERCONTROL:0.5716760125894782
C_DEVELOPPIECES:0.5374651187864844
C_MATERIAL:0.44615461028137343
