ELO:825
CE_PASSEDPAWNS:0.6441235345771879
CE_PAWNWEAKNESSES:0.5379206941997189
CE_PIECEACTIVITY:0.6241756100239256
CE_KINGPAWNSHIELD:0.46344460234190055
CE_PIECECOORDINATION:0.49064033088912506
CE_MATERIAL:0.5022140107367964
CE_KINGSAFETY:0.5381313455071831
C_PIECESQUARETABLES:0.5265243134463495
C_MOBILITY:0.4328473078523706
C_KINGSAFETY:0.4443147807636384
C_PAWNSTRUCTURE:0.5083226359520887
C_PIECECOORDINATION:0.4252524813369284
C_ROOKANDPAWNMOVEMENT:0.4252524813369284
C_CENTERCONTROL:0.5003868500471366
C_DEVELOPPIECES:0.5824282088399207
C_MATERIAL:0.5179136420728794
