ELO:721
CE_PASSEDPAWNS:0.4622750168170354
CE_PAWNWEAKNESSES:0.539550356764327
CE_PIECEACTIVITY:0.5006648587634972
CE_KINGPAWNSHIELD:0.4935092354945322
CE_PIECECOORDINATION:0.6111151496135474
CE_MATERIAL:0.497092851211917
CE_KINGSAFETY:0.5319615755168994
C_PIECESQUARETABLES:0.503223336957994
C_MOBILITY:0.5524479667485808
C_KINGSAFETY:0.4924357946078332
C_PAWNSTRUCTURE:0.5423682672080997
C_PIECECOORDINATION:0.49842889052445416
C_ROOKANDPAWNMOVEMENT:0.49842889052445416
C_CENTERCONTROL:0.49953630449901065
C_DEVELOPPIECES:0.5173464436119364
C_MATERIAL:0.5040561192888364
C_MOVECOUNT:0.5267469906359722
