ELO:1037
CE_PASSEDPAWNS:0.4841151605903541
CE_PAWNWEAKNESSES:0.5179345407575462
CE_PIECEACTIVITY:0.4830485880078221
CE_KINGPAWNSHIELD:0.5004594220327684
CE_PIECECOORDINATION:0.5165875885347805
CE_MATERIAL:0.4714238126210707
CE_KINGSAFETY:0.4989516322649963
C_PIECESQUARETABLES:0.49819323055299936
C_MOBILITY:0.49381577644724023
C_KINGSAFETY:0.4802234662474188
C_PAWNSTRUCTURE:0.49547049034523644
C_PIECECOORDINATION:0.534155015582187
C_ROOK:0.4828610962900275
CE_ROOK:0.4828363138292949
C_CENTERCONTROL:0.47546309063142794
C_DEVELOPPIECES:0.5459323106087586
C_MATERIAL:0.5313469601825206
C_MOVECOUNT:0.510902853622266
C_PAWNMOVEMENT:0.5
