ELO:988
CE_PASSEDPAWNS:0.5647933797527928
CE_PAWNWEAKNESSES:0.5180981255456099
CE_PIECEACTIVITY:0.5607549443439699
CE_KINGPAWNSHIELD:0.47748397338640713
CE_PIECECOORDINATION:0.48859096513100786
CE_MATERIAL:0.5145619993295965
CE_KINGSAFETY:0.49109019360580985
C_PIECESQUARETABLES:0.44993485837210434
C_MOBILITY:0.5145532374544285
C_KINGSAFETY:0.4319817682669624
C_PAWNSTRUCTURE:0.5014847526251477
C_PIECECOORDINATION:0.483549756254858
C_ROOKANDPAWNMOVEMENT:0.483549756254858
C_CENTERCONTROL:0.5384796146777916
C_DEVELOPPIECES:0.5336874753792075
C_MATERIAL:0.47205625293839015
