ELO:972
CE_PASSEDPAWNS:0.5143509827538597
CE_PAWNWEAKNESSES:0.5061675517334397
CE_PIECEACTIVITY:0.4954678517592316
CE_KINGPAWNSHIELD:0.46959452205647817
CE_PIECECOORDINATION:0.4862772577921074
CE_MATERIAL:0.5121007567942117
CE_KINGSAFETY:0.4897504819895627
C_PIECESQUARETABLES:0.5125727382691204
C_MOBILITY:0.531486002661194
C_KINGSAFETY:0.49690666938941225
C_PAWNSTRUCTURE:0.5200313495469572
C_PIECECOORDINATION:0.5123635629617305
C_ROOKANDPAWNMOVEMENT:0.5123635629617305
C_CENTERCONTROL:0.5120185169785959
C_DEVELOPPIECES:0.5075725704885017
C_MATERIAL:0.5288273739044347
C_MOVECOUNT:0.48478349050644753
