ELO:1006
CE_PASSEDPAWNS:0.5105679486670263
CE_PAWNWEAKNESSES:0.5201910167536612
CE_PIECEACTIVITY:0.48246715996307254
CE_KINGPAWNSHIELD:0.5004188158453108
CE_PIECECOORDINATION:0.48311138938059245
CE_MATERIAL:0.5
CE_KINGSAFETY:0.5037442201553264
C_PIECESQUARETABLES:0.4934320933919487
C_MOBILITY:0.4849096926353095
C_KINGSAFETY:0.4890816624720525
C_PAWNSTRUCTURE:0.4881211398326271
C_PIECECOORDINATION:0.5212123498032389
C_ROOKANDPAWNMOVEMENT:0.5212123498032389
C_CENTERCONTROL:0.49673567107958067
C_DEVELOPPIECES:0.4971684301833425
C_MATERIAL:0.5045116873797064
