ELO:952
CE_PASSEDPAWNS:0.4884959422721567
CE_PAWNWEAKNESSES:0.4851956327468149
CE_PIECEACTIVITY:0.5089224663361924
CE_KINGPAWNSHIELD:0.5189102112786204
CE_PIECECOORDINATION:0.507810490079349
CE_MATERIAL:0.5051159121429499
CE_KINGSAFETY:0.47972241659345166
C_PIECESQUARETABLES:0.4934682587987507
C_MOBILITY:0.5111398870707355
C_KINGSAFETY:0.49658541552060237
C_PAWNSTRUCTURE:0.4776564111575039
C_PIECECOORDINATION:0.5059286204502877
C_ROOK:0.48674596747450993
CE_ROOK:0.5246118521250938
C_CENTERCONTROL:0.4840618625722227
C_DEVELOPPIECES:0.4964902685019109
C_MATERIAL:0.5090064247808254
C_MOVECOUNT:0.49167247357287563
C_PAWNMOVEMENT:0.4877429261429327
