ELO:962
CE_PASSEDPAWNS:0.5120082500237886
CE_PAWNWEAKNESSES:0.5153900160828714
CE_PIECEACTIVITY:0.5010624905515468
CE_KINGPAWNSHIELD:0.5050459947179733
CE_PIECECOORDINATION:0.5259189459142064
CE_MATERIAL:0.5225968870472585
CE_KINGSAFETY:0.47063452351707014
C_PIECESQUARETABLES:0.4498942072656192
C_MOBILITY:0.5051355434072993
C_KINGSAFETY:0.5012703851552429
C_PAWNSTRUCTURE:0.5045258485747545
C_PIECECOORDINATION:0.5293015983505819
C_ROOKANDPAWNMOVEMENT:0.5293015983505819
C_CENTERCONTROL:0.4838435737352171
C_DEVELOPPIECES:0.5089694733246093
C_MATERIAL:0.4987994520367076
