ELO:976
CE_PASSEDPAWNS:0.48801672766051646
CE_PAWNWEAKNESSES:0.5240525248908146
CE_PIECEACTIVITY:0.5174322620611115
CE_KINGPAWNSHIELD:0.4879267652054259
CE_PIECECOORDINATION:0.49445443975741415
CE_MATERIAL:0.5039487402410133
CE_KINGSAFETY:0.5
C_PIECESQUARETABLES:0.5
C_MOBILITY:0.4988297089837916
C_KINGSAFETY:0.5613252402995778
C_PAWNSTRUCTURE:0.4906782010258148
C_PIECECOORDINATION:0.5414174651498439
C_ROOKANDPAWNMOVEMENT:0.5414174651498439
C_CENTERCONTROL:0.4959833776499245
C_DEVELOPPIECES:0.49815972417540944
C_MATERIAL:0.4840015731185357
C_MOVECOUNT:0.5
