ELO:956
CE_PASSEDPAWNS:0.5182575003977063
CE_PAWNWEAKNESSES:0.5331356555018715
CE_PIECEACTIVITY:0.5042509907246174
CE_KINGPAWNSHIELD:0.45535109212671127
CE_PIECECOORDINATION:0.4887895184496779
CE_MATERIAL:0.5180644435811059
CE_KINGSAFETY:0.49258664687881626
C_PIECESQUARETABLES:0.5110849810907669
C_MOBILITY:0.5282644369272941
C_KINGSAFETY:0.509017696491185
C_PAWNSTRUCTURE:0.5131820316127195
C_PIECECOORDINATION:0.514044951907726
C_ROOKANDPAWNMOVEMENT:0.514044951907726
C_CENTERCONTROL:0.489350764940372
C_DEVELOPPIECES:0.5088520518703209
C_MATERIAL:0.5528643165073269
C_MOVECOUNT:0.46809401031820846
