ELO:963
CE_PASSEDPAWNS:0.4841151605903541
CE_PAWNWEAKNESSES:0.5030230620715196
CE_PIECEACTIVITY:0.518964958662583
CE_KINGPAWNSHIELD:0.52070968596337
CE_PIECECOORDINATION:0.5040444871737928
CE_MATERIAL:0.5031488732159278
CE_KINGSAFETY:0.49355319006392784
C_PIECESQUARETABLES:0.4839579962355428
C_MOBILITY:0.5078283076619375
C_KINGSAFETY:0.507805368512084
C_PAWNSTRUCTURE:0.4848560878464089
C_PIECECOORDINATION:0.511875106357352
C_ROOK:0.47928360045431917
CE_ROOK:0.5331610543998273
C_CENTERCONTROL:0.4840618625722227
C_DEVELOPPIECES:0.47839904521745846
C_MATERIAL:0.4995665681598798
C_MOVECOUNT:0.4823065069254921
C_PAWNMOVEMENT:0.482707474983218
