ELO:718
CE_PASSEDPAWNS:0.5014506379179537
CE_PAWNWEAKNESSES:0.5267349220243075
CE_PIECEACTIVITY:0.49726571508037437
CE_KINGPAWNSHIELD:0.4704092284832449
CE_PIECECOORDINATION:0.622480433853493
CE_MATERIAL:0.4880172033371458
CE_KINGSAFETY:0.5480768323039134
C_PIECESQUARETABLES:0.5103982929724985
C_MOBILITY:0.563221346050795
C_KINGSAFETY:0.4973502971781756
C_PAWNSTRUCTURE:0.5389069064353585
C_PIECECOORDINATION:0.48270719405652757
C_ROOKANDPAWNMOVEMENT:0.48270719405652757
C_CENTERCONTROL:0.4810212851012085
C_DEVELOPPIECES:0.5014529498311224
C_MATERIAL:0.5147764613977522
C_MOVECOUNT:0.5317362536811936
