ELO:952
CE_PASSEDPAWNS:0.4884959422721567
CE_PAWNWEAKNESSES:0.49506693558568327
CE_PIECEACTIVITY:0.518964958662583
CE_KINGPAWNSHIELD:0.5273046969910002
CE_PIECECOORDINATION:0.507810490079349
CE_MATERIAL:0.5051159121429499
CE_KINGSAFETY:0.47972241659345166
C_PIECESQUARETABLES:0.4934682587987507
C_MOBILITY:0.5111398870707355
C_KINGSAFETY:0.49658541552060237
C_PAWNSTRUCTURE:0.47290885445449404
C_PIECECOORDINATION:0.5059286204502877
C_ROOK:0.48674596747450993
CE_ROOK:0.5246118521250938
C_CENTERCONTROL:0.4840618625722227
C_DEVELOPPIECES:0.4987561555225248
C_MATERIAL:0.5090064247808254
C_MOVECOUNT:0.49167247357287563
C_PAWNMOVEMENT:0.4877429261429327
