ELO:970
CE_PASSEDPAWNS:0.5691017932688907
CE_PAWNWEAKNESSES:0.48301346008498197
CE_PIECEACTIVITY:0.5836693701457467
CE_KINGPAWNSHIELD:0.40659222674120193
CE_PIECECOORDINATION:0.5077042972814678
CE_MATERIAL:0.5326708921433527
CE_KINGSAFETY:0.512048556941419
C_PIECESQUARETABLES:0.5086902119972824
C_MOBILITY:0.5021248201685272
C_KINGSAFETY:0.4586028017826379
C_PAWNSTRUCTURE:0.5346968581778365
C_PIECECOORDINATION:0.5009505276074919
C_ROOKANDPAWNMOVEMENT:0.5009505276074919
C_CENTERCONTROL:0.5635149862160033
C_DEVELOPPIECES:0.5498352768664244
C_MATERIAL:0.44645929152253777
