ELO:1000
CE_PASSEDPAWNS:0.6098232093123325
CE_PAWNWEAKNESSES:0.43034393927147735
CE_PIECEACTIVITY:0.48446814664834525
CE_KINGPAWNSHIELD:0.48500908312284186
CE_PIECECOORDINATION:0.5410918412832532
CE_MATERIAL:0.5189575449318621
CE_KINGSAFETY:0.4887397121358135
C_PIECESQUARETABLES:0.5
C_MOBILITY:0.4382030006276468
C_KINGSAFETY:0.48209865484335507
C_PAWNSTRUCTURE:0.5102679558192991
C_PIECECOORDINATION:0.44487151170731837
C_ROOKANDPAWNMOVEMENT:0.44487151170731837
C_CENTERCONTROL:0.485486394188727
C_DEVELOPPIECES:0.537995485796212
C_MATERIAL:0.44031793608733694
