ELO:1111
CE_PASSEDPAWNS:0.6496858259496393
CE_PAWNWEAKNESSES:0.45778056110791393
CE_PIECEACTIVITY:0.5914314784072682
CE_KINGPAWNSHIELD:0.6208131797722044
CE_PIECECOORDINATION:0.4878738383935089
CE_MATERIAL:0.3963786524687434
CE_KINGSAFETY:0.5139062854508326
C_PIECESQUARETABLES:0.5
C_MOBILITY:0.41766045605391544
C_KINGSAFETY:0.5135662796773272
C_PAWNSTRUCTURE:0.41040599071577993
C_PIECECOORDINATION:0.48430233874975176
C_ROOKANDPAWNMOVEMENT:0.48430233874975176
C_CENTERCONTROL:0.5952310041286624
C_DEVELOPPIECES:0.5713128393202814
C_MATERIAL:0.4063918105112338
