ELO:954
CE_PASSEDPAWNS:0.5165189196120982
CE_PAWNWEAKNESSES:0.44644159013301704
CE_PIECEACTIVITY:0.5034656797465868
CE_KINGPAWNSHIELD:0.4505762512140844
CE_PIECECOORDINATION:0.5233673391792
CE_MATERIAL:0.4783503691941719
CE_KINGSAFETY:0.5112262751436504
C_PIECESQUARETABLES:0.5239180652954968
C_MOBILITY:0.49069208646710494
C_KINGSAFETY:0.4935098945551868
C_PAWNSTRUCTURE:0.488289092748665
C_PIECECOORDINATION:0.5098642494510592
C_ROOKANDPAWNMOVEMENT:0.5098642494510592
C_CENTERCONTROL:0.5194987822564006
C_DEVELOPPIECES:0.502043202642705
C_MATERIAL:0.5116083727612183
C_MOVECOUNT:0.5
