ELO:1000
CE_PASSEDPAWNS:0.5225311688820187
CE_PAWNWEAKNESSES:0.593837254908821
CE_PIECEACTIVITY:0.4949768524706929
CE_KINGPAWNSHIELD:0.4628103021063566
CE_PIECECOORDINATION:0.4653254069901024
CE_MATERIAL:0.5270797144115432
CE_KINGSAFETY:0.4948418800509145
C_PIECESQUARETABLES:0.49855852885800717
C_MOBILITY:0.5060094791557718
C_KINGSAFETY:0.4720121465476651
C_PAWNSTRUCTURE:0.47170362142437894
C_PIECECOORDINATION:0.45277681944667786
C_ROOKANDPAWNMOVEMENT:0.45277681944667786
C_CENTERCONTROL:0.49901154501978373
C_DEVELOPPIECES:0.47457027690672965
C_MATERIAL:0.5099594357482902
