ELO:938
CE_PASSEDPAWNS:0.47429835802974346
CE_PAWNWEAKNESSES:0.5425771889078409
CE_PIECEACTIVITY:0.5582463983611752
CE_KINGPAWNSHIELD:0.5446134489699216
CE_PIECECOORDINATION:0.49482195207246804
CE_MATERIAL:0.5313298185459622
CE_KINGSAFETY:0.48774498424937074
C_PIECESQUARETABLES:0.5093308320002572
C_MOBILITY:0.5277713249794048
C_KINGSAFETY:0.4373668216995583
C_PAWNSTRUCTURE:0.4688463644616437
C_PIECECOORDINATION:0.48572318484792304
C_ROOKANDPAWNMOVEMENT:0.48572318484792304
C_CENTERCONTROL:0.5623813430479979
C_DEVELOPPIECES:0.5006628483333305
C_MATERIAL:0.46325585047272194
