ELO:1000
CE_PASSEDPAWNS:0.5023579480327411
CE_PAWNWEAKNESSES:0.49455805258904956
CE_PIECEACTIVITY:0.5
CE_KINGPAWNSHIELD:0.5
CE_PIECECOORDINATION:0.49712928289668984
CE_MATERIAL:0.5040725345893093
CE_KINGSAFETY:0.5
C_PIECESQUARETABLES:0.5
C_MOBILITY:0.499110786450322
C_KINGSAFETY:0.4915968805345714
C_PAWNSTRUCTURE:0.4936906447797965
C_PIECECOORDINATION:0.49148032670912534
C_ROOKANDPAWNMOVEMENT:0.49148032670912534
C_CENTERCONTROL:0.5182084762650918
C_DEVELOPPIECES:0.5015344980557841
C_MATERIAL:0.5
C_MOVECOUNT:0.4935701734475257
