ELO:826
CE_PASSEDPAWNS:0.6031548594345905
CE_PAWNWEAKNESSES:0.5819433456853743
CE_PIECEACTIVITY:0.47684293634397745
CE_KINGPAWNSHIELD:0.43562199149595104
CE_PIECECOORDINATION:0.41191018815843233
CE_MATERIAL:0.47508235828508216
CE_KINGSAFETY:0.4775762064042223
C_PIECESQUARETABLES:0.49621780435745877
C_MOBILITY:0.3901711240995843
C_KINGSAFETY:0.441329009096338
C_PAWNSTRUCTURE:0.5272478847433324
C_PIECECOORDINATION:0.3913769876547678
C_ROOKANDPAWNMOVEMENT:0.3913769876547678
C_CENTERCONTROL:0.46603737882118806
C_DEVELOPPIECES:0.563736382014359
C_MATERIAL:0.44688298504598206
C_MOVECOUNT:0.5
