ELO:754
CE_PASSEDPAWNS:0.445963324800375
CE_PAWNWEAKNESSES:0.48425656322392274
CE_PIECEACTIVITY:0.48883234417946103
CE_KINGPAWNSHIELD:0.5181237669515649
CE_PIECECOORDINATION:0.5489372555589717
CE_MATERIAL:0.4547288451672466
CE_KINGSAFETY:0.5160759140092452
C_PIECESQUARETABLES:0.5363841092999467
C_MOBILITY:0.5123855305339262
C_KINGSAFETY:0.4837993860425304
C_PAWNSTRUCTURE:0.6686123202215486
C_PIECECOORDINATION:0.48879325752181707
C_ROOKANDPAWNMOVEMENT:0.48879325752181707
C_CENTERCONTROL:0.4819681672667044
C_DEVELOPPIECES:0.5495073207635928
C_MATERIAL:0.522513949530471
C_MOVECOUNT:0.4884389978966733
