ELO:679
CE_PASSEDPAWNS:0.4470977776148334
CE_PAWNWEAKNESSES:0.4645378062846916
CE_PIECEACTIVITY:0.4533747294768243
CE_KINGPAWNSHIELD:0.6020516880332681
CE_PIECECOORDINATION:0.5179441321829364
CE_MATERIAL:0.5547545045061509
CE_KINGSAFETY:0.468393275612182
C_PIECESQUARETABLES:0.5381238902163696
C_MOBILITY:0.5037992792283488
C_KINGSAFETY:0.4824523294366964
C_PAWNSTRUCTURE:0.40217205587948196
C_PIECECOORDINATION:0.6156191407309196
C_ROOKANDPAWNMOVEMENT:0.6156191407309196
C_CENTERCONTROL:0.46170084064339834
C_DEVELOPPIECES:0.5175255239491587
C_MATERIAL:0.6048489435393369
C_MOVECOUNT:0.44262944723365316
