ELO:908
CE_PASSEDPAWNS:0.49643864551205186
CE_PAWNWEAKNESSES:0.5054952987091547
CE_PIECEACTIVITY:0.5016715952701583
CE_KINGPAWNSHIELD:0.4846842910157616
CE_PIECECOORDINATION:0.5169669188065688
CE_MATERIAL:0.5145193896950309
CE_KINGSAFETY:0.5109097161793207
C_PIECESQUARETABLES:0.49160742939627444
C_MOBILITY:0.4977913259089679
C_KINGSAFETY:0.5532824703318391
C_PAWNSTRUCTURE:0.46914365730789026
C_PIECECOORDINATION:0.46408468431757216
C_ROOK:0.49976041209314237
CE_ROOK:0.5095535606719827
C_CENTERCONTROL:0.5403964234567618
C_DEVELOPPIECES:0.4874239129649612
C_MATERIAL:0.4817573261455442
C_MOVECOUNT:0.5220823936110051
C_PAWNMOVEMENT:0.517151735228292
