ELO:974
CE_PASSEDPAWNS:0.49366409240022835
CE_PAWNWEAKNESSES:0.44852031866050174
CE_PIECEACTIVITY:0.49495736413652475
CE_KINGPAWNSHIELD:0.4295944672975084
CE_PIECECOORDINATION:0.5730085382761697
CE_MATERIAL:0.5257117651491904
CE_KINGSAFETY:0.5287774411402826
C_PIECESQUARETABLES:0.5109826064311185
C_MOBILITY:0.4449388269424518
C_KINGSAFETY:0.5087006142740631
C_PAWNSTRUCTURE:0.6135692274293649
C_PIECECOORDINATION:0.5074921075542297
C_ROOKANDPAWNMOVEMENT:0.5074921075542297
C_CENTERCONTROL:0.5252813280687535
C_DEVELOPPIECES:0.6121235380935058
C_MATERIAL:0.44300460424934884
