ELO:942
CE_PASSEDPAWNS:0.5336208588581332
CE_PAWNWEAKNESSES:0.4899613560782484
CE_PIECEACTIVITY:0.4040828619998036
CE_KINGPAWNSHIELD:0.49387123405713945
CE_PIECECOORDINATION:0.5630705136372826
CE_MATERIAL:0.5160043944901407
CE_KINGSAFETY:0.5187440469016376
C_PIECESQUARETABLES:0.5028862744463191
C_MOBILITY:0.508417009007912
C_KINGSAFETY:0.42641119258861154
C_PAWNSTRUCTURE:0.49644634901699114
C_PIECECOORDINATION:0.43519314849377205
C_ROOKANDPAWNMOVEMENT:0.43519314849377205
C_CENTERCONTROL:0.4663156665675535
C_DEVELOPPIECES:0.5493026013500619
C_MATERIAL:0.45597811493550844
C_MOVECOUNT:0.496062662018909
