ELO:953
CE_PASSEDPAWNS:0.49081921169319676
CE_PAWNWEAKNESSES:0.49968132102469875
CE_PIECEACTIVITY:0.49618824235025916
CE_KINGPAWNSHIELD:0.5155347768508386
CE_PIECECOORDINATION:0.49363883732091524
CE_MATERIAL:0.5043692929378335
CE_KINGSAFETY:0.48055113152042817
C_PIECESQUARETABLES:0.5025317618598077
C_MOBILITY:0.50504007345094
C_KINGSAFETY:0.5119521313371295
C_PAWNSTRUCTURE:0.5002873718071906
C_PIECECOORDINATION:0.4942196773590133
C_ROOKANDPAWNMOVEMENT:0.4942196773590133
C_CENTERCONTROL:0.4911848314458893
C_DEVELOPPIECES:0.4722917804324572
C_MATERIAL:0.4694540961884603
C_MOVECOUNT:0.4902325840682784
