ELO:1000
CE_PASSEDPAWNS:0.4890091624717648
CE_PAWNWEAKNESSES:0.5032900378883819
CE_PIECEACTIVITY:0.5110393930074071
CE_KINGPAWNSHIELD:0.49632582218704674
CE_PIECECOORDINATION:0.5
CE_MATERIAL:0.504405909506888
CE_KINGSAFETY:0.5
C_PIECESQUARETABLES:0.5091913486178973
C_MOBILITY:0.49872670224668425
C_KINGSAFETY:0.5
C_PAWNSTRUCTURE:0.5049168579905228
C_PIECECOORDINATION:0.5161149099870692
C_ROOKANDPAWNMOVEMENT:0.5161149099870692
C_CENTERCONTROL:0.5
C_DEVELOPPIECES:0.4877806459477383
C_MATERIAL:0.4963672599583928
C_MOVECOUNT:0.4912993615588377
