ELO:955
CE_PASSEDPAWNS:0.5310145237406362
CE_PAWNWEAKNESSES:0.5059165129454726
CE_PIECEACTIVITY:0.5039318833633863
CE_KINGPAWNSHIELD:0.4798300698345575
CE_PIECECOORDINATION:0.5233673391792
CE_MATERIAL:0.5036709706349097
CE_KINGSAFETY:0.5175628046426461
C_PIECESQUARETABLES:0.524427480386734
C_MOBILITY:0.476184026014874
C_KINGSAFETY:0.4957937057867286
C_PAWNSTRUCTURE:0.4711271663140834
C_PIECECOORDINATION:0.5156363849725999
C_ROOKANDPAWNMOVEMENT:0.5156363849725999
C_CENTERCONTROL:0.5178755827843236
C_DEVELOPPIECES:0.5029154386117277
C_MATERIAL:0.507636444279851
C_MOVECOUNT:0.5
