ELO:971
CE_PASSEDPAWNS:0.4986313040455699
CE_PAWNWEAKNESSES:0.46265303654160933
CE_PIECEACTIVITY:0.488711980442664
CE_KINGPAWNSHIELD:0.43426803805611236
CE_PIECECOORDINATION:0.6093215601955541
CE_MATERIAL:0.510679119817813
CE_KINGSAFETY:0.5200442492383983
C_PIECESQUARETABLES:0.5197546817640482
C_MOBILITY:0.45155733065371834
C_KINGSAFETY:0.5104130725677267
C_PAWNSTRUCTURE:0.6167563459835166
C_PIECECOORDINATION:0.5122612148976395
C_ROOKANDPAWNMOVEMENT:0.5122612148976395
C_CENTERCONTROL:0.4838604243945928
C_DEVELOPPIECES:0.5923186901597909
C_MATERIAL:0.4521292111994883
