ELO:823
CE_PASSEDPAWNS:0.6034776541814781
CE_PAWNWEAKNESSES:0.5750601403917293
CE_PIECEACTIVITY:0.4917553063671935
CE_KINGPAWNSHIELD:0.4815069095599378
CE_PIECECOORDINATION:0.4510841635667188
CE_MATERIAL:0.48172213483387666
CE_KINGSAFETY:0.48692412291950177
C_PIECESQUARETABLES:0.5702415288059943
C_MOBILITY:0.4203500854988266
C_KINGSAFETY:0.4759768869089092
C_PAWNSTRUCTURE:0.5062464533658003
C_PIECECOORDINATION:0.4262280924050485
C_ROOKANDPAWNMOVEMENT:0.4262280924050485
C_CENTERCONTROL:0.4698356283051266
C_DEVELOPPIECES:0.528839404704317
C_MATERIAL:0.5074380454989726
C_MOVECOUNT:0.5
