ELO:882
CE_PASSEDPAWNS:0.5030711860968243
CE_PAWNWEAKNESSES:0.5084176959282236
CE_PIECEACTIVITY:0.48763954691047556
CE_KINGPAWNSHIELD:0.5231371612284629
CE_PIECECOORDINATION:0.47442194711336744
CE_MATERIAL:0.5266885050270356
CE_KINGSAFETY:0.4943057096257955
C_PIECESQUARETABLES:0.5182205477622783
C_MOBILITY:0.4817209028675337
C_KINGSAFETY:0.49255222669769727
C_PAWNSTRUCTURE:0.5335421213190602
C_PIECECOORDINATION:0.46000413901492704
C_ROOKANDPAWNMOVEMENT:0.46000413901492704
C_CENTERCONTROL:0.491292309937214
C_DEVELOPPIECES:0.5481312228155202
C_MATERIAL:0.4718973939028916
C_MOVECOUNT:0.5
