ELO:1000
CE_PASSEDPAWNS:0.6135541536819353
CE_PAWNWEAKNESSES:0.428849565474665
CE_PIECEACTIVITY:0.501564796824184
CE_KINGPAWNSHIELD:0.4806705113318741
CE_PIECECOORDINATION:0.5063722246736116
CE_MATERIAL:0.4931920604612523
CE_KINGSAFETY:0.5387653299831087
C_PIECESQUARETABLES:0.5308524958285704
C_MOBILITY:0.4701008878124407
C_KINGSAFETY:0.5277748811744896
C_PAWNSTRUCTURE:0.48986791185915707
C_PIECECOORDINATION:0.44349531967862915
C_ROOKANDPAWNMOVEMENT:0.44349531967862915
C_CENTERCONTROL:0.48056868929491076
C_DEVELOPPIECES:0.5331004940753783
C_MATERIAL:0.4501418374719568
