ELO:862
CE_PASSEDPAWNS:0.5143156930039949
CE_PAWNWEAKNESSES:0.5115114232197396
CE_PIECEACTIVITY:0.4681307392388474
CE_KINGPAWNSHIELD:0.4911360505655565
CE_PIECECOORDINATION:0.5573398637314737
CE_MATERIAL:0.49817272108198446
CE_KINGSAFETY:0.487098116333445
C_PIECESQUARETABLES:0.5145942086959931
C_MOBILITY:0.5168323817413821
C_KINGSAFETY:0.44440562906417796
C_PAWNSTRUCTURE:0.5074848427562633
C_PIECECOORDINATION:0.42948640410945355
C_ROOKANDPAWNMOVEMENT:0.42948640410945355
C_CENTERCONTROL:0.48252232714988263
C_DEVELOPPIECES:0.53509580515052
C_MATERIAL:0.4677505226354179
C_MOVECOUNT:0.49828578622752534
