ELO:978
CE_PASSEDPAWNS:0.47765117784918293
CE_PAWNWEAKNESSES:0.4401642721414882
CE_PIECEACTIVITY:0.5098440372796287
CE_KINGPAWNSHIELD:0.43019242155804105
CE_PIECECOORDINATION:0.5832757199338595
CE_MATERIAL:0.5350553480738007
CE_KINGSAFETY:0.5012504213143546
C_PIECESQUARETABLES:0.5203457755706975
C_MOBILITY:0.45050814638284054
C_KINGSAFETY:0.49542249263360616
C_PAWNSTRUCTURE:0.5876112785396903
C_PIECECOORDINATION:0.4813654579060793
C_ROOKANDPAWNMOVEMENT:0.4813654579060793
C_CENTERCONTROL:0.5320246472271765
C_DEVELOPPIECES:0.6194446824244939
C_MATERIAL:0.4577175708916901
