ELO:885
CE_PASSEDPAWNS:0.5062779409412763
CE_PAWNWEAKNESSES:0.5066205360766419
CE_PIECEACTIVITY:0.5112832921621496
CE_KINGPAWNSHIELD:0.4834668462882444
CE_PIECECOORDINATION:0.5136457697804071
CE_MATERIAL:0.5145193896950309
CE_KINGSAFETY:0.5138565777761196
C_PIECESQUARETABLES:0.49715405587994216
C_MOBILITY:0.48714340452712135
C_KINGSAFETY:0.5528313782824731
C_PAWNSTRUCTURE:0.46057174450421207
C_PIECECOORDINATION:0.46311930025053594
C_ROOK:0.48165710326640215
CE_ROOK:0.5044436866085327
C_CENTERCONTROL:0.5288687932150733
C_DEVELOPPIECES:0.48915892656960813
C_MATERIAL:0.4918932531212348
C_MOVECOUNT:0.5252510667246725
C_PAWNMOVEMENT:0.4854025617746012
