ELO:784
CE_PASSEDPAWNS:0.5110893423397044
CE_PAWNWEAKNESSES:0.49432817839798776
CE_PIECEACTIVITY:0.46341975777230865
CE_KINGPAWNSHIELD:0.5366693087271837
CE_PIECECOORDINATION:0.5811441249027255
CE_MATERIAL:0.45700610784823875
CE_KINGSAFETY:0.4930572473274608
C_PIECESQUARETABLES:0.5056677361420278
C_MOBILITY:0.46671245933127115
C_KINGSAFETY:0.4817355553493704
C_PAWNSTRUCTURE:0.469983687259412
C_PIECECOORDINATION:0.5060859690700491
C_ROOKANDPAWNMOVEMENT:0.5060859690700491
C_CENTERCONTROL:0.5787753625286891
C_DEVELOPPIECES:0.532406248906119
C_MATERIAL:0.5074115380079219
C_MOVECOUNT:0.42523044414676553
