ELO:1116
CE_PASSEDPAWNS:0.6324025991728376
CE_PAWNWEAKNESSES:0.5049538678398092
CE_PIECEACTIVITY:0.5822554920959389
CE_KINGPAWNSHIELD:0.4774259118591802
CE_PIECECOORDINATION:0.5540988332665402
CE_MATERIAL:0.3963786524687434
CE_KINGSAFETY:0.5
C_PIECESQUARETABLES:0.4969809718596472
C_MOBILITY:0.42607742098237683
C_KINGSAFETY:0.6009543595079152
C_PAWNSTRUCTURE:0.4417501100211813
C_PIECECOORDINATION:0.48430233874975176
C_ROOKANDPAWNMOVEMENT:0.48430233874975176
C_CENTERCONTROL:0.512443046694238
C_DEVELOPPIECES:0.5857307347625977
C_MATERIAL:0.4063918105112338
