ELO:982
CE_PASSEDPAWNS:0.520339933179627
CE_PAWNWEAKNESSES:0.5002946086246871
CE_PIECEACTIVITY:0.5012895974963465
CE_KINGPAWNSHIELD:0.5026925057116365
CE_PIECECOORDINATION:0.4867822265149294
CE_MATERIAL:0.5
CE_KINGSAFETY:0.5056136193848073
C_PIECESQUARETABLES:0.49118648838465656
C_MOBILITY:0.49754045403398534
C_KINGSAFETY:0.4878962998784742
C_PAWNSTRUCTURE:0.5115501033991946
C_PIECECOORDINATION:0.4937096535764459
C_ROOKANDPAWNMOVEMENT:0.4937096535764459
C_CENTERCONTROL:0.4969950682905247
C_DEVELOPPIECES:0.4872428721171617
C_MATERIAL:0.5078943070794728
