ELO:1004
CE_PASSEDPAWNS:0.49626344165134423
CE_PAWNWEAKNESSES:0.5075360839622313
CE_PIECEACTIVITY:0.5106416274560992
CE_KINGPAWNSHIELD:0.5079344265200508
CE_PIECECOORDINATION:0.4958294766117855
CE_MATERIAL:0.49134085203932026
CE_KINGSAFETY:0.5
C_PIECESQUARETABLES:0.5
C_MOBILITY:0.4842232633792229
C_KINGSAFETY:0.49789716705159176
C_PAWNSTRUCTURE:0.5120738518903453
C_PIECECOORDINATION:0.5067306167823332
C_ROOKANDPAWNMOVEMENT:0.5067306167823332
C_CENTERCONTROL:0.5
C_DEVELOPPIECES:0.4985081568196436
C_MATERIAL:0.5
C_MOVECOUNT:0.4808137078906776
