ELO:987
CE_PASSEDPAWNS:0.4788262040233349
CE_PAWNWEAKNESSES:0.44268095687534476
CE_PIECEACTIVITY:0.5093109493777861
CE_KINGPAWNSHIELD:0.44634658193821164
CE_PIECECOORDINATION:0.5655213835674348
CE_MATERIAL:0.5266429506957907
CE_KINGSAFETY:0.4963726357859041
C_PIECESQUARETABLES:0.49707326411406616
C_MOBILITY:0.4466435345483433
C_KINGSAFETY:0.49948008526117493
C_PAWNSTRUCTURE:0.5670894423913461
C_PIECECOORDINATION:0.48218929292588303
C_ROOKANDPAWNMOVEMENT:0.48218929292588303
C_CENTERCONTROL:0.5551685832545238
C_DEVELOPPIECES:0.6154909024735622
C_MATERIAL:0.4124144173777756
