ELO:1000
CE_PASSEDPAWNS:0.6157277361669259
CE_PAWNWEAKNESSES:0.4231311331512329
CE_PIECEACTIVITY:0.4969149457410326
CE_KINGPAWNSHIELD:0.49970822818069754
CE_PIECECOORDINATION:0.5097613974093862
CE_MATERIAL:0.5004401399729219
CE_KINGSAFETY:0.5247266815824801
C_PIECESQUARETABLES:0.5424070958639201
C_MOBILITY:0.4806929736689994
C_KINGSAFETY:0.526933464361111
C_PAWNSTRUCTURE:0.4993984409521368
C_PIECECOORDINATION:0.44275078865716694
C_ROOKANDPAWNMOVEMENT:0.44275078865716694
C_CENTERCONTROL:0.464400457560449
C_DEVELOPPIECES:0.5114958010161349
C_MATERIAL:0.44646948556724875
