ELO:904
CE_PASSEDPAWNS:0.4973326670709803
CE_PAWNWEAKNESSES:0.49459340178969347
CE_PIECEACTIVITY:0.5139991867698421
CE_KINGPAWNSHIELD:0.5453990333373884
CE_PIECECOORDINATION:0.5068101846252143
CE_MATERIAL:0.4375623862175433
CE_KINGSAFETY:0.5076718288366106
C_PIECESQUARETABLES:0.510401354660482
C_MOBILITY:0.5312351179975703
C_KINGSAFETY:0.46377920170075254
C_PAWNSTRUCTURE:0.5902094557990838
C_PIECECOORDINATION:0.49810485422237594
C_ROOKANDPAWNMOVEMENT:0.49810485422237594
C_CENTERCONTROL:0.45574677082963805
C_DEVELOPPIECES:0.4162426292022322
C_MATERIAL:0.3762118784212068
