ELO:919
CE_PASSEDPAWNS:0.4735690476570507
CE_PAWNWEAKNESSES:0.47900441906862923
CE_PIECEACTIVITY:0.49597474304782113
CE_KINGPAWNSHIELD:0.42464132804104154
CE_PIECECOORDINATION:0.6467566028947688
CE_MATERIAL:0.5466138446036051
CE_KINGSAFETY:0.5794217691887178
C_PIECESQUARETABLES:0.4727504929380364
C_MOBILITY:0.44587842611852646
C_KINGSAFETY:0.553768078947044
C_PAWNSTRUCTURE:0.6079204134903214
C_PIECECOORDINATION:0.5542950504287669
C_ROOKANDPAWNMOVEMENT:0.5542950504287669
C_CENTERCONTROL:0.5015906693831669
C_DEVELOPPIECES:0.6706686591623829
C_MATERIAL:0.5165124775238008
