ELO:828
CE_PASSEDPAWNS:0.5373445496468526
CE_PAWNWEAKNESSES:0.5282457191572902
CE_PIECEACTIVITY:0.5010322883007554
CE_KINGPAWNSHIELD:0.4722839017303773
CE_PIECECOORDINATION:0.5035432459990272
CE_MATERIAL:0.4890666351482537
CE_KINGSAFETY:0.5
C_PIECESQUARETABLES:0.5100090414625497
C_MOBILITY:0.49694343384997797
C_KINGSAFETY:0.5615728385260097
C_PAWNSTRUCTURE:0.4568528824435906
C_PIECECOORDINATION:0.4843969779418041
C_ROOK:0.488564876646314
CE_ROOK:0.4722577405920649
C_CENTERCONTROL:0.5421264346389404
C_DEVELOPPIECES:0.4729104760007155
C_MATERIAL:0.44677600954708524
C_MOVECOUNT:0.5454702939534979
C_PAWNMOVEMENT:0.5095008282570963
