ELO:996
CE_PASSEDPAWNS:0.5
CE_PAWNWEAKNESSES:0.5035509831298803
CE_PIECEACTIVITY:0.4837339194353065
CE_KINGPAWNSHIELD:0.5079154658754588
CE_PIECECOORDINATION:0.5003054702698823
CE_MATERIAL:0.5079247187315498
CE_KINGSAFETY:0.48861799966485
C_PIECESQUARETABLES:0.5109655258733725
C_MOBILITY:0.49202675844750243
C_KINGSAFETY:0.48762930047223346
C_PAWNSTRUCTURE:0.49641297381848964
C_PIECECOORDINATION:0.49565575186850797
C_ROOKANDPAWNMOVEMENT:0.49565575186850797
C_CENTERCONTROL:0.5156079152773068
C_DEVELOPPIECES:0.4938187369599235
C_MATERIAL:0.5149099900540993
C_MOVECOUNT:0.5
