ELO:1000
CE_PASSEDPAWNS:0.5194661425744267
CE_PAWNWEAKNESSES:0.5801013105843378
CE_PIECEACTIVITY:0.4812422586342845
CE_KINGPAWNSHIELD:0.4783735811422749
CE_PIECECOORDINATION:0.4946217335387258
CE_MATERIAL:0.509711849254905
CE_KINGSAFETY:0.48049231417110366
C_PIECESQUARETABLES:0.5051061172786998
C_MOBILITY:0.5010360480065961
C_KINGSAFETY:0.45840016175692777
C_PAWNSTRUCTURE:0.4713616795366035
C_PIECECOORDINATION:0.4374988614545845
C_ROOKANDPAWNMOVEMENT:0.4374988614545845
C_CENTERCONTROL:0.5030335448073578
C_DEVELOPPIECES:0.46795114602966253
C_MATERIAL:0.5047550255371334
