ELO:1098
CE_PASSEDPAWNS:0.6242583277016063
CE_PAWNWEAKNESSES:0.4941827501557761
CE_PIECEACTIVITY:0.4642402396721852
CE_KINGPAWNSHIELD:0.6208131797722044
CE_PIECECOORDINATION:0.554691593308102
CE_MATERIAL:0.3742289583787709
CE_KINGSAFETY:0.5
C_PIECESQUARETABLES:0.5
C_MOBILITY:0.4189939890219221
C_KINGSAFETY:0.49907030422404736
C_PAWNSTRUCTURE:0.4417501100211813
C_PIECECOORDINATION:0.4946116074924433
C_ROOKANDPAWNMOVEMENT:0.4946116074924433
C_CENTERCONTROL:0.5207431825190142
C_DEVELOPPIECES:0.5695241415259112
C_MATERIAL:0.3728454848139912
