ELO:990
CE_PASSEDPAWNS:0.51575427797609
CE_PAWNWEAKNESSES:0.4758604392554876
CE_PIECEACTIVITY:0.5141028264927026
CE_KINGPAWNSHIELD:0.5045347158601948
CE_PIECECOORDINATION:0.4724331307562184
CE_MATERIAL:0.516125665117329
CE_KINGSAFETY:0.4767584365708819
C_PIECESQUARETABLES:0.5
C_MOBILITY:0.4739213155675649
C_KINGSAFETY:0.48841686440967697
C_PAWNSTRUCTURE:0.5178253024012135
C_PIECECOORDINATION:0.5125674193500589
C_ROOK:0.4920538548052534
CE_ROOK:0.5069750047235909
C_CENTERCONTROL:0.5133561905630255
C_DEVELOPPIECES:0.4999748470522313
C_MATERIAL:0.5058953034236855
C_MOVECOUNT:0.5010276872785778
C_PAWNMOVEMENT:0.4972505920211706
