ELO:816
CE_PASSEDPAWNS:0.539116580181351
CE_PAWNWEAKNESSES:0.5360947618224476
CE_PIECEACTIVITY:0.4933767808851276
CE_KINGPAWNSHIELD:0.4758125266925924
CE_PIECECOORDINATION:0.5150128643488309
CE_MATERIAL:0.4742228796943595
CE_KINGSAFETY:0.5133358592818683
C_PIECESQUARETABLES:0.48843171962644055
C_MOBILITY:0.5000256648948332
C_KINGSAFETY:0.5623390592764359
C_PAWNSTRUCTURE:0.45488888663085303
C_PIECECOORDINATION:0.496356243696939
C_ROOK:0.4906108989166688
CE_ROOK:0.4897486032828666
C_CENTERCONTROL:0.5463549307416137
C_DEVELOPPIECES:0.45249488984208364
C_MATERIAL:0.46653529765699725
C_MOVECOUNT:0.5454702939534979
C_PAWNMOVEMENT:0.4974599372934653
