ELO:861
CE_PASSEDPAWNS:0.5222442148036509
CE_PAWNWEAKNESSES:0.5160144111358058
CE_PIECEACTIVITY:0.49124325733298413
CE_KINGPAWNSHIELD:0.5454395816867788
CE_PIECECOORDINATION:0.53656593869289
CE_MATERIAL:0.4739540755074985
CE_KINGSAFETY:0.48236892798264575
C_PIECESQUARETABLES:0.4975096929697682
C_MOBILITY:0.4593272760744992
C_KINGSAFETY:0.5026623697128663
C_PAWNSTRUCTURE:0.49976951141622455
C_PIECECOORDINATION:0.5152808965004518
C_ROOKANDPAWNMOVEMENT:0.5152808965004518
C_CENTERCONTROL:0.5493495357611267
C_DEVELOPPIECES:0.4970093977343515
C_MATERIAL:0.5211119874401294
C_MOVECOUNT:0.4819720640974251
