ELO:908
CE_PASSEDPAWNS:0.4984606871508122
CE_PAWNWEAKNESSES:0.5172894708338617
CE_PIECEACTIVITY:0.5097882589079642
CE_KINGPAWNSHIELD:0.47546839907955885
CE_PIECECOORDINATION:0.5108875797782609
CE_MATERIAL:0.4749548263698876
CE_KINGSAFETY:0.5
C_PIECESQUARETABLES:0.5110063107129811
C_MOBILITY:0.47836846214150586
C_KINGSAFETY:0.552219681310574
C_PAWNSTRUCTURE:0.4667114062513587
C_PIECECOORDINATION:0.46632215348117073
C_ROOK:0.4977624903401257
CE_ROOK:0.5094378020264393
C_CENTERCONTROL:0.5207162440062959
C_DEVELOPPIECES:0.48625190465252693
C_MATERIAL:0.47985349431609914
C_MOVECOUNT:0.5120225567596924
C_PAWNMOVEMENT:0.5045329161469501
