ELO:861
CE_PASSEDPAWNS:0.5062779409412763
CE_PAWNWEAKNESSES:0.5066205360766419
CE_PIECEACTIVITY:0.5106189611713096
CE_KINGPAWNSHIELD:0.4818312624948319
CE_PIECECOORDINATION:0.5198326581949176
CE_MATERIAL:0.4994443562106139
CE_KINGSAFETY:0.5004785582655026
C_PIECESQUARETABLES:0.508619465592691
C_MOBILITY:0.4992198466341701
C_KINGSAFETY:0.5586960661404805
C_PAWNSTRUCTURE:0.4599625599734983
C_PIECECOORDINATION:0.47333753498933956
C_ROOK:0.49399693329481525
CE_ROOK:0.48652626435303215
C_CENTERCONTROL:0.5308220963391166
C_DEVELOPPIECES:0.4838846790938754
C_MATERIAL:0.4842818137266033
C_MOVECOUNT:0.5373845965762682
C_PAWNMOVEMENT:0.49850612327455884
