ELO:987
CE_PASSEDPAWNS:0.5106828286888111
CE_PAWNWEAKNESSES:0.5902261734164316
CE_PIECEACTIVITY:0.522002702320003
CE_KINGPAWNSHIELD:0.46420597091163673
CE_PIECECOORDINATION:0.48790528145630485
CE_MATERIAL:0.5141744082308936
CE_KINGSAFETY:0.5062492885825914
C_PIECESQUARETABLES:0.5158713644225821
C_MOBILITY:0.4900638928677264
C_KINGSAFETY:0.43444343895111565
C_PAWNSTRUCTURE:0.46880736665259964
C_PIECECOORDINATION:0.42080571287222013
C_ROOKANDPAWNMOVEMENT:0.42080571287222013
C_CENTERCONTROL:0.5348916906787109
C_DEVELOPPIECES:0.518241131595936
C_MATERIAL:0.5174343600210667
