ELO:859
CE_PASSEDPAWNS:0.6100874421680572
CE_PAWNWEAKNESSES:0.5979790869265343
CE_PIECEACTIVITY:0.4840291568376241
CE_KINGPAWNSHIELD:0.4641684509422836
CE_PIECECOORDINATION:0.4567626577640027
CE_MATERIAL:0.48359277818489504
CE_KINGSAFETY:0.4766086954509044
C_PIECESQUARETABLES:0.5764250651177454
C_MOBILITY:0.42502604555676915
C_KINGSAFETY:0.4759662072202528
C_PAWNSTRUCTURE:0.505100722041668
C_PIECECOORDINATION:0.4165895725842032
C_ROOKANDPAWNMOVEMENT:0.4165895725842032
C_CENTERCONTROL:0.4698802570596313
C_DEVELOPPIECES:0.5261164253257377
C_MATERIAL:0.5010474867977475
C_MOVECOUNT:0.5
