ELO:907
CE_PASSEDPAWNS:0.5943281617454284
CE_PAWNWEAKNESSES:0.5820711524496309
CE_PIECEACTIVITY:0.48133832611958094
CE_KINGPAWNSHIELD:0.46722762044191674
CE_PIECECOORDINATION:0.46687868282099043
CE_MATERIAL:0.4905257210637953
CE_KINGSAFETY:0.4871507330974937
C_PIECESQUARETABLES:0.5668412370176757
C_MOBILITY:0.43956895014884456
C_KINGSAFETY:0.47999808408992223
C_PAWNSTRUCTURE:0.5146231753901116
C_PIECECOORDINATION:0.4367068683952056
C_ROOKANDPAWNMOVEMENT:0.4367068683952056
C_CENTERCONTROL:0.47786638451492963
C_DEVELOPPIECES:0.5177461620876089
C_MATERIAL:0.5064304866886491
C_MOVECOUNT:0.5
