ELO:1000
CE_PASSEDPAWNS:0.6267523044071966
CE_PAWNWEAKNESSES:0.44582992848118624
CE_PIECEACTIVITY:0.48446814664834525
CE_KINGPAWNSHIELD:0.4739134163174787
CE_PIECECOORDINATION:0.5294169149260398
CE_MATERIAL:0.520557456240183
CE_KINGSAFETY:0.5
C_PIECESQUARETABLES:0.5
C_MOBILITY:0.4326751509007177
C_KINGSAFETY:0.4987336467134083
C_PAWNSTRUCTURE:0.5290578258954654
C_PIECECOORDINATION:0.4462128839434675
C_ROOKANDPAWNMOVEMENT:0.4462128839434675
C_CENTERCONTROL:0.49538003304568723
C_DEVELOPPIECES:0.5362452462752213
C_MATERIAL:0.44452220236189866
