ELO:1000
CE_PASSEDPAWNS:0.5194661425744267
CE_PAWNWEAKNESSES:0.5886998322591593
CE_PIECEACTIVITY:0.487704434689406
CE_KINGPAWNSHIELD:0.4545376881954899
CE_PIECECOORDINATION:0.49643377019114004
CE_MATERIAL:0.5130097418091258
CE_KINGSAFETY:0.47183147650247137
C_PIECESQUARETABLES:0.5008985328686097
C_MOBILITY:0.503961134473375
C_KINGSAFETY:0.45220704271227163
C_PAWNSTRUCTURE:0.46911232223672544
C_PIECECOORDINATION:0.440126482629272
C_ROOKANDPAWNMOVEMENT:0.440126482629272
C_CENTERCONTROL:0.49610855185986846
C_DEVELOPPIECES:0.4621293158309448
C_MATERIAL:0.5009963332684012
