ELO:1000
CE_PASSEDPAWNS:0.5
CE_PAWNWEAKNESSES:0.5
CE_PIECEACTIVITY:0.49443860223738656
CE_KINGPAWNSHIELD:0.508817207467856
CE_PIECECOORDINATION:0.5023949323737711
CE_MATERIAL:0.5043020015284454
CE_KINGSAFETY:0.4941370760983015
C_PIECESQUARETABLES:0.5079899754890963
C_MOBILITY:0.5124797004966264
C_KINGSAFETY:0.5
C_PAWNSTRUCTURE:0.5098926970997246
C_PIECECOORDINATION:0.5
C_ROOKANDPAWNMOVEMENT:0.5
C_CENTERCONTROL:0.5
C_DEVELOPPIECES:0.49931865264056213
C_MATERIAL:0.4877120607695394
