ELO:779
CE_PASSEDPAWNS:0.510832822543893
CE_PAWNWEAKNESSES:0.5031953774696272
CE_PIECEACTIVITY:0.44315032667976567
CE_KINGPAWNSHIELD:0.5433940238303341
CE_PIECECOORDINATION:0.5624291884863788
CE_MATERIAL:0.47420856838022885
CE_KINGSAFETY:0.4782765530994303
C_PIECESQUARETABLES:0.5052625807983264
C_MOBILITY:0.43684275139840834
C_KINGSAFETY:0.48023047188337775
C_PAWNSTRUCTURE:0.4886804723984347
C_PIECECOORDINATION:0.4978753602744147
C_ROOKANDPAWNMOVEMENT:0.4978753602744147
C_CENTERCONTROL:0.574863123287602
C_DEVELOPPIECES:0.5061023393966333
C_MATERIAL:0.5231577562291518
C_MOVECOUNT:0.46612654731187103
