ELO:949
CE_PASSEDPAWNS:0.5157069051130909
CE_PAWNWEAKNESSES:0.4759275339684495
CE_PIECEACTIVITY:0.5133258167603268
CE_KINGPAWNSHIELD:0.483498652254804
CE_PIECECOORDINATION:0.5133366713163294
CE_MATERIAL:0.5000021213181008
CE_KINGSAFETY:0.5
C_PIECESQUARETABLES:0.5
C_MOBILITY:0.48579319337106003
C_KINGSAFETY:0.49539709800776166
C_PAWNSTRUCTURE:0.48444192784226114
C_PIECECOORDINATION:0.5060930352670233
C_ROOKANDPAWNMOVEMENT:0.5060930352670233
C_CENTERCONTROL:0.48949047007689805
C_DEVELOPPIECES:0.5146054655619888
C_MATERIAL:0.5034863863696695
C_MOVECOUNT:0.5
