ELO:846
CE_PASSEDPAWNS:0.4387233087863896
CE_PAWNWEAKNESSES:0.4949088808023888
CE_PIECEACTIVITY:0.5420514430149036
CE_KINGPAWNSHIELD:0.47657142561049676
CE_PIECECOORDINATION:0.45206161883677165
CE_MATERIAL:0.46030125426856067
CE_KINGSAFETY:0.5087359959986106
C_PIECESQUARETABLES:0.5002754204871842
C_MOBILITY:0.4783596752576517
C_KINGSAFETY:0.5387567982742469
C_PAWNSTRUCTURE:0.44678104852415135
C_PIECECOORDINATION:0.5082873935831722
C_ROOKANDPAWNMOVEMENT:0.5082873935831722
C_CENTERCONTROL:0.5818454120285884
C_DEVELOPPIECES:0.45796895580989966
C_MATERIAL:0.4569302131345216
C_MOVECOUNT:0.5
