ELO:943
CE_PASSEDPAWNS:0.5307798596317012
CE_PAWNWEAKNESSES:0.4880001072050522
CE_PIECEACTIVITY:0.48924243703067133
CE_KINGPAWNSHIELD:0.5293958041942791
CE_PIECECOORDINATION:0.53656593869289
CE_MATERIAL:0.4675362229966431
CE_KINGSAFETY:0.4619199234468333
C_PIECESQUARETABLES:0.49391011644205823
C_MOBILITY:0.4710333642225437
C_KINGSAFETY:0.5192521349812292
C_PAWNSTRUCTURE:0.5063022269910029
C_PIECECOORDINATION:0.49605232584693376
C_ROOKANDPAWNMOVEMENT:0.49605232584693376
C_CENTERCONTROL:0.5900642870244056
C_DEVELOPPIECES:0.5141321027236655
C_MATERIAL:0.5193992258548006
C_MOVECOUNT:0.45711130736895556
