ELO:814
CE_PASSEDPAWNS:0.5193949106082947
CE_PAWNWEAKNESSES:0.5562407442209558
CE_PIECEACTIVITY:0.5251940723994482
CE_KINGPAWNSHIELD:0.45369857469338476
CE_PIECECOORDINATION:0.5747278882551368
CE_MATERIAL:0.45807827814905117
CE_KINGSAFETY:0.4935208324037472
C_PIECESQUARETABLES:0.4941171245775766
C_MOBILITY:0.5056096009343567
C_KINGSAFETY:0.425657685517732
C_PAWNSTRUCTURE:0.5084953035364287
C_PIECECOORDINATION:0.5341281150816087
C_ROOKANDPAWNMOVEMENT:0.5341281150816087
C_CENTERCONTROL:0.5048778060621638
C_DEVELOPPIECES:0.5000961956096168
C_MATERIAL:0.505079976205617
C_MOVECOUNT:0.45945796672115585
