ELO:711
CE_PASSEDPAWNS:0.48936736657821
CE_PAWNWEAKNESSES:0.5362341573237378
CE_PIECEACTIVITY:0.4500640391757972
CE_KINGPAWNSHIELD:0.4943403544565038
CE_PIECECOORDINATION:0.5413877367596388
CE_MATERIAL:0.5291880373073252
CE_KINGSAFETY:0.43572328913605884
C_PIECESQUARETABLES:0.5033100014353008
C_MOBILITY:0.49621710319992246
C_KINGSAFETY:0.4691342646323896
C_PAWNSTRUCTURE:0.5196466018873768
C_PIECECOORDINATION:0.5549412192794618
C_ROOKANDPAWNMOVEMENT:0.5549412192794618
C_CENTERCONTROL:0.5340354471022475
C_DEVELOPPIECES:0.4619699986048492
C_MATERIAL:0.5327595923010058
C_MOVECOUNT:0.5
