ELO:996
CE_PASSEDPAWNS:0.49175375039936825
CE_PAWNWEAKNESSES:0.5131400704388956
CE_PIECEACTIVITY:0.517388315537129
CE_KINGPAWNSHIELD:0.487753040826521
CE_PIECECOORDINATION:0.4814010032080311
CE_MATERIAL:0.5232307326160843
CE_KINGSAFETY:0.5
C_PIECESQUARETABLES:0.5
C_MOBILITY:0.5046569031004563
C_KINGSAFETY:0.5134337776982162
C_PAWNSTRUCTURE:0.5229952033914971
C_PIECECOORDINATION:0.4804266696995474
C_ROOK:0.5315471885123773
CE_ROOK:0.5012328256061186
C_CENTERCONTROL:0.48026751089024694
C_DEVELOPPIECES:0.5034067506903054
C_MATERIAL:0.48197906261409296
C_MOVECOUNT:0.5141809455062772
C_PAWNMOVEMENT:0.5003787379197111
