ELO:998
CE_PASSEDPAWNS:0.4868219285508393
CE_PAWNWEAKNESSES:0.5014816288783835
CE_PIECEACTIVITY:0.4838641623136445
CE_KINGPAWNSHIELD:0.510079806702973
CE_PIECECOORDINATION:0.49955959998865296
CE_MATERIAL:0.49955807247722
CE_KINGSAFETY:0.5086957374272161
C_PIECESQUARETABLES:0.48985140532283084
C_MOBILITY:0.49680122908852503
C_KINGSAFETY:0.511205500225862
C_PAWNSTRUCTURE:0.49337828141583445
C_PIECECOORDINATION:0.5186301197686247
C_ROOKANDPAWNMOVEMENT:0.5186301197686247
C_CENTERCONTROL:0.504253189524616
C_DEVELOPPIECES:0.5160438037737596
C_MATERIAL:0.49701900545299654
