ELO:1000
CE_PASSEDPAWNS:0.5172085150792541
CE_PAWNWEAKNESSES:0.509128369642677
CE_PIECEACTIVITY:0.47715846531035083
CE_KINGPAWNSHIELD:0.5066395088430422
CE_PIECECOORDINATION:0.4972873378640463
CE_MATERIAL:0.4742615489515435
CE_KINGSAFETY:0.5000903613974549
C_PIECESQUARETABLES:0.4828341807827923
C_MOBILITY:0.5313702065463647
C_KINGSAFETY:0.5205838516507387
C_PAWNSTRUCTURE:0.5014039563067277
C_PIECECOORDINATION:0.49506397727283213
C_ROOKANDPAWNMOVEMENT:0.49506397727283213
C_CENTERCONTROL:0.530595735853853
C_DEVELOPPIECES:0.504067838898807
C_MATERIAL:0.47662974416163784
