ELO:999
CE_PASSEDPAWNS:0.49466509944209847
CE_PAWNWEAKNESSES:0.5018759020046714
CE_PIECEACTIVITY:0.517388315537129
CE_KINGPAWNSHIELD:0.504482741216641
CE_PIECECOORDINATION:0.4814010032080311
CE_MATERIAL:0.4780527585395552
CE_KINGSAFETY:0.5
C_PIECESQUARETABLES:0.5
C_MOBILITY:0.4988921237330988
C_KINGSAFETY:0.5142885120146999
C_PAWNSTRUCTURE:0.5
C_PIECECOORDINATION:0.4804266696995474
C_ROOK:0.5041519753694378
CE_ROOK:0.5132819044396046
C_CENTERCONTROL:0.4867984985115353
C_DEVELOPPIECES:0.5034067506903054
C_MATERIAL:0.49836544858434173
C_MOVECOUNT:0.5097475948095455
C_PAWNMOVEMENT:0.5003787379197111
