ELO:766
CE_PASSEDPAWNS:0.572513686025154
CE_PAWNWEAKNESSES:0.5199577889021328
CE_PIECEACTIVITY:0.4517492478477424
CE_KINGPAWNSHIELD:0.45190130600078615
CE_PIECECOORDINATION:0.5332669458888614
CE_MATERIAL:0.5066898575601303
CE_KINGSAFETY:0.48723825918821123
C_PIECESQUARETABLES:0.4706098939486849
C_MOBILITY:0.4541016262422514
C_KINGSAFETY:0.48375614088494984
C_PAWNSTRUCTURE:0.536723404591558
C_PIECECOORDINATION:0.5226653256190679
C_ROOKANDPAWNMOVEMENT:0.5226653256190679
C_CENTERCONTROL:0.5498825990747532
C_DEVELOPPIECES:0.5021189081689217
C_MATERIAL:0.5014667399250953
C_MOVECOUNT:0.5
