ELO:988
CE_PASSEDPAWNS:0.487315058457088
CE_PAWNWEAKNESSES:0.4590923873789059
CE_PIECEACTIVITY:0.4723019060154342
CE_KINGPAWNSHIELD:0.5540260562475051
CE_PIECECOORDINATION:0.5479737683197917
CE_MATERIAL:0.4772973940454483
CE_KINGSAFETY:0.45098322641822153
C_PIECESQUARETABLES:0.5702223567258626
C_MOBILITY:0.5623802905498527
C_KINGSAFETY:0.4530100855481085
C_PAWNSTRUCTURE:0.47607266639844537
C_PIECECOORDINATION:0.4616760451679469
C_ROOKANDPAWNMOVEMENT:0.4616760451679469
C_CENTERCONTROL:0.5516348959581766
C_DEVELOPPIECES:0.5777465849577322
C_MATERIAL:0.5101065896197018
