ELO:991
CE_PASSEDPAWNS:0.5223471222948922
CE_PAWNWEAKNESSES:0.48641293236034605
CE_PIECEACTIVITY:0.5597175999836665
CE_KINGPAWNSHIELD:0.5181669439183441
CE_PIECECOORDINATION:0.5620089169644392
CE_MATERIAL:0.43265303543593464
CE_KINGSAFETY:0.47872763006904034
C_PIECESQUARETABLES:0.5097917685936143
C_MOBILITY:0.5727049736930522
C_KINGSAFETY:0.4857471964971482
C_PAWNSTRUCTURE:0.5761648048595143
C_PIECECOORDINATION:0.4768888258743924
C_ROOKANDPAWNMOVEMENT:0.4768888258743924
C_CENTERCONTROL:0.5612216939977969
C_DEVELOPPIECES:0.5805346528664419
C_MATERIAL:0.46775589278570884
