ELO:1008
CE_PASSEDPAWNS:0.4916101403693267
CE_PAWNWEAKNESSES:0.5029236032183104
CE_PIECEACTIVITY:0.5063398250064
CE_KINGPAWNSHIELD:0.49666117305890717
CE_PIECECOORDINATION:0.49155925713190496
CE_MATERIAL:0.4904718627888885
CE_KINGSAFETY:0.5
C_PIECESQUARETABLES:0.5083736318440009
C_MOBILITY:0.4949201129959443
C_KINGSAFETY:0.49743981785882385
C_PAWNSTRUCTURE:0.5092933079304885
C_PIECECOORDINATION:0.5010845355944802
C_ROOK:0.5
CE_ROOK:0.5
C_CENTERCONTROL:0.5
C_DEVELOPPIECES:0.5
C_MATERIAL:0.502997213550293
C_MOVECOUNT:0.5
C_PAWNMOVEMENT:0.5
