ELO:672
CE_PASSEDPAWNS:0.5869203039654435
CE_PAWNWEAKNESSES:0.5040488164971578
CE_PIECEACTIVITY:0.47260532709534325
CE_KINGPAWNSHIELD:0.40369510290933197
CE_PIECECOORDINATION:0.5420461889728495
CE_MATERIAL:0.5122555304418873
CE_KINGSAFETY:0.4685111289792384
C_PIECESQUARETABLES:0.45387901837341754
C_MOBILITY:0.4183521176400864
C_KINGSAFETY:0.5096049002361894
C_PAWNSTRUCTURE:0.565941540362055
C_PIECECOORDINATION:0.5573846026086571
C_ROOKANDPAWNMOVEMENT:0.5573846026086571
C_CENTERCONTROL:0.5104689490387153
C_DEVELOPPIECES:0.41910768719262553
C_MATERIAL:0.48802694361852544
C_MOVECOUNT:0.4675889657554418
