ELO:696
CE_PASSEDPAWNS:0.5417728401550441
CE_PAWNWEAKNESSES:0.5344064141382096
CE_PIECEACTIVITY:0.4332688922699162
CE_KINGPAWNSHIELD:0.48058819752985715
CE_PIECECOORDINATION:0.526152720656313
CE_MATERIAL:0.5415132332262897
CE_KINGSAFETY:0.49496974215351625
C_PIECESQUARETABLES:0.4959161632916359
C_MOBILITY:0.4914005974937603
C_KINGSAFETY:0.46236630527922246
C_PAWNSTRUCTURE:0.5481346677726646
C_PIECECOORDINATION:0.5248549581183292
C_ROOKANDPAWNMOVEMENT:0.5248549581183292
C_CENTERCONTROL:0.5144223812078518
C_DEVELOPPIECES:0.4869521551186638
C_MATERIAL:0.4867587882024046
C_MOVECOUNT:0.5
