ELO:962
CE_PASSEDPAWNS:0.4454127113452214
CE_PAWNWEAKNESSES:0.45720280393569657
CE_PIECEACTIVITY:0.4749239657596757
CE_KINGPAWNSHIELD:0.5834820759822656
CE_PIECECOORDINATION:0.5684484248610324
CE_MATERIAL:0.46459637563156136
CE_KINGSAFETY:0.5215881092940988
C_PIECESQUARETABLES:0.5202516963366749
C_MOBILITY:0.5261645735912363
C_KINGSAFETY:0.47172634812899233
C_PAWNSTRUCTURE:0.43367155858391127
C_PIECECOORDINATION:0.4580352731215
C_ROOKANDPAWNMOVEMENT:0.4580352731215
C_CENTERCONTROL:0.5571257715101676
C_DEVELOPPIECES:0.6068741424150512
C_MATERIAL:0.5219065554157496
