ELO:948
CE_PASSEDPAWNS:0.575099437968127
CE_PAWNWEAKNESSES:0.5327346242940938
CE_PIECEACTIVITY:0.5374740529056281
CE_KINGPAWNSHIELD:0.5345052205840626
CE_PIECECOORDINATION:0.5418558834831853
CE_MATERIAL:0.4273549430321495
CE_KINGSAFETY:0.5017122624189893
C_PIECESQUARETABLES:0.5181813675480696
C_MOBILITY:0.55459245960747
C_KINGSAFETY:0.4809180536968392
C_PAWNSTRUCTURE:0.5716046980650199
C_PIECECOORDINATION:0.44274292485391903
C_ROOKANDPAWNMOVEMENT:0.44274292485391903
C_CENTERCONTROL:0.5549626754475249
C_DEVELOPPIECES:0.5352840003631396
C_MATERIAL:0.5106608906742149
