ELO:914
CE_PASSEDPAWNS:0.5103634568563982
CE_PAWNWEAKNESSES:0.4668616399146325
CE_PIECEACTIVITY:0.49836818091122187
CE_KINGPAWNSHIELD:0.5699750534704688
CE_PIECECOORDINATION:0.5799129550017201
CE_MATERIAL:0.481708198438108
CE_KINGSAFETY:0.5058088615873477
C_PIECESQUARETABLES:0.521716008357014
C_MOBILITY:0.45617039201083776
C_KINGSAFETY:0.47045092769175884
C_PAWNSTRUCTURE:0.44123812977603355
C_PIECECOORDINATION:0.44929240043566354
C_ROOKANDPAWNMOVEMENT:0.44929240043566354
C_CENTERCONTROL:0.5559508631628546
C_DEVELOPPIECES:0.6201643973118344
C_MATERIAL:0.5588190015164439
