ELO:812
CE_PASSEDPAWNS:0.4968317768788022
CE_PAWNWEAKNESSES:0.5263424049029011
CE_PIECEACTIVITY:0.4459991316615727
CE_KINGPAWNSHIELD:0.5058971572651864
CE_PIECECOORDINATION:0.5278528736990167
CE_MATERIAL:0.4854865177532746
CE_KINGSAFETY:0.4071828989520574
C_PIECESQUARETABLES:0.4817911219824657
C_MOBILITY:0.4877284782919786
C_KINGSAFETY:0.4922396427226721
C_PAWNSTRUCTURE:0.5009449375853589
C_PIECECOORDINATION:0.5413046925469238
C_ROOKANDPAWNMOVEMENT:0.5413046925469238
C_CENTERCONTROL:0.4845428405022956
C_DEVELOPPIECES:0.500151615345872
C_MATERIAL:0.5094146984857547
C_MOVECOUNT:0.5
