ELO:1014
CE_PASSEDPAWNS:0.5138341080678203
CE_PAWNWEAKNESSES:0.5018759020046714
CE_PIECEACTIVITY:0.4905183688531095
CE_KINGPAWNSHIELD:0.5024837139228125
CE_PIECECOORDINATION:0.4814010032080311
CE_MATERIAL:0.5160523937091994
CE_KINGSAFETY:0.5
C_PIECESQUARETABLES:0.5
C_MOBILITY:0.4988921237330988
C_KINGSAFETY:0.5142885120146999
C_PAWNSTRUCTURE:0.5
C_PIECECOORDINATION:0.5121076075461656
C_ROOK:0.5027283151713002
CE_ROOK:0.49463821876990005
C_CENTERCONTROL:0.5080224797314908
C_DEVELOPPIECES:0.4701634492206863
C_MATERIAL:0.5005844375595324
C_MOVECOUNT:0.4790804045958373
C_PAWNMOVEMENT:0.5083217540250716
