ELO:988
CE_PASSEDPAWNS:0.5097354498136171
CE_PAWNWEAKNESSES:0.458958208776164
CE_PIECEACTIVITY:0.4852264407669257
CE_KINGPAWNSHIELD:0.5299515487748052
CE_PIECECOORDINATION:0.5438099176980195
CE_MATERIAL:0.5088129662838164
CE_KINGSAFETY:0.4571923009394878
C_PIECESQUARETABLES:0.548052282482989
C_MOBILITY:0.5674500784471053
C_KINGSAFETY:0.44713436919934835
C_PAWNSTRUCTURE:0.4689122853505281
C_PIECECOORDINATION:0.4780353484489187
C_ROOKANDPAWNMOVEMENT:0.4780353484489187
C_CENTERCONTROL:0.5388473899239822
C_DEVELOPPIECES:0.5481092911136147
C_MATERIAL:0.509004178938741
