ELO:898
CE_PASSEDPAWNS:0.4982384425533544
CE_PAWNWEAKNESSES:0.5441065303285999
CE_PIECEACTIVITY:0.48489316293456347
CE_KINGPAWNSHIELD:0.5398824864967343
CE_PIECECOORDINATION:0.5295576518941605
CE_MATERIAL:0.4083342174772401
CE_KINGSAFETY:0.5140054730502104
C_PIECESQUARETABLES:0.5133947126757189
C_MOBILITY:0.5093961468159696
C_KINGSAFETY:0.41672470056449357
C_PAWNSTRUCTURE:0.6244612906136592
C_PIECECOORDINATION:0.4861616481623113
C_ROOKANDPAWNMOVEMENT:0.4861616481623113
C_CENTERCONTROL:0.545379315830279
C_DEVELOPPIECES:0.529385918865636
C_MATERIAL:0.5302089752087826
