ELO:914
CE_PASSEDPAWNS:0.5064853207558832
CE_PAWNWEAKNESSES:0.5352641032176045
CE_PIECEACTIVITY:0.4962505433671483
CE_KINGPAWNSHIELD:0.5398824864967343
CE_PIECECOORDINATION:0.5135742051949919
CE_MATERIAL:0.4030139972950264
CE_KINGSAFETY:0.5131002858739895
C_PIECESQUARETABLES:0.5341669840883901
C_MOBILITY:0.48580872129347774
C_KINGSAFETY:0.42245973502036566
C_PAWNSTRUCTURE:0.6253209568712087
C_PIECECOORDINATION:0.5155294645887135
C_ROOKANDPAWNMOVEMENT:0.5155294645887135
C_CENTERCONTROL:0.5764980907695586
C_DEVELOPPIECES:0.5364616514929231
C_MATERIAL:0.5213081769774721
