ELO:999
CE_PASSEDPAWNS:0.47950592908498596
CE_PAWNWEAKNESSES:0.5014816288783835
CE_PIECEACTIVITY:0.4838641623136445
CE_KINGPAWNSHIELD:0.5
CE_PIECECOORDINATION:0.4967522021174304
CE_MATERIAL:0.49583357311939247
CE_KINGSAFETY:0.5
C_PIECESQUARETABLES:0.5
C_MOBILITY:0.49680122908852503
C_KINGSAFETY:0.511155213316155
C_PAWNSTRUCTURE:0.5
C_PIECECOORDINATION:0.511346466644489
C_ROOKANDPAWNMOVEMENT:0.511346466644489
C_CENTERCONTROL:0.504253189524616
C_DEVELOPPIECES:0.5236202980554097
C_MATERIAL:0.4911367169660511
