ELO:702
CE_PASSEDPAWNS:0.557906128175657
CE_PAWNWEAKNESSES:0.512598971542101
CE_PIECEACTIVITY:0.4512352807307701
CE_KINGPAWNSHIELD:0.47494345310613106
CE_PIECECOORDINATION:0.5013517375416281
CE_MATERIAL:0.5424498148312882
CE_KINGSAFETY:0.4954087095477854
C_PIECESQUARETABLES:0.49241536087831195
C_MOBILITY:0.4764993325371893
C_KINGSAFETY:0.47092787027657923
C_PAWNSTRUCTURE:0.5361661853054114
C_PIECECOORDINATION:0.5343647710948348
C_ROOKANDPAWNMOVEMENT:0.5343647710948348
C_CENTERCONTROL:0.5225241924473788
C_DEVELOPPIECES:0.4863153615923976
C_MATERIAL:0.47752468957727895
C_MOVECOUNT:0.5
