ELO:1000
CE_PASSEDPAWNS:0.4830674415782971
CE_PAWNWEAKNESSES:0.48521811722350316
CE_PIECEACTIVITY:0.4930194467321921
CE_KINGPAWNSHIELD:0.4979487738640069
CE_PIECECOORDINATION:0.5
CE_MATERIAL:0.49843090008761765
CE_KINGSAFETY:0.49736007279967753
C_PIECESQUARETABLES:0.4895882101931091
C_MOBILITY:0.4882607005901073
C_KINGSAFETY:0.5187473290487742
C_PAWNSTRUCTURE:0.5
C_PIECECOORDINATION:0.5
C_ROOKANDPAWNMOVEMENT:0.5
C_CENTERCONTROL:0.5115232969405208
C_DEVELOPPIECES:0.5007419290611942
C_MATERIAL:0.5
