ELO:674
CE_PASSEDPAWNS:0.48780274437216226
CE_PAWNWEAKNESSES:0.5312808702189616
CE_PIECEACTIVITY:0.44313271923835434
CE_KINGPAWNSHIELD:0.47413535169999
CE_PIECECOORDINATION:0.5484030153942818
CE_MATERIAL:0.5441508279910109
CE_KINGSAFETY:0.42680914671528297
C_PIECESQUARETABLES:0.5152590855581872
C_MOBILITY:0.47230946402427015
C_KINGSAFETY:0.45267747256779145
C_PAWNSTRUCTURE:0.5529034105333651
C_PIECECOORDINATION:0.5416407618795268
C_ROOKANDPAWNMOVEMENT:0.5416407618795268
C_CENTERCONTROL:0.5200864117625089
C_DEVELOPPIECES:0.4571425768349661
C_MATERIAL:0.5122684908941324
C_MOVECOUNT:0.5
