ELO:979
CE_PASSEDPAWNS:0.499254680195606
CE_PAWNWEAKNESSES:0.5160370985262442
CE_PIECEACTIVITY:0.5248160986499114
CE_KINGPAWNSHIELD:0.5036036847829194
CE_PIECECOORDINATION:0.5058658652271372
CE_MATERIAL:0.4620551810021352
CE_KINGSAFETY:0.4629148812432161
C_PIECESQUARETABLES:0.4867005217099739
C_MOBILITY:0.48103728422930253
C_KINGSAFETY:0.5270283067619145
C_PAWNSTRUCTURE:0.4925310991021433
C_PIECECOORDINATION:0.5165927182781908
C_ROOKANDPAWNMOVEMENT:0.5165927182781908
C_CENTERCONTROL:0.4979971392174004
C_DEVELOPPIECES:0.517090747279819
C_MATERIAL:0.48949229551773044
C_MOVECOUNT:0.5
