ELO:968
CE_PASSEDPAWNS:0.45721205676238474
CE_PAWNWEAKNESSES:0.4465993439337269
CE_PIECEACTIVITY:0.4723019060154342
CE_KINGPAWNSHIELD:0.5650753023423101
CE_PIECECOORDINATION:0.5502535031251852
CE_MATERIAL:0.49783463683281637
CE_KINGSAFETY:0.5
C_PIECESQUARETABLES:0.5040573672366785
C_MOBILITY:0.5264355326560709
C_KINGSAFETY:0.4628406698408914
C_PAWNSTRUCTURE:0.4281034397693318
C_PIECECOORDINATION:0.45833466274582796
C_ROOKANDPAWNMOVEMENT:0.45833466274582796
C_CENTERCONTROL:0.5688561403864485
C_DEVELOPPIECES:0.5915902641231986
C_MATERIAL:0.5162400135509015
