ELO:979
CE_PASSEDPAWNS:0.4791350963151497
CE_PAWNWEAKNESSES:0.5063292198245694
CE_PIECEACTIVITY:0.5086315474950343
CE_KINGPAWNSHIELD:0.5063894691404058
CE_PIECECOORDINATION:0.49591092420628574
CE_MATERIAL:0.4997621205272291
CE_KINGSAFETY:0.5087003010816126
C_PIECESQUARETABLES:0.4899669851904948
C_MOBILITY:0.5
C_KINGSAFETY:0.5177692375377725
C_PAWNSTRUCTURE:0.4991584804387038
C_PIECECOORDINATION:0.4886289042894815
C_ROOKANDPAWNMOVEMENT:0.4886289042894815
C_CENTERCONTROL:0.4862161027461679
C_DEVELOPPIECES:0.48523941055945347
C_MATERIAL:0.5
C_MOVECOUNT:0.5
