ELO:984
CE_PASSEDPAWNS:0.5076335868207728
CE_PAWNWEAKNESSES:0.4983419492495583
CE_PIECEACTIVITY:0.4834939824017353
CE_KINGPAWNSHIELD:0.5
CE_PIECECOORDINATION:0.4992385975245929
CE_MATERIAL:0.5013530295194987
CE_KINGSAFETY:0.5198959899464524
C_PIECESQUARETABLES:0.49918860584969343
C_MOBILITY:0.49882500001527325
C_KINGSAFETY:0.49781633664245273
C_PAWNSTRUCTURE:0.4905828901114045
C_PIECECOORDINATION:0.4955932664188363
C_ROOKANDPAWNMOVEMENT:0.4955932664188363
C_CENTERCONTROL:0.48691725256936685
C_DEVELOPPIECES:0.47649659192606925
C_MATERIAL:0.49618144002619047
C_MOVECOUNT:0.5
