ELO:988
CE_PASSEDPAWNS:0.499259414940617
CE_PAWNWEAKNESSES:0.45685892634166825
CE_PIECEACTIVITY:0.4821601132500298
CE_KINGPAWNSHIELD:0.5484756602185997
CE_PIECECOORDINATION:0.5645886140807467
CE_MATERIAL:0.4772973940454483
CE_KINGSAFETY:0.45096239637782914
C_PIECESQUARETABLES:0.553544942327414
C_MOBILITY:0.5558632447812182
C_KINGSAFETY:0.456272933473948
C_PAWNSTRUCTURE:0.4648031089040042
C_PIECECOORDINATION:0.47132013858953575
C_ROOKANDPAWNMOVEMENT:0.47132013858953575
C_CENTERCONTROL:0.5515355894919952
C_DEVELOPPIECES:0.5583180981413228
C_MATERIAL:0.5118896102303967
