ELO:1104
CE_PASSEDPAWNS:0.4430555873865823
CE_PAWNWEAKNESSES:0.5306152272156027
CE_PIECEACTIVITY:0.4476724321784595
CE_KINGPAWNSHIELD:0.47975776318548236
CE_PIECECOORDINATION:0.5507749360268874
CE_MATERIAL:0.45899412627267705
CE_KINGSAFETY:0.5
C_PIECESQUARETABLES:0.4889304964284274
C_MOBILITY:0.4427776517797233
C_KINGSAFETY:0.605019418258306
C_PAWNSTRUCTURE:0.41040599071577993
C_PIECECOORDINATION:0.48430233874975176
C_ROOKANDPAWNMOVEMENT:0.48430233874975176
C_CENTERCONTROL:0.4919241622943827
C_DEVELOPPIECES:0.5068234613367708
C_MATERIAL:0.4165574905698327
