ELO:832
CE_PASSEDPAWNS:0.5190602656298696
CE_PAWNWEAKNESSES:0.561921806072762
CE_PIECEACTIVITY:0.49496187816105325
CE_KINGPAWNSHIELD:0.4616655725561924
CE_PIECECOORDINATION:0.5262537947446542
CE_MATERIAL:0.4557296548025048
CE_KINGSAFETY:0.4922389684922906
C_PIECESQUARETABLES:0.5111064210538304
C_MOBILITY:0.4820319055287048
C_KINGSAFETY:0.4489540675376806
C_PAWNSTRUCTURE:0.5099708187610635
C_PIECECOORDINATION:0.5303701373211961
C_ROOKANDPAWNMOVEMENT:0.5303701373211961
C_CENTERCONTROL:0.5246176879251039
C_DEVELOPPIECES:0.48672842478607004
C_MATERIAL:0.5248225711951876
C_MOVECOUNT:0.47331804575456754
