ELO:988
CE_PASSEDPAWNS:0.5085109516467254
CE_PAWNWEAKNESSES:0.5106455321840725
CE_PIECEACTIVITY:0.5050840277469089
CE_KINGPAWNSHIELD:0.4932814497363076
CE_PIECECOORDINATION:0.4786075345447415
CE_MATERIAL:0.4965173672882056
CE_KINGSAFETY:0.5
C_PIECESQUARETABLES:0.49245982856246634
C_MOBILITY:0.5258357525365414
C_KINGSAFETY:0.49463235511804143
C_PAWNSTRUCTURE:0.4777771879474269
C_PIECECOORDINATION:0.5041233538740494
C_ROOK:0.5220186712052768
CE_ROOK:0.5
C_CENTERCONTROL:0.479546743812247
C_DEVELOPPIECES:0.4913705006010163
C_MATERIAL:0.5116378440754569
C_MOVECOUNT:0.49520666756016857
C_PAWNMOVEMENT:0.49868938706179716
