ELO:697
CE_PASSEDPAWNS:0.5733774527192481
CE_PAWNWEAKNESSES:0.5145695751136031
CE_PIECEACTIVITY:0.4578329823790287
CE_KINGPAWNSHIELD:0.3952634515004073
CE_PIECECOORDINATION:0.5456554062382505
CE_MATERIAL:0.5320585087953115
CE_KINGSAFETY:0.5189682309621692
C_PIECESQUARETABLES:0.4363586319846291
C_MOBILITY:0.43726431897691986
C_KINGSAFETY:0.4861291796976147
C_PAWNSTRUCTURE:0.5934782053749104
C_PIECECOORDINATION:0.5453478283412381
C_ROOKANDPAWNMOVEMENT:0.5453478283412381
C_CENTERCONTROL:0.5164628729736984
C_DEVELOPPIECES:0.449439596377045
C_MATERIAL:0.4765152285421774
C_MOVECOUNT:0.5
