ELO:997
CE_PASSEDPAWNS:0.4968141764078774
CE_PAWNWEAKNESSES:0.4865131571221459
CE_PIECEACTIVITY:0.4990558924623428
CE_KINGPAWNSHIELD:0.5285059436458208
CE_PIECECOORDINATION:0.4864186493259337
CE_MATERIAL:0.5076277745561025
CE_KINGSAFETY:0.49389761571769053
C_PIECESQUARETABLES:0.5111596409712221
C_MOBILITY:0.4815108355622715
C_KINGSAFETY:0.4731872026742149
C_PAWNSTRUCTURE:0.5123582030468733
C_PIECECOORDINATION:0.48860772753963644
C_ROOK:0.5076055903396927
CE_ROOK:0.4877365190800436
C_CENTERCONTROL:0.480661467886494
C_DEVELOPPIECES:0.49494568086617774
C_MATERIAL:0.48604450981560093
C_MOVECOUNT:0.5
C_PAWNMOVEMENT:0.5052369739698577
