ELO:917
CE_PASSEDPAWNS:0.4947013689051811
CE_PAWNWEAKNESSES:0.47113467343196685
CE_PIECEACTIVITY:0.47720622445201966
CE_KINGPAWNSHIELD:0.5734224497809047
CE_PIECECOORDINATION:0.582864091341395
CE_MATERIAL:0.48176068179940007
CE_KINGSAFETY:0.5249306577916713
C_PIECESQUARETABLES:0.4993356234063232
C_MOBILITY:0.49099573869898666
C_KINGSAFETY:0.46992222678150514
C_PAWNSTRUCTURE:0.4519502192824846
C_PIECECOORDINATION:0.47358213199366805
C_ROOKANDPAWNMOVEMENT:0.47358213199366805
C_CENTERCONTROL:0.549191287261021
C_DEVELOPPIECES:0.6118526899480968
C_MATERIAL:0.535395621884427
