ELO:996
CE_PASSEDPAWNS:0.5325521251919618
CE_PAWNWEAKNESSES:0.4985339633497368
CE_PIECEACTIVITY:0.5015244632777409
CE_KINGPAWNSHIELD:0.48413089815423616
CE_PIECECOORDINATION:0.4931227379615482
CE_MATERIAL:0.5297954566229056
CE_KINGSAFETY:0.5
C_PIECESQUARETABLES:0.5
C_MOBILITY:0.5
C_KINGSAFETY:0.4915968805345714
C_PAWNSTRUCTURE:0.4933305536375923
C_PIECECOORDINATION:0.5070062935259071
C_ROOKANDPAWNMOVEMENT:0.5070062935259071
C_CENTERCONTROL:0.5018443805813212
C_DEVELOPPIECES:0.510203706403518
C_MATERIAL:0.514558812976977
C_MOVECOUNT:0.5
