ELO:990
CE_PASSEDPAWNS:0.4830823450993661
CE_PAWNWEAKNESSES:0.5023671154484513
CE_PIECEACTIVITY:0.5177275300908473
CE_KINGPAWNSHIELD:0.48131307182417365
CE_PIECECOORDINATION:0.5238094004842603
CE_MATERIAL:0.4995801247307172
CE_KINGSAFETY:0.5
C_PIECESQUARETABLES:0.5
C_MOBILITY:0.4888070558741204
C_KINGSAFETY:0.5224757601071585
C_PAWNSTRUCTURE:0.5197885429922712
C_PIECECOORDINATION:0.4616037461726975
C_ROOK:0.48168793802197885
CE_ROOK:0.5249883933515468
C_CENTERCONTROL:0.5051048576024311
C_DEVELOPPIECES:0.44542580439486235
C_MATERIAL:0.4950146795206387
C_MOVECOUNT:0.5032365966270125
C_PAWNMOVEMENT:0.5048344839810038
