ELO:986
CE_PASSEDPAWNS:0.5443335486009065
CE_PAWNWEAKNESSES:0.48459404249309973
CE_PIECEACTIVITY:0.5651116550852164
CE_KINGPAWNSHIELD:0.49996677614443674
CE_PIECECOORDINATION:0.5555850079477391
CE_MATERIAL:0.4260597935864066
CE_KINGSAFETY:0.4723105384262398
C_PIECESQUARETABLES:0.4973715784300081
C_MOBILITY:0.5714063329996787
C_KINGSAFETY:0.4825199692293184
C_PAWNSTRUCTURE:0.5761648048595143
C_PIECECOORDINATION:0.48141265472981054
C_ROOKANDPAWNMOVEMENT:0.48141265472981054
C_CENTERCONTROL:0.5731316861637621
C_DEVELOPPIECES:0.5801139788568106
C_MATERIAL:0.475231905471309
