ELO:918
CE_PASSEDPAWNS:0.498874055982365
CE_PAWNWEAKNESSES:0.5220920582274232
CE_PIECEACTIVITY:0.5211446671094244
CE_KINGPAWNSHIELD:0.5313570239269333
CE_PIECECOORDINATION:0.501856699112627
CE_MATERIAL:0.400804174380603
CE_KINGSAFETY:0.5063884437411879
C_PIECESQUARETABLES:0.5503125860312834
C_MOBILITY:0.4987712746356786
C_KINGSAFETY:0.4294690017816429
C_PAWNSTRUCTURE:0.6185963028207532
C_PIECECOORDINATION:0.5058090124393017
C_ROOKANDPAWNMOVEMENT:0.5058090124393017
C_CENTERCONTROL:0.5764980907695586
C_DEVELOPPIECES:0.5416966022264238
C_MATERIAL:0.5210637596749769
