ELO:1011
CE_PASSEDPAWNS:0.5919399621053852
CE_PAWNWEAKNESSES:0.44879321173194026
CE_PIECEACTIVITY:0.4782184847955626
CE_KINGPAWNSHIELD:0.5250926942872426
CE_PIECECOORDINATION:0.5319062455245533
CE_MATERIAL:0.4412105784129716
CE_KINGSAFETY:0.5046313646722542
C_PIECESQUARETABLES:0.49280176197252656
C_MOBILITY:0.4222285565529952
C_KINGSAFETY:0.5304981720712125
C_PAWNSTRUCTURE:0.4028815465496965
C_PIECECOORDINATION:0.5317367256404817
C_ROOKANDPAWNMOVEMENT:0.5317367256404817
C_CENTERCONTROL:0.4808707928044958
C_DEVELOPPIECES:0.569523342679993
C_MATERIAL:0.42085860882642906
