ELO:724
CE_PASSEDPAWNS:0.4840811018760792
CE_PAWNWEAKNESSES:0.5444340956245622
CE_PIECEACTIVITY:0.45868010133948545
CE_KINGPAWNSHIELD:0.4963698574514362
CE_PIECECOORDINATION:0.5320321977936399
CE_MATERIAL:0.5091609763077146
CE_KINGSAFETY:0.43511113540003027
C_PIECESQUARETABLES:0.5057323870240644
C_MOBILITY:0.4900289116220299
C_KINGSAFETY:0.4875099051705426
C_PAWNSTRUCTURE:0.5049399863963411
C_PIECECOORDINATION:0.5604262538685069
C_ROOKANDPAWNMOVEMENT:0.5604262538685069
C_CENTERCONTROL:0.5162680244251132
C_DEVELOPPIECES:0.48044216565914805
C_MATERIAL:0.5334447930118493
C_MOVECOUNT:0.5
