ELO:1012
CE_PASSEDPAWNS:0.5
CE_PAWNWEAKNESSES:0.5
CE_PIECEACTIVITY:0.5
CE_KINGPAWNSHIELD:0.5
CE_PIECECOORDINATION:0.5
CE_MATERIAL:0.5
CE_KINGSAFETY:0.49857663190572066
C_PIECESQUARETABLES:0.5109629777636456
C_MOBILITY:0.5
C_KINGSAFETY:0.5024460864654428
C_PAWNSTRUCTURE:0.4892449054521076
C_PIECECOORDINATION:0.5
C_ROOKANDPAWNMOVEMENT:0.5
C_CENTERCONTROL:0.5
C_DEVELOPPIECES:0.500333684732236
C_MATERIAL:0.49170786894771273
C_MOVECOUNT:0.5
