ELO:1000
CE_PASSEDPAWNS:0.4982630482173225
CE_PAWNWEAKNESSES:0.5310287091011907
CE_PIECEACTIVITY:0.5469479271835038
CE_KINGPAWNSHIELD:0.4765624803682501
CE_PIECECOORDINATION:0.5241603868894628
CE_MATERIAL:0.45703754798155644
CE_KINGSAFETY:0.5007070666053014
C_PIECESQUARETABLES:0.4773750250709484
C_MOBILITY:0.5724893715608542
C_KINGSAFETY:0.5180776511581764
C_PAWNSTRUCTURE:0.5369634079252533
C_PIECECOORDINATION:0.487059031954695
C_ROOKANDPAWNMOVEMENT:0.487059031954695
C_CENTERCONTROL:0.5388742545087087
C_DEVELOPPIECES:0.5375100582657807
C_MATERIAL:0.4773764877940624
