ELO:1001
CE_PASSEDPAWNS:0.5243225305644559
CE_PAWNWEAKNESSES:0.4692390195532226
CE_PIECEACTIVITY:0.5044939518020916
CE_KINGPAWNSHIELD:0.5572687494213311
CE_PIECECOORDINATION:0.5297253183655641
CE_MATERIAL:0.5145242588195758
CE_KINGSAFETY:0.5058234276349747
C_PIECESQUARETABLES:0.49922222905852476
C_MOBILITY:0.5322291383937182
C_KINGSAFETY:0.4695734219528613
C_PAWNSTRUCTURE:0.4812480759920064
C_PIECECOORDINATION:0.45899088037622143
C_ROOKANDPAWNMOVEMENT:0.45899088037622143
C_CENTERCONTROL:0.54453266144998
C_DEVELOPPIECES:0.5341509132612633
C_MATERIAL:0.5398091961093786
