ELO:983
CE_PASSEDPAWNS:0.5504924671269654
CE_PAWNWEAKNESSES:0.49683743365369015
CE_PIECEACTIVITY:0.5615949340028153
CE_KINGPAWNSHIELD:0.5091328163883883
CE_PIECECOORDINATION:0.5423767050832979
CE_MATERIAL:0.42174575038424333
CE_KINGSAFETY:0.4633575751675029
C_PIECESQUARETABLES:0.4802994271647178
C_MOBILITY:0.5789905336026341
C_KINGSAFETY:0.4647930176386653
C_PAWNSTRUCTURE:0.5576829569112846
C_PIECECOORDINATION:0.48735545213643167
C_ROOKANDPAWNMOVEMENT:0.48735545213643167
C_CENTERCONTROL:0.5623626252746999
C_DEVELOPPIECES:0.5540870062703225
C_MATERIAL:0.47173170728751435
