ELO:1065
CE_PASSEDPAWNS:0.5989899734385331
CE_PAWNWEAKNESSES:0.4583197041273215
CE_PIECEACTIVITY:0.4773764466036039
CE_KINGPAWNSHIELD:0.5250926942872426
CE_PIECECOORDINATION:0.5305593061687462
CE_MATERIAL:0.4341428731721828
CE_KINGSAFETY:0.49731809697967766
C_PIECESQUARETABLES:0.5
C_MOBILITY:0.430540621547101
C_KINGSAFETY:0.5093582600390462
C_PAWNSTRUCTURE:0.4028815465496965
C_PIECECOORDINATION:0.5064429829847611
C_ROOKANDPAWNMOVEMENT:0.5064429829847611
C_CENTERCONTROL:0.49776943641455645
C_DEVELOPPIECES:0.5793247108792371
C_MATERIAL:0.42416636514678857
