ELO:1000
CE_PASSEDPAWNS:0.4840680032695521
CE_PAWNWEAKNESSES:0.5119721028746598
CE_PIECEACTIVITY:0.47096220496098284
CE_KINGPAWNSHIELD:0.5090864257523886
CE_PIECECOORDINATION:0.5128408493670746
CE_MATERIAL:0.49787167953468264
CE_KINGSAFETY:0.49245888107844465
C_PIECESQUARETABLES:0.4914029218951441
C_MOBILITY:0.5060835815230765
C_KINGSAFETY:0.514269561541042
C_PAWNSTRUCTURE:0.5033202749774363
C_PIECECOORDINATION:0.4922011351230314
C_ROOKANDPAWNMOVEMENT:0.4922011351230314
C_CENTERCONTROL:0.5170709397032394
C_DEVELOPPIECES:0.5164896728974887
C_MATERIAL:0.46072134619374894
