ELO:980
CE_PASSEDPAWNS:0.4595401649857561
CE_PAWNWEAKNESSES:0.49819541523846106
CE_PIECEACTIVITY:0.4714156833329536
CE_KINGPAWNSHIELD:0.5376475512803193
CE_PIECECOORDINATION:0.5368999958939432
CE_MATERIAL:0.4885359096944869
CE_KINGSAFETY:0.48096305498648906
C_PIECESQUARETABLES:0.5160281823842572
C_MOBILITY:0.5045968780179493
C_KINGSAFETY:0.5223224053979664
C_PAWNSTRUCTURE:0.46859488323952436
C_PIECECOORDINATION:0.5425119574725888
C_ROOKANDPAWNMOVEMENT:0.5425119574725888
C_CENTERCONTROL:0.455069808254791
C_DEVELOPPIECES:0.5026469201657577
C_MATERIAL:0.5114433308604024
