ELO:1008
CE_PASSEDPAWNS:0.5131727765766859
CE_PAWNWEAKNESSES:0.5221116227024541
CE_PIECEACTIVITY:0.5030567440185842
CE_KINGPAWNSHIELD:0.5
CE_PIECECOORDINATION:0.49965725082668977
CE_MATERIAL:0.5245686614192376
CE_KINGSAFETY:0.48835533909093004
C_PIECESQUARETABLES:0.5089814262317787
C_MOBILITY:0.4907148151578635
C_KINGSAFETY:0.5055514288254765
C_PAWNSTRUCTURE:0.5
C_PIECECOORDINATION:0.49367868384903024
C_ROOKANDPAWNMOVEMENT:0.49367868384903024
C_CENTERCONTROL:0.5
C_DEVELOPPIECES:0.48523941055945347
C_MATERIAL:0.5091677063680801
C_MOVECOUNT:0.5
