ELO:964
CE_PASSEDPAWNS:0.4296650678013883
CE_PAWNWEAKNESSES:0.49539106212710593
CE_PIECEACTIVITY:0.3515852474798466
CE_KINGPAWNSHIELD:0.5743829491906352
CE_PIECECOORDINATION:0.5089164698554781
CE_MATERIAL:0.4785559360695974
CE_KINGSAFETY:0.5057779677409707
C_PIECESQUARETABLES:0.5711298690490144
C_MOBILITY:0.5287793441658826
C_KINGSAFETY:0.529843547983808
C_PAWNSTRUCTURE:0.6456868871213072
C_PIECECOORDINATION:0.573974762090748
C_ROOKANDPAWNMOVEMENT:0.573974762090748
C_CENTERCONTROL:0.503185647692299
C_DEVELOPPIECES:0.48420822531692703
C_MATERIAL:0.41084762385243045
