ELO:953
CE_PASSEDPAWNS:0.4838169423502293
CE_PAWNWEAKNESSES:0.5200247404693917
CE_PIECEACTIVITY:0.47647342736035087
CE_KINGPAWNSHIELD:0.5036498593460917
CE_PIECECOORDINATION:0.4881081507370134
CE_MATERIAL:0.508305740474197
CE_KINGSAFETY:0.5
C_PIECESQUARETABLES:0.5062727183140354
C_MOBILITY:0.49764510949743646
C_KINGSAFETY:0.5186378226328772
C_PAWNSTRUCTURE:0.5
C_PIECECOORDINATION:0.5136905744938453
C_ROOKANDPAWNMOVEMENT:0.5136905744938453
C_CENTERCONTROL:0.5006881870956097
C_DEVELOPPIECES:0.5153662322501096
C_MATERIAL:0.5
C_MOVECOUNT:0.5
