ELO:1081
CE_PASSEDPAWNS:0.6060756537275432
CE_PAWNWEAKNESSES:0.42935483271371355
CE_PIECEACTIVITY:0.4564589472370784
CE_KINGPAWNSHIELD:0.40381024305520336
CE_PIECECOORDINATION:0.4722282227113067
CE_MATERIAL:0.45064737808274413
CE_KINGSAFETY:0.5001762464553414
C_PIECESQUARETABLES:0.5
C_MOBILITY:0.4488761666185165
C_KINGSAFETY:0.6158500350771241
C_PAWNSTRUCTURE:0.4359366835058449
C_PIECECOORDINATION:0.48705100984520033
C_ROOKANDPAWNMOVEMENT:0.48705100984520033
C_CENTERCONTROL:0.5500760856118104
C_DEVELOPPIECES:0.5705157489068422
C_MATERIAL:0.4176852877459379
