ELO:842
CE_PASSEDPAWNS:0.48222291424442987
CE_PAWNWEAKNESSES:0.4439008641144909
CE_PIECEACTIVITY:0.43288321680271624
CE_KINGPAWNSHIELD:0.5188134790677466
CE_PIECECOORDINATION:0.3780485082897833
CE_MATERIAL:0.574584788453355
CE_KINGSAFETY:0.47007529173831974
C_PIECESQUARETABLES:0.49922590368177217
C_MOBILITY:0.5130353773864471
C_KINGSAFETY:0.4631394093059388
C_PAWNSTRUCTURE:0.5018381072727895
C_PIECECOORDINATION:0.6041813787415288
C_ROOKANDPAWNMOVEMENT:0.6041813787415288
C_CENTERCONTROL:0.42863490532059556
C_DEVELOPPIECES:0.5158448056083424
C_MATERIAL:0.4921418387441547
C_MOVECOUNT:0.5
