ELO:975
CE_PASSEDPAWNS:0.4557145558844822
CE_PAWNWEAKNESSES:0.46911985427797476
CE_PIECEACTIVITY:0.39572229534870107
CE_KINGPAWNSHIELD:0.5436183670448561
CE_PIECECOORDINATION:0.5170515930594192
CE_MATERIAL:0.45806408589828257
CE_KINGSAFETY:0.5065930364651945
C_PIECESQUARETABLES:0.5294165172919933
C_MOBILITY:0.46048389698459313
C_KINGSAFETY:0.5331154939973975
C_PAWNSTRUCTURE:0.4602765491555323
C_PIECECOORDINATION:0.5155823790135883
C_ROOKANDPAWNMOVEMENT:0.5155823790135883
C_CENTERCONTROL:0.4884552917157162
C_DEVELOPPIECES:0.47551750452144925
C_MATERIAL:0.48183905772856295
