ELO:954
CE_PASSEDPAWNS:0.49559650968658864
CE_PAWNWEAKNESSES:0.47865104585972135
CE_PIECEACTIVITY:0.397342862407925
CE_KINGPAWNSHIELD:0.5553532344549407
CE_PIECECOORDINATION:0.5119331350725373
CE_MATERIAL:0.5074793708610529
CE_KINGSAFETY:0.4941791480339078
C_PIECESQUARETABLES:0.5211621538230824
C_MOBILITY:0.5056866118311296
C_KINGSAFETY:0.5300322612452225
C_PAWNSTRUCTURE:0.6076591087569179
C_PIECECOORDINATION:0.5323852039362056
C_ROOKANDPAWNMOVEMENT:0.5323852039362056
C_CENTERCONTROL:0.5272540407317267
C_DEVELOPPIECES:0.47065666255753835
C_MATERIAL:0.4566851951460295
