ELO:955
CE_PASSEDPAWNS:0.47555304484378
CE_PAWNWEAKNESSES:0.48167892047345223
CE_PIECEACTIVITY:0.5182830596453368
CE_KINGPAWNSHIELD:0.4845778294485754
CE_PIECECOORDINATION:0.5137695972265399
CE_MATERIAL:0.4903189645196105
CE_KINGSAFETY:0.4924307633867635
C_PIECESQUARETABLES:0.5
C_MOBILITY:0.4642000108595453
C_KINGSAFETY:0.5091491324275536
C_PAWNSTRUCTURE:0.48526914294268886
C_PIECECOORDINATION:0.4912148506638739
C_ROOK:0.48282960347256776
CE_ROOK:0.4764527692075736
C_CENTERCONTROL:0.4894526525665663
C_DEVELOPPIECES:0.5264483140443774
C_MATERIAL:0.5188003730902621
C_MOVECOUNT:0.5045555247955772
C_PAWNMOVEMENT:0.49040866381026255
