ELO:951
CE_PASSEDPAWNS:0.4734028662013729
CE_PAWNWEAKNESSES:0.4887681497251746
CE_PIECEACTIVITY:0.5128409583604915
CE_KINGPAWNSHIELD:0.4845778294485754
CE_PIECECOORDINATION:0.5172833522356237
CE_MATERIAL:0.4874504684865075
CE_KINGSAFETY:0.498790171555461
C_PIECESQUARETABLES:0.49045611112035997
C_MOBILITY:0.46609586513584245
C_KINGSAFETY:0.49648827401358775
C_PAWNSTRUCTURE:0.4937977149728594
C_PIECECOORDINATION:0.4993868674905577
C_ROOK:0.4928307630443693
CE_ROOK:0.47350937684960953
C_CENTERCONTROL:0.5009912763738307
C_DEVELOPPIECES:0.5192460456811618
C_MATERIAL:0.5207728566676953
C_MOVECOUNT:0.49228736585475186
C_PAWNMOVEMENT:0.4591931547443885
