ELO:944
CE_PASSEDPAWNS:0.5149046698848174
CE_PAWNWEAKNESSES:0.47320894954030357
CE_PIECEACTIVITY:0.5210286021667017
CE_KINGPAWNSHIELD:0.4969167576997776
CE_PIECECOORDINATION:0.507661610699024
CE_MATERIAL:0.5040192581565119
CE_KINGSAFETY:0.4841390074409919
C_PIECESQUARETABLES:0.5048348635819883
C_MOBILITY:0.48704143505434916
C_KINGSAFETY:0.5014338865854575
C_PAWNSTRUCTURE:0.5072744530180837
C_PIECECOORDINATION:0.5130644488620716
C_ROOKANDPAWNMOVEMENT:0.5130644488620716
C_CENTERCONTROL:0.549136161869867
C_DEVELOPPIECES:0.48015497535652607
C_MATERIAL:0.5188068525152099
C_MOVECOUNT:0.5358788842837394
