ELO:981
CE_PASSEDPAWNS:0.4755391017781257
CE_PAWNWEAKNESSES:0.5046013002399037
CE_PIECEACTIVITY:0.4814391671681374
CE_KINGPAWNSHIELD:0.5348794228791117
CE_PIECECOORDINATION:0.5460563809210469
CE_MATERIAL:0.5002428540210767
CE_KINGSAFETY:0.5
C_PIECESQUARETABLES:0.5
C_MOBILITY:0.5104077088114156
C_KINGSAFETY:0.5359132235616265
C_PAWNSTRUCTURE:0.46552683053673094
C_PIECECOORDINATION:0.5316236574333943
C_ROOKANDPAWNMOVEMENT:0.5316236574333943
C_CENTERCONTROL:0.44326025466663044
C_DEVELOPPIECES:0.46639877747119807
C_MATERIAL:0.5271066377497978
