ELO:1115
CE_PASSEDPAWNS:0.45358476100865114
CE_PAWNWEAKNESSES:0.49039921497251165
CE_PIECEACTIVITY:0.4553975938440406
CE_KINGPAWNSHIELD:0.4815615883751264
CE_PIECECOORDINATION:0.5449900128502336
CE_MATERIAL:0.39783305558335186
CE_KINGSAFETY:0.5
C_PIECESQUARETABLES:0.5071167131794903
C_MOBILITY:0.409527756496979
C_KINGSAFETY:0.6492285240804906
C_PAWNSTRUCTURE:0.41040599071577993
C_PIECECOORDINATION:0.36062421724656424
C_ROOKANDPAWNMOVEMENT:0.36062421724656424
C_CENTERCONTROL:0.5023126035907096
C_DEVELOPPIECES:0.464302331748555
C_MATERIAL:0.4073474203952967
