ELO:1000
CE_PASSEDPAWNS:0.48855892583687793
CE_PAWNWEAKNESSES:0.48837388970468887
CE_PIECEACTIVITY:0.49311996377084144
CE_KINGPAWNSHIELD:0.5066652640412438
CE_PIECECOORDINATION:0.5272418666188774
CE_MATERIAL:0.4886592743021513
CE_KINGSAFETY:0.4860349352340984
C_PIECESQUARETABLES:0.5116335341690323
C_MOBILITY:0.5372422719509495
C_KINGSAFETY:0.5120580348808526
C_PAWNSTRUCTURE:0.5073538477924928
C_PIECECOORDINATION:0.5168817702812722
C_ROOKANDPAWNMOVEMENT:0.5168817702812722
C_CENTERCONTROL:0.49553734843954855
C_DEVELOPPIECES:0.4766867546920167
C_MATERIAL:0.4924385197906536
