ELO:984
CE_PASSEDPAWNS:0.44845782080176255
CE_PAWNWEAKNESSES:0.4841424415552397
CE_PIECEACTIVITY:0.4572053040678925
CE_KINGPAWNSHIELD:0.5262668124702486
CE_PIECECOORDINATION:0.5160654544716102
CE_MATERIAL:0.48769164017441224
CE_KINGSAFETY:0.4757762422484636
C_PIECESQUARETABLES:0.5288370651955256
C_MOBILITY:0.4986446310781045
C_KINGSAFETY:0.52070339838308
C_PAWNSTRUCTURE:0.4739633609453792
C_PIECECOORDINATION:0.5377355223678301
C_ROOKANDPAWNMOVEMENT:0.5377355223678301
C_CENTERCONTROL:0.4746780662247228
C_DEVELOPPIECES:0.5104213172665681
C_MATERIAL:0.5030497692077476
