ELO:1000
CE_PASSEDPAWNS:0.5061663149988452
CE_PAWNWEAKNESSES:0.5202750764248928
CE_PIECEACTIVITY:0.4929849483320492
CE_KINGPAWNSHIELD:0.5036684987400144
CE_PIECECOORDINATION:0.5096899734103773
CE_MATERIAL:0.4782329768678747
CE_KINGSAFETY:0.4860554766887175
C_PIECESQUARETABLES:0.498691664995297
C_MOBILITY:0.5231940397202909
C_KINGSAFETY:0.5112349781676586
C_PAWNSTRUCTURE:0.5021292204229721
C_PIECECOORDINATION:0.5049854486004354
C_ROOKANDPAWNMOVEMENT:0.5049854486004354
C_CENTERCONTROL:0.49922878193745746
C_DEVELOPPIECES:0.49536395257002436
C_MATERIAL:0.5027332118360937
