ELO:1000
CE_PASSEDPAWNS:0.4873473007414591
CE_PAWNWEAKNESSES:0.5296035153942495
CE_PIECEACTIVITY:0.4787123939019273
CE_KINGPAWNSHIELD:0.5598351859319494
CE_PIECECOORDINATION:0.5471107150330441
CE_MATERIAL:0.5058070871288649
CE_KINGSAFETY:0.4970416770098869
C_PIECESQUARETABLES:0.5146995825331204
C_MOBILITY:0.5071074402646869
C_KINGSAFETY:0.5141621397479427
C_PAWNSTRUCTURE:0.4773810844485113
C_PIECECOORDINATION:0.5388611762269733
C_ROOKANDPAWNMOVEMENT:0.5388611762269733
C_CENTERCONTROL:0.48294668272194335
C_DEVELOPPIECES:0.4743368099405387
C_MATERIAL:0.5070182318985241
