ELO:906
CE_PASSEDPAWNS:0.5372996037520302
CE_PAWNWEAKNESSES:0.49460897192840986
CE_PIECEACTIVITY:0.32250779862494755
CE_KINGPAWNSHIELD:0.5547389125252911
CE_PIECECOORDINATION:0.4719323294775456
CE_MATERIAL:0.4711181879843159
CE_KINGSAFETY:0.4599136224808372
C_PIECESQUARETABLES:0.5635969430161861
C_MOBILITY:0.5436452547254714
C_KINGSAFETY:0.5578155022721961
C_PAWNSTRUCTURE:0.6312256350858124
C_PIECECOORDINATION:0.39736461599652967
C_ROOKANDPAWNMOVEMENT:0.39736461599652967
C_CENTERCONTROL:0.5380329119707121
C_DEVELOPPIECES:0.562115366090644
C_MATERIAL:0.4830186225934012
