ELO:997
CE_PASSEDPAWNS:0.4631968193340453
CE_PAWNWEAKNESSES:0.5083343326164658
CE_PIECEACTIVITY:0.36483528739621046
CE_KINGPAWNSHIELD:0.580950004788381
CE_PIECECOORDINATION:0.5246173475767412
CE_MATERIAL:0.4683556349011148
CE_KINGSAFETY:0.5
C_PIECESQUARETABLES:0.5124777234018388
C_MOBILITY:0.5413420021325022
C_KINGSAFETY:0.5451247212442519
C_PAWNSTRUCTURE:0.6408173872327627
C_PIECECOORDINATION:0.5654813865356276
C_ROOKANDPAWNMOVEMENT:0.5654813865356276
C_CENTERCONTROL:0.4948394208248318
C_DEVELOPPIECES:0.4573784607271946
C_MATERIAL:0.4314908433234886
