ELO:955
CE_PASSEDPAWNS:0.5134880720751457
CE_PAWNWEAKNESSES:0.5376350861122134
CE_PIECEACTIVITY:0.4065470045863153
CE_KINGPAWNSHIELD:0.58814769470172
CE_PIECECOORDINATION:0.5344639550870401
CE_MATERIAL:0.43533598585775857
CE_KINGSAFETY:0.5188260894310276
C_PIECESQUARETABLES:0.5079444561452334
C_MOBILITY:0.5607036016357227
C_KINGSAFETY:0.5232805011699146
C_PAWNSTRUCTURE:0.40922632765568506
C_PIECECOORDINATION:0.5577777247629878
C_ROOKANDPAWNMOVEMENT:0.5577777247629878
C_CENTERCONTROL:0.4434706743427426
C_DEVELOPPIECES:0.5042324295174202
C_MATERIAL:0.519571903424473
