ELO:885
CE_PASSEDPAWNS:0.499716769192071
CE_PAWNWEAKNESSES:0.5266741574791155
CE_PIECEACTIVITY:0.467158274492334
CE_KINGPAWNSHIELD:0.5349684811217558
CE_PIECECOORDINATION:0.5108141852340667
CE_MATERIAL:0.5037202865592846
CE_KINGSAFETY:0.5369140444088407
C_PIECESQUARETABLES:0.49296136353414316
C_MOBILITY:0.4879343944799516
C_KINGSAFETY:0.49398711904129117
C_PAWNSTRUCTURE:0.5190246229052397
C_PIECECOORDINATION:0.5160226131142446
C_ROOKANDPAWNMOVEMENT:0.5160226131142446
C_CENTERCONTROL:0.5110023351574748
C_DEVELOPPIECES:0.5147298841729221
C_MATERIAL:0.5256611600323537
C_MOVECOUNT:0.5
