ELO:1068
CE_PASSEDPAWNS:0.4397717907604347
CE_PAWNWEAKNESSES:0.47743697342794644
CE_PIECEACTIVITY:0.4848363516279162
CE_KINGPAWNSHIELD:0.4395947037643463
CE_PIECECOORDINATION:0.49101640219139514
CE_MATERIAL:0.4608201144226399
CE_KINGSAFETY:0.5
C_PIECESQUARETABLES:0.4910830609110225
C_MOBILITY:0.5434270518633253
C_KINGSAFETY:0.6628796516695797
C_PAWNSTRUCTURE:0.4732613004210253
C_PIECECOORDINATION:0.4883498580309582
C_ROOKANDPAWNMOVEMENT:0.4883498580309582
C_CENTERCONTROL:0.5916556751746048
C_DEVELOPPIECES:0.5034004472324135
C_MATERIAL:0.41958328949370954
