ELO:988
CE_PASSEDPAWNS:0.4890966082020365
CE_PAWNWEAKNESSES:0.49581700334129664
CE_PIECEACTIVITY:0.4970770667624546
CE_KINGPAWNSHIELD:0.5167323982547637
CE_PIECECOORDINATION:0.49704296040797086
CE_MATERIAL:0.5010389252222314
CE_KINGSAFETY:0.5
C_PIECESQUARETABLES:0.5
C_MOBILITY:0.4706502757980652
C_KINGSAFETY:0.5129350423017202
C_PAWNSTRUCTURE:0.4863310749174756
C_PIECECOORDINATION:0.49482055098952726
C_ROOK:0.4861581429515132
CE_ROOK:0.46484052079602256
C_CENTERCONTROL:0.4969014359663016
C_DEVELOPPIECES:0.5132319487382938
C_MATERIAL:0.5118002724818959
C_MOVECOUNT:0.5027331636230643
C_PAWNMOVEMENT:0.49579311020128236
