ELO:1039
CE_PASSEDPAWNS:0.5008089623762625
CE_PAWNWEAKNESSES:0.4991425200555217
CE_PIECEACTIVITY:0.5
CE_KINGPAWNSHIELD:0.5090381676146823
CE_PIECECOORDINATION:0.5
CE_MATERIAL:0.5
CE_KINGSAFETY:0.5
C_PIECESQUARETABLES:0.5
C_MOBILITY:0.5
C_KINGSAFETY:0.4923179941618344
C_PAWNSTRUCTURE:0.49041655743834134
C_PIECECOORDINATION:0.5040071386027235
C_ROOKANDPAWNMOVEMENT:0.5040071386027235
C_CENTERCONTROL:0.49427059822481095
C_DEVELOPPIECES:0.5
C_MATERIAL:0.4921865774230893
C_MOVECOUNT:0.49992898146062864
