ELO:987
CE_PASSEDPAWNS:0.42889002417222044
CE_PAWNWEAKNESSES:0.48029485381992215
CE_PIECEACTIVITY:0.3985077948520246
CE_KINGPAWNSHIELD:0.5453362555259306
CE_PIECECOORDINATION:0.49318150928448773
CE_MATERIAL:0.44689610919130757
CE_KINGSAFETY:0.5040731472210184
C_PIECESQUARETABLES:0.5316626454474113
C_MOBILITY:0.48303575755295786
C_KINGSAFETY:0.5318431345447209
C_PAWNSTRUCTURE:0.4587957993073569
C_PIECECOORDINATION:0.5116567508264127
C_ROOKANDPAWNMOVEMENT:0.5116567508264127
C_CENTERCONTROL:0.4828173117176356
C_DEVELOPPIECES:0.45938228341208226
C_MATERIAL:0.4852680082930074
