ELO:950
CE_PASSEDPAWNS:0.46505099372772485
CE_PAWNWEAKNESSES:0.4694425843579097
CE_PIECEACTIVITY:0.38592483293052837
CE_KINGPAWNSHIELD:0.5770748696872628
CE_PIECECOORDINATION:0.5149676144266382
CE_MATERIAL:0.4967798520335313
CE_KINGSAFETY:0.47173361757691895
C_PIECESQUARETABLES:0.5290417412030191
C_MOBILITY:0.5173934817224544
C_KINGSAFETY:0.5399821351048143
C_PAWNSTRUCTURE:0.5986399865196514
C_PIECECOORDINATION:0.56132576904411
C_ROOKANDPAWNMOVEMENT:0.56132576904411
C_CENTERCONTROL:0.5296238064825464
C_DEVELOPPIECES:0.4585145539697995
C_MATERIAL:0.43170092477601907
