ELO:987
CE_PASSEDPAWNS:0.4339727751351064
CE_PAWNWEAKNESSES:0.49205385934975465
CE_PIECEACTIVITY:0.42549339252553486
CE_KINGPAWNSHIELD:0.5500641118870029
CE_PIECECOORDINATION:0.5122382430738829
CE_MATERIAL:0.4151347774388078
CE_KINGSAFETY:0.5023131071005662
C_PIECESQUARETABLES:0.5061329720595386
C_MOBILITY:0.49737522955395913
C_KINGSAFETY:0.5000969024866196
C_PAWNSTRUCTURE:0.41836724543092724
C_PIECECOORDINATION:0.5323140877635563
C_ROOKANDPAWNMOVEMENT:0.5323140877635563
C_CENTERCONTROL:0.5001242011619228
C_DEVELOPPIECES:0.4804378195834172
C_MATERIAL:0.4786467645513011
