ELO:901
CE_PASSEDPAWNS:0.4874853905508696
CE_PAWNWEAKNESSES:0.48093744857958987
CE_PIECEACTIVITY:0.3619109851710453
CE_KINGPAWNSHIELD:0.6145578395746142
CE_PIECECOORDINATION:0.5517970988289822
CE_MATERIAL:0.43839240726198797
CE_KINGSAFETY:0.4978526562338621
C_PIECESQUARETABLES:0.5354379917048004
C_MOBILITY:0.5069105372869857
C_KINGSAFETY:0.512787746428071
C_PAWNSTRUCTURE:0.415455730207846
C_PIECECOORDINATION:0.5414697188780649
C_ROOKANDPAWNMOVEMENT:0.5414697188780649
C_CENTERCONTROL:0.39723235667280415
C_DEVELOPPIECES:0.4822868573294573
C_MATERIAL:0.4852850456044715
