ELO:963
CE_PASSEDPAWNS:0.5004630250484802
CE_PAWNWEAKNESSES:0.49347897005410674
CE_PIECEACTIVITY:0.5128409583604915
CE_KINGPAWNSHIELD:0.4910968113662486
CE_PIECECOORDINATION:0.5105601784971814
CE_MATERIAL:0.4874504684865075
CE_KINGSAFETY:0.49911941312933183
C_PIECESQUARETABLES:0.5
C_MOBILITY:0.4828175302277787
C_KINGSAFETY:0.5180747021451926
C_PAWNSTRUCTURE:0.501224790571876
C_PIECECOORDINATION:0.4993868674905577
C_ROOK:0.4992103744901393
CE_ROOK:0.47350937684960953
C_CENTERCONTROL:0.5229540108105541
C_DEVELOPPIECES:0.5114202816969751
C_MATERIAL:0.549033839850385
C_MOVECOUNT:0.4655966820062668
C_PAWNMOVEMENT:0.4591931547443885
