ELO:1010
CE_PASSEDPAWNS:0.4930422799260162
CE_PAWNWEAKNESSES:0.5030404162041765
CE_PIECEACTIVITY:0.5
CE_KINGPAWNSHIELD:0.5125559363687591
CE_PIECECOORDINATION:0.5068969003928868
CE_MATERIAL:0.5107563627720526
CE_KINGSAFETY:0.5018200236366868
C_PIECESQUARETABLES:0.5020583357864224
C_MOBILITY:0.5094967913622006
C_KINGSAFETY:0.48512732216953086
C_PAWNSTRUCTURE:0.4939554133869182
C_PIECECOORDINATION:0.49391779122480844
C_ROOKANDPAWNMOVEMENT:0.49391779122480844
C_CENTERCONTROL:0.49051959068601886
C_DEVELOPPIECES:0.49243933321477734
C_MATERIAL:0.49574936495312155
