ELO:774
CE_PASSEDPAWNS:0.484699250171095
CE_PAWNWEAKNESSES:0.45268216856531446
CE_PIECEACTIVITY:0.4600241959967256
CE_KINGPAWNSHIELD:0.5486703819956751
CE_PIECECOORDINATION:0.3878582063737143
CE_MATERIAL:0.6005021007570378
CE_KINGSAFETY:0.5224666820149083
C_PIECESQUARETABLES:0.5085000516271406
C_MOBILITY:0.5105974667349742
C_KINGSAFETY:0.4950483186181686
C_PAWNSTRUCTURE:0.4861623087443078
C_PIECECOORDINATION:0.6034751127952449
C_ROOKANDPAWNMOVEMENT:0.6034751127952449
C_CENTERCONTROL:0.39843113914564277
C_DEVELOPPIECES:0.4730023734397091
C_MATERIAL:0.5356406318215514
C_MOVECOUNT:0.5
