ELO:779
CE_PASSEDPAWNS:0.4889120576285482
CE_PAWNWEAKNESSES:0.44075706924047675
CE_PIECEACTIVITY:0.4679250448771741
CE_KINGPAWNSHIELD:0.5367242231403541
CE_PIECECOORDINATION:0.4136912029961334
CE_MATERIAL:0.5977138229699864
CE_KINGSAFETY:0.4966886328204266
C_PIECESQUARETABLES:0.49825814873841906
C_MOBILITY:0.5382243116350961
C_KINGSAFETY:0.44741041116591707
C_PAWNSTRUCTURE:0.501184492148195
C_PIECECOORDINATION:0.5898825579665266
C_ROOKANDPAWNMOVEMENT:0.5898825579665266
C_CENTERCONTROL:0.3525265313680645
C_DEVELOPPIECES:0.5096831547416092
C_MATERIAL:0.5419365956888225
C_MOVECOUNT:0.4988706990244473
