ELO:963
CE_PASSEDPAWNS:0.47101094652426145
CE_PAWNWEAKNESSES:0.5018900363784236
CE_PIECEACTIVITY:0.516457508879454
CE_KINGPAWNSHIELD:0.4918931500708286
CE_PIECECOORDINATION:0.5174055323236836
CE_MATERIAL:0.4788418290256969
CE_KINGSAFETY:0.5
C_PIECESQUARETABLES:0.49950287317532316
C_MOBILITY:0.47100282193112175
C_KINGSAFETY:0.50094316920683
C_PAWNSTRUCTURE:0.4847185158084298
C_PIECECOORDINATION:0.47088337117434503
C_ROOK:0.4711145211973551
CE_ROOK:0.4634434821254567
C_CENTERCONTROL:0.5021040451510212
C_DEVELOPPIECES:0.5053507371597916
C_MATERIAL:0.5250270394517271
C_MOVECOUNT:0.5027331636230643
C_PAWNMOVEMENT:0.4783768366990257
