ELO:995
CE_PASSEDPAWNS:0.4420896610467524
CE_PAWNWEAKNESSES:0.5027695339597626
CE_PIECEACTIVITY:0.37008338141572356
CE_KINGPAWNSHIELD:0.5592181495215052
CE_PIECECOORDINATION:0.5210560603163306
CE_MATERIAL:0.4899865036987975
CE_KINGSAFETY:0.5134666089234008
C_PIECESQUARETABLES:0.5611966083285376
C_MOBILITY:0.5211916367465198
C_KINGSAFETY:0.5401398966300426
C_PAWNSTRUCTURE:0.6337006543178461
C_PIECECOORDINATION:0.5563274164060424
C_ROOKANDPAWNMOVEMENT:0.5563274164060424
C_CENTERCONTROL:0.5182946081725026
C_DEVELOPPIECES:0.486080238354345
C_MATERIAL:0.4299326584278503
