ELO:920
CE_PASSEDPAWNS:0.49062329458576626
CE_PAWNWEAKNESSES:0.5180663155495124
CE_PIECEACTIVITY:0.46859911266115123
CE_KINGPAWNSHIELD:0.510206929855655
CE_PIECECOORDINATION:0.5052244737173854
CE_MATERIAL:0.508305740474197
CE_KINGSAFETY:0.5247233955114153
C_PIECESQUARETABLES:0.4940040329442546
C_MOBILITY:0.49712137307882764
C_KINGSAFETY:0.5001793798745952
C_PAWNSTRUCTURE:0.5129073674173082
C_PIECECOORDINATION:0.5257072446535593
C_ROOKANDPAWNMOVEMENT:0.5257072446535593
C_CENTERCONTROL:0.5120074946106093
C_DEVELOPPIECES:0.5132303315872184
C_MATERIAL:0.5203036510467498
C_MOVECOUNT:0.5
