ELO:921
CE_PASSEDPAWNS:0.4918114289401757
CE_PAWNWEAKNESSES:0.5206846975315489
CE_PIECEACTIVITY:0.467158274492334
CE_KINGPAWNSHIELD:0.5029142717141047
CE_PIECECOORDINATION:0.5092280804484102
CE_MATERIAL:0.5199722379502963
CE_KINGSAFETY:0.5369140444088407
C_PIECESQUARETABLES:0.48927810605388466
C_MOBILITY:0.48838095680181726
C_KINGSAFETY:0.48534810103715365
C_PAWNSTRUCTURE:0.528068717956774
C_PIECECOORDINATION:0.5199920239572713
C_ROOKANDPAWNMOVEMENT:0.5199920239572713
C_CENTERCONTROL:0.4997837839892363
C_DEVELOPPIECES:0.5120360730199955
C_MATERIAL:0.5195508997106003
C_MOVECOUNT:0.5
