ELO:785
CE_PASSEDPAWNS:0.4965717993425704
CE_PAWNWEAKNESSES:0.4278724595577262
CE_PIECEACTIVITY:0.4730514753466187
CE_KINGPAWNSHIELD:0.5453475183643285
CE_PIECECOORDINATION:0.3803119036100439
CE_MATERIAL:0.5857229242372702
CE_KINGSAFETY:0.5145475241155947
C_PIECESQUARETABLES:0.5015634160936577
C_MOBILITY:0.4989133709638601
C_KINGSAFETY:0.477387811661128
C_PAWNSTRUCTURE:0.48381532368634883
C_PIECECOORDINATION:0.6073037039412
C_ROOKANDPAWNMOVEMENT:0.6073037039412
C_CENTERCONTROL:0.3948687578422983
C_DEVELOPPIECES:0.4840788962245924
C_MATERIAL:0.49933444804519533
C_MOVECOUNT:0.5
