ELO:919
CE_PASSEDPAWNS:0.5016707382703294
CE_PAWNWEAKNESSES:0.4900083107429016
CE_PIECEACTIVITY:0.4632962336477736
CE_KINGPAWNSHIELD:0.5058358156713011
CE_PIECECOORDINATION:0.4954929878466457
CE_MATERIAL:0.5083696897817591
CE_KINGSAFETY:0.5610199733167206
C_PIECESQUARETABLES:0.5409058871360933
C_MOBILITY:0.5251395181699811
C_KINGSAFETY:0.4857549098929895
C_PAWNSTRUCTURE:0.5120110706629815
C_PIECECOORDINATION:0.5185816672674565
C_ROOKANDPAWNMOVEMENT:0.5185816672674565
C_CENTERCONTROL:0.49407694447162454
C_DEVELOPPIECES:0.5136614979278449
C_MATERIAL:0.506555165086054
C_MOVECOUNT:0.5
