ELO:782
CE_PASSEDPAWNS:0.5854345812986069
CE_PAWNWEAKNESSES:0.4896026250414517
CE_PIECEACTIVITY:0.4352444967457475
CE_KINGPAWNSHIELD:0.426712585773071
CE_PIECECOORDINATION:0.5430826517875099
CE_MATERIAL:0.5059011624111382
CE_KINGSAFETY:0.5265507419764968
C_PIECESQUARETABLES:0.48153984122864135
C_MOBILITY:0.4581518324969194
C_KINGSAFETY:0.538026952495769
C_PAWNSTRUCTURE:0.48606832636343167
C_PIECECOORDINATION:0.6040239981826135
C_ROOKANDPAWNMOVEMENT:0.6040239981826135
C_CENTERCONTROL:0.5196247698618263
C_DEVELOPPIECES:0.5446228189844903
C_MATERIAL:0.4673739372221193
C_MOVECOUNT:0.49340937557272635
