ELO:1012
CE_PASSEDPAWNS:0.5071803673477031
CE_PAWNWEAKNESSES:0.5135796118278534
CE_PIECEACTIVITY:0.5092500176608559
CE_KINGPAWNSHIELD:0.4891529589771252
CE_PIECECOORDINATION:0.4999440551406206
CE_MATERIAL:0.4953651979296061
CE_KINGSAFETY:0.5
C_PIECESQUARETABLES:0.5
C_MOBILITY:0.49333752727263375
C_KINGSAFETY:0.5086563509986273
C_PAWNSTRUCTURE:0.5
C_PIECECOORDINATION:0.5
C_ROOKANDPAWNMOVEMENT:0.5
C_CENTERCONTROL:0.5
C_DEVELOPPIECES:0.49104206539047796
C_MATERIAL:0.5
C_MOVECOUNT:0.5077963785185208
