ELO:982
CE_PASSEDPAWNS:0.5218083659534485
CE_PAWNWEAKNESSES:0.4967510134375861
CE_PIECEACTIVITY:0.5005934957631082
CE_KINGPAWNSHIELD:0.5030312627993683
CE_PIECECOORDINATION:0.49493780478789035
CE_MATERIAL:0.5023128405783065
CE_KINGSAFETY:0.5066403551070758
C_PIECESQUARETABLES:0.5119741561570867
C_MOBILITY:0.48399842579739016
C_KINGSAFETY:0.5060003043396221
C_PAWNSTRUCTURE:0.530130964451999
C_PIECECOORDINATION:0.5156381494505415
C_ROOKANDPAWNMOVEMENT:0.5156381494505415
C_CENTERCONTROL:0.5025015806866289
C_DEVELOPPIECES:0.5049927987770151
C_MATERIAL:0.5016608715927688
