ELO:919
CE_PASSEDPAWNS:0.4271265835258959
CE_PAWNWEAKNESSES:0.4827611686457804
CE_PIECEACTIVITY:0.5244256721682047
CE_KINGPAWNSHIELD:0.46905015548196916
CE_PIECECOORDINATION:0.5551168669704071
CE_MATERIAL:0.5111411612687886
CE_KINGSAFETY:0.5
C_PIECESQUARETABLES:0.5
C_MOBILITY:0.4287686441599347
C_KINGSAFETY:0.5418920153912652
C_PAWNSTRUCTURE:0.4473913738276396
C_PIECECOORDINATION:0.46213648541896746
C_ROOKANDPAWNMOVEMENT:0.46213648541896746
C_CENTERCONTROL:0.5846950875164536
C_DEVELOPPIECES:0.45285830031271446
C_MATERIAL:0.5757204950520236
