ELO:1009
CE_PASSEDPAWNS:0.5007373898084715
CE_PAWNWEAKNESSES:0.5071072251590852
CE_PIECEACTIVITY:0.49687872386993664
CE_KINGPAWNSHIELD:0.5
CE_PIECECOORDINATION:0.49325676415046793
CE_MATERIAL:0.49066941419142346
CE_KINGSAFETY:0.5
C_PIECESQUARETABLES:0.5
C_MOBILITY:0.5074524975887976
C_KINGSAFETY:0.5086563509986273
C_PAWNSTRUCTURE:0.49872984361836725
C_PIECECOORDINATION:0.5
C_ROOKANDPAWNMOVEMENT:0.5
C_CENTERCONTROL:0.4893174344018115
C_DEVELOPPIECES:0.5
C_MATERIAL:0.5
C_MOVECOUNT:0.5
