ELO:988
CE_PASSEDPAWNS:0.509148604566751
CE_PAWNWEAKNESSES:0.4937474663911614
CE_PIECEACTIVITY:0.46506180716502843
CE_KINGPAWNSHIELD:0.5325549069974085
CE_PIECECOORDINATION:0.490990674483248
CE_MATERIAL:0.5118342734300788
CE_KINGSAFETY:0.46433515132785796
C_PIECESQUARETABLES:0.5021504301640536
C_MOBILITY:0.542181221923282
C_KINGSAFETY:0.495462371540908
C_PAWNSTRUCTURE:0.5562864164822434
C_PIECECOORDINATION:0.4910279768821776
C_ROOKANDPAWNMOVEMENT:0.4910279768821776
C_CENTERCONTROL:0.5374256635405894
C_DEVELOPPIECES:0.4680995640231764
C_MATERIAL:0.5249432223120831
