ELO:989
CE_PASSEDPAWNS:0.47924184589030105
CE_PAWNWEAKNESSES:0.4887222570504409
CE_PIECEACTIVITY:0.49579553663512793
CE_KINGPAWNSHIELD:0.5105963168677217
CE_PIECECOORDINATION:0.5130811492977917
CE_MATERIAL:0.5054207456805478
CE_KINGSAFETY:0.503033744136408
C_PIECESQUARETABLES:0.49102659840093354
C_MOBILITY:0.4804514860210009
C_KINGSAFETY:0.4969606228144932
C_PAWNSTRUCTURE:0.48333082977250036
C_PIECECOORDINATION:0.4806686526003806
C_ROOK:0.5070668373827865
CE_ROOK:0.4637134531044153
C_CENTERCONTROL:0.5022861250039723
C_DEVELOPPIECES:0.517240136684372
C_MATERIAL:0.509233077321576
C_MOVECOUNT:0.4952602285012639
C_PAWNMOVEMENT:0.48288722625834574
