ELO:1006
CE_PASSEDPAWNS:0.512387411274221
CE_PAWNWEAKNESSES:0.47898808321535
CE_PIECEACTIVITY:0.5132852291762147
CE_KINGPAWNSHIELD:0.48818782273526823
CE_PIECECOORDINATION:0.5063003176627742
CE_MATERIAL:0.5012364637955438
CE_KINGSAFETY:0.49350584704251194
C_PIECESQUARETABLES:0.48384419298039544
C_MOBILITY:0.4652132335334464
C_KINGSAFETY:0.48443906358532796
C_PAWNSTRUCTURE:0.49414629383575104
C_PIECECOORDINATION:0.49637355754229173
C_ROOKANDPAWNMOVEMENT:0.49637355754229173
C_CENTERCONTROL:0.5
C_DEVELOPPIECES:0.48095193723653623
C_MATERIAL:0.48938127789031816
C_MOVECOUNT:0.5
