ELO:988
CE_PASSEDPAWNS:0.5160371991247502
CE_PAWNWEAKNESSES:0.47970216604134475
CE_PIECEACTIVITY:0.5692511879194269
CE_KINGPAWNSHIELD:0.4866796555791816
CE_PIECECOORDINATION:0.5114690969128507
CE_MATERIAL:0.3497056356879819
CE_KINGSAFETY:0.520951492835878
C_PIECESQUARETABLES:0.5026835171385682
C_MOBILITY:0.5098860404366876
C_KINGSAFETY:0.4565787082037321
C_PAWNSTRUCTURE:0.4947828858329929
C_PIECECOORDINATION:0.5451112998044667
C_ROOKANDPAWNMOVEMENT:0.5451112998044667
C_CENTERCONTROL:0.582842839598936
C_DEVELOPPIECES:0.5305418230096994
C_MATERIAL:0.49693112146504365
