ELO:1007
CE_PASSEDPAWNS:0.5377778783713688
CE_PAWNWEAKNESSES:0.5062440662535775
CE_PIECEACTIVITY:0.4866820365213148
CE_KINGPAWNSHIELD:0.49126510512897137
CE_PIECECOORDINATION:0.49720338690248694
CE_MATERIAL:0.5277002450169894
CE_KINGSAFETY:0.49691945910667196
C_PIECESQUARETABLES:0.4666081617463842
C_MOBILITY:0.4981635838714981
C_KINGSAFETY:0.5142970089579458
C_PAWNSTRUCTURE:0.5115120073356785
C_PIECECOORDINATION:0.5058828917451051
C_ROOKANDPAWNMOVEMENT:0.5058828917451051
C_CENTERCONTROL:0.5027085550823698
C_DEVELOPPIECES:0.48866662154608653
C_MATERIAL:0.528606010854633
