ELO:1000
CE_PASSEDPAWNS:0.507700520126841
CE_PAWNWEAKNESSES:0.5486348293795615
CE_PIECEACTIVITY:0.5101221456764635
CE_KINGPAWNSHIELD:0.4488483410217579
CE_PIECECOORDINATION:0.5435209505817429
CE_MATERIAL:0.45408851604795936
CE_KINGSAFETY:0.49492496622602733
C_PIECESQUARETABLES:0.5
C_MOBILITY:0.5238470459915725
C_KINGSAFETY:0.4597874323845463
C_PAWNSTRUCTURE:0.5073383655381338
C_PIECECOORDINATION:0.5375878362430923
C_ROOKANDPAWNMOVEMENT:0.5375878362430923
C_CENTERCONTROL:0.460382453969798
C_DEVELOPPIECES:0.4021550819068807
C_MATERIAL:0.4962121559030845
