ELO:998
CE_PASSEDPAWNS:0.47045604532609514
CE_PAWNWEAKNESSES:0.42972264470454224
CE_PIECEACTIVITY:0.5716053445530075
CE_KINGPAWNSHIELD:0.5293544007402116
CE_PIECECOORDINATION:0.5355504841169262
CE_MATERIAL:0.5457863165343112
CE_KINGSAFETY:0.49317214245390234
C_PIECESQUARETABLES:0.509931686733511
C_MOBILITY:0.5244569110282675
C_KINGSAFETY:0.5371722000370868
C_PAWNSTRUCTURE:0.4425479312057219
C_PIECECOORDINATION:0.5400359567397647
C_ROOKANDPAWNMOVEMENT:0.5400359567397647
C_CENTERCONTROL:0.4070443191665778
C_DEVELOPPIECES:0.43532553247375266
C_MATERIAL:0.5219994414060783
