ELO:988
CE_PASSEDPAWNS:0.5229750035504462
CE_PAWNWEAKNESSES:0.47794660005047707
CE_PIECEACTIVITY:0.5774416045148634
CE_KINGPAWNSHIELD:0.48841569483762975
CE_PIECECOORDINATION:0.5173934123521053
CE_MATERIAL:0.3427027115913214
CE_KINGSAFETY:0.5070995649100665
C_PIECESQUARETABLES:0.5054399521971683
C_MOBILITY:0.5184022463740982
C_KINGSAFETY:0.4497503646353359
C_PAWNSTRUCTURE:0.4866878682698565
C_PIECECOORDINATION:0.5434184857017464
C_ROOKANDPAWNMOVEMENT:0.5434184857017464
C_CENTERCONTROL:0.6039935710105258
C_DEVELOPPIECES:0.5449111778515127
C_MATERIAL:0.5323088528002449
