ELO:1019
CE_PASSEDPAWNS:0.5073274378676906
CE_PAWNWEAKNESSES:0.49955010529909966
CE_PIECEACTIVITY:0.5381708366227803
CE_KINGPAWNSHIELD:0.5117731163288274
CE_PIECECOORDINATION:0.5074023231996082
CE_MATERIAL:0.5270184250515543
CE_KINGSAFETY:0.5110206756971933
C_PIECESQUARETABLES:0.5052751908942409
C_MOBILITY:0.5050819751964495
C_KINGSAFETY:0.4938348027528515
C_PAWNSTRUCTURE:0.5172307238753212
C_PIECECOORDINATION:0.5059211467291619
C_ROOK:0.5313932189665644
CE_ROOK:0.48893299681815555
C_CENTERCONTROL:0.48158387471991765
C_DEVELOPPIECES:0.49539531084576294
C_MATERIAL:0.499554118281984
C_MOVECOUNT:0.5014323903177648
C_PAWNMOVEMENT:0.505905101573791
