ELO:990
CE_PASSEDPAWNS:0.5177471579187
CE_PAWNWEAKNESSES:0.5
CE_PIECEACTIVITY:0.5012528363262067
CE_KINGPAWNSHIELD:0.46665026481350086
CE_PIECECOORDINATION:0.5125083177391163
CE_MATERIAL:0.4923211824671122
CE_KINGSAFETY:0.49191524948531906
C_PIECESQUARETABLES:0.5017240539856369
C_MOBILITY:0.4959760131195853
C_KINGSAFETY:0.5145586182416806
C_PAWNSTRUCTURE:0.5035883319076508
C_PIECECOORDINATION:0.4790341914772258
C_ROOKANDPAWNMOVEMENT:0.4790341914772258
C_CENTERCONTROL:0.5141751398816777
C_DEVELOPPIECES:0.5094930892005307
C_MATERIAL:0.48832350482869874
