ELO:856
CE_PASSEDPAWNS:0.4586699844572203
CE_PAWNWEAKNESSES:0.4264575747822993
CE_PIECEACTIVITY:0.609178072166568
CE_KINGPAWNSHIELD:0.4741757948157983
CE_PIECECOORDINATION:0.4934784848129293
CE_MATERIAL:0.32724993227328764
CE_KINGSAFETY:0.5157709780888533
C_PIECESQUARETABLES:0.5056464051939811
C_MOBILITY:0.526359375819727
C_KINGSAFETY:0.4742690498997907
C_PAWNSTRUCTURE:0.4595492537712774
C_PIECECOORDINATION:0.5431129239009688
C_ROOKANDPAWNMOVEMENT:0.5431129239009688
C_CENTERCONTROL:0.5807636633534595
C_DEVELOPPIECES:0.5474139939113266
C_MATERIAL:0.6010632915998761
