ELO:846
CE_PASSEDPAWNS:0.5410229955385547
CE_PAWNWEAKNESSES:0.486193777941979
CE_PIECEACTIVITY:0.48373319060382747
CE_KINGPAWNSHIELD:0.5228936419942574
CE_PIECECOORDINATION:0.4531842400964524
CE_MATERIAL:0.49632316690939576
CE_KINGSAFETY:0.5109469325450041
C_PIECESQUARETABLES:0.5029382458517958
C_MOBILITY:0.4809847711364569
C_KINGSAFETY:0.55805320233091
C_PAWNSTRUCTURE:0.4782243422008113
C_PIECECOORDINATION:0.4763902458254741
C_ROOKANDPAWNMOVEMENT:0.4763902458254741
C_CENTERCONTROL:0.5144332862865498
C_DEVELOPPIECES:0.5137508181014768
C_MATERIAL:0.4922748183045839
C_MOVECOUNT:0.5
