ELO:1000
CE_PASSEDPAWNS:0.47352012487732986
CE_PAWNWEAKNESSES:0.45333380287440106
CE_PIECEACTIVITY:0.510937594526158
CE_KINGPAWNSHIELD:0.51033496618451
CE_PIECECOORDINATION:0.5283785786230567
CE_MATERIAL:0.45213365310214726
CE_KINGSAFETY:0.4999509667447756
C_PIECESQUARETABLES:0.48004307209576197
C_MOBILITY:0.501742629159134
C_KINGSAFETY:0.5242384485528859
C_PAWNSTRUCTURE:0.4923370909368827
C_PIECECOORDINATION:0.5261940094101824
C_ROOKANDPAWNMOVEMENT:0.5261940094101824
C_CENTERCONTROL:0.5240997399789817
C_DEVELOPPIECES:0.521920344540126
C_MATERIAL:0.4682305251590026
