ELO:988
CE_PASSEDPAWNS:0.4727274066861956
CE_PAWNWEAKNESSES:0.4632366951878307
CE_PIECEACTIVITY:0.6012326205613073
CE_KINGPAWNSHIELD:0.4829160506339717
CE_PIECECOORDINATION:0.48828036688274057
CE_MATERIAL:0.3531004158495828
CE_KINGSAFETY:0.4958819717629581
C_PIECESQUARETABLES:0.5050799686611934
C_MOBILITY:0.5037631413959575
C_KINGSAFETY:0.4678691704854623
C_PAWNSTRUCTURE:0.5199072336885674
C_PIECECOORDINATION:0.5550029265528925
C_ROOKANDPAWNMOVEMENT:0.5550029265528925
C_CENTERCONTROL:0.6154625977342348
C_DEVELOPPIECES:0.5517974447299442
C_MATERIAL:0.5558828319231571
