ELO:971
CE_PASSEDPAWNS:0.5099256187401323
CE_PAWNWEAKNESSES:0.5035812734825894
CE_PIECEACTIVITY:0.48731150674729434
CE_KINGPAWNSHIELD:0.4686883906094185
CE_PIECECOORDINATION:0.5003878724088706
CE_MATERIAL:0.4911302112271634
CE_KINGSAFETY:0.4942793241786742
C_PIECESQUARETABLES:0.48477376246415915
C_MOBILITY:0.5071165926758837
C_KINGSAFETY:0.49959904151176127
C_PAWNSTRUCTURE:0.508031126576766
C_PIECECOORDINATION:0.5190389450482059
C_ROOKANDPAWNMOVEMENT:0.5190389450482059
C_CENTERCONTROL:0.4966267458305443
C_DEVELOPPIECES:0.4748627475412286
C_MATERIAL:0.5000641208263423
