ELO:867
CE_PASSEDPAWNS:0.5255956874539877
CE_PAWNWEAKNESSES:0.4243387918514559
CE_PIECEACTIVITY:0.44013982112591166
CE_KINGPAWNSHIELD:0.5737244253234418
CE_PIECECOORDINATION:0.43972573794652425
CE_MATERIAL:0.48257319803395093
CE_KINGSAFETY:0.5278367408237012
C_PIECESQUARETABLES:0.4977333325785567
C_MOBILITY:0.45073411535442315
C_KINGSAFETY:0.5048447984007866
C_PAWNSTRUCTURE:0.5037300612408127
C_PIECECOORDINATION:0.5128189785301739
C_ROOKANDPAWNMOVEMENT:0.5128189785301739
C_CENTERCONTROL:0.5193095667818771
C_DEVELOPPIECES:0.44976057672431813
C_MATERIAL:0.5756147121854567
C_MOVECOUNT:0.5
