ELO:898
CE_PASSEDPAWNS:0.49368617844941537
CE_PAWNWEAKNESSES:0.4975444549229509
CE_PIECEACTIVITY:0.49394884329181554
CE_KINGPAWNSHIELD:0.4747794216956183
CE_PIECECOORDINATION:0.5
CE_MATERIAL:0.49803354240681563
CE_KINGSAFETY:0.5
C_PIECESQUARETABLES:0.5
C_MOBILITY:0.4931555404291756
C_KINGSAFETY:0.5236896971059398
C_PAWNSTRUCTURE:0.48807659977994755
C_PIECECOORDINATION:0.4915517141331746
C_ROOKANDPAWNMOVEMENT:0.4915517141331746
C_CENTERCONTROL:0.5103085168520386
C_DEVELOPPIECES:0.502231340963289
C_MATERIAL:0.512261852226021
C_MOVECOUNT:0.4941691319214918
