ELO:948
CE_PASSEDPAWNS:0.45652182728820595
CE_PAWNWEAKNESSES:0.4439402978891825
CE_PIECEACTIVITY:0.5471363221619764
CE_KINGPAWNSHIELD:0.5486088127820583
CE_PIECECOORDINATION:0.5246598015332602
CE_MATERIAL:0.5617294722049762
CE_KINGSAFETY:0.47670908934950085
C_PIECESQUARETABLES:0.5038626959213681
C_MOBILITY:0.5027171762270117
C_KINGSAFETY:0.5519848741240237
C_PAWNSTRUCTURE:0.4758136650182945
C_PIECECOORDINATION:0.5443898203230787
C_ROOKANDPAWNMOVEMENT:0.5443898203230787
C_CENTERCONTROL:0.4475033162714867
C_DEVELOPPIECES:0.44120827448310945
C_MATERIAL:0.537601181972874
