ELO:975
CE_PASSEDPAWNS:0.48813109151884426
CE_PAWNWEAKNESSES:0.5
CE_PIECEACTIVITY:0.5079864996529659
CE_KINGPAWNSHIELD:0.5
CE_PIECECOORDINATION:0.500906192794826
CE_MATERIAL:0.5
CE_KINGSAFETY:0.5042239551718952
C_PIECESQUARETABLES:0.5104430545545566
C_MOBILITY:0.5
C_KINGSAFETY:0.4976898487503137
C_PAWNSTRUCTURE:0.5
C_PIECECOORDINATION:0.5
C_ROOKANDPAWNMOVEMENT:0.5
C_CENTERCONTROL:0.5
C_DEVELOPPIECES:0.4962590930693694
C_MATERIAL:0.5019660395053283
C_MOVECOUNT:0.5
