ELO:896
CE_PASSEDPAWNS:0.5104379746375765
CE_PAWNWEAKNESSES:0.5324951157905337
CE_PIECEACTIVITY:0.47313268930960717
CE_KINGPAWNSHIELD:0.48857567885145764
CE_PIECECOORDINATION:0.48240755629470683
CE_MATERIAL:0.5714984613714015
CE_KINGSAFETY:0.5215289514720349
C_PIECESQUARETABLES:0.5171422944649312
C_MOBILITY:0.4426946627377598
C_KINGSAFETY:0.48213038719096346
C_PAWNSTRUCTURE:0.5253078441787458
C_PIECECOORDINATION:0.47858846015458656
C_ROOKANDPAWNMOVEMENT:0.47858846015458656
C_CENTERCONTROL:0.5315876223764593
C_DEVELOPPIECES:0.43830937002840675
C_MATERIAL:0.4449359085226848
C_MOVECOUNT:0.5
