ELO:1001
CE_PASSEDPAWNS:0.5106766206312706
CE_PAWNWEAKNESSES:0.5048897272310392
CE_PIECEACTIVITY:0.5183693221460055
CE_KINGPAWNSHIELD:0.4646676566475911
CE_PIECECOORDINATION:0.5
CE_MATERIAL:0.5190822960769688
CE_KINGSAFETY:0.5
C_PIECESQUARETABLES:0.5
C_MOBILITY:0.5491744198532802
C_KINGSAFETY:0.5054302180823947
C_PAWNSTRUCTURE:0.5229952033914971
C_PIECECOORDINATION:0.5158410203840428
C_ROOK:0.495730630112547
CE_ROOK:0.5020078863354348
C_CENTERCONTROL:0.5097061219107921
C_DEVELOPPIECES:0.4780304899433975
C_MATERIAL:0.48953476232607335
C_MOVECOUNT:0.5140296520990059
C_PAWNMOVEMENT:0.509743251232622
