ELO:988
CE_PASSEDPAWNS:0.4851002852671012
CE_PAWNWEAKNESSES:0.4605112796585634
CE_PIECEACTIVITY:0.6057310200359622
CE_KINGPAWNSHIELD:0.4804656798751701
CE_PIECECOORDINATION:0.5030173196788479
CE_MATERIAL:0.35001136577851566
CE_KINGSAFETY:0.5097900040439127
C_PIECESQUARETABLES:0.51244128259988
C_MOBILITY:0.5164367343833914
C_KINGSAFETY:0.4597306095424082
C_PAWNSTRUCTURE:0.5096363404419666
C_PIECECOORDINATION:0.5591442034554909
C_ROOKANDPAWNMOVEMENT:0.5591442034554909
C_CENTERCONTROL:0.6135099571853133
C_DEVELOPPIECES:0.5459701423694892
C_MATERIAL:0.562593594022335
