ELO:988
CE_PASSEDPAWNS:0.5168636904214045
CE_PAWNWEAKNESSES:0.48135087909705054
CE_PIECEACTIVITY:0.5569940130219729
CE_KINGPAWNSHIELD:0.5005852863201316
CE_PIECECOORDINATION:0.5185439369981631
CE_MATERIAL:0.3689594825448146
CE_KINGSAFETY:0.5084740349940439
C_PIECESQUARETABLES:0.49678889300071605
C_MOBILITY:0.5098860404366876
C_KINGSAFETY:0.466546357311088
C_PAWNSTRUCTURE:0.47138570737509417
C_PIECECOORDINATION:0.5532465515943031
C_ROOKANDPAWNMOVEMENT:0.5532465515943031
C_CENTERCONTROL:0.5737280082099873
C_DEVELOPPIECES:0.5278068400244756
C_MATERIAL:0.4971688762920165
