ELO:984
CE_PASSEDPAWNS:0.49297206159681634
CE_PAWNWEAKNESSES:0.4958888713401384
CE_PIECEACTIVITY:0.523334230988743
CE_KINGPAWNSHIELD:0.5189075173234711
CE_PIECECOORDINATION:0.479684841660572
CE_MATERIAL:0.5270184250515543
CE_KINGSAFETY:0.5118826828269104
C_PIECESQUARETABLES:0.5
C_MOBILITY:0.4828175302277787
C_KINGSAFETY:0.4830326533059988
C_PAWNSTRUCTURE:0.4820197258772367
C_PIECECOORDINATION:0.5047210338109235
C_ROOK:0.519590813349774
CE_ROOK:0.5065067117715811
C_CENTERCONTROL:0.493689859312247
C_DEVELOPPIECES:0.49846809027632905
C_MATERIAL:0.4783030071012813
C_MOVECOUNT:0.5096720704480239
C_PAWNMOVEMENT:0.5268478819674048
