ELO:1003
CE_PASSEDPAWNS:0.48988584357042053
CE_PAWNWEAKNESSES:0.48145586515788596
CE_PIECEACTIVITY:0.49589423134771604
CE_KINGPAWNSHIELD:0.5157082718388741
CE_PIECECOORDINATION:0.4961217920211382
CE_MATERIAL:0.45319126124132975
CE_KINGSAFETY:0.5
C_PIECESQUARETABLES:0.5
C_MOBILITY:0.47415434442110677
C_KINGSAFETY:0.4942850750043971
C_PAWNSTRUCTURE:0.5253869326282147
C_PIECECOORDINATION:0.5343194762006991
C_ROOK:0.4651365318984273
CE_ROOK:0.48881139727124817
C_CENTERCONTROL:0.5270076186871575
C_DEVELOPPIECES:0.47671279094123203
C_MATERIAL:0.47499379029566563
C_MOVECOUNT:0.4891104888535709
C_PAWNMOVEMENT:0.5001007894048618
