ELO:858
CE_PASSEDPAWNS:0.4880857045802762
CE_PAWNWEAKNESSES:0.5029721150907842
CE_PIECEACTIVITY:0.5007226285480246
CE_KINGPAWNSHIELD:0.47645767515510434
CE_PIECECOORDINATION:0.5062146136850856
CE_MATERIAL:0.4910069317737427
CE_KINGSAFETY:0.5100766552335144
C_PIECESQUARETABLES:0.5111328600114978
C_MOBILITY:0.48672592797553177
C_KINGSAFETY:0.5246059773974966
C_PAWNSTRUCTURE:0.4739099537242515
C_PIECECOORDINATION:0.4952311029407228
C_ROOKANDPAWNMOVEMENT:0.4952311029407228
C_CENTERCONTROL:0.5005528116966153
C_DEVELOPPIECES:0.4898654083367208
C_MATERIAL:0.5142986491690474
C_MOVECOUNT:0.5161322049323821
