ELO:907
CE_PASSEDPAWNS:0.5527079033595254
CE_PAWNWEAKNESSES:0.4811247906469277
CE_PIECEACTIVITY:0.35674015317790736
CE_KINGPAWNSHIELD:0.5162115012113995
CE_PIECECOORDINATION:0.5979132846871313
CE_MATERIAL:0.4530450449723344
CE_KINGSAFETY:0.5690001108765914
C_PIECESQUARETABLES:0.45216510719704944
C_MOBILITY:0.5353126605479228
C_KINGSAFETY:0.4341695095661466
C_PAWNSTRUCTURE:0.4165328173522541
C_PIECECOORDINATION:0.4817686961556526
C_ROOKANDPAWNMOVEMENT:0.4817686961556526
C_CENTERCONTROL:0.5656235989176287
C_DEVELOPPIECES:0.47576883402190734
C_MATERIAL:0.5516831186725277
