ELO:1000
CE_PASSEDPAWNS:0.47839587393335214
CE_PAWNWEAKNESSES:0.4773728587720418
CE_PIECEACTIVITY:0.510937594526158
CE_KINGPAWNSHIELD:0.5236658823990366
CE_PIECECOORDINATION:0.5305546441575502
CE_MATERIAL:0.428549186602523
CE_KINGSAFETY:0.49892224700017546
C_PIECESQUARETABLES:0.4943721017838323
C_MOBILITY:0.49043884364812595
C_KINGSAFETY:0.5139789201318307
C_PAWNSTRUCTURE:0.48482464791616214
C_PIECECOORDINATION:0.5383332687337905
C_ROOKANDPAWNMOVEMENT:0.5383332687337905
C_CENTERCONTROL:0.540612553185075
C_DEVELOPPIECES:0.5239805534803079
C_MATERIAL:0.4755432752934827
