ELO:938
CE_PASSEDPAWNS:0.47015180359921577
CE_PAWNWEAKNESSES:0.464921703482902
CE_PIECEACTIVITY:0.5146531230236365
CE_KINGPAWNSHIELD:0.5458835186497949
CE_PIECECOORDINATION:0.47823124796233923
CE_MATERIAL:0.5083076663135457
CE_KINGSAFETY:0.5235553337045817
C_PIECESQUARETABLES:0.4814921136120463
C_MOBILITY:0.5026707207852575
C_KINGSAFETY:0.37265417299648895
C_PAWNSTRUCTURE:0.5268921990292897
C_PIECECOORDINATION:0.5481207918461677
C_ROOKANDPAWNMOVEMENT:0.5481207918461677
C_CENTERCONTROL:0.49252087933223276
C_DEVELOPPIECES:0.4440611738549465
C_MATERIAL:0.5805915642280585
