ELO:941
CE_PASSEDPAWNS:0.5081897691466934
CE_PAWNWEAKNESSES:0.5472543820337448
CE_PIECEACTIVITY:0.5230491341061316
CE_KINGPAWNSHIELD:0.4745587393045268
CE_PIECECOORDINATION:0.4846252900635389
CE_MATERIAL:0.4760926712548787
CE_KINGSAFETY:0.4981059020063936
C_PIECESQUARETABLES:0.44845184344832784
C_MOBILITY:0.4634819089551833
C_KINGSAFETY:0.5211747311626048
C_PAWNSTRUCTURE:0.5009859357222081
C_PIECECOORDINATION:0.4988942987684027
C_ROOKANDPAWNMOVEMENT:0.4988942987684027
C_CENTERCONTROL:0.4914580754114155
C_DEVELOPPIECES:0.499892854681512
C_MATERIAL:0.5393406056480462
C_MOVECOUNT:0.5
