ELO:976
CE_PASSEDPAWNS:0.45225117839614504
CE_PAWNWEAKNESSES:0.4713618987426906
CE_PIECEACTIVITY:0.5012210520023992
CE_KINGPAWNSHIELD:0.5121598557673049
CE_PIECECOORDINATION:0.44250140372719315
CE_MATERIAL:0.5115164637581049
CE_KINGSAFETY:0.5
C_PIECESQUARETABLES:0.5
C_MOBILITY:0.5064284223395513
C_KINGSAFETY:0.46046927878906263
C_PAWNSTRUCTURE:0.5359318020701782
C_PIECECOORDINATION:0.486108543993864
C_ROOK:0.5113401368768539
CE_ROOK:0.5126827522142051
C_CENTERCONTROL:0.5051048576024311
C_DEVELOPPIECES:0.49518488791327264
C_MATERIAL:0.46500655325353324
C_MOVECOUNT:0.4524238463020771
C_PAWNMOVEMENT:0.5261873643466072
