ELO:946
CE_PASSEDPAWNS:0.49652903178721347
CE_PAWNWEAKNESSES:0.5171310716335278
CE_PIECEACTIVITY:0.5286098519219166
CE_KINGPAWNSHIELD:0.49575291242547886
CE_PIECECOORDINATION:0.5056604945293562
CE_MATERIAL:0.493370508460365
CE_KINGSAFETY:0.49021572138550634
C_PIECESQUARETABLES:0.49179866788041066
C_MOBILITY:0.4743250561619788
C_KINGSAFETY:0.5018735215542177
C_PAWNSTRUCTURE:0.49577906634951197
C_PIECECOORDINATION:0.5144542358842127
C_ROOKANDPAWNMOVEMENT:0.5144542358842127
C_CENTERCONTROL:0.49571142391580975
C_DEVELOPPIECES:0.5051417395570726
C_MATERIAL:0.5391749029644184
C_MOVECOUNT:0.5
