ELO:898
CE_PASSEDPAWNS:0.46033540661113476
CE_PAWNWEAKNESSES:0.5086377834353586
CE_PIECEACTIVITY:0.5249409796850523
CE_KINGPAWNSHIELD:0.48884289743305204
CE_PIECECOORDINATION:0.49314475437333355
CE_MATERIAL:0.49426112657495186
CE_KINGSAFETY:0.5
C_PIECESQUARETABLES:0.5
C_MOBILITY:0.539766128735467
C_KINGSAFETY:0.5163539603083394
C_PAWNSTRUCTURE:0.5021666265314377
C_PIECECOORDINATION:0.5520446120068991
C_ROOKANDPAWNMOVEMENT:0.5520446120068991
C_CENTERCONTROL:0.5040359217499499
C_DEVELOPPIECES:0.53759167220694
C_MATERIAL:0.4394303160923272
C_MOVECOUNT:0.5
