ELO:996
CE_PASSEDPAWNS:0.514187820709761
CE_PAWNWEAKNESSES:0.5005651425031117
CE_PIECEACTIVITY:0.5019045911335359
CE_KINGPAWNSHIELD:0.5118850071100333
CE_PIECECOORDINATION:0.4877477609993937
CE_MATERIAL:0.49384353014050114
CE_KINGSAFETY:0.5182585021718913
C_PIECESQUARETABLES:0.5
C_MOBILITY:0.5
C_KINGSAFETY:0.4992374877041368
C_PAWNSTRUCTURE:0.5107013458038431
C_PIECECOORDINATION:0.535150339572836
C_ROOKANDPAWNMOVEMENT:0.535150339572836
C_CENTERCONTROL:0.5216256578044831
C_DEVELOPPIECES:0.5062136630402436
C_MATERIAL:0.4943295419879702
C_MOVECOUNT:0.4842001744941736
