ELO:1006
CE_PASSEDPAWNS:0.5082747385440037
CE_PAWNWEAKNESSES:0.4926502004424492
CE_PIECEACTIVITY:0.5
CE_KINGPAWNSHIELD:0.4987079551910019
CE_PIECECOORDINATION:0.47678936740328187
CE_MATERIAL:0.49137585538061457
CE_KINGSAFETY:0.5
C_PIECESQUARETABLES:0.5
C_MOBILITY:0.5
C_KINGSAFETY:0.49107704090387455
C_PAWNSTRUCTURE:0.5
C_PIECECOORDINATION:0.4969500145011681
C_ROOKANDPAWNMOVEMENT:0.4969500145011681
C_CENTERCONTROL:0.5024996744427909
C_DEVELOPPIECES:0.48908588136172904
C_MATERIAL:0.5
C_MOVECOUNT:0.488804530309189
