ELO:1008
CE_PASSEDPAWNS:0.5
CE_PAWNWEAKNESSES:0.5201910167536612
CE_PIECEACTIVITY:0.49642076057426826
CE_KINGPAWNSHIELD:0.4907425992532344
CE_PIECECOORDINATION:0.5005097336644206
CE_MATERIAL:0.5090288341110308
CE_KINGSAFETY:0.5181568699385337
C_PIECESQUARETABLES:0.49199135056105486
C_MOBILITY:0.5000385921318687
C_KINGSAFETY:0.5
C_PAWNSTRUCTURE:0.5015976945153553
C_PIECECOORDINATION:0.49296369860802475
C_ROOKANDPAWNMOVEMENT:0.49296369860802475
C_CENTERCONTROL:0.5
C_DEVELOPPIECES:0.49415166887692186
C_MATERIAL:0.5
