ELO:1000
CE_PASSEDPAWNS:0.487467748925193
CE_PAWNWEAKNESSES:0.47183809996870135
CE_PIECEACTIVITY:0.49870578492985346
CE_KINGPAWNSHIELD:0.5136499557142874
CE_PIECECOORDINATION:0.5305614491913766
CE_MATERIAL:0.49255331031564126
CE_KINGSAFETY:0.4905129443183979
C_PIECESQUARETABLES:0.4791906403011023
C_MOBILITY:0.48781775031148794
C_KINGSAFETY:0.5132118205920381
C_PAWNSTRUCTURE:0.49427159686035554
C_PIECECOORDINATION:0.5127837834884176
C_ROOKANDPAWNMOVEMENT:0.5127837834884176
C_CENTERCONTROL:0.49741188949813675
C_DEVELOPPIECES:0.5100201678732528
C_MATERIAL:0.4813866757145005
