ELO:1000
CE_PASSEDPAWNS:0.5
CE_PAWNWEAKNESSES:0.5010571212297968
CE_PIECEACTIVITY:0.49116787520691163
CE_KINGPAWNSHIELD:0.5
CE_PIECECOORDINATION:0.5076658296288048
CE_MATERIAL:0.5
CE_KINGSAFETY:0.5
C_PIECESQUARETABLES:0.5048568448955087
C_MOBILITY:0.5
C_KINGSAFETY:0.49069586420068645
C_PAWNSTRUCTURE:0.5
C_PIECECOORDINATION:0.5
C_ROOKANDPAWNMOVEMENT:0.5
C_CENTERCONTROL:0.5
C_DEVELOPPIECES:0.5
C_MATERIAL:0.5
C_MOVECOUNT:0.5
