ELO:851
CE_PASSEDPAWNS:0.44275959203974585
CE_PAWNWEAKNESSES:0.4758087516125685
CE_PIECEACTIVITY:0.38964750004366616
CE_KINGPAWNSHIELD:0.4253469065871058
CE_PIECECOORDINATION:0.5330407289150525
CE_MATERIAL:0.33094061029617994
CE_KINGSAFETY:0.4991066892725431
C_PIECESQUARETABLES:0.5
C_MOBILITY:0.48502197049334084
C_KINGSAFETY:0.5037601450981811
C_PAWNSTRUCTURE:0.6049655207138015
C_PIECECOORDINATION:0.46866066178327626
C_ROOKANDPAWNMOVEMENT:0.46866066178327626
C_CENTERCONTROL:0.5034969789020132
C_DEVELOPPIECES:0.49994036456796337
C_MATERIAL:0.5541240208222875
