ELO:882
CE_PASSEDPAWNS:0.5064176913732584
CE_PAWNWEAKNESSES:0.5796132636727729
CE_PIECEACTIVITY:0.5330835251318514
CE_KINGPAWNSHIELD:0.4822508844741789
CE_PIECECOORDINATION:0.515706693790252
CE_MATERIAL:0.47921271359378037
CE_KINGSAFETY:0.5428224868734729
C_PIECESQUARETABLES:0.5205252935657086
C_MOBILITY:0.49246444659302674
C_KINGSAFETY:0.45063909401702634
C_PAWNSTRUCTURE:0.4438557412794719
C_PIECECOORDINATION:0.5338948308933688
C_ROOKANDPAWNMOVEMENT:0.5338948308933688
C_CENTERCONTROL:0.4685754358347871
C_DEVELOPPIECES:0.5207318905169647
C_MATERIAL:0.455650171275866
C_MOVECOUNT:0.5688173275492555
