ELO:904
CE_PASSEDPAWNS:0.49577084802966487
CE_PAWNWEAKNESSES:0.41896902600808916
CE_PIECEACTIVITY:0.48580759260559864
CE_KINGPAWNSHIELD:0.46325754477557707
CE_PIECECOORDINATION:0.5544485681599116
CE_MATERIAL:0.34241782537614696
CE_KINGSAFETY:0.5
C_PIECESQUARETABLES:0.5
C_MOBILITY:0.433316968656114
C_KINGSAFETY:0.43977486498422746
C_PAWNSTRUCTURE:0.4165328173522541
C_PIECECOORDINATION:0.5427351389832634
C_ROOKANDPAWNMOVEMENT:0.5427351389832634
C_CENTERCONTROL:0.48133437734373496
C_DEVELOPPIECES:0.48231730099705067
C_MATERIAL:0.4234515124626083
