ELO:985
CE_PASSEDPAWNS:0.5081173367471098
CE_PAWNWEAKNESSES:0.48564859536796257
CE_PIECEACTIVITY:0.5228429013893373
CE_KINGPAWNSHIELD:0.515500774019585
CE_PIECECOORDINATION:0.4899361610222413
CE_MATERIAL:0.5178290527548076
CE_KINGSAFETY:0.5
C_PIECESQUARETABLES:0.4990705726129025
C_MOBILITY:0.4940044930138037
C_KINGSAFETY:0.48219812421129055
C_PAWNSTRUCTURE:0.4863817995287023
C_PIECECOORDINATION:0.508372093979793
C_ROOK:0.5179490778558536
CE_ROOK:0.5065067117715811
C_CENTERCONTROL:0.5054745191550879
C_DEVELOPPIECES:0.48707116727292604
C_MATERIAL:0.4920413836251225
C_MOVECOUNT:0.5128849459447691
C_PAWNMOVEMENT:0.5135143824206967
