ELO:1000
CE_PASSEDPAWNS:0.48621095159252514
CE_PAWNWEAKNESSES:0.5076911197511067
CE_PIECEACTIVITY:0.5113060500882335
CE_KINGPAWNSHIELD:0.47768802190713244
CE_PIECECOORDINATION:0.50082613143381
CE_MATERIAL:0.5215561349749125
CE_KINGSAFETY:0.5034007084344526
C_PIECESQUARETABLES:0.49755573050243723
C_MOBILITY:0.5193717656430155
C_KINGSAFETY:0.510304661026663
C_PAWNSTRUCTURE:0.49202831896166077
C_PIECECOORDINATION:0.5216474735471455
C_ROOKANDPAWNMOVEMENT:0.5216474735471455
C_CENTERCONTROL:0.4776806743191978
C_DEVELOPPIECES:0.4820080132216052
C_MATERIAL:0.48418714459825235
