ELO:1000
CE_PASSEDPAWNS:0.5138675731865868
CE_PAWNWEAKNESSES:0.5409279110994107
CE_PIECEACTIVITY:0.5074297409230476
CE_KINGPAWNSHIELD:0.46187110069882203
CE_PIECECOORDINATION:0.5371558629485995
CE_MATERIAL:0.48486376960670957
CE_KINGSAFETY:0.4894138211250023
C_PIECESQUARETABLES:0.5386884715458582
C_MOBILITY:0.5101577588191245
C_KINGSAFETY:0.4390370502226941
C_PAWNSTRUCTURE:0.5272707313823115
C_PIECECOORDINATION:0.5491021608396501
C_ROOKANDPAWNMOVEMENT:0.5491021608396501
C_CENTERCONTROL:0.45482359761760144
C_DEVELOPPIECES:0.38671265380899533
C_MATERIAL:0.4838305438386758
