ELO:1039
CE_PASSEDPAWNS:0.519079221481032
CE_PAWNWEAKNESSES:0.49153747739782117
CE_PIECEACTIVITY:0.5029766756247558
CE_KINGPAWNSHIELD:0.48456748462466864
CE_PIECECOORDINATION:0.5071927586957515
CE_MATERIAL:0.49181775090965224
CE_KINGSAFETY:0.5
C_PIECESQUARETABLES:0.5
C_MOBILITY:0.49511995947111004
C_KINGSAFETY:0.5088586798689533
C_PAWNSTRUCTURE:0.4923481880842179
C_PIECECOORDINATION:0.5141466080046859
C_ROOK:0.5415126425962393
CE_ROOK:0.49858103859278646
C_CENTERCONTROL:0.5
C_DEVELOPPIECES:0.5008416445546856
C_MATERIAL:0.5
C_MOVECOUNT:0.4972319091545409
C_PAWNMOVEMENT:0.5159787311400577
