ELO:987
CE_PASSEDPAWNS:0.5016548396441943
CE_PAWNWEAKNESSES:0.49659251295124684
CE_PIECEACTIVITY:0.4938975066363392
CE_KINGPAWNSHIELD:0.49433854491857043
CE_PIECECOORDINATION:0.49673514203835867
CE_MATERIAL:0.5068181374278408
CE_KINGSAFETY:0.509118121860471
C_PIECESQUARETABLES:0.4962458902607776
C_MOBILITY:0.4950398004935542
C_KINGSAFETY:0.4789375274016399
C_PAWNSTRUCTURE:0.4953060213465606
C_PIECECOORDINATION:0.479105332595927
C_ROOK:0.49224566782957657
CE_ROOK:0.508810097712085
C_CENTERCONTROL:0.49986876476422853
C_DEVELOPPIECES:0.5034738711499431
C_MATERIAL:0.5
C_MOVECOUNT:0.515183491372696
C_PAWNMOVEMENT:0.48818374308522705
