ELO:1000
CE_PASSEDPAWNS:0.49611611622759694
CE_PAWNWEAKNESSES:0.5
CE_PIECEACTIVITY:0.5184160729348016
CE_KINGPAWNSHIELD:0.533295485400191
CE_PIECECOORDINATION:0.5079334526907575
CE_MATERIAL:0.48900644601219106
CE_KINGSAFETY:0.5
C_PIECESQUARETABLES:0.5
C_MOBILITY:0.46926040748353487
C_KINGSAFETY:0.4967454916353093
C_PAWNSTRUCTURE:0.4949482594630431
C_PIECECOORDINATION:0.5204707148026033
C_ROOK:0.5
CE_ROOK:0.5099838664214744
C_CENTERCONTROL:0.5008359767931988
C_DEVELOPPIECES:0.5
C_MATERIAL:0.481006766873375
C_MOVECOUNT:0.5189329546495731
C_PAWNMOVEMENT:0.5092864184463357
