ELO:1027
CE_PASSEDPAWNS:0.5066270449685104
CE_PAWNWEAKNESSES:0.4797089309060481
CE_PIECEACTIVITY:0.5029766756247558
CE_KINGPAWNSHIELD:0.48456748462466864
CE_PIECECOORDINATION:0.5071927586957515
CE_MATERIAL:0.5063541973962732
CE_KINGSAFETY:0.5
C_PIECESQUARETABLES:0.5
C_MOBILITY:0.4367506050265017
C_KINGSAFETY:0.5088586798689533
C_PAWNSTRUCTURE:0.5
C_PIECECOORDINATION:0.5088460332121678
C_ROOK:0.489354156870857
CE_ROOK:0.5021332737164795
C_CENTERCONTROL:0.4937708833116085
C_DEVELOPPIECES:0.485146299061775
C_MATERIAL:0.5
C_MOVECOUNT:0.49683841815212487
C_PAWNMOVEMENT:0.5033132972092471
