ELO:913
CE_PASSEDPAWNS:0.49996663654299445
CE_PAWNWEAKNESSES:0.5052834486818707
CE_PIECEACTIVITY:0.5038787558049215
CE_KINGPAWNSHIELD:0.4941369825249226
CE_PIECECOORDINATION:0.5486496875863391
CE_MATERIAL:0.5249948852694406
CE_KINGSAFETY:0.5017712008272225
C_PIECESQUARETABLES:0.5078630672771194
C_MOBILITY:0.48345077703714784
C_KINGSAFETY:0.4756779307946203
C_PAWNSTRUCTURE:0.47832126320433377
C_PIECECOORDINATION:0.43779683997404417
C_ROOKANDPAWNMOVEMENT:0.43779683997404417
C_CENTERCONTROL:0.5284820456784235
C_DEVELOPPIECES:0.4989771552432605
C_MATERIAL:0.5206037708828157
