ELO:1016
CE_PASSEDPAWNS:0.5099399290648279
CE_PAWNWEAKNESSES:0.5010545511483503
CE_PIECEACTIVITY:0.502679622949405
CE_KINGPAWNSHIELD:0.49999867862818953
CE_PIECECOORDINATION:0.498132149773996
CE_MATERIAL:0.5175058367850162
CE_KINGSAFETY:0.5
C_PIECESQUARETABLES:0.5
C_MOBILITY:0.5
C_KINGSAFETY:0.48966126462828063
C_PAWNSTRUCTURE:0.5020805120842277
C_PIECECOORDINATION:0.4987703533679791
C_ROOKANDPAWNMOVEMENT:0.4987703533679791
C_CENTERCONTROL:0.5110578067482648
C_DEVELOPPIECES:0.5
C_MATERIAL:0.48157231384335575
C_MOVECOUNT:0.4878374756225452
