ELO:974
CE_PASSEDPAWNS:0.5217217320595553
CE_PAWNWEAKNESSES:0.5321040753389994
CE_PIECEACTIVITY:0.4611682109103004
CE_KINGPAWNSHIELD:0.4270660250069526
CE_PIECECOORDINATION:0.4699794837085647
CE_MATERIAL:0.45974193872323493
CE_KINGSAFETY:0.5
C_PIECESQUARETABLES:0.5
C_MOBILITY:0.4200822172064019
C_KINGSAFETY:0.5061408115142786
C_PAWNSTRUCTURE:0.4536634742065205
C_PIECECOORDINATION:0.4018736593138125
C_ROOKANDPAWNMOVEMENT:0.4018736593138125
C_CENTERCONTROL:0.43737247917383715
C_DEVELOPPIECES:0.5291546034334762
C_MATERIAL:0.5597970296182317
