ELO:983
CE_PASSEDPAWNS:0.5046079984884507
CE_PAWNWEAKNESSES:0.515505784030549
CE_PIECEACTIVITY:0.4544768008175773
CE_KINGPAWNSHIELD:0.44434977011579924
CE_PIECECOORDINATION:0.4712354148476335
CE_MATERIAL:0.45974193872323493
CE_KINGSAFETY:0.5
C_PIECESQUARETABLES:0.5097349232509594
C_MOBILITY:0.42195292532685613
C_KINGSAFETY:0.5246604190598471
C_PAWNSTRUCTURE:0.44088883839081894
C_PIECECOORDINATION:0.38463651791846526
C_ROOKANDPAWNMOVEMENT:0.38463651791846526
C_CENTERCONTROL:0.4637112661703987
C_DEVELOPPIECES:0.5245525072119005
C_MATERIAL:0.5721146902027483
