ELO:1000
CE_PASSEDPAWNS:0.4877546029962666
CE_PAWNWEAKNESSES:0.5118448293262964
CE_PIECEACTIVITY:0.48701832149476043
CE_KINGPAWNSHIELD:0.48498042257661816
CE_PIECECOORDINATION:0.4767172144933053
CE_MATERIAL:0.4499952167908595
CE_KINGSAFETY:0.5058024999842217
C_PIECESQUARETABLES:0.48707683353757736
C_MOBILITY:0.49678772098844054
C_KINGSAFETY:0.5236658507255019
C_PAWNSTRUCTURE:0.46842400286957114
C_PIECECOORDINATION:0.4370861682573743
C_ROOKANDPAWNMOVEMENT:0.4370861682573743
C_CENTERCONTROL:0.48706588911049814
C_DEVELOPPIECES:0.5116392806161054
C_MATERIAL:0.5207566538662227
