ELO:1000
CE_PASSEDPAWNS:0.47640923530071877
CE_PAWNWEAKNESSES:0.5475119676753047
CE_PIECEACTIVITY:0.50038439621548
CE_KINGPAWNSHIELD:0.5301592278089686
CE_PIECECOORDINATION:0.42977387295179975
CE_MATERIAL:0.5150956839635443
CE_KINGSAFETY:0.4886724424522784
C_PIECESQUARETABLES:0.5202329491526424
C_MOBILITY:0.4762595797865946
C_KINGSAFETY:0.45806683534906895
C_PAWNSTRUCTURE:0.5357913047272781
C_PIECECOORDINATION:0.5135265452392835
C_ROOKANDPAWNMOVEMENT:0.5135265452392835
C_CENTERCONTROL:0.4535235725339459
C_DEVELOPPIECES:0.4823296027103
C_MATERIAL:0.46174828069557955
