ELO:1000
CE_PASSEDPAWNS:0.5048691230636938
CE_PAWNWEAKNESSES:0.511927515464893
CE_PIECEACTIVITY:0.5153259906697677
CE_KINGPAWNSHIELD:0.534656313480427
CE_PIECECOORDINATION:0.4842215300231068
CE_MATERIAL:0.5233033350635934
CE_KINGSAFETY:0.49373271835999993
C_PIECESQUARETABLES:0.5027201316102222
C_MOBILITY:0.5092785663192683
C_KINGSAFETY:0.4862666257046049
C_PAWNSTRUCTURE:0.5062646921582502
C_PIECECOORDINATION:0.5006399204299143
C_ROOKANDPAWNMOVEMENT:0.5006399204299143
C_CENTERCONTROL:0.5100564951499348
C_DEVELOPPIECES:0.49896783046660725
C_MATERIAL:0.485545951125839
