ELO:956
CE_PASSEDPAWNS:0.4737432552751818
CE_PAWNWEAKNESSES:0.5085300930922279
CE_PIECEACTIVITY:0.6159618050450693
CE_KINGPAWNSHIELD:0.4988333741284818
CE_PIECECOORDINATION:0.602923998596203
CE_MATERIAL:0.44895241003703523
CE_KINGSAFETY:0.5116870767278033
C_PIECESQUARETABLES:0.5072973881397715
C_MOBILITY:0.5599944675158998
C_KINGSAFETY:0.4113945652964187
C_PAWNSTRUCTURE:0.5297866627110858
C_PIECECOORDINATION:0.45300491584381025
C_ROOKANDPAWNMOVEMENT:0.45300491584381025
C_CENTERCONTROL:0.4313512806905817
C_DEVELOPPIECES:0.4320226488239313
C_MATERIAL:0.4349469723992895
