ELO:987
CE_PASSEDPAWNS:0.5000662210964287
CE_PAWNWEAKNESSES:0.5203346882888721
CE_PIECEACTIVITY:0.4722849568220613
CE_KINGPAWNSHIELD:0.439690512108471
CE_PIECECOORDINATION:0.4417259779597321
CE_MATERIAL:0.45974193872323493
CE_KINGSAFETY:0.49879279475734095
C_PIECESQUARETABLES:0.49133708145667904
C_MOBILITY:0.4229305007573504
C_KINGSAFETY:0.5096447115798391
C_PAWNSTRUCTURE:0.44718070188629494
C_PIECECOORDINATION:0.39980317758967204
C_ROOKANDPAWNMOVEMENT:0.39980317758967204
C_CENTERCONTROL:0.4780467203454893
C_DEVELOPPIECES:0.5469989132590363
C_MATERIAL:0.5709591215174022
