ELO:978
CE_PASSEDPAWNS:0.4886306414406885
CE_PAWNWEAKNESSES:0.5031733976868626
CE_PIECEACTIVITY:0.5120251511063144
CE_KINGPAWNSHIELD:0.5013969088810557
CE_PIECECOORDINATION:0.46378887040134453
CE_MATERIAL:0.5097811921191853
CE_KINGSAFETY:0.5
C_PIECESQUARETABLES:0.49817121499224754
C_MOBILITY:0.49990902194374864
C_KINGSAFETY:0.5067321104029844
C_PAWNSTRUCTURE:0.48981130424927877
C_PIECECOORDINATION:0.5002738625061558
C_ROOK:0.5528721541550136
CE_ROOK:0.49523984459034853
C_CENTERCONTROL:0.456306594946416
C_DEVELOPPIECES:0.4389765569435123
C_MATERIAL:0.5118345773758886
C_MOVECOUNT:0.49746790700371035
C_PAWNMOVEMENT:0.5463526431576865
