ELO:931
CE_PASSEDPAWNS:0.4740831579658773
CE_PAWNWEAKNESSES:0.5250925718910898
CE_PIECEACTIVITY:0.6210053133205079
CE_KINGPAWNSHIELD:0.5093651365336291
CE_PIECECOORDINATION:0.5978131148356873
CE_MATERIAL:0.4650875436535142
CE_KINGSAFETY:0.5490067682900692
C_PIECESQUARETABLES:0.5094681107467973
C_MOBILITY:0.5764030488177683
C_KINGSAFETY:0.400622548432367
C_PAWNSTRUCTURE:0.5344084365521287
C_PIECECOORDINATION:0.4324906780956258
C_ROOKANDPAWNMOVEMENT:0.4324906780956258
C_CENTERCONTROL:0.43994116194045213
C_DEVELOPPIECES:0.4101478825963596
C_MATERIAL:0.43890228138564774
