ELO:1018
CE_PASSEDPAWNS:0.5
CE_PAWNWEAKNESSES:0.5
CE_PIECEACTIVITY:0.5039048487502138
CE_KINGPAWNSHIELD:0.5059533818819906
CE_PIECECOORDINATION:0.5
CE_MATERIAL:0.5
CE_KINGSAFETY:0.48843433000726677
C_PIECESQUARETABLES:0.492655120697483
C_MOBILITY:0.5
C_KINGSAFETY:0.4865869767693577
C_PAWNSTRUCTURE:0.5
C_PIECECOORDINATION:0.5
C_ROOKANDPAWNMOVEMENT:0.5
C_CENTERCONTROL:0.5
C_DEVELOPPIECES:0.5
C_MATERIAL:0.5
C_MOVECOUNT:0.4945933660311482
