ELO:1015
CE_PASSEDPAWNS:0.47983400365226464
CE_PAWNWEAKNESSES:0.4415637372644996
CE_PIECEACTIVITY:0.4732412639064044
CE_KINGPAWNSHIELD:0.5020740837651961
CE_PIECECOORDINATION:0.5004815036012042
CE_MATERIAL:0.46024995710068145
CE_KINGSAFETY:0.5
C_PIECESQUARETABLES:0.5
C_MOBILITY:0.4754155593718032
C_KINGSAFETY:0.545450638944934
C_PAWNSTRUCTURE:0.4972323081345645
C_PIECECOORDINATION:0.5138555281193984
C_ROOKANDPAWNMOVEMENT:0.5138555281193984
C_CENTERCONTROL:0.6219332520807116
C_DEVELOPPIECES:0.41164499516817804
C_MATERIAL:0.5325847506197589
C_MOVECOUNT:0.5
