ELO:779
CE_PASSEDPAWNS:0.4920946439074435
CE_PAWNWEAKNESSES:0.4396125488068659
CE_PIECEACTIVITY:0.5755058259982927
CE_KINGPAWNSHIELD:0.535148022367587
CE_PIECECOORDINATION:0.4985191136084664
CE_MATERIAL:0.5590471057834526
CE_KINGSAFETY:0.5
C_PIECESQUARETABLES:0.4981113186901491
C_MOBILITY:0.4659840277107748
C_KINGSAFETY:0.47876775716288644
C_PAWNSTRUCTURE:0.5797447523784484
C_PIECECOORDINATION:0.5332025570210701
C_ROOKANDPAWNMOVEMENT:0.5332025570210701
C_CENTERCONTROL:0.485425774763663
C_DEVELOPPIECES:0.5336745046241043
C_MATERIAL:0.5429838752140272
C_MOVECOUNT:0.5
