ELO:987
CE_PASSEDPAWNS:0.5008004237869679
CE_PAWNWEAKNESSES:0.5013233794069947
CE_PIECEACTIVITY:0.5073760265887075
CE_KINGPAWNSHIELD:0.5010788002529181
CE_PIECECOORDINATION:0.48376229745565763
CE_MATERIAL:0.5223967279837899
CE_KINGSAFETY:0.4971681647671238
C_PIECESQUARETABLES:0.5072816764906208
C_MOBILITY:0.5
C_KINGSAFETY:0.49513538023244014
C_PAWNSTRUCTURE:0.5
C_PIECECOORDINATION:0.48818659311305546
C_ROOKANDPAWNMOVEMENT:0.48818659311305546
C_CENTERCONTROL:0.5032224963353079
C_DEVELOPPIECES:0.5029464894282981
C_MATERIAL:0.5
