ELO:879
CE_PASSEDPAWNS:0.512228434296781
CE_PAWNWEAKNESSES:0.49396747328258644
CE_PIECEACTIVITY:0.5049771455394042
CE_KINGPAWNSHIELD:0.5136311344125772
CE_PIECECOORDINATION:0.494221205780509
CE_MATERIAL:0.5056674189848867
CE_KINGSAFETY:0.5024604715723613
C_PIECESQUARETABLES:0.5
C_MOBILITY:0.5372905604172058
C_KINGSAFETY:0.5288228205895762
C_PAWNSTRUCTURE:0.4932842146148974
C_PIECECOORDINATION:0.5066288119937801
C_ROOK:0.5511070899448546
CE_ROOK:0.49419854945588904
C_CENTERCONTROL:0.5200111665893079
C_DEVELOPPIECES:0.5076849057876962
C_MATERIAL:0.5125575032155046
C_MOVECOUNT:0.47183650686815126
C_PAWNMOVEMENT:0.5402767911174878
