ELO:1000
CE_PASSEDPAWNS:0.49420097264507223
CE_PAWNWEAKNESSES:0.5192010361867655
CE_PIECEACTIVITY:0.4679132541346323
CE_KINGPAWNSHIELD:0.474380722403399
CE_PIECECOORDINATION:0.46186997077478625
CE_MATERIAL:0.4281511578209181
CE_KINGSAFETY:0.5245336518122349
C_PIECESQUARETABLES:0.49844338436199653
C_MOBILITY:0.480026129623769
C_KINGSAFETY:0.4580194460388608
C_PAWNSTRUCTURE:0.4761142525467382
C_PIECECOORDINATION:0.4390366990458145
C_ROOKANDPAWNMOVEMENT:0.4390366990458145
C_CENTERCONTROL:0.4561520761224886
C_DEVELOPPIECES:0.5258258227861706
C_MATERIAL:0.5447251420605975
