ELO:915
CE_PASSEDPAWNS:0.49744148012266604
CE_PAWNWEAKNESSES:0.5280917488845831
CE_PIECEACTIVITY:0.5326997581681691
CE_KINGPAWNSHIELD:0.547114565468943
CE_PIECECOORDINATION:0.530859232910711
CE_MATERIAL:0.5195648391546915
CE_KINGSAFETY:0.5096033256833424
C_PIECESQUARETABLES:0.46086977884027874
C_MOBILITY:0.48311808047645255
C_KINGSAFETY:0.4965479450687036
C_PAWNSTRUCTURE:0.5295933121422504
C_PIECECOORDINATION:0.51156874985122
C_ROOKANDPAWNMOVEMENT:0.51156874985122
C_CENTERCONTROL:0.49651979763180465
C_DEVELOPPIECES:0.5245934664629751
C_MATERIAL:0.4975635106553146
C_MOVECOUNT:0.5
