ELO:988
CE_PASSEDPAWNS:0.5178017811553047
CE_PAWNWEAKNESSES:0.4895503202237921
CE_PIECEACTIVITY:0.511679048088676
CE_KINGPAWNSHIELD:0.5048523661813685
CE_PIECECOORDINATION:0.5
CE_MATERIAL:0.49865092856821397
CE_KINGSAFETY:0.5
C_PIECESQUARETABLES:0.4909213110309239
C_MOBILITY:0.5213951030754694
C_KINGSAFETY:0.4892812173373723
C_PAWNSTRUCTURE:0.5017354264075177
C_PIECECOORDINATION:0.495429976133915
C_ROOK:0.4932472504114924
CE_ROOK:0.4924065659504395
C_CENTERCONTROL:0.4906507359989485
C_DEVELOPPIECES:0.4907424976650973
C_MATERIAL:0.49140412996710003
C_MOVECOUNT:0.5182926237850813
C_PAWNMOVEMENT:0.4857849444255754
