ELO:963
CE_PASSEDPAWNS:0.518502702676165
CE_PAWNWEAKNESSES:0.5123460923918433
CE_PIECEACTIVITY:0.47314131290182077
CE_KINGPAWNSHIELD:0.4193302780562475
CE_PIECECOORDINATION:0.44460696033368335
CE_MATERIAL:0.45932789705272525
CE_KINGSAFETY:0.48835387510544254
C_PIECESQUARETABLES:0.4989612703064045
C_MOBILITY:0.4275369137959321
C_KINGSAFETY:0.5215153744920656
C_PAWNSTRUCTURE:0.4414265818008715
C_PIECECOORDINATION:0.40568344588163463
C_ROOKANDPAWNMOVEMENT:0.40568344588163463
C_CENTERCONTROL:0.43380623868527834
C_DEVELOPPIECES:0.5155078334482015
C_MATERIAL:0.5651477740114674
