ELO:1000
CE_PASSEDPAWNS:0.49420097264507223
CE_PAWNWEAKNESSES:0.518595721424485
CE_PIECEACTIVITY:0.48503995191789373
CE_KINGPAWNSHIELD:0.4715032506365338
CE_PIECECOORDINATION:0.4681589560032073
CE_MATERIAL:0.43532295336144855
CE_KINGSAFETY:0.5460562030917021
C_PIECESQUARETABLES:0.519857693140563
C_MOBILITY:0.46473642467871246
C_KINGSAFETY:0.47232561123121025
C_PAWNSTRUCTURE:0.46968485721206304
C_PIECECOORDINATION:0.4139179345554674
C_ROOKANDPAWNMOVEMENT:0.4139179345554674
C_CENTERCONTROL:0.4561520761224886
C_DEVELOPPIECES:0.5263018108900968
C_MATERIAL:0.5538464970538922
