ELO:1002
CE_PASSEDPAWNS:0.5139828510010208
CE_PAWNWEAKNESSES:0.4839270220779712
CE_PIECEACTIVITY:0.4931960503373339
CE_KINGPAWNSHIELD:0.5
CE_PIECECOORDINATION:0.49478373036712364
CE_MATERIAL:0.5210239721753559
CE_KINGSAFETY:0.5
C_PIECESQUARETABLES:0.5111192928373124
C_MOBILITY:0.48997686291915643
C_KINGSAFETY:0.5
C_PAWNSTRUCTURE:0.4936906447797965
C_PIECECOORDINATION:0.5166428603537134
C_ROOKANDPAWNMOVEMENT:0.5166428603537134
C_CENTERCONTROL:0.5182084762650918
C_DEVELOPPIECES:0.5
C_MATERIAL:0.5
C_MOVECOUNT:0.4935701734475257
