ELO:762
CE_PASSEDPAWNS:0.5143716912061718
CE_PAWNWEAKNESSES:0.46071201188657096
CE_PIECEACTIVITY:0.5866250438213267
CE_KINGPAWNSHIELD:0.5408060803342056
CE_PIECECOORDINATION:0.4877911693337427
CE_MATERIAL:0.539180332824681
CE_KINGSAFETY:0.466551374207721
C_PIECESQUARETABLES:0.448677219052605
C_MOBILITY:0.43310303367730485
C_KINGSAFETY:0.4938984686338058
C_PAWNSTRUCTURE:0.5514958145819978
C_PIECECOORDINATION:0.5117845334738957
C_ROOKANDPAWNMOVEMENT:0.5117845334738957
C_CENTERCONTROL:0.4736714500746015
C_DEVELOPPIECES:0.5331007880816329
C_MATERIAL:0.5125872204524018
C_MOVECOUNT:0.5
