ELO:929
CE_PASSEDPAWNS:0.46556772146374653
CE_PAWNWEAKNESSES:0.5433997588615634
CE_PIECEACTIVITY:0.6180651670985174
CE_KINGPAWNSHIELD:0.5089697538992016
CE_PIECECOORDINATION:0.6009734588500737
CE_MATERIAL:0.44347210279511434
CE_KINGSAFETY:0.5658460645771284
C_PIECESQUARETABLES:0.4962215745464227
C_MOBILITY:0.56415396741784
C_KINGSAFETY:0.4066074456814891
C_PAWNSTRUCTURE:0.527697167866959
C_PIECECOORDINATION:0.4265143624670727
C_ROOKANDPAWNMOVEMENT:0.4265143624670727
C_CENTERCONTROL:0.42683130171051864
C_DEVELOPPIECES:0.40749068701729285
C_MATERIAL:0.44876804890223937
