ELO:889
CE_PASSEDPAWNS:0.46241871218103775
CE_PAWNWEAKNESSES:0.36855624537545795
CE_PIECEACTIVITY:0.4347173299019816
CE_KINGPAWNSHIELD:0.5332318533267201
CE_PIECECOORDINATION:0.4536712533372433
CE_MATERIAL:0.5114978927561272
CE_KINGSAFETY:0.4414659393916477
C_PIECESQUARETABLES:0.4757017818513578
C_MOBILITY:0.5536152018288342
C_KINGSAFETY:0.39456437505844266
C_PAWNSTRUCTURE:0.5387275083511076
C_PIECECOORDINATION:0.41540366147971364
C_ROOKANDPAWNMOVEMENT:0.41540366147971364
C_CENTERCONTROL:0.580778175862968
C_DEVELOPPIECES:0.5138814572563835
C_MATERIAL:0.4574124299367434
