ELO:980
CE_PASSEDPAWNS:0.5140325794697306
CE_PAWNWEAKNESSES:0.481453006293159
CE_PIECEACTIVITY:0.4935422446385795
CE_KINGPAWNSHIELD:0.4996966556024683
CE_PIECECOORDINATION:0.5142665070010188
CE_MATERIAL:0.5287577923429543
CE_KINGSAFETY:0.5379635594073762
C_PIECESQUARETABLES:0.5072816764906208
C_MOBILITY:0.4992875332055314
C_KINGSAFETY:0.4903402774137761
C_PAWNSTRUCTURE:0.49909264344440557
C_PIECECOORDINATION:0.514064406533229
C_ROOKANDPAWNMOVEMENT:0.514064406533229
C_CENTERCONTROL:0.5058786484483214
C_DEVELOPPIECES:0.5094069414279818
C_MATERIAL:0.5151630384661068
