ELO:812
CE_PASSEDPAWNS:0.4966989623238214
CE_PAWNWEAKNESSES:0.4385801537215764
CE_PIECEACTIVITY:0.5281066284460827
CE_KINGPAWNSHIELD:0.5610419646472976
CE_PIECECOORDINATION:0.44631882983869003
CE_MATERIAL:0.5303863165992797
CE_KINGSAFETY:0.5280009502224801
C_PIECESQUARETABLES:0.5217273669586004
C_MOBILITY:0.4647148311282385
C_KINGSAFETY:0.5140154931707088
C_PAWNSTRUCTURE:0.6180302645545223
C_PIECECOORDINATION:0.5853462870050017
C_ROOKANDPAWNMOVEMENT:0.5853462870050017
C_CENTERCONTROL:0.4878530351060354
C_DEVELOPPIECES:0.565347949952247
C_MATERIAL:0.5075399963160103
C_MOVECOUNT:0.5
