ELO:935
CE_PASSEDPAWNS:0.48453295215966224
CE_PAWNWEAKNESSES:0.4793776009954117
CE_PIECEACTIVITY:0.5428490743097216
CE_KINGPAWNSHIELD:0.4877149297217759
CE_PIECECOORDINATION:0.486573445475334
CE_MATERIAL:0.5043106244730895
CE_KINGSAFETY:0.5110111415372758
C_PIECESQUARETABLES:0.4788271412699286
C_MOBILITY:0.5002727536191485
C_KINGSAFETY:0.49651238455130986
C_PAWNSTRUCTURE:0.4984740770801628
C_PIECECOORDINATION:0.5155121157933904
C_ROOKANDPAWNMOVEMENT:0.5155121157933904
C_CENTERCONTROL:0.5139826803695464
C_DEVELOPPIECES:0.46926883265964414
C_MATERIAL:0.5450182792447076
C_MOVECOUNT:0.5055122023962999
