ELO:1122
CE_PASSEDPAWNS:0.6122579102286656
CE_PAWNWEAKNESSES:0.5942385255537602
CE_PIECEACTIVITY:0.47707812532962285
CE_KINGPAWNSHIELD:0.49390818981708157
CE_PIECECOORDINATION:0.4934458440126612
CE_MATERIAL:0.46231312590928847
CE_KINGSAFETY:0.5
C_PIECESQUARETABLES:0.5
C_MOBILITY:0.4455170774255024
C_KINGSAFETY:0.517176359478015
C_PAWNSTRUCTURE:0.44720766634110326
C_PIECECOORDINATION:0.36062421724656424
C_ROOKANDPAWNMOVEMENT:0.36062421724656424
C_CENTERCONTROL:0.4971758326519334
C_DEVELOPPIECES:0.464302331748555
C_MATERIAL:0.37904596142971597
