ELO:908
CE_PASSEDPAWNS:0.4948049804700741
CE_PAWNWEAKNESSES:0.5804265816026886
CE_PIECEACTIVITY:0.6333023636482693
CE_KINGPAWNSHIELD:0.5225473117467319
CE_PIECECOORDINATION:0.6161661599456424
CE_MATERIAL:0.4697760343882295
CE_KINGSAFETY:0.5827473453937743
C_PIECESQUARETABLES:0.4833733406634825
C_MOBILITY:0.5465747220671896
C_KINGSAFETY:0.3970368153881078
C_PAWNSTRUCTURE:0.4785933460477268
C_PIECECOORDINATION:0.38165018063752454
C_ROOKANDPAWNMOVEMENT:0.38165018063752454
C_CENTERCONTROL:0.39511729749995156
C_DEVELOPPIECES:0.39336944168428933
C_MATERIAL:0.452883339892418
