ELO:1000
CE_PASSEDPAWNS:0.48157099042684987
CE_PAWNWEAKNESSES:0.5221942251853227
CE_PIECEACTIVITY:0.4896003085679088
CE_KINGPAWNSHIELD:0.5222064283021166
CE_PIECECOORDINATION:0.44363281650706204
CE_MATERIAL:0.5245249483271508
CE_KINGSAFETY:0.4864436834586502
C_PIECESQUARETABLES:0.5176303044172994
C_MOBILITY:0.5011899840326361
C_KINGSAFETY:0.48795794917625784
C_PAWNSTRUCTURE:0.5473828572988789
C_PIECECOORDINATION:0.4996743698205507
C_ROOKANDPAWNMOVEMENT:0.4996743698205507
C_CENTERCONTROL:0.4496381181970282
C_DEVELOPPIECES:0.48324655878505746
C_MATERIAL:0.46484156852454195
