ELO:1003
CE_PASSEDPAWNS:0.5325521251919618
CE_PAWNWEAKNESSES:0.4839270220779712
CE_PIECEACTIVITY:0.511487542468061
CE_KINGPAWNSHIELD:0.49599671277198415
CE_PIECECOORDINATION:0.5174701733723941
CE_MATERIAL:0.5229464751461254
CE_KINGSAFETY:0.5
C_PIECESQUARETABLES:0.5
C_MOBILITY:0.48533285022509604
C_KINGSAFETY:0.49145216085956095
C_PAWNSTRUCTURE:0.5120488328763733
C_PIECECOORDINATION:0.5
C_ROOKANDPAWNMOVEMENT:0.5
C_CENTERCONTROL:0.5102836204198942
C_DEVELOPPIECES:0.5
C_MATERIAL:0.5108180673887417
C_MOVECOUNT:0.4969453794775364
