ELO:870
CE_PASSEDPAWNS:0.4913190911094284
CE_PAWNWEAKNESSES:0.4801466256726972
CE_PIECEACTIVITY:0.6194157627091305
CE_KINGPAWNSHIELD:0.5396903871204697
CE_PIECECOORDINATION:0.4851198995258055
CE_MATERIAL:0.5394932109643633
CE_KINGSAFETY:0.4532775338780767
C_PIECESQUARETABLES:0.4336931369046578
C_MOBILITY:0.4568023436018271
C_KINGSAFETY:0.4994388383365124
C_PAWNSTRUCTURE:0.5502294200288544
C_PIECECOORDINATION:0.5054431045807954
C_ROOKANDPAWNMOVEMENT:0.5054431045807954
C_CENTERCONTROL:0.47763761216352485
C_DEVELOPPIECES:0.5357689454484561
C_MATERIAL:0.5054340361612817
C_MOVECOUNT:0.5
