ELO:989
CE_PASSEDPAWNS:0.5055742506452101
CE_PAWNWEAKNESSES:0.5422154433213352
CE_PIECEACTIVITY:0.4563670537688121
CE_KINGPAWNSHIELD:0.44085240821445765
CE_PIECECOORDINATION:0.43778020157083836
CE_MATERIAL:0.44724012277533876
CE_KINGSAFETY:0.5643393724985875
C_PIECESQUARETABLES:0.4658429943830171
C_MOBILITY:0.3978315804044808
C_KINGSAFETY:0.5001001995642077
C_PAWNSTRUCTURE:0.4347027002246554
C_PIECECOORDINATION:0.4011789774554667
C_ROOKANDPAWNMOVEMENT:0.4011789774554667
C_CENTERCONTROL:0.46117837303798404
C_DEVELOPPIECES:0.5525550508310504
C_MATERIAL:0.5538861785816667
