ELO:993
CE_PASSEDPAWNS:0.5
CE_PAWNWEAKNESSES:0.5243959550499308
CE_PIECEACTIVITY:0.5109570249684774
CE_KINGPAWNSHIELD:0.45832561050715936
CE_PIECECOORDINATION:0.5026135660886079
CE_MATERIAL:0.5
CE_KINGSAFETY:0.5
C_PIECESQUARETABLES:0.5
C_MOBILITY:0.4938701806739367
C_KINGSAFETY:0.48592022344600583
C_PAWNSTRUCTURE:0.5006382290087487
C_PIECECOORDINATION:0.5
C_ROOKANDPAWNMOVEMENT:0.5
C_CENTERCONTROL:0.5
C_DEVELOPPIECES:0.5138927761202242
C_MATERIAL:0.48859089983064385
C_MOVECOUNT:0.4903203297072921
