ELO:987
CE_PASSEDPAWNS:0.5000662210964287
CE_PAWNWEAKNESSES:0.5292267056525579
CE_PIECEACTIVITY:0.4722849568220613
CE_KINGPAWNSHIELD:0.439690512108471
CE_PIECECOORDINATION:0.4495487894911893
CE_MATERIAL:0.45974193872323493
CE_KINGSAFETY:0.49879279475734095
C_PIECESQUARETABLES:0.49133708145667904
C_MOBILITY:0.425752989551599
C_KINGSAFETY:0.5096447115798391
C_PAWNSTRUCTURE:0.4405369952430434
C_PIECECOORDINATION:0.39134341254065635
C_ROOKANDPAWNMOVEMENT:0.39134341254065635
C_CENTERCONTROL:0.4780467203454893
C_DEVELOPPIECES:0.545603186152906
C_MATERIAL:0.5709591215174022
