ELO:1039
CE_PASSEDPAWNS:0.49591990162815325
CE_PAWNWEAKNESSES:0.5090073923529249
CE_PIECEACTIVITY:0.5233662458234067
CE_KINGPAWNSHIELD:0.48456748462466864
CE_PIECECOORDINATION:0.5
CE_MATERIAL:0.505063677775059
CE_KINGSAFETY:0.5
C_PIECESQUARETABLES:0.5
C_MOBILITY:0.5
C_KINGSAFETY:0.5065945915617065
C_PAWNSTRUCTURE:0.505449070531077
C_PIECECOORDINATION:0.5210789240236054
C_ROOK:0.5152617900136113
CE_ROOK:0.47507486477495864
C_CENTERCONTROL:0.500299860415731
C_DEVELOPPIECES:0.5022918890320295
C_MATERIAL:0.5180966590467132
C_MOVECOUNT:0.4722447649162971
C_PAWNMOVEMENT:0.48185640040674094
