ELO:1000
CE_PASSEDPAWNS:0.49183707905565804
CE_PAWNWEAKNESSES:0.4839270220779712
CE_PIECEACTIVITY:0.49838288862621166
CE_KINGPAWNSHIELD:0.5033526065838545
CE_PIECECOORDINATION:0.49429225153844697
CE_MATERIAL:0.5210239721753559
CE_KINGSAFETY:0.5
C_PIECESQUARETABLES:0.5
C_MOBILITY:0.4921046762016169
C_KINGSAFETY:0.47601178046219333
C_PAWNSTRUCTURE:0.5013681422450642
C_PIECECOORDINATION:0.5
C_ROOKANDPAWNMOVEMENT:0.5
C_CENTERCONTROL:0.47464467261920706
C_DEVELOPPIECES:0.5
C_MATERIAL:0.5034194495585259
C_MOVECOUNT:0.5
