ELO:1021
CE_PASSEDPAWNS:0.502735439700463
CE_PAWNWEAKNESSES:0.5279559417062814
CE_PIECEACTIVITY:0.5
CE_KINGPAWNSHIELD:0.5
CE_PIECECOORDINATION:0.5
CE_MATERIAL:0.494802032083903
CE_KINGSAFETY:0.4995098080878004
C_PIECESQUARETABLES:0.5
C_MOBILITY:0.4992838830159155
C_KINGSAFETY:0.5
C_PAWNSTRUCTURE:0.5320306609405451
C_PIECECOORDINATION:0.5
C_ROOKANDPAWNMOVEMENT:0.5
C_CENTERCONTROL:0.49652210411877945
C_DEVELOPPIECES:0.5054817437916663
C_MATERIAL:0.5239856141398592
C_MOVECOUNT:0.5405695627381272
