ELO:1018
CE_PASSEDPAWNS:0.5325521251919618
CE_PAWNWEAKNESSES:0.5010545511483503
CE_PIECEACTIVITY:0.4941706638642104
CE_KINGPAWNSHIELD:0.5086253395459225
CE_PIECECOORDINATION:0.5
CE_MATERIAL:0.5175058367850162
CE_KINGSAFETY:0.5
C_PIECESQUARETABLES:0.5
C_MOBILITY:0.5004274065305522
C_KINGSAFETY:0.48966126462828063
C_PAWNSTRUCTURE:0.5020805120842277
C_PIECECOORDINATION:0.49886025467100537
C_ROOKANDPAWNMOVEMENT:0.49886025467100537
C_CENTERCONTROL:0.5110578067482648
C_DEVELOPPIECES:0.5
C_MATERIAL:0.48157231384335575
C_MOVECOUNT:0.48544206649927907
