ELO:926
CE_PASSEDPAWNS:0.4908930861495655
CE_PAWNWEAKNESSES:0.4156576860877508
CE_PIECEACTIVITY:0.5344861929030611
CE_KINGPAWNSHIELD:0.4506345606650836
CE_PIECECOORDINATION:0.4968220738977996
CE_MATERIAL:0.5259701039103215
CE_KINGSAFETY:0.5
C_PIECESQUARETABLES:0.5
C_MOBILITY:0.4544072092316323
C_KINGSAFETY:0.36282407149110646
C_PAWNSTRUCTURE:0.46072662276923615
C_PIECECOORDINATION:0.45407079965407204
C_ROOKANDPAWNMOVEMENT:0.45407079965407204
C_CENTERCONTROL:0.4786515411120672
C_DEVELOPPIECES:0.4185100998877913
C_MATERIAL:0.5
C_MOVECOUNT:0.5
