ELO:953
CE_PASSEDPAWNS:0.43484759496746794
CE_PAWNWEAKNESSES:0.45122864463612494
CE_PIECEACTIVITY:0.4959448982142209
CE_KINGPAWNSHIELD:0.41551856340482557
CE_PIECECOORDINATION:0.5836486036908418
CE_MATERIAL:0.48595712512155176
CE_KINGSAFETY:0.4961490748114574
C_PIECESQUARETABLES:0.49676406872583395
C_MOBILITY:0.298500618757772
C_KINGSAFETY:0.35796731815088007
C_PAWNSTRUCTURE:0.45053987740054774
C_PIECECOORDINATION:0.4612116283543046
C_ROOKANDPAWNMOVEMENT:0.4612116283543046
C_CENTERCONTROL:0.5790346729640931
C_DEVELOPPIECES:0.5118945721527736
C_MATERIAL:0.6764558167222701
