ELO:977
CE_PASSEDPAWNS:0.5145849072365088
CE_PAWNWEAKNESSES:0.5262928702230351
CE_PIECEACTIVITY:0.5534169057602196
CE_KINGPAWNSHIELD:0.5279712573210643
CE_PIECECOORDINATION:0.5826481244791759
CE_MATERIAL:0.5500740975113653
CE_KINGSAFETY:0.49247281308599955
C_PIECESQUARETABLES:0.502415769363442
C_MOBILITY:0.5242816028332805
C_KINGSAFETY:0.5105133958003405
C_PAWNSTRUCTURE:0.49899561985782603
C_PIECECOORDINATION:0.5339571785764705
C_ROOKANDPAWNMOVEMENT:0.5339571785764705
C_CENTERCONTROL:0.55246520878297
C_DEVELOPPIECES:0.5487089396179828
C_MATERIAL:0.5405470226224814
