ELO:988
CE_PASSEDPAWNS:0.5
CE_PAWNWEAKNESSES:0.5
CE_PIECEACTIVITY:0.5120223484332267
CE_KINGPAWNSHIELD:0.5
CE_PIECECOORDINATION:0.5063771538929035
CE_MATERIAL:0.5050839755035168
CE_KINGSAFETY:0.5
C_PIECESQUARETABLES:0.5
C_MOBILITY:0.49514926561331224
C_KINGSAFETY:0.5095299358117968
C_PAWNSTRUCTURE:0.5
C_PIECECOORDINATION:0.49188497619148364
C_ROOKANDPAWNMOVEMENT:0.49188497619148364
C_CENTERCONTROL:0.5089950983684648
C_DEVELOPPIECES:0.5
C_MATERIAL:0.5
C_MOVECOUNT:0.5
