ELO:996
CE_PASSEDPAWNS:0.46582365081365684
CE_PAWNWEAKNESSES:0.5138395854916308
CE_PIECEACTIVITY:0.4810990917610371
CE_KINGPAWNSHIELD:0.5108211655668564
CE_PIECECOORDINATION:0.5207082048196396
CE_MATERIAL:0.5006854047120125
CE_KINGSAFETY:0.5
C_PIECESQUARETABLES:0.5
C_MOBILITY:0.5
C_KINGSAFETY:0.49578902679125975
C_PAWNSTRUCTURE:0.5020962607104891
C_PIECECOORDINATION:0.5010565797952407
C_ROOK:0.4523695276041132
CE_ROOK:0.5048076417311816
C_CENTERCONTROL:0.4962465463250829
C_DEVELOPPIECES:0.4857010251632798
C_MATERIAL:0.5564588301946396
C_MOVECOUNT:0.4781126926424103
C_PAWNMOVEMENT:0.5226916199539013
