ELO:898
CE_PASSEDPAWNS:0.4443685712392418
CE_PAWNWEAKNESSES:0.5951853135962254
CE_PIECEACTIVITY:0.48303125765796884
CE_KINGPAWNSHIELD:0.6356042416760792
CE_PIECECOORDINATION:0.5084101037672614
CE_MATERIAL:0.4630069773187747
CE_KINGSAFETY:0.5583171534495956
C_PIECESQUARETABLES:0.45215132570817024
C_MOBILITY:0.47495991748073646
C_KINGSAFETY:0.43961650617531484
C_PAWNSTRUCTURE:0.5104169843778065
C_PIECECOORDINATION:0.5393040539465649
C_ROOKANDPAWNMOVEMENT:0.5393040539465649
C_CENTERCONTROL:0.4697220600557968
C_DEVELOPPIECES:0.5721156805429025
C_MATERIAL:0.5501302077666957
C_MOVECOUNT:0.5214330632626188
