ELO:998
CE_PASSEDPAWNS:0.47450298205620545
CE_PAWNWEAKNESSES:0.48980452886477255
CE_PIECEACTIVITY:0.5
CE_KINGPAWNSHIELD:0.49655218645489724
CE_PIECECOORDINATION:0.5171406272205582
CE_MATERIAL:0.4955799859334924
CE_KINGSAFETY:0.5
C_PIECESQUARETABLES:0.5
C_MOBILITY:0.4933360089520684
C_KINGSAFETY:0.4894545220625953
C_PAWNSTRUCTURE:0.4984238162774086
C_PIECECOORDINATION:0.5212416632565356
C_ROOK:0.48783969049628706
CE_ROOK:0.49723982626595864
C_CENTERCONTROL:0.500299860415731
C_DEVELOPPIECES:0.5028217986566211
C_MATERIAL:0.5
C_MOVECOUNT:0.4565546094823454
C_PAWNMOVEMENT:0.4906966471824214
