ELO:918
CE_PASSEDPAWNS:0.4979797585875339
CE_PAWNWEAKNESSES:0.5861385760093965
CE_PIECEACTIVITY:0.5090236824304349
CE_KINGPAWNSHIELD:0.25881849199997764
CE_PIECECOORDINATION:0.5
CE_MATERIAL:0.4953164416967403
CE_KINGSAFETY:0.5
C_PIECESQUARETABLES:0.5
C_MOBILITY:0.5046399608640394
C_KINGSAFETY:0.5519252142868261
C_PAWNSTRUCTURE:0.5220022801952029
C_PIECECOORDINATION:0.5023717996378876
C_ROOKANDPAWNMOVEMENT:0.5023717996378876
C_CENTERCONTROL:0.4910161050095366
C_DEVELOPPIECES:0.5
C_MATERIAL:0.43906492429233246
C_MOVECOUNT:0.5
