ELO:973
CE_PASSEDPAWNS:0.5124797115777092
CE_PAWNWEAKNESSES:0.4486953794665965
CE_PIECEACTIVITY:0.5361846904679777
CE_KINGPAWNSHIELD:0.46781972660198906
CE_PIECECOORDINATION:0.5055091400917353
CE_MATERIAL:0.4879047183619308
CE_KINGSAFETY:0.5
C_PIECESQUARETABLES:0.5
C_MOBILITY:0.534705928910815
C_KINGSAFETY:0.5450637214925224
C_PAWNSTRUCTURE:0.5037497649805003
C_PIECECOORDINATION:0.5266187511024933
C_ROOKANDPAWNMOVEMENT:0.5266187511024933
C_CENTERCONTROL:0.46982275664141154
C_DEVELOPPIECES:0.44187620348435475
C_MATERIAL:0.45604406672230097
C_MOVECOUNT:0.5
