ELO:977
CE_PASSEDPAWNS:0.4887022381135838
CE_PAWNWEAKNESSES:0.5179255411629059
CE_PIECEACTIVITY:0.4768626890884253
CE_KINGPAWNSHIELD:0.5044698743323073
CE_PIECECOORDINATION:0.5280875985012714
CE_MATERIAL:0.4678430090031144
CE_KINGSAFETY:0.5
C_PIECESQUARETABLES:0.5
C_MOBILITY:0.5266919790260806
C_KINGSAFETY:0.49132415876438457
C_PAWNSTRUCTURE:0.5288475062069774
C_PIECECOORDINATION:0.5023181869044465
C_ROOKANDPAWNMOVEMENT:0.5023181869044465
C_CENTERCONTROL:0.5773739832547063
C_DEVELOPPIECES:0.5244042797997907
C_MATERIAL:0.45734702312569486
C_MOVECOUNT:0.5
