ELO:1028
CE_PASSEDPAWNS:0.5
CE_PAWNWEAKNESSES:0.42192523370146445
CE_PIECEACTIVITY:0.5088553887702799
CE_KINGPAWNSHIELD:0.5043419831840018
CE_PIECECOORDINATION:0.49618406244291363
CE_MATERIAL:0.4704369072790327
CE_KINGSAFETY:0.5
C_PIECESQUARETABLES:0.5
C_MOBILITY:0.5104551698105558
C_KINGSAFETY:0.501478378399646
C_PAWNSTRUCTURE:0.5032179713012929
C_PIECECOORDINATION:0.5399752995987395
C_ROOKANDPAWNMOVEMENT:0.5399752995987395
C_CENTERCONTROL:0.5041211993201832
C_DEVELOPPIECES:0.5013894901677293
C_MATERIAL:0.4887024044767712
C_MOVECOUNT:0.5
