ELO:897
CE_PASSEDPAWNS:0.49592762638236904
CE_PAWNWEAKNESSES:0.5037427880858673
CE_PIECEACTIVITY:0.5213151798418493
CE_KINGPAWNSHIELD:0.5120388880260902
CE_PIECECOORDINATION:0.5024657030923374
CE_MATERIAL:0.4870029489376036
CE_KINGSAFETY:0.5026429037223231
C_PIECESQUARETABLES:0.49231874601222936
C_MOBILITY:0.4870631026448536
C_KINGSAFETY:0.5368028954508126
C_PAWNSTRUCTURE:0.4782536520081577
C_PIECECOORDINATION:0.513788311498801
C_ROOKANDPAWNMOVEMENT:0.513788311498801
C_CENTERCONTROL:0.5277458008541357
C_DEVELOPPIECES:0.5435684886378787
C_MATERIAL:0.501001830327629
C_MOVECOUNT:0.46733630613574695
