ELO:1105
CE_PASSEDPAWNS:0.442778421640529
CE_PAWNWEAKNESSES:0.4965630101638105
CE_PIECEACTIVITY:0.5822554920959389
CE_KINGPAWNSHIELD:0.4774259118591802
CE_PIECECOORDINATION:0.5449900128502336
CE_MATERIAL:0.3963786524687434
CE_KINGSAFETY:0.5
C_PIECESQUARETABLES:0.5
C_MOBILITY:0.5406056480595329
C_KINGSAFETY:0.6009543595079152
C_PAWNSTRUCTURE:0.41040599071577993
C_PIECECOORDINATION:0.48430233874975176
C_ROOKANDPAWNMOVEMENT:0.48430233874975176
C_CENTERCONTROL:0.5974032715337857
C_DEVELOPPIECES:0.5034004472324135
C_MATERIAL:0.4073474203952967
