ELO:1020
CE_PASSEDPAWNS:0.49619271697600753
CE_PAWNWEAKNESSES:0.5077281221691645
CE_PIECEACTIVITY:0.5
CE_KINGPAWNSHIELD:0.5104523348155295
CE_PIECECOORDINATION:0.48909096601418395
CE_MATERIAL:0.5230011169540927
CE_KINGSAFETY:0.5060239642695344
C_PIECESQUARETABLES:0.4978325554946923
C_MOBILITY:0.5
C_KINGSAFETY:0.5
C_PAWNSTRUCTURE:0.5
C_PIECECOORDINATION:0.497567838403103
C_ROOKANDPAWNMOVEMENT:0.497567838403103
C_CENTERCONTROL:0.49299292327239225
C_DEVELOPPIECES:0.4873721942371287
C_MATERIAL:0.5
C_MOVECOUNT:0.5
