ELO:890
CE_PASSEDPAWNS:0.47392332346251875
CE_PAWNWEAKNESSES:0.5080563798080082
CE_PIECEACTIVITY:0.4955622728907328
CE_KINGPAWNSHIELD:0.4998548559804567
CE_PIECECOORDINATION:0.5166096256878029
CE_MATERIAL:0.5017835092406395
CE_KINGSAFETY:0.5226277360535435
C_PIECESQUARETABLES:0.4890540774932806
C_MOBILITY:0.478694443137808
C_KINGSAFETY:0.5062239080752585
C_PAWNSTRUCTURE:0.4794280325131597
C_PIECECOORDINATION:0.5104453903306726
C_ROOKANDPAWNMOVEMENT:0.5104453903306726
C_CENTERCONTROL:0.5029093945785776
C_DEVELOPPIECES:0.5129092298200795
C_MATERIAL:0.5227727565005795
C_MOVECOUNT:0.47888575849451614
