ELO:1000
CE_PASSEDPAWNS:0.5
CE_PAWNWEAKNESSES:0.4945986978111846
CE_PIECEACTIVITY:0.5
CE_KINGPAWNSHIELD:0.5
CE_PIECECOORDINATION:0.49585143194544323
CE_MATERIAL:0.5038106928512567
CE_KINGSAFETY:0.49936824103654726
C_PIECESQUARETABLES:0.51483167971533
C_MOBILITY:0.5100095215204414
C_KINGSAFETY:0.491325840179256
C_PAWNSTRUCTURE:0.4947829231058143
C_PIECECOORDINATION:0.5
C_ROOKANDPAWNMOVEMENT:0.5
C_CENTERCONTROL:0.4998898021375196
C_DEVELOPPIECES:0.5
C_MATERIAL:0.5109507013707768
