ELO:1028
CE_PASSEDPAWNS:0.5
CE_PAWNWEAKNESSES:0.5095114882014274
CE_PIECEACTIVITY:0.5069824226566094
CE_KINGPAWNSHIELD:0.5080270651655706
CE_PIECECOORDINATION:0.49435834764863096
CE_MATERIAL:0.5112246189373825
CE_KINGSAFETY:0.5
C_PIECESQUARETABLES:0.5
C_MOBILITY:0.5
C_KINGSAFETY:0.5349446824469897
C_PAWNSTRUCTURE:0.4804837528008742
C_PIECECOORDINATION:0.46258933237358013
C_ROOKANDPAWNMOVEMENT:0.46258933237358013
C_CENTERCONTROL:0.49546902313878655
C_DEVELOPPIECES:0.4890721728504396
C_MATERIAL:0.49251297629168234
C_MOVECOUNT:0.5
