ELO:949
CE_PASSEDPAWNS:0.5711900285558809
CE_PAWNWEAKNESSES:0.5214506833449917
CE_PIECEACTIVITY:0.5988605891578132
CE_KINGPAWNSHIELD:0.47857335229748366
CE_PIECECOORDINATION:0.6019979484462342
CE_MATERIAL:0.5524325716775482
CE_KINGSAFETY:0.5159280898160918
C_PIECESQUARETABLES:0.5136944799147384
C_MOBILITY:0.5238522813604628
C_KINGSAFETY:0.4783301556742495
C_PAWNSTRUCTURE:0.5320653327275178
C_PIECECOORDINATION:0.5689530973880417
C_ROOKANDPAWNMOVEMENT:0.5689530973880417
C_CENTERCONTROL:0.5469351934241218
C_DEVELOPPIECES:0.5728080562895261
C_MATERIAL:0.5318132526314268
