ELO:1005
CE_PASSEDPAWNS:0.4632810296182677
CE_PAWNWEAKNESSES:0.4957728219022358
CE_PIECEACTIVITY:0.5021649600195476
CE_KINGPAWNSHIELD:0.538092764123607
CE_PIECECOORDINATION:0.5135473054164408
CE_MATERIAL:0.48521787496309887
CE_KINGSAFETY:0.5060755717893483
C_PIECESQUARETABLES:0.5
C_MOBILITY:0.5056728308854367
C_KINGSAFETY:0.4271825560684213
C_PAWNSTRUCTURE:0.5098902718747332
C_PIECECOORDINATION:0.47647713514727247
C_ROOKANDPAWNMOVEMENT:0.47647713514727247
C_CENTERCONTROL:0.41836031670506757
C_DEVELOPPIECES:0.5799501222831319
C_MATERIAL:0.5418184580873439
