ELO:985
CE_PASSEDPAWNS:0.499107873649331
CE_PAWNWEAKNESSES:0.4944702493115786
CE_PIECEACTIVITY:0.4866557117502359
CE_KINGPAWNSHIELD:0.4985485642342913
CE_PIECECOORDINATION:0.5032387370283656
CE_MATERIAL:0.46557108999986113
CE_KINGSAFETY:0.5
C_PIECESQUARETABLES:0.5
C_MOBILITY:0.5135524416808429
C_KINGSAFETY:0.5125797273587137
C_PAWNSTRUCTURE:0.4806255441798982
C_PIECECOORDINATION:0.4995787516885554
C_ROOK:0.49195149168461005
CE_ROOK:0.517303851741771
C_CENTERCONTROL:0.5100406515589593
C_DEVELOPPIECES:0.4927365224498213
C_MATERIAL:0.5019795708446685
C_MOVECOUNT:0.5104349024239748
C_PAWNMOVEMENT:0.4860081798732006
