ELO:937
CE_PASSEDPAWNS:0.5463796529275546
CE_PAWNWEAKNESSES:0.4909828884635543
CE_PIECEACTIVITY:0.6239605789819683
CE_KINGPAWNSHIELD:0.4817215166092832
CE_PIECECOORDINATION:0.5966660223323219
CE_MATERIAL:0.5475791560851346
CE_KINGSAFETY:0.5010711607530671
C_PIECESQUARETABLES:0.5006357484398715
C_MOBILITY:0.5023615826586113
C_KINGSAFETY:0.47713446455041253
C_PAWNSTRUCTURE:0.5165796578416303
C_PIECECOORDINATION:0.5570958425435978
C_ROOKANDPAWNMOVEMENT:0.5570958425435978
C_CENTERCONTROL:0.5312340254227641
C_DEVELOPPIECES:0.6001275846181622
C_MATERIAL:0.516350358768471
