ELO:1024
CE_PASSEDPAWNS:0.5113334919843036
CE_PAWNWEAKNESSES:0.5004243223945801
CE_PIECEACTIVITY:0.5095448156418262
CE_KINGPAWNSHIELD:0.467426493073442
CE_PIECECOORDINATION:0.4899103651352972
CE_MATERIAL:0.4928564690364116
CE_KINGSAFETY:0.5
C_PIECESQUARETABLES:0.5
C_MOBILITY:0.49680657775462084
C_KINGSAFETY:0.5339859865910486
C_PAWNSTRUCTURE:0.5
C_PIECECOORDINATION:0.5010565797952407
C_ROOK:0.48132789799166953
CE_ROOK:0.4721512202863491
C_CENTERCONTROL:0.5105169174189829
C_DEVELOPPIECES:0.47318066990773905
C_MATERIAL:0.4837412608299341
C_MOVECOUNT:0.47243649144778166
C_PAWNMOVEMENT:0.4779707051632558
