ELO:948
CE_PASSEDPAWNS:0.48129203757389766
CE_PAWNWEAKNESSES:0.5053562207267563
CE_PIECEACTIVITY:0.5115127396860824
CE_KINGPAWNSHIELD:0.4724738814210621
CE_PIECECOORDINATION:0.5231407855683631
CE_MATERIAL:0.47924261756969083
CE_KINGSAFETY:0.4937019109324389
C_PIECESQUARETABLES:0.5
C_MOBILITY:0.4943850269881876
C_KINGSAFETY:0.5165376649991287
C_PAWNSTRUCTURE:0.49892782220052007
C_PIECECOORDINATION:0.48631667273118373
C_ROOKANDPAWNMOVEMENT:0.48631667273118373
C_CENTERCONTROL:0.5122511166128638
C_DEVELOPPIECES:0.520738398543939
C_MATERIAL:0.5228463084384993
C_MOVECOUNT:0.5
