ELO:898
CE_PASSEDPAWNS:0.5089993537558819
CE_PAWNWEAKNESSES:0.5523216832872213
CE_PIECEACTIVITY:0.5923763795024823
CE_KINGPAWNSHIELD:0.4674563664130684
CE_PIECECOORDINATION:0.5890036137656629
CE_MATERIAL:0.5824291830008133
CE_KINGSAFETY:0.46411921242552684
C_PIECESQUARETABLES:0.5025022301901682
C_MOBILITY:0.45288163345988736
C_KINGSAFETY:0.49857416238851754
C_PAWNSTRUCTURE:0.5297374716212275
C_PIECECOORDINATION:0.5866857740589945
C_ROOKANDPAWNMOVEMENT:0.5866857740589945
C_CENTERCONTROL:0.5752256967309441
C_DEVELOPPIECES:0.6008899852903288
C_MATERIAL:0.5516874513597575
