ELO:810
CE_PASSEDPAWNS:0.5277848637162879
CE_PAWNWEAKNESSES:0.4927899190689517
CE_PIECEACTIVITY:0.4754081039027723
CE_KINGPAWNSHIELD:0.5237028557869057
CE_PIECECOORDINATION:0.5361416107143998
CE_MATERIAL:0.416510601471702
CE_KINGSAFETY:0.4830293493906894
C_PIECESQUARETABLES:0.4992436940826781
C_MOBILITY:0.5232299406636624
C_KINGSAFETY:0.4224800306921396
C_PAWNSTRUCTURE:0.4432969406427707
C_PIECECOORDINATION:0.4562958204356245
C_ROOKANDPAWNMOVEMENT:0.4562958204356245
C_CENTERCONTROL:0.5047346790993505
C_DEVELOPPIECES:0.5384419816933843
C_MATERIAL:0.511177734361336
C_MOVECOUNT:0.5
