ELO:979
CE_PASSEDPAWNS:0.4853338746642289
CE_PAWNWEAKNESSES:0.49727556907014364
CE_PIECEACTIVITY:0.4989327028024408
CE_KINGPAWNSHIELD:0.5040047122857304
CE_PIECECOORDINATION:0.4989796233369232
CE_MATERIAL:0.4995456498399669
CE_KINGSAFETY:0.5
C_PIECESQUARETABLES:0.5101493517023893
C_MOBILITY:0.5197633828813708
C_KINGSAFETY:0.4869072995389471
C_PAWNSTRUCTURE:0.5030765196851645
C_PIECECOORDINATION:0.5320834882035951
C_ROOKANDPAWNMOVEMENT:0.5320834882035951
C_CENTERCONTROL:0.464894556107714
C_DEVELOPPIECES:0.4983444107635033
C_MATERIAL:0.48362940631263546
C_MOVECOUNT:0.5303593903104136
