ELO:1115
CE_PASSEDPAWNS:0.47259189483603253
CE_PAWNWEAKNESSES:0.45806701335633515
CE_PIECEACTIVITY:0.4673069828793285
CE_KINGPAWNSHIELD:0.373828977561137
CE_PIECECOORDINATION:0.5400044314085105
CE_MATERIAL:0.39783305558335186
CE_KINGSAFETY:0.4766453386135991
C_PIECESQUARETABLES:0.512269606451307
C_MOBILITY:0.41563529186396353
C_KINGSAFETY:0.5287099231706398
C_PAWNSTRUCTURE:0.41040599071577993
C_PIECECOORDINATION:0.36062421724656424
C_ROOKANDPAWNMOVEMENT:0.36062421724656424
C_CENTERCONTROL:0.5189355759951595
C_DEVELOPPIECES:0.5549226441113322
C_MATERIAL:0.3834617045102558
