ELO:972
CE_PASSEDPAWNS:0.5
CE_PAWNWEAKNESSES:0.5090166992888512
CE_PIECEACTIVITY:0.5072126869965226
CE_KINGPAWNSHIELD:0.5074445412182457
CE_PIECECOORDINATION:0.4909012069216554
CE_MATERIAL:0.490190937701751
CE_KINGSAFETY:0.5
C_PIECESQUARETABLES:0.5
C_MOBILITY:0.5060311243424767
C_KINGSAFETY:0.4981080962150639
C_PAWNSTRUCTURE:0.5272901842258192
C_PIECECOORDINATION:0.4889594793088468
C_ROOKANDPAWNMOVEMENT:0.4889594793088468
C_CENTERCONTROL:0.5096341900967203
C_DEVELOPPIECES:0.49575426883163337
C_MATERIAL:0.4979677637424006
C_MOVECOUNT:0.5
