ELO:990
CE_PASSEDPAWNS:0.5287347961141277
CE_PAWNWEAKNESSES:0.5400957039089636
CE_PIECEACTIVITY:0.4872392275303601
CE_KINGPAWNSHIELD:0.5236427273153715
CE_PIECECOORDINATION:0.5008345449778233
CE_MATERIAL:0.5153310039387579
CE_KINGSAFETY:0.46675013458891695
C_PIECESQUARETABLES:0.4744072953953252
C_MOBILITY:0.4482496519491516
C_KINGSAFETY:0.5861110059139527
C_PAWNSTRUCTURE:0.47142646096969915
C_PIECECOORDINATION:0.48306807974845567
C_ROOKANDPAWNMOVEMENT:0.48306807974845567
C_CENTERCONTROL:0.5516214819450416
C_DEVELOPPIECES:0.539621075365095
C_MATERIAL:0.5589657154750916
