ELO:991
CE_PASSEDPAWNS:0.5120003690741094
CE_PAWNWEAKNESSES:0.4957514352146121
CE_PIECEACTIVITY:0.5093851940990293
CE_KINGPAWNSHIELD:0.4971311295955945
CE_PIECECOORDINATION:0.49094866375597884
CE_MATERIAL:0.5078203617812255
CE_KINGSAFETY:0.5061740514053649
C_PIECESQUARETABLES:0.4926358139256382
C_MOBILITY:0.5242412522240731
C_KINGSAFETY:0.4804784802138731
C_PAWNSTRUCTURE:0.4987471035657015
C_PIECECOORDINATION:0.5061559894315284
C_ROOKANDPAWNMOVEMENT:0.5061559894315284
C_CENTERCONTROL:0.464894556107714
C_DEVELOPPIECES:0.5065883727100905
C_MATERIAL:0.48978381577762664
C_MOVECOUNT:0.5033969099858937
