ELO:875
CE_PASSEDPAWNS:0.5263623330502473
CE_PAWNWEAKNESSES:0.5133640248799188
CE_PIECEACTIVITY:0.49446299884022754
CE_KINGPAWNSHIELD:0.5094484654062822
CE_PIECECOORDINATION:0.5075945379456236
CE_MATERIAL:0.49277032256875414
CE_KINGSAFETY:0.5147724500763403
C_PIECESQUARETABLES:0.47679268827370075
C_MOBILITY:0.480240565568756
C_KINGSAFETY:0.5679718651897784
C_PAWNSTRUCTURE:0.5033340272525815
C_PIECECOORDINATION:0.4999026668397209
C_ROOKANDPAWNMOVEMENT:0.4999026668397209
C_CENTERCONTROL:0.5343571544880901
C_DEVELOPPIECES:0.5575260674020371
C_MATERIAL:0.5254565623046236
C_MOVECOUNT:0.4454563239677233
