ELO:997
CE_PASSEDPAWNS:0.5102725531394218
CE_PAWNWEAKNESSES:0.528156625321386
CE_PIECEACTIVITY:0.48661846218344973
CE_KINGPAWNSHIELD:0.49655218645489724
CE_PIECECOORDINATION:0.5171406272205582
CE_MATERIAL:0.46416362675648426
CE_KINGSAFETY:0.4887552803614553
C_PIECESQUARETABLES:0.5
C_MOBILITY:0.47658603123304555
C_KINGSAFETY:0.46890612950124755
C_PAWNSTRUCTURE:0.514896142519855
C_PIECECOORDINATION:0.4886952504622602
C_ROOK:0.5062863118625917
CE_ROOK:0.4992885448329656
C_CENTERCONTROL:0.5185125323210099
C_DEVELOPPIECES:0.5243083717079432
C_MATERIAL:0.4800454929161713
C_MOVECOUNT:0.4555228492139579
C_PAWNMOVEMENT:0.44915453027720387
