ELO:1000
CE_PASSEDPAWNS:0.4722697964297297
CE_PAWNWEAKNESSES:0.466906365484705
CE_PIECEACTIVITY:0.5168842792361639
CE_KINGPAWNSHIELD:0.4925731387732352
CE_PIECECOORDINATION:0.5095902853523298
CE_MATERIAL:0.5049732126683647
CE_KINGSAFETY:0.48826947105190777
C_PIECESQUARETABLES:0.47105455304904786
C_MOBILITY:0.4919086682228738
C_KINGSAFETY:0.4532111200282974
C_PAWNSTRUCTURE:0.5062866958826208
C_PIECECOORDINATION:0.4755153604944605
C_ROOKANDPAWNMOVEMENT:0.4755153604944605
C_CENTERCONTROL:0.48825994732367906
C_DEVELOPPIECES:0.5215644343233135
C_MATERIAL:0.5002746288110576
