ELO:1000
CE_PASSEDPAWNS:0.47041346099948056
CE_PAWNWEAKNESSES:0.5057464827970986
CE_PIECEACTIVITY:0.5090672210988119
CE_KINGPAWNSHIELD:0.5050672599356656
CE_PIECECOORDINATION:0.513029714055302
CE_MATERIAL:0.4812163598372063
CE_KINGSAFETY:0.47792097658530874
C_PIECESQUARETABLES:0.506796167738616
C_MOBILITY:0.4942883833460246
C_KINGSAFETY:0.5027379972923501
C_PAWNSTRUCTURE:0.4880293862312253
C_PIECECOORDINATION:0.4876344139833296
C_ROOKANDPAWNMOVEMENT:0.4876344139833296
C_CENTERCONTROL:0.5203260149247869
C_DEVELOPPIECES:0.490000595261406
C_MATERIAL:0.4970098902576214
