ELO:948
CE_PASSEDPAWNS:0.43068603435397745
CE_PAWNWEAKNESSES:0.4806147254857955
CE_PIECEACTIVITY:0.46911686577225475
CE_KINGPAWNSHIELD:0.40372237840693054
CE_PIECECOORDINATION:0.5915573157447628
CE_MATERIAL:0.5082612596492103
CE_KINGSAFETY:0.5007054700873833
C_PIECESQUARETABLES:0.49123682256299167
C_MOBILITY:0.31698834405055
C_KINGSAFETY:0.364325057782401
C_PAWNSTRUCTURE:0.42975518268877916
C_PIECECOORDINATION:0.4199213533337383
C_ROOKANDPAWNMOVEMENT:0.4199213533337383
C_CENTERCONTROL:0.5941707069624367
C_DEVELOPPIECES:0.49830338237488564
C_MATERIAL:0.6824703770752744
