ELO:1117
CE_PASSEDPAWNS:0.442778421640529
CE_PAWNWEAKNESSES:0.5942385255537602
CE_PIECEACTIVITY:0.47707812532962285
CE_KINGPAWNSHIELD:0.4911462746970598
CE_PIECECOORDINATION:0.4695053228731576
CE_MATERIAL:0.39783305558335186
CE_KINGSAFETY:0.4818333956385509
C_PIECESQUARETABLES:0.5
C_MOBILITY:0.4168378705538197
C_KINGSAFETY:0.6061835719447111
C_PAWNSTRUCTURE:0.4393429404993641
C_PIECECOORDINATION:0.48430233874975176
C_ROOKANDPAWNMOVEMENT:0.48430233874975176
C_CENTERCONTROL:0.5293272272872706
C_DEVELOPPIECES:0.49391429945049825
C_MATERIAL:0.38364457690538134
