ELO:990
CE_PASSEDPAWNS:0.510810031205316
CE_PAWNWEAKNESSES:0.5030496734325551
CE_PIECEACTIVITY:0.5091290658412659
CE_KINGPAWNSHIELD:0.46652719909372303
CE_PIECECOORDINATION:0.50976018342714
CE_MATERIAL:0.4831792775653696
CE_KINGSAFETY:0.48597924282439037
C_PIECESQUARETABLES:0.5127039948534184
C_MOBILITY:0.5037828526781643
C_KINGSAFETY:0.4945982351159646
C_PAWNSTRUCTURE:0.4858450091153625
C_PIECECOORDINATION:0.49819510072240986
C_ROOK:0.5125096641609643
CE_ROOK:0.5038048224859081
C_CENTERCONTROL:0.49978104066373236
C_DEVELOPPIECES:0.5060135007313732
C_MATERIAL:0.4888891640275333
C_MOVECOUNT:0.4879168631175235
C_PAWNMOVEMENT:0.4978974317592425
