ELO:1021
CE_PASSEDPAWNS:0.4956016475468728
CE_PAWNWEAKNESSES:0.5090166992888512
CE_PIECEACTIVITY:0.49991753961873325
CE_KINGPAWNSHIELD:0.5
CE_PIECECOORDINATION:0.48930233228246317
CE_MATERIAL:0.5274477516908012
CE_KINGSAFETY:0.49660947131041594
C_PIECESQUARETABLES:0.5
C_MOBILITY:0.5056470236707354
C_KINGSAFETY:0.49148091137625494
C_PAWNSTRUCTURE:0.5124255132059794
C_PIECECOORDINATION:0.5260027331359526
C_ROOKANDPAWNMOVEMENT:0.5260027331359526
C_CENTERCONTROL:0.5090048804564443
C_DEVELOPPIECES:0.4561110614391536
C_MATERIAL:0.4805112615866776
C_MOVECOUNT:0.5
