ELO:812
CE_PASSEDPAWNS:0.56922032876365
CE_PAWNWEAKNESSES:0.46347276948616717
CE_PIECEACTIVITY:0.47323370561694555
CE_KINGPAWNSHIELD:0.4807167016473035
CE_PIECECOORDINATION:0.55211854823577
CE_MATERIAL:0.44001550408987483
CE_KINGSAFETY:0.5031245446920503
C_PIECESQUARETABLES:0.48032569083880045
C_MOBILITY:0.5021306772149872
C_KINGSAFETY:0.4077052858117619
C_PAWNSTRUCTURE:0.47149306536181024
C_PIECECOORDINATION:0.4769649972671425
C_ROOKANDPAWNMOVEMENT:0.4769649972671425
C_CENTERCONTROL:0.5143097910932807
C_DEVELOPPIECES:0.5481356810710153
C_MATERIAL:0.5019695377214481
C_MOVECOUNT:0.5
