ELO:857
CE_PASSEDPAWNS:0.5386828782698366
CE_PAWNWEAKNESSES:0.5699993717700329
CE_PIECEACTIVITY:0.5748980741919021
CE_KINGPAWNSHIELD:0.6032239376202921
CE_PIECECOORDINATION:0.5512081195537424
CE_MATERIAL:0.4670213175191197
CE_KINGSAFETY:0.5
C_PIECESQUARETABLES:0.5
C_MOBILITY:0.5179418203749596
C_KINGSAFETY:0.5345829444522255
C_PAWNSTRUCTURE:0.517754558079514
C_PIECECOORDINATION:0.4822916530852777
C_ROOKANDPAWNMOVEMENT:0.4822916530852777
C_CENTERCONTROL:0.5713611657457635
C_DEVELOPPIECES:0.5978891871708828
C_MATERIAL:0.41123663928160703
C_MOVECOUNT:0.5
