ELO:1023
CE_PASSEDPAWNS:0.5008303919894377
CE_PAWNWEAKNESSES:0.5005588229046227
CE_PIECEACTIVITY:0.5029691530451381
CE_KINGPAWNSHIELD:0.5
CE_PIECECOORDINATION:0.49354751014177595
CE_MATERIAL:0.5222458627914546
CE_KINGSAFETY:0.5198117456558433
C_PIECESQUARETABLES:0.49403242861858077
C_MOBILITY:0.5003375998932484
C_KINGSAFETY:0.50700845573482
C_PAWNSTRUCTURE:0.5
C_PIECECOORDINATION:0.49608388755561883
C_ROOKANDPAWNMOVEMENT:0.49608388755561883
C_CENTERCONTROL:0.5
C_DEVELOPPIECES:0.48121126782920626
C_MATERIAL:0.4768302384593605
C_MOVECOUNT:0.5
