ELO:871
CE_PASSEDPAWNS:0.4972430466657215
CE_PAWNWEAKNESSES:0.5484030104882126
CE_PIECEACTIVITY:0.505709565865815
CE_KINGPAWNSHIELD:0.5459236320552359
CE_PIECECOORDINATION:0.5452950983215892
CE_MATERIAL:0.5039800981705477
CE_KINGSAFETY:0.514999487702358
C_PIECESQUARETABLES:0.5071736363876338
C_MOBILITY:0.46266834481203223
C_KINGSAFETY:0.4405687107301019
C_PAWNSTRUCTURE:0.4807972960055599
C_PIECECOORDINATION:0.4896697258066183
C_ROOKANDPAWNMOVEMENT:0.4896697258066183
C_CENTERCONTROL:0.47895563187244067
C_DEVELOPPIECES:0.4773260236094003
C_MATERIAL:0.4996484323554896
C_MOVECOUNT:0.5
