ELO:883
CE_PASSEDPAWNS:0.5236966870714688
CE_PAWNWEAKNESSES:0.4963064825748115
CE_PIECEACTIVITY:0.5038175763329322
CE_KINGPAWNSHIELD:0.5028419267356053
CE_PIECECOORDINATION:0.5233478857290067
CE_MATERIAL:0.4868557018384517
CE_KINGSAFETY:0.5024321916796681
C_PIECESQUARETABLES:0.47908519490497575
C_MOBILITY:0.46774883015003976
C_KINGSAFETY:0.5405780555267597
C_PAWNSTRUCTURE:0.4802936442730756
C_PIECECOORDINATION:0.5179135355080006
C_ROOKANDPAWNMOVEMENT:0.5179135355080006
C_CENTERCONTROL:0.5232749188444372
C_DEVELOPPIECES:0.5547305042209119
C_MATERIAL:0.5112262925381214
C_MOVECOUNT:0.489564255470364
