ELO:1044
CE_PASSEDPAWNS:0.4695161254113577
CE_PAWNWEAKNESSES:0.49781461411512545
CE_PIECEACTIVITY:0.5239534586455226
CE_KINGPAWNSHIELD:0.5306426777725912
CE_PIECECOORDINATION:0.5183987606490329
CE_MATERIAL:0.47040718410057375
CE_KINGSAFETY:0.4644762755974875
C_PIECESQUARETABLES:0.46769593309067437
C_MOBILITY:0.5014836955846346
C_KINGSAFETY:0.4239225764551945
C_PAWNSTRUCTURE:0.49780978877462856
C_PIECECOORDINATION:0.47448910690491836
C_ROOKANDPAWNMOVEMENT:0.47448910690491836
C_CENTERCONTROL:0.4505357675734309
C_DEVELOPPIECES:0.5463273903682391
C_MATERIAL:0.50607965193623
