ELO:1009
CE_PASSEDPAWNS:0.4920551508443694
CE_PAWNWEAKNESSES:0.5
CE_PIECEACTIVITY:0.5044124205619471
CE_KINGPAWNSHIELD:0.5
CE_PIECECOORDINATION:0.5
CE_MATERIAL:0.5
CE_KINGSAFETY:0.5
C_PIECESQUARETABLES:0.5
C_MOBILITY:0.5033758403215992
C_KINGSAFETY:0.4916128297772204
C_PAWNSTRUCTURE:0.5054112377485505
C_PIECECOORDINATION:0.4978315537492901
C_ROOKANDPAWNMOVEMENT:0.4978315537492901
C_CENTERCONTROL:0.4799269662900621
C_DEVELOPPIECES:0.5148783606130006
C_MATERIAL:0.5
C_MOVECOUNT:0.5
