ELO:1011
CE_PASSEDPAWNS:0.49494002762732864
CE_PAWNWEAKNESSES:0.5106843418870102
CE_PIECEACTIVITY:0.4923839548848634
CE_KINGPAWNSHIELD:0.47842564120268016
CE_PIECECOORDINATION:0.503727637220947
CE_MATERIAL:0.5116404926746956
CE_KINGSAFETY:0.5
C_PIECESQUARETABLES:0.5
C_MOBILITY:0.4810044904993173
C_KINGSAFETY:0.5
C_PAWNSTRUCTURE:0.493401787075486
C_PIECECOORDINATION:0.49501801693592573
C_ROOK:0.5117964896990828
CE_ROOK:0.5058672966380301
C_CENTERCONTROL:0.5102845905552511
C_DEVELOPPIECES:0.4986342873028407
C_MATERIAL:0.5107532314379908
C_MOVECOUNT:0.49113521040443614
C_PAWNMOVEMENT:0.5052762171320926
