ELO:953
CE_PASSEDPAWNS:0.5490399775997498
CE_PAWNWEAKNESSES:0.50940482978614
CE_PIECEACTIVITY:0.4934551644482405
CE_KINGPAWNSHIELD:0.4604995997978424
CE_PIECECOORDINATION:0.47267566380667386
CE_MATERIAL:0.5629068460806588
CE_KINGSAFETY:0.4796449704520309
C_PIECESQUARETABLES:0.5001823419336786
C_MOBILITY:0.5754190372110072
C_KINGSAFETY:0.46856240580067643
C_PAWNSTRUCTURE:0.562347421309662
C_PIECECOORDINATION:0.5067847986310605
C_ROOKANDPAWNMOVEMENT:0.5067847986310605
C_CENTERCONTROL:0.49611990279927387
C_DEVELOPPIECES:0.5112868975416494
C_MATERIAL:0.5727951504132948
