ELO:1000
CE_PASSEDPAWNS:0.49632949285198297
CE_PAWNWEAKNESSES:0.4984370218659429
CE_PIECEACTIVITY:0.4923839548848634
CE_KINGPAWNSHIELD:0.47842564120268016
CE_PIECECOORDINATION:0.503727637220947
CE_MATERIAL:0.47530796577770873
CE_KINGSAFETY:0.5115931113786134
C_PIECESQUARETABLES:0.4958940252598507
C_MOBILITY:0.5
C_KINGSAFETY:0.5061086929034999
C_PAWNSTRUCTURE:0.5
C_PIECECOORDINATION:0.49501801693592573
C_ROOK:0.5117964896990828
CE_ROOK:0.5058672966380301
C_CENTERCONTROL:0.5102845905552511
C_DEVELOPPIECES:0.4986342873028407
C_MATERIAL:0.5107532314379908
C_MOVECOUNT:0.49788784467541725
C_PAWNMOVEMENT:0.5052762171320926
