ELO:1129
CE_PASSEDPAWNS:0.43708844973804234
CE_PAWNWEAKNESSES:0.45778056110791393
CE_PIECEACTIVITY:0.47707812532962285
CE_KINGPAWNSHIELD:0.6208131797722044
CE_PIECECOORDINATION:0.5449900128502336
CE_MATERIAL:0.3963786524687434
CE_KINGSAFETY:0.5
C_PIECESQUARETABLES:0.5
C_MOBILITY:0.40521385864195425
C_KINGSAFETY:0.6009543595079152
C_PAWNSTRUCTURE:0.41040599071577993
C_PIECECOORDINATION:0.36062421724656424
C_ROOKANDPAWNMOVEMENT:0.36062421724656424
C_CENTERCONTROL:0.4971758326519334
C_DEVELOPPIECES:0.5034004472324135
C_MATERIAL:0.4073474203952967
