ELO:897
CE_PASSEDPAWNS:0.40578326233860723
CE_PAWNWEAKNESSES:0.41021891233775293
CE_PIECEACTIVITY:0.4949994286398828
CE_KINGPAWNSHIELD:0.5468810019603598
CE_PIECECOORDINATION:0.5664798865343862
CE_MATERIAL:0.6232930613037702
CE_KINGSAFETY:0.5293384135190942
C_PIECESQUARETABLES:0.48002984404317556
C_MOBILITY:0.43665938827296213
C_KINGSAFETY:0.5599281926460201
C_PAWNSTRUCTURE:0.538532239391025
C_PIECECOORDINATION:0.4047001342037059
C_ROOKANDPAWNMOVEMENT:0.4047001342037059
C_CENTERCONTROL:0.6189284506956013
C_DEVELOPPIECES:0.45364328495778505
C_MATERIAL:0.46184523653816273
