ELO:883
CE_PASSEDPAWNS:0.5053938823939497
CE_PAWNWEAKNESSES:0.5177249276164865
CE_PIECEACTIVITY:0.5893768528666192
CE_KINGPAWNSHIELD:0.5468287198752844
CE_PIECECOORDINATION:0.5339284151946596
CE_MATERIAL:0.5115915623071616
CE_KINGSAFETY:0.4799895044715745
C_PIECESQUARETABLES:0.441720698623683
C_MOBILITY:0.5962667206433986
C_KINGSAFETY:0.5630692582265366
C_PAWNSTRUCTURE:0.48867736064990425
C_PIECECOORDINATION:0.5427609060461326
C_ROOKANDPAWNMOVEMENT:0.5427609060461326
C_CENTERCONTROL:0.5066539071130252
C_DEVELOPPIECES:0.4582758847379265
C_MATERIAL:0.5087562541068144
C_MOVECOUNT:0.5242408620958112
