ELO:999
CE_PASSEDPAWNS:0.5029780091313957
CE_PAWNWEAKNESSES:0.5187943815883153
CE_PIECEACTIVITY:0.49679619052603213
CE_KINGPAWNSHIELD:0.4951056280266252
CE_PIECECOORDINATION:0.5
CE_MATERIAL:0.5008027984116347
CE_KINGSAFETY:0.5
C_PIECESQUARETABLES:0.5
C_MOBILITY:0.5108257627892322
C_KINGSAFETY:0.5
C_PAWNSTRUCTURE:0.5
C_PIECECOORDINATION:0.48160923476646555
C_ROOKANDPAWNMOVEMENT:0.48160923476646555
C_CENTERCONTROL:0.4958478160085348
C_DEVELOPPIECES:0.5
C_MATERIAL:0.49030501010624905
C_MOVECOUNT:0.4953940492225681
