ELO:1159
CE_PASSEDPAWNS:0.3762865664206616
CE_PAWNWEAKNESSES:0.5795836939355303
CE_PIECEACTIVITY:0.4381841345240536
CE_KINGPAWNSHIELD:0.44600764767306644
CE_PIECECOORDINATION:0.5326794059991441
CE_MATERIAL:0.32713345940320887
CE_KINGSAFETY:0.5
C_PIECESQUARETABLES:0.5
C_MOBILITY:0.3976216888052514
C_KINGSAFETY:0.39018265585092654
C_PAWNSTRUCTURE:0.6422891328495314
C_PIECECOORDINATION:0.5447852188236804
C_ROOKANDPAWNMOVEMENT:0.5447852188236804
C_CENTERCONTROL:0.4770636599416912
C_DEVELOPPIECES:0.43576792826051747
C_MATERIAL:0.6466627684671102
