ELO:1001
CE_PASSEDPAWNS:0.5074974808929927
CE_PAWNWEAKNESSES:0.5136491622274775
CE_PIECEACTIVITY:0.5265837347309933
CE_KINGPAWNSHIELD:0.49036893295067413
CE_PIECECOORDINATION:0.48221875907286704
CE_MATERIAL:0.49881933938077766
CE_KINGSAFETY:0.5
C_PIECESQUARETABLES:0.49095553800349767
C_MOBILITY:0.5
C_KINGSAFETY:0.4938756866825831
C_PAWNSTRUCTURE:0.5
C_PIECECOORDINATION:0.4912924213658679
C_ROOKANDPAWNMOVEMENT:0.4912924213658679
C_CENTERCONTROL:0.5091848909606138
C_DEVELOPPIECES:0.5053701026223354
C_MATERIAL:0.49266333993469663
C_MOVECOUNT:0.5034418364855369
