ELO:1194
CE_PASSEDPAWNS:0.4758185173148527
CE_PAWNWEAKNESSES:0.4587279332565922
CE_PIECEACTIVITY:0.4140941890790589
CE_KINGPAWNSHIELD:0.4652486043048658
CE_PIECECOORDINATION:0.5228665876218258
CE_MATERIAL:0.49790962154373225
CE_KINGSAFETY:0.5
C_PIECESQUARETABLES:0.5
C_MOBILITY:0.5349553877175284
C_KINGSAFETY:0.43413540679038304
C_PAWNSTRUCTURE:0.5461055495356145
C_PIECECOORDINATION:0.5447852188236804
C_ROOKANDPAWNMOVEMENT:0.5447852188236804
C_CENTERCONTROL:0.4910158207041803
C_DEVELOPPIECES:0.40461262886758054
C_MATERIAL:0.6828983766046607
