ELO:928
CE_PASSEDPAWNS:0.4834805467568085
CE_PAWNWEAKNESSES:0.48311889358217147
CE_PIECEACTIVITY:0.5094245834132491
CE_KINGPAWNSHIELD:0.5123270440491444
CE_PIECECOORDINATION:0.510850436666393
CE_MATERIAL:0.5137846270292324
CE_KINGSAFETY:0.49884231088205266
C_PIECESQUARETABLES:0.4930669736967995
C_MOBILITY:0.5230249981077558
C_KINGSAFETY:0.4766068195291907
C_PAWNSTRUCTURE:0.46473489973865667
C_PIECECOORDINATION:0.5037514897065046
C_ROOKANDPAWNMOVEMENT:0.5037514897065046
C_CENTERCONTROL:0.4780957735629721
C_DEVELOPPIECES:0.49150972211894084
C_MATERIAL:0.5154331096707844
C_MOVECOUNT:0.5
