ELO:1147
CE_PASSEDPAWNS:0.561227233223466
CE_PAWNWEAKNESSES:0.45774551443217687
CE_PIECEACTIVITY:0.5441015649680677
CE_KINGPAWNSHIELD:0.4873640784077908
CE_PIECECOORDINATION:0.48438192449001055
CE_MATERIAL:0.38609071767747405
CE_KINGSAFETY:0.5
C_PIECESQUARETABLES:0.5
C_MOBILITY:0.5924555586031269
C_KINGSAFETY:0.43857488456320043
C_PAWNSTRUCTURE:0.5461055495356145
C_PIECECOORDINATION:0.5718488361848372
C_ROOKANDPAWNMOVEMENT:0.5718488361848372
C_CENTERCONTROL:0.4910158207041803
C_DEVELOPPIECES:0.40461262886758054
C_MATERIAL:0.5638506673996677
