ELO:946
CE_PASSEDPAWNS:0.5
CE_PAWNWEAKNESSES:0.5099986502813493
CE_PIECEACTIVITY:0.5033174978596394
CE_KINGPAWNSHIELD:0.5
CE_PIECECOORDINATION:0.4933689815816906
CE_MATERIAL:0.49299249720749944
CE_KINGSAFETY:0.5
C_PIECESQUARETABLES:0.5
C_MOBILITY:0.5
C_KINGSAFETY:0.49132415876438457
C_PAWNSTRUCTURE:0.5113804553286763
C_PIECECOORDINATION:0.49708274484867876
C_ROOKANDPAWNMOVEMENT:0.49708274484867876
C_CENTERCONTROL:0.5485494722402596
C_DEVELOPPIECES:0.5244042797997907
C_MATERIAL:0.4388652885592558
C_MOVECOUNT:0.5
