ELO:723
CE_PASSEDPAWNS:0.4626315500376162
CE_PAWNWEAKNESSES:0.4832858345485872
CE_PIECEACTIVITY:0.4538510615703939
CE_KINGPAWNSHIELD:0.5608925393374651
CE_PIECECOORDINATION:0.619444968725084
CE_MATERIAL:0.40977472280215826
CE_KINGSAFETY:0.4652844498462177
C_PIECESQUARETABLES:0.5060457746679689
C_MOBILITY:0.5833623138230457
C_KINGSAFETY:0.4757056717008477
C_PAWNSTRUCTURE:0.39776964165235834
C_PIECECOORDINATION:0.5224183096535139
C_ROOKANDPAWNMOVEMENT:0.5224183096535139
C_CENTERCONTROL:0.5345637823948359
C_DEVELOPPIECES:0.44588637518962926
C_MATERIAL:0.5825990031901389
C_MOVECOUNT:0.47361068280934676
