ELO:946
CE_PASSEDPAWNS:0.48043201199782476
CE_PAWNWEAKNESSES:0.5096739552126069
CE_PIECEACTIVITY:0.48733521820029885
CE_KINGPAWNSHIELD:0.558822115192701
CE_PIECECOORDINATION:0.5221855145655354
CE_MATERIAL:0.3818313089526192
CE_KINGSAFETY:0.506317458037583
C_PIECESQUARETABLES:0.5058313562700831
C_MOBILITY:0.5855305721229229
C_KINGSAFETY:0.4891521575421713
C_PAWNSTRUCTURE:0.472777347305102
C_PIECECOORDINATION:0.4835086871858116
C_ROOKANDPAWNMOVEMENT:0.4835086871858116
C_CENTERCONTROL:0.47097811496211717
C_DEVELOPPIECES:0.49572317737345445
C_MATERIAL:0.5625281130915403
