ELO:999
CE_PASSEDPAWNS:0.473671113250746
CE_PAWNWEAKNESSES:0.46872442042418605
CE_PIECEACTIVITY:0.4975253880713318
CE_KINGPAWNSHIELD:0.4642443332024286
CE_PIECECOORDINATION:0.560933607694233
CE_MATERIAL:0.5519838865464956
CE_KINGSAFETY:0.5
C_PIECESQUARETABLES:0.5
C_MOBILITY:0.5249544839761728
C_KINGSAFETY:0.533455111545004
C_PAWNSTRUCTURE:0.46671435239452147
C_PIECECOORDINATION:0.4651708828417303
C_ROOKANDPAWNMOVEMENT:0.4651708828417303
C_CENTERCONTROL:0.5016668990514093
C_DEVELOPPIECES:0.45299332472186504
C_MATERIAL:0.48896625376905684
