ELO:973
CE_PASSEDPAWNS:0.5258631592485973
CE_PAWNWEAKNESSES:0.49882329887806715
CE_PIECEACTIVITY:0.4938964058807097
CE_KINGPAWNSHIELD:0.49525243545520486
CE_PIECECOORDINATION:0.48327718977301776
CE_MATERIAL:0.4806777073438404
CE_KINGSAFETY:0.4996942574132692
C_PIECESQUARETABLES:0.5000108222357917
C_MOBILITY:0.4849901735020702
C_KINGSAFETY:0.5091512668596648
C_PAWNSTRUCTURE:0.5103296470710578
C_PIECECOORDINATION:0.5344709289178136
C_ROOKANDPAWNMOVEMENT:0.5344709289178136
C_CENTERCONTROL:0.48692068981112907
C_DEVELOPPIECES:0.48832391951324444
C_MATERIAL:0.503355141788106
C_MOVECOUNT:0.5
