ELO:859
CE_PASSEDPAWNS:0.46441711651838075
CE_PAWNWEAKNESSES:0.47479248578878075
CE_PIECEACTIVITY:0.4500714314100333
CE_KINGPAWNSHIELD:0.5633224569765753
CE_PIECECOORDINATION:0.5595081822907284
CE_MATERIAL:0.4266886017190907
CE_KINGSAFETY:0.5114918194151554
C_PIECESQUARETABLES:0.5424116806592593
C_MOBILITY:0.4931810178205091
C_KINGSAFETY:0.4969561664483945
C_PAWNSTRUCTURE:0.44180257234027626
C_PIECECOORDINATION:0.4889561883889984
C_ROOKANDPAWNMOVEMENT:0.4889561883889984
C_CENTERCONTROL:0.5051346088984988
C_DEVELOPPIECES:0.4608371320627975
C_MATERIAL:0.5014065711590021
C_MOVECOUNT:0.5
