ELO:1187
CE_PASSEDPAWNS:0.4758185173148527
CE_PAWNWEAKNESSES:0.540257495688603
CE_PIECEACTIVITY:0.5461217497574483
CE_KINGPAWNSHIELD:0.4421222922629271
CE_PIECECOORDINATION:0.5228665876218258
CE_MATERIAL:0.49790962154373225
CE_KINGSAFETY:0.5
C_PIECESQUARETABLES:0.5
C_MOBILITY:0.5349553877175284
C_KINGSAFETY:0.43857488456320043
C_PAWNSTRUCTURE:0.5850499534865369
C_PIECECOORDINATION:0.5447852188236804
C_ROOKANDPAWNMOVEMENT:0.5447852188236804
C_CENTERCONTROL:0.5074219612996926
C_DEVELOPPIECES:0.47008433718429665
C_MATERIAL:0.624181433609084
