ELO:1009
CE_PASSEDPAWNS:0.505465278161336
CE_PAWNWEAKNESSES:0.4954239778160306
CE_PIECEACTIVITY:0.5429200649645913
CE_KINGPAWNSHIELD:0.48775277213253265
CE_PIECECOORDINATION:0.5013984460225192
CE_MATERIAL:0.4907032142001419
CE_KINGSAFETY:0.5
C_PIECESQUARETABLES:0.5
C_MOBILITY:0.5
C_KINGSAFETY:0.5013034547560824
C_PAWNSTRUCTURE:0.5
C_PIECECOORDINATION:0.4897546384219337
C_ROOKANDPAWNMOVEMENT:0.4897546384219337
C_CENTERCONTROL:0.49652210411877945
C_DEVELOPPIECES:0.48938571245025697
C_MATERIAL:0.49661383706022527
C_MOVECOUNT:0.521975550403894
