ELO:925
CE_PASSEDPAWNS:0.4792036961493679
CE_PAWNWEAKNESSES:0.4216994202536223
CE_PIECEACTIVITY:0.5086161319405912
CE_KINGPAWNSHIELD:0.5155094010374409
CE_PIECECOORDINATION:0.5676887666511159
CE_MATERIAL:0.5856755092534554
CE_KINGSAFETY:0.5092251493851163
C_PIECESQUARETABLES:0.4830493360735732
C_MOBILITY:0.4518196522838178
C_KINGSAFETY:0.5536803934041976
C_PAWNSTRUCTURE:0.5187361511575841
C_PIECECOORDINATION:0.4009065912318657
C_ROOKANDPAWNMOVEMENT:0.4009065912318657
C_CENTERCONTROL:0.5834028670085264
C_DEVELOPPIECES:0.4502712688264484
C_MATERIAL:0.48967538103830316
