ELO:1054
CE_PASSEDPAWNS:0.47121509640258147
CE_PAWNWEAKNESSES:0.45753908675987287
CE_PIECEACTIVITY:0.42444222544555305
CE_KINGPAWNSHIELD:0.46867865011332427
CE_PIECECOORDINATION:0.5190315742551846
CE_MATERIAL:0.548564368780168
CE_KINGSAFETY:0.5
C_PIECESQUARETABLES:0.5
C_MOBILITY:0.5444983191960523
C_KINGSAFETY:0.6042058448398656
C_PAWNSTRUCTURE:0.5063178607132178
C_PIECECOORDINATION:0.5556856238484833
C_ROOKANDPAWNMOVEMENT:0.5556856238484833
C_CENTERCONTROL:0.42894235410171383
C_DEVELOPPIECES:0.503903297898021
C_MATERIAL:0.552122436891938
