ELO:901
CE_PASSEDPAWNS:0.4430619783106321
CE_PAWNWEAKNESSES:0.5038494779989147
CE_PIECEACTIVITY:0.5054356974437566
CE_KINGPAWNSHIELD:0.49349691696088116
CE_PIECECOORDINATION:0.5261653481980731
CE_MATERIAL:0.4995366959664683
CE_KINGSAFETY:0.5178655772785283
C_PIECESQUARETABLES:0.49708008066737314
C_MOBILITY:0.5040257352965513
C_KINGSAFETY:0.4879787611193519
C_PAWNSTRUCTURE:0.5311959966196562
C_PIECECOORDINATION:0.5247113473300212
C_ROOKANDPAWNMOVEMENT:0.5247113473300212
C_CENTERCONTROL:0.4765903064027306
C_DEVELOPPIECES:0.530887203285172
C_MATERIAL:0.5074253946730898
C_MOVECOUNT:0.5
