ELO:1262
CE_PASSEDPAWNS:0.40284453885677524
CE_PAWNWEAKNESSES:0.5766202175451366
CE_PIECEACTIVITY:0.42506633836760355
CE_KINGPAWNSHIELD:0.4385485775007467
CE_PIECECOORDINATION:0.5464076372288086
CE_MATERIAL:0.37049330157018157
CE_KINGSAFETY:0.5
C_PIECESQUARETABLES:0.49379580279765445
C_MOBILITY:0.39135589642129787
C_KINGSAFETY:0.4059744259724239
C_PAWNSTRUCTURE:0.6059616060781821
C_PIECECOORDINATION:0.5880373652657829
C_ROOKANDPAWNMOVEMENT:0.5880373652657829
C_CENTERCONTROL:0.5371843671591676
C_DEVELOPPIECES:0.4354212939766876
C_MATERIAL:0.6154232304150021
