ELO:1028
CE_PASSEDPAWNS:0.4287281369871026
CE_PAWNWEAKNESSES:0.6118676375864667
CE_PIECEACTIVITY:0.5540462313462113
CE_KINGPAWNSHIELD:0.5517495397044174
CE_PIECECOORDINATION:0.5137849669661242
CE_MATERIAL:0.535468753986263
CE_KINGSAFETY:0.5
C_PIECESQUARETABLES:0.5
C_MOBILITY:0.5292227173281875
C_KINGSAFETY:0.6042058448398656
C_PAWNSTRUCTURE:0.4765831040074254
C_PIECECOORDINATION:0.45171973107365143
C_ROOKANDPAWNMOVEMENT:0.45171973107365143
C_CENTERCONTROL:0.5482880801453185
C_DEVELOPPIECES:0.4709474145277263
C_MATERIAL:0.5992517095791154
