ELO:749
CE_PASSEDPAWNS:0.4567447959457564
CE_PAWNWEAKNESSES:0.48741273847314814
CE_PIECEACTIVITY:0.458128947094859
CE_KINGPAWNSHIELD:0.5461832442141871
CE_PIECECOORDINATION:0.5981810113985648
CE_MATERIAL:0.40977472280215826
CE_KINGSAFETY:0.4840164770705745
C_PIECESQUARETABLES:0.5125948384532971
C_MOBILITY:0.568334151087773
C_KINGSAFETY:0.4547751556012621
C_PAWNSTRUCTURE:0.3880221496419222
C_PIECECOORDINATION:0.5162805692577159
C_ROOKANDPAWNMOVEMENT:0.5162805692577159
C_CENTERCONTROL:0.5353230492478409
C_DEVELOPPIECES:0.44339907915051124
C_MATERIAL:0.5902480255326603
C_MOVECOUNT:0.4733775996534658
