ELO:864
CE_PASSEDPAWNS:0.4972727223615952
CE_PAWNWEAKNESSES:0.5020322406258317
CE_PIECEACTIVITY:0.4873640807658184
CE_KINGPAWNSHIELD:0.5631280308037097
CE_PIECECOORDINATION:0.5336003187804318
CE_MATERIAL:0.3671505970879022
CE_KINGSAFETY:0.46324079419010716
C_PIECESQUARETABLES:0.5160171800858635
C_MOBILITY:0.5925203862454832
C_KINGSAFETY:0.48518345201068314
C_PAWNSTRUCTURE:0.48272002822823973
C_PIECECOORDINATION:0.49955864044411347
C_ROOKANDPAWNMOVEMENT:0.49955864044411347
C_CENTERCONTROL:0.47042171319267256
C_DEVELOPPIECES:0.509983125352516
C_MATERIAL:0.5810990235866175
