ELO:957
CE_PASSEDPAWNS:0.49767291006977754
CE_PAWNWEAKNESSES:0.5022428637925708
CE_PIECEACTIVITY:0.4751696325452959
CE_KINGPAWNSHIELD:0.4930904971900996
CE_PIECECOORDINATION:0.5078466067131857
CE_MATERIAL:0.5181653605233402
CE_KINGSAFETY:0.49234241076814417
C_PIECESQUARETABLES:0.525687855996455
C_MOBILITY:0.4883358515058057
C_KINGSAFETY:0.5136361926962842
C_PAWNSTRUCTURE:0.47438682854509706
C_PIECECOORDINATION:0.5101493972851724
C_ROOKANDPAWNMOVEMENT:0.5101493972851724
C_CENTERCONTROL:0.5003841519536244
C_DEVELOPPIECES:0.48986945654392605
C_MATERIAL:0.49079438472394765
