ELO:1248
CE_PASSEDPAWNS:0.41828257884316317
CE_PAWNWEAKNESSES:0.5397273002349429
CE_PIECEACTIVITY:0.4609596897229517
CE_KINGPAWNSHIELD:0.40172116116984813
CE_PIECECOORDINATION:0.5097988171153641
CE_MATERIAL:0.47142943546382343
CE_KINGSAFETY:0.5
C_PIECESQUARETABLES:0.5
C_MOBILITY:0.3960018217790863
C_KINGSAFETY:0.43857488456320043
C_PAWNSTRUCTURE:0.6019155569447745
C_PIECECOORDINATION:0.5947067428619455
C_ROOKANDPAWNMOVEMENT:0.5947067428619455
C_CENTERCONTROL:0.5032868608276201
C_DEVELOPPIECES:0.5659557585650148
C_MATERIAL:0.6466627684671102
