ELO:873
CE_PASSEDPAWNS:0.4957051574588839
CE_PAWNWEAKNESSES:0.48198346386705065
CE_PIECEACTIVITY:0.45932764805645804
CE_KINGPAWNSHIELD:0.5833015778566817
CE_PIECECOORDINATION:0.5215019048919922
CE_MATERIAL:0.37659784465086643
CE_KINGSAFETY:0.45079571296155635
C_PIECESQUARETABLES:0.5537354019963949
C_MOBILITY:0.6553371434231187
C_KINGSAFETY:0.5394814268538981
C_PAWNSTRUCTURE:0.48201269261534546
C_PIECECOORDINATION:0.45273543831070484
C_ROOKANDPAWNMOVEMENT:0.45273543831070484
C_CENTERCONTROL:0.46748815828053575
C_DEVELOPPIECES:0.522846526584615
C_MATERIAL:0.5936805186849969
