ELO:955
CE_PASSEDPAWNS:0.4837410798101283
CE_PAWNWEAKNESSES:0.502708862930931
CE_PIECEACTIVITY:0.5323569859994727
CE_KINGPAWNSHIELD:0.49109510489570635
CE_PIECECOORDINATION:0.5351799643279431
CE_MATERIAL:0.5251993256209329
CE_KINGSAFETY:0.5203437447459258
C_PIECESQUARETABLES:0.5
C_MOBILITY:0.508700127730493
C_KINGSAFETY:0.5005531090482341
C_PAWNSTRUCTURE:0.5541856515881508
C_PIECECOORDINATION:0.5340287209594319
C_ROOK:0.48132152928649397
CE_ROOK:0.4588533363059753
C_CENTERCONTROL:0.49823414637891184
C_DEVELOPPIECES:0.5443184481471707
C_MATERIAL:0.5281914061225031
C_MOVECOUNT:0.49044849642984456
C_PAWNMOVEMENT:0.5006325402440784
