ELO:991
CE_PASSEDPAWNS:0.4855471690113931
CE_PAWNWEAKNESSES:0.49286940672126994
CE_PIECEACTIVITY:0.48901409350856934
CE_KINGPAWNSHIELD:0.5212389503456033
CE_PIECECOORDINATION:0.509210844523839
CE_MATERIAL:0.49138527328481857
CE_KINGSAFETY:0.5089981160136037
C_PIECESQUARETABLES:0.48634680634195543
C_MOBILITY:0.5089205969170577
C_KINGSAFETY:0.491202816808646
C_PAWNSTRUCTURE:0.5
C_PIECECOORDINATION:0.5
C_ROOKANDPAWNMOVEMENT:0.5
C_CENTERCONTROL:0.4972601090064932
C_DEVELOPPIECES:0.4897929518790068
C_MATERIAL:0.5018597462816159
C_MOVECOUNT:0.5
