ELO:986
CE_PASSEDPAWNS:0.48415587834804563
CE_PAWNWEAKNESSES:0.46021461592081825
CE_PIECEACTIVITY:0.4793997066954444
CE_KINGPAWNSHIELD:0.490042107319794
CE_PIECECOORDINATION:0.5767559710764287
CE_MATERIAL:0.5821838589673807
CE_KINGSAFETY:0.4921671170803619
C_PIECESQUARETABLES:0.4979429357137209
C_MOBILITY:0.5076557659269704
C_KINGSAFETY:0.5620827693226712
C_PAWNSTRUCTURE:0.46176016815111437
C_PIECECOORDINATION:0.4471719714466473
C_ROOKANDPAWNMOVEMENT:0.4471719714466473
C_CENTERCONTROL:0.5293272645543016
C_DEVELOPPIECES:0.4219311926671375
C_MATERIAL:0.4437399214986113
