ELO:1248
CE_PASSEDPAWNS:0.40442257841419577
CE_PAWNWEAKNESSES:0.45774551443217687
CE_PIECEACTIVITY:0.44561656406994316
CE_KINGPAWNSHIELD:0.4581166866071552
CE_PIECECOORDINATION:0.5228665876218258
CE_MATERIAL:0.4653665795440101
CE_KINGSAFETY:0.5
C_PIECESQUARETABLES:0.5
C_MOBILITY:0.3910770357088864
C_KINGSAFETY:0.38719224955997605
C_PAWNSTRUCTURE:0.62436365227218
C_PIECECOORDINATION:0.5726966305992744
C_ROOKANDPAWNMOVEMENT:0.5726966305992744
C_CENTERCONTROL:0.4770636599416912
C_DEVELOPPIECES:0.49052078031268176
C_MATERIAL:0.6828983766046607
