ELO:949
CE_PASSEDPAWNS:0.4714326424442527
CE_PAWNWEAKNESSES:0.5066043963653686
CE_PIECEACTIVITY:0.5299673002146262
CE_KINGPAWNSHIELD:0.4968079076340051
CE_PIECECOORDINATION:0.5432473648623903
CE_MATERIAL:0.5299162456795066
CE_KINGSAFETY:0.5
C_PIECESQUARETABLES:0.5
C_MOBILITY:0.508700127730493
C_KINGSAFETY:0.4958651158878701
C_PAWNSTRUCTURE:0.5475789622604939
C_PIECECOORDINATION:0.5259436565037966
C_ROOK:0.45775083898923913
CE_ROOK:0.4460647887517597
C_CENTERCONTROL:0.5032976814640298
C_DEVELOPPIECES:0.5443184481471707
C_MATERIAL:0.5398078713834362
C_MOVECOUNT:0.48294745241686204
C_PAWNMOVEMENT:0.4935971568976626
