ELO:1000
CE_PASSEDPAWNS:0.49119148071281843
CE_PAWNWEAKNESSES:0.47854834221301185
CE_PIECEACTIVITY:0.46604152852191705
CE_KINGPAWNSHIELD:0.4959699293388694
CE_PIECECOORDINATION:0.5015130696112677
CE_MATERIAL:0.529129903706853
CE_KINGSAFETY:0.47248897807989854
C_PIECESQUARETABLES:0.5088717897759182
C_MOBILITY:0.5121748667642727
C_KINGSAFETY:0.5241859594880849
C_PAWNSTRUCTURE:0.5082144609089128
C_PIECECOORDINATION:0.4785535312562537
C_ROOKANDPAWNMOVEMENT:0.4785535312562537
C_CENTERCONTROL:0.5406766525149711
C_DEVELOPPIECES:0.4430947708309176
C_MATERIAL:0.5148216522304
