ELO:1000
CE_PASSEDPAWNS:0.5
CE_PAWNWEAKNESSES:0.4927514515290193
CE_PIECEACTIVITY:0.4799447274020436
CE_KINGPAWNSHIELD:0.492518395169102
CE_PIECECOORDINATION:0.5056561499685251
CE_MATERIAL:0.5
CE_KINGSAFETY:0.5
C_PIECESQUARETABLES:0.5
C_MOBILITY:0.5038246101537708
C_KINGSAFETY:0.492416275952836
C_PAWNSTRUCTURE:0.5123031539048862
C_PIECECOORDINATION:0.5
C_ROOKANDPAWNMOVEMENT:0.5
C_CENTERCONTROL:0.5104205188524177
C_DEVELOPPIECES:0.49028797525162265
C_MATERIAL:0.5
