ELO:1171
CE_PASSEDPAWNS:0.4155471022398515
CE_PAWNWEAKNESSES:0.45753908675987287
CE_PIECEACTIVITY:0.46141663230729874
CE_KINGPAWNSHIELD:0.4498060339940104
CE_PIECECOORDINATION:0.49409961300625693
CE_MATERIAL:0.3650657177794257
CE_KINGSAFETY:0.5
C_PIECESQUARETABLES:0.5
C_MOBILITY:0.5349553877175284
C_KINGSAFETY:0.41496517016321266
C_PAWNSTRUCTURE:0.534045671271604
C_PIECECOORDINATION:0.5686614356759275
C_ROOKANDPAWNMOVEMENT:0.5686614356759275
C_CENTERCONTROL:0.5200534090186267
C_DEVELOPPIECES:0.4609963570258212
C_MATERIAL:0.6828983766046607
