ELO:965
CE_PASSEDPAWNS:0.5198082467211974
CE_PAWNWEAKNESSES:0.5
CE_PIECEACTIVITY:0.5007432647475035
CE_KINGPAWNSHIELD:0.46762322138216916
CE_PIECECOORDINATION:0.513741179084144
CE_MATERIAL:0.4880643831624278
CE_KINGSAFETY:0.5
C_PIECESQUARETABLES:0.5
C_MOBILITY:0.5045288898107837
C_KINGSAFETY:0.5168863259325396
C_PAWNSTRUCTURE:0.4993318392740497
C_PIECECOORDINATION:0.4846781141396511
C_ROOKANDPAWNMOVEMENT:0.4846781141396511
C_CENTERCONTROL:0.5
C_DEVELOPPIECES:0.5359109565066713
C_MATERIAL:0.504356288007506
C_MOVECOUNT:0.5114082047914955
