ELO:939
CE_PASSEDPAWNS:0.4843633044481591
CE_PAWNWEAKNESSES:0.4137554853608187
CE_PIECEACTIVITY:0.48020288878950174
CE_KINGPAWNSHIELD:0.49754186678846185
CE_PIECECOORDINATION:0.5713261052644714
CE_MATERIAL:0.5817435260997583
CE_KINGSAFETY:0.49300186706229127
C_PIECESQUARETABLES:0.49453106580841133
C_MOBILITY:0.44215080459462186
C_KINGSAFETY:0.5606757501670977
C_PAWNSTRUCTURE:0.5083881996103781
C_PIECECOORDINATION:0.3995313982592385
C_ROOKANDPAWNMOVEMENT:0.3995313982592385
C_CENTERCONTROL:0.5780545534811509
C_DEVELOPPIECES:0.46240951991996126
C_MATERIAL:0.49940779547469843
