ELO:932
CE_PASSEDPAWNS:0.4843633044481591
CE_PAWNWEAKNESSES:0.4314344786068995
CE_PIECEACTIVITY:0.4898903364524501
CE_KINGPAWNSHIELD:0.5132181275130728
CE_PIECECOORDINATION:0.5699222644910271
CE_MATERIAL:0.593132256724921
CE_KINGSAFETY:0.514191064827441
C_PIECESQUARETABLES:0.4776884530685006
C_MOBILITY:0.45910417169274786
C_KINGSAFETY:0.548618336195073
C_PAWNSTRUCTURE:0.5064853122096817
C_PIECECOORDINATION:0.3995313982592385
C_ROOKANDPAWNMOVEMENT:0.3995313982592385
C_CENTERCONTROL:0.5791009077885443
C_DEVELOPPIECES:0.4652841805982626
C_MATERIAL:0.48835397805903685
