ELO:984
CE_PASSEDPAWNS:0.5
CE_PAWNWEAKNESSES:0.5088910743640743
CE_PIECEACTIVITY:0.5
CE_KINGPAWNSHIELD:0.4799749890475374
CE_PIECECOORDINATION:0.5034006166457857
CE_MATERIAL:0.5
CE_KINGSAFETY:0.5
C_PIECESQUARETABLES:0.42974468058835824
C_MOBILITY:0.5
C_KINGSAFETY:0.5154602367348415
C_PAWNSTRUCTURE:0.512269453683501
C_PIECECOORDINATION:0.4956004366189055
C_ROOKANDPAWNMOVEMENT:0.4956004366189055
C_CENTERCONTROL:0.508825790884665
C_DEVELOPPIECES:0.5175053266337231
C_MATERIAL:0.47206612333634945
C_MOVECOUNT:0.5
