ELO:981
CE_PASSEDPAWNS:0.5052969332376468
CE_PAWNWEAKNESSES:0.4893072741806926
CE_PIECEACTIVITY:0.49467150482653005
CE_KINGPAWNSHIELD:0.48472412763174183
CE_PIECECOORDINATION:0.5132347801581402
CE_MATERIAL:0.49797971099738064
CE_KINGSAFETY:0.49329252960764924
C_PIECESQUARETABLES:0.49553576636201707
C_MOBILITY:0.4901705303050196
C_KINGSAFETY:0.5214103306144654
C_PAWNSTRUCTURE:0.48306752310174295
C_PIECECOORDINATION:0.49714255144733094
C_ROOKANDPAWNMOVEMENT:0.49714255144733094
C_CENTERCONTROL:0.46996100440230293
C_DEVELOPPIECES:0.4961981299251621
C_MATERIAL:0.482510666143017
C_MOVECOUNT:0.5021684398678571
