ELO:1153
CE_PASSEDPAWNS:0.4197095893822424
CE_PAWNWEAKNESSES:0.540257495688603
CE_PIECEACTIVITY:0.5989710207483733
CE_KINGPAWNSHIELD:0.4873640784077908
CE_PIECECOORDINATION:0.46544225017118723
CE_MATERIAL:0.47142943546382343
CE_KINGSAFETY:0.5
C_PIECESQUARETABLES:0.5
C_MOBILITY:0.5690997868049475
C_KINGSAFETY:0.40672919937252344
C_PAWNSTRUCTURE:0.534045671271604
C_PIECECOORDINATION:0.5686614356759275
C_ROOKANDPAWNMOVEMENT:0.5686614356759275
C_CENTERCONTROL:0.49689184494824484
C_DEVELOPPIECES:0.40461262886758054
C_MATERIAL:0.6152375411669072
