ELO:1003
CE_PASSEDPAWNS:0.5046964348262998
CE_PAWNWEAKNESSES:0.5142084849426541
CE_PIECEACTIVITY:0.5017988072955425
CE_KINGPAWNSHIELD:0.46916504642455414
CE_PIECECOORDINATION:0.49400742980442425
CE_MATERIAL:0.528856380606663
CE_KINGSAFETY:0.5046762656233315
C_PIECESQUARETABLES:0.4935580443017872
C_MOBILITY:0.48091746599627644
C_KINGSAFETY:0.5006401821789943
C_PAWNSTRUCTURE:0.5053397311145854
C_PIECECOORDINATION:0.47519218577969374
C_ROOK:0.500080064825279
CE_ROOK:0.481251900107544
C_CENTERCONTROL:0.5088600965944984
C_DEVELOPPIECES:0.5098007826962241
C_MATERIAL:0.5056560770566887
C_MOVECOUNT:0.4954778180382257
C_PAWNMOVEMENT:0.5104030669003232
