ELO:1130
CE_PASSEDPAWNS:0.3762865664206616
CE_PAWNWEAKNESSES:0.6118676375864667
CE_PIECEACTIVITY:0.4346489838604221
CE_KINGPAWNSHIELD:0.4490064376454872
CE_PIECECOORDINATION:0.532691344258474
CE_MATERIAL:0.32713345940320887
CE_KINGSAFETY:0.5
C_PIECESQUARETABLES:0.5
C_MOBILITY:0.3465104698062914
C_KINGSAFETY:0.35557480878985126
C_PAWNSTRUCTURE:0.6059616060781821
C_PIECECOORDINATION:0.6034186844261449
C_ROOKANDPAWNMOVEMENT:0.6034186844261449
C_CENTERCONTROL:0.5141888635703844
C_DEVELOPPIECES:0.4609963570258212
C_MATERIAL:0.6154232304150021
