ELO:1000
CE_PASSEDPAWNS:0.477368350963816
CE_PAWNWEAKNESSES:0.44095274232194825
CE_PIECEACTIVITY:0.472538226637263
CE_KINGPAWNSHIELD:0.4919985911151539
CE_PIECECOORDINATION:0.514202573204764
CE_MATERIAL:0.5470337550027546
CE_KINGSAFETY:0.5151773782623931
C_PIECESQUARETABLES:0.4980913042548677
C_MOBILITY:0.49284746608656227
C_KINGSAFETY:0.49952495832981647
C_PAWNSTRUCTURE:0.48353931619197943
C_PIECECOORDINATION:0.4597367030575339
C_ROOKANDPAWNMOVEMENT:0.4597367030575339
C_CENTERCONTROL:0.5207797663778874
C_DEVELOPPIECES:0.41899182083633585
C_MATERIAL:0.5018184152298203
