ELO:1175
CE_PASSEDPAWNS:0.39792981371987557
CE_PAWNWEAKNESSES:0.45753908675987287
CE_PIECEACTIVITY:0.4140941890790589
CE_KINGPAWNSHIELD:0.5086472238067148
CE_PIECECOORDINATION:0.5062093759261084
CE_MATERIAL:0.47142943546382343
CE_KINGSAFETY:0.5
C_PIECESQUARETABLES:0.5
C_MOBILITY:0.5924555586031269
C_KINGSAFETY:0.40672919937252344
C_PAWNSTRUCTURE:0.5850499534865369
C_PIECECOORDINATION:0.5960146041974088
C_ROOKANDPAWNMOVEMENT:0.5960146041974088
C_CENTERCONTROL:0.5685522909256078
C_DEVELOPPIECES:0.47008433718429665
C_MATERIAL:0.6828983766046607
