ELO:1122
CE_PASSEDPAWNS:0.4155471022398515
CE_PAWNWEAKNESSES:0.44542974891888637
CE_PIECEACTIVITY:0.5129139171742804
CE_KINGPAWNSHIELD:0.4873640784077908
CE_PIECECOORDINATION:0.5273831047927284
CE_MATERIAL:0.540383494701908
CE_KINGSAFETY:0.5
C_PIECESQUARETABLES:0.5
C_MOBILITY:0.580479941274235
C_KINGSAFETY:0.39915668343505367
C_PAWNSTRUCTURE:0.5234919025841215
C_PIECECOORDINATION:0.5556856238484833
C_ROOKANDPAWNMOVEMENT:0.5556856238484833
C_CENTERCONTROL:0.49689184494824484
C_DEVELOPPIECES:0.4609963570258212
C_MATERIAL:0.6828983766046607
