ELO:998
CE_PASSEDPAWNS:0.526501589015663
CE_PAWNWEAKNESSES:0.5066954828032417
CE_PIECEACTIVITY:0.4877632771127372
CE_KINGPAWNSHIELD:0.5091840826078983
CE_PIECECOORDINATION:0.5134895798198535
CE_MATERIAL:0.4972723385559441
CE_KINGSAFETY:0.49662618512583245
C_PIECESQUARETABLES:0.5003053759015054
C_MOBILITY:0.4914968903339919
C_KINGSAFETY:0.5035438813851895
C_PAWNSTRUCTURE:0.5009241698985559
C_PIECECOORDINATION:0.4984995634378799
C_ROOKANDPAWNMOVEMENT:0.4984995634378799
C_CENTERCONTROL:0.4878260028837503
C_DEVELOPPIECES:0.5
C_MATERIAL:0.50474488388798
