ELO:1148
CE_PASSEDPAWNS:0.4758185173148527
CE_PAWNWEAKNESSES:0.5936476439564067
CE_PIECEACTIVITY:0.5420593615453828
CE_KINGPAWNSHIELD:0.4421222922629271
CE_PIECECOORDINATION:0.5228665876218258
CE_MATERIAL:0.4731674931632686
CE_KINGSAFETY:0.5
C_PIECESQUARETABLES:0.5
C_MOBILITY:0.5349553877175284
C_KINGSAFETY:0.3960437240447382
C_PAWNSTRUCTURE:0.5565549327089838
C_PIECECOORDINATION:0.5827958732663536
C_ROOKANDPAWNMOVEMENT:0.5827958732663536
C_CENTERCONTROL:0.49689184494824484
C_DEVELOPPIECES:0.5528173797779841
C_MATERIAL:0.5762078369205991
