ELO:969
CE_PASSEDPAWNS:0.44645482240309203
CE_PAWNWEAKNESSES:0.4679927445901619
CE_PIECEACTIVITY:0.5020295989720612
CE_KINGPAWNSHIELD:0.4822739480807486
CE_PIECECOORDINATION:0.5825050362779965
CE_MATERIAL:0.5735779024667071
CE_KINGSAFETY:0.5068975525105721
C_PIECESQUARETABLES:0.5224351444288374
C_MOBILITY:0.4718928001548323
C_KINGSAFETY:0.5625630940407333
C_PAWNSTRUCTURE:0.4800034492181946
C_PIECECOORDINATION:0.4363729916475739
C_ROOKANDPAWNMOVEMENT:0.4363729916475739
C_CENTERCONTROL:0.5378696214684328
C_DEVELOPPIECES:0.43423223783066944
C_MATERIAL:0.4437399214986113
