ELO:1103
CE_PASSEDPAWNS:0.6429740159779942
CE_PAWNWEAKNESSES:0.5049538678398092
CE_PIECEACTIVITY:0.5955101414845497
CE_KINGPAWNSHIELD:0.500310150750715
CE_PIECECOORDINATION:0.5378380142373523
CE_MATERIAL:0.3943520468178841
CE_KINGSAFETY:0.4888545084304647
C_PIECESQUARETABLES:0.507770715952783
C_MOBILITY:0.5433035614093026
C_KINGSAFETY:0.6378794445512104
C_PAWNSTRUCTURE:0.44822119283516826
C_PIECECOORDINATION:0.48242952263514494
C_ROOKANDPAWNMOVEMENT:0.48242952263514494
C_CENTERCONTROL:0.5165351077712339
C_DEVELOPPIECES:0.5034004472324135
C_MATERIAL:0.3769081628478567
