ELO:1102
CE_PASSEDPAWNS:0.43825433598184893
CE_PAWNWEAKNESSES:0.5216415415489906
CE_PIECEACTIVITY:0.5745876447656832
CE_KINGPAWNSHIELD:0.4774259118591802
CE_PIECECOORDINATION:0.4843419701415258
CE_MATERIAL:0.3487007681513638
CE_KINGSAFETY:0.5
C_PIECESQUARETABLES:0.5178295527181057
C_MOBILITY:0.5853010773681124
C_KINGSAFETY:0.5748874672061558
C_PAWNSTRUCTURE:0.5709374238437358
C_PIECECOORDINATION:0.4920077477585968
C_ROOKANDPAWNMOVEMENT:0.4920077477585968
C_CENTERCONTROL:0.4091917803352244
C_DEVELOPPIECES:0.4865477949278461
C_MATERIAL:0.3706944172583875
