ELO:1018
CE_PASSEDPAWNS:0.5258618638341639
CE_PAWNWEAKNESSES:0.48553599964374805
CE_PIECEACTIVITY:0.4993826400340799
CE_KINGPAWNSHIELD:0.4918818943323937
CE_PIECECOORDINATION:0.4969999583903733
CE_MATERIAL:0.5
CE_KINGSAFETY:0.5109809496658232
C_PIECESQUARETABLES:0.5
C_MOBILITY:0.5132047847671989
C_KINGSAFETY:0.5068376429251609
C_PAWNSTRUCTURE:0.483065421383757
C_PIECECOORDINATION:0.48302823052244853
C_ROOK:0.5
CE_ROOK:0.5081058882630859
C_CENTERCONTROL:0.4969896021557322
C_DEVELOPPIECES:0.49546597712419943
C_MATERIAL:0.4981410252754755
C_MOVECOUNT:0.5045457480860668
C_PAWNMOVEMENT:0.49881794286319087
