ELO:855
CE_PASSEDPAWNS:0.43553391564659333
CE_PAWNWEAKNESSES:0.5225144961541386
CE_PIECEACTIVITY:0.49824714996097147
CE_KINGPAWNSHIELD:0.5134293316757169
CE_PIECECOORDINATION:0.4728860089345429
CE_MATERIAL:0.5169354707757292
CE_KINGSAFETY:0.48245108170310463
C_PIECESQUARETABLES:0.4512381371565605
C_MOBILITY:0.46159027333076963
C_KINGSAFETY:0.5180229938266689
C_PAWNSTRUCTURE:0.46059746190042467
C_PIECECOORDINATION:0.5743564467660212
C_ROOKANDPAWNMOVEMENT:0.5743564467660212
C_CENTERCONTROL:0.5368496787295837
C_DEVELOPPIECES:0.5162562375040514
C_MATERIAL:0.4435068100380537
C_MOVECOUNT:0.5
