ELO:803
CE_PASSEDPAWNS:0.45583248472983356
CE_PAWNWEAKNESSES:0.5294174768844827
CE_PIECEACTIVITY:0.5086707000913413
CE_KINGPAWNSHIELD:0.535843672719504
CE_PIECECOORDINATION:0.495742448735309
CE_MATERIAL:0.5055841669345187
CE_KINGSAFETY:0.45603234009322136
C_PIECESQUARETABLES:0.5122874633890145
C_MOBILITY:0.5224313039027225
C_KINGSAFETY:0.5254735035716233
C_PAWNSTRUCTURE:0.46283984437085335
C_PIECECOORDINATION:0.5940345848671421
C_ROOKANDPAWNMOVEMENT:0.5940345848671421
C_CENTERCONTROL:0.4787669334501427
C_DEVELOPPIECES:0.5550481245779594
C_MATERIAL:0.4340410127406863
C_MOVECOUNT:0.5
