ELO:995
CE_PASSEDPAWNS:0.5022587895696856
CE_PAWNWEAKNESSES:0.5260320856368348
CE_PIECEACTIVITY:0.5023546995585666
CE_KINGPAWNSHIELD:0.5024320313991556
CE_PIECECOORDINATION:0.5186426470939808
CE_MATERIAL:0.49228142609787684
CE_KINGSAFETY:0.5065297145268132
C_PIECESQUARETABLES:0.5163101840887359
C_MOBILITY:0.5090481992839115
C_KINGSAFETY:0.5247744776544914
C_PAWNSTRUCTURE:0.47464333855849367
C_PIECECOORDINATION:0.5171248993574299
C_ROOK:0.48154706990143514
CE_ROOK:0.46822880541691664
C_CENTERCONTROL:0.5003509628716717
C_DEVELOPPIECES:0.5143667746148178
C_MATERIAL:0.49670674230758644
C_MOVECOUNT:0.5316489538182765
C_PAWNMOVEMENT:0.5103173078363581
