ELO:966
CE_PASSEDPAWNS:0.5347035147928642
CE_PAWNWEAKNESSES:0.4984764193461167
CE_PIECEACTIVITY:0.5000924424667129
CE_KINGPAWNSHIELD:0.48505661652871385
CE_PIECECOORDINATION:0.504389992290373
CE_MATERIAL:0.5023406335807629
CE_KINGSAFETY:0.51140600877424
C_PIECESQUARETABLES:0.49166111191075235
C_MOBILITY:0.47168106243642827
C_KINGSAFETY:0.4859702670865536
C_PAWNSTRUCTURE:0.5186252620714851
C_PIECECOORDINATION:0.5338665205880171
C_ROOKANDPAWNMOVEMENT:0.5338665205880171
C_CENTERCONTROL:0.512245350630368
C_DEVELOPPIECES:0.4739765242751577
C_MATERIAL:0.4939272457950999
C_MOVECOUNT:0.5
