ELO:904
CE_PASSEDPAWNS:0.5224676001423394
CE_PAWNWEAKNESSES:0.48510687383388407
CE_PIECEACTIVITY:0.40035271369313047
CE_KINGPAWNSHIELD:0.43149663657982223
CE_PIECECOORDINATION:0.4246301791332659
CE_MATERIAL:0.4530450449723344
CE_KINGSAFETY:0.5
C_PIECESQUARETABLES:0.5
C_MOBILITY:0.477487981864757
C_KINGSAFETY:0.4039436830497308
C_PAWNSTRUCTURE:0.5036486245116342
C_PIECECOORDINATION:0.5083597807419561
C_ROOKANDPAWNMOVEMENT:0.5083597807419561
C_CENTERCONTROL:0.5501588496711926
C_DEVELOPPIECES:0.5217139082988737
C_MATERIAL:0.6168190922867313
