ELO:994
CE_PASSEDPAWNS:0.48501201422628926
CE_PAWNWEAKNESSES:0.5
CE_PIECEACTIVITY:0.4822361495149871
CE_KINGPAWNSHIELD:0.49272826613988907
CE_PIECECOORDINATION:0.49284314476373947
CE_MATERIAL:0.4842705612484369
CE_KINGSAFETY:0.5
C_PIECESQUARETABLES:0.49685917305821525
C_MOBILITY:0.5
C_KINGSAFETY:0.5192997190250505
C_PAWNSTRUCTURE:0.5113236285593837
C_PIECECOORDINATION:0.4944444130747075
C_ROOKANDPAWNMOVEMENT:0.4944444130747075
C_CENTERCONTROL:0.49478901084837684
C_DEVELOPPIECES:0.4908144155354236
C_MATERIAL:0.4973209175483381
C_MOVECOUNT:0.48848280666030436
