ELO:963
CE_PASSEDPAWNS:0.45348249091841225
CE_PAWNWEAKNESSES:0.5388786040076634
CE_PIECEACTIVITY:0.4939231640520838
CE_KINGPAWNSHIELD:0.5130768302048203
CE_PIECECOORDINATION:0.4925770899796049
CE_MATERIAL:0.4885154546252975
CE_KINGSAFETY:0.5159867184098161
C_PIECESQUARETABLES:0.5103648758471215
C_MOBILITY:0.5438417313865539
C_KINGSAFETY:0.4701679100731435
C_PAWNSTRUCTURE:0.47378293883499345
C_PIECECOORDINATION:0.49826913257460476
C_ROOK:0.4771129277734113
CE_ROOK:0.44404943330778657
C_CENTERCONTROL:0.5070942419284485
C_DEVELOPPIECES:0.5130272346623754
C_MATERIAL:0.48739526945583805
C_MOVECOUNT:0.5085665439390743
C_PAWNMOVEMENT:0.513518139508877
