ELO:822
CE_PASSEDPAWNS:0.43091013655190963
CE_PAWNWEAKNESSES:0.49416758189646015
CE_PIECEACTIVITY:0.4772912710085454
CE_KINGPAWNSHIELD:0.5154357999890871
CE_PIECECOORDINATION:0.4732835675801472
CE_MATERIAL:0.4939487643356883
CE_KINGSAFETY:0.4647715383172189
C_PIECESQUARETABLES:0.5279790875492961
C_MOBILITY:0.48638088965037996
C_KINGSAFETY:0.47805074469106495
C_PAWNSTRUCTURE:0.4966169574172245
C_PIECECOORDINATION:0.5288554813265315
C_ROOKANDPAWNMOVEMENT:0.5288554813265315
C_CENTERCONTROL:0.5113128144219189
C_DEVELOPPIECES:0.5096303525910986
C_MATERIAL:0.4798842139771203
C_MOVECOUNT:0.5
