ELO:974
CE_PASSEDPAWNS:0.45742469735598873
CE_PAWNWEAKNESSES:0.37311465518195974
CE_PIECEACTIVITY:0.33547268621897325
CE_KINGPAWNSHIELD:0.49088874660332216
CE_PIECECOORDINATION:0.42561203969171496
CE_MATERIAL:0.4835659832954452
CE_KINGSAFETY:0.5111890236025349
C_PIECESQUARETABLES:0.5
C_MOBILITY:0.5583817529681124
C_KINGSAFETY:0.4135579328696893
C_PAWNSTRUCTURE:0.5134194869144453
C_PIECECOORDINATION:0.491067937986483
C_ROOKANDPAWNMOVEMENT:0.491067937986483
C_CENTERCONTROL:0.49828992852517207
C_DEVELOPPIECES:0.45639911197540917
C_MATERIAL:0.4477469876990376
