ELO:988
CE_PASSEDPAWNS:0.5094291774690691
CE_PAWNWEAKNESSES:0.5021760364465085
CE_PIECEACTIVITY:0.4859316305525363
CE_KINGPAWNSHIELD:0.508729260148721
CE_PIECECOORDINATION:0.4930401943937466
CE_MATERIAL:0.49179177996279627
CE_KINGSAFETY:0.5029347919050535
C_PIECESQUARETABLES:0.5038359842687724
C_MOBILITY:0.49812762663975724
C_KINGSAFETY:0.504355500901174
C_PAWNSTRUCTURE:0.5042728865287103
C_PIECECOORDINATION:0.511580255644731
C_ROOK:0.5024856442865259
CE_ROOK:0.4929149892335699
C_CENTERCONTROL:0.5048959562133585
C_DEVELOPPIECES:0.5176758707956124
C_MATERIAL:0.49410690477708075
C_MOVECOUNT:0.5286317738835679
C_PAWNMOVEMENT:0.5057511024148978
