ELO:1000
CE_PASSEDPAWNS:0.4620397602199945
CE_PAWNWEAKNESSES:0.5054605695026017
CE_PIECEACTIVITY:0.46612023380474643
CE_KINGPAWNSHIELD:0.4783512502448261
CE_PIECECOORDINATION:0.5332811434181407
CE_MATERIAL:0.4546918389359273
CE_KINGSAFETY:0.49633987058953116
C_PIECESQUARETABLES:0.5178404838124233
C_MOBILITY:0.5128853414818259
C_KINGSAFETY:0.47270247126085607
C_PAWNSTRUCTURE:0.49078292284096425
C_PIECECOORDINATION:0.4404641086325382
C_ROOKANDPAWNMOVEMENT:0.4404641086325382
C_CENTERCONTROL:0.49877844340532795
C_DEVELOPPIECES:0.44843957654183075
C_MATERIAL:0.4444883839927057
