ELO:681
CE_PASSEDPAWNS:0.5133145025238178
CE_PAWNWEAKNESSES:0.5512293193012634
CE_PIECEACTIVITY:0.5001837184002396
CE_KINGPAWNSHIELD:0.48525077740976813
CE_PIECECOORDINATION:0.47781921032230423
CE_MATERIAL:0.5620939648924417
CE_KINGSAFETY:0.5112414283334723
C_PIECESQUARETABLES:0.465848671562791
C_MOBILITY:0.5029789095933108
C_KINGSAFETY:0.5587900881440961
C_PAWNSTRUCTURE:0.44900423724785954
C_PIECECOORDINATION:0.5872179595883044
C_ROOKANDPAWNMOVEMENT:0.5872179595883044
C_CENTERCONTROL:0.5769927831522847
C_DEVELOPPIECES:0.56888760342127
C_MATERIAL:0.46293320604263266
C_MOVECOUNT:0.51955051358963
