ELO:987
CE_PASSEDPAWNS:0.4676416933046041
CE_PAWNWEAKNESSES:0.39004816265975223
CE_PIECEACTIVITY:0.36322373317125317
CE_KINGPAWNSHIELD:0.5144740916738397
CE_PIECECOORDINATION:0.47195574310853644
CE_MATERIAL:0.46009020137581264
CE_KINGSAFETY:0.500222023841484
C_PIECESQUARETABLES:0.5126865274163763
C_MOBILITY:0.5445870826278524
C_KINGSAFETY:0.450618577144183
C_PAWNSTRUCTURE:0.4843797940000369
C_PIECECOORDINATION:0.4990719399846077
C_ROOKANDPAWNMOVEMENT:0.4990719399846077
C_CENTERCONTROL:0.5011428228575203
C_DEVELOPPIECES:0.45794259063712395
C_MATERIAL:0.43060435559506094
