ELO:939
CE_PASSEDPAWNS:0.4451479304201286
CE_PAWNWEAKNESSES:0.5509607297237695
CE_PIECEACTIVITY:0.4857183323161219
CE_KINGPAWNSHIELD:0.522485227009027
CE_PIECECOORDINATION:0.49462006255052704
CE_MATERIAL:0.49149863725877996
CE_KINGSAFETY:0.5
C_PIECESQUARETABLES:0.5
C_MOBILITY:0.543901933560882
C_KINGSAFETY:0.4601529163527429
C_PAWNSTRUCTURE:0.47218712114345174
C_PIECECOORDINATION:0.48782483975503754
C_ROOK:0.4771129277734113
CE_ROOK:0.44870797547691205
C_CENTERCONTROL:0.5114473762393855
C_DEVELOPPIECES:0.5027731221979747
C_MATERIAL:0.5050557464358671
C_MOVECOUNT:0.5152290939788249
C_PAWNMOVEMENT:0.5207345419898527
