ELO:884
CE_PASSEDPAWNS:0.46398107592289084
CE_PAWNWEAKNESSES:0.4115641656281045
CE_PIECEACTIVITY:0.535244121141497
CE_KINGPAWNSHIELD:0.4407246447376422
CE_PIECECOORDINATION:0.48044689437709237
CE_MATERIAL:0.4689831135829488
CE_KINGSAFETY:0.4713825094706001
C_PIECESQUARETABLES:0.5328924754905535
C_MOBILITY:0.5410093646712618
C_KINGSAFETY:0.43374385850582914
C_PAWNSTRUCTURE:0.5153547854769014
C_PIECECOORDINATION:0.4452482689786564
C_ROOKANDPAWNMOVEMENT:0.4452482689786564
C_CENTERCONTROL:0.6011550255388473
C_DEVELOPPIECES:0.3810822778386466
C_MATERIAL:0.5818058600599156
