ELO:882
CE_PASSEDPAWNS:0.44781751893451566
CE_PAWNWEAKNESSES:0.5098625923644171
CE_PIECEACTIVITY:0.5323033745526087
CE_KINGPAWNSHIELD:0.4865478161175901
CE_PIECECOORDINATION:0.5280702306210537
CE_MATERIAL:0.5945469963665975
CE_KINGSAFETY:0.4993820161701799
C_PIECESQUARETABLES:0.5153733388632108
C_MOBILITY:0.48578707607791743
C_KINGSAFETY:0.479530244487004
C_PAWNSTRUCTURE:0.4918106906544309
C_PIECECOORDINATION:0.5266562007813862
C_ROOKANDPAWNMOVEMENT:0.5266562007813862
C_CENTERCONTROL:0.5268204836131911
C_DEVELOPPIECES:0.4981264710715678
C_MATERIAL:0.5176207115458277
C_MOVECOUNT:0.5
