ELO:982
CE_PASSEDPAWNS:0.47596080076547714
CE_PAWNWEAKNESSES:0.5425556989562176
CE_PIECEACTIVITY:0.4906293150696933
CE_KINGPAWNSHIELD:0.494691784322351
CE_PIECECOORDINATION:0.5122664470656384
CE_MATERIAL:0.4946139892488845
CE_KINGSAFETY:0.4980296479409333
C_PIECESQUARETABLES:0.5
C_MOBILITY:0.5319157389464056
C_KINGSAFETY:0.5025177506515865
C_PAWNSTRUCTURE:0.46888279726062665
C_PIECECOORDINATION:0.5103291849787006
C_ROOK:0.47901445529382713
CE_ROOK:0.46167336845550894
C_CENTERCONTROL:0.5114048465346345
C_DEVELOPPIECES:0.5139214882320344
C_MATERIAL:0.49670674230758644
C_MOVECOUNT:0.5375419854948141
C_PAWNMOVEMENT:0.522999777978414
