ELO:1000
CE_PASSEDPAWNS:0.47216034693127046
CE_PAWNWEAKNESSES:0.46366770444801897
CE_PIECEACTIVITY:0.4289352436772001
CE_KINGPAWNSHIELD:0.47242706135111745
CE_PIECECOORDINATION:0.5329758863360653
CE_MATERIAL:0.4997026570333924
CE_KINGSAFETY:0.4826509337204241
C_PIECESQUARETABLES:0.5182133872211794
C_MOBILITY:0.5418047911811301
C_KINGSAFETY:0.47132352127843774
C_PAWNSTRUCTURE:0.4701834776185223
C_PIECECOORDINATION:0.4716950657476228
C_ROOKANDPAWNMOVEMENT:0.4716950657476228
C_CENTERCONTROL:0.48522757638843833
C_DEVELOPPIECES:0.4516334471826152
C_MATERIAL:0.4469908795908192
