ELO:980
CE_PASSEDPAWNS:0.5010605084916653
CE_PAWNWEAKNESSES:0.47575460006107473
CE_PIECEACTIVITY:0.4967004672029242
CE_KINGPAWNSHIELD:0.4892879264555493
CE_PIECECOORDINATION:0.5129785446451648
CE_MATERIAL:0.48287481535391963
CE_KINGSAFETY:0.5124374460458462
C_PIECESQUARETABLES:0.5
C_MOBILITY:0.5164688798236601
C_KINGSAFETY:0.5047639833107069
C_PAWNSTRUCTURE:0.5145533949139699
C_PIECECOORDINATION:0.5277893046371985
C_ROOKANDPAWNMOVEMENT:0.5277893046371985
C_CENTERCONTROL:0.49168156876722674
C_DEVELOPPIECES:0.5281368438686528
C_MATERIAL:0.4716728806517358
C_MOVECOUNT:0.5012069614066714
