ELO:873
CE_PASSEDPAWNS:0.6768017009017516
CE_PAWNWEAKNESSES:0.45262698946733415
CE_PIECEACTIVITY:0.42603232707384936
CE_KINGPAWNSHIELD:0.43149663657982223
CE_PIECECOORDINATION:0.5559766343068394
CE_MATERIAL:0.43682154195553863
CE_KINGSAFETY:0.4978526386819399
C_PIECESQUARETABLES:0.48874700419745615
C_MOBILITY:0.5209264331710317
C_KINGSAFETY:0.4059664779556465
C_PAWNSTRUCTURE:0.5087681966521489
C_PIECECOORDINATION:0.4288192857182215
C_ROOKANDPAWNMOVEMENT:0.4288192857182215
C_CENTERCONTROL:0.46446765003188284
C_DEVELOPPIECES:0.5173177420908972
C_MATERIAL:0.5595541777148428
