ELO:1006
CE_PASSEDPAWNS:0.5002401064859028
CE_PAWNWEAKNESSES:0.5260320856368348
CE_PIECEACTIVITY:0.4912464291872841
CE_KINGPAWNSHIELD:0.5024320313991556
CE_PIECECOORDINATION:0.524722817845821
CE_MATERIAL:0.49228142609787684
CE_KINGSAFETY:0.5037840788959494
C_PIECESQUARETABLES:0.5087853580945351
C_MOBILITY:0.5052821271063666
C_KINGSAFETY:0.5328573589066736
C_PAWNSTRUCTURE:0.484945429690921
C_PIECECOORDINATION:0.5163803669552451
C_ROOK:0.4836825509562089
CE_ROOK:0.48020505653417833
C_CENTERCONTROL:0.5003509628716717
C_DEVELOPPIECES:0.5255792208486713
C_MATERIAL:0.49670674230758644
C_MOVECOUNT:0.5316489538182765
C_PAWNMOVEMENT:0.49012036873090387
