ELO:918
CE_PASSEDPAWNS:0.47705820030469753
CE_PAWNWEAKNESSES:0.5296587017249345
CE_PIECEACTIVITY:0.5087018518427098
CE_KINGPAWNSHIELD:0.46552604684050763
CE_PIECECOORDINATION:0.5406624430449419
CE_MATERIAL:0.48943041256219366
CE_KINGSAFETY:0.49145756764709336
C_PIECESQUARETABLES:0.5047935882393111
C_MOBILITY:0.4887671385989173
C_KINGSAFETY:0.5060127396781995
C_PAWNSTRUCTURE:0.5282947002772191
C_PIECECOORDINATION:0.516537069546228
C_ROOKANDPAWNMOVEMENT:0.516537069546228
C_CENTERCONTROL:0.4691559621447577
C_DEVELOPPIECES:0.49497408236111
C_MATERIAL:0.5111311240907467
C_MOVECOUNT:0.5
