ELO:1010
CE_PASSEDPAWNS:0.48426859255546006
CE_PAWNWEAKNESSES:0.39216005647522356
CE_PIECEACTIVITY:0.5679638002242224
CE_KINGPAWNSHIELD:0.46921004504498326
CE_PIECECOORDINATION:0.5048870315469547
CE_MATERIAL:0.45919157590936155
CE_KINGSAFETY:0.48549829082007107
C_PIECESQUARETABLES:0.5
C_MOBILITY:0.5236947947041483
C_KINGSAFETY:0.44732950195043897
C_PAWNSTRUCTURE:0.5198595460926635
C_PIECECOORDINATION:0.48771014984442895
C_ROOKANDPAWNMOVEMENT:0.48771014984442895
C_CENTERCONTROL:0.5905294688412056
C_DEVELOPPIECES:0.36467991867797045
C_MATERIAL:0.5487849246865865
