ELO:1000
CE_PASSEDPAWNS:0.47464526691312947
CE_PAWNWEAKNESSES:0.5711167956573597
CE_PIECEACTIVITY:0.4193110118703187
CE_KINGPAWNSHIELD:0.4804858155479007
CE_PIECECOORDINATION:0.4983513519035869
CE_MATERIAL:0.43309299587455874
CE_KINGSAFETY:0.5
C_PIECESQUARETABLES:0.4943775358188402
C_MOBILITY:0.5688703929241609
C_KINGSAFETY:0.4014308155235666
C_PAWNSTRUCTURE:0.5315204524101829
C_PIECECOORDINATION:0.46004011145750895
C_ROOKANDPAWNMOVEMENT:0.46004011145750895
C_CENTERCONTROL:0.564492920862357
C_DEVELOPPIECES:0.5749775103282033
C_MATERIAL:0.5200269487090642
