ELO:714
CE_PASSEDPAWNS:0.5355190766798685
CE_PAWNWEAKNESSES:0.5802278938417479
CE_PIECEACTIVITY:0.5058211001965291
CE_KINGPAWNSHIELD:0.48650681226764003
CE_PIECECOORDINATION:0.48062582255477204
CE_MATERIAL:0.5371126799523809
CE_KINGSAFETY:0.5072910628968682
C_PIECESQUARETABLES:0.46115085920868076
C_MOBILITY:0.5023965952904521
C_KINGSAFETY:0.5566891988281523
C_PAWNSTRUCTURE:0.4482204656525639
C_PIECECOORDINATION:0.5922942410588241
C_ROOKANDPAWNMOVEMENT:0.5922942410588241
C_CENTERCONTROL:0.5930960500054642
C_DEVELOPPIECES:0.6139435987643707
C_MATERIAL:0.45563225418790804
C_MOVECOUNT:0.5249360229751743
