ELO:999
CE_PASSEDPAWNS:0.47257736202366074
CE_PAWNWEAKNESSES:0.423780096469
CE_PIECEACTIVITY:0.3914639893383223
CE_KINGPAWNSHIELD:0.48593206267612277
CE_PIECECOORDINATION:0.5084779226048637
CE_MATERIAL:0.48839892850161293
CE_KINGSAFETY:0.48398693631551765
C_PIECESQUARETABLES:0.5550624885376707
C_MOBILITY:0.5270319469480236
C_KINGSAFETY:0.4507538077376627
C_PAWNSTRUCTURE:0.4667422642244631
C_PIECECOORDINATION:0.4743255459622795
C_ROOKANDPAWNMOVEMENT:0.4743255459622795
C_CENTERCONTROL:0.5071374640627103
C_DEVELOPPIECES:0.4516048732545771
C_MATERIAL:0.4380385431841222
