ELO:1000
CE_PASSEDPAWNS:0.48800832391241256
CE_PAWNWEAKNESSES:0.487265204100756
CE_PIECEACTIVITY:0.491695756959615
CE_KINGPAWNSHIELD:0.5007841596299468
CE_PIECECOORDINATION:0.5238786347965345
CE_MATERIAL:0.48482766192933624
CE_KINGSAFETY:0.4958119841005509
C_PIECESQUARETABLES:0.49242183110513177
C_MOBILITY:0.5371588833628207
C_KINGSAFETY:0.4803108362202404
C_PAWNSTRUCTURE:0.4789288464157419
C_PIECECOORDINATION:0.4603817323762144
C_ROOKANDPAWNMOVEMENT:0.4603817323762144
C_CENTERCONTROL:0.5046356045041906
C_DEVELOPPIECES:0.5020778479113105
C_MATERIAL:0.4591767346323223
