ELO:1000
CE_PASSEDPAWNS:0.5156888751771161
CE_PAWNWEAKNESSES:0.5403831157237596
CE_PIECEACTIVITY:0.4676710664534487
CE_KINGPAWNSHIELD:0.4834467444986512
CE_PIECECOORDINATION:0.4993051845006393
CE_MATERIAL:0.4831440282595558
CE_KINGSAFETY:0.5088243466485425
C_PIECESQUARETABLES:0.47087757566393906
C_MOBILITY:0.500556395332631
C_KINGSAFETY:0.46232590897105186
C_PAWNSTRUCTURE:0.47137945165243267
C_PIECECOORDINATION:0.5271788263194318
C_ROOKANDPAWNMOVEMENT:0.5271788263194318
C_CENTERCONTROL:0.4793228335900986
C_DEVELOPPIECES:0.5350609898115855
C_MATERIAL:0.4954628386053672
