ELO:1000
CE_PASSEDPAWNS:0.4616494645532329
CE_PAWNWEAKNESSES:0.4186028778230204
CE_PIECEACTIVITY:0.42056346845718895
CE_KINGPAWNSHIELD:0.4903160621188596
CE_PIECECOORDINATION:0.5039917262435228
CE_MATERIAL:0.49930667060073347
CE_KINGSAFETY:0.49397177217836513
C_PIECESQUARETABLES:0.5380659978456354
C_MOBILITY:0.5220292469360616
C_KINGSAFETY:0.46637739244636056
C_PAWNSTRUCTURE:0.47645203465594266
C_PIECECOORDINATION:0.48249019948385824
C_ROOKANDPAWNMOVEMENT:0.48249019948385824
C_CENTERCONTROL:0.49129352697885365
C_DEVELOPPIECES:0.44288355595098916
C_MATERIAL:0.4455609847512066
