ELO:987
CE_PASSEDPAWNS:0.47266522744021566
CE_PAWNWEAKNESSES:0.49954533186963457
CE_PIECEACTIVITY:0.5
CE_KINGPAWNSHIELD:0.4819884609815746
CE_PIECECOORDINATION:0.4872496893332857
CE_MATERIAL:0.5287726114643303
CE_KINGSAFETY:0.5207703765957
C_PIECESQUARETABLES:0.5
C_MOBILITY:0.5130363872458903
C_KINGSAFETY:0.48910246447423367
C_PAWNSTRUCTURE:0.48975061028196215
C_PIECECOORDINATION:0.5332649568418527
C_ROOKANDPAWNMOVEMENT:0.5332649568418527
C_CENTERCONTROL:0.48169192107556275
C_DEVELOPPIECES:0.4758822607641292
C_MATERIAL:0.5181824511912485
C_MOVECOUNT:0.5223592630297664
