ELO:1051
CE_PASSEDPAWNS:0.518591748407453
CE_PAWNWEAKNESSES:0.5
CE_PIECEACTIVITY:0.4934374281711503
CE_KINGPAWNSHIELD:0.5
CE_PIECECOORDINATION:0.5
CE_MATERIAL:0.49464807040513487
CE_KINGSAFETY:0.5234123680780095
C_PIECESQUARETABLES:0.4814802565682816
C_MOBILITY:0.5116919994747465
C_KINGSAFETY:0.500045412876624
C_PAWNSTRUCTURE:0.5090393773035198
C_PIECECOORDINATION:0.4481398918083592
C_ROOKANDPAWNMOVEMENT:0.4481398918083592
C_CENTERCONTROL:0.5
C_DEVELOPPIECES:0.4818089293695883
C_MATERIAL:0.4940035875963427
C_MOVECOUNT:0.5
