ELO:1013
CE_PASSEDPAWNS:0.5140272492434218
CE_PAWNWEAKNESSES:0.46747197070122976
CE_PIECEACTIVITY:0.4866048588260773
CE_KINGPAWNSHIELD:0.48818782273526823
CE_PIECECOORDINATION:0.4981419134725926
CE_MATERIAL:0.4993458147839746
CE_KINGSAFETY:0.5055187012758224
C_PIECESQUARETABLES:0.5
C_MOBILITY:0.5088039402339295
C_KINGSAFETY:0.558813795198292
C_PAWNSTRUCTURE:0.5
C_PIECECOORDINATION:0.5111612643182524
C_ROOKANDPAWNMOVEMENT:0.5111612643182524
C_CENTERCONTROL:0.5042371813554365
C_DEVELOPPIECES:0.5154907011191064
C_MATERIAL:0.4991306140850587
C_MOVECOUNT:0.5
