ELO:1082
CE_PASSEDPAWNS:0.4436402952126628
CE_PAWNWEAKNESSES:0.4792414945564544
CE_PIECEACTIVITY:0.5843644644313366
CE_KINGPAWNSHIELD:0.418486664207341
CE_PIECECOORDINATION:0.5707969823983154
CE_MATERIAL:0.38704766088656495
CE_KINGSAFETY:0.5
C_PIECESQUARETABLES:0.5007149370880519
C_MOBILITY:0.3927467689394126
C_KINGSAFETY:0.4946707119011104
C_PAWNSTRUCTURE:0.43008485939275704
C_PIECECOORDINATION:0.46609164946719395
C_ROOKANDPAWNMOVEMENT:0.46609164946719395
C_CENTERCONTROL:0.5293272272872706
C_DEVELOPPIECES:0.464302331748555
C_MATERIAL:0.39510637177569813
