ELO:1052
CE_PASSEDPAWNS:0.49022836184814256
CE_PAWNWEAKNESSES:0.5012577834333243
CE_PIECEACTIVITY:0.47940668539033854
CE_KINGPAWNSHIELD:0.6208131797722044
CE_PIECECOORDINATION:0.4526265200825889
CE_MATERIAL:0.4071519401946864
CE_KINGSAFETY:0.5
C_PIECESQUARETABLES:0.5
C_MOBILITY:0.5812693077273573
C_KINGSAFETY:0.5990940734950471
C_PAWNSTRUCTURE:0.527060557227316
C_PIECECOORDINATION:0.5468504666998617
C_ROOKANDPAWNMOVEMENT:0.5468504666998617
C_CENTERCONTROL:0.4613931969532703
C_DEVELOPPIECES:0.5112518188201625
C_MATERIAL:0.4899252131495647
