ELO:782
CE_PASSEDPAWNS:0.42113921098049445
CE_PAWNWEAKNESSES:0.5079582056945352
CE_PIECEACTIVITY:0.4814759842490381
CE_KINGPAWNSHIELD:0.5213507500096055
CE_PIECECOORDINATION:0.4831358093012362
CE_MATERIAL:0.4927498674850521
CE_KINGSAFETY:0.5
C_PIECESQUARETABLES:0.4891444968183699
C_MOBILITY:0.46952586596322116
C_KINGSAFETY:0.5122341225609629
C_PAWNSTRUCTURE:0.49154989071511235
C_PIECECOORDINATION:0.5277414425194068
C_ROOKANDPAWNMOVEMENT:0.5277414425194068
C_CENTERCONTROL:0.526106373857446
C_DEVELOPPIECES:0.4974270459794219
C_MATERIAL:0.4721177523951313
C_MOVECOUNT:0.5
