ELO:1084
CE_PASSEDPAWNS:0.4537608041474794
CE_PAWNWEAKNESSES:0.41194681300472785
CE_PIECEACTIVITY:0.5843644644313366
CE_KINGPAWNSHIELD:0.6208131797722044
CE_PIECECOORDINATION:0.4836209062172798
CE_MATERIAL:0.46133902211706446
CE_KINGSAFETY:0.4942298323388301
C_PIECESQUARETABLES:0.5018442106121013
C_MOBILITY:0.4455170774255024
C_KINGSAFETY:0.6158500350771241
C_PAWNSTRUCTURE:0.43008485939275704
C_PIECECOORDINATION:0.4678797013420585
C_ROOKANDPAWNMOVEMENT:0.4678797013420585
C_CENTERCONTROL:0.48976565675025935
C_DEVELOPPIECES:0.49416084300673385
C_MATERIAL:0.3813315511669974
