ELO:892
CE_PASSEDPAWNS:0.4893423022451899
CE_PAWNWEAKNESSES:0.482979415747746
CE_PIECEACTIVITY:0.49701637330009474
CE_KINGPAWNSHIELD:0.47768827849579626
CE_PIECECOORDINATION:0.48500402281847843
CE_MATERIAL:0.49465791824396255
CE_KINGSAFETY:0.48665104571000084
C_PIECESQUARETABLES:0.5150862477330911
C_MOBILITY:0.4754945582512483
C_KINGSAFETY:0.48377573964335485
C_PAWNSTRUCTURE:0.47533840246938375
C_PIECECOORDINATION:0.49267784488329774
C_ROOKANDPAWNMOVEMENT:0.49267784488329774
C_CENTERCONTROL:0.5159043522434534
C_DEVELOPPIECES:0.4590635090752113
C_MATERIAL:0.45097614047620915
C_MOVECOUNT:0.502415304865198
