ELO:1000
CE_PASSEDPAWNS:0.4967713880017759
CE_PAWNWEAKNESSES:0.4794468945447362
CE_PIECEACTIVITY:0.4947716195218036
CE_KINGPAWNSHIELD:0.5016584340406952
CE_PIECECOORDINATION:0.5150640440973459
CE_MATERIAL:0.4990518956110179
CE_KINGSAFETY:0.4876963302197624
C_PIECESQUARETABLES:0.5063149152284996
C_MOBILITY:0.4996972210243128
C_KINGSAFETY:0.48935128517056736
C_PAWNSTRUCTURE:0.481315433165594
C_PIECECOORDINATION:0.49130148824646225
C_ROOKANDPAWNMOVEMENT:0.49130148824646225
C_CENTERCONTROL:0.5119147815779022
C_DEVELOPPIECES:0.5035706328386872
C_MATERIAL:0.5064976801550363
