ELO:1005
CE_PASSEDPAWNS:0.5
CE_PAWNWEAKNESSES:0.47151979393145466
CE_PIECEACTIVITY:0.48954578303592283
CE_KINGPAWNSHIELD:0.4890551419166507
CE_PIECECOORDINATION:0.5016684385969729
CE_MATERIAL:0.5092575823006641
CE_KINGSAFETY:0.49366946109422183
C_PIECESQUARETABLES:0.481232087802142
C_MOBILITY:0.49664326639261164
C_KINGSAFETY:0.5219786351829523
C_PAWNSTRUCTURE:0.49062000170594594
C_PIECECOORDINATION:0.49354867398834906
C_ROOK:0.49692744629543095
CE_ROOK:0.49073101361472976
C_CENTERCONTROL:0.5
C_DEVELOPPIECES:0.47496646509485185
C_MATERIAL:0.5025781380673937
C_MOVECOUNT:0.5033520671574332
C_PAWNMOVEMENT:0.5070417104852821
