ELO:1000
CE_PASSEDPAWNS:0.4728318180622478
CE_PAWNWEAKNESSES:0.4939155683337025
CE_PIECEACTIVITY:0.473095891647558
CE_KINGPAWNSHIELD:0.4836466718276005
CE_PIECECOORDINATION:0.5255274194248474
CE_MATERIAL:0.4432449783592259
CE_KINGSAFETY:0.48513360081029927
C_PIECESQUARETABLES:0.5173140218891343
C_MOBILITY:0.5309528974839428
C_KINGSAFETY:0.47403481596082686
C_PAWNSTRUCTURE:0.48391209378179467
C_PIECECOORDINATION:0.4520111637402003
C_ROOKANDPAWNMOVEMENT:0.4520111637402003
C_CENTERCONTROL:0.49877844340532795
C_DEVELOPPIECES:0.4498086903386665
C_MATERIAL:0.44532474609570294
