ELO:982
CE_PASSEDPAWNS:0.4882105336882524
CE_PAWNWEAKNESSES:0.5059609964471068
CE_PIECEACTIVITY:0.5038827653950462
CE_KINGPAWNSHIELD:0.4952370861626359
CE_PIECECOORDINATION:0.4762203776496415
CE_MATERIAL:0.5
CE_KINGSAFETY:0.5115401995149266
C_PIECESQUARETABLES:0.489937516435428
C_MOBILITY:0.5032745309012743
C_KINGSAFETY:0.4910982658624597
C_PAWNSTRUCTURE:0.49726232251615965
C_PIECECOORDINATION:0.5201947262625881
C_ROOKANDPAWNMOVEMENT:0.5201947262625881
C_CENTERCONTROL:0.500610169522342
C_DEVELOPPIECES:0.5059768098303743
C_MATERIAL:0.5007614130245585
