ELO:983
CE_PASSEDPAWNS:0.5002401064859028
CE_PAWNWEAKNESSES:0.50944335909829
CE_PIECEACTIVITY:0.4912464291872841
CE_KINGPAWNSHIELD:0.5128226047441968
CE_PIECECOORDINATION:0.5164117781971808
CE_MATERIAL:0.4940178944940511
CE_KINGSAFETY:0.5071658959093105
C_PIECESQUARETABLES:0.5007377624081008
C_MOBILITY:0.5052821271063666
C_KINGSAFETY:0.5276516650503912
C_PAWNSTRUCTURE:0.484945429690921
C_PIECECOORDINATION:0.5138590094102843
C_ROOK:0.4869718797414919
CE_ROOK:0.4908405085726301
C_CENTERCONTROL:0.5003509628716717
C_DEVELOPPIECES:0.5255792208486713
C_MATERIAL:0.49670674230758644
C_MOVECOUNT:0.5312131429045015
C_PAWNMOVEMENT:0.4915475727668389
