ELO:927
CE_PASSEDPAWNS:0.48279465998150634
CE_PAWNWEAKNESSES:0.5015615875434782
CE_PIECEACTIVITY:0.4954921197090815
CE_KINGPAWNSHIELD:0.4632490449654568
CE_PIECECOORDINATION:0.48273664956265727
CE_MATERIAL:0.5183644711380311
CE_KINGSAFETY:0.5312679750925413
C_PIECESQUARETABLES:0.4480728028505295
C_MOBILITY:0.42441571135773387
C_KINGSAFETY:0.5031435736082998
C_PAWNSTRUCTURE:0.5107237756978
C_PIECECOORDINATION:0.5127314703198576
C_ROOKANDPAWNMOVEMENT:0.5127314703198576
C_CENTERCONTROL:0.48797260913307205
C_DEVELOPPIECES:0.4774225889406466
C_MATERIAL:0.46847838624954646
C_MOVECOUNT:0.4891155912661354
