ELO:970
CE_PASSEDPAWNS:0.5010605084916653
CE_PAWNWEAKNESSES:0.4654624288784961
CE_PIECEACTIVITY:0.49259292955564304
CE_KINGPAWNSHIELD:0.49024771759597946
CE_PIECECOORDINATION:0.5129785446451648
CE_MATERIAL:0.47761701615579194
CE_KINGSAFETY:0.5047471111516987
C_PIECESQUARETABLES:0.5050463815737563
C_MOBILITY:0.5164688798236601
C_KINGSAFETY:0.5047639833107069
C_PAWNSTRUCTURE:0.5079588890501118
C_PIECECOORDINATION:0.5158105588949731
C_ROOKANDPAWNMOVEMENT:0.5158105588949731
C_CENTERCONTROL:0.4908977087465004
C_DEVELOPPIECES:0.52093588643039
C_MATERIAL:0.48206961638916795
C_MOVECOUNT:0.49429824066249034
