ELO:1000
CE_PASSEDPAWNS:0.4983583637982007
CE_PAWNWEAKNESSES:0.5
CE_PIECEACTIVITY:0.4970895615532182
CE_KINGPAWNSHIELD:0.4888157862938396
CE_PIECECOORDINATION:0.5
CE_MATERIAL:0.5064257968828823
CE_KINGSAFETY:0.5
C_PIECESQUARETABLES:0.5
C_MOBILITY:0.49483684481114326
C_KINGSAFETY:0.5
C_PAWNSTRUCTURE:0.5
C_PIECECOORDINATION:0.4912525410341821
C_ROOKANDPAWNMOVEMENT:0.4912525410341821
C_CENTERCONTROL:0.5
C_DEVELOPPIECES:0.49706575272651465
C_MATERIAL:0.49725591312988326
C_MOVECOUNT:0.5
