ELO:827
CE_PASSEDPAWNS:0.4628615526470116
CE_PAWNWEAKNESSES:0.532221737235829
CE_PIECEACTIVITY:0.48850854469120697
CE_KINGPAWNSHIELD:0.5164986670476948
CE_PIECECOORDINATION:0.4709828669843325
CE_MATERIAL:0.5256186388594366
CE_KINGSAFETY:0.45605835280784174
C_PIECESQUARETABLES:0.46000826398516553
C_MOBILITY:0.4502479277637057
C_KINGSAFETY:0.5104778702986398
C_PAWNSTRUCTURE:0.4721064874962367
C_PIECECOORDINATION:0.5684545163760218
C_ROOKANDPAWNMOVEMENT:0.5684545163760218
C_CENTERCONTROL:0.5294595673581084
C_DEVELOPPIECES:0.5156268699781267
C_MATERIAL:0.44105637301534323
C_MOVECOUNT:0.5
