ELO:984
CE_PASSEDPAWNS:0.5323673102367139
CE_PAWNWEAKNESSES:0.5081635747034312
CE_PIECEACTIVITY:0.49563909165534314
CE_KINGPAWNSHIELD:0.5058551036169464
CE_PIECECOORDINATION:0.5105291821099647
CE_MATERIAL:0.5267037445333412
CE_KINGSAFETY:0.5
C_PIECESQUARETABLES:0.5
C_MOBILITY:0.503741309569255
C_KINGSAFETY:0.4943339490491487
C_PAWNSTRUCTURE:0.4902718688768419
C_PIECECOORDINATION:0.5043148850751006
C_ROOKANDPAWNMOVEMENT:0.5043148850751006
C_CENTERCONTROL:0.5
C_DEVELOPPIECES:0.48803290617131295
C_MATERIAL:0.49971900363526756
C_MOVECOUNT:0.5
