ELO:894
CE_PASSEDPAWNS:0.4546025453365678
CE_PAWNWEAKNESSES:0.5095923871481679
CE_PIECEACTIVITY:0.5198255890833943
CE_KINGPAWNSHIELD:0.4823247179742499
CE_PIECECOORDINATION:0.5247332995188518
CE_MATERIAL:0.5678994990713495
CE_KINGSAFETY:0.49618040657453205
C_PIECESQUARETABLES:0.5261240315579665
C_MOBILITY:0.4878675203820587
C_KINGSAFETY:0.4843075325026187
C_PAWNSTRUCTURE:0.48592536244421364
C_PIECECOORDINATION:0.5435565665144635
C_ROOKANDPAWNMOVEMENT:0.5435565665144635
C_CENTERCONTROL:0.5088383292931644
C_DEVELOPPIECES:0.48401024410209903
C_MATERIAL:0.5222130191517328
C_MOVECOUNT:0.5
