ELO:988
CE_PASSEDPAWNS:0.5058719152924624
CE_PAWNWEAKNESSES:0.4948870845529525
CE_PIECEACTIVITY:0.48078396871562085
CE_KINGPAWNSHIELD:0.508729260148721
CE_PIECECOORDINATION:0.49999696994213244
CE_MATERIAL:0.5042712309022235
CE_KINGSAFETY:0.5029347919050535
C_PIECESQUARETABLES:0.5021462347316599
C_MOBILITY:0.49812762663975724
C_KINGSAFETY:0.504355500901174
C_PAWNSTRUCTURE:0.5061500894974144
C_PIECECOORDINATION:0.511580255644731
C_ROOK:0.5024856442865259
CE_ROOK:0.4929149892335699
C_CENTERCONTROL:0.5048959562133585
C_DEVELOPPIECES:0.5051186954970524
C_MATERIAL:0.49410690477708075
C_MOVECOUNT:0.5348450055495724
C_PAWNMOVEMENT:0.5057511024148978
