ELO:1070
CE_PASSEDPAWNS:0.48613629843912126
CE_PAWNWEAKNESSES:0.5007839336752018
CE_PIECEACTIVITY:0.5
CE_KINGPAWNSHIELD:0.5176752629541579
CE_PIECECOORDINATION:0.5426398171170235
CE_MATERIAL:0.4882617949300192
CE_KINGSAFETY:0.5209970245575019
C_PIECESQUARETABLES:0.4908374310917852
C_MOBILITY:0.47685837667754927
C_KINGSAFETY:0.5329957667129303
C_PAWNSTRUCTURE:0.5103105148869364
C_PIECECOORDINATION:0.48669109570044455
C_ROOKANDPAWNMOVEMENT:0.48669109570044455
C_CENTERCONTROL:0.5601228986966247
C_DEVELOPPIECES:0.4434906573214633
C_MATERIAL:0.5243816434393418
C_MOVECOUNT:0.46765127856093436
