ELO:1000
CE_PASSEDPAWNS:0.47834915975008235
CE_PAWNWEAKNESSES:0.5597760587474043
CE_PIECEACTIVITY:0.4193110118703187
CE_KINGPAWNSHIELD:0.5007398169200004
CE_PIECECOORDINATION:0.5018115949474248
CE_MATERIAL:0.4378357442338197
CE_KINGSAFETY:0.4829345218775023
C_PIECESQUARETABLES:0.46511647871717593
C_MOBILITY:0.5603650901236087
C_KINGSAFETY:0.40466072750396004
C_PAWNSTRUCTURE:0.5093860066271126
C_PIECECOORDINATION:0.47267399951319433
C_ROOKANDPAWNMOVEMENT:0.47267399951319433
C_CENTERCONTROL:0.5270247183469247
C_DEVELOPPIECES:0.5684362132439661
C_MATERIAL:0.5200269487090642
