ELO:1111
CE_PASSEDPAWNS:0.5357886961217757
CE_PAWNWEAKNESSES:0.4596255166640243
CE_PIECEACTIVITY:0.49355542074885583
CE_KINGPAWNSHIELD:0.6208131797722044
CE_PIECECOORDINATION:0.5449900128502336
CE_MATERIAL:0.3487007681513638
CE_KINGSAFETY:0.5
C_PIECESQUARETABLES:0.5
C_MOBILITY:0.5853010773681124
C_KINGSAFETY:0.4875493829777033
C_PAWNSTRUCTURE:0.44742434175347473
C_PIECECOORDINATION:0.4899232700192027
C_ROOKANDPAWNMOVEMENT:0.4899232700192027
C_CENTERCONTROL:0.4091917803352244
C_DEVELOPPIECES:0.49085084564649445
C_MATERIAL:0.4075681008629328
