ELO:888
CE_PASSEDPAWNS:0.5259700164226582
CE_PAWNWEAKNESSES:0.4777759212258692
CE_PIECEACTIVITY:0.48555133911235826
CE_KINGPAWNSHIELD:0.5740528389329697
CE_PIECECOORDINATION:0.5271843711912284
CE_MATERIAL:0.4526085363005616
CE_KINGSAFETY:0.4559039209158169
C_PIECESQUARETABLES:0.49055472638758857
C_MOBILITY:0.49374264728988804
C_KINGSAFETY:0.48116800501591594
C_PAWNSTRUCTURE:0.5238279219712715
C_PIECECOORDINATION:0.5770372114510006
C_ROOKANDPAWNMOVEMENT:0.5770372114510006
C_CENTERCONTROL:0.5062111697362741
C_DEVELOPPIECES:0.5008924307389743
C_MATERIAL:0.5426521336353745
