ELO:936
CE_PASSEDPAWNS:0.5134619686660717
CE_PAWNWEAKNESSES:0.5080590592809924
CE_PIECEACTIVITY:0.42652858140676203
CE_KINGPAWNSHIELD:0.426891972873868
CE_PIECECOORDINATION:0.5894713500956411
CE_MATERIAL:0.48106984653355156
CE_KINGSAFETY:0.5039477450782814
C_PIECESQUARETABLES:0.516328425124407
C_MOBILITY:0.4777283386368527
C_KINGSAFETY:0.46851073532531995
C_PAWNSTRUCTURE:0.5607383262690524
C_PIECECOORDINATION:0.5587498645743917
C_ROOKANDPAWNMOVEMENT:0.5587498645743917
C_CENTERCONTROL:0.5046570235477993
C_DEVELOPPIECES:0.547642589471223
C_MATERIAL:0.570399650619073
