ELO:965
CE_PASSEDPAWNS:0.4977857161106633
CE_PAWNWEAKNESSES:0.4690011180467017
CE_PIECEACTIVITY:0.4572249383249155
CE_KINGPAWNSHIELD:0.48241854152399594
CE_PIECECOORDINATION:0.5123360753706923
CE_MATERIAL:0.5402659129824345
CE_KINGSAFETY:0.5079116659606766
C_PIECESQUARETABLES:0.4918960415652737
C_MOBILITY:0.47309531899702967
C_KINGSAFETY:0.529714531642973
C_PAWNSTRUCTURE:0.5075037592680943
C_PIECECOORDINATION:0.500773995749713
C_ROOK:0.4805871645853061
CE_ROOK:0.5015033593874035
C_CENTERCONTROL:0.4982806017320329
C_DEVELOPPIECES:0.5296742517515998
C_MATERIAL:0.4985903910599143
C_MOVECOUNT:0.5005941383188917
C_PAWNMOVEMENT:0.505617961530006
