ELO:985
CE_PASSEDPAWNS:0.4801952710003543
CE_PAWNWEAKNESSES:0.5093900130276765
CE_PIECEACTIVITY:0.48245340625115435
CE_KINGPAWNSHIELD:0.4836461599680079
CE_PIECECOORDINATION:0.49962679428153384
CE_MATERIAL:0.5055210548778502
CE_KINGSAFETY:0.49203514598638826
C_PIECESQUARETABLES:0.4993973839236198
C_MOBILITY:0.5177846615759955
C_KINGSAFETY:0.5
C_PAWNSTRUCTURE:0.5105535745088915
C_PIECECOORDINATION:0.4945364714981385
C_ROOKANDPAWNMOVEMENT:0.4945364714981385
C_CENTERCONTROL:0.49430138653497524
C_DEVELOPPIECES:0.4856075815458416
C_MATERIAL:0.49717412794598165
C_MOVECOUNT:0.5107361581231755
