ELO:1014
CE_PASSEDPAWNS:0.49552750184018546
CE_PAWNWEAKNESSES:0.5664636895265875
CE_PIECEACTIVITY:0.47350217147387247
CE_KINGPAWNSHIELD:0.46968172800803437
CE_PIECECOORDINATION:0.4975396624755672
CE_MATERIAL:0.5123750101309896
CE_KINGSAFETY:0.5092974080366105
C_PIECESQUARETABLES:0.4811274293999191
C_MOBILITY:0.5046137338269769
C_KINGSAFETY:0.5005736625783545
C_PAWNSTRUCTURE:0.4899294180695948
C_PIECECOORDINATION:0.5595348019673073
C_ROOKANDPAWNMOVEMENT:0.5595348019673073
C_CENTERCONTROL:0.47345614345222936
C_DEVELOPPIECES:0.5355075479738126
C_MATERIAL:0.5151753671257944
