ELO:928
CE_PASSEDPAWNS:0.519589578929252
CE_PAWNWEAKNESSES:0.47271333694512163
CE_PIECEACTIVITY:0.4131319300375657
CE_KINGPAWNSHIELD:0.4888720885358594
CE_PIECECOORDINATION:0.5208179971842781
CE_MATERIAL:0.5620313313557158
CE_KINGSAFETY:0.5
C_PIECESQUARETABLES:0.5
C_MOBILITY:0.44363593021803616
C_KINGSAFETY:0.5333114660011371
C_PAWNSTRUCTURE:0.4974757086283376
C_PIECECOORDINATION:0.4935363776664934
C_ROOK:0.4627902904870761
CE_ROOK:0.5371167507411115
C_CENTERCONTROL:0.49321173511472777
C_DEVELOPPIECES:0.56507203681687
C_MATERIAL:0.4856370777532838
C_MOVECOUNT:0.5041604269424921
C_PAWNMOVEMENT:0.5004888217112746
