ELO:944
CE_PASSEDPAWNS:0.519589578929252
CE_PAWNWEAKNESSES:0.4616272155997366
CE_PIECEACTIVITY:0.42181560329927603
CE_KINGPAWNSHIELD:0.4888720885358594
CE_PIECECOORDINATION:0.5208179971842781
CE_MATERIAL:0.5620313313557158
CE_KINGSAFETY:0.4939577731514279
C_PIECESQUARETABLES:0.4918576390344617
C_MOBILITY:0.44534111162835033
C_KINGSAFETY:0.5333114660011371
C_PAWNSTRUCTURE:0.5029792670162126
C_PIECECOORDINATION:0.4935363776664934
C_ROOK:0.45189345709595424
CE_ROOK:0.5473367363397785
C_CENTERCONTROL:0.4951453082479787
C_DEVELOPPIECES:0.5604199668943555
C_MATERIAL:0.4974659922482467
C_MOVECOUNT:0.5041604269424921
C_PAWNMOVEMENT:0.5040613010465546
