ELO:715
CE_PASSEDPAWNS:0.4911836454707968
CE_PAWNWEAKNESSES:0.5065494403578784
CE_PIECEACTIVITY:0.5238160431263175
CE_KINGPAWNSHIELD:0.48737004081033986
CE_PIECECOORDINATION:0.481469086121458
CE_MATERIAL:0.45233721894239565
CE_KINGSAFETY:0.5230896722100159
C_PIECESQUARETABLES:0.5160488550236266
C_MOBILITY:0.5210342590567147
C_KINGSAFETY:0.5134454471596667
C_PAWNSTRUCTURE:0.5409232864641775
C_PIECECOORDINATION:0.5371718209253976
C_ROOKANDPAWNMOVEMENT:0.5371718209253976
C_CENTERCONTROL:0.5111142949376501
C_DEVELOPPIECES:0.5025474411854637
C_MATERIAL:0.528795424568255
C_MOVECOUNT:0.5
