ELO:944
CE_PASSEDPAWNS:0.5323378917626858
CE_PAWNWEAKNESSES:0.48103958022838444
CE_PIECEACTIVITY:0.4131319300375657
CE_KINGPAWNSHIELD:0.49360305597040927
CE_PIECECOORDINATION:0.5343896016461982
CE_MATERIAL:0.5523707988539325
CE_KINGSAFETY:0.498470528272782
C_PIECESQUARETABLES:0.5136873487205653
C_MOBILITY:0.43404001805764003
C_KINGSAFETY:0.542309317681143
C_PAWNSTRUCTURE:0.5092275133314995
C_PIECECOORDINATION:0.5065215566234966
C_ROOK:0.4697998255517065
CE_ROOK:0.5350190835215196
C_CENTERCONTROL:0.49321173511472777
C_DEVELOPPIECES:0.5669453794165015
C_MATERIAL:0.4768007248201757
C_MOVECOUNT:0.4907888312059545
C_PAWNMOVEMENT:0.4911160131827668
