ELO:828
CE_PASSEDPAWNS:0.4526623237130684
CE_PAWNWEAKNESSES:0.5499307657425256
CE_PIECEACTIVITY:0.5186810746594442
CE_KINGPAWNSHIELD:0.46719129511861734
CE_PIECECOORDINATION:0.5321076896096696
CE_MATERIAL:0.5315720700317877
CE_KINGSAFETY:0.5163449427467155
C_PIECESQUARETABLES:0.5510948989177257
C_MOBILITY:0.5006880828522414
C_KINGSAFETY:0.4715373921179518
C_PAWNSTRUCTURE:0.49130045425642577
C_PIECECOORDINATION:0.47841490563238576
C_ROOKANDPAWNMOVEMENT:0.47841490563238576
C_CENTERCONTROL:0.5426983105228895
C_DEVELOPPIECES:0.5073522471057332
C_MATERIAL:0.46239320332688355
C_MOVECOUNT:0.4935144918756576
