ELO:1002
CE_PASSEDPAWNS:0.4936768146712229
CE_PAWNWEAKNESSES:0.48914728462206264
CE_PIECEACTIVITY:0.5051182921061682
CE_KINGPAWNSHIELD:0.49638505392797655
CE_PIECECOORDINATION:0.4878909062013949
CE_MATERIAL:0.5090432845475662
CE_KINGSAFETY:0.5
C_PIECESQUARETABLES:0.5
C_MOBILITY:0.49351711146634036
C_KINGSAFETY:0.5
C_PAWNSTRUCTURE:0.5
C_PIECECOORDINATION:0.47977002874163416
C_ROOKANDPAWNMOVEMENT:0.47977002874163416
C_CENTERCONTROL:0.5129005327283077
C_DEVELOPPIECES:0.5
C_MATERIAL:0.5
C_MOVECOUNT:0.5021215256479631
