ELO:999
CE_PASSEDPAWNS:0.5489706304409759
CE_PAWNWEAKNESSES:0.46084394572169507
CE_PIECEACTIVITY:0.514871122537708
CE_KINGPAWNSHIELD:0.45907448383192023
CE_PIECECOORDINATION:0.4194116399248425
CE_MATERIAL:0.42843244538109304
CE_KINGSAFETY:0.4985131195969549
C_PIECESQUARETABLES:0.49401942184663045
C_MOBILITY:0.45357893026015084
C_KINGSAFETY:0.606616051622341
C_PAWNSTRUCTURE:0.5311616696777149
C_PIECECOORDINATION:0.44913033705586514
C_ROOKANDPAWNMOVEMENT:0.44913033705586514
C_CENTERCONTROL:0.49386606690912055
C_DEVELOPPIECES:0.4474041201206091
C_MATERIAL:0.5507564048912098
