ELO:1011
CE_PASSEDPAWNS:0.5082747385440037
CE_PAWNWEAKNESSES:0.5
CE_PIECEACTIVITY:0.5113667425140144
CE_KINGPAWNSHIELD:0.4979119047488536
CE_PIECECOORDINATION:0.5
CE_MATERIAL:0.49402009792952467
CE_KINGSAFETY:0.49631026592257516
C_PIECESQUARETABLES:0.509496981044562
C_MOBILITY:0.5
C_KINGSAFETY:0.5102269681031643
C_PAWNSTRUCTURE:0.5
C_PIECECOORDINATION:0.5
C_ROOKANDPAWNMOVEMENT:0.5
C_CENTERCONTROL:0.5
C_DEVELOPPIECES:0.5
C_MATERIAL:0.5
C_MOVECOUNT:0.4928129462331137
