ELO:988
CE_PASSEDPAWNS:0.5019035514528579
CE_PAWNWEAKNESSES:0.49979397828645583
CE_PIECEACTIVITY:0.49428112521557066
CE_KINGPAWNSHIELD:0.5063833268610617
CE_PIECECOORDINATION:0.5037515543974653
CE_MATERIAL:0.5
CE_KINGSAFETY:0.5
C_PIECESQUARETABLES:0.49719121648082537
C_MOBILITY:0.49000733035361715
C_KINGSAFETY:0.5
C_PAWNSTRUCTURE:0.5
C_PIECECOORDINATION:0.5
C_ROOK:0.5
CE_ROOK:0.5
C_CENTERCONTROL:0.5
C_DEVELOPPIECES:0.4889419418917004
C_MATERIAL:0.5
C_MOVECOUNT:0.5
C_PAWNMOVEMENT:0.5
