ELO:976
CE_PASSEDPAWNS:0.5085020089324594
CE_PAWNWEAKNESSES:0.47368492387683875
CE_PIECEACTIVITY:0.4520506531860188
CE_KINGPAWNSHIELD:0.48924484354796977
CE_PIECECOORDINATION:0.5123360753706923
CE_MATERIAL:0.5307968484363799
CE_KINGSAFETY:0.5
C_PIECESQUARETABLES:0.5098338608273275
C_MOBILITY:0.46430368035997416
C_KINGSAFETY:0.529714531642973
C_PAWNSTRUCTURE:0.5075037592680943
C_PIECECOORDINATION:0.500773995749713
C_ROOK:0.48716678959250326
CE_ROOK:0.5010052094395746
C_CENTERCONTROL:0.4982806017320329
C_DEVELOPPIECES:0.5318246840444099
C_MATERIAL:0.4985903910599143
C_MOVECOUNT:0.5005941383188917
C_PAWNMOVEMENT:0.5114950802747096
