ELO:1002
CE_PASSEDPAWNS:0.4888902803980177
CE_PAWNWEAKNESSES:0.5022303855981016
CE_PIECEACTIVITY:0.5
CE_KINGPAWNSHIELD:0.4934142668053551
CE_PIECECOORDINATION:0.4878806697961581
CE_MATERIAL:0.4890049262911831
CE_KINGSAFETY:0.5
C_PIECESQUARETABLES:0.4973704079767287
C_MOBILITY:0.49485504807611647
C_KINGSAFETY:0.49201969272991114
C_PAWNSTRUCTURE:0.489733680448783
C_PIECECOORDINATION:0.5148028268278466
C_ROOKANDPAWNMOVEMENT:0.5148028268278466
C_CENTERCONTROL:0.48892380633071963
C_DEVELOPPIECES:0.5
C_MATERIAL:0.503458650498227
C_MOVECOUNT:0.5
