ELO:987
CE_PASSEDPAWNS:0.5
CE_PAWNWEAKNESSES:0.5005797938862584
CE_PIECEACTIVITY:0.5
CE_KINGPAWNSHIELD:0.5046465370788497
CE_PIECECOORDINATION:0.4904508217767413
CE_MATERIAL:0.5
CE_KINGSAFETY:0.4989574457442068
C_PIECESQUARETABLES:0.5067083089039796
C_MOBILITY:0.5067209682314999
C_KINGSAFETY:0.5068740301523139
C_PAWNSTRUCTURE:0.5135228553594631
C_PIECECOORDINATION:0.49683856793443265
C_ROOK:0.5047244123325063
CE_ROOK:0.4925087919603431
C_CENTERCONTROL:0.4931295498212711
C_DEVELOPPIECES:0.5107184289997336
C_MATERIAL:0.49503004200966855
C_MOVECOUNT:0.5107140745445525
C_PAWNMOVEMENT:0.4769244606988764
