ELO:719
CE_PASSEDPAWNS:0.35752900358724254
CE_PAWNWEAKNESSES:0.4612159262635769
CE_PIECEACTIVITY:0.6032394096254653
CE_KINGPAWNSHIELD:0.4490453546911646
CE_PIECECOORDINATION:0.4834769347520669
CE_MATERIAL:0.5467487890138327
CE_KINGSAFETY:0.5144027155762027
C_PIECESQUARETABLES:0.526142001789967
C_MOBILITY:0.609525729226991
C_KINGSAFETY:0.4615783759584174
C_PAWNSTRUCTURE:0.5614547899767387
C_PIECECOORDINATION:0.5593525168194937
C_ROOKANDPAWNMOVEMENT:0.5593525168194937
C_CENTERCONTROL:0.43291726021535293
C_DEVELOPPIECES:0.5517066993548333
C_MATERIAL:0.5312634690587921
C_MOVECOUNT:0.5215028014032742
