ELO:1016
CE_PASSEDPAWNS:0.4935415713966914
CE_PAWNWEAKNESSES:0.48914728462206264
CE_PIECEACTIVITY:0.5051182921061682
CE_KINGPAWNSHIELD:0.49638505392797655
CE_PIECECOORDINATION:0.5141567443323551
CE_MATERIAL:0.5051860480108489
CE_KINGSAFETY:0.49453168298774713
C_PIECESQUARETABLES:0.5
C_MOBILITY:0.49351711146634036
C_KINGSAFETY:0.5
C_PAWNSTRUCTURE:0.5154433842934825
C_PIECECOORDINATION:0.5
C_ROOKANDPAWNMOVEMENT:0.5
C_CENTERCONTROL:0.4919730216523486
C_DEVELOPPIECES:0.4810685998775936
C_MATERIAL:0.5
C_MOVECOUNT:0.5021215256479631
