ELO:1020
CE_PASSEDPAWNS:0.49338840064745804
CE_PAWNWEAKNESSES:0.4933597828707403
CE_PIECEACTIVITY:0.48781127246178746
CE_KINGPAWNSHIELD:0.48795742469560577
CE_PIECECOORDINATION:0.49234721988673286
CE_MATERIAL:0.5139404780924837
CE_KINGSAFETY:0.47970825450043614
C_PIECESQUARETABLES:0.5
C_MOBILITY:0.5175752859747768
C_KINGSAFETY:0.4955667750907532
C_PAWNSTRUCTURE:0.49158763494685975
C_PIECECOORDINATION:0.5121691830856093
C_ROOK:0.5
CE_ROOK:0.5
C_CENTERCONTROL:0.5
C_DEVELOPPIECES:0.515532547143747
C_MATERIAL:0.4865871257753883
C_MOVECOUNT:0.49834108584846654
C_PAWNMOVEMENT:0.5
