ELO:1008
CE_PASSEDPAWNS:0.5065890916680981
CE_PAWNWEAKNESSES:0.5009922503838957
CE_PIECEACTIVITY:0.5
CE_KINGPAWNSHIELD:0.4959958977597354
CE_PIECECOORDINATION:0.5
CE_MATERIAL:0.5079720397977957
CE_KINGSAFETY:0.5
C_PIECESQUARETABLES:0.5
C_MOBILITY:0.48818858091070594
C_KINGSAFETY:0.5012251844700043
C_PAWNSTRUCTURE:0.5
C_PIECECOORDINATION:0.508694765091628
C_ROOKANDPAWNMOVEMENT:0.508694765091628
C_CENTERCONTROL:0.5
C_DEVELOPPIECES:0.5040264069899848
C_MATERIAL:0.48661395628988147
