ELO:1000
CE_PASSEDPAWNS:0.517442458969206
CE_PAWNWEAKNESSES:0.4695039536249377
CE_PIECEACTIVITY:0.4837196894056727
CE_KINGPAWNSHIELD:0.4841363054273226
CE_PIECECOORDINATION:0.46980934519711776
CE_MATERIAL:0.5056909236528836
CE_KINGSAFETY:0.5296812456228921
C_PIECESQUARETABLES:0.5599301309507604
C_MOBILITY:0.5172061543101846
C_KINGSAFETY:0.5197223833436121
C_PAWNSTRUCTURE:0.5004520156736869
C_PIECECOORDINATION:0.47847231822834824
C_ROOKANDPAWNMOVEMENT:0.47847231822834824
C_CENTERCONTROL:0.5078356315010251
C_DEVELOPPIECES:0.5235575047257817
C_MATERIAL:0.5175969378464474
