ELO:944
CE_PASSEDPAWNS:0.45608376584112087
CE_PAWNWEAKNESSES:0.4749288821036068
CE_PIECEACTIVITY:0.5077353179403211
CE_KINGPAWNSHIELD:0.481187905399791
CE_PIECECOORDINATION:0.5112985329379185
CE_MATERIAL:0.4871390636764723
CE_KINGSAFETY:0.50663028933952
C_PIECESQUARETABLES:0.4884316131145528
C_MOBILITY:0.4618536233692631
C_KINGSAFETY:0.4726337965904659
C_PAWNSTRUCTURE:0.5079902815964159
C_PIECECOORDINATION:0.4815274762270823
C_ROOKANDPAWNMOVEMENT:0.4815274762270823
C_CENTERCONTROL:0.514500534316552
C_DEVELOPPIECES:0.497534959985776
C_MATERIAL:0.48879579884001473
C_MOVECOUNT:0.5194972030731484
