ELO:904
CE_PASSEDPAWNS:0.588005585733841
CE_PAWNWEAKNESSES:0.3561555157872701
CE_PIECEACTIVITY:0.523515875517914
CE_KINGPAWNSHIELD:0.4828553161830514
CE_PIECECOORDINATION:0.5129033007872555
CE_MATERIAL:0.5589903674953738
CE_KINGSAFETY:0.5160353759568651
C_PIECESQUARETABLES:0.5039018508655759
C_MOBILITY:0.45026574999675245
C_KINGSAFETY:0.6075446730907045
C_PAWNSTRUCTURE:0.5739886408427805
C_PIECECOORDINATION:0.4419739545573277
C_ROOKANDPAWNMOVEMENT:0.4419739545573277
C_CENTERCONTROL:0.510927453767863
C_DEVELOPPIECES:0.6108790300006581
C_MATERIAL:0.47640111382382905
