ELO:1067
CE_PASSEDPAWNS:0.5
CE_PAWNWEAKNESSES:0.4923214849413358
CE_PIECEACTIVITY:0.5
CE_KINGPAWNSHIELD:0.5
CE_PIECECOORDINATION:0.5
CE_MATERIAL:0.5
CE_KINGSAFETY:0.49236183744008355
C_PIECESQUARETABLES:0.5
C_MOBILITY:0.49870517133222225
C_KINGSAFETY:0.4845465745477447
C_PAWNSTRUCTURE:0.4999021504682878
C_PIECECOORDINATION:0.5
C_ROOK:0.5
CE_ROOK:0.5
C_CENTERCONTROL:0.5358798368072324
C_DEVELOPPIECES:0.47222139125585955
C_MATERIAL:0.5
C_MOVECOUNT:0.5
C_PAWNMOVEMENT:0.5114031576050257
