ELO:920
CE_PASSEDPAWNS:0.5668614007621968
CE_PAWNWEAKNESSES:0.3640302573304197
CE_PIECEACTIVITY:0.4950536929530006
CE_KINGPAWNSHIELD:0.49039165464534895
CE_PIECECOORDINATION:0.536771888377453
CE_MATERIAL:0.5575591265661116
CE_KINGSAFETY:0.5089234745816503
C_PIECESQUARETABLES:0.4889914506361586
C_MOBILITY:0.46529143573604886
C_KINGSAFETY:0.58468349435813
C_PAWNSTRUCTURE:0.5634703388673195
C_PIECECOORDINATION:0.43725019833245277
C_ROOKANDPAWNMOVEMENT:0.43725019833245277
C_CENTERCONTROL:0.5019022145596762
C_DEVELOPPIECES:0.6158907062957759
C_MATERIAL:0.4807191014544248
