ELO:1000
CE_PASSEDPAWNS:0.4868674924562681
CE_PAWNWEAKNESSES:0.5123627323805771
CE_PIECEACTIVITY:0.4808535926787373
CE_KINGPAWNSHIELD:0.5136994560887407
CE_PIECECOORDINATION:0.5162516120210577
CE_MATERIAL:0.49694478443769685
CE_KINGSAFETY:0.49240220545664926
C_PIECESQUARETABLES:0.5036422091487746
C_MOBILITY:0.515668006788112
C_KINGSAFETY:0.5159524487331154
C_PAWNSTRUCTURE:0.4778831085835864
C_PIECECOORDINATION:0.5354905559197228
C_ROOKANDPAWNMOVEMENT:0.5354905559197228
C_CENTERCONTROL:0.46825703438467914
C_DEVELOPPIECES:0.507695154799672
C_MATERIAL:0.5103500398234283
