ELO:1006
CE_PASSEDPAWNS:0.49384756571238275
CE_PAWNWEAKNESSES:0.5009922503838957
CE_PIECEACTIVITY:0.5
CE_KINGPAWNSHIELD:0.5
CE_PIECECOORDINATION:0.5059933033479871
CE_MATERIAL:0.5
CE_KINGSAFETY:0.5089285221686611
C_PIECESQUARETABLES:0.49199135056105486
C_MOBILITY:0.48818858091070594
C_KINGSAFETY:0.5012251844700043
C_PAWNSTRUCTURE:0.5019497290482541
C_PIECECOORDINATION:0.5007126237506855
C_ROOKANDPAWNMOVEMENT:0.5007126237506855
C_CENTERCONTROL:0.5171184321936863
C_DEVELOPPIECES:0.5040264069899848
C_MATERIAL:0.5106054169621531
