ELO:910
CE_PASSEDPAWNS:0.588005585733841
CE_PAWNWEAKNESSES:0.35679428269017277
CE_PIECEACTIVITY:0.5068254099770283
CE_KINGPAWNSHIELD:0.4803129925327359
CE_PIECECOORDINATION:0.5261179244158698
CE_MATERIAL:0.546357990573498
CE_KINGSAFETY:0.5160353759568651
C_PIECESQUARETABLES:0.4850396907823321
C_MOBILITY:0.43978201917363646
C_KINGSAFETY:0.6008375014136258
C_PAWNSTRUCTURE:0.572306982050998
C_PIECECOORDINATION:0.434946464867633
C_ROOKANDPAWNMOVEMENT:0.434946464867633
C_CENTERCONTROL:0.5082580569738058
C_DEVELOPPIECES:0.6017615343962319
C_MATERIAL:0.47963289201216586
