ELO:927
CE_PASSEDPAWNS:0.5211628665946838
CE_PAWNWEAKNESSES:0.47478819623086477
CE_PIECEACTIVITY:0.40964424418477574
CE_KINGPAWNSHIELD:0.41130870260518154
CE_PIECECOORDINATION:0.5492790179047456
CE_MATERIAL:0.47497850257537955
CE_KINGSAFETY:0.519534654750318
C_PIECESQUARETABLES:0.5252238186770098
C_MOBILITY:0.45389238860829134
C_KINGSAFETY:0.479315379311322
C_PAWNSTRUCTURE:0.6183786639348655
C_PIECECOORDINATION:0.5476618333105892
C_ROOKANDPAWNMOVEMENT:0.5476618333105892
C_CENTERCONTROL:0.5398131484101124
C_DEVELOPPIECES:0.5837939996463613
C_MATERIAL:0.5651838612638573
