ELO:1000
CE_PASSEDPAWNS:0.474882489898809
CE_PAWNWEAKNESSES:0.5177428841967486
CE_PIECEACTIVITY:0.5034428205211052
CE_KINGPAWNSHIELD:0.5107970211250276
CE_PIECECOORDINATION:0.5088302899654454
CE_MATERIAL:0.50258796036636
CE_KINGSAFETY:0.49947988572934643
C_PIECESQUARETABLES:0.515056791612144
C_MOBILITY:0.5019808953653906
C_KINGSAFETY:0.5275363323092952
C_PAWNSTRUCTURE:0.5001421387090763
C_PIECECOORDINATION:0.5584898547692806
C_ROOKANDPAWNMOVEMENT:0.5584898547692806
C_CENTERCONTROL:0.4714735825824474
C_DEVELOPPIECES:0.5295679781131627
C_MATERIAL:0.534192849849124
