ELO:959
CE_PASSEDPAWNS:0.5163049943708502
CE_PAWNWEAKNESSES:0.5231609543057837
CE_PIECEACTIVITY:0.5005385430949656
CE_KINGPAWNSHIELD:0.4539031520058096
CE_PIECECOORDINATION:0.5103531558589199
CE_MATERIAL:0.46605111097074664
CE_KINGSAFETY:0.44151128350577445
C_PIECESQUARETABLES:0.4847289441164475
C_MOBILITY:0.5085989093694501
C_KINGSAFETY:0.5176802907516649
C_PAWNSTRUCTURE:0.4968544783178887
C_PIECECOORDINATION:0.49654970355114814
C_ROOKANDPAWNMOVEMENT:0.49654970355114814
C_CENTERCONTROL:0.47181711672235604
C_DEVELOPPIECES:0.5213895992831947
C_MATERIAL:0.49343922729650663
C_MOVECOUNT:0.5
