ELO:1011
CE_PASSEDPAWNS:0.5090080353321961
CE_PAWNWEAKNESSES:0.5047140110482913
CE_PIECEACTIVITY:0.5
CE_KINGPAWNSHIELD:0.5
CE_PIECECOORDINATION:0.49845514478123043
CE_MATERIAL:0.5072607162444306
CE_KINGSAFETY:0.5
C_PIECESQUARETABLES:0.5091630170465236
C_MOBILITY:0.5
C_KINGSAFETY:0.5
C_PAWNSTRUCTURE:0.4892449054521076
C_PIECECOORDINATION:0.49867304433639836
C_ROOKANDPAWNMOVEMENT:0.49867304433639836
C_CENTERCONTROL:0.5000559778017328
C_DEVELOPPIECES:0.5007160902524487
C_MATERIAL:0.5058723489862944
C_MOVECOUNT:0.5
