ELO:925
CE_PASSEDPAWNS:0.5187571195954924
CE_PAWNWEAKNESSES:0.4942217629847513
CE_PIECEACTIVITY:0.4273307852404345
CE_KINGPAWNSHIELD:0.4132891030840169
CE_PIECECOORDINATION:0.556296211616926
CE_MATERIAL:0.47488219160577216
CE_KINGSAFETY:0.49664309994906297
C_PIECESQUARETABLES:0.5288446821845393
C_MOBILITY:0.4809362378457456
C_KINGSAFETY:0.46920844872922857
C_PAWNSTRUCTURE:0.5790999904459582
C_PIECECOORDINATION:0.5537423342077485
C_ROOKANDPAWNMOVEMENT:0.5537423342077485
C_CENTERCONTROL:0.5159618581002049
C_DEVELOPPIECES:0.5581465490775955
C_MATERIAL:0.5745736492652658
