ELO:942
CE_PASSEDPAWNS:0.5048472828516455
CE_PAWNWEAKNESSES:0.5549717798031569
CE_PIECEACTIVITY:0.4354438160618404
CE_KINGPAWNSHIELD:0.3986516258588374
CE_PIECECOORDINATION:0.5685305320696593
CE_MATERIAL:0.5143944878329075
CE_KINGSAFETY:0.5054309347414804
C_PIECESQUARETABLES:0.4458119553900891
C_MOBILITY:0.5314881870268087
C_KINGSAFETY:0.4951807867717204
C_PAWNSTRUCTURE:0.5056762114494731
C_PIECECOORDINATION:0.6060871006346847
C_ROOKANDPAWNMOVEMENT:0.6060871006346847
C_CENTERCONTROL:0.4601633503509492
C_DEVELOPPIECES:0.5223463343836775
C_MATERIAL:0.5326276427477038
