ELO:1025
CE_PASSEDPAWNS:0.48780149699124753
CE_PAWNWEAKNESSES:0.571160364758208
CE_PIECEACTIVITY:0.47735015231863087
CE_KINGPAWNSHIELD:0.46968172800803437
CE_PIECECOORDINATION:0.5098928070194394
CE_MATERIAL:0.5065114848498555
CE_KINGSAFETY:0.5
C_PIECESQUARETABLES:0.5066707929436542
C_MOBILITY:0.5138164392890968
C_KINGSAFETY:0.5005736625783545
C_PAWNSTRUCTURE:0.5108835217438782
C_PIECECOORDINATION:0.5580798635090679
C_ROOKANDPAWNMOVEMENT:0.5580798635090679
C_CENTERCONTROL:0.48141277767903407
C_DEVELOPPIECES:0.5079806039523157
C_MATERIAL:0.5151286389837877
