ELO:966
CE_PASSEDPAWNS:0.532252162327489
CE_PAWNWEAKNESSES:0.44656657878257733
CE_PIECEACTIVITY:0.5018549834136375
CE_KINGPAWNSHIELD:0.5056567655362757
CE_PIECECOORDINATION:0.5296045537124636
CE_MATERIAL:0.5721327784709429
CE_KINGSAFETY:0.4574178535336106
C_PIECESQUARETABLES:0.487858654492745
C_MOBILITY:0.4686065862237128
C_KINGSAFETY:0.5820423176840486
C_PAWNSTRUCTURE:0.5770543629782182
C_PIECECOORDINATION:0.4132479848369672
C_ROOKANDPAWNMOVEMENT:0.4132479848369672
C_CENTERCONTROL:0.5146735338224742
C_DEVELOPPIECES:0.6211398906250424
C_MATERIAL:0.4739188565001124
