ELO:941
CE_PASSEDPAWNS:0.5006579660549767
CE_PAWNWEAKNESSES:0.4690011180467017
CE_PIECEACTIVITY:0.4572249383249155
CE_KINGPAWNSHIELD:0.47018929006071253
CE_PIECECOORDINATION:0.5223946889489546
CE_MATERIAL:0.5446284411907938
CE_KINGSAFETY:0.5013854825227316
C_PIECESQUARETABLES:0.5049971673926298
C_MOBILITY:0.46096818234547965
C_KINGSAFETY:0.5333172301365872
C_PAWNSTRUCTURE:0.5092852440665442
C_PIECECOORDINATION:0.4699373167646054
C_ROOK:0.4812010058220939
CE_ROOK:0.499306348761976
C_CENTERCONTROL:0.4860431088317373
C_DEVELOPPIECES:0.5331108671570434
C_MATERIAL:0.48439747613445117
C_MOVECOUNT:0.510716112124086
C_PAWNMOVEMENT:0.5254499833677367
