ELO:819
CE_PASSEDPAWNS:0.44814772571925665
CE_PAWNWEAKNESSES:0.47700579751808747
CE_PIECEACTIVITY:0.4136151878286005
CE_KINGPAWNSHIELD:0.40749290092271473
CE_PIECECOORDINATION:0.5460040995221725
CE_MATERIAL:0.4266724529175182
CE_KINGSAFETY:0.5404106572812771
C_PIECESQUARETABLES:0.5081455407570417
C_MOBILITY:0.47265046736563526
C_KINGSAFETY:0.5102334969562223
C_PAWNSTRUCTURE:0.6073586539860579
C_PIECECOORDINATION:0.5502207196492818
C_ROOKANDPAWNMOVEMENT:0.5502207196492818
C_CENTERCONTROL:0.5677899410976123
C_DEVELOPPIECES:0.5936444405294813
C_MATERIAL:0.5633760702181264
