ELO:952
CE_PASSEDPAWNS:0.49706573204406246
CE_PAWNWEAKNESSES:0.4693190053553312
CE_PIECEACTIVITY:0.44001381864147016
CE_KINGPAWNSHIELD:0.48385774590105096
CE_PIECECOORDINATION:0.5313399948908574
CE_MATERIAL:0.5563729245756159
CE_KINGSAFETY:0.5013854825227316
C_PIECESQUARETABLES:0.4836406714284209
C_MOBILITY:0.46859857183978804
C_KINGSAFETY:0.5433520085412056
C_PAWNSTRUCTURE:0.5068176754627306
C_PIECECOORDINATION:0.47280997092773297
C_ROOK:0.4515104756835379
CE_ROOK:0.5283698697728638
C_CENTERCONTROL:0.49866618144352365
C_DEVELOPPIECES:0.5394859985559148
C_MATERIAL:0.47517308730065916
C_MOVECOUNT:0.5087418287438397
C_PAWNMOVEMENT:0.5179539574015283
