ELO:973
CE_PASSEDPAWNS:0.542451040905307
CE_PAWNWEAKNESSES:0.5666625127449982
CE_PIECEACTIVITY:0.47274793973036516
CE_KINGPAWNSHIELD:0.4328688254405607
CE_PIECECOORDINATION:0.5595825795495498
CE_MATERIAL:0.5134575065474445
CE_KINGSAFETY:0.5206599279138453
C_PIECESQUARETABLES:0.4325544718592183
C_MOBILITY:0.5131268020388451
C_KINGSAFETY:0.5147797707282434
C_PAWNSTRUCTURE:0.5280285988683869
C_PIECECOORDINATION:0.5928926337919033
C_ROOKANDPAWNMOVEMENT:0.5928926337919033
C_CENTERCONTROL:0.44331366083727297
C_DEVELOPPIECES:0.5342105441692705
C_MATERIAL:0.4982468568594046
