ELO:912
CE_PASSEDPAWNS:0.484015598353212
CE_PAWNWEAKNESSES:0.5020526393724977
CE_PIECEACTIVITY:0.4968783921099446
CE_KINGPAWNSHIELD:0.45361973460406
CE_PIECECOORDINATION:0.4546233108897137
CE_MATERIAL:0.5024264258024824
CE_KINGSAFETY:0.5102758989173766
C_PIECESQUARETABLES:0.4851178553987898
C_MOBILITY:0.4962277524487134
C_KINGSAFETY:0.5099353954309374
C_PAWNSTRUCTURE:0.46573583877394553
C_PIECECOORDINATION:0.526549402695653
C_ROOKANDPAWNMOVEMENT:0.526549402695653
C_CENTERCONTROL:0.4943286171073515
C_DEVELOPPIECES:0.45334273566345507
C_MATERIAL:0.5185054829181595
C_MOVECOUNT:0.5
