ELO:729
CE_PASSEDPAWNS:0.3625856843028274
CE_PAWNWEAKNESSES:0.45285324876042843
CE_PIECEACTIVITY:0.6023881183540447
CE_KINGPAWNSHIELD:0.4163296347873745
CE_PIECECOORDINATION:0.464309916069349
CE_MATERIAL:0.5570062314949307
CE_KINGSAFETY:0.5056833276976652
C_PIECESQUARETABLES:0.5247466451018675
C_MOBILITY:0.6353158648274335
C_KINGSAFETY:0.46223921726742667
C_PAWNSTRUCTURE:0.5662271856896285
C_PIECECOORDINATION:0.5301727023225266
C_ROOKANDPAWNMOVEMENT:0.5301727023225266
C_CENTERCONTROL:0.4155155065831054
C_DEVELOPPIECES:0.5537471415271408
C_MATERIAL:0.549006845202035
C_MOVECOUNT:0.5270769873656252
