ELO:985
CE_PASSEDPAWNS:0.5068028462934145
CE_PAWNWEAKNESSES:0.5061007905423526
CE_PIECEACTIVITY:0.5148891264856791
CE_KINGPAWNSHIELD:0.4931375937396116
CE_PIECECOORDINATION:0.4911606703566796
CE_MATERIAL:0.5203425964658795
CE_KINGSAFETY:0.5152854707571611
C_PIECESQUARETABLES:0.49875851875595223
C_MOBILITY:0.49308198118468793
C_KINGSAFETY:0.5100402506626386
C_PAWNSTRUCTURE:0.5120297015888287
C_PIECECOORDINATION:0.4976605153667522
C_ROOKANDPAWNMOVEMENT:0.4976605153667522
C_CENTERCONTROL:0.49895824406145906
C_DEVELOPPIECES:0.4969902750696106
C_MATERIAL:0.4936787474449329
C_MOVECOUNT:0.4971734904739242
