ELO:919
CE_PASSEDPAWNS:0.5453269111358308
CE_PAWNWEAKNESSES:0.4762513440669781
CE_PIECEACTIVITY:0.4052134613758972
CE_KINGPAWNSHIELD:0.47573213800321335
CE_PIECECOORDINATION:0.5343896016461982
CE_MATERIAL:0.5547762723063852
CE_KINGSAFETY:0.4906003269770729
C_PIECESQUARETABLES:0.5
C_MOBILITY:0.4200505006803503
C_KINGSAFETY:0.5212880125152032
C_PAWNSTRUCTURE:0.5155560189931743
C_PIECECOORDINATION:0.5185336833028541
C_ROOK:0.4831044177453685
CE_ROOK:0.5570090317698769
C_CENTERCONTROL:0.45696630335792193
C_DEVELOPPIECES:0.5696638069795437
C_MATERIAL:0.4561383393413443
C_MOVECOUNT:0.4874411149490996
C_PAWNMOVEMENT:0.5057524912399047
