ELO:740
CE_PASSEDPAWNS:0.35590794173175166
CE_PAWNWEAKNESSES:0.4570422525803194
CE_PIECEACTIVITY:0.6034759311765165
CE_KINGPAWNSHIELD:0.42551556348153086
CE_PIECECOORDINATION:0.45584407164572077
CE_MATERIAL:0.6126168956249951
CE_KINGSAFETY:0.5062837804063471
C_PIECESQUARETABLES:0.5130470563541816
C_MOBILITY:0.6444650496472941
C_KINGSAFETY:0.44596875763713856
C_PAWNSTRUCTURE:0.5635366859430959
C_PIECECOORDINATION:0.5566638000970908
C_ROOKANDPAWNMOVEMENT:0.5566638000970908
C_CENTERCONTROL:0.41967415397454644
C_DEVELOPPIECES:0.5343371927910404
C_MATERIAL:0.5735555379882566
C_MOVECOUNT:0.5372301381161078
