ELO:927
CE_PASSEDPAWNS:0.5574485304156851
CE_PAWNWEAKNESSES:0.40418201139514154
CE_PIECEACTIVITY:0.4828123573558327
CE_KINGPAWNSHIELD:0.49234092327678
CE_PIECECOORDINATION:0.5312250881629204
CE_MATERIAL:0.5680442867592426
CE_KINGSAFETY:0.5066118562022532
C_PIECESQUARETABLES:0.4976927121666974
C_MOBILITY:0.479379599117655
C_KINGSAFETY:0.584185238035537
C_PAWNSTRUCTURE:0.5465284771595222
C_PIECECOORDINATION:0.4382008583460551
C_ROOKANDPAWNMOVEMENT:0.4382008583460551
C_CENTERCONTROL:0.49568073161838994
C_DEVELOPPIECES:0.6265926732118943
C_MATERIAL:0.48367306590820147
