ELO:937
CE_PASSEDPAWNS:0.5484817725097377
CE_PAWNWEAKNESSES:0.4649649751497279
CE_PIECEACTIVITY:0.4151555023185511
CE_KINGPAWNSHIELD:0.4682078408030309
CE_PIECECOORDINATION:0.5624661698192223
CE_MATERIAL:0.5547762723063852
CE_KINGSAFETY:0.4951166177289066
C_PIECESQUARETABLES:0.5092541768038612
C_MOBILITY:0.4270116142927553
C_KINGSAFETY:0.5257183699449274
C_PAWNSTRUCTURE:0.5487899478569438
C_PIECECOORDINATION:0.5400812290038391
C_ROOK:0.4647475082093361
CE_ROOK:0.5679422314628026
C_CENTERCONTROL:0.4670134053387105
C_DEVELOPPIECES:0.5696638069795437
C_MATERIAL:0.45330725322400606
C_MOVECOUNT:0.49166936392996535
C_PAWNMOVEMENT:0.516318778107762
