ELO:705
CE_PASSEDPAWNS:0.36453531791360133
CE_PAWNWEAKNESSES:0.4633511360107238
CE_PIECEACTIVITY:0.60670041102924
CE_KINGPAWNSHIELD:0.4275710871694587
CE_PIECECOORDINATION:0.46569404348115834
CE_MATERIAL:0.533137452425853
CE_KINGSAFETY:0.5125630736071614
C_PIECESQUARETABLES:0.5269981935399386
C_MOBILITY:0.6265389081478309
C_KINGSAFETY:0.45604303431228593
C_PAWNSTRUCTURE:0.5768577666748399
C_PIECECOORDINATION:0.5373888026177678
C_ROOKANDPAWNMOVEMENT:0.5373888026177678
C_CENTERCONTROL:0.4170513925181749
C_DEVELOPPIECES:0.5551997393588745
C_MATERIAL:0.5280077326442879
C_MOVECOUNT:0.537078891714024
