ELO:1000
CE_PASSEDPAWNS:0.4958474466261801
CE_PAWNWEAKNESSES:0.5081786050376472
CE_PIECEACTIVITY:0.5014274538684285
CE_KINGPAWNSHIELD:0.5012414354398782
CE_PIECECOORDINATION:0.4846388249422362
CE_MATERIAL:0.49574300386476705
CE_KINGSAFETY:0.49397385070065825
C_PIECESQUARETABLES:0.5105614048216099
C_MOBILITY:0.516314583618735
C_KINGSAFETY:0.5056967789753446
C_PAWNSTRUCTURE:0.4944344074913138
C_PIECECOORDINATION:0.48767749513824565
C_ROOKANDPAWNMOVEMENT:0.48767749513824565
C_CENTERCONTROL:0.5232688914026403
C_DEVELOPPIECES:0.49975013665033857
C_MATERIAL:0.4884094522468896
