ELO:994
CE_PASSEDPAWNS:0.4935415713966914
CE_PAWNWEAKNESSES:0.4938443265006668
CE_PIECEACTIVITY:0.5121122674692028
CE_KINGPAWNSHIELD:0.489990728373937
CE_PIECECOORDINATION:0.4919512656819039
CE_MATERIAL:0.48311032769338996
CE_KINGSAFETY:0.4944183318515858
C_PIECESQUARETABLES:0.4973704079767287
C_MOBILITY:0.4884895537225291
C_KINGSAFETY:0.48906028405433283
C_PAWNSTRUCTURE:0.5154433842934825
C_PIECECOORDINATION:0.48225505676134506
C_ROOKANDPAWNMOVEMENT:0.48225505676134506
C_CENTERCONTROL:0.5057444949412866
C_DEVELOPPIECES:0.4810685998775936
C_MATERIAL:0.49764588116889796
C_MOVECOUNT:0.4892323748041535
