ELO:873
CE_PASSEDPAWNS:0.5219403549394753
CE_PAWNWEAKNESSES:0.5397983272918536
CE_PIECEACTIVITY:0.5036340517806077
CE_KINGPAWNSHIELD:0.46084399236232415
CE_PIECECOORDINATION:0.5501152463746836
CE_MATERIAL:0.5368472477209519
CE_KINGSAFETY:0.5010040477299662
C_PIECESQUARETABLES:0.5047501100642452
C_MOBILITY:0.46395994241864774
C_KINGSAFETY:0.5159562292194297
C_PAWNSTRUCTURE:0.5211775447964634
C_PIECECOORDINATION:0.5517346751456529
C_ROOK:0.49250310651083296
CE_ROOK:0.45151778860317426
C_CENTERCONTROL:0.5105843496359341
C_DEVELOPPIECES:0.47295179645861946
C_MATERIAL:0.45447298296318134
C_MOVECOUNT:0.5007372854979679
C_PAWNMOVEMENT:0.4766087723996828
