ELO:921
CE_PASSEDPAWNS:0.5032310525042046
CE_PAWNWEAKNESSES:0.5000364581910401
CE_PIECEACTIVITY:0.506711960349974
CE_KINGPAWNSHIELD:0.47313737564850333
CE_PIECECOORDINATION:0.5462108157664411
CE_MATERIAL:0.548725691503185
CE_KINGSAFETY:0.5075024700374425
C_PIECESQUARETABLES:0.5
C_MOBILITY:0.4625543636014735
C_KINGSAFETY:0.5009330359810235
C_PAWNSTRUCTURE:0.5052280232815225
C_PIECECOORDINATION:0.5356951766240081
C_ROOK:0.49485747596629215
CE_ROOK:0.47697582874817707
C_CENTERCONTROL:0.5151149174504572
C_DEVELOPPIECES:0.4760841708598816
C_MATERIAL:0.47024245563653694
C_MOVECOUNT:0.4886896879373309
C_PAWNMOVEMENT:0.473179471647893
