ELO:1003
CE_PASSEDPAWNS:0.514980432949014
CE_PAWNWEAKNESSES:0.5069626516016709
CE_PIECEACTIVITY:0.5582240559659959
CE_KINGPAWNSHIELD:0.5
CE_PIECECOORDINATION:0.5014569665483292
CE_MATERIAL:0.54845720482386
CE_KINGSAFETY:0.5020866639355362
C_PIECESQUARETABLES:0.5
C_MOBILITY:0.5095077593201582
C_KINGSAFETY:0.5117228934675702
C_PAWNSTRUCTURE:0.4892499165878963
C_PIECECOORDINATION:0.47765039495547695
C_ROOKANDPAWNMOVEMENT:0.47765039495547695
C_CENTERCONTROL:0.4685959572514881
C_DEVELOPPIECES:0.5138927761202242
C_MATERIAL:0.4922083950663028
C_MOVECOUNT:0.499039855928921
