ELO:863
CE_PASSEDPAWNS:0.4420639021770009
CE_PAWNWEAKNESSES:0.5344469884838983
CE_PIECEACTIVITY:0.49297329275956764
CE_KINGPAWNSHIELD:0.5008229635412514
CE_PIECECOORDINATION:0.5200006051749884
CE_MATERIAL:0.5192121517836817
CE_KINGSAFETY:0.475124796949442
C_PIECESQUARETABLES:0.5773624713191986
C_MOBILITY:0.5160523384831759
C_KINGSAFETY:0.5123366300102932
C_PAWNSTRUCTURE:0.47467615118133466
C_PIECECOORDINATION:0.468560452705451
C_ROOKANDPAWNMOVEMENT:0.468560452705451
C_CENTERCONTROL:0.4795146573348083
C_DEVELOPPIECES:0.5301083144626364
C_MATERIAL:0.45542311392579526
C_MOVECOUNT:0.5
