ELO:998
CE_PASSEDPAWNS:0.4946929722620508
CE_PAWNWEAKNESSES:0.5022133985970696
CE_PIECEACTIVITY:0.504840509805144
CE_KINGPAWNSHIELD:0.5121414772302385
CE_PIECECOORDINATION:0.49556511454275265
CE_MATERIAL:0.4760627516636924
CE_KINGSAFETY:0.5
C_PIECESQUARETABLES:0.4949768119055278
C_MOBILITY:0.4918591291313633
C_KINGSAFETY:0.4828533761804419
C_PAWNSTRUCTURE:0.4926672194802262
C_PIECECOORDINATION:0.5275801804040267
C_ROOK:0.4712516110671964
CE_ROOK:0.4876281396000313
C_CENTERCONTROL:0.5071338486800806
C_DEVELOPPIECES:0.5165170770421024
C_MATERIAL:0.5089454046470275
C_MOVECOUNT:0.5010862674562695
C_PAWNMOVEMENT:0.4855369235224216
