ELO:1032
CE_PASSEDPAWNS:0.5
CE_PAWNWEAKNESSES:0.5
CE_PIECEACTIVITY:0.500228417873882
CE_KINGPAWNSHIELD:0.4894370216669268
CE_PIECECOORDINATION:0.5
CE_MATERIAL:0.5
CE_KINGSAFETY:0.5041565235478472
C_PIECESQUARETABLES:0.4937839308287488
C_MOBILITY:0.5094967913622006
C_KINGSAFETY:0.5
C_PAWNSTRUCTURE:0.5
C_PIECECOORDINATION:0.5
C_ROOKANDPAWNMOVEMENT:0.5
C_CENTERCONTROL:0.500538905888667
C_DEVELOPPIECES:0.4982617695553611
C_MATERIAL:0.5
