ELO:1000
CE_PASSEDPAWNS:0.5064211633160977
CE_PAWNWEAKNESSES:0.5327745428977434
CE_PIECEACTIVITY:0.4182872614100469
CE_KINGPAWNSHIELD:0.5586567451196401
CE_PIECECOORDINATION:0.49858463455557206
CE_MATERIAL:0.41111883586674036
CE_KINGSAFETY:0.47552511343223053
C_PIECESQUARETABLES:0.5612667455688332
C_MOBILITY:0.48626192409306257
C_KINGSAFETY:0.48138442392621256
C_PAWNSTRUCTURE:0.47108938529721356
C_PIECECOORDINATION:0.5141021430265277
C_ROOKANDPAWNMOVEMENT:0.5141021430265277
C_CENTERCONTROL:0.43591186157804734
C_DEVELOPPIECES:0.4923600356743039
C_MATERIAL:0.5245042983210597
