ELO:1019
CE_PASSEDPAWNS:0.5
CE_PAWNWEAKNESSES:0.5
CE_PIECEACTIVITY:0.49824711877830286
CE_KINGPAWNSHIELD:0.5065202173945853
CE_PIECECOORDINATION:0.5172591547421923
CE_MATERIAL:0.4440882108930032
CE_KINGSAFETY:0.4937296580696444
C_PIECESQUARETABLES:0.5179134377494861
C_MOBILITY:0.5
C_KINGSAFETY:0.5115361967265154
C_PAWNSTRUCTURE:0.502909616524075
C_PIECECOORDINATION:0.4898632813635994
C_ROOKANDPAWNMOVEMENT:0.4898632813635994
C_CENTERCONTROL:0.5
C_DEVELOPPIECES:0.5261955220125041
C_MATERIAL:0.49248397795687837
C_MOVECOUNT:0.49079359522071153
