ELO:970
CE_PASSEDPAWNS:0.5299364320959329
CE_PAWNWEAKNESSES:0.5409485689670283
CE_PIECEACTIVITY:0.5440474700786064
CE_KINGPAWNSHIELD:0.47315457450137915
CE_PIECECOORDINATION:0.562595914834159
CE_MATERIAL:0.45239230934407054
CE_KINGSAFETY:0.538092384910385
C_PIECESQUARETABLES:0.5204285646033412
C_MOBILITY:0.410886666784676
C_KINGSAFETY:0.5324986457502062
C_PAWNSTRUCTURE:0.477264552978053
C_PIECECOORDINATION:0.565366056098399
C_ROOKANDPAWNMOVEMENT:0.565366056098399
C_CENTERCONTROL:0.4837495359696357
C_DEVELOPPIECES:0.5940572360278852
C_MATERIAL:0.41772092175086944
