ELO:957
CE_PASSEDPAWNS:0.5408198643693588
CE_PAWNWEAKNESSES:0.5294593840052673
CE_PIECEACTIVITY:0.5426098412592174
CE_KINGPAWNSHIELD:0.4735853321698038
CE_PIECECOORDINATION:0.573905106536504
CE_MATERIAL:0.47027607455842263
CE_KINGSAFETY:0.5035867082213575
C_PIECESQUARETABLES:0.5038648752170217
C_MOBILITY:0.4194517414145571
C_KINGSAFETY:0.5278626999055949
C_PAWNSTRUCTURE:0.46319083122790433
C_PIECECOORDINATION:0.5527447174801693
C_ROOKANDPAWNMOVEMENT:0.5527447174801693
C_CENTERCONTROL:0.4813836828900019
C_DEVELOPPIECES:0.5815691764760689
C_MATERIAL:0.4231417215108172
