ELO:885
CE_PASSEDPAWNS:0.5219403549394753
CE_PAWNWEAKNESSES:0.515461547436779
CE_PIECEACTIVITY:0.5090201076372931
CE_KINGPAWNSHIELD:0.47313737564850333
CE_PIECECOORDINATION:0.546984941021722
CE_MATERIAL:0.5368472477209519
CE_KINGSAFETY:0.5013255869190251
C_PIECESQUARETABLES:0.5071056913747626
C_MOBILITY:0.46395994241864774
C_KINGSAFETY:0.5159562292194297
C_PAWNSTRUCTURE:0.5211775447964634
C_PIECECOORDINATION:0.5418446129350912
C_ROOK:0.49250310651083296
CE_ROOK:0.46243229441852346
C_CENTERCONTROL:0.5105843496359341
C_DEVELOPPIECES:0.4717037550114415
C_MATERIAL:0.45447298296318134
C_MOVECOUNT:0.5007372854979679
C_PAWNMOVEMENT:0.473179471647893
