ELO:982
CE_PASSEDPAWNS:0.4797256783472718
CE_PAWNWEAKNESSES:0.5022133985970696
CE_PIECEACTIVITY:0.4971754856422711
CE_KINGPAWNSHIELD:0.5121414772302385
CE_PIECECOORDINATION:0.5036547809647509
CE_MATERIAL:0.47477365953535666
CE_KINGSAFETY:0.500844877454797
C_PIECESQUARETABLES:0.4949768119055278
C_MOBILITY:0.4918591291313633
C_KINGSAFETY:0.4828533761804419
C_PAWNSTRUCTURE:0.4926672194802262
C_PIECECOORDINATION:0.5221328817704998
C_ROOK:0.4712516110671964
CE_ROOK:0.4876281396000313
C_CENTERCONTROL:0.49865406384900973
C_DEVELOPPIECES:0.518621602060763
C_MATERIAL:0.49601846660231236
C_MOVECOUNT:0.5010862674562695
C_PAWNMOVEMENT:0.4746203887047982
