ELO:1000
CE_PASSEDPAWNS:0.5343856269413194
CE_PAWNWEAKNESSES:0.51331349540335
CE_PIECEACTIVITY:0.48045391500174034
CE_KINGPAWNSHIELD:0.5
CE_PIECECOORDINATION:0.48727244494520966
CE_MATERIAL:0.4875503636022504
CE_KINGSAFETY:0.5066045292093757
C_PIECESQUARETABLES:0.5013349876830434
C_MOBILITY:0.5091849249941593
C_KINGSAFETY:0.49710867516275176
C_PAWNSTRUCTURE:0.47729028732135637
C_PIECECOORDINATION:0.4925513499371946
C_ROOKANDPAWNMOVEMENT:0.4925513499371946
C_CENTERCONTROL:0.5186560968268086
C_DEVELOPPIECES:0.5122376258744004
C_MATERIAL:0.498397739554347
