ELO:837
CE_PASSEDPAWNS:0.44809576872786944
CE_PAWNWEAKNESSES:0.4991631235444461
CE_PIECEACTIVITY:0.5352155923250191
CE_KINGPAWNSHIELD:0.5112145096194909
CE_PIECECOORDINATION:0.5003591702349803
CE_MATERIAL:0.48662226472204195
CE_KINGSAFETY:0.5165556429927445
C_PIECESQUARETABLES:0.5355964436282653
C_MOBILITY:0.4930812103488614
C_KINGSAFETY:0.48102903299353533
C_PAWNSTRUCTURE:0.557347536264808
C_PIECECOORDINATION:0.4755087380083776
C_ROOKANDPAWNMOVEMENT:0.4755087380083776
C_CENTERCONTROL:0.4769068365472705
C_DEVELOPPIECES:0.48180353873424503
C_MATERIAL:0.5137650214579847
C_MOVECOUNT:0.5
