ELO:992
CE_PASSEDPAWNS:0.5138941491554128
CE_PAWNWEAKNESSES:0.4888520991615074
CE_PIECEACTIVITY:0.49373256741630434
CE_KINGPAWNSHIELD:0.5095210757071279
CE_PIECECOORDINATION:0.5470874047006203
CE_MATERIAL:0.5395028305424883
CE_KINGSAFETY:0.5010249123584564
C_PIECESQUARETABLES:0.49616147527374677
C_MOBILITY:0.4776380145462135
C_KINGSAFETY:0.5089883691247459
C_PAWNSTRUCTURE:0.4957537450899923
C_PIECECOORDINATION:0.49031404214256535
C_ROOKANDPAWNMOVEMENT:0.49031404214256535
C_CENTERCONTROL:0.49616677215770805
C_DEVELOPPIECES:0.4805129026415754
C_MATERIAL:0.5
C_MOVECOUNT:0.5
