ELO:924
CE_PASSEDPAWNS:0.4371529573964737
CE_PAWNWEAKNESSES:0.5342944620796918
CE_PIECEACTIVITY:0.6396720778268491
CE_KINGPAWNSHIELD:0.6017996929290211
CE_PIECECOORDINATION:0.49436875300104555
CE_MATERIAL:0.5172354369367134
CE_KINGSAFETY:0.5075624311818006
C_PIECESQUARETABLES:0.48405102812350287
C_MOBILITY:0.4118182462273181
C_KINGSAFETY:0.3388189482703486
C_PAWNSTRUCTURE:0.5293348475851993
C_PIECECOORDINATION:0.4054126692593103
C_ROOKANDPAWNMOVEMENT:0.4054126692593103
C_CENTERCONTROL:0.44126942322945006
C_DEVELOPPIECES:0.5742900788851032
C_MATERIAL:0.43314059104628144
