ELO:658
CE_PASSEDPAWNS:0.44503940603908093
CE_PAWNWEAKNESSES:0.5731291412400565
CE_PIECEACTIVITY:0.4688239284667937
CE_KINGPAWNSHIELD:0.5386578652408515
CE_PIECECOORDINATION:0.52324688996531
CE_MATERIAL:0.5073309464494677
CE_KINGSAFETY:0.49669228606159255
C_PIECESQUARETABLES:0.4839270752984241
C_MOBILITY:0.4999144153055845
C_KINGSAFETY:0.4957611214525526
C_PAWNSTRUCTURE:0.5261475110670902
C_PIECECOORDINATION:0.45254347296113695
C_ROOKANDPAWNMOVEMENT:0.45254347296113695
C_CENTERCONTROL:0.5398270058832318
C_DEVELOPPIECES:0.5228497497108767
C_MATERIAL:0.5309345468647708
C_MOVECOUNT:0.5091084954217705
