ELO:1012
CE_PASSEDPAWNS:0.5125139592575777
CE_PAWNWEAKNESSES:0.48949005493791825
CE_PIECEACTIVITY:0.49795173283366356
CE_KINGPAWNSHIELD:0.4867528857181191
CE_PIECECOORDINATION:0.5008071295980966
CE_MATERIAL:0.4952332694911835
CE_KINGSAFETY:0.49122239047828153
C_PIECESQUARETABLES:0.48386314751794546
C_MOBILITY:0.5170970209675061
C_KINGSAFETY:0.4782774472055438
C_PAWNSTRUCTURE:0.511669103685065
C_PIECECOORDINATION:0.534155015582187
C_ROOK:0.4851725057088293
CE_ROOK:0.4870726028653177
C_CENTERCONTROL:0.49529739002304696
C_DEVELOPPIECES:0.48131052813926906
C_MATERIAL:0.46758995477125365
C_MOVECOUNT:0.48471429421190165
C_PAWNMOVEMENT:0.5329256816135376
