ELO:1017
CE_PASSEDPAWNS:0.5019896061856246
CE_PAWNWEAKNESSES:0.4983624246689649
CE_PIECEACTIVITY:0.5179822881276922
CE_KINGPAWNSHIELD:0.4886256381921934
CE_PIECECOORDINATION:0.5060607234675919
CE_MATERIAL:0.5011948496990495
CE_KINGSAFETY:0.5
C_PIECESQUARETABLES:0.5
C_MOBILITY:0.521148700820207
C_KINGSAFETY:0.5095232292868243
C_PAWNSTRUCTURE:0.5031423021906078
C_PIECECOORDINATION:0.5105057456989508
C_ROOKANDPAWNMOVEMENT:0.5105057456989508
C_CENTERCONTROL:0.5102736170504312
C_DEVELOPPIECES:0.501419722840217
C_MATERIAL:0.4931620769408329
C_MOVECOUNT:0.4969453794775364
