ELO:1003
CE_PASSEDPAWNS:0.4758671450548942
CE_PAWNWEAKNESSES:0.5118188001903646
CE_PIECEACTIVITY:0.5
CE_KINGPAWNSHIELD:0.5
CE_PIECECOORDINATION:0.5
CE_MATERIAL:0.509402116892792
CE_KINGSAFETY:0.5
C_PIECESQUARETABLES:0.5198353934818969
C_MOBILITY:0.4955772492442601
C_KINGSAFETY:0.5068965064423498
C_PAWNSTRUCTURE:0.49883582609433114
C_PIECECOORDINATION:0.5067306167823332
C_ROOKANDPAWNMOVEMENT:0.5067306167823332
C_CENTERCONTROL:0.5033154989388537
C_DEVELOPPIECES:0.4992951509559596
C_MATERIAL:0.4899790427454364
C_MOVECOUNT:0.5043620796680527
