ELO:975
CE_PASSEDPAWNS:0.42902940515735305
CE_PAWNWEAKNESSES:0.4693392744592887
CE_PIECEACTIVITY:0.5037794796456295
CE_KINGPAWNSHIELD:0.479173758562018
CE_PIECECOORDINATION:0.49735050091260646
CE_MATERIAL:0.4832730759326245
CE_KINGSAFETY:0.5
C_PIECESQUARETABLES:0.5
C_MOBILITY:0.46989050929214177
C_KINGSAFETY:0.4966951947397706
C_PAWNSTRUCTURE:0.5132556761641586
C_PIECECOORDINATION:0.49275043153174874
C_ROOK:0.4984338265937287
CE_ROOK:0.5312266395944001
C_CENTERCONTROL:0.4746938423660267
C_DEVELOPPIECES:0.503398106028099
C_MATERIAL:0.5196322504546513
C_MOVECOUNT:0.5163210448785943
C_PAWNMOVEMENT:0.5179892367790107
