ELO:980
CE_PASSEDPAWNS:0.49382424745363945
CE_PAWNWEAKNESSES:0.5
CE_PIECEACTIVITY:0.4858179907316005
CE_KINGPAWNSHIELD:0.5147799617669808
CE_PIECECOORDINATION:0.4881190932943889
CE_MATERIAL:0.5272936415144512
CE_KINGSAFETY:0.5
C_PIECESQUARETABLES:0.5
C_MOBILITY:0.5321331988907498
C_KINGSAFETY:0.49819574691957796
C_PAWNSTRUCTURE:0.5018556800726156
C_PIECECOORDINATION:0.49654970355114814
C_ROOKANDPAWNMOVEMENT:0.49654970355114814
C_CENTERCONTROL:0.49485939526744854
C_DEVELOPPIECES:0.48222765425861014
C_MATERIAL:0.4987069452587998
C_MOVECOUNT:0.5
