ELO:907
CE_PASSEDPAWNS:0.4786736186795309
CE_PAWNWEAKNESSES:0.6028839577102242
CE_PIECEACTIVITY:0.4642721152010656
CE_KINGPAWNSHIELD:0.5006804482660564
CE_PIECECOORDINATION:0.4029159142935606
CE_MATERIAL:0.33930880371781447
CE_KINGSAFETY:0.5
C_PIECESQUARETABLES:0.5
C_MOBILITY:0.4433840199689811
C_KINGSAFETY:0.37067086318412845
C_PAWNSTRUCTURE:0.4169800246535741
C_PIECECOORDINATION:0.5057678396141324
C_ROOKANDPAWNMOVEMENT:0.5057678396141324
C_CENTERCONTROL:0.549937843567229
C_DEVELOPPIECES:0.48154743547262935
C_MATERIAL:0.38026678926166957
