ELO:949
CE_PASSEDPAWNS:0.5583452814404458
CE_PAWNWEAKNESSES:0.5438126933758753
CE_PIECEACTIVITY:0.5851110680343828
CE_KINGPAWNSHIELD:0.4849973789310112
CE_PIECECOORDINATION:0.5655759688583214
CE_MATERIAL:0.45672981618675185
CE_KINGSAFETY:0.5324774028821586
C_PIECESQUARETABLES:0.4417319229013823
C_MOBILITY:0.42152910268755484
C_KINGSAFETY:0.5489820337789402
C_PAWNSTRUCTURE:0.4366085942259695
C_PIECECOORDINATION:0.5673173931456125
C_ROOKANDPAWNMOVEMENT:0.5673173931456125
C_CENTERCONTROL:0.4808627113402879
C_DEVELOPPIECES:0.5855127319091341
C_MATERIAL:0.468031331277224
