ELO:986
CE_PASSEDPAWNS:0.5367264038921028
CE_PAWNWEAKNESSES:0.5070079377180754
CE_PIECEACTIVITY:0.5355047839319176
CE_KINGPAWNSHIELD:0.4577938508790435
CE_PIECECOORDINATION:0.5578220946764519
CE_MATERIAL:0.4791316749681946
CE_KINGSAFETY:0.5184822538257734
C_PIECESQUARETABLES:0.5223897630948685
C_MOBILITY:0.4111712960684714
C_KINGSAFETY:0.5324986457502062
C_PAWNSTRUCTURE:0.4694572048498134
C_PIECECOORDINATION:0.5596315919243485
C_ROOKANDPAWNMOVEMENT:0.5596315919243485
C_CENTERCONTROL:0.48244301618977337
C_DEVELOPPIECES:0.5929702960705613
C_MATERIAL:0.41132032514343264
