ELO:1023
CE_PASSEDPAWNS:0.4655575812467757
CE_PAWNWEAKNESSES:0.4617540577468027
CE_PIECEACTIVITY:0.49147627041474146
CE_KINGPAWNSHIELD:0.5661683447176373
CE_PIECECOORDINATION:0.4866222511382604
CE_MATERIAL:0.5403882646233721
CE_KINGSAFETY:0.5116612692397864
C_PIECESQUARETABLES:0.5
C_MOBILITY:0.5757805512777072
C_KINGSAFETY:0.5437061806739568
C_PAWNSTRUCTURE:0.504760231042179
C_PIECECOORDINATION:0.4979857256989201
C_ROOKANDPAWNMOVEMENT:0.4979857256989201
C_CENTERCONTROL:0.5106724934550959
C_DEVELOPPIECES:0.4761412684173256
C_MATERIAL:0.4786282777825631
