ELO:983
CE_PASSEDPAWNS:0.48591664028929543
CE_PAWNWEAKNESSES:0.5048608771470392
CE_PIECEACTIVITY:0.4956478517055814
CE_KINGPAWNSHIELD:0.5
CE_PIECECOORDINATION:0.5330140699482026
CE_MATERIAL:0.5027906780355499
CE_KINGSAFETY:0.5
C_PIECESQUARETABLES:0.5
C_MOBILITY:0.503741309569255
C_KINGSAFETY:0.4755386437289573
C_PAWNSTRUCTURE:0.508645937325622
C_PIECECOORDINATION:0.46644479029054986
C_ROOKANDPAWNMOVEMENT:0.46644479029054986
C_CENTERCONTROL:0.499884134134043
C_DEVELOPPIECES:0.48803290617131295
C_MATERIAL:0.49971900363526756
C_MOVECOUNT:0.5
