ELO:942
CE_PASSEDPAWNS:0.4931136276450371
CE_PAWNWEAKNESSES:0.565548150761985
CE_PIECEACTIVITY:0.5831774316746179
CE_KINGPAWNSHIELD:0.506963330623954
CE_PIECECOORDINATION:0.5477189323350977
CE_MATERIAL:0.5157732951411881
CE_KINGSAFETY:0.46912899441250466
C_PIECESQUARETABLES:0.505405954938579
C_MOBILITY:0.44598602556596084
C_KINGSAFETY:0.44837413812282356
C_PAWNSTRUCTURE:0.5214776412757888
C_PIECECOORDINATION:0.4083636133651833
C_ROOKANDPAWNMOVEMENT:0.4083636133651833
C_CENTERCONTROL:0.498971469286975
C_DEVELOPPIECES:0.5161892434968357
C_MATERIAL:0.6020973635547919
