ELO:950
CE_PASSEDPAWNS:0.5591881802824031
CE_PAWNWEAKNESSES:0.5376237272983161
CE_PIECEACTIVITY:0.5687879527358243
CE_KINGPAWNSHIELD:0.48605004587119527
CE_PIECECOORDINATION:0.5763175115620637
CE_MATERIAL:0.4523394994374125
CE_KINGSAFETY:0.5324774028821586
C_PIECESQUARETABLES:0.4401647576424266
C_MOBILITY:0.42594523783541943
C_KINGSAFETY:0.5577889686364221
C_PAWNSTRUCTURE:0.4459769651596101
C_PIECECOORDINATION:0.5610657786139327
C_ROOKANDPAWNMOVEMENT:0.5610657786139327
C_CENTERCONTROL:0.4628803673512421
C_DEVELOPPIECES:0.5757875740666341
C_MATERIAL:0.457849719687835
