ELO:1000
CE_PASSEDPAWNS:0.5172847892133481
CE_PAWNWEAKNESSES:0.486832615341871
CE_PIECEACTIVITY:0.48176550880282
CE_KINGPAWNSHIELD:0.5225553119011697
CE_PIECECOORDINATION:0.4626027335736151
CE_MATERIAL:0.4388640860765894
CE_KINGSAFETY:0.46731693937918156
C_PIECESQUARETABLES:0.5023044886467026
C_MOBILITY:0.5182643147057436
C_KINGSAFETY:0.4820467604069081
C_PAWNSTRUCTURE:0.48454539254088885
C_PIECECOORDINATION:0.5145567838913871
C_ROOKANDPAWNMOVEMENT:0.5145567838913871
C_CENTERCONTROL:0.5124066959882175
C_DEVELOPPIECES:0.5004418764127029
C_MATERIAL:0.4974230542860332
