ELO:1000
CE_PASSEDPAWNS:0.5250655408062819
CE_PAWNWEAKNESSES:0.4972686580535712
CE_PIECEACTIVITY:0.5279044468557289
CE_KINGPAWNSHIELD:0.5126359423762047
CE_PIECECOORDINATION:0.5089849059737336
CE_MATERIAL:0.5076619909580782
CE_KINGSAFETY:0.5116977129527522
C_PIECESQUARETABLES:0.5201400260276194
C_MOBILITY:0.5074621095687144
C_KINGSAFETY:0.47727335744871435
C_PAWNSTRUCTURE:0.5075629357113217
C_PIECECOORDINATION:0.48925109775538234
C_ROOKANDPAWNMOVEMENT:0.48925109775538234
C_CENTERCONTROL:0.5042247632554867
C_DEVELOPPIECES:0.4929054822054645
C_MATERIAL:0.502170626919303
