ELO:634
CE_PASSEDPAWNS:0.47891820597312335
CE_PAWNWEAKNESSES:0.49295192997793685
CE_PIECEACTIVITY:0.5127128119565317
CE_KINGPAWNSHIELD:0.5467774553614542
CE_PIECECOORDINATION:0.5479676238763073
CE_MATERIAL:0.4833780856961917
CE_KINGSAFETY:0.5017296577727319
C_PIECESQUARETABLES:0.5756796312980169
C_MOBILITY:0.47719381577335634
C_KINGSAFETY:0.5240323867852992
C_PAWNSTRUCTURE:0.5262282484408877
C_PIECECOORDINATION:0.4857943220988003
C_ROOKANDPAWNMOVEMENT:0.4857943220988003
C_CENTERCONTROL:0.5354199014335271
C_DEVELOPPIECES:0.5818801390759052
C_MATERIAL:0.5600354561282934
C_MOVECOUNT:0.48765121613046314
