ELO:964
CE_PASSEDPAWNS:0.49828785764914635
CE_PAWNWEAKNESSES:0.5
CE_PIECEACTIVITY:0.4791422965900773
CE_KINGPAWNSHIELD:0.5473882445772649
CE_PIECECOORDINATION:0.4988830367256115
CE_MATERIAL:0.4504127251363981
CE_KINGSAFETY:0.4735706744112378
C_PIECESQUARETABLES:0.5
C_MOBILITY:0.5214623654573869
C_KINGSAFETY:0.522219577319474
C_PAWNSTRUCTURE:0.5206624065768257
C_PIECECOORDINATION:0.5
C_ROOKANDPAWNMOVEMENT:0.5
C_CENTERCONTROL:0.5256454184203778
C_DEVELOPPIECES:0.5
C_MATERIAL:0.49665245099471
C_MOVECOUNT:0.5
