ELO:1011
CE_PASSEDPAWNS:0.4970090443777266
CE_PAWNWEAKNESSES:0.5414434619684804
CE_PIECEACTIVITY:0.4221492729897826
CE_KINGPAWNSHIELD:0.5389701643721835
CE_PIECECOORDINATION:0.4857529073276322
CE_MATERIAL:0.3919257820376137
CE_KINGSAFETY:0.5041928970079688
C_PIECESQUARETABLES:0.5290108564576624
C_MOBILITY:0.47992345183205604
C_KINGSAFETY:0.4428466135762459
C_PAWNSTRUCTURE:0.46601914350540447
C_PIECECOORDINATION:0.4907387456319888
C_ROOKANDPAWNMOVEMENT:0.4907387456319888
C_CENTERCONTROL:0.4485574394551838
C_DEVELOPPIECES:0.49712999789495665
C_MATERIAL:0.4851294268325365
