ELO:963
CE_PASSEDPAWNS:0.49172886306561897
CE_PAWNWEAKNESSES:0.5245594364798619
CE_PIECEACTIVITY:0.5397067564951061
CE_KINGPAWNSHIELD:0.5572003795764335
CE_PIECECOORDINATION:0.47768084450944287
CE_MATERIAL:0.5501541493715393
CE_KINGSAFETY:0.5044870434765172
C_PIECESQUARETABLES:0.5006389411300483
C_MOBILITY:0.4625543636014735
C_KINGSAFETY:0.5009330359810235
C_PAWNSTRUCTURE:0.5278383022447829
C_PIECECOORDINATION:0.4808060775941691
C_ROOK:0.4982612363632709
CE_ROOK:0.5218753921039442
C_CENTERCONTROL:0.5384760816333962
C_DEVELOPPIECES:0.4938463612989964
C_MATERIAL:0.4797277902814665
C_MOVECOUNT:0.5229630644894979
C_PAWNMOVEMENT:0.5026584546821243
