ELO:885
CE_PASSEDPAWNS:0.5131842340432107
CE_PAWNWEAKNESSES:0.5093387279751133
CE_PIECEACTIVITY:0.4948513057447122
CE_KINGPAWNSHIELD:0.47313737564850333
CE_PIECECOORDINATION:0.546984941021722
CE_MATERIAL:0.5464505589429973
CE_KINGSAFETY:0.5
C_PIECESQUARETABLES:0.5
C_MOBILITY:0.4625543636014735
C_KINGSAFETY:0.5009330359810235
C_PAWNSTRUCTURE:0.5033832074542357
C_PIECECOORDINATION:0.5356951766240081
C_ROOK:0.49485747596629215
CE_ROOK:0.4680774920172979
C_CENTERCONTROL:0.5153884292238884
C_DEVELOPPIECES:0.4763163400530111
C_MATERIAL:0.4567009889918847
C_MOVECOUNT:0.4886896879373309
C_PAWNMOVEMENT:0.473179471647893
