ELO:1011
CE_PASSEDPAWNS:0.49538014810845576
CE_PAWNWEAKNESSES:0.5057028131660161
CE_PIECEACTIVITY:0.5265740213369621
CE_KINGPAWNSHIELD:0.465781535557176
CE_PIECECOORDINATION:0.5596212806240942
CE_MATERIAL:0.4968671027962708
CE_KINGSAFETY:0.5
C_PIECESQUARETABLES:0.47238539532026624
C_MOBILITY:0.4886089924435106
C_KINGSAFETY:0.4998486566130445
C_PAWNSTRUCTURE:0.5015803376957092
C_PIECECOORDINATION:0.47805107828139126
C_ROOKANDPAWNMOVEMENT:0.47805107828139126
C_CENTERCONTROL:0.4784039840534033
C_DEVELOPPIECES:0.5120798790803297
C_MATERIAL:0.49701807761496697
C_MOVECOUNT:0.5
