ELO:1033
CE_PASSEDPAWNS:0.5079557498813517
CE_PAWNWEAKNESSES:0.5
CE_PIECEACTIVITY:0.5037005268843887
CE_KINGPAWNSHIELD:0.5086812743044716
CE_PIECECOORDINATION:0.5087560478135099
CE_MATERIAL:0.4936333896939718
CE_KINGSAFETY:0.4977047420365491
C_PIECESQUARETABLES:0.5
C_MOBILITY:0.48765544574747977
C_KINGSAFETY:0.5021097278774873
C_PAWNSTRUCTURE:0.5241127000861279
C_PIECECOORDINATION:0.5
C_ROOK:0.5
CE_ROOK:0.5
C_CENTERCONTROL:0.5
C_DEVELOPPIECES:0.5
C_MATERIAL:0.5119765533061723
C_MOVECOUNT:0.5072078216734446
C_PAWNMOVEMENT:0.5
