ELO:1035
CE_PASSEDPAWNS:0.4935415713966914
CE_PAWNWEAKNESSES:0.5
CE_PIECEACTIVITY:0.5033946515231233
CE_KINGPAWNSHIELD:0.5
CE_PIECECOORDINATION:0.4986382488496466
CE_MATERIAL:0.48902049280830395
CE_KINGSAFETY:0.5
C_PIECESQUARETABLES:0.5
C_MOBILITY:0.5036509385339518
C_KINGSAFETY:0.49164691250765485
C_PAWNSTRUCTURE:0.4913832803040714
C_PIECECOORDINATION:0.5
C_ROOKANDPAWNMOVEMENT:0.5
C_CENTERCONTROL:0.5087049974137641
C_DEVELOPPIECES:0.5
C_MATERIAL:0.4878530396537873
C_MOVECOUNT:0.492452027616725
