ELO:910
CE_PASSEDPAWNS:0.507773653948743
CE_PAWNWEAKNESSES:0.5093543473206396
CE_PIECEACTIVITY:0.4852853949902245
CE_KINGPAWNSHIELD:0.4348740057173778
CE_PIECECOORDINATION:0.4540295174094656
CE_MATERIAL:0.48947803906954535
CE_KINGSAFETY:0.46926753177493474
C_PIECESQUARETABLES:0.4226542331672643
C_MOBILITY:0.42429703435535854
C_KINGSAFETY:0.46453479861618174
C_PAWNSTRUCTURE:0.5071245488406438
C_PIECECOORDINATION:0.5058552268860632
C_ROOKANDPAWNMOVEMENT:0.5058552268860632
C_CENTERCONTROL:0.5115751445268356
C_DEVELOPPIECES:0.45633654771695575
C_MATERIAL:0.5470687307473605
C_MOVECOUNT:0.4954658051963198
