ELO:992
CE_PASSEDPAWNS:0.3671258369474086
CE_PAWNWEAKNESSES:0.5135006471098048
CE_PIECEACTIVITY:0.5101151191377302
CE_KINGPAWNSHIELD:0.3988130596815317
CE_PIECECOORDINATION:0.5138962178399454
CE_MATERIAL:0.5030403841932721
CE_KINGSAFETY:0.4995613520494817
C_PIECESQUARETABLES:0.5
C_MOBILITY:0.5120178448815899
C_KINGSAFETY:0.48974730838856134
C_PAWNSTRUCTURE:0.3974960377332616
C_PIECECOORDINATION:0.5562674503149065
C_ROOKANDPAWNMOVEMENT:0.5562674503149065
C_CENTERCONTROL:0.3628208528192532
C_DEVELOPPIECES:0.5475244071265893
C_MATERIAL:0.6201906658387899
