ELO:969
CE_PASSEDPAWNS:0.47679588241319887
CE_PAWNWEAKNESSES:0.4727533456990492
CE_PIECEACTIVITY:0.4724200249031373
CE_KINGPAWNSHIELD:0.5294899832318587
CE_PIECECOORDINATION:0.5443506670244258
CE_MATERIAL:0.411862704945323
CE_KINGSAFETY:0.499239084935944
C_PIECESQUARETABLES:0.5033937296617003
C_MOBILITY:0.5882284645247291
C_KINGSAFETY:0.3577973222147831
C_PAWNSTRUCTURE:0.45333272793098156
C_PIECECOORDINATION:0.5797308530692772
C_ROOKANDPAWNMOVEMENT:0.5797308530692772
C_CENTERCONTROL:0.3748944998581693
C_DEVELOPPIECES:0.5367818471757483
C_MATERIAL:0.4415723563704207
