ELO:1019
CE_PASSEDPAWNS:0.5278780378993544
CE_PAWNWEAKNESSES:0.43601423161442215
CE_PIECEACTIVITY:0.46771851935007297
CE_KINGPAWNSHIELD:0.5493750979500648
CE_PIECECOORDINATION:0.5925667226859128
CE_MATERIAL:0.41840940203625315
CE_KINGSAFETY:0.5
C_PIECESQUARETABLES:0.5091294159012428
C_MOBILITY:0.5706952454748667
C_KINGSAFETY:0.3848547434998263
C_PAWNSTRUCTURE:0.4855300750974549
C_PIECECOORDINATION:0.5582868971918887
C_ROOKANDPAWNMOVEMENT:0.5582868971918887
C_CENTERCONTROL:0.42841230420618753
C_DEVELOPPIECES:0.5448526990382543
C_MATERIAL:0.47617732475086494
