ELO:988
CE_PASSEDPAWNS:0.5031449870023323
CE_PAWNWEAKNESSES:0.5
CE_PIECEACTIVITY:0.49014513466120746
CE_KINGPAWNSHIELD:0.499930351107778
CE_PIECECOORDINATION:0.5
CE_MATERIAL:0.489664511759887
CE_KINGSAFETY:0.49326187233909025
C_PIECESQUARETABLES:0.5
C_MOBILITY:0.4998973335527132
C_KINGSAFETY:0.4955472781447485
C_PAWNSTRUCTURE:0.5
C_PIECECOORDINATION:0.5
C_ROOKANDPAWNMOVEMENT:0.5
C_CENTERCONTROL:0.5
C_DEVELOPPIECES:0.5
C_MATERIAL:0.5
C_MOVECOUNT:0.5
