ELO:950
CE_PASSEDPAWNS:0.47562233512295965
CE_PAWNWEAKNESSES:0.46452072494055824
CE_PIECEACTIVITY:0.5237814146198974
CE_KINGPAWNSHIELD:0.49223207858480145
CE_PIECECOORDINATION:0.5770436879464856
CE_MATERIAL:0.40943057648790054
CE_KINGSAFETY:0.5207511043011296
C_PIECESQUARETABLES:0.5004244140998118
C_MOBILITY:0.536922921816425
C_KINGSAFETY:0.37116105570896546
C_PAWNSTRUCTURE:0.4679806947218835
C_PIECECOORDINATION:0.629327374962458
C_ROOKANDPAWNMOVEMENT:0.629327374962458
C_CENTERCONTROL:0.3332890920465512
C_DEVELOPPIECES:0.5141217251420251
C_MATERIAL:0.3971714055992459
