ELO:988
CE_PASSEDPAWNS:0.5079721957791634
CE_PAWNWEAKNESSES:0.5
CE_PIECEACTIVITY:0.5
CE_KINGPAWNSHIELD:0.5
CE_PIECECOORDINATION:0.5
CE_MATERIAL:0.5054512316678117
CE_KINGSAFETY:0.5
C_PIECESQUARETABLES:0.5009652567865599
C_MOBILITY:0.5
C_KINGSAFETY:0.48509150068236123
C_PAWNSTRUCTURE:0.4954624133252429
C_PIECECOORDINATION:0.5022422945347002
C_ROOKANDPAWNMOVEMENT:0.5022422945347002
C_CENTERCONTROL:0.5
C_DEVELOPPIECES:0.49981177501003743
C_MATERIAL:0.5
C_MOVECOUNT:0.5
