ELO:1080
CE_PASSEDPAWNS:0.4431649801820686
CE_PAWNWEAKNESSES:0.5148612179086203
CE_PIECEACTIVITY:0.5822554920959389
CE_KINGPAWNSHIELD:0.6208131797722044
CE_PIECECOORDINATION:0.5521509589252934
CE_MATERIAL:0.4332326372991408
CE_KINGSAFETY:0.5080619277970465
C_PIECESQUARETABLES:0.4979895555976449
C_MOBILITY:0.5393508398350264
C_KINGSAFETY:0.6056669772624188
C_PAWNSTRUCTURE:0.41040599071577993
C_PIECECOORDINATION:0.48430233874975176
C_ROOKANDPAWNMOVEMENT:0.48430233874975176
C_CENTERCONTROL:0.578110009763057
C_DEVELOPPIECES:0.4813605424622509
C_MATERIAL:0.41403943896020695
