ELO:887
CE_PASSEDPAWNS:0.5012844779161002
CE_PAWNWEAKNESSES:0.5018398526033414
CE_PIECEACTIVITY:0.46236621057551086
CE_KINGPAWNSHIELD:0.48013798436549887
CE_PIECECOORDINATION:0.522146320435876
CE_MATERIAL:0.5048103696641969
CE_KINGSAFETY:0.48503329353336594
C_PIECESQUARETABLES:0.5203384585896494
C_MOBILITY:0.4991333898626371
C_KINGSAFETY:0.468399095405451
C_PAWNSTRUCTURE:0.4972618911890334
C_PIECECOORDINATION:0.5042115839507272
C_ROOKANDPAWNMOVEMENT:0.5042115839507272
C_CENTERCONTROL:0.5139995226861898
C_DEVELOPPIECES:0.49102890348099587
C_MATERIAL:0.49468919387973803
C_MOVECOUNT:0.5
