ELO:995
CE_PASSEDPAWNS:0.4891665490903336
CE_PAWNWEAKNESSES:0.48523089269093966
CE_PIECEACTIVITY:0.4946360149126919
CE_KINGPAWNSHIELD:0.5
CE_PIECECOORDINATION:0.5562566908745821
CE_MATERIAL:0.5197799134650005
CE_KINGSAFETY:0.5332046869288682
C_PIECESQUARETABLES:0.47642061286806475
C_MOBILITY:0.49758776577406455
C_KINGSAFETY:0.487229245440105
C_PAWNSTRUCTURE:0.5198784577912907
C_PIECECOORDINATION:0.5544853113860224
C_ROOK:0.48880140768566405
CE_ROOK:0.49107754002029386
C_CENTERCONTROL:0.49274263532949136
C_DEVELOPPIECES:0.511348003727606
C_MATERIAL:0.48748445210287317
C_MOVECOUNT:0.49548000066779185
C_PAWNMOVEMENT:0.5081377063832955
