ELO:982
CE_PASSEDPAWNS:0.528933229358945
CE_PAWNWEAKNESSES:0.49045820106178784
CE_PIECEACTIVITY:0.5110866535637358
CE_KINGPAWNSHIELD:0.5030571267066213
CE_PIECECOORDINATION:0.5001721028169277
CE_MATERIAL:0.4879011783337348
CE_KINGSAFETY:0.4983295736831492
C_PIECESQUARETABLES:0.5084327290089862
C_MOBILITY:0.5153524752472222
C_KINGSAFETY:0.5034211788601678
C_PAWNSTRUCTURE:0.5134943061162555
C_PIECECOORDINATION:0.5064641527641616
C_ROOKANDPAWNMOVEMENT:0.5064641527641616
C_CENTERCONTROL:0.48959775288490426
C_DEVELOPPIECES:0.518899036024845
C_MATERIAL:0.542513965735462
C_MOVECOUNT:0.5
