ELO:1001
CE_PASSEDPAWNS:0.507382649698263
CE_PAWNWEAKNESSES:0.517799131242908
CE_PIECEACTIVITY:0.499727573960409
CE_KINGPAWNSHIELD:0.4904458852724681
CE_PIECECOORDINATION:0.4977710575614237
CE_MATERIAL:0.5208777979959445
CE_KINGSAFETY:0.5
C_PIECESQUARETABLES:0.5
C_MOBILITY:0.48113150113811276
C_KINGSAFETY:0.4670019387709554
C_PAWNSTRUCTURE:0.5253235264516443
C_PIECECOORDINATION:0.529637749746427
C_ROOK:0.45282523255932994
CE_ROOK:0.4863324650030785
C_CENTERCONTROL:0.5259603426439946
C_DEVELOPPIECES:0.49043214331850343
C_MATERIAL:0.47370363161998413
C_MOVECOUNT:0.5058958209786347
C_PAWNMOVEMENT:0.4890726682780991
