ELO:1011
CE_PASSEDPAWNS:0.4901756030931419
CE_PAWNWEAKNESSES:0.49154761836355304
CE_PIECEACTIVITY:0.5070505963190971
CE_KINGPAWNSHIELD:0.49562455770316494
CE_PIECECOORDINATION:0.5464183919960411
CE_MATERIAL:0.47240481231093095
CE_KINGSAFETY:0.5
C_PIECESQUARETABLES:0.4982765965462062
C_MOBILITY:0.4862328758979123
C_KINGSAFETY:0.4964646837631922
C_PAWNSTRUCTURE:0.5227922339590255
C_PIECECOORDINATION:0.5437173703680368
C_ROOK:0.5
CE_ROOK:0.5016498351605478
C_CENTERCONTROL:0.5043881678694414
C_DEVELOPPIECES:0.511348003727606
C_MATERIAL:0.48748445210287317
C_MOVECOUNT:0.49548000066779185
C_PAWNMOVEMENT:0.5177238469083996
