ELO:985
CE_PASSEDPAWNS:0.4166736028743455
CE_PAWNWEAKNESSES:0.5071767399934799
CE_PIECEACTIVITY:0.3830072977508657
CE_KINGPAWNSHIELD:0.5142813164604932
CE_PIECECOORDINATION:0.5340481861464542
CE_MATERIAL:0.48559032708920974
CE_KINGSAFETY:0.503149293539708
C_PIECESQUARETABLES:0.5135226319689417
C_MOBILITY:0.4514008605912132
C_KINGSAFETY:0.4215982421046945
C_PAWNSTRUCTURE:0.5325492561601246
C_PIECECOORDINATION:0.5191764518897901
C_ROOKANDPAWNMOVEMENT:0.5191764518897901
C_CENTERCONTROL:0.4919596825903806
C_DEVELOPPIECES:0.5139465257261576
C_MATERIAL:0.47816992522010743
