ELO:1005
CE_PASSEDPAWNS:0.4142424698456827
CE_PAWNWEAKNESSES:0.5018408587739157
CE_PIECEACTIVITY:0.376744470137357
CE_KINGPAWNSHIELD:0.521883201779564
CE_PIECECOORDINATION:0.5260845765982067
CE_MATERIAL:0.48417703319865424
CE_KINGSAFETY:0.5131341974199525
C_PIECESQUARETABLES:0.5315996017833045
C_MOBILITY:0.4599386418644163
C_KINGSAFETY:0.45070579291350127
C_PAWNSTRUCTURE:0.4844329224544107
C_PIECECOORDINATION:0.5384362851483797
C_ROOKANDPAWNMOVEMENT:0.5384362851483797
C_CENTERCONTROL:0.5124593545885959
C_DEVELOPPIECES:0.5158673468611059
C_MATERIAL:0.4732032747634485
