ELO:897
CE_PASSEDPAWNS:0.5076901570634045
CE_PAWNWEAKNESSES:0.5094264269558818
CE_PIECEACTIVITY:0.48802646145618933
CE_KINGPAWNSHIELD:0.49039904200378703
CE_PIECECOORDINATION:0.4601791717164298
CE_MATERIAL:0.49666879909701234
CE_KINGSAFETY:0.471058983160831
C_PIECESQUARETABLES:0.48429022270795463
C_MOBILITY:0.4205684766223223
C_KINGSAFETY:0.4817793274364646
C_PAWNSTRUCTURE:0.4995912841646925
C_PIECECOORDINATION:0.5091818295541969
C_ROOKANDPAWNMOVEMENT:0.5091818295541969
C_CENTERCONTROL:0.5049995642487988
C_DEVELOPPIECES:0.4795814323294613
C_MATERIAL:0.5064676518000697
C_MOVECOUNT:0.4947854506623509
