ELO:1006
CE_PASSEDPAWNS:0.5
CE_PAWNWEAKNESSES:0.4937190882787751
CE_PIECEACTIVITY:0.4978348586000485
CE_KINGPAWNSHIELD:0.5
CE_PIECECOORDINATION:0.48110324604068827
CE_MATERIAL:0.524431643956131
CE_KINGSAFETY:0.5
C_PIECESQUARETABLES:0.5
C_MOBILITY:0.499110786450322
C_KINGSAFETY:0.5113643218413719
C_PAWNSTRUCTURE:0.5048913578841103
C_PIECECOORDINATION:0.5120648006284545
C_ROOKANDPAWNMOVEMENT:0.5120648006284545
C_CENTERCONTROL:0.5004395543579273
C_DEVELOPPIECES:0.5029706385901812
C_MATERIAL:0.5
C_MOVECOUNT:0.4852984287781274
