ELO:997
CE_PASSEDPAWNS:0.4823859452277211
CE_PAWNWEAKNESSES:0.49937251873107597
CE_PIECEACTIVITY:0.5120251511063144
CE_KINGPAWNSHIELD:0.5202269624494456
CE_PIECECOORDINATION:0.4893504058284727
CE_MATERIAL:0.5199924482568558
CE_KINGSAFETY:0.5
C_PIECESQUARETABLES:0.5
C_MOBILITY:0.5274025128559238
C_KINGSAFETY:0.4745022702053904
C_PAWNSTRUCTURE:0.4897271136415368
C_PIECECOORDINATION:0.5544853113860224
C_ROOK:0.5125096641609643
CE_ROOK:0.48177680341716517
C_CENTERCONTROL:0.4969546341942513
C_DEVELOPPIECES:0.4882387063999127
C_MATERIAL:0.5328545172180807
C_MOVECOUNT:0.4787977668302781
C_PAWNMOVEMENT:0.4958831919451372
