ELO:1012
CE_PASSEDPAWNS:0.49664869345654405
CE_PAWNWEAKNESSES:0.4481724358755611
CE_PIECEACTIVITY:0.46771851935007297
CE_KINGPAWNSHIELD:0.5348085824021195
CE_PIECECOORDINATION:0.5662520094298639
CE_MATERIAL:0.40018792736158226
CE_KINGSAFETY:0.4873898090333217
C_PIECESQUARETABLES:0.5084363952607205
C_MOBILITY:0.5866768882524095
C_KINGSAFETY:0.3731072175829506
C_PAWNSTRUCTURE:0.508749132911528
C_PIECECOORDINATION:0.5738247205008523
C_ROOKANDPAWNMOVEMENT:0.5738247205008523
C_CENTERCONTROL:0.4402479091024061
C_DEVELOPPIECES:0.5285886901545279
C_MATERIAL:0.4856879221122281
