ELO:846
CE_PASSEDPAWNS:0.46692168485933483
CE_PAWNWEAKNESSES:0.48453886596350837
CE_PIECEACTIVITY:0.46418314197973354
CE_KINGPAWNSHIELD:0.5232896603643087
CE_PIECECOORDINATION:0.48905348255424946
CE_MATERIAL:0.5219012622437182
CE_KINGSAFETY:0.42295099109398065
C_PIECESQUARETABLES:0.4960564828211788
C_MOBILITY:0.5044765474370747
C_KINGSAFETY:0.4695021368846517
C_PAWNSTRUCTURE:0.5234171374915695
C_PIECECOORDINATION:0.4250638842428557
C_ROOKANDPAWNMOVEMENT:0.4250638842428557
C_CENTERCONTROL:0.5082074760858926
C_DEVELOPPIECES:0.4697648505316879
C_MATERIAL:0.39897035006460996
C_MOVECOUNT:0.5
