ELO:902
CE_PASSEDPAWNS:0.4699193936406766
CE_PAWNWEAKNESSES:0.4936046480238502
CE_PIECEACTIVITY:0.40961397306971603
CE_KINGPAWNSHIELD:0.5083689068642137
CE_PIECECOORDINATION:0.47136216057753544
CE_MATERIAL:0.47559017766955014
CE_KINGSAFETY:0.5275949891301078
C_PIECESQUARETABLES:0.49678302286418585
C_MOBILITY:0.5402769600742984
C_KINGSAFETY:0.43644955956007836
C_PAWNSTRUCTURE:0.47959674212616565
C_PIECECOORDINATION:0.5427438517448254
C_ROOKANDPAWNMOVEMENT:0.5427438517448254
C_CENTERCONTROL:0.5507243833350368
C_DEVELOPPIECES:0.5706450747525871
C_MATERIAL:0.5644029805824373
