ELO:947
CE_PASSEDPAWNS:0.5
CE_PAWNWEAKNESSES:0.4978587745585702
CE_PIECEACTIVITY:0.4974787769403452
CE_KINGPAWNSHIELD:0.501415570425148
CE_PIECECOORDINATION:0.46007739961404653
CE_MATERIAL:0.5045778071569191
CE_KINGSAFETY:0.5185958881804275
C_PIECESQUARETABLES:0.4611494958264444
C_MOBILITY:0.5174838111958837
C_KINGSAFETY:0.5065411021093484
C_PAWNSTRUCTURE:0.5210749750807564
C_PIECECOORDINATION:0.4882640969262347
C_ROOKANDPAWNMOVEMENT:0.4882640969262347
C_CENTERCONTROL:0.5059176547422036
C_DEVELOPPIECES:0.4993637729776817
C_MATERIAL:0.4739072420694615
C_MOVECOUNT:0.5
