ELO:1013
CE_PASSEDPAWNS:0.5129710692004411
CE_PAWNWEAKNESSES:0.49508572526933387
CE_PIECEACTIVITY:0.4982884567668562
CE_KINGPAWNSHIELD:0.4967824299224521
CE_PIECECOORDINATION:0.5
CE_MATERIAL:0.5093470228667244
CE_KINGSAFETY:0.5250542029843027
C_PIECESQUARETABLES:0.5079440597497141
C_MOBILITY:0.509225975986132
C_KINGSAFETY:0.48784219052289074
C_PAWNSTRUCTURE:0.48958196349424143
C_PIECECOORDINATION:0.4974452259401661
C_ROOKANDPAWNMOVEMENT:0.4974452259401661
C_CENTERCONTROL:0.49693581384739344
C_DEVELOPPIECES:0.49327061091228863
C_MATERIAL:0.5076376266959478
C_MOVECOUNT:0.47233128554976167
