ELO:967
CE_PASSEDPAWNS:0.47225202925463455
CE_PAWNWEAKNESSES:0.5101403033403491
CE_PIECEACTIVITY:0.541155974531742
CE_KINGPAWNSHIELD:0.49078577657719685
CE_PIECECOORDINATION:0.47087676000921885
CE_MATERIAL:0.5049248205511747
CE_KINGSAFETY:0.5
C_PIECESQUARETABLES:0.5
C_MOBILITY:0.5104961968054772
C_KINGSAFETY:0.48747136482245745
C_PAWNSTRUCTURE:0.47749625524981604
C_PIECECOORDINATION:0.49230030196196856
C_ROOKANDPAWNMOVEMENT:0.49230030196196856
C_CENTERCONTROL:0.5309781823614677
C_DEVELOPPIECES:0.4981871778621248
C_MATERIAL:0.48442491173463015
C_MOVECOUNT:0.5
