ELO:978
CE_PASSEDPAWNS:0.48574486229112485
CE_PAWNWEAKNESSES:0.5420560687623416
CE_PIECEACTIVITY:0.4751250007685151
CE_KINGPAWNSHIELD:0.5089773417711996
CE_PIECECOORDINATION:0.5150442304159467
CE_MATERIAL:0.5003877061921235
CE_KINGSAFETY:0.488856321802512
C_PIECESQUARETABLES:0.5
C_MOBILITY:0.5178074665505891
C_KINGSAFETY:0.47719324272971314
C_PAWNSTRUCTURE:0.5139190083078994
C_PIECECOORDINATION:0.5128854141971193
C_ROOK:0.5534874479042161
CE_ROOK:0.5081147283467238
C_CENTERCONTROL:0.5225189229585173
C_DEVELOPPIECES:0.528812440640112
C_MATERIAL:0.45106209677606596
C_MOVECOUNT:0.4691021676539432
C_PAWNMOVEMENT:0.48818817618219573
