ELO:1008
CE_PASSEDPAWNS:0.49384756571238275
CE_PAWNWEAKNESSES:0.5
CE_PIECEACTIVITY:0.49282793175632467
CE_KINGPAWNSHIELD:0.5
CE_PIECECOORDINATION:0.5029913693278052
CE_MATERIAL:0.5
CE_KINGSAFETY:0.506686084302895
C_PIECESQUARETABLES:0.4970336600942243
C_MOBILITY:0.5
C_KINGSAFETY:0.4888477412592082
C_PAWNSTRUCTURE:0.4993833130504334
C_PIECECOORDINATION:0.5123089522665628
C_ROOKANDPAWNMOVEMENT:0.5123089522665628
C_CENTERCONTROL:0.4812912929535427
C_DEVELOPPIECES:0.4891732423642348
C_MATERIAL:0.5022436806055742
