ELO:1010
CE_PASSEDPAWNS:0.5077918166075341
CE_PAWNWEAKNESSES:0.5
CE_PIECEACTIVITY:0.49574693594000435
CE_KINGPAWNSHIELD:0.5058719592618572
CE_PIECECOORDINATION:0.5074904420972853
CE_MATERIAL:0.5127378801605975
CE_KINGSAFETY:0.48894665158914274
C_PIECESQUARETABLES:0.4999382618124348
C_MOBILITY:0.5053676676604045
C_KINGSAFETY:0.4883157854316782
C_PAWNSTRUCTURE:0.49752079222523476
C_PIECECOORDINATION:0.5
C_ROOKANDPAWNMOVEMENT:0.5
C_CENTERCONTROL:0.5125723607937829
C_DEVELOPPIECES:0.5
C_MATERIAL:0.5025273148322343
C_MOVECOUNT:0.5146920319769093
