ELO:1022
CE_PASSEDPAWNS:0.5019896061856246
CE_PAWNWEAKNESSES:0.48771770761884814
CE_PIECEACTIVITY:0.5
CE_KINGPAWNSHIELD:0.5
CE_PIECECOORDINATION:0.5119560340737345
CE_MATERIAL:0.5042415332811874
CE_KINGSAFETY:0.5
C_PIECESQUARETABLES:0.5
C_MOBILITY:0.499110786450322
C_KINGSAFETY:0.49499163616204916
C_PAWNSTRUCTURE:0.5055559918393242
C_PIECECOORDINATION:0.5
C_ROOKANDPAWNMOVEMENT:0.5
C_CENTERCONTROL:0.4911959684431337
C_DEVELOPPIECES:0.5
C_MATERIAL:0.49295850808944364
C_MOVECOUNT:0.509003746873807
