ELO:882
CE_PASSEDPAWNS:0.45389956920533603
CE_PAWNWEAKNESSES:0.46699335482140863
CE_PIECEACTIVITY:0.40891633509403297
CE_KINGPAWNSHIELD:0.5126921516832803
CE_PIECECOORDINATION:0.4811907233427432
CE_MATERIAL:0.49043230300527113
CE_KINGSAFETY:0.5201047921452653
C_PIECESQUARETABLES:0.4991236255695556
C_MOBILITY:0.5413979160160796
C_KINGSAFETY:0.41797435176266745
C_PAWNSTRUCTURE:0.48154916288287025
C_PIECECOORDINATION:0.552544332117217
C_ROOKANDPAWNMOVEMENT:0.552544332117217
C_CENTERCONTROL:0.5427133028055422
C_DEVELOPPIECES:0.5666000397586648
C_MATERIAL:0.5183096814594323
