ELO:998
CE_PASSEDPAWNS:0.4973200641185844
CE_PAWNWEAKNESSES:0.503933765697558
CE_PIECEACTIVITY:0.5
CE_KINGPAWNSHIELD:0.5100144291793296
CE_PIECECOORDINATION:0.5304056288381808
CE_MATERIAL:0.5037582140354824
CE_KINGSAFETY:0.494257939775367
C_PIECESQUARETABLES:0.5
C_MOBILITY:0.5041420242183193
C_KINGSAFETY:0.49656673415764996
C_PAWNSTRUCTURE:0.48863114855260115
C_PIECECOORDINATION:0.5037770485815304
C_ROOKANDPAWNMOVEMENT:0.5037770485815304
C_CENTERCONTROL:0.508314737900746
C_DEVELOPPIECES:0.4943741258868438
C_MATERIAL:0.49836060626494316
