ELO:965
CE_PASSEDPAWNS:0.4891665490903336
CE_PAWNWEAKNESSES:0.4953488854409624
CE_PIECEACTIVITY:0.4946360149126919
CE_KINGPAWNSHIELD:0.5105121606032595
CE_PIECECOORDINATION:0.5562566908745821
CE_MATERIAL:0.515425485190318
CE_KINGSAFETY:0.5
C_PIECESQUARETABLES:0.5
C_MOBILITY:0.49758776577406455
C_KINGSAFETY:0.4868914444431843
C_PAWNSTRUCTURE:0.5198784577912907
C_PIECECOORDINATION:0.5544853113860224
C_ROOK:0.48880140768566405
CE_ROOK:0.497125264491226
C_CENTERCONTROL:0.501541505883393
C_DEVELOPPIECES:0.5088527222913005
C_MATERIAL:0.4900161901071654
C_MOVECOUNT:0.4901068830958632
C_PAWNMOVEMENT:0.5087392079116062
