ELO:1000
CE_PASSEDPAWNS:0.5
CE_PAWNWEAKNESSES:0.49904035322735496
CE_PIECEACTIVITY:0.5006718037250474
CE_KINGPAWNSHIELD:0.5
CE_PIECECOORDINATION:0.48930255651686194
CE_MATERIAL:0.4883938593528181
CE_KINGSAFETY:0.490600150471555
C_PIECESQUARETABLES:0.4935484825784189
C_MOBILITY:0.5075438920594151
C_KINGSAFETY:0.5111500355377167
C_PAWNSTRUCTURE:0.5
C_PIECECOORDINATION:0.5
C_ROOK:0.5
CE_ROOK:0.5112831990118841
C_CENTERCONTROL:0.5
C_DEVELOPPIECES:0.5
C_MATERIAL:0.508935350970987
C_MOVECOUNT:0.49373347652857164
C_PAWNMOVEMENT:0.511087693279143
