ELO:1019
CE_PASSEDPAWNS:0.5278780378993544
CE_PAWNWEAKNESSES:0.5851520697847188
CE_PIECEACTIVITY:0.4879067802616876
CE_KINGPAWNSHIELD:0.43479314845761047
CE_PIECECOORDINATION:0.48766677950019677
CE_MATERIAL:0.4139434837522129
CE_KINGSAFETY:0.5074284676069071
C_PIECESQUARETABLES:0.4843113788386368
C_MOBILITY:0.5108959074683581
C_KINGSAFETY:0.5563609204381852
C_PAWNSTRUCTURE:0.36669500545167644
C_PIECECOORDINATION:0.563912975659773
C_ROOKANDPAWNMOVEMENT:0.563912975659773
C_CENTERCONTROL:0.3329813392308261
C_DEVELOPPIECES:0.47826182703944986
C_MATERIAL:0.4173605734683474
