ELO:993
CE_PASSEDPAWNS:0.49172886306561897
CE_PAWNWEAKNESSES:0.465660241736133
CE_PIECEACTIVITY:0.5313075154750717
CE_KINGPAWNSHIELD:0.4977457399439787
CE_PIECECOORDINATION:0.48449440631539403
CE_MATERIAL:0.5138007272022727
CE_KINGSAFETY:0.5
C_PIECESQUARETABLES:0.5
C_MOBILITY:0.4983252899220533
C_KINGSAFETY:0.46298286703297536
C_PAWNSTRUCTURE:0.48800775738046337
C_PIECECOORDINATION:0.5535464128931693
C_ROOK:0.4884217645058831
CE_ROOK:0.5181306469396002
C_CENTERCONTROL:0.503935985226219
C_DEVELOPPIECES:0.4811649262622389
C_MATERIAL:0.5005844375595324
C_MOVECOUNT:0.47129728408221805
C_PAWNMOVEMENT:0.5015296326728886
