ELO:997
CE_PASSEDPAWNS:0.5027230560981786
CE_PAWNWEAKNESSES:0.4648229411209621
CE_PIECEACTIVITY:0.5074955193910428
CE_KINGPAWNSHIELD:0.5271845610973027
CE_PIECECOORDINATION:0.5019768619261716
CE_MATERIAL:0.5036905929148366
CE_KINGSAFETY:0.5
C_PIECESQUARETABLES:0.5
C_MOBILITY:0.5104904546886989
C_KINGSAFETY:0.46298286703297536
C_PAWNSTRUCTURE:0.5206221487950914
C_PIECECOORDINATION:0.5088175621277743
C_ROOK:0.4888632972223888
CE_ROOK:0.503614211209282
C_CENTERCONTROL:0.47972147466404774
C_DEVELOPPIECES:0.5296862046774181
C_MATERIAL:0.49384033658543436
C_MOVECOUNT:0.49707727937085766
C_PAWNMOVEMENT:0.5015296326728886
