ELO:862
CE_PASSEDPAWNS:0.515606215365918
CE_PAWNWEAKNESSES:0.5210254538737459
CE_PIECEACTIVITY:0.4938435176002818
CE_KINGPAWNSHIELD:0.4376696336685628
CE_PIECECOORDINATION:0.46348810045378747
CE_MATERIAL:0.5070000354211038
CE_KINGSAFETY:0.47469594670771914
C_PIECESQUARETABLES:0.4324781332011769
C_MOBILITY:0.3961273611380236
C_KINGSAFETY:0.44242553433582804
C_PAWNSTRUCTURE:0.5368410507991044
C_PIECECOORDINATION:0.49769504679845716
C_ROOKANDPAWNMOVEMENT:0.49769504679845716
C_CENTERCONTROL:0.512072238584416
C_DEVELOPPIECES:0.4384163710960676
C_MATERIAL:0.5467014414534918
C_MOVECOUNT:0.5057670983850251
