ELO:1019
CE_PASSEDPAWNS:0.5
CE_PAWNWEAKNESSES:0.5
CE_PIECEACTIVITY:0.5
CE_KINGPAWNSHIELD:0.5
CE_PIECECOORDINATION:0.48110324604068827
CE_MATERIAL:0.524431643956131
CE_KINGSAFETY:0.5152765996822516
C_PIECESQUARETABLES:0.5
C_MOBILITY:0.499110786450322
C_KINGSAFETY:0.5113643218413719
C_PAWNSTRUCTURE:0.5
C_PIECECOORDINATION:0.5
C_ROOKANDPAWNMOVEMENT:0.5
C_CENTERCONTROL:0.49441941493671626
C_DEVELOPPIECES:0.4904940586379896
C_MATERIAL:0.5
C_MOVECOUNT:0.4852984287781274
