ELO:878
CE_PASSEDPAWNS:0.5104186858654052
CE_PAWNWEAKNESSES:0.5116149329748368
CE_PIECEACTIVITY:0.4672264157376679
CE_KINGPAWNSHIELD:0.4931007963492127
CE_PIECECOORDINATION:0.5302518644555626
CE_MATERIAL:0.4986240529954614
CE_KINGSAFETY:0.5058285411677922
C_PIECESQUARETABLES:0.5063438673658018
C_MOBILITY:0.4896167594821084
C_KINGSAFETY:0.4715928260629237
C_PAWNSTRUCTURE:0.4849525348202491
C_PIECECOORDINATION:0.5079006526915856
C_ROOKANDPAWNMOVEMENT:0.5079006526915856
C_CENTERCONTROL:0.5039802062220397
C_DEVELOPPIECES:0.4856769964502526
C_MATERIAL:0.49468919387973803
C_MOVECOUNT:0.5
