ELO:1000
CE_PASSEDPAWNS:0.4980397551467654
CE_PAWNWEAKNESSES:0.4946038120543579
CE_PIECEACTIVITY:0.5010515371036046
CE_KINGPAWNSHIELD:0.5080921051996667
CE_PIECECOORDINATION:0.49922075969788104
CE_MATERIAL:0.5180571808059025
CE_KINGSAFETY:0.46564218065171814
C_PIECESQUARETABLES:0.5452777888110723
C_MOBILITY:0.5051225711861004
C_KINGSAFETY:0.5033490923799414
C_PAWNSTRUCTURE:0.4814286850159711
C_PIECECOORDINATION:0.5378331449567829
C_ROOKANDPAWNMOVEMENT:0.5378331449567829
C_CENTERCONTROL:0.4997996760910712
C_DEVELOPPIECES:0.5293704741711963
C_MATERIAL:0.4772042698837325
