ELO:975
CE_PASSEDPAWNS:0.49586598661959536
CE_PAWNWEAKNESSES:0.4984922628073058
CE_PIECEACTIVITY:0.4950092922197359
CE_KINGPAWNSHIELD:0.512814852212566
CE_PIECECOORDINATION:0.4792347186534436
CE_MATERIAL:0.5308131612838978
CE_KINGSAFETY:0.5
C_PIECESQUARETABLES:0.5
C_MOBILITY:0.504882311534074
C_KINGSAFETY:0.5113643218413719
C_PAWNSTRUCTURE:0.49967844401670003
C_PIECECOORDINATION:0.5056396644572085
C_ROOKANDPAWNMOVEMENT:0.5056396644572085
C_CENTERCONTROL:0.5027655811442888
C_DEVELOPPIECES:0.4858879318077928
C_MATERIAL:0.5075107175349401
C_MOVECOUNT:0.4907496800837127
