ELO:1000
CE_PASSEDPAWNS:0.4968423027598266
CE_PAWNWEAKNESSES:0.4580662065152271
CE_PIECEACTIVITY:0.478404536758359
CE_KINGPAWNSHIELD:0.48519817049023317
CE_PIECECOORDINATION:0.4925008581940564
CE_MATERIAL:0.5297933379686929
CE_KINGSAFETY:0.44873872175979845
C_PIECESQUARETABLES:0.5442439472183501
C_MOBILITY:0.5152621462055667
C_KINGSAFETY:0.4978887232801578
C_PAWNSTRUCTURE:0.4875168687648649
C_PIECECOORDINATION:0.5580244608329292
C_ROOKANDPAWNMOVEMENT:0.5580244608329292
C_CENTERCONTROL:0.4856268703922519
C_DEVELOPPIECES:0.528410419227082
C_MATERIAL:0.47074008001117423
