ELO:937
CE_PASSEDPAWNS:0.4911723596137575
CE_PAWNWEAKNESSES:0.4802124613365622
CE_PIECEACTIVITY:0.5089547159289556
CE_KINGPAWNSHIELD:0.5141556824556053
CE_PIECECOORDINATION:0.49798821762370427
CE_MATERIAL:0.5002640951208148
CE_KINGSAFETY:0.5
C_PIECESQUARETABLES:0.5
C_MOBILITY:0.5003930860262417
C_KINGSAFETY:0.5043773304735537
C_PAWNSTRUCTURE:0.4765536237434824
C_PIECECOORDINATION:0.49603843027710376
C_ROOKANDPAWNMOVEMENT:0.49603843027710376
C_CENTERCONTROL:0.506176380511393
C_DEVELOPPIECES:0.4883366553025685
C_MATERIAL:0.5035128216407895
C_MOVECOUNT:0.5
