ELO:1000
CE_PASSEDPAWNS:0.4923916486635477
CE_PAWNWEAKNESSES:0.45288537187947786
CE_PIECEACTIVITY:0.4884722357634994
CE_KINGPAWNSHIELD:0.49662387563321264
CE_PIECECOORDINATION:0.48242275961570047
CE_MATERIAL:0.5495169731023702
CE_KINGSAFETY:0.44277524703147836
C_PIECESQUARETABLES:0.5410989010527507
C_MOBILITY:0.5274238192811593
C_KINGSAFETY:0.5084162274412777
C_PAWNSTRUCTURE:0.482619893408011
C_PIECECOORDINATION:0.5746229988468201
C_ROOKANDPAWNMOVEMENT:0.5746229988468201
C_CENTERCONTROL:0.4856268703922519
C_DEVELOPPIECES:0.5218389163079371
C_MATERIAL:0.45956631117245533
