ELO:952
CE_PASSEDPAWNS:0.40948944316055036
CE_PAWNWEAKNESSES:0.5116062989856086
CE_PIECEACTIVITY:0.39531402052552556
CE_KINGPAWNSHIELD:0.4897235232976763
CE_PIECECOORDINATION:0.49121131666114837
CE_MATERIAL:0.4646091643416878
CE_KINGSAFETY:0.48960609396625104
C_PIECESQUARETABLES:0.4975706415265758
C_MOBILITY:0.4938978950920866
C_KINGSAFETY:0.43203151253463135
C_PAWNSTRUCTURE:0.5472826124963177
C_PIECECOORDINATION:0.5833400582171483
C_ROOKANDPAWNMOVEMENT:0.5833400582171483
C_CENTERCONTROL:0.484140380472807
C_DEVELOPPIECES:0.4890401464337294
C_MATERIAL:0.4564744913394277
