ELO:980
CE_PASSEDPAWNS:0.49062276536965077
CE_PAWNWEAKNESSES:0.49937251873107597
CE_PIECEACTIVITY:0.4846658842635072
CE_KINGPAWNSHIELD:0.4996282168764457
CE_PIECECOORDINATION:0.5562566908745821
CE_MATERIAL:0.5156243916282717
CE_KINGSAFETY:0.5
C_PIECESQUARETABLES:0.5
C_MOBILITY:0.49758776577406455
C_KINGSAFETY:0.4873025143528467
C_PAWNSTRUCTURE:0.5198784577912907
C_PIECECOORDINATION:0.5544853113860224
C_ROOK:0.48880140768566405
CE_ROOK:0.5046474098810002
C_CENTERCONTROL:0.501541505883393
C_DEVELOPPIECES:0.5026090976358443
C_MATERIAL:0.4900161901071654
C_MOVECOUNT:0.4901068830958632
C_PAWNMOVEMENT:0.49745230463736123
