ELO:935
CE_PASSEDPAWNS:0.4294722756129191
CE_PAWNWEAKNESSES:0.4926753641135049
CE_PIECEACTIVITY:0.3717622498839832
CE_KINGPAWNSHIELD:0.4973963713185206
CE_PIECECOORDINATION:0.47096660339427
CE_MATERIAL:0.500395092686322
CE_KINGSAFETY:0.5326324384021176
C_PIECESQUARETABLES:0.5218665193305599
C_MOBILITY:0.5162319897894296
C_KINGSAFETY:0.4177509896540917
C_PAWNSTRUCTURE:0.5134041604433129
C_PIECECOORDINATION:0.5822485024421833
C_ROOKANDPAWNMOVEMENT:0.5822485024421833
C_CENTERCONTROL:0.5216672268896962
C_DEVELOPPIECES:0.5182395831205389
C_MATERIAL:0.48705491200679285
