ELO:986
CE_PASSEDPAWNS:0.5053826840901197
CE_PAWNWEAKNESSES:0.4925788227366009
CE_PIECEACTIVITY:0.5169061130565566
CE_KINGPAWNSHIELD:0.5132234538568431
CE_PIECECOORDINATION:0.5
CE_MATERIAL:0.48295344556020814
CE_KINGSAFETY:0.4863842042973446
C_PIECESQUARETABLES:0.49166923295884074
C_MOBILITY:0.4990629115669413
C_KINGSAFETY:0.49547550757523356
C_PAWNSTRUCTURE:0.4434302725391862
C_PIECECOORDINATION:0.516459515980775
C_ROOKANDPAWNMOVEMENT:0.516459515980775
C_CENTERCONTROL:0.48655345345146106
C_DEVELOPPIECES:0.5022883692524134
C_MATERIAL:0.507021892035151
