ELO:988
CE_PASSEDPAWNS:0.48574486229112485
CE_PAWNWEAKNESSES:0.5420560687623416
CE_PIECEACTIVITY:0.4438867196111857
CE_KINGPAWNSHIELD:0.5089773417711996
CE_PIECECOORDINATION:0.508749282496272
CE_MATERIAL:0.5031316053890317
CE_KINGSAFETY:0.5
C_PIECESQUARETABLES:0.5
C_MOBILITY:0.5274025128559238
C_KINGSAFETY:0.47719324272971314
C_PAWNSTRUCTURE:0.4999913064472185
C_PIECECOORDINATION:0.48877308861273566
C_ROOK:0.4670510565938005
CE_ROOK:0.5165856400359724
C_CENTERCONTROL:0.49073439917082484
C_DEVELOPPIECES:0.46945255174523265
C_MATERIAL:0.5159957380937871
C_MOVECOUNT:0.4173840928817699
C_PAWNMOVEMENT:0.4893031928967887
