ELO:1000
CE_PASSEDPAWNS:0.5184250982186733
CE_PAWNWEAKNESSES:0.4928994594771377
CE_PIECEACTIVITY:0.5336031088689157
CE_KINGPAWNSHIELD:0.5085967312738252
CE_PIECECOORDINATION:0.47823391725425596
CE_MATERIAL:0.43535923378188757
CE_KINGSAFETY:0.49273169327069954
C_PIECESQUARETABLES:0.5279957778768787
C_MOBILITY:0.5200461894221746
C_KINGSAFETY:0.5447649608657342
C_PAWNSTRUCTURE:0.536661761556819
C_PIECECOORDINATION:0.4378854508140512
C_ROOKANDPAWNMOVEMENT:0.4378854508140512
C_CENTERCONTROL:0.5742271361628604
C_DEVELOPPIECES:0.5041977290113441
C_MATERIAL:0.45079602531021984
