ELO:990
CE_PASSEDPAWNS:0.4462987236382648
CE_PAWNWEAKNESSES:0.5506909015468964
CE_PIECEACTIVITY:0.5372680556338577
CE_KINGPAWNSHIELD:0.4188964027871363
CE_PIECECOORDINATION:0.5440086454377879
CE_MATERIAL:0.45337002287756684
CE_KINGSAFETY:0.4924612632252462
C_PIECESQUARETABLES:0.5225702245038506
C_MOBILITY:0.4581867700457879
C_KINGSAFETY:0.4595443786480869
C_PAWNSTRUCTURE:0.4868091558314779
C_PIECECOORDINATION:0.4221222117312048
C_ROOKANDPAWNMOVEMENT:0.4221222117312048
C_CENTERCONTROL:0.4151538366223074
C_DEVELOPPIECES:0.5443911835879693
C_MATERIAL:0.5415301728275425
