ELO:993
CE_PASSEDPAWNS:0.49473357508774063
CE_PAWNWEAKNESSES:0.5005651425031117
CE_PIECEACTIVITY:0.4878042194802173
CE_KINGPAWNSHIELD:0.5
CE_PIECECOORDINATION:0.5
CE_MATERIAL:0.49384353014050114
CE_KINGSAFETY:0.5
C_PIECESQUARETABLES:0.5
C_MOBILITY:0.5
C_KINGSAFETY:0.5018073620274985
C_PAWNSTRUCTURE:0.4968519343873137
C_PIECECOORDINATION:0.5072863728456695
C_ROOKANDPAWNMOVEMENT:0.5072863728456695
C_CENTERCONTROL:0.4991554456452198
C_DEVELOPPIECES:0.501472599190608
C_MATERIAL:0.5112086098940876
C_MOVECOUNT:0.4842001744941736
