ELO:873
CE_PASSEDPAWNS:0.48144571973688427
CE_PAWNWEAKNESSES:0.48871971378778467
CE_PIECEACTIVITY:0.3804976134522905
CE_KINGPAWNSHIELD:0.45264477782961016
CE_PIECECOORDINATION:0.5747495985622475
CE_MATERIAL:0.4961702154440497
CE_KINGSAFETY:0.5408811849454005
C_PIECESQUARETABLES:0.4367644969392063
C_MOBILITY:0.5320973307978772
C_KINGSAFETY:0.5217515040260083
C_PAWNSTRUCTURE:0.46562047529867917
C_PIECECOORDINATION:0.5760025878747883
C_ROOKANDPAWNMOVEMENT:0.5760025878747883
C_CENTERCONTROL:0.6471909582934343
C_DEVELOPPIECES:0.5583019017197801
C_MATERIAL:0.4918450787437842
