ELO:1003
CE_PASSEDPAWNS:0.49998537282627664
CE_PAWNWEAKNESSES:0.5057944658005826
CE_PIECEACTIVITY:0.5240555082134076
CE_KINGPAWNSHIELD:0.4708557571141853
CE_PIECECOORDINATION:0.511440232155312
CE_MATERIAL:0.5003072370647942
CE_KINGSAFETY:0.5
C_PIECESQUARETABLES:0.5
C_MOBILITY:0.49676357592563153
C_KINGSAFETY:0.48406572747192883
C_PAWNSTRUCTURE:0.5014122474366084
C_PIECECOORDINATION:0.5164738090207023
C_ROOK:0.4822609402452527
CE_ROOK:0.4941331280785939
C_CENTERCONTROL:0.4981043461682603
C_DEVELOPPIECES:0.49194891943136915
C_MATERIAL:0.5118345773758886
C_MOVECOUNT:0.4894819112702742
C_PAWNMOVEMENT:0.5350473590518101
