ELO:1008
CE_PASSEDPAWNS:0.4912629033087101
CE_PAWNWEAKNESSES:0.5
CE_PIECEACTIVITY:0.5
CE_KINGPAWNSHIELD:0.5
CE_PIECECOORDINATION:0.5
CE_MATERIAL:0.4899900861708852
CE_KINGSAFETY:0.5027739838842482
C_PIECESQUARETABLES:0.5087871801540476
C_MOBILITY:0.48835130058423887
C_KINGSAFETY:0.5013580911140901
C_PAWNSTRUCTURE:0.49068769552348795
C_PIECECOORDINATION:0.502200781919401
C_ROOKANDPAWNMOVEMENT:0.502200781919401
C_CENTERCONTROL:0.5066693359764792
C_DEVELOPPIECES:0.5
C_MATERIAL:0.4856415181415653
C_MOVECOUNT:0.5
