ELO:1006
CE_PASSEDPAWNS:0.4891853889957686
CE_PAWNWEAKNESSES:0.49106146397926903
CE_PIECEACTIVITY:0.5140022182382353
CE_KINGPAWNSHIELD:0.5157315159501034
CE_PIECECOORDINATION:0.4993272688350316
CE_MATERIAL:0.4987636174829429
CE_KINGSAFETY:0.5027739838842482
C_PIECESQUARETABLES:0.48870421968800154
C_MOBILITY:0.5040787530700573
C_KINGSAFETY:0.4996683404401946
C_PAWNSTRUCTURE:0.5032509031262201
C_PIECECOORDINATION:0.5093201812103395
C_ROOKANDPAWNMOVEMENT:0.5093201812103395
C_CENTERCONTROL:0.5066693359764792
C_DEVELOPPIECES:0.5
C_MATERIAL:0.48750659780310257
C_MOVECOUNT:0.5
