ELO:1000
CE_PASSEDPAWNS:0.4715152608309359
CE_PAWNWEAKNESSES:0.514538460636412
CE_PIECEACTIVITY:0.5164620492366622
CE_KINGPAWNSHIELD:0.48181341094809205
CE_PIECECOORDINATION:0.5270949266601779
CE_MATERIAL:0.5305637298016415
CE_KINGSAFETY:0.4856020532342774
C_PIECESQUARETABLES:0.5091902913770059
C_MOBILITY:0.48637392140875235
C_KINGSAFETY:0.5400159855109457
C_PAWNSTRUCTURE:0.491534933173014
C_PIECECOORDINATION:0.48323727331820016
C_ROOKANDPAWNMOVEMENT:0.48323727331820016
C_CENTERCONTROL:0.47844288414266967
C_DEVELOPPIECES:0.5195867497174221
C_MATERIAL:0.53775726711317
