ELO:995
CE_PASSEDPAWNS:0.49071448479940993
CE_PAWNWEAKNESSES:0.5
CE_PIECEACTIVITY:0.49280501762979956
CE_KINGPAWNSHIELD:0.5092285598779465
CE_PIECECOORDINATION:0.5
CE_MATERIAL:0.5012364637955438
CE_KINGSAFETY:0.515074941520222
C_PIECESQUARETABLES:0.502746390422016
C_MOBILITY:0.5
C_KINGSAFETY:0.5048609035576284
C_PAWNSTRUCTURE:0.4954101491812927
C_PIECECOORDINATION:0.5
C_ROOKANDPAWNMOVEMENT:0.5
C_CENTERCONTROL:0.5017433615839657
C_DEVELOPPIECES:0.4778839312423386
C_MATERIAL:0.5011941258775295
C_MOVECOUNT:0.5
