ELO:744
CE_PASSEDPAWNS:0.5847465867499905
CE_PAWNWEAKNESSES:0.43602084705340044
CE_PIECEACTIVITY:0.4542907945946645
CE_KINGPAWNSHIELD:0.5167370532967042
CE_PIECECOORDINATION:0.5598983612443593
CE_MATERIAL:0.512114830001479
CE_KINGSAFETY:0.5374426933976773
C_PIECESQUARETABLES:0.5239352329476926
C_MOBILITY:0.47678146366308294
C_KINGSAFETY:0.4340835768615229
C_PAWNSTRUCTURE:0.4986580531765966
C_PIECECOORDINATION:0.522030507284883
C_ROOKANDPAWNMOVEMENT:0.522030507284883
C_CENTERCONTROL:0.5118333023262158
C_DEVELOPPIECES:0.5853596813998038
C_MATERIAL:0.4862121112318755
C_MOVECOUNT:0.5
