ELO:977
CE_PASSEDPAWNS:0.48394710315241124
CE_PAWNWEAKNESSES:0.5230424617395362
CE_PIECEACTIVITY:0.5544279191155935
CE_KINGPAWNSHIELD:0.47386138512810766
CE_PIECECOORDINATION:0.5487111379964247
CE_MATERIAL:0.5388919226208726
CE_KINGSAFETY:0.45757034884824677
C_PIECESQUARETABLES:0.5311993352623778
C_MOBILITY:0.4903910616006054
C_KINGSAFETY:0.4761456971879976
C_PAWNSTRUCTURE:0.5123942386417787
C_PIECECOORDINATION:0.5493798884374174
C_ROOKANDPAWNMOVEMENT:0.5493798884374174
C_CENTERCONTROL:0.48460035623729203
C_DEVELOPPIECES:0.5308066746920336
C_MATERIAL:0.5534794755110906
