ELO:1011
CE_PASSEDPAWNS:0.5075466929032866
CE_PAWNWEAKNESSES:0.5058344762492991
CE_PIECEACTIVITY:0.5165115268238404
CE_KINGPAWNSHIELD:0.49409719553854897
CE_PIECECOORDINATION:0.49732809711870424
CE_MATERIAL:0.5
CE_KINGSAFETY:0.5
C_PIECESQUARETABLES:0.5
C_MOBILITY:0.5
C_KINGSAFETY:0.48162944639665894
C_PAWNSTRUCTURE:0.5
C_PIECECOORDINATION:0.4973512096896487
C_ROOKANDPAWNMOVEMENT:0.4973512096896487
C_CENTERCONTROL:0.4775601278489384
C_DEVELOPPIECES:0.5138641074049111
C_MATERIAL:0.5
C_MOVECOUNT:0.5223592630297664
