ELO:1000
CE_PASSEDPAWNS:0.514500816719593
CE_PAWNWEAKNESSES:0.5098993680431855
CE_PIECEACTIVITY:0.5198823038286432
CE_KINGPAWNSHIELD:0.5169835258643977
CE_PIECECOORDINATION:0.475090735661514
CE_MATERIAL:0.5569169058100952
CE_KINGSAFETY:0.5187743656323349
C_PIECESQUARETABLES:0.47718706909614855
C_MOBILITY:0.466171173547752
C_KINGSAFETY:0.5145095512216921
C_PAWNSTRUCTURE:0.4538625341013797
C_PIECECOORDINATION:0.41474766446650546
C_ROOKANDPAWNMOVEMENT:0.41474766446650546
C_CENTERCONTROL:0.5455978499261144
C_DEVELOPPIECES:0.505868538519941
C_MATERIAL:0.511058804266458
