ELO:908
CE_PASSEDPAWNS:0.45402496732882275
CE_PAWNWEAKNESSES:0.575919616743526
CE_PIECEACTIVITY:0.5248483665316037
CE_KINGPAWNSHIELD:0.4065277262732873
CE_PIECECOORDINATION:0.5374086785546243
CE_MATERIAL:0.4172431148871664
CE_KINGSAFETY:0.4969999203715725
C_PIECESQUARETABLES:0.49535947163577954
C_MOBILITY:0.4484002856318104
C_KINGSAFETY:0.515736858045289
C_PAWNSTRUCTURE:0.5183375042521909
C_PIECECOORDINATION:0.3469708087036963
C_ROOKANDPAWNMOVEMENT:0.3469708087036963
C_CENTERCONTROL:0.41390721232716077
C_DEVELOPPIECES:0.5611611477620924
C_MATERIAL:0.572317785845007
