ELO:1029
CE_PASSEDPAWNS:0.5092317389313964
CE_PAWNWEAKNESSES:0.5048955438261592
CE_PIECEACTIVITY:0.5054269034939335
CE_KINGPAWNSHIELD:0.5231747007757428
CE_PIECECOORDINATION:0.48223038506638427
CE_MATERIAL:0.493550948517145
CE_KINGSAFETY:0.5
C_PIECESQUARETABLES:0.5
C_MOBILITY:0.5039914218878431
C_KINGSAFETY:0.4811413664804936
C_PAWNSTRUCTURE:0.4951797095200419
C_PIECECOORDINATION:0.516105536914867
C_ROOK:0.49977484436432357
CE_ROOK:0.4823086312696092
C_CENTERCONTROL:0.505673478175524
C_DEVELOPPIECES:0.5
C_MATERIAL:0.5
C_MOVECOUNT:0.4984823842569433
C_PAWNMOVEMENT:0.5327872628443148
