ELO:984
CE_PASSEDPAWNS:0.4959401574764542
CE_PAWNWEAKNESSES:0.508007888372959
CE_PIECEACTIVITY:0.49825494712335955
CE_KINGPAWNSHIELD:0.49602621249150514
CE_PIECECOORDINATION:0.4910351210690429
CE_MATERIAL:0.48944398781510645
CE_KINGSAFETY:0.5
C_PIECESQUARETABLES:0.4837324432457633
C_MOBILITY:0.4950287840669507
C_KINGSAFETY:0.5
C_PAWNSTRUCTURE:0.5026256062174738
C_PIECECOORDINATION:0.4883320188912087
C_ROOKANDPAWNMOVEMENT:0.4883320188912087
C_CENTERCONTROL:0.49360536326243754
C_DEVELOPPIECES:0.512988098907949
C_MATERIAL:0.49688517963826867
