ELO:979
CE_PASSEDPAWNS:0.43209680739641615
CE_PAWNWEAKNESSES:0.41158183499829104
CE_PIECEACTIVITY:0.42670407356915463
CE_KINGPAWNSHIELD:0.42399827668941414
CE_PIECECOORDINATION:0.6008299498210691
CE_MATERIAL:0.4954246873598186
CE_KINGSAFETY:0.4956490662781146
C_PIECESQUARETABLES:0.47987736191282004
C_MOBILITY:0.534501200031748
C_KINGSAFETY:0.5160314869105619
C_PAWNSTRUCTURE:0.4837809599568922
C_PIECECOORDINATION:0.5302343704848823
C_ROOKANDPAWNMOVEMENT:0.5302343704848823
C_CENTERCONTROL:0.5933934909515872
C_DEVELOPPIECES:0.5272957115523021
C_MATERIAL:0.5090897304303559
