ELO:743
CE_PASSEDPAWNS:0.5995824792979333
CE_PAWNWEAKNESSES:0.45004503273593166
CE_PIECEACTIVITY:0.4730218830255892
CE_KINGPAWNSHIELD:0.4935749228331856
CE_PIECECOORDINATION:0.5683584920087019
CE_MATERIAL:0.5250574584914931
CE_KINGSAFETY:0.5561368798483384
C_PIECESQUARETABLES:0.5232855878321074
C_MOBILITY:0.4747862877532012
C_KINGSAFETY:0.4226744676731429
C_PAWNSTRUCTURE:0.5006625870728777
C_PIECECOORDINATION:0.5238352394840964
C_ROOKANDPAWNMOVEMENT:0.5238352394840964
C_CENTERCONTROL:0.5292596642433285
C_DEVELOPPIECES:0.58412144493637
C_MATERIAL:0.49104068770800957
C_MOVECOUNT:0.5
