ELO:1017
CE_PASSEDPAWNS:0.5092317389313964
CE_PAWNWEAKNESSES:0.5070295224989054
CE_PIECEACTIVITY:0.4792949854638589
CE_KINGPAWNSHIELD:0.48875468384227955
CE_PIECECOORDINATION:0.5263031917502097
CE_MATERIAL:0.5
CE_KINGSAFETY:0.5
C_PIECESQUARETABLES:0.5
C_MOBILITY:0.518517457226229
C_KINGSAFETY:0.4780892675271773
C_PAWNSTRUCTURE:0.5092541239841996
C_PIECECOORDINATION:0.5101602699484833
C_ROOK:0.5040680513327354
CE_ROOK:0.5007130595705892
C_CENTERCONTROL:0.4745793793368343
C_DEVELOPPIECES:0.5416454889175935
C_MATERIAL:0.5359843645983394
C_MOVECOUNT:0.5250105185436987
C_PAWNMOVEMENT:0.48587318781248506
