ELO:1041
CE_PASSEDPAWNS:0.4840638751115381
CE_PAWNWEAKNESSES:0.49690389381834926
CE_PIECEACTIVITY:0.5051143571212406
CE_KINGPAWNSHIELD:0.5
CE_PIECECOORDINATION:0.5094365961132539
CE_MATERIAL:0.48698860425717244
CE_KINGSAFETY:0.5
C_PIECESQUARETABLES:0.5
C_MOBILITY:0.5108257627892322
C_KINGSAFETY:0.4891382310633481
C_PAWNSTRUCTURE:0.5034315612914325
C_PIECECOORDINATION:0.4964026305359628
C_ROOKANDPAWNMOVEMENT:0.4964026305359628
C_CENTERCONTROL:0.5
C_DEVELOPPIECES:0.49118052326824807
C_MATERIAL:0.49900589963181236
C_MOVECOUNT:0.5
