ELO:997
CE_PASSEDPAWNS:0.47519006587390017
CE_PAWNWEAKNESSES:0.41391257762005856
CE_PIECEACTIVITY:0.5088764420912174
CE_KINGPAWNSHIELD:0.5334888795176508
CE_PIECECOORDINATION:0.5399383276212999
CE_MATERIAL:0.5367963379718176
CE_KINGSAFETY:0.5
C_PIECESQUARETABLES:0.5278709696511537
C_MOBILITY:0.4277381390092842
C_KINGSAFETY:0.5056557014823311
C_PAWNSTRUCTURE:0.5143370731531024
C_PIECECOORDINATION:0.4164460854610436
C_ROOKANDPAWNMOVEMENT:0.4164460854610436
C_CENTERCONTROL:0.48431328534869905
C_DEVELOPPIECES:0.4213869663536853
C_MATERIAL:0.5349304058883542
C_MOVECOUNT:0.5376129657218518
