ELO:1004
CE_PASSEDPAWNS:0.4902550476904165
CE_PAWNWEAKNESSES:0.5089087595630396
CE_PIECEACTIVITY:0.5183693221460055
CE_KINGPAWNSHIELD:0.5276958360318214
CE_PIECECOORDINATION:0.5146193776241559
CE_MATERIAL:0.5207631169085377
CE_KINGSAFETY:0.5
C_PIECESQUARETABLES:0.5
C_MOBILITY:0.4946803584072096
C_KINGSAFETY:0.49228112518646927
C_PAWNSTRUCTURE:0.5140388997786214
C_PIECECOORDINATION:0.5024118398707236
C_ROOK:0.4869485698655712
CE_ROOK:0.5065533373147051
C_CENTERCONTROL:0.52566131558097
C_DEVELOPPIECES:0.5516164841804398
C_MATERIAL:0.5082397144231021
C_MOVECOUNT:0.45841487647812945
C_PAWNMOVEMENT:0.5151860051889648
