ELO:998
CE_PASSEDPAWNS:0.4878109767324783
CE_PAWNWEAKNESSES:0.5
CE_PIECEACTIVITY:0.5030567440185842
CE_KINGPAWNSHIELD:0.5092285598779465
CE_PIECECOORDINATION:0.5
CE_MATERIAL:0.49126003152999176
CE_KINGSAFETY:0.515074941520222
C_PIECESQUARETABLES:0.5014976298126622
C_MOBILITY:0.4907148151578635
C_KINGSAFETY:0.5048609035576284
C_PAWNSTRUCTURE:0.49968381708800114
C_PIECECOORDINATION:0.4811635383476209
C_ROOKANDPAWNMOVEMENT:0.4811635383476209
C_CENTERCONTROL:0.49522847746532916
C_DEVELOPPIECES:0.49923895133377033
C_MATERIAL:0.4768302384593605
C_MOVECOUNT:0.5
