ELO:863
CE_PASSEDPAWNS:0.4513216171236502
CE_PAWNWEAKNESSES:0.42226678401376905
CE_PIECEACTIVITY:0.3956417215874262
CE_KINGPAWNSHIELD:0.4844343634735442
CE_PIECECOORDINATION:0.5959226464660314
CE_MATERIAL:0.511297294263971
CE_KINGSAFETY:0.5023480408217115
C_PIECESQUARETABLES:0.47800465478660814
C_MOBILITY:0.550235470662832
C_KINGSAFETY:0.5408199681614598
C_PAWNSTRUCTURE:0.45880531725984347
C_PIECECOORDINATION:0.5328701466447838
C_ROOKANDPAWNMOVEMENT:0.5328701466447838
C_CENTERCONTROL:0.5947505335290523
C_DEVELOPPIECES:0.5304411972002379
C_MATERIAL:0.49595468181622465
