ELO:996
CE_PASSEDPAWNS:0.5080501378036396
CE_PAWNWEAKNESSES:0.5129339309915255
CE_PIECEACTIVITY:0.5398058855508205
CE_KINGPAWNSHIELD:0.4935925152154927
CE_PIECECOORDINATION:0.4448522629628737
CE_MATERIAL:0.4427312360586973
CE_KINGSAFETY:0.48852549649322147
C_PIECESQUARETABLES:0.5174175829278436
C_MOBILITY:0.5312777339212496
C_KINGSAFETY:0.539597296713935
C_PAWNSTRUCTURE:0.49947082375609636
C_PIECECOORDINATION:0.46406479561135344
C_ROOKANDPAWNMOVEMENT:0.46406479561135344
C_CENTERCONTROL:0.5742686149856773
C_DEVELOPPIECES:0.49773765537239706
C_MATERIAL:0.45691520304549416
