ELO:998
CE_PASSEDPAWNS:0.5
CE_PAWNWEAKNESSES:0.5
CE_PIECEACTIVITY:0.4930423066262846
CE_KINGPAWNSHIELD:0.5197126825470236
CE_PIECECOORDINATION:0.49356479064624686
CE_MATERIAL:0.5
CE_KINGSAFETY:0.5
C_PIECESQUARETABLES:0.5
C_MOBILITY:0.5
C_KINGSAFETY:0.508041552983399
C_PAWNSTRUCTURE:0.4989399178787741
C_PIECECOORDINATION:0.5094132549446919
C_ROOK:0.5
CE_ROOK:0.5
C_CENTERCONTROL:0.5
C_DEVELOPPIECES:0.5177519702115431
C_MATERIAL:0.5038820845224556
C_MOVECOUNT:0.5
C_PAWNMOVEMENT:0.5
