ELO:676
CE_PASSEDPAWNS:0.5763352226409204
CE_PAWNWEAKNESSES:0.44942074412841415
CE_PIECEACTIVITY:0.41144801178000284
CE_KINGPAWNSHIELD:0.5051761959892049
CE_PIECECOORDINATION:0.5223335857219553
CE_MATERIAL:0.5186933822741768
CE_KINGSAFETY:0.5151101301273603
C_PIECESQUARETABLES:0.4642006479816259
C_MOBILITY:0.5280940272310298
C_KINGSAFETY:0.38963981299482375
C_PAWNSTRUCTURE:0.3845808486894159
C_PIECECOORDINATION:0.5401826927961172
C_ROOKANDPAWNMOVEMENT:0.5401826927961172
C_CENTERCONTROL:0.5664857378373924
C_DEVELOPPIECES:0.6026790383237774
C_MATERIAL:0.44836931922642553
C_MOVECOUNT:0.4953364393940952
