ELO:1019
CE_PASSEDPAWNS:0.5060846909594365
CE_PAWNWEAKNESSES:0.4886516167740076
CE_PIECEACTIVITY:0.5094624858988768
CE_KINGPAWNSHIELD:0.5
CE_PIECECOORDINATION:0.4967721459606035
CE_MATERIAL:0.504560259423099
CE_KINGSAFETY:0.5
C_PIECESQUARETABLES:0.5
C_MOBILITY:0.5
C_KINGSAFETY:0.5
C_PAWNSTRUCTURE:0.5101709430381982
C_PIECECOORDINATION:0.5
C_ROOKANDPAWNMOVEMENT:0.5
C_CENTERCONTROL:0.49932644595200454
C_DEVELOPPIECES:0.5088569542396194
C_MATERIAL:0.5034649811645943
C_MOVECOUNT:0.496666991799145
