ELO:1017
CE_PASSEDPAWNS:0.5001627123762505
CE_PAWNWEAKNESSES:0.5053483548265357
CE_PIECEACTIVITY:0.4792949854638589
CE_KINGPAWNSHIELD:0.5092985468518595
CE_PIECECOORDINATION:0.4967959461992944
CE_MATERIAL:0.4651754901368229
CE_KINGSAFETY:0.5
C_PIECESQUARETABLES:0.5
C_MOBILITY:0.5000325414969815
C_KINGSAFETY:0.43682526189989257
C_PAWNSTRUCTURE:0.5092541239841996
C_PIECECOORDINATION:0.5224631891386101
C_ROOK:0.489354156870857
CE_ROOK:0.5007130595705892
C_CENTERCONTROL:0.5125522377303235
C_DEVELOPPIECES:0.5416454889175935
C_MATERIAL:0.5070043979534633
C_MOVECOUNT:0.46836544109434486
C_PAWNMOVEMENT:0.48587318781248506
