ELO:998
CE_PASSEDPAWNS:0.4964918437967379
CE_PAWNWEAKNESSES:0.4969693245509547
CE_PIECEACTIVITY:0.48703477645066356
CE_KINGPAWNSHIELD:0.48905710323979457
CE_PIECECOORDINATION:0.5080440995658503
CE_MATERIAL:0.47215845448941296
CE_KINGSAFETY:0.5
C_PIECESQUARETABLES:0.49396754164019063
C_MOBILITY:0.5145939724620894
C_KINGSAFETY:0.48960642849102076
C_PAWNSTRUCTURE:0.5084911673853912
C_PIECECOORDINATION:0.5125057354860548
C_ROOK:0.4983044483525884
CE_ROOK:0.49721482901424
C_CENTERCONTROL:0.48814447066301914
C_DEVELOPPIECES:0.5055569312192001
C_MATERIAL:0.5
C_MOVECOUNT:0.5
C_PAWNMOVEMENT:0.4948021623863435
