ELO:1012
CE_PASSEDPAWNS:0.5327597196543642
CE_PAWNWEAKNESSES:0.4970731925965434
CE_PIECEACTIVITY:0.4336729460792003
CE_KINGPAWNSHIELD:0.5094204882235956
CE_PIECECOORDINATION:0.4970139167747844
CE_MATERIAL:0.5009420493344832
CE_KINGSAFETY:0.5100068884794895
C_PIECESQUARETABLES:0.466868082199576
C_MOBILITY:0.5007048639727733
C_KINGSAFETY:0.5182549512086663
C_PAWNSTRUCTURE:0.4842037156511863
C_PIECECOORDINATION:0.46508331676820164
C_ROOKANDPAWNMOVEMENT:0.46508331676820164
C_CENTERCONTROL:0.531555575682425
C_DEVELOPPIECES:0.5
C_MATERIAL:0.49976621948117733
C_MOVECOUNT:0.5480268878896496
