ELO:913
CE_PASSEDPAWNS:0.5063874566006231
CE_PAWNWEAKNESSES:0.5109401941710046
CE_PIECEACTIVITY:0.45150845153862423
CE_KINGPAWNSHIELD:0.5244259326992589
CE_PIECECOORDINATION:0.49585313831122835
CE_MATERIAL:0.5232307326160843
CE_KINGSAFETY:0.5087152115287379
C_PIECESQUARETABLES:0.4906121313583242
C_MOBILITY:0.5072783666287929
C_KINGSAFETY:0.5619873191314494
C_PAWNSTRUCTURE:0.5
C_PIECECOORDINATION:0.520583252398923
C_ROOK:0.48282797500140306
CE_ROOK:0.4802497701089687
C_CENTERCONTROL:0.5139048397406499
C_DEVELOPPIECES:0.5130285951388897
C_MATERIAL:0.45573011462032864
C_MOVECOUNT:0.4870516398646771
C_PAWNMOVEMENT:0.5118478147722783
