ELO:1021
CE_PASSEDPAWNS:0.5126147939504104
CE_PAWNWEAKNESSES:0.4847719993498613
CE_PIECEACTIVITY:0.4852795738105932
CE_KINGPAWNSHIELD:0.4711250052821733
CE_PIECECOORDINATION:0.4835747540270416
CE_MATERIAL:0.5968317549943646
CE_KINGSAFETY:0.5
C_PIECESQUARETABLES:0.5166224156061826
C_MOBILITY:0.49408279624194634
C_KINGSAFETY:0.5511053473307491
C_PAWNSTRUCTURE:0.47902139671329663
C_PIECECOORDINATION:0.5
C_ROOKANDPAWNMOVEMENT:0.5
C_CENTERCONTROL:0.4580774766528722
C_DEVELOPPIECES:0.4874837477805532
C_MATERIAL:0.4898324942704768
C_MOVECOUNT:0.5194546411876289
