ELO:1013
CE_PASSEDPAWNS:0.503276625338917
CE_PAWNWEAKNESSES:0.5
CE_PIECEACTIVITY:0.4920555861763772
CE_KINGPAWNSHIELD:0.5051472709344791
CE_PIECECOORDINATION:0.5054051018862731
CE_MATERIAL:0.5
CE_KINGSAFETY:0.5
C_PIECESQUARETABLES:0.5
C_MOBILITY:0.5008226734664895
C_KINGSAFETY:0.49307316301798465
C_PAWNSTRUCTURE:0.5026526607685456
C_PIECECOORDINATION:0.4875580296770557
C_ROOKANDPAWNMOVEMENT:0.4875580296770557
C_CENTERCONTROL:0.4792544135956954
C_DEVELOPPIECES:0.512651271369726
C_MATERIAL:0.5
C_MOVECOUNT:0.5067811629662807
