ELO:800
CE_PASSEDPAWNS:0.5206384530959315
CE_PAWNWEAKNESSES:0.47315112623747896
CE_PIECEACTIVITY:0.38360546407929913
CE_KINGPAWNSHIELD:0.45475826655088597
CE_PIECECOORDINATION:0.5709417163170009
CE_MATERIAL:0.48174141249570746
CE_KINGSAFETY:0.518639894144311
C_PIECESQUARETABLES:0.5093436788364961
C_MOBILITY:0.5507273359288113
C_KINGSAFETY:0.5114801297944265
C_PAWNSTRUCTURE:0.4431668048206396
C_PIECECOORDINATION:0.6047255579558292
C_ROOKANDPAWNMOVEMENT:0.6047255579558292
C_CENTERCONTROL:0.6344906620049598
C_DEVELOPPIECES:0.5961370032966784
C_MATERIAL:0.4967046399593609
