ELO:999
CE_PASSEDPAWNS:0.5132904976711504
CE_PAWNWEAKNESSES:0.5191922946358756
CE_PIECEACTIVITY:0.5492203516113863
CE_KINGPAWNSHIELD:0.5219967702976703
CE_PIECECOORDINATION:0.4692682152564583
CE_MATERIAL:0.43132051689510476
CE_KINGSAFETY:0.5056106730392045
C_PIECESQUARETABLES:0.48082857054439426
C_MOBILITY:0.5255118867734521
C_KINGSAFETY:0.5345241041757832
C_PAWNSTRUCTURE:0.5267119521146106
C_PIECECOORDINATION:0.44388440390543776
C_ROOKANDPAWNMOVEMENT:0.44388440390543776
C_CENTERCONTROL:0.5789246464880325
C_DEVELOPPIECES:0.49773765537239706
C_MATERIAL:0.45691520304549416
