ELO:738
CE_PASSEDPAWNS:0.6077310967864109
CE_PAWNWEAKNESSES:0.4266200909711953
CE_PIECEACTIVITY:0.4531310222987439
CE_KINGPAWNSHIELD:0.5137324168812978
CE_PIECECOORDINATION:0.5473454142378001
CE_MATERIAL:0.5753010728718019
CE_KINGSAFETY:0.5346026872942266
C_PIECESQUARETABLES:0.4360425718338051
C_MOBILITY:0.4867245802811507
C_KINGSAFETY:0.4538028910386412
C_PAWNSTRUCTURE:0.41811340169839056
C_PIECECOORDINATION:0.5652620652761766
C_ROOKANDPAWNMOVEMENT:0.5652620652761766
C_CENTERCONTROL:0.549962844198692
C_DEVELOPPIECES:0.6183835690378885
C_MATERIAL:0.4922970293435668
C_MOVECOUNT:0.5
