ELO:1014
CE_PASSEDPAWNS:0.5107094453990239
CE_PAWNWEAKNESSES:0.4945921936351028
CE_PIECEACTIVITY:0.5253396802873112
CE_KINGPAWNSHIELD:0.5117045959119454
CE_PIECECOORDINATION:0.5060607234675919
CE_MATERIAL:0.504560259423099
CE_KINGSAFETY:0.5
C_PIECESQUARETABLES:0.5
C_MOBILITY:0.5
C_KINGSAFETY:0.5026222736182663
C_PAWNSTRUCTURE:0.4952328097538181
C_PIECECOORDINATION:0.4912924213658679
C_ROOKANDPAWNMOVEMENT:0.4912924213658679
C_CENTERCONTROL:0.4930199270645043
C_DEVELOPPIECES:0.49038958554969597
C_MATERIAL:0.5034649811645943
C_MOVECOUNT:0.5022677684491201
