ELO:998
CE_PASSEDPAWNS:0.4936768146712229
CE_PAWNWEAKNESSES:0.5026760983496803
CE_PIECEACTIVITY:0.5
CE_KINGPAWNSHIELD:0.5079127629748142
CE_PIECECOORDINATION:0.5
CE_MATERIAL:0.5120361430194795
CE_KINGSAFETY:0.5
C_PIECESQUARETABLES:0.5
C_MOBILITY:0.5
C_KINGSAFETY:0.5
C_PAWNSTRUCTURE:0.4972232880986205
C_PIECECOORDINATION:0.4844064953134627
C_ROOKANDPAWNMOVEMENT:0.4844064953134627
C_CENTERCONTROL:0.4991554456452198
C_DEVELOPPIECES:0.4907315413868854
C_MATERIAL:0.49695801318510846
C_MOVECOUNT:0.509332248218171
