ELO:1001
CE_PASSEDPAWNS:0.49473357508774063
CE_PAWNWEAKNESSES:0.50121279273256
CE_PIECEACTIVITY:0.5
CE_KINGPAWNSHIELD:0.4913496994448709
CE_PIECECOORDINATION:0.5149308147460758
CE_MATERIAL:0.5
CE_KINGSAFETY:0.4963332685281527
C_PIECESQUARETABLES:0.5
C_MOBILITY:0.4930057748450049
C_KINGSAFETY:0.4968204135629883
C_PAWNSTRUCTURE:0.4992760254215013
C_PIECECOORDINATION:0.502707721105963
C_ROOKANDPAWNMOVEMENT:0.502707721105963
C_CENTERCONTROL:0.485765847395647
C_DEVELOPPIECES:0.4968313709367048
C_MATERIAL:0.5020923338549348
C_MOVECOUNT:0.4890642572787938
