ELO:983
CE_PASSEDPAWNS:0.4669624821115198
CE_PAWNWEAKNESSES:0.567905861169567
CE_PIECEACTIVITY:0.5257607000751258
CE_KINGPAWNSHIELD:0.439857604267677
CE_PIECECOORDINATION:0.547939744311398
CE_MATERIAL:0.4268468199361182
CE_KINGSAFETY:0.4656979011694822
C_PIECESQUARETABLES:0.5194316545320153
C_MOBILITY:0.44462788672860587
C_KINGSAFETY:0.4490367656342121
C_PAWNSTRUCTURE:0.49185379463527534
C_PIECECOORDINATION:0.4042166885344412
C_ROOKANDPAWNMOVEMENT:0.4042166885344412
C_CENTERCONTROL:0.43425364680378276
C_DEVELOPPIECES:0.5296261524458536
C_MATERIAL:0.5547249209704278
