ELO:1029
CE_PASSEDPAWNS:0.5067065928249358
CE_PAWNWEAKNESSES:0.5000123114794572
CE_PIECEACTIVITY:0.5
CE_KINGPAWNSHIELD:0.5130587856035516
CE_PIECECOORDINATION:0.49639825191085907
CE_MATERIAL:0.5
CE_KINGSAFETY:0.5
C_PIECESQUARETABLES:0.5
C_MOBILITY:0.5009225876123464
C_KINGSAFETY:0.4926674065750558
C_PAWNSTRUCTURE:0.5
C_PIECECOORDINATION:0.5
C_ROOKANDPAWNMOVEMENT:0.5
C_CENTERCONTROL:0.49546902313878655
C_DEVELOPPIECES:0.5
C_MATERIAL:0.5
C_MOVECOUNT:0.5
