ELO:898
CE_PASSEDPAWNS:0.4367909209360466
CE_PAWNWEAKNESSES:0.5827567678504821
CE_PIECEACTIVITY:0.530226929585173
CE_KINGPAWNSHIELD:0.39774846407026837
CE_PIECECOORDINATION:0.5470359251332159
CE_MATERIAL:0.41715596847643577
CE_KINGSAFETY:0.5101752336428934
C_PIECESQUARETABLES:0.4936536375743576
C_MOBILITY:0.4266936212991096
C_KINGSAFETY:0.5322515493586005
C_PAWNSTRUCTURE:0.538958789753049
C_PIECECOORDINATION:0.3435806151427653
C_ROOKANDPAWNMOVEMENT:0.3435806151427653
C_CENTERCONTROL:0.4224980221600521
C_DEVELOPPIECES:0.5434344044044246
C_MATERIAL:0.5585070369819177
