ELO:908
CE_PASSEDPAWNS:0.4572998810897736
CE_PAWNWEAKNESSES:0.4305495013681083
CE_PIECEACTIVITY:0.42346105677717116
CE_KINGPAWNSHIELD:0.4298081573744904
CE_PIECECOORDINATION:0.6077789908981766
CE_MATERIAL:0.5064931789249926
CE_KINGSAFETY:0.469508190967346
C_PIECESQUARETABLES:0.49420553057331573
C_MOBILITY:0.5394528394838737
C_KINGSAFETY:0.5319809444141986
C_PAWNSTRUCTURE:0.47502998732957386
C_PIECECOORDINATION:0.5304534201387029
C_ROOKANDPAWNMOVEMENT:0.5304534201387029
C_CENTERCONTROL:0.6048885587667259
C_DEVELOPPIECES:0.4989101804848814
C_MATERIAL:0.500718842352544
