ELO:1034
CE_PASSEDPAWNS:0.4999015410361235
CE_PAWNWEAKNESSES:0.48735630006562336
CE_PIECEACTIVITY:0.5
CE_KINGPAWNSHIELD:0.5
CE_PIECECOORDINATION:0.5116420548114466
CE_MATERIAL:0.4440882108930032
CE_KINGSAFETY:0.5
C_PIECESQUARETABLES:0.5
C_MOBILITY:0.5
C_KINGSAFETY:0.4931124720676772
C_PAWNSTRUCTURE:0.5011470648716329
C_PIECECOORDINATION:0.4893599234947277
C_ROOKANDPAWNMOVEMENT:0.4893599234947277
C_CENTERCONTROL:0.5027312069800711
C_DEVELOPPIECES:0.5
C_MATERIAL:0.49547368259088104
C_MOVECOUNT:0.5
