ELO:970
CE_PASSEDPAWNS:0.45340830728825204
CE_PAWNWEAKNESSES:0.5771962248383561
CE_PIECEACTIVITY:0.5158463506039802
CE_KINGPAWNSHIELD:0.39133513130437664
CE_PIECECOORDINATION:0.5251825130802077
CE_MATERIAL:0.43219789257055274
CE_KINGSAFETY:0.5019241291653056
C_PIECESQUARETABLES:0.48091261417220504
C_MOBILITY:0.4294724271573827
C_KINGSAFETY:0.48395889398747444
C_PAWNSTRUCTURE:0.5035024909939885
C_PIECECOORDINATION:0.3940096220680537
C_ROOKANDPAWNMOVEMENT:0.3940096220680537
C_CENTERCONTROL:0.41156306970756174
C_DEVELOPPIECES:0.542857746301321
C_MATERIAL:0.5564195038896661
