ELO:1000
CE_PASSEDPAWNS:0.49395400456532224
CE_PAWNWEAKNESSES:0.5386273699396372
CE_PIECEACTIVITY:0.5436116188565128
CE_KINGPAWNSHIELD:0.4818354122164858
CE_PIECECOORDINATION:0.46788380303901467
CE_MATERIAL:0.5467796507511143
CE_KINGSAFETY:0.49155111776006427
C_PIECESQUARETABLES:0.48388342416437946
C_MOBILITY:0.4753809241789127
C_KINGSAFETY:0.5303947196460416
C_PAWNSTRUCTURE:0.429805612660484
C_PIECECOORDINATION:0.4252457049665131
C_ROOKANDPAWNMOVEMENT:0.4252457049665131
C_CENTERCONTROL:0.5725901407601706
C_DEVELOPPIECES:0.5019996178106042
C_MATERIAL:0.4757193133550681
