ELO:987
CE_PASSEDPAWNS:0.4556505436621347
CE_PAWNWEAKNESSES:0.5114828378179396
CE_PIECEACTIVITY:0.5025986071941677
CE_KINGPAWNSHIELD:0.4081543779813362
CE_PIECECOORDINATION:0.532273243164987
CE_MATERIAL:0.5562381908734794
CE_KINGSAFETY:0.49576319592808515
C_PIECESQUARETABLES:0.48847417964484124
C_MOBILITY:0.5219662250076662
C_KINGSAFETY:0.45517479483494894
C_PAWNSTRUCTURE:0.4651352305904833
C_PIECECOORDINATION:0.5384897243790083
C_ROOKANDPAWNMOVEMENT:0.5384897243790083
C_CENTERCONTROL:0.5006636628865011
C_DEVELOPPIECES:0.45777396236115564
C_MATERIAL:0.522406481781141
