ELO:915
CE_PASSEDPAWNS:0.4581307840311419
CE_PAWNWEAKNESSES:0.5348218832841182
CE_PIECEACTIVITY:0.4951923561332367
CE_KINGPAWNSHIELD:0.41257513952038405
CE_PIECECOORDINATION:0.522323710390214
CE_MATERIAL:0.5413911656029369
CE_KINGSAFETY:0.508137453402597
C_PIECESQUARETABLES:0.4724316191888171
C_MOBILITY:0.5136532382564872
C_KINGSAFETY:0.4093464647277662
C_PAWNSTRUCTURE:0.4012231758203229
C_PIECECOORDINATION:0.498818988128342
C_ROOKANDPAWNMOVEMENT:0.498818988128342
C_CENTERCONTROL:0.5161402702150085
C_DEVELOPPIECES:0.48897603182063043
C_MATERIAL:0.5362140316658455
