ELO:883
CE_PASSEDPAWNS:0.5410488613374795
CE_PAWNWEAKNESSES:0.49232175928697436
CE_PIECEACTIVITY:0.471361549106465
CE_KINGPAWNSHIELD:0.45679197769543123
CE_PIECECOORDINATION:0.4724294390643213
CE_MATERIAL:0.516323138432862
CE_KINGSAFETY:0.49434932367131534
C_PIECESQUARETABLES:0.5069543833053941
C_MOBILITY:0.5276606812800637
C_KINGSAFETY:0.5467099285332973
C_PAWNSTRUCTURE:0.44024484055308044
C_PIECECOORDINATION:0.5138369963274493
C_ROOK:0.5042787559976832
CE_ROOK:0.4832066225664793
C_CENTERCONTROL:0.49400729815284733
C_DEVELOPPIECES:0.5147636414208043
C_MATERIAL:0.4905249946922737
C_MOVECOUNT:0.4887478559407724
C_PAWNMOVEMENT:0.49864490325632665
