ELO:1033
CE_PASSEDPAWNS:0.5033030711993134
CE_PAWNWEAKNESSES:0.4912871199833471
CE_PIECEACTIVITY:0.5016935397922723
CE_KINGPAWNSHIELD:0.4855328685164068
CE_PIECECOORDINATION:0.4679520154555456
CE_MATERIAL:0.4875758573210289
CE_KINGSAFETY:0.4897257056051873
C_PIECESQUARETABLES:0.5183409606203495
C_MOBILITY:0.49127567807104605
C_KINGSAFETY:0.49031269772286884
C_PAWNSTRUCTURE:0.48095596215667347
C_PIECECOORDINATION:0.4852059545534241
C_ROOKANDPAWNMOVEMENT:0.4852059545534241
C_CENTERCONTROL:0.5017671746096842
C_DEVELOPPIECES:0.510043221459572
C_MATERIAL:0.5
