ELO:1128
CE_PASSEDPAWNS:0.6242583277016063
CE_PAWNWEAKNESSES:0.5942385255537602
CE_PIECEACTIVITY:0.47707812532962285
CE_KINGPAWNSHIELD:0.6208131797722044
CE_PIECECOORDINATION:0.4727703890077164
CE_MATERIAL:0.4474379877090916
CE_KINGSAFETY:0.5011486487740193
C_PIECESQUARETABLES:0.5
C_MOBILITY:0.432797869860885
C_KINGSAFETY:0.6032553709895787
C_PAWNSTRUCTURE:0.41040599071577993
C_PIECECOORDINATION:0.48705100984520033
C_ROOKANDPAWNMOVEMENT:0.48705100984520033
C_CENTERCONTROL:0.5916556751746048
C_DEVELOPPIECES:0.5549226441113322
C_MATERIAL:0.4073474203952967
