ELO:957
CE_PASSEDPAWNS:0.5027910700017266
CE_PAWNWEAKNESSES:0.5066196674727651
CE_PIECEACTIVITY:0.5333008776755672
CE_KINGPAWNSHIELD:0.5080732706224637
CE_PIECECOORDINATION:0.4997686688430732
CE_MATERIAL:0.4634194015945083
CE_KINGSAFETY:0.5017522954255088
C_PIECESQUARETABLES:0.4964453683949486
C_MOBILITY:0.5338334519052533
C_KINGSAFETY:0.5
C_PAWNSTRUCTURE:0.5006879984373923
C_PIECECOORDINATION:0.5202331143976004
C_ROOKANDPAWNMOVEMENT:0.5202331143976004
C_CENTERCONTROL:0.4952528989633469
C_DEVELOPPIECES:0.49502450013557847
C_MATERIAL:0.48088315312077223
C_MOVECOUNT:0.48941368108446187
