ELO:940
CE_PASSEDPAWNS:0.4884329465413175
CE_PAWNWEAKNESSES:0.4425088895717971
CE_PIECEACTIVITY:0.5
CE_KINGPAWNSHIELD:0.585725121372212
CE_PIECECOORDINATION:0.46542015540145054
CE_MATERIAL:0.5
CE_KINGSAFETY:0.5192726470594135
C_PIECESQUARETABLES:0.5
C_MOBILITY:0.5026921092397274
C_KINGSAFETY:0.5497927830550638
C_PAWNSTRUCTURE:0.46596503702130504
C_PIECECOORDINATION:0.48825994617718416
C_ROOKANDPAWNMOVEMENT:0.48825994617718416
C_CENTERCONTROL:0.4771610604484252
C_DEVELOPPIECES:0.5068114190026635
C_MATERIAL:0.4718133951457151
C_MOVECOUNT:0.5
