ELO:919
CE_PASSEDPAWNS:0.4446741455260215
CE_PAWNWEAKNESSES:0.5461671923157337
CE_PIECEACTIVITY:0.5115506156515246
CE_KINGPAWNSHIELD:0.4024814552708123
CE_PIECECOORDINATION:0.5098336717186265
CE_MATERIAL:0.5696813256331816
CE_KINGSAFETY:0.5090813530757786
C_PIECESQUARETABLES:0.4976028889751366
C_MOBILITY:0.51752708976352
C_KINGSAFETY:0.4182055549590972
C_PAWNSTRUCTURE:0.4133881370385454
C_PIECECOORDINATION:0.5058759917456521
C_ROOKANDPAWNMOVEMENT:0.5058759917456521
C_CENTERCONTROL:0.5225729405191297
C_DEVELOPPIECES:0.480763040249561
C_MATERIAL:0.534583567775648
