ELO:1000
CE_PASSEDPAWNS:0.4844498252025286
CE_PAWNWEAKNESSES:0.4990493781530672
CE_PIECEACTIVITY:0.49929707905065024
CE_KINGPAWNSHIELD:0.4370907451833105
CE_PIECECOORDINATION:0.47193597217750005
CE_MATERIAL:0.5333390851417762
CE_KINGSAFETY:0.49847452409504633
C_PIECESQUARETABLES:0.507346917225954
C_MOBILITY:0.5239002826649871
C_KINGSAFETY:0.46031078811309495
C_PAWNSTRUCTURE:0.49996035568922353
C_PIECECOORDINATION:0.5236606759734971
C_ROOKANDPAWNMOVEMENT:0.5236606759734971
C_CENTERCONTROL:0.526190496611518
C_DEVELOPPIECES:0.5092179825799353
C_MATERIAL:0.5016906913574506
