ELO:997
CE_PASSEDPAWNS:0.5118244574778855
CE_PAWNWEAKNESSES:0.4848255353567547
CE_PIECEACTIVITY:0.504212218532382
CE_KINGPAWNSHIELD:0.4997042665286104
CE_PIECECOORDINATION:0.4978893116216678
CE_MATERIAL:0.5101848987070872
CE_KINGSAFETY:0.5
C_PIECESQUARETABLES:0.5
C_MOBILITY:0.508151546647729
C_KINGSAFETY:0.5079717576998387
C_PAWNSTRUCTURE:0.4639487578271256
C_PIECECOORDINATION:0.5021419243199207
C_ROOK:0.4941543966828099
CE_ROOK:0.49397538380536216
C_CENTERCONTROL:0.4875362756320392
C_DEVELOPPIECES:0.5066294607305586
C_MATERIAL:0.4942603422622136
C_MOVECOUNT:0.4848484558869418
C_PAWNMOVEMENT:0.48529705967828646
