ELO:975
CE_PASSEDPAWNS:0.5
CE_PAWNWEAKNESSES:0.4803530039895276
CE_PIECEACTIVITY:0.5060046290642628
CE_KINGPAWNSHIELD:0.5110946980793886
CE_PIECECOORDINATION:0.5
CE_MATERIAL:0.49268783279328143
CE_KINGSAFETY:0.510449510965687
C_PIECESQUARETABLES:0.5
C_MOBILITY:0.499289625959655
C_KINGSAFETY:0.5
C_PAWNSTRUCTURE:0.5107062385363157
C_PIECECOORDINATION:0.4928863848869936
C_ROOKANDPAWNMOVEMENT:0.4928863848869936
C_CENTERCONTROL:0.49218707794144306
C_DEVELOPPIECES:0.5
C_MATERIAL:0.4974256192176804
