ELO:991
CE_PASSEDPAWNS:0.4784073248571934
CE_PAWNWEAKNESSES:0.45582141262335507
CE_PIECEACTIVITY:0.5034697714293864
CE_KINGPAWNSHIELD:0.6277396711590736
CE_PIECECOORDINATION:0.5300383094786373
CE_MATERIAL:0.5627467046793855
CE_KINGSAFETY:0.49243769208097554
C_PIECESQUARETABLES:0.4892675759710993
C_MOBILITY:0.45963489455655887
C_KINGSAFETY:0.48554932566863196
C_PAWNSTRUCTURE:0.4140694096077197
C_PIECECOORDINATION:0.41863258674287185
C_ROOKANDPAWNMOVEMENT:0.41863258674287185
C_CENTERCONTROL:0.4702209612090118
C_DEVELOPPIECES:0.4937456764768604
C_MATERIAL:0.4060641520983509
