ELO:1091
CE_PASSEDPAWNS:0.43819393075340635
CE_PAWNWEAKNESSES:0.49787983819717646
CE_PIECEACTIVITY:0.47707812532962285
CE_KINGPAWNSHIELD:0.42311285434056006
CE_PIECECOORDINATION:0.5707969823983154
CE_MATERIAL:0.3944838449325707
CE_KINGSAFETY:0.5059461976058403
C_PIECESQUARETABLES:0.5092624015983
C_MOBILITY:0.44292878321360524
C_KINGSAFETY:0.642670559501745
C_PAWNSTRUCTURE:0.37973929781183047
C_PIECECOORDINATION:0.4890165843204907
C_ROOKANDPAWNMOVEMENT:0.4890165843204907
C_CENTERCONTROL:0.47217570514051493
C_DEVELOPPIECES:0.48439793226785144
C_MATERIAL:0.4073474203952967
