ELO:989
CE_PASSEDPAWNS:0.477817825023954
CE_PAWNWEAKNESSES:0.44497126430872497
CE_PIECEACTIVITY:0.49541117801489404
CE_KINGPAWNSHIELD:0.6277396711590736
CE_PIECECOORDINATION:0.5342955408416882
CE_MATERIAL:0.5639789124008462
CE_KINGSAFETY:0.5131771428484598
C_PIECESQUARETABLES:0.48833071528511085
C_MOBILITY:0.46955431549384424
C_KINGSAFETY:0.5044802036573748
C_PAWNSTRUCTURE:0.41328582126796154
C_PIECECOORDINATION:0.4304113765299265
C_ROOKANDPAWNMOVEMENT:0.4304113765299265
C_CENTERCONTROL:0.48887491049926196
C_DEVELOPPIECES:0.4836475588565911
C_MATERIAL:0.4060641520983509
