ELO:983
CE_PASSEDPAWNS:0.5191362502678782
CE_PAWNWEAKNESSES:0.49502631410419257
CE_PIECEACTIVITY:0.504212218532382
CE_KINGPAWNSHIELD:0.4973753036600955
CE_PIECECOORDINATION:0.4911477031338237
CE_MATERIAL:0.5170034156961811
CE_KINGSAFETY:0.493532854526525
C_PIECESQUARETABLES:0.5070557199606456
C_MOBILITY:0.48510815683185465
C_KINGSAFETY:0.5138919350911285
C_PAWNSTRUCTURE:0.46903600973725373
C_PIECECOORDINATION:0.5036931361452794
C_ROOK:0.500764613516889
CE_ROOK:0.4992848916443458
C_CENTERCONTROL:0.4758181193763715
C_DEVELOPPIECES:0.5049126149872751
C_MATERIAL:0.4855925150093425
C_MOVECOUNT:0.4909871714008297
C_PAWNMOVEMENT:0.49958335353194827
