ELO:1000
CE_PASSEDPAWNS:0.4879251898256277
CE_PAWNWEAKNESSES:0.5175849510357309
CE_PIECEACTIVITY:0.49674061024317584
CE_KINGPAWNSHIELD:0.5318150486381711
CE_PIECECOORDINATION:0.4855395372977432
CE_MATERIAL:0.5355687845443432
CE_KINGSAFETY:0.5236310288703631
C_PIECESQUARETABLES:0.4906162759007334
C_MOBILITY:0.49364566020593625
C_KINGSAFETY:0.49787959263678705
C_PAWNSTRUCTURE:0.4671653032665249
C_PIECECOORDINATION:0.4902742732189772
C_ROOKANDPAWNMOVEMENT:0.4902742732189772
C_CENTERCONTROL:0.490898358083461
C_DEVELOPPIECES:0.49275573555557256
C_MATERIAL:0.48812268854889496
