ELO:947
CE_PASSEDPAWNS:0.5202166912873313
CE_PAWNWEAKNESSES:0.5341945573732219
CE_PIECEACTIVITY:0.53096233466168
CE_KINGPAWNSHIELD:0.47255092282245675
CE_PIECECOORDINATION:0.48644510003819336
CE_MATERIAL:0.543415945293288
CE_KINGSAFETY:0.5
C_PIECESQUARETABLES:0.5121085554729453
C_MOBILITY:0.4994279031886735
C_KINGSAFETY:0.55112585924768
C_PAWNSTRUCTURE:0.4684609330419056
C_PIECECOORDINATION:0.49412350076576855
C_ROOK:0.5210231414093737
CE_ROOK:0.48915926860385717
C_CENTERCONTROL:0.4961729506864047
C_DEVELOPPIECES:0.5062107709062216
C_MATERIAL:0.4957790606059095
C_MOVECOUNT:0.47881349165683085
C_PAWNMOVEMENT:0.49702265953395497
