ELO:1000
CE_PASSEDPAWNS:0.4942928608717947
CE_PAWNWEAKNESSES:0.5109041207310396
CE_PIECEACTIVITY:0.4869252570944735
CE_KINGPAWNSHIELD:0.5096113455535773
CE_PIECECOORDINATION:0.48093212788876794
CE_MATERIAL:0.5181054326619859
CE_KINGSAFETY:0.5154728344722689
C_PIECESQUARETABLES:0.49481949421967913
C_MOBILITY:0.4987713142483514
C_KINGSAFETY:0.49915272407368555
C_PAWNSTRUCTURE:0.480292162098785
C_PIECECOORDINATION:0.48039312853763894
C_ROOKANDPAWNMOVEMENT:0.48039312853763894
C_CENTERCONTROL:0.49806555621629534
C_DEVELOPPIECES:0.4912852497795437
C_MATERIAL:0.4839374563258602
