ELO:988
CE_PASSEDPAWNS:0.47337294199135765
CE_PAWNWEAKNESSES:0.46420584517813274
CE_PIECEACTIVITY:0.4683390074569897
CE_KINGPAWNSHIELD:0.6609840333252064
CE_PIECECOORDINATION:0.5466730102534305
CE_MATERIAL:0.5388559451194178
CE_KINGSAFETY:0.5593388658670844
C_PIECESQUARETABLES:0.5109877082554412
C_MOBILITY:0.4684389289920967
C_KINGSAFETY:0.4772548202806556
C_PAWNSTRUCTURE:0.4066534150176998
C_PIECECOORDINATION:0.39673950614543263
C_ROOKANDPAWNMOVEMENT:0.39673950614543263
C_CENTERCONTROL:0.5050652286016155
C_DEVELOPPIECES:0.47772613827484495
C_MATERIAL:0.3735433410996451
