ELO:968
CE_PASSEDPAWNS:0.5099576779191902
CE_PAWNWEAKNESSES:0.5110871654925795
CE_PIECEACTIVITY:0.48153489244936165
CE_KINGPAWNSHIELD:0.47630759404684986
CE_PIECECOORDINATION:0.497339794330864
CE_MATERIAL:0.46951373100728805
CE_KINGSAFETY:0.511888947306013
C_PIECESQUARETABLES:0.5058908806047185
C_MOBILITY:0.46288483760462545
C_KINGSAFETY:0.5132121314059642
C_PAWNSTRUCTURE:0.4959956794996121
C_PIECECOORDINATION:0.4910469977209759
C_ROOKANDPAWNMOVEMENT:0.4910469977209759
C_CENTERCONTROL:0.5201572426968936
C_DEVELOPPIECES:0.48949024866253554
C_MATERIAL:0.5028255247193398
C_MOVECOUNT:0.5173542990073176
