ELO:1000
CE_PASSEDPAWNS:0.5031773209943063
CE_PAWNWEAKNESSES:0.4641021468075304
CE_PIECEACTIVITY:0.5
CE_KINGPAWNSHIELD:0.4484268605124177
CE_PIECECOORDINATION:0.4714727288196666
CE_MATERIAL:0.49950430887227354
CE_KINGSAFETY:0.5
C_PIECESQUARETABLES:0.46614170411883116
C_MOBILITY:0.5675540359712444
C_KINGSAFETY:0.48789319994004265
C_PAWNSTRUCTURE:0.4862567722661895
C_PIECECOORDINATION:0.5014934239178009
C_ROOKANDPAWNMOVEMENT:0.5014934239178009
C_CENTERCONTROL:0.5
C_DEVELOPPIECES:0.5112666072212199
C_MATERIAL:0.49485924807223813
C_MOVECOUNT:0.5
