ELO:949
CE_PASSEDPAWNS:0.5302328664621972
CE_PAWNWEAKNESSES:0.5341945573732219
CE_PIECEACTIVITY:0.5310464559281969
CE_KINGPAWNSHIELD:0.4661390654099458
CE_PIECECOORDINATION:0.4978706205211044
CE_MATERIAL:0.543415945293288
CE_KINGSAFETY:0.5002348858043476
C_PIECESQUARETABLES:0.5276606067456651
C_MOBILITY:0.4987148345502391
C_KINGSAFETY:0.5536502416360163
C_PAWNSTRUCTURE:0.4774050727350015
C_PIECECOORDINATION:0.49549655205271803
C_ROOK:0.5160772638995904
CE_ROOK:0.4844052417250824
C_CENTERCONTROL:0.49322603287510763
C_DEVELOPPIECES:0.5147628668957244
C_MATERIAL:0.4957790606059095
C_MOVECOUNT:0.47881349165683085
C_PAWNMOVEMENT:0.4964319575750944
