ELO:988
CE_PASSEDPAWNS:0.48036119077179995
CE_PAWNWEAKNESSES:0.44497126430872497
CE_PIECEACTIVITY:0.4987705721501642
CE_KINGPAWNSHIELD:0.6461364794480893
CE_PIECECOORDINATION:0.5380014380222189
CE_MATERIAL:0.551479584469589
CE_KINGSAFETY:0.5198039291594709
C_PIECESQUARETABLES:0.5122642439733726
C_MOBILITY:0.45861601161050264
C_KINGSAFETY:0.5177511077096189
C_PAWNSTRUCTURE:0.4022279969298107
C_PIECECOORDINATION:0.42221863747989835
C_ROOKANDPAWNMOVEMENT:0.42221863747989835
C_CENTERCONTROL:0.4937046666698793
C_DEVELOPPIECES:0.4854488573568318
C_MATERIAL:0.41735807481471776
