ELO:931
CE_PASSEDPAWNS:0.43402454961917764
CE_PAWNWEAKNESSES:0.4484638765249164
CE_PIECEACTIVITY:0.5106255570573331
CE_KINGPAWNSHIELD:0.6877914578284499
CE_PIECECOORDINATION:0.5184587235077358
CE_MATERIAL:0.5528386841023676
CE_KINGSAFETY:0.513484508933985
C_PIECESQUARETABLES:0.5137658397902638
C_MOBILITY:0.4835907891469616
C_KINGSAFETY:0.5059864850700446
C_PAWNSTRUCTURE:0.4071150189588377
C_PIECECOORDINATION:0.4144507736903675
C_ROOKANDPAWNMOVEMENT:0.4144507736903675
C_CENTERCONTROL:0.4893402746112886
C_DEVELOPPIECES:0.4944130691483261
C_MATERIAL:0.34042861953110465
