ELO:906
CE_PASSEDPAWNS:0.49628473797812844
CE_PAWNWEAKNESSES:0.45486919109511714
CE_PIECEACTIVITY:0.531500469811262
CE_KINGPAWNSHIELD:0.500979770243299
CE_PIECECOORDINATION:0.5333561692968918
CE_MATERIAL:0.5046633294181159
CE_KINGSAFETY:0.5020376005257634
C_PIECESQUARETABLES:0.5118140585791
C_MOBILITY:0.5414846091759301
C_KINGSAFETY:0.5053383358384665
C_PAWNSTRUCTURE:0.47008921798111786
C_PIECECOORDINATION:0.5077085862404708
C_ROOKANDPAWNMOVEMENT:0.5077085862404708
C_CENTERCONTROL:0.517082105440068
C_DEVELOPPIECES:0.45884027081149475
C_MATERIAL:0.4685576075091337
C_MOVECOUNT:0.4155922017729514
