ELO:988
CE_PASSEDPAWNS:0.4999167983080011
CE_PAWNWEAKNESSES:0.4701230141132633
CE_PIECEACTIVITY:0.49263739128660566
CE_KINGPAWNSHIELD:0.6581623937844735
CE_PIECECOORDINATION:0.5464887502241883
CE_MATERIAL:0.5385349794647649
CE_KINGSAFETY:0.5380178494986635
C_PIECESQUARETABLES:0.5156420679298971
C_MOBILITY:0.46919384122882696
C_KINGSAFETY:0.4895596218257591
C_PAWNSTRUCTURE:0.41547565329088126
C_PIECECOORDINATION:0.4017945566656153
C_ROOKANDPAWNMOVEMENT:0.4017945566656153
C_CENTERCONTROL:0.5011165934017936
C_DEVELOPPIECES:0.4897653948985798
C_MATERIAL:0.3953780435592674
