ELO:1035
CE_PASSEDPAWNS:0.4988981865972007
CE_PAWNWEAKNESSES:0.5
CE_PIECEACTIVITY:0.486057321236255
CE_KINGPAWNSHIELD:0.5036857336567319
CE_PIECECOORDINATION:0.5
CE_MATERIAL:0.4315335217805732
CE_KINGSAFETY:0.5
C_PIECESQUARETABLES:0.5
C_MOBILITY:0.5104551698105558
C_KINGSAFETY:0.49352347097133753
C_PAWNSTRUCTURE:0.5
C_PIECECOORDINATION:0.5
C_ROOKANDPAWNMOVEMENT:0.5
C_CENTERCONTROL:0.4742081544767967
C_DEVELOPPIECES:0.48872829184308847
C_MATERIAL:0.4842700822110806
C_MOVECOUNT:0.5
