ELO:994
CE_PASSEDPAWNS:0.5132204054143841
CE_PAWNWEAKNESSES:0.4765421825211686
CE_PIECEACTIVITY:0.5051182921061682
CE_KINGPAWNSHIELD:0.4884094720558129
CE_PIECECOORDINATION:0.49469394235174746
CE_MATERIAL:0.4821404648661063
CE_KINGSAFETY:0.5127055038096932
C_PIECESQUARETABLES:0.4887955255580737
C_MOBILITY:0.4887509051834633
C_KINGSAFETY:0.5068965064423498
C_PAWNSTRUCTURE:0.5152642547355024
C_PIECECOORDINATION:0.5044485202424783
C_ROOKANDPAWNMOVEMENT:0.5044485202424783
C_CENTERCONTROL:0.5
C_DEVELOPPIECES:0.5
C_MATERIAL:0.510530093406996
C_MOVECOUNT:0.5124366592231067
