ELO:986
CE_PASSEDPAWNS:0.43878081920921563
CE_PAWNWEAKNESSES:0.514086645218498
CE_PIECEACTIVITY:0.4916858326334642
CE_KINGPAWNSHIELD:0.40074795952591424
CE_PIECECOORDINATION:0.5252814032985953
CE_MATERIAL:0.5762625085382165
CE_KINGSAFETY:0.5015093091589707
C_PIECESQUARETABLES:0.5005772517455337
C_MOBILITY:0.5086251838355805
C_KINGSAFETY:0.45256782666331413
C_PAWNSTRUCTURE:0.4321799880694764
C_PIECECOORDINATION:0.5675348695665391
C_ROOKANDPAWNMOVEMENT:0.5675348695665391
C_CENTERCONTROL:0.478992432478634
C_DEVELOPPIECES:0.47397520765042395
C_MATERIAL:0.5439780432490922
