ELO:984
CE_PASSEDPAWNS:0.5132204054143841
CE_PAWNWEAKNESSES:0.48624396183595614
CE_PIECEACTIVITY:0.49520196100796715
CE_KINGPAWNSHIELD:0.5117575732352284
CE_PIECECOORDINATION:0.48638414947485553
CE_MATERIAL:0.4809147721072825
CE_KINGSAFETY:0.5
C_PIECESQUARETABLES:0.493877069763976
C_MOBILITY:0.5010110139338757
C_KINGSAFETY:0.48540528617506834
C_PAWNSTRUCTURE:0.5052377936126663
C_PIECECOORDINATION:0.5013025722651565
C_ROOKANDPAWNMOVEMENT:0.5013025722651565
C_CENTERCONTROL:0.5113076154181384
C_DEVELOPPIECES:0.48845372110954366
C_MATERIAL:0.5001708054090791
C_MOVECOUNT:0.5005192576063373
