ELO:999
CE_PASSEDPAWNS:0.44632178229031955
CE_PAWNWEAKNESSES:0.46779364426696757
CE_PIECEACTIVITY:0.5037898137688487
CE_KINGPAWNSHIELD:0.6262489640183282
CE_PIECECOORDINATION:0.4859109385672724
CE_MATERIAL:0.5566333373700009
CE_KINGSAFETY:0.49243769208097554
C_PIECESQUARETABLES:0.49593073679832617
C_MOBILITY:0.4596016797966356
C_KINGSAFETY:0.4822663946051274
C_PAWNSTRUCTURE:0.40855090272546046
C_PIECECOORDINATION:0.437687914737572
C_ROOKANDPAWNMOVEMENT:0.437687914737572
C_CENTERCONTROL:0.48217439803240414
C_DEVELOPPIECES:0.476391902728535
C_MATERIAL:0.43200832057062655
