ELO:937
CE_PASSEDPAWNS:0.4842777025930595
CE_PAWNWEAKNESSES:0.4983775082405653
CE_PIECEACTIVITY:0.5551817062967661
CE_KINGPAWNSHIELD:0.44916404442573254
CE_PIECECOORDINATION:0.48950963483049764
CE_MATERIAL:0.4516063535534535
CE_KINGSAFETY:0.49764993084823483
C_PIECESQUARETABLES:0.5
C_MOBILITY:0.5272687610218613
C_KINGSAFETY:0.49500999294305303
C_PAWNSTRUCTURE:0.5041777744939114
C_PIECECOORDINATION:0.5064615273719225
C_ROOKANDPAWNMOVEMENT:0.5064615273719225
C_CENTERCONTROL:0.5713048734375736
C_DEVELOPPIECES:0.5002978732142143
C_MATERIAL:0.4856173586200671
C_MOVECOUNT:0.5
