ELO:1010
CE_PASSEDPAWNS:0.48809590698251387
CE_PAWNWEAKNESSES:0.4559220945185799
CE_PIECEACTIVITY:0.5132394228977573
CE_KINGPAWNSHIELD:0.5258365355541043
CE_PIECECOORDINATION:0.4275255345062821
CE_MATERIAL:0.5112409686972246
CE_KINGSAFETY:0.4807459354356822
C_PIECESQUARETABLES:0.5089152494788369
C_MOBILITY:0.4965268577430581
C_KINGSAFETY:0.5368657758117246
C_PAWNSTRUCTURE:0.5032179713012929
C_PIECECOORDINATION:0.499976604016106
C_ROOKANDPAWNMOVEMENT:0.499976604016106
C_CENTERCONTROL:0.4168979065152894
C_DEVELOPPIECES:0.5092582959206459
C_MATERIAL:0.5608722598656009
C_MOVECOUNT:0.5
