ELO:1024
CE_PASSEDPAWNS:0.4548424410889711
CE_PAWNWEAKNESSES:0.48884613475962285
CE_PIECEACTIVITY:0.5065346971501484
CE_KINGPAWNSHIELD:0.4911051204419685
CE_PIECECOORDINATION:0.5
CE_MATERIAL:0.5
CE_KINGSAFETY:0.5161072836013302
C_PIECESQUARETABLES:0.5129813230816679
C_MOBILITY:0.5070301578210673
C_KINGSAFETY:0.49867821962598313
C_PAWNSTRUCTURE:0.4968463330750693
C_PIECECOORDINATION:0.5
C_ROOK:0.4705088760634833
CE_ROOK:0.5145294178320576
C_CENTERCONTROL:0.5133561905630255
C_DEVELOPPIECES:0.5098909537800933
C_MATERIAL:0.5166857758498352
C_MOVECOUNT:0.49779923673766985
C_PAWNMOVEMENT:0.5156871758355372
