ELO:982
CE_PASSEDPAWNS:0.48246293202598906
CE_PAWNWEAKNESSES:0.4441966857689852
CE_PIECEACTIVITY:0.5
CE_KINGPAWNSHIELD:0.4992223085014599
CE_PIECECOORDINATION:0.47523674224117296
CE_MATERIAL:0.5313855737888874
CE_KINGSAFETY:0.5186137860312453
C_PIECESQUARETABLES:0.5
C_MOBILITY:0.5762229238663585
C_KINGSAFETY:0.473472170784497
C_PAWNSTRUCTURE:0.5243123911320211
C_PIECECOORDINATION:0.5027332759501226
C_ROOKANDPAWNMOVEMENT:0.5027332759501226
C_CENTERCONTROL:0.5
C_DEVELOPPIECES:0.5102890557375814
C_MATERIAL:0.5
C_MOVECOUNT:0.5
