ELO:984
CE_PASSEDPAWNS:0.5060179067937439
CE_PAWNWEAKNESSES:0.4994804686173614
CE_PIECEACTIVITY:0.505083284785735
CE_KINGPAWNSHIELD:0.5086584443504842
CE_PIECECOORDINATION:0.49031310952803
CE_MATERIAL:0.5
CE_KINGSAFETY:0.5
C_PIECESQUARETABLES:0.5
C_MOBILITY:0.48994588345339235
C_KINGSAFETY:0.4607028148526984
C_PAWNSTRUCTURE:0.5
C_PIECECOORDINATION:0.5175054421408659
C_ROOKANDPAWNMOVEMENT:0.5175054421408659
C_CENTERCONTROL:0.49615700554020203
C_DEVELOPPIECES:0.5
C_MATERIAL:0.5370672231445197
C_MOVECOUNT:0.5000291857498538
