ELO:1000
CE_PASSEDPAWNS:0.5
CE_PAWNWEAKNESSES:0.5
CE_PIECEACTIVITY:0.5
CE_KINGPAWNSHIELD:0.49460555839696557
CE_PIECECOORDINATION:0.5
CE_MATERIAL:0.5068098874294849
CE_KINGSAFETY:0.5
C_PIECESQUARETABLES:0.5003050047215861
C_MOBILITY:0.5
C_KINGSAFETY:0.5
C_PAWNSTRUCTURE:0.48916380956153505
C_PIECECOORDINATION:0.5021488977249388
C_ROOK:0.5016197874300972
CE_ROOK:0.5
C_CENTERCONTROL:0.5
C_DEVELOPPIECES:0.5038752104407253
C_MATERIAL:0.5040356392733758
C_MOVECOUNT:0.5
C_PAWNMOVEMENT:0.48529705967828646
