ELO:1008
CE_PASSEDPAWNS:0.5
CE_PAWNWEAKNESSES:0.48358553342195587
CE_PIECEACTIVITY:0.4984142378542199
CE_KINGPAWNSHIELD:0.5078542013425968
CE_PIECECOORDINATION:0.4892590744956842
CE_MATERIAL:0.5051548535152991
CE_KINGSAFETY:0.4919651437463594
C_PIECESQUARETABLES:0.5091835462074095
C_MOBILITY:0.5
C_KINGSAFETY:0.5032529412023069
C_PAWNSTRUCTURE:0.4875503791140597
C_PIECECOORDINATION:0.5
C_ROOKANDPAWNMOVEMENT:0.5
C_CENTERCONTROL:0.5
C_DEVELOPPIECES:0.5122637840090337
C_MATERIAL:0.5192049265940221
