ELO:896
CE_PASSEDPAWNS:0.525303442683145
CE_PAWNWEAKNESSES:0.517163496707973
CE_PIECEACTIVITY:0.5025320884378972
CE_KINGPAWNSHIELD:0.4660559655191106
CE_PIECECOORDINATION:0.4892142626948396
CE_MATERIAL:0.5239106331034831
CE_KINGSAFETY:0.5
C_PIECESQUARETABLES:0.5
C_MOBILITY:0.49678837829043515
C_KINGSAFETY:0.5362867766958436
C_PAWNSTRUCTURE:0.46372341255765864
C_PIECECOORDINATION:0.50259066137907
C_ROOK:0.49828412153566126
CE_ROOK:0.4801260754741183
C_CENTERCONTROL:0.4879416547128381
C_DEVELOPPIECES:0.517378161735546
C_MATERIAL:0.48743910555144404
C_MOVECOUNT:0.46006581549476827
C_PAWNMOVEMENT:0.49076066953514413
