ELO:926
CE_PASSEDPAWNS:0.5326142104111112
CE_PAWNWEAKNESSES:0.5325545523202954
CE_PIECEACTIVITY:0.5104901960211213
CE_KINGPAWNSHIELD:0.4574351513194976
CE_PIECECOORDINATION:0.49234087496840373
CE_MATERIAL:0.543415945293288
CE_KINGSAFETY:0.5
C_PIECESQUARETABLES:0.5006170927386713
C_MOBILITY:0.4994279031886735
C_KINGSAFETY:0.5473303770709754
C_PAWNSTRUCTURE:0.46372341255765864
C_PIECECOORDINATION:0.50259066137907
C_ROOK:0.49828412153566126
CE_ROOK:0.4801260754741183
C_CENTERCONTROL:0.4879416547128381
C_DEVELOPPIECES:0.5056583959300132
C_MATERIAL:0.48788378511696956
C_MOVECOUNT:0.4702290758646892
C_PAWNMOVEMENT:0.49702265953395497
