ELO:1041
CE_PASSEDPAWNS:0.5
CE_PAWNWEAKNESSES:0.5
CE_PIECEACTIVITY:0.5
CE_KINGPAWNSHIELD:0.5
CE_PIECECOORDINATION:0.5
CE_MATERIAL:0.49920656129641783
CE_KINGSAFETY:0.5
C_PIECESQUARETABLES:0.5175779153410688
C_MOBILITY:0.5
C_KINGSAFETY:0.49344278999724384
C_PAWNSTRUCTURE:0.5
C_PIECECOORDINATION:0.5051203524958939
C_ROOKANDPAWNMOVEMENT:0.5051203524958939
C_CENTERCONTROL:0.5
C_DEVELOPPIECES:0.5010025042799379
C_MATERIAL:0.49355632752321127
C_MOVECOUNT:0.49614926186636277
