ELO:923
CE_PASSEDPAWNS:0.5371952898219875
CE_PAWNWEAKNESSES:0.45612845217028675
CE_PIECEACTIVITY:0.4800077573265897
CE_KINGPAWNSHIELD:0.5132212229002344
CE_PIECECOORDINATION:0.5368262928339115
CE_MATERIAL:0.46024995710068145
CE_KINGSAFETY:0.5
C_PIECESQUARETABLES:0.5
C_MOBILITY:0.5116623085970322
C_KINGSAFETY:0.5341084379840678
C_PAWNSTRUCTURE:0.47498290060415077
C_PIECECOORDINATION:0.4752642104033801
C_ROOKANDPAWNMOVEMENT:0.4752642104033801
C_CENTERCONTROL:0.42833399457374915
C_DEVELOPPIECES:0.5020983735151573
C_MATERIAL:0.5171288501257149
C_MOVECOUNT:0.5
