ELO:1003
CE_PASSEDPAWNS:0.48157316626977714
CE_PAWNWEAKNESSES:0.4907563903709989
CE_PIECEACTIVITY:0.5149657619694504
CE_KINGPAWNSHIELD:0.5905980014042034
CE_PIECECOORDINATION:0.4742939186048858
CE_MATERIAL:0.5504500843611582
CE_KINGSAFETY:0.4907252397510222
C_PIECESQUARETABLES:0.5186544938828194
C_MOBILITY:0.4436879204127911
C_KINGSAFETY:0.45901471912430203
C_PAWNSTRUCTURE:0.4269160500423
C_PIECECOORDINATION:0.46542975244153884
C_ROOKANDPAWNMOVEMENT:0.46542975244153884
C_CENTERCONTROL:0.5049036230368771
C_DEVELOPPIECES:0.48196926172473764
C_MATERIAL:0.5033955714192506
