ELO:972
CE_PASSEDPAWNS:0.5132204054143841
CE_PAWNWEAKNESSES:0.48444200696387546
CE_PIECEACTIVITY:0.49520196100796715
CE_KINGPAWNSHIELD:0.5117575732352284
CE_PIECECOORDINATION:0.48638414947485553
CE_MATERIAL:0.47971098224628117
CE_KINGSAFETY:0.49982936270039996
C_PIECESQUARETABLES:0.5023906026416836
C_MOBILITY:0.5010110139338757
C_KINGSAFETY:0.48720127031000326
C_PAWNSTRUCTURE:0.5013781132360824
C_PIECECOORDINATION:0.5013025722651565
C_ROOKANDPAWNMOVEMENT:0.5013025722651565
C_CENTERCONTROL:0.5038117140987394
C_DEVELOPPIECES:0.48845372110954366
C_MATERIAL:0.5001708054090791
C_MOVECOUNT:0.5005192576063373
