ELO:1006
CE_PASSEDPAWNS:0.4643739795655854
CE_PAWNWEAKNESSES:0.49370183365184545
CE_PIECEACTIVITY:0.5271219469823077
CE_KINGPAWNSHIELD:0.6167560358865806
CE_PIECECOORDINATION:0.4963961581639083
CE_MATERIAL:0.5491697878934121
CE_KINGSAFETY:0.49613810484754534
C_PIECESQUARETABLES:0.48652331618272054
C_MOBILITY:0.43646367812634146
C_KINGSAFETY:0.4766470269885151
C_PAWNSTRUCTURE:0.40346736725849086
C_PIECECOORDINATION:0.4706831090739527
C_ROOKANDPAWNMOVEMENT:0.4706831090739527
C_CENTERCONTROL:0.4794323888195253
C_DEVELOPPIECES:0.4984250602797064
C_MATERIAL:0.4893870180404114
