ELO:976
CE_PASSEDPAWNS:0.5067220476838514
CE_PAWNWEAKNESSES:0.3981645706950187
CE_PIECEACTIVITY:0.5
CE_KINGPAWNSHIELD:0.4506345606650836
CE_PIECECOORDINATION:0.5687872995070891
CE_MATERIAL:0.49325287345724267
CE_KINGSAFETY:0.5
C_PIECESQUARETABLES:0.5
C_MOBILITY:0.5160267506570322
C_KINGSAFETY:0.5183508641864791
C_PAWNSTRUCTURE:0.5073667370258602
C_PIECECOORDINATION:0.48422896979280705
C_ROOKANDPAWNMOVEMENT:0.48422896979280705
C_CENTERCONTROL:0.6199788026191386
C_DEVELOPPIECES:0.4684385670810184
C_MATERIAL:0.48735774361741313
C_MOVECOUNT:0.5
