ELO:1008
CE_PASSEDPAWNS:0.4643739795655854
CE_PAWNWEAKNESSES:0.49201193228984347
CE_PIECEACTIVITY:0.5271219469823077
CE_KINGPAWNSHIELD:0.6153858044501885
CE_PIECECOORDINATION:0.4963961581639083
CE_MATERIAL:0.5491697878934121
CE_KINGSAFETY:0.5014513088853906
C_PIECESQUARETABLES:0.48019560426008423
C_MOBILITY:0.4335781422048033
C_KINGSAFETY:0.47007887958568284
C_PAWNSTRUCTURE:0.39376366722972894
C_PIECECOORDINATION:0.4586317966758858
C_ROOKANDPAWNMOVEMENT:0.4586317966758858
C_CENTERCONTROL:0.4794323888195253
C_DEVELOPPIECES:0.4984250602797064
C_MATERIAL:0.48419228018736243
