ELO:898
CE_PASSEDPAWNS:0.3945253835235394
CE_PAWNWEAKNESSES:0.5240345076135569
CE_PIECEACTIVITY:0.5726879831865438
CE_KINGPAWNSHIELD:0.4007606505407575
CE_PIECECOORDINATION:0.5578129316965615
CE_MATERIAL:0.5308926479310236
CE_KINGSAFETY:0.4897635097345459
C_PIECESQUARETABLES:0.48427371452125406
C_MOBILITY:0.5667903440102696
C_KINGSAFETY:0.5203513486610238
C_PAWNSTRUCTURE:0.46284584912600923
C_PIECECOORDINATION:0.44636755531605
C_ROOKANDPAWNMOVEMENT:0.44636755531605
C_CENTERCONTROL:0.4803557845290299
C_DEVELOPPIECES:0.539867163094324
C_MATERIAL:0.4601521557705501
