ELO:981
CE_PASSEDPAWNS:0.5294187793956144
CE_PAWNWEAKNESSES:0.514513074885991
CE_PIECEACTIVITY:0.5
CE_KINGPAWNSHIELD:0.4680724295735096
CE_PIECECOORDINATION:0.4990722249124969
CE_MATERIAL:0.515007493707638
CE_KINGSAFETY:0.5056537031931948
C_PIECESQUARETABLES:0.507247933888476
C_MOBILITY:0.49249626316202044
C_KINGSAFETY:0.5003211531963851
C_PAWNSTRUCTURE:0.49753025124826017
C_PIECECOORDINATION:0.49231141384146143
C_ROOKANDPAWNMOVEMENT:0.49231141384146143
C_CENTERCONTROL:0.5023717787094113
C_DEVELOPPIECES:0.5183196571755644
C_MATERIAL:0.48448157611214476
