ELO:895
CE_PASSEDPAWNS:0.39614820613591767
CE_PAWNWEAKNESSES:0.5220436934492237
CE_PIECEACTIVITY:0.5482648806760254
CE_KINGPAWNSHIELD:0.416104597035155
CE_PIECECOORDINATION:0.5876046693229825
CE_MATERIAL:0.5307861664347325
CE_KINGSAFETY:0.45499658356826034
C_PIECESQUARETABLES:0.4559428909200245
C_MOBILITY:0.5090133035237763
C_KINGSAFETY:0.4485291801750675
C_PAWNSTRUCTURE:0.5004354553036701
C_PIECECOORDINATION:0.45163913455409455
C_ROOKANDPAWNMOVEMENT:0.45163913455409455
C_CENTERCONTROL:0.46047321355409415
C_DEVELOPPIECES:0.5690818173311473
C_MATERIAL:0.43234188303017884
