ELO:1000
CE_PASSEDPAWNS:0.5157393398541241
CE_PAWNWEAKNESSES:0.44739467521162046
CE_PIECEACTIVITY:0.4974810645087386
CE_KINGPAWNSHIELD:0.4738219482022211
CE_PIECECOORDINATION:0.5003239424497983
CE_MATERIAL:0.4911872148321444
CE_KINGSAFETY:0.5070297424715545
C_PIECESQUARETABLES:0.46868199159508395
C_MOBILITY:0.4725844149828773
C_KINGSAFETY:0.5420276787881232
C_PAWNSTRUCTURE:0.48699405988753686
C_PIECECOORDINATION:0.49055133968781983
C_ROOKANDPAWNMOVEMENT:0.49055133968781983
C_CENTERCONTROL:0.5058219760545346
C_DEVELOPPIECES:0.4364553604749629
C_MATERIAL:0.5146028118111089
