ELO:1023
CE_PASSEDPAWNS:0.490839002627558
CE_PAWNWEAKNESSES:0.5
CE_PIECEACTIVITY:0.5051993136157764
CE_KINGPAWNSHIELD:0.5132952819017919
CE_PIECECOORDINATION:0.4799181145568555
CE_MATERIAL:0.4995782551173533
CE_KINGSAFETY:0.5
C_PIECESQUARETABLES:0.4885666905285033
C_MOBILITY:0.4887359539353443
C_KINGSAFETY:0.49600083422603
C_PAWNSTRUCTURE:0.510322451781968
C_PIECECOORDINATION:0.5
C_ROOKANDPAWNMOVEMENT:0.5
C_CENTERCONTROL:0.4932438716744668
C_DEVELOPPIECES:0.5
C_MATERIAL:0.5025618627665402
C_MOVECOUNT:0.5027247734177293
