ELO:937
CE_PASSEDPAWNS:0.5192226080543092
CE_PAWNWEAKNESSES:0.5017164414048059
CE_PIECEACTIVITY:0.5230234526110079
CE_KINGPAWNSHIELD:0.5061229971566327
CE_PIECECOORDINATION:0.5051067970979974
CE_MATERIAL:0.4814468944348391
CE_KINGSAFETY:0.479245292507081
C_PIECESQUARETABLES:0.5156692668958917
C_MOBILITY:0.503308741634125
C_KINGSAFETY:0.5487701733150568
C_PAWNSTRUCTURE:0.5038632935877262
C_PIECECOORDINATION:0.47698032924237843
C_ROOKANDPAWNMOVEMENT:0.47698032924237843
C_CENTERCONTROL:0.4912238877428097
C_DEVELOPPIECES:0.5053871371213647
C_MATERIAL:0.4575956695372583
C_MOVECOUNT:0.5
