ELO:821
CE_PASSEDPAWNS:0.37767191212509227
CE_PAWNWEAKNESSES:0.5599713865574744
CE_PIECEACTIVITY:0.48200125566168733
CE_KINGPAWNSHIELD:0.4265015138152637
CE_PIECECOORDINATION:0.5668823379633918
CE_MATERIAL:0.5064822448952755
CE_KINGSAFETY:0.482326247562408
C_PIECESQUARETABLES:0.43011322191803086
C_MOBILITY:0.5228482101291628
C_KINGSAFETY:0.45851666780638983
C_PAWNSTRUCTURE:0.5411132744281372
C_PIECECOORDINATION:0.43752068058137883
C_ROOKANDPAWNMOVEMENT:0.43752068058137883
C_CENTERCONTROL:0.4376408975811457
C_DEVELOPPIECES:0.54306123586607
C_MATERIAL:0.40574090065916774
