ELO:992
CE_PASSEDPAWNS:0.5469345228098885
CE_PAWNWEAKNESSES:0.4677443693093831
CE_PIECEACTIVITY:0.4772722074921728
CE_KINGPAWNSHIELD:0.43353756970778146
CE_PIECECOORDINATION:0.5430274251932199
CE_MATERIAL:0.5192044818148764
CE_KINGSAFETY:0.46045532781238996
C_PIECESQUARETABLES:0.5086528072917461
C_MOBILITY:0.5454219439062369
C_KINGSAFETY:0.6031339310351469
C_PAWNSTRUCTURE:0.5096851021474063
C_PIECECOORDINATION:0.4597010838661877
C_ROOKANDPAWNMOVEMENT:0.4597010838661877
C_CENTERCONTROL:0.43448983149732817
C_DEVELOPPIECES:0.4254708725668343
C_MATERIAL:0.5034762168873377
