ELO:952
CE_PASSEDPAWNS:0.392954264226473
CE_PAWNWEAKNESSES:0.5452227547175668
CE_PIECEACTIVITY:0.5640088144514561
CE_KINGPAWNSHIELD:0.39005062437474103
CE_PIECECOORDINATION:0.5024741075807636
CE_MATERIAL:0.48503535034036765
CE_KINGSAFETY:0.4882247830466189
C_PIECESQUARETABLES:0.4834800435067289
C_MOBILITY:0.5213984319417805
C_KINGSAFETY:0.5317265435717553
C_PAWNSTRUCTURE:0.4801514057026806
C_PIECECOORDINATION:0.44413824404226787
C_ROOKANDPAWNMOVEMENT:0.44413824404226787
C_CENTERCONTROL:0.47702873393377815
C_DEVELOPPIECES:0.5385834034199699
C_MATERIAL:0.49616263626721224
