ELO:784
CE_PASSEDPAWNS:0.5317059266519768
CE_PAWNWEAKNESSES:0.5676860049394876
CE_PIECEACTIVITY:0.5047740657747535
CE_KINGPAWNSHIELD:0.5116215442558235
CE_PIECECOORDINATION:0.5543256748898104
CE_MATERIAL:0.4415825039410262
CE_KINGSAFETY:0.4990249237870981
C_PIECESQUARETABLES:0.4941556510717373
C_MOBILITY:0.6250967186403918
C_KINGSAFETY:0.5179369075274847
C_PAWNSTRUCTURE:0.5552527344485212
C_PIECECOORDINATION:0.47857388277380614
C_ROOKANDPAWNMOVEMENT:0.47857388277380614
C_CENTERCONTROL:0.4933864132534741
C_DEVELOPPIECES:0.5682138079569257
C_MATERIAL:0.5094794767313495
C_MOVECOUNT:0.5311477594721008
