ELO:1000
CE_PASSEDPAWNS:0.5172147222206664
CE_PAWNWEAKNESSES:0.5064170047600414
CE_PIECEACTIVITY:0.5043019445097497
CE_KINGPAWNSHIELD:0.49961778922175026
CE_PIECECOORDINATION:0.5105543013093738
CE_MATERIAL:0.5065348641972303
CE_KINGSAFETY:0.4931879844578454
C_PIECESQUARETABLES:0.49200700239111467
C_MOBILITY:0.5086404904981657
C_KINGSAFETY:0.5182658039898601
C_PAWNSTRUCTURE:0.5113020253926394
C_PIECECOORDINATION:0.5235088650886577
C_ROOKANDPAWNMOVEMENT:0.5235088650886577
C_CENTERCONTROL:0.49694254055136433
C_DEVELOPPIECES:0.4784296296558998
C_MATERIAL:0.48514153962306317
