ELO:1000
CE_PASSEDPAWNS:0.4998968760630992
CE_PAWNWEAKNESSES:0.5076505012136571
CE_PIECEACTIVITY:0.5169988986270079
CE_KINGPAWNSHIELD:0.5014090780722349
CE_PIECECOORDINATION:0.4952229064227475
CE_MATERIAL:0.5123046143214525
CE_KINGSAFETY:0.5
C_PIECESQUARETABLES:0.5045705668129896
C_MOBILITY:0.5092291770016891
C_KINGSAFETY:0.5088249623390978
C_PAWNSTRUCTURE:0.5068753860942475
C_PIECECOORDINATION:0.483011522057123
C_ROOKANDPAWNMOVEMENT:0.483011522057123
C_CENTERCONTROL:0.5029228649699706
C_DEVELOPPIECES:0.4913116485943029
C_MATERIAL:0.5226885883115805
