ELO:1015
CE_PASSEDPAWNS:0.4429028458229828
CE_PAWNWEAKNESSES:0.505707359599799
CE_PIECEACTIVITY:0.6329690196421759
CE_KINGPAWNSHIELD:0.46954763559360296
CE_PIECECOORDINATION:0.5496595173141157
CE_MATERIAL:0.3598340184878075
CE_KINGSAFETY:0.5140783916258103
C_PIECESQUARETABLES:0.5
C_MOBILITY:0.5722666867401571
C_KINGSAFETY:0.5853565886848126
C_PAWNSTRUCTURE:0.37212748729411615
C_PIECECOORDINATION:0.4083935778281743
C_ROOKANDPAWNMOVEMENT:0.4083935778281743
C_CENTERCONTROL:0.5717732478039972
C_DEVELOPPIECES:0.529151473286878
C_MATERIAL:0.42131640900413986
