ELO:991
CE_PASSEDPAWNS:0.48454487202154545
CE_PAWNWEAKNESSES:0.5151356930053214
CE_PIECEACTIVITY:0.4968947087672556
CE_KINGPAWNSHIELD:0.4958584175327914
CE_PIECECOORDINATION:0.5
CE_MATERIAL:0.4897253856777213
CE_KINGSAFETY:0.5
C_PIECESQUARETABLES:0.5
C_MOBILITY:0.4947918843730169
C_KINGSAFETY:0.5044569304803909
C_PAWNSTRUCTURE:0.5139027283282201
C_PIECECOORDINATION:0.48798306237130107
C_ROOKANDPAWNMOVEMENT:0.48798306237130107
C_CENTERCONTROL:0.49437606133934847
C_DEVELOPPIECES:0.5092531428414915
C_MATERIAL:0.5140351660890985
C_MOVECOUNT:0.5049557364067867
