ELO:999
CE_PASSEDPAWNS:0.4630690443694687
CE_PAWNWEAKNESSES:0.5055192159629102
CE_PIECEACTIVITY:0.6569639273262984
CE_KINGPAWNSHIELD:0.46849846547536517
CE_PIECECOORDINATION:0.5596582153746628
CE_MATERIAL:0.3463345171159931
CE_KINGSAFETY:0.5080016618589615
C_PIECESQUARETABLES:0.5122897283681511
C_MOBILITY:0.586598049634128
C_KINGSAFETY:0.573807844041767
C_PAWNSTRUCTURE:0.35094050796804377
C_PIECECOORDINATION:0.4139646977735578
C_ROOKANDPAWNMOVEMENT:0.4139646977735578
C_CENTERCONTROL:0.5679897554267821
C_DEVELOPPIECES:0.516276208286778
C_MATERIAL:0.41874784940333404
