ELO:980
CE_PASSEDPAWNS:0.4819002421736972
CE_PAWNWEAKNESSES:0.5393649649316318
CE_PIECEACTIVITY:0.4857235889785003
CE_KINGPAWNSHIELD:0.5034121830799316
CE_PIECECOORDINATION:0.4818804435125756
CE_MATERIAL:0.49460275113358915
CE_KINGSAFETY:0.5
C_PIECESQUARETABLES:0.5
C_MOBILITY:0.50767087375968
C_KINGSAFETY:0.5189736989916531
C_PAWNSTRUCTURE:0.4958622217094963
C_PIECECOORDINATION:0.5372358219386494
C_ROOK:0.5036040610594815
CE_ROOK:0.5048076417311816
C_CENTERCONTROL:0.4585600793238881
C_DEVELOPPIECES:0.5087349637839732
C_MATERIAL:0.4777907893609599
C_MOVECOUNT:0.49707727937085766
C_PAWNMOVEMENT:0.4954660460711526
