ELO:1003
CE_PASSEDPAWNS:0.5121055581081057
CE_PAWNWEAKNESSES:0.5151356930053214
CE_PIECEACTIVITY:0.5073220430097741
CE_KINGPAWNSHIELD:0.4904966222476199
CE_PIECECOORDINATION:0.5
CE_MATERIAL:0.4897253856777213
CE_KINGSAFETY:0.5
C_PIECESQUARETABLES:0.49146391517378885
C_MOBILITY:0.4947918843730169
C_KINGSAFETY:0.503700657382432
C_PAWNSTRUCTURE:0.5058243042912726
C_PIECECOORDINATION:0.48798306237130107
C_ROOKANDPAWNMOVEMENT:0.48798306237130107
C_CENTERCONTROL:0.5063905880496806
C_DEVELOPPIECES:0.47086856808984645
C_MATERIAL:0.5140351660890985
C_MOVECOUNT:0.48621304696196777
