ELO:980
CE_PASSEDPAWNS:0.5124017330201132
CE_PAWNWEAKNESSES:0.5238229217680513
CE_PIECEACTIVITY:0.47404934829512213
CE_KINGPAWNSHIELD:0.5123757745853894
CE_PIECECOORDINATION:0.49451442780464583
CE_MATERIAL:0.5039938019080903
CE_KINGSAFETY:0.5
C_PIECESQUARETABLES:0.5057712851601527
C_MOBILITY:0.5175210316522381
C_KINGSAFETY:0.5303885520629603
C_PAWNSTRUCTURE:0.4771515154521464
C_PIECECOORDINATION:0.5154215922409366
C_ROOK:0.5014698865660018
CE_ROOK:0.5021016608966012
C_CENTERCONTROL:0.48365406436423886
C_DEVELOPPIECES:0.46263521078158104
C_MATERIAL:0.488892657784434
C_MOVECOUNT:0.5079668712334976
C_PAWNMOVEMENT:0.5108345265400023
