ELO:722
CE_PASSEDPAWNS:0.505722471284362
CE_PAWNWEAKNESSES:0.4991262734531321
CE_PIECEACTIVITY:0.5573181473185904
CE_KINGPAWNSHIELD:0.48910782290150084
CE_PIECECOORDINATION:0.4862190553018846
CE_MATERIAL:0.5372347168759177
CE_KINGSAFETY:0.47242671794651886
C_PIECESQUARETABLES:0.4947995388468951
C_MOBILITY:0.5529356596129007
C_KINGSAFETY:0.5729742396792116
C_PAWNSTRUCTURE:0.5616808828793471
C_PIECECOORDINATION:0.5378859398496438
C_ROOKANDPAWNMOVEMENT:0.5378859398496438
C_CENTERCONTROL:0.5246820383475741
C_DEVELOPPIECES:0.48038240460440573
C_MATERIAL:0.48019235140992717
C_MOVECOUNT:0.4846140422407124
