ELO:1012
CE_PASSEDPAWNS:0.5270667707424376
CE_PAWNWEAKNESSES:0.4744647410876217
CE_PIECEACTIVITY:0.47340667919710167
CE_KINGPAWNSHIELD:0.4465646035318657
CE_PIECECOORDINATION:0.5238874798892332
CE_MATERIAL:0.529585931109186
CE_KINGSAFETY:0.48425543004354243
C_PIECESQUARETABLES:0.507514338338603
C_MOBILITY:0.5725063166332537
C_KINGSAFETY:0.5900243652422509
C_PAWNSTRUCTURE:0.5299398943408651
C_PIECECOORDINATION:0.4725797238083109
C_ROOKANDPAWNMOVEMENT:0.4725797238083109
C_CENTERCONTROL:0.43885458055049853
C_DEVELOPPIECES:0.44268608670423437
C_MATERIAL:0.4973349597738107
