ELO:896
CE_PASSEDPAWNS:0.3874467408592015
CE_PAWNWEAKNESSES:0.5239174900314479
CE_PIECEACTIVITY:0.5799816919330606
CE_KINGPAWNSHIELD:0.39561556018959454
CE_PIECECOORDINATION:0.5655957248811058
CE_MATERIAL:0.5308926479310236
CE_KINGSAFETY:0.47796739066628224
C_PIECESQUARETABLES:0.49714929218983794
C_MOBILITY:0.5667903440102696
C_KINGSAFETY:0.5093271838945891
C_PAWNSTRUCTURE:0.4548112014413166
C_PIECECOORDINATION:0.4425599842534644
C_ROOKANDPAWNMOVEMENT:0.4425599842534644
C_CENTERCONTROL:0.4704324604451429
C_DEVELOPPIECES:0.5370165851559663
C_MATERIAL:0.4651705111243297
