ELO:822
CE_PASSEDPAWNS:0.3996273836526888
CE_PAWNWEAKNESSES:0.5333376296847775
CE_PIECEACTIVITY:0.5110949487006284
CE_KINGPAWNSHIELD:0.42078042310195823
CE_PIECECOORDINATION:0.5698995739774274
CE_MATERIAL:0.5256454160521462
CE_KINGSAFETY:0.4571869100371571
C_PIECESQUARETABLES:0.4292562015943158
C_MOBILITY:0.5285777287775641
C_KINGSAFETY:0.44672692652694934
C_PAWNSTRUCTURE:0.5133866607596834
C_PIECECOORDINATION:0.4419523414152286
C_ROOKANDPAWNMOVEMENT:0.4419523414152286
C_CENTERCONTROL:0.45289763815657824
C_DEVELOPPIECES:0.5626445708080449
C_MATERIAL:0.41729018485620534
