ELO:838
CE_PASSEDPAWNS:0.5022197616237848
CE_PAWNWEAKNESSES:0.4952337111101048
CE_PIECEACTIVITY:0.4705849818539894
CE_KINGPAWNSHIELD:0.5377408680775401
CE_PIECECOORDINATION:0.5327507500291229
CE_MATERIAL:0.5494003403517781
CE_KINGSAFETY:0.4695158445836315
C_PIECESQUARETABLES:0.5053990842152009
C_MOBILITY:0.5353717649662473
C_KINGSAFETY:0.5201139590162758
C_PAWNSTRUCTURE:0.49179953145606364
C_PIECECOORDINATION:0.52524343010867
C_ROOKANDPAWNMOVEMENT:0.52524343010867
C_CENTERCONTROL:0.5306594132628345
C_DEVELOPPIECES:0.49990769529468604
C_MATERIAL:0.5132032050956665
C_MOVECOUNT:0.5
