ELO:974
CE_PASSEDPAWNS:0.5087198680625302
CE_PAWNWEAKNESSES:0.5044861730937524
CE_PIECEACTIVITY:0.49502778530380614
CE_KINGPAWNSHIELD:0.4983644384698689
CE_PIECECOORDINATION:0.49100891936452296
CE_MATERIAL:0.495816290525052
CE_KINGSAFETY:0.4853261492816029
C_PIECESQUARETABLES:0.508861871596414
C_MOBILITY:0.5128915001789736
C_KINGSAFETY:0.4822658438332508
C_PAWNSTRUCTURE:0.4903555863630768
C_PIECECOORDINATION:0.507328791769553
C_ROOKANDPAWNMOVEMENT:0.507328791769553
C_CENTERCONTROL:0.5000923994162131
C_DEVELOPPIECES:0.48129225265012854
C_MATERIAL:0.496046998025184
C_MOVECOUNT:0.5
