ELO:928
CE_PASSEDPAWNS:0.5158861903090167
CE_PAWNWEAKNESSES:0.5187046791078037
CE_PIECEACTIVITY:0.5230234526110079
CE_KINGPAWNSHIELD:0.5061229971566327
CE_PIECECOORDINATION:0.5051067970979974
CE_MATERIAL:0.4814468944348391
CE_KINGSAFETY:0.4892250449914075
C_PIECESQUARETABLES:0.5036414698871952
C_MOBILITY:0.4952767366891228
C_KINGSAFETY:0.5487701733150568
C_PAWNSTRUCTURE:0.49837789775954505
C_PIECECOORDINATION:0.4815791743678657
C_ROOKANDPAWNMOVEMENT:0.4815791743678657
C_CENTERCONTROL:0.48723363529873803
C_DEVELOPPIECES:0.5053871371213647
C_MATERIAL:0.46610376288689886
C_MOVECOUNT:0.5
