ELO:1000
CE_PASSEDPAWNS:0.4427601760221897
CE_PAWNWEAKNESSES:0.5317339158996206
CE_PIECEACTIVITY:0.5035378535775019
CE_KINGPAWNSHIELD:0.4466697473985181
CE_PIECECOORDINATION:0.46154842725468925
CE_MATERIAL:0.5266891439764101
CE_KINGSAFETY:0.5215271859962759
C_PIECESQUARETABLES:0.4848435604254998
C_MOBILITY:0.5557970935684334
C_KINGSAFETY:0.5034331332574551
C_PAWNSTRUCTURE:0.5249944134978424
C_PIECECOORDINATION:0.4897935211777495
C_ROOKANDPAWNMOVEMENT:0.4897935211777495
C_CENTERCONTROL:0.47391973491136946
C_DEVELOPPIECES:0.5159097634404999
C_MATERIAL:0.4883943071061173
