ELO:948
CE_PASSEDPAWNS:0.5331203565548276
CE_PAWNWEAKNESSES:0.4856719065402659
CE_PIECEACTIVITY:0.5354347393344568
CE_KINGPAWNSHIELD:0.5042238673656277
CE_PIECECOORDINATION:0.5114575879353761
CE_MATERIAL:0.4967335045781834
CE_KINGSAFETY:0.48754946974742946
C_PIECESQUARETABLES:0.5228755069580663
C_MOBILITY:0.5024234189750908
C_KINGSAFETY:0.5301228962804247
C_PAWNSTRUCTURE:0.5054167878076575
C_PIECECOORDINATION:0.4904596725750536
C_ROOKANDPAWNMOVEMENT:0.4904596725750536
C_CENTERCONTROL:0.48261837881528497
C_DEVELOPPIECES:0.5188931949851162
C_MATERIAL:0.46676931977571295
C_MOVECOUNT:0.5
