ELO:979
CE_PASSEDPAWNS:0.5063941680519236
CE_PAWNWEAKNESSES:0.5075020154336846
CE_PIECEACTIVITY:0.48184201556346357
CE_KINGPAWNSHIELD:0.4757421956346314
CE_PIECECOORDINATION:0.45249071943723423
CE_MATERIAL:0.4663698346431239
CE_KINGSAFETY:0.5
C_PIECESQUARETABLES:0.5
C_MOBILITY:0.5039358767085127
C_KINGSAFETY:0.5043947590392343
C_PAWNSTRUCTURE:0.4767873884047411
C_PIECECOORDINATION:0.5079180652024708
C_ROOK:0.5029146811766875
CE_ROOK:0.40816371276553154
C_CENTERCONTROL:0.5301531798962803
C_DEVELOPPIECES:0.48177444123072644
C_MATERIAL:0.49384033658543436
C_MOVECOUNT:0.4892403575327782
C_PAWNMOVEMENT:0.5286183012937419
