ELO:975
CE_PASSEDPAWNS:0.49575945659508186
CE_PAWNWEAKNESSES:0.503614257818837
CE_PIECEACTIVITY:0.5007840454767916
CE_KINGPAWNSHIELD:0.5055213795174003
CE_PIECECOORDINATION:0.4914613112294092
CE_MATERIAL:0.5029814838522251
CE_KINGSAFETY:0.5110595191113243
C_PIECESQUARETABLES:0.49977885528755006
C_MOBILITY:0.486376164061777
C_KINGSAFETY:0.48314563670441674
C_PAWNSTRUCTURE:0.5057345589439438
C_PIECECOORDINATION:0.5099815945549656
C_ROOKANDPAWNMOVEMENT:0.5099815945549656
C_CENTERCONTROL:0.5184847564501476
C_DEVELOPPIECES:0.5106093622230402
C_MATERIAL:0.48855686048991315
C_MOVECOUNT:0.5006359624348351
