ELO:994
CE_PASSEDPAWNS:0.5129457918002968
CE_PAWNWEAKNESSES:0.5281573946758346
CE_PIECEACTIVITY:0.47404934829512213
CE_KINGPAWNSHIELD:0.5118243374829329
CE_PIECECOORDINATION:0.49066804106152834
CE_MATERIAL:0.49144106667742
CE_KINGSAFETY:0.5
C_PIECESQUARETABLES:0.5
C_MOBILITY:0.5157153715137462
C_KINGSAFETY:0.5303885520629603
C_PAWNSTRUCTURE:0.4824445579528149
C_PIECECOORDINATION:0.5269421794697136
C_ROOK:0.5094532203738724
CE_ROOK:0.4946763138761437
C_CENTERCONTROL:0.48365406436423886
C_DEVELOPPIECES:0.4759475452265807
C_MATERIAL:0.4858074668990377
C_MOVECOUNT:0.5117147003925048
C_PAWNMOVEMENT:0.4930093016072693
