ELO:715
CE_PASSEDPAWNS:0.4898521522225686
CE_PAWNWEAKNESSES:0.48750766702136183
CE_PIECEACTIVITY:0.5586789107888087
CE_KINGPAWNSHIELD:0.4710962075949347
CE_PIECECOORDINATION:0.542702965969147
CE_MATERIAL:0.5574783456170096
CE_KINGSAFETY:0.46522309897461395
C_PIECESQUARETABLES:0.5049993252966665
C_MOBILITY:0.5297715795869824
C_KINGSAFETY:0.5880495513663334
C_PAWNSTRUCTURE:0.6069507892165832
C_PIECECOORDINATION:0.5389980958304966
C_ROOKANDPAWNMOVEMENT:0.5389980958304966
C_CENTERCONTROL:0.473393837060112
C_DEVELOPPIECES:0.46466190988039224
C_MATERIAL:0.5204157403352335
C_MOVECOUNT:0.45970673627313746
