ELO:992
CE_PASSEDPAWNS:0.4795434338982799
CE_PAWNWEAKNESSES:0.5229590527691671
CE_PIECEACTIVITY:0.4973347543800464
CE_KINGPAWNSHIELD:0.539450406576755
CE_PIECECOORDINATION:0.531713860588585
CE_MATERIAL:0.5
CE_KINGSAFETY:0.5
C_PIECESQUARETABLES:0.5
C_MOBILITY:0.47865898097989457
C_KINGSAFETY:0.5010525877093442
C_PAWNSTRUCTURE:0.5421551351386918
C_PIECECOORDINATION:0.499978781270706
C_ROOK:0.49361738851163545
CE_ROOK:0.5051179985572594
C_CENTERCONTROL:0.5332833892693716
C_DEVELOPPIECES:0.503790404228409
C_MATERIAL:0.5025734843635191
C_MOVECOUNT:0.5081158254725877
C_PAWNMOVEMENT:0.478147263263504
