ELO:999
CE_PASSEDPAWNS:0.4546046558767581
CE_PAWNWEAKNESSES:0.5319456809766391
CE_PIECEACTIVITY:0.49956078832411877
CE_KINGPAWNSHIELD:0.4888587137977507
CE_PIECECOORDINATION:0.4978725273135886
CE_MATERIAL:0.4570546289626416
CE_KINGSAFETY:0.4998718982647783
C_PIECESQUARETABLES:0.4942336173809564
C_MOBILITY:0.39729234672923514
C_KINGSAFETY:0.5505334259263233
C_PAWNSTRUCTURE:0.5351967775279889
C_PIECECOORDINATION:0.5249833676003681
C_ROOKANDPAWNMOVEMENT:0.5249833676003681
C_CENTERCONTROL:0.5303865029993965
C_DEVELOPPIECES:0.5242060642119333
C_MATERIAL:0.48398694723959224
