ELO:997
CE_PASSEDPAWNS:0.481258907828227
CE_PAWNWEAKNESSES:0.5020827528398454
CE_PIECEACTIVITY:0.5101156012149163
CE_KINGPAWNSHIELD:0.5
CE_PIECECOORDINATION:0.5
CE_MATERIAL:0.49386948563514954
CE_KINGSAFETY:0.5
C_PIECESQUARETABLES:0.48174251713019706
C_MOBILITY:0.5068652566111305
C_KINGSAFETY:0.4894546646865681
C_PAWNSTRUCTURE:0.5042015086711524
C_PIECECOORDINATION:0.482192738431991
C_ROOKANDPAWNMOVEMENT:0.482192738431991
C_CENTERCONTROL:0.5
C_DEVELOPPIECES:0.4913475993598211
C_MATERIAL:0.5
C_MOVECOUNT:0.5
