ELO:727
CE_PASSEDPAWNS:0.5031119830516014
CE_PAWNWEAKNESSES:0.5083509822001387
CE_PIECEACTIVITY:0.5757115708849634
CE_KINGPAWNSHIELD:0.4954448038936547
CE_PIECECOORDINATION:0.47418560617750166
CE_MATERIAL:0.5563626379060036
CE_KINGSAFETY:0.47389123114077264
C_PIECESQUARETABLES:0.5142333933461855
C_MOBILITY:0.5551615216596667
C_KINGSAFETY:0.5827224600883234
C_PAWNSTRUCTURE:0.5674114215215615
C_PIECECOORDINATION:0.5378859398496438
C_ROOKANDPAWNMOVEMENT:0.5378859398496438
C_CENTERCONTROL:0.52516130852028
C_DEVELOPPIECES:0.5014773227941374
C_MATERIAL:0.47037852889609894
C_MOVECOUNT:0.47917601958558587
