ELO:1012
CE_PASSEDPAWNS:0.5
CE_PAWNWEAKNESSES:0.5
CE_PIECEACTIVITY:0.5
CE_KINGPAWNSHIELD:0.49329124027650734
CE_PIECECOORDINATION:0.5
CE_MATERIAL:0.5091895068334747
CE_KINGSAFETY:0.5129894746577203
C_PIECESQUARETABLES:0.5
C_MOBILITY:0.5041554991417412
C_KINGSAFETY:0.5
C_PAWNSTRUCTURE:0.4923727846289936
C_PIECECOORDINATION:0.5
C_ROOKANDPAWNMOVEMENT:0.5
C_CENTERCONTROL:0.4901285509730816
C_DEVELOPPIECES:0.5
C_MATERIAL:0.5013898212666323
