ELO:1000
CE_PASSEDPAWNS:0.5045321487418134
CE_PAWNWEAKNESSES:0.45303898138611265
CE_PIECEACTIVITY:0.5044915703681888
CE_KINGPAWNSHIELD:0.4821601744631787
CE_PIECECOORDINATION:0.49393422981623286
CE_MATERIAL:0.4961756252445046
CE_KINGSAFETY:0.4976676948154236
C_PIECESQUARETABLES:0.4700892944498169
C_MOBILITY:0.4858689258546699
C_KINGSAFETY:0.5476352487918387
C_PAWNSTRUCTURE:0.48699405988753686
C_PIECECOORDINATION:0.5037930671955817
C_ROOKANDPAWNMOVEMENT:0.5037930671955817
C_CENTERCONTROL:0.51130988508744
C_DEVELOPPIECES:0.4408216483447877
C_MATERIAL:0.5257212902037229
