ELO:1000
CE_PASSEDPAWNS:0.4031978660719707
CE_PAWNWEAKNESSES:0.5322128998140151
CE_PIECEACTIVITY:0.5009335698466497
CE_KINGPAWNSHIELD:0.40908311271038694
CE_PIECECOORDINATION:0.4314947724782652
CE_MATERIAL:0.5339900481043521
CE_KINGSAFETY:0.5167045832970553
C_PIECESQUARETABLES:0.48200708471417003
C_MOBILITY:0.5510288686763111
C_KINGSAFETY:0.5272096061627644
C_PAWNSTRUCTURE:0.5325912139144396
C_PIECECOORDINATION:0.5047910996159595
C_ROOKANDPAWNMOVEMENT:0.5047910996159595
C_CENTERCONTROL:0.4726965888620938
C_DEVELOPPIECES:0.5308348445130235
C_MATERIAL:0.5071902681366739
