ELO:1000
CE_PASSEDPAWNS:0.5320538550162032
CE_PAWNWEAKNESSES:0.4858695557752296
CE_PIECEACTIVITY:0.4930754864256375
CE_KINGPAWNSHIELD:0.49578379215485713
CE_PIECECOORDINATION:0.5039907641895168
CE_MATERIAL:0.5062803565308585
CE_KINGSAFETY:0.5069382361127199
C_PIECESQUARETABLES:0.47437731719238396
C_MOBILITY:0.5087007344969023
C_KINGSAFETY:0.5214093549940079
C_PAWNSTRUCTURE:0.4976291399505596
C_PIECECOORDINATION:0.4969360945779906
C_ROOKANDPAWNMOVEMENT:0.4969360945779906
C_CENTERCONTROL:0.5014313235789172
C_DEVELOPPIECES:0.49559320400892537
C_MATERIAL:0.4870218321958918
