ELO:742
CE_PASSEDPAWNS:0.5010085865960202
CE_PAWNWEAKNESSES:0.525251617710305
CE_PIECEACTIVITY:0.5529831050115197
CE_KINGPAWNSHIELD:0.5069496469760087
CE_PIECECOORDINATION:0.49911413380209196
CE_MATERIAL:0.5495546429727975
CE_KINGSAFETY:0.4902530054934799
C_PIECESQUARETABLES:0.5
C_MOBILITY:0.525751527841895
C_KINGSAFETY:0.5460733672015922
C_PAWNSTRUCTURE:0.5648697525022914
C_PIECECOORDINATION:0.5193352370543446
C_ROOKANDPAWNMOVEMENT:0.5193352370543446
C_CENTERCONTROL:0.5367384196805332
C_DEVELOPPIECES:0.5047627977622603
C_MATERIAL:0.4824654596567491
C_MOVECOUNT:0.5
