ELO:952
CE_PASSEDPAWNS:0.5067086100821462
CE_PAWNWEAKNESSES:0.49048824915770306
CE_PIECEACTIVITY:0.4878235544596084
CE_KINGPAWNSHIELD:0.5086238149125205
CE_PIECECOORDINATION:0.4868766239777543
CE_MATERIAL:0.49434695127927347
CE_KINGSAFETY:0.4865987404317805
C_PIECESQUARETABLES:0.5049774546055351
C_MOBILITY:0.48053313326999536
C_KINGSAFETY:0.5208517939635094
C_PAWNSTRUCTURE:0.49005292589995997
C_PIECECOORDINATION:0.49901807320067515
C_ROOKANDPAWNMOVEMENT:0.49901807320067515
C_CENTERCONTROL:0.4862103568398804
C_DEVELOPPIECES:0.4952263006186054
C_MATERIAL:0.4788930281228913
C_MOVECOUNT:0.5
