ELO:1001
CE_PASSEDPAWNS:0.5046377446500301
CE_PAWNWEAKNESSES:0.43593575930369943
CE_PIECEACTIVITY:0.5338241203065603
CE_KINGPAWNSHIELD:0.486674332444508
CE_PIECECOORDINATION:0.4495348838326225
CE_MATERIAL:0.5312883484840986
CE_KINGSAFETY:0.4688316984297762
C_PIECESQUARETABLES:0.5208438307570217
C_MOBILITY:0.3992852194267166
C_KINGSAFETY:0.5593437119424172
C_PAWNSTRUCTURE:0.4884749985041791
C_PIECECOORDINATION:0.4640285896330715
C_ROOKANDPAWNMOVEMENT:0.4640285896330715
C_CENTERCONTROL:0.4443218265536553
C_DEVELOPPIECES:0.44913004109222177
C_MATERIAL:0.48025739334763834
