ELO:947
CE_PASSEDPAWNS:0.47244393652905325
CE_PAWNWEAKNESSES:0.49396483354296516
CE_PIECEACTIVITY:0.5233065951369233
CE_KINGPAWNSHIELD:0.49655576410266233
CE_PIECECOORDINATION:0.4856271772449567
CE_MATERIAL:0.5043634746650878
CE_KINGSAFETY:0.5137374030748949
C_PIECESQUARETABLES:0.5
C_MOBILITY:0.4981820638953344
C_KINGSAFETY:0.5299416074156199
C_PAWNSTRUCTURE:0.49589219509999644
C_PIECECOORDINATION:0.4750541707566905
C_ROOK:0.5200782611382159
CE_ROOK:0.5298760149140446
C_CENTERCONTROL:0.5034195040745026
C_DEVELOPPIECES:0.5288633903349614
C_MATERIAL:0.5038446056449758
C_MOVECOUNT:0.4836421721653382
C_PAWNMOVEMENT:0.5193798239153284
