ELO:933
CE_PASSEDPAWNS:0.523845063656937
CE_PAWNWEAKNESSES:0.5112869108316915
CE_PIECEACTIVITY:0.5401284911780267
CE_KINGPAWNSHIELD:0.4485126307396396
CE_PIECECOORDINATION:0.5468952585948105
CE_MATERIAL:0.5434508681132902
CE_KINGSAFETY:0.4810027950427689
C_PIECESQUARETABLES:0.5028457892418957
C_MOBILITY:0.440152903150307
C_KINGSAFETY:0.4989984842197868
C_PAWNSTRUCTURE:0.47061959338558157
C_PIECECOORDINATION:0.5278602219358408
C_ROOKANDPAWNMOVEMENT:0.5278602219358408
C_CENTERCONTROL:0.4921112807044915
C_DEVELOPPIECES:0.5045886988083922
C_MATERIAL:0.4135732936062769
