ELO:1013
CE_PASSEDPAWNS:0.5077723926057441
CE_PAWNWEAKNESSES:0.4952454356385679
CE_PIECEACTIVITY:0.48947970728003
CE_KINGPAWNSHIELD:0.4766753448473213
CE_PIECECOORDINATION:0.5112615422841783
CE_MATERIAL:0.5020936886606845
CE_KINGSAFETY:0.5
C_PIECESQUARETABLES:0.5
C_MOBILITY:0.5045428972623491
C_KINGSAFETY:0.5121244189888806
C_PAWNSTRUCTURE:0.49721691110065475
C_PIECECOORDINATION:0.5064618722631624
C_ROOKANDPAWNMOVEMENT:0.5064618722631624
C_CENTERCONTROL:0.49746299487137013
C_DEVELOPPIECES:0.4889521522540667
C_MATERIAL:0.5
C_MOVECOUNT:0.5105364780991181
