ELO:850
CE_PASSEDPAWNS:0.44137246382542633
CE_PAWNWEAKNESSES:0.4827844240209236
CE_PIECEACTIVITY:0.42132382404384205
CE_KINGPAWNSHIELD:0.5438622852910473
CE_PIECECOORDINATION:0.5221041168761026
CE_MATERIAL:0.490030012237174
CE_KINGSAFETY:0.53458739079459
C_PIECESQUARETABLES:0.4566468285536088
C_MOBILITY:0.46947611515653165
C_KINGSAFETY:0.46450919349275754
C_PAWNSTRUCTURE:0.5236507676845912
C_PIECECOORDINATION:0.5266545228121846
C_ROOKANDPAWNMOVEMENT:0.5266545228121846
C_CENTERCONTROL:0.5143639725658513
C_DEVELOPPIECES:0.5588330583722348
C_MATERIAL:0.4618089216427334
C_MOVECOUNT:0.49088679207206815
