ELO:915
CE_PASSEDPAWNS:0.49348385386767707
CE_PAWNWEAKNESSES:0.49791280971906576
CE_PIECEACTIVITY:0.5395353849183321
CE_KINGPAWNSHIELD:0.4873824844006371
CE_PIECECOORDINATION:0.4905493544333855
CE_MATERIAL:0.5132091509439366
CE_KINGSAFETY:0.5234374242619342
C_PIECESQUARETABLES:0.5007326161324507
C_MOBILITY:0.47568020798515437
C_KINGSAFETY:0.5167473230286885
C_PAWNSTRUCTURE:0.49589219509999644
C_PIECECOORDINATION:0.46606036228084285
C_ROOK:0.5197511101959404
CE_ROOK:0.5377226151910861
C_CENTERCONTROL:0.519202970257944
C_DEVELOPPIECES:0.5400120287422411
C_MATERIAL:0.4908762189043013
C_MOVECOUNT:0.46738643383804385
C_PAWNMOVEMENT:0.5034681300724962
