ELO:848
CE_PASSEDPAWNS:0.4755324355299014
CE_PAWNWEAKNESSES:0.41786479245944896
CE_PIECEACTIVITY:0.4583482621040989
CE_KINGPAWNSHIELD:0.5142390228113372
CE_PIECECOORDINATION:0.5815472359288486
CE_MATERIAL:0.36322250533301936
CE_KINGSAFETY:0.563019493814455
C_PIECESQUARETABLES:0.5006372662372177
C_MOBILITY:0.419932871614301
C_KINGSAFETY:0.41830552649257696
C_PAWNSTRUCTURE:0.44935299601860323
C_PIECECOORDINATION:0.47109603317112986
C_ROOKANDPAWNMOVEMENT:0.47109603317112986
C_CENTERCONTROL:0.49941171363526415
C_DEVELOPPIECES:0.5001301144131628
C_MATERIAL:0.5488885544582376
