ELO:927
CE_PASSEDPAWNS:0.53748128292383
CE_PAWNWEAKNESSES:0.5144690872997627
CE_PIECEACTIVITY:0.5334390158259931
CE_KINGPAWNSHIELD:0.42470795363459807
CE_PIECECOORDINATION:0.5061301934736799
CE_MATERIAL:0.5423139999947225
CE_KINGSAFETY:0.4745548163703547
C_PIECESQUARETABLES:0.4941445356480173
C_MOBILITY:0.40919749516005
C_KINGSAFETY:0.5032535214368766
C_PAWNSTRUCTURE:0.4638245779804807
C_PIECECOORDINATION:0.5077297787279786
C_ROOKANDPAWNMOVEMENT:0.5077297787279786
C_CENTERCONTROL:0.47623467723209184
C_DEVELOPPIECES:0.49956243965122193
C_MATERIAL:0.4395787364551777
