ELO:952
CE_PASSEDPAWNS:0.5085099399009961
CE_PAWNWEAKNESSES:0.5291611697352288
CE_PIECEACTIVITY:0.5063495468709415
CE_KINGPAWNSHIELD:0.4721769378315438
CE_PIECECOORDINATION:0.5638460776040404
CE_MATERIAL:0.5466089067939999
CE_KINGSAFETY:0.5217969030472795
C_PIECESQUARETABLES:0.47876892086998313
C_MOBILITY:0.4314342123210065
C_KINGSAFETY:0.5163253759859943
C_PAWNSTRUCTURE:0.47408098566980406
C_PIECECOORDINATION:0.5194205753116491
C_ROOKANDPAWNMOVEMENT:0.5194205753116491
C_CENTERCONTROL:0.5046434371114236
C_DEVELOPPIECES:0.5388922952041589
C_MATERIAL:0.43290457643803776
