ELO:959
CE_PASSEDPAWNS:0.49519861751022876
CE_PAWNWEAKNESSES:0.4996893166176873
CE_PIECEACTIVITY:0.4942083296579979
CE_KINGPAWNSHIELD:0.5142059144304032
CE_PIECECOORDINATION:0.4952559441068119
CE_MATERIAL:0.5085164615692098
CE_KINGSAFETY:0.5277128456942785
C_PIECESQUARETABLES:0.5040895324564841
C_MOBILITY:0.4969630297906456
C_KINGSAFETY:0.508746838995942
C_PAWNSTRUCTURE:0.4870280733600477
C_PIECECOORDINATION:0.4891674250264951
C_ROOKANDPAWNMOVEMENT:0.4891674250264951
C_CENTERCONTROL:0.5028464958155292
C_DEVELOPPIECES:0.51132466674349
C_MATERIAL:0.5037038332339829
C_MOVECOUNT:0.5
