ELO:886
CE_PASSEDPAWNS:0.4811759432352052
CE_PAWNWEAKNESSES:0.4911564733171621
CE_PIECEACTIVITY:0.44514992077836596
CE_KINGPAWNSHIELD:0.5013682260560981
CE_PIECECOORDINATION:0.4816539049569664
CE_MATERIAL:0.4944588716882495
CE_KINGSAFETY:0.5047685566485673
C_PIECESQUARETABLES:0.49301494416868774
C_MOBILITY:0.5166812614792121
C_KINGSAFETY:0.43399274819318695
C_PAWNSTRUCTURE:0.49669715948870913
C_PIECECOORDINATION:0.5212481330448846
C_ROOKANDPAWNMOVEMENT:0.5212481330448846
C_CENTERCONTROL:0.5087009223475201
C_DEVELOPPIECES:0.5359093928298871
C_MATERIAL:0.4736219174533842
C_MOVECOUNT:0.46621870775785584
