ELO:1026
CE_PASSEDPAWNS:0.49059984310924953
CE_PAWNWEAKNESSES:0.49523506953182733
CE_PIECEACTIVITY:0.5
CE_KINGPAWNSHIELD:0.5139445157674263
CE_PIECECOORDINATION:0.5
CE_MATERIAL:0.5580156684893838
CE_KINGSAFETY:0.5152494973371851
C_PIECESQUARETABLES:0.4849265779733406
C_MOBILITY:0.5135505642034407
C_KINGSAFETY:0.49283320730110136
C_PAWNSTRUCTURE:0.5
C_PIECECOORDINATION:0.5
C_ROOKANDPAWNMOVEMENT:0.5
C_CENTERCONTROL:0.5121563537941975
C_DEVELOPPIECES:0.5
C_MATERIAL:0.4991219072250344
C_MOVECOUNT:0.5
