ELO:989
CE_PASSEDPAWNS:0.4845546165518663
CE_PAWNWEAKNESSES:0.5159453752087036
CE_PIECEACTIVITY:0.49400781729692206
CE_KINGPAWNSHIELD:0.5294160767382382
CE_PIECECOORDINATION:0.6176367482512108
CE_MATERIAL:0.35598289428498014
CE_KINGSAFETY:0.546646182291557
C_PIECESQUARETABLES:0.520029788999966
C_MOBILITY:0.4308719430597522
C_KINGSAFETY:0.5486616213214902
C_PAWNSTRUCTURE:0.4443773442315023
C_PIECECOORDINATION:0.5847163822445092
C_ROOKANDPAWNMOVEMENT:0.5847163822445092
C_CENTERCONTROL:0.5582835720567629
C_DEVELOPPIECES:0.44922436175116975
C_MATERIAL:0.4699405948880128
