ELO:888
CE_PASSEDPAWNS:0.4607523049619606
CE_PAWNWEAKNESSES:0.46901543659106404
CE_PIECEACTIVITY:0.4229259198591723
CE_KINGPAWNSHIELD:0.5181508811996951
CE_PIECECOORDINATION:0.5199420419106396
CE_MATERIAL:0.49138867078909854
CE_KINGSAFETY:0.5084144396416947
C_PIECESQUARETABLES:0.46578217320154597
C_MOBILITY:0.49166862031176006
C_KINGSAFETY:0.42865184668636036
C_PAWNSTRUCTURE:0.5108961550793832
C_PIECECOORDINATION:0.5145101184652245
C_ROOKANDPAWNMOVEMENT:0.5145101184652245
C_CENTERCONTROL:0.5182439317866716
C_DEVELOPPIECES:0.5558250423472267
C_MATERIAL:0.474965798072363
C_MOVECOUNT:0.48236667464318145
