ELO:948
CE_PASSEDPAWNS:0.49213080271697224
CE_PAWNWEAKNESSES:0.48651126199313915
CE_PIECEACTIVITY:0.5192989097420813
CE_KINGPAWNSHIELD:0.5058855379583663
CE_PIECECOORDINATION:0.4856271772449567
CE_MATERIAL:0.5083725922406123
CE_KINGSAFETY:0.49068188372618904
C_PIECESQUARETABLES:0.5
C_MOBILITY:0.4919669537286061
C_KINGSAFETY:0.5334612387387483
C_PAWNSTRUCTURE:0.5012462686472996
C_PIECECOORDINATION:0.49670572334755203
C_ROOK:0.5081158359658378
CE_ROOK:0.5337905933807825
C_CENTERCONTROL:0.49351018895047566
C_DEVELOPPIECES:0.5095271835194726
C_MATERIAL:0.5019597741428553
C_MOVECOUNT:0.49128377655243516
C_PAWNMOVEMENT:0.5097681360302508
