ELO:901
CE_PASSEDPAWNS:0.5051413418873691
CE_PAWNWEAKNESSES:0.5102003905318383
CE_PIECEACTIVITY:0.5593992067693616
CE_KINGPAWNSHIELD:0.4732733434150253
CE_PIECECOORDINATION:0.47637342897710205
CE_MATERIAL:0.5324821238060933
CE_KINGSAFETY:0.5
C_PIECESQUARETABLES:0.4995218836411139
C_MOBILITY:0.4870137170865455
C_KINGSAFETY:0.4916815928122549
C_PAWNSTRUCTURE:0.4984742610530527
C_PIECECOORDINATION:0.4713362362966173
C_ROOK:0.5165957001033366
CE_ROOK:0.5649348065145849
C_CENTERCONTROL:0.5081434825441351
C_DEVELOPPIECES:0.5346126816707673
C_MATERIAL:0.45596365299719527
C_MOVECOUNT:0.458509049349349
C_PAWNMOVEMENT:0.48614700273309913
