ELO:919
CE_PASSEDPAWNS:0.497756497066321
CE_PAWNWEAKNESSES:0.5044809264410072
CE_PIECEACTIVITY:0.5360124514915027
CE_KINGPAWNSHIELD:0.49961333869746516
CE_PIECECOORDINATION:0.4905493544333855
CE_MATERIAL:0.5132091509439366
CE_KINGSAFETY:0.5
C_PIECESQUARETABLES:0.5
C_MOBILITY:0.4921679488794188
C_KINGSAFETY:0.5319648026418456
C_PAWNSTRUCTURE:0.49589219509999644
C_PIECECOORDINATION:0.46911734267637517
C_ROOK:0.5288787458728359
CE_ROOK:0.5377226151910861
C_CENTERCONTROL:0.5017174352279529
C_DEVELOPPIECES:0.5288633903349614
C_MATERIAL:0.508746923383311
C_MOVECOUNT:0.4756271605889121
C_PAWNMOVEMENT:0.502854262848504
