ELO:946
CE_PASSEDPAWNS:0.48117252201454996
CE_PAWNWEAKNESSES:0.47250542808546986
CE_PIECEACTIVITY:0.4625096610087414
CE_KINGPAWNSHIELD:0.46805918146651
CE_PIECECOORDINATION:0.5070338651931283
CE_MATERIAL:0.49650596812637965
CE_KINGSAFETY:0.5051562027367343
C_PIECESQUARETABLES:0.5230029996923895
C_MOBILITY:0.5101378558131024
C_KINGSAFETY:0.511209806794074
C_PAWNSTRUCTURE:0.48488583452413403
C_PIECECOORDINATION:0.5072264282907332
C_ROOKANDPAWNMOVEMENT:0.5072264282907332
C_CENTERCONTROL:0.5133206312490382
C_DEVELOPPIECES:0.47987340820116314
C_MATERIAL:0.4827703736149268
C_MOVECOUNT:0.4262711102689967
