ELO:969
CE_PASSEDPAWNS:0.42087674873546704
CE_PAWNWEAKNESSES:0.4479681401937469
CE_PIECEACTIVITY:0.4487926346176133
CE_KINGPAWNSHIELD:0.5469510707590991
CE_PIECECOORDINATION:0.565621434569791
CE_MATERIAL:0.3119128320862395
CE_KINGSAFETY:0.47534236544039454
C_PIECESQUARETABLES:0.5015269391971827
C_MOBILITY:0.42121561712257166
C_KINGSAFETY:0.44080338398234337
C_PAWNSTRUCTURE:0.4815624416768169
C_PIECECOORDINATION:0.4437637391636103
C_ROOKANDPAWNMOVEMENT:0.4437637391636103
C_CENTERCONTROL:0.5115109093913314
C_DEVELOPPIECES:0.5586515245646505
C_MATERIAL:0.5538834703123161
