ELO:946
CE_PASSEDPAWNS:0.47244393652905325
CE_PAWNWEAKNESSES:0.49396483354296516
CE_PIECEACTIVITY:0.5192989097420813
CE_KINGPAWNSHIELD:0.502455578288334
CE_PIECECOORDINATION:0.4856271772449567
CE_MATERIAL:0.513663969989205
CE_KINGSAFETY:0.48012154856773503
C_PIECESQUARETABLES:0.4959356135518171
C_MOBILITY:0.4889629915301105
C_KINGSAFETY:0.5299416074156199
C_PAWNSTRUCTURE:0.499296095003685
C_PIECECOORDINATION:0.4930496503096303
C_ROOK:0.5200782611382159
CE_ROOK:0.5337905933807825
C_CENTERCONTROL:0.4883848539575492
C_DEVELOPPIECES:0.512885903774351
C_MATERIAL:0.4947967505984197
C_MOVECOUNT:0.4836421721653382
C_PAWNMOVEMENT:0.5097681360302508
