ELO:991
CE_PASSEDPAWNS:0.48894097445956136
CE_PAWNWEAKNESSES:0.5083758371707598
CE_PIECEACTIVITY:0.5
CE_KINGPAWNSHIELD:0.5125559363687591
CE_PIECECOORDINATION:0.5191809426943622
CE_MATERIAL:0.4943836773059559
CE_KINGSAFETY:0.5217810070405402
C_PIECESQUARETABLES:0.5031727635994238
C_MOBILITY:0.5309190405635211
C_KINGSAFETY:0.5055985084493175
C_PAWNSTRUCTURE:0.5225188947523496
C_PIECECOORDINATION:0.48151304182013255
C_ROOKANDPAWNMOVEMENT:0.48151304182013255
C_CENTERCONTROL:0.4713589844885644
C_DEVELOPPIECES:0.497232922698574
C_MATERIAL:0.49391240331386227
