ELO:919
CE_PASSEDPAWNS:0.4952746459457068
CE_PAWNWEAKNESSES:0.5045389196325845
CE_PIECEACTIVITY:0.5350076917364965
CE_KINGPAWNSHIELD:0.49961333869746516
CE_PIECECOORDINATION:0.49473148614597673
CE_MATERIAL:0.5065099583670021
CE_KINGSAFETY:0.5265398317131371
C_PIECESQUARETABLES:0.4940667648534932
C_MOBILITY:0.4808515012420635
C_KINGSAFETY:0.5345176685130141
C_PAWNSTRUCTURE:0.49589219509999644
C_PIECECOORDINATION:0.46911734267637517
C_ROOK:0.5288787458728359
CE_ROOK:0.5296221397636776
C_CENTERCONTROL:0.5017174352279529
C_DEVELOPPIECES:0.5288633903349614
C_MATERIAL:0.49805149053628134
C_MOVECOUNT:0.4756271605889121
C_PAWNMOVEMENT:0.502854262848504
