ELO:956
CE_PASSEDPAWNS:0.43706045258387527
CE_PAWNWEAKNESSES:0.5000708470026968
CE_PIECEACTIVITY:0.5141596796873434
CE_KINGPAWNSHIELD:0.4851832380503066
CE_PIECECOORDINATION:0.5241460730563227
CE_MATERIAL:0.5165198760037409
CE_KINGSAFETY:0.5076354246358044
C_PIECESQUARETABLES:0.4845967296478026
C_MOBILITY:0.5002303364368305
C_KINGSAFETY:0.45264565073104024
C_PAWNSTRUCTURE:0.5268407198578837
C_PIECECOORDINATION:0.5172345614220538
C_ROOKANDPAWNMOVEMENT:0.5172345614220538
C_CENTERCONTROL:0.5110442011168889
C_DEVELOPPIECES:0.48334520365468914
C_MATERIAL:0.4989794241104047
C_MOVECOUNT:0.4328514334165879
