ELO:902
CE_PASSEDPAWNS:0.510050734381311
CE_PAWNWEAKNESSES:0.5128248585330816
CE_PIECEACTIVITY:0.5514594600925952
CE_KINGPAWNSHIELD:0.4863158168782157
CE_PIECECOORDINATION:0.4781589069604077
CE_MATERIAL:0.5195308477413804
CE_KINGSAFETY:0.5
C_PIECESQUARETABLES:0.5
C_MOBILITY:0.4936360471840222
C_KINGSAFETY:0.4916815928122549
C_PAWNSTRUCTURE:0.5024136879816627
C_PIECECOORDINATION:0.4588179474591282
C_ROOK:0.5298818334004617
CE_ROOK:0.5508878286255728
C_CENTERCONTROL:0.5307661145698195
C_DEVELOPPIECES:0.5308552035992488
C_MATERIAL:0.48058306084346225
C_MOVECOUNT:0.46738643383804385
C_PAWNMOVEMENT:0.48352285201046025
