ELO:939
CE_PASSEDPAWNS:0.486983734392467
CE_PAWNWEAKNESSES:0.49312504235931387
CE_PIECEACTIVITY:0.46237331090369843
CE_KINGPAWNSHIELD:0.4972618557073234
CE_PIECECOORDINATION:0.4875192894957514
CE_MATERIAL:0.5034082377388539
CE_KINGSAFETY:0.4969944517889686
C_PIECESQUARETABLES:0.5088919842441794
C_MOBILITY:0.5187597910532059
C_KINGSAFETY:0.4288672252902872
C_PAWNSTRUCTURE:0.4927586983922297
C_PIECECOORDINATION:0.4961072104768363
C_ROOKANDPAWNMOVEMENT:0.4961072104768363
C_CENTERCONTROL:0.5298354930337857
C_DEVELOPPIECES:0.5447814068779779
C_MATERIAL:0.4687999482126722
C_MOVECOUNT:0.4628547072729119
