ELO:900
CE_PASSEDPAWNS:0.4906951502605584
CE_PAWNWEAKNESSES:0.5059886448313644
CE_PIECEACTIVITY:0.5603159032567163
CE_KINGPAWNSHIELD:0.47736978302628186
CE_PIECECOORDINATION:0.500638532217351
CE_MATERIAL:0.5211705219403123
CE_KINGSAFETY:0.5061977665738421
C_PIECESQUARETABLES:0.4847877141865275
C_MOBILITY:0.5291553367574856
C_KINGSAFETY:0.5035159993512902
C_PAWNSTRUCTURE:0.48312631073634266
C_PIECECOORDINATION:0.46014502960747994
C_ROOK:0.5131743356316478
CE_ROOK:0.5666012487030657
C_CENTERCONTROL:0.5405828569190924
C_DEVELOPPIECES:0.49935706684440156
C_MATERIAL:0.47190622691596706
C_MOVECOUNT:0.45637598336064594
C_PAWNMOVEMENT:0.4568008118070486
