ELO:849
CE_PASSEDPAWNS:0.43296602753897995
CE_PAWNWEAKNESSES:0.5609071307111235
CE_PIECEACTIVITY:0.3494842300145656
CE_KINGPAWNSHIELD:0.5526115558604765
CE_PIECECOORDINATION:0.45503563620120774
CE_MATERIAL:0.35558316136222484
CE_KINGSAFETY:0.5095577659471235
C_PIECESQUARETABLES:0.4960431242135768
C_MOBILITY:0.5812813458670937
C_KINGSAFETY:0.36596987684265475
C_PAWNSTRUCTURE:0.43974641282136506
C_PIECECOORDINATION:0.41247519572171865
C_ROOKANDPAWNMOVEMENT:0.41247519572171865
C_CENTERCONTROL:0.540606356434726
C_DEVELOPPIECES:0.48333022824465344
C_MATERIAL:0.43383034313396124
