ELO:931
CE_PASSEDPAWNS:0.5003689827573771
CE_PAWNWEAKNESSES:0.4892488574301157
CE_PIECEACTIVITY:0.5066538120381637
CE_KINGPAWNSHIELD:0.517071154690344
CE_PIECECOORDINATION:0.49860947318081633
CE_MATERIAL:0.5392826002842875
CE_KINGSAFETY:0.5338743527499878
C_PIECESQUARETABLES:0.5007989077777606
C_MOBILITY:0.51634600393354
C_KINGSAFETY:0.511138840624824
C_PAWNSTRUCTURE:0.4885344850611985
C_PIECECOORDINATION:0.5116355706508653
C_ROOKANDPAWNMOVEMENT:0.5116355706508653
C_CENTERCONTROL:0.49649209929643723
C_DEVELOPPIECES:0.5164315133101693
C_MATERIAL:0.504751181328999
C_MOVECOUNT:0.5
