ELO:998
CE_PASSEDPAWNS:0.5100987561082905
CE_PAWNWEAKNESSES:0.5031841493537018
CE_PIECEACTIVITY:0.5
CE_KINGPAWNSHIELD:0.4908658612920074
CE_PIECECOORDINATION:0.5
CE_MATERIAL:0.49915527751611627
CE_KINGSAFETY:0.48794199995161563
C_PIECESQUARETABLES:0.4996272738999904
C_MOBILITY:0.5
C_KINGSAFETY:0.5
C_PAWNSTRUCTURE:0.4987471035657015
C_PIECECOORDINATION:0.5
C_ROOKANDPAWNMOVEMENT:0.5
C_CENTERCONTROL:0.5
C_DEVELOPPIECES:0.5037633161617393
C_MATERIAL:0.5
C_MOVECOUNT:0.5030181991285961
