ELO:1058
CE_PASSEDPAWNS:0.44092166327215154
CE_PAWNWEAKNESSES:0.5060095450354308
CE_PIECEACTIVITY:0.587675759211964
CE_KINGPAWNSHIELD:0.6457917279543463
CE_PIECECOORDINATION:0.5518471917899799
CE_MATERIAL:0.39865347295849896
CE_KINGSAFETY:0.5086472231881267
C_PIECESQUARETABLES:0.5089780741605072
C_MOBILITY:0.5402127642239055
C_KINGSAFETY:0.5807032734509072
C_PAWNSTRUCTURE:0.43229902341010745
C_PIECECOORDINATION:0.45595913992352105
C_ROOKANDPAWNMOVEMENT:0.45595913992352105
C_CENTERCONTROL:0.5967512293384784
C_DEVELOPPIECES:0.5500152897471595
C_MATERIAL:0.37071795467599555
