ELO:954
CE_PASSEDPAWNS:0.46984707384023033
CE_PAWNWEAKNESSES:0.574288490202694
CE_PIECEACTIVITY:0.46711794838053444
CE_KINGPAWNSHIELD:0.5262932880571172
CE_PIECECOORDINATION:0.664346240455178
CE_MATERIAL:0.3390821626279163
CE_KINGSAFETY:0.5057454875792318
C_PIECESQUARETABLES:0.5232831309311036
C_MOBILITY:0.45921465499360314
C_KINGSAFETY:0.5600093650158356
C_PAWNSTRUCTURE:0.45916024849074716
C_PIECECOORDINATION:0.5562371030318611
C_ROOKANDPAWNMOVEMENT:0.5562371030318611
C_CENTERCONTROL:0.5414658472937374
C_DEVELOPPIECES:0.46597732884195264
C_MATERIAL:0.4930085440455475
