ELO:897
CE_PASSEDPAWNS:0.510050734381311
CE_PAWNWEAKNESSES:0.5166913045693752
CE_PIECEACTIVITY:0.5687523955551349
CE_KINGPAWNSHIELD:0.48169270346285437
CE_PIECECOORDINATION:0.4781589069604077
CE_MATERIAL:0.5253156286937096
CE_KINGSAFETY:0.5
C_PIECESQUARETABLES:0.5055495855788145
C_MOBILITY:0.4887178106466293
C_KINGSAFETY:0.4916815928122549
C_PAWNSTRUCTURE:0.4984742610530527
C_PIECECOORDINATION:0.4713362362966173
C_ROOK:0.5289953541203744
CE_ROOK:0.5615495246527865
C_CENTERCONTROL:0.5307661145698195
C_DEVELOPPIECES:0.523752820752466
C_MATERIAL:0.4687744582816747
C_MOVECOUNT:0.4546607052842021
C_PAWNMOVEMENT:0.48352285201046025
