ELO:992
CE_PASSEDPAWNS:0.5200925511372206
CE_PAWNWEAKNESSES:0.5091234997708254
CE_PIECEACTIVITY:0.5116524082447477
CE_KINGPAWNSHIELD:0.5171180012063518
CE_PIECECOORDINATION:0.4926513559644804
CE_MATERIAL:0.4993080573420089
CE_KINGSAFETY:0.5
C_PIECESQUARETABLES:0.5003643654640547
C_MOBILITY:0.5080670107503432
C_KINGSAFETY:0.4965688977890834
C_PAWNSTRUCTURE:0.4944205775536194
C_PIECECOORDINATION:0.5188356497923479
C_ROOKANDPAWNMOVEMENT:0.5188356497923479
C_CENTERCONTROL:0.5102836204198942
C_DEVELOPPIECES:0.4945988522172075
C_MATERIAL:0.503118552529041
C_MOVECOUNT:0.5030182281136892
