ELO:881
CE_PASSEDPAWNS:0.4828154080903768
CE_PAWNWEAKNESSES:0.5219739157758607
CE_PIECEACTIVITY:0.5042146994572468
CE_KINGPAWNSHIELD:0.5361708178269265
CE_PIECECOORDINATION:0.5278801502516294
CE_MATERIAL:0.5099115271565243
CE_KINGSAFETY:0.49608750356949266
C_PIECESQUARETABLES:0.5149122240311106
C_MOBILITY:0.5213747653853709
C_KINGSAFETY:0.5124646349171821
C_PAWNSTRUCTURE:0.4819256372552187
C_PIECECOORDINATION:0.47570463949552616
C_ROOKANDPAWNMOVEMENT:0.47570463949552616
C_CENTERCONTROL:0.48084048543675195
C_DEVELOPPIECES:0.5028226651293247
C_MATERIAL:0.5065427100175098
