ELO:828
CE_PASSEDPAWNS:0.48162503267227613
CE_PAWNWEAKNESSES:0.4462459386150708
CE_PIECEACTIVITY:0.4868121517639418
CE_KINGPAWNSHIELD:0.4518126328355667
CE_PIECECOORDINATION:0.5031610981431722
CE_MATERIAL:0.4142444788495462
CE_KINGSAFETY:0.5028846479634245
C_PIECESQUARETABLES:0.4991190798501976
C_MOBILITY:0.5193937631650933
C_KINGSAFETY:0.5422023672904441
C_PAWNSTRUCTURE:0.47399971388114903
C_PIECECOORDINATION:0.44556977995785674
C_ROOKANDPAWNMOVEMENT:0.44556977995785674
C_CENTERCONTROL:0.49212011445330944
C_DEVELOPPIECES:0.5068069473239437
C_MATERIAL:0.6033785688123551
C_MOVECOUNT:0.4986673432301211
