ELO:982
CE_PASSEDPAWNS:0.5048115580690066
CE_PAWNWEAKNESSES:0.4955120101867578
CE_PIECEACTIVITY:0.5048263071343915
CE_KINGPAWNSHIELD:0.49079674548906776
CE_PIECECOORDINATION:0.5112917239991689
CE_MATERIAL:0.5026454103172642
CE_KINGSAFETY:0.5119347763593308
C_PIECESQUARETABLES:0.5170393545699951
C_MOBILITY:0.49764539646221717
C_KINGSAFETY:0.4957199428923732
C_PAWNSTRUCTURE:0.4959964270867552
C_PIECECOORDINATION:0.49906650074974984
C_ROOK:0.4757430779699155
CE_ROOK:0.5009229569691497
C_CENTERCONTROL:0.4915358099994909
C_DEVELOPPIECES:0.48872455602968895
C_MATERIAL:0.5
C_MOVECOUNT:0.5170037780193761
C_PAWNMOVEMENT:0.5185878575374787
