ELO:987
CE_PASSEDPAWNS:0.48130225103694146
CE_PAWNWEAKNESSES:0.5
CE_PIECEACTIVITY:0.49215537115859354
CE_KINGPAWNSHIELD:0.5054033589314494
CE_PIECECOORDINATION:0.5106827953178035
CE_MATERIAL:0.5
CE_KINGSAFETY:0.49661840455339606
C_PIECESQUARETABLES:0.5
C_MOBILITY:0.5030954091052687
C_KINGSAFETY:0.5
C_PAWNSTRUCTURE:0.5031024768280516
C_PIECECOORDINATION:0.4932347341466854
C_ROOKANDPAWNMOVEMENT:0.4932347341466854
C_CENTERCONTROL:0.48498772469356066
C_DEVELOPPIECES:0.4947154035324696
C_MATERIAL:0.49347318158575404
