ELO:999
CE_PASSEDPAWNS:0.5153350933364417
CE_PAWNWEAKNESSES:0.5117049087956755
CE_PIECEACTIVITY:0.5045701309649966
CE_KINGPAWNSHIELD:0.5
CE_PIECECOORDINATION:0.5093065945465793
CE_MATERIAL:0.5161188510294646
CE_KINGSAFETY:0.5031609624768818
C_PIECESQUARETABLES:0.5038282458547646
C_MOBILITY:0.497889298210196
C_KINGSAFETY:0.4994335735170861
C_PAWNSTRUCTURE:0.4909146268804587
C_PIECECOORDINATION:0.5018086237397579
C_ROOKANDPAWNMOVEMENT:0.5018086237397579
C_CENTERCONTROL:0.49198207075756006
C_DEVELOPPIECES:0.5039630856569675
C_MATERIAL:0.5065134735688127
C_MOVECOUNT:0.5
