ELO:1000
CE_PASSEDPAWNS:0.4497383286471934
CE_PAWNWEAKNESSES:0.506749642299798
CE_PIECEACTIVITY:0.516865209416481
CE_KINGPAWNSHIELD:0.5491892487624089
CE_PIECECOORDINATION:0.508468068470328
CE_MATERIAL:0.5131803541273547
CE_KINGSAFETY:0.5125132960286793
C_PIECESQUARETABLES:0.4829176781473863
C_MOBILITY:0.5224177001972368
C_KINGSAFETY:0.4473537577386961
C_PAWNSTRUCTURE:0.5288721406285184
C_PIECECOORDINATION:0.5164145644487197
C_ROOKANDPAWNMOVEMENT:0.5164145644487197
C_CENTERCONTROL:0.5408098734374825
C_DEVELOPPIECES:0.5434309831512765
C_MATERIAL:0.5493953070713026
