ELO:911
CE_PASSEDPAWNS:0.49348385386767707
CE_PAWNWEAKNESSES:0.5014536014068458
CE_PIECEACTIVITY:0.5395353849183321
CE_KINGPAWNSHIELD:0.4873824844006371
CE_PIECECOORDINATION:0.4781589069604077
CE_MATERIAL:0.5099841402878124
CE_KINGSAFETY:0.5
C_PIECESQUARETABLES:0.5
C_MOBILITY:0.47568020798515437
C_KINGSAFETY:0.5167473230286885
C_PAWNSTRUCTURE:0.5081223852696668
C_PIECECOORDINATION:0.46606036228084285
C_ROOK:0.5197511101959404
CE_ROOK:0.5434613259450685
C_CENTERCONTROL:0.5251336460091809
C_DEVELOPPIECES:0.5370199747822093
C_MATERIAL:0.4852346219576842
C_MOVECOUNT:0.46738643383804385
C_PAWNMOVEMENT:0.5034681300724962
