ELO:863
CE_PASSEDPAWNS:0.4819421960390061
CE_PAWNWEAKNESSES:0.535524790341444
CE_PIECEACTIVITY:0.5108022741730236
CE_KINGPAWNSHIELD:0.5326879121519421
CE_PIECECOORDINATION:0.5333733381552042
CE_MATERIAL:0.5185633760161591
CE_KINGSAFETY:0.49608750356949266
C_PIECESQUARETABLES:0.5246445827975467
C_MOBILITY:0.5213747653853709
C_KINGSAFETY:0.4983868902463228
C_PAWNSTRUCTURE:0.47664597660137414
C_PIECECOORDINATION:0.4772456206535141
C_ROOKANDPAWNMOVEMENT:0.4772456206535141
C_CENTERCONTROL:0.48084048543675195
C_DEVELOPPIECES:0.48789764852224493
C_MATERIAL:0.5150313197764101
