ELO:975
CE_PASSEDPAWNS:0.5045825668400112
CE_PAWNWEAKNESSES:0.5322011607037497
CE_PIECEACTIVITY:0.5099663623624997
CE_KINGPAWNSHIELD:0.547276985180597
CE_PIECECOORDINATION:0.642865321919357
CE_MATERIAL:0.33091801208370153
CE_KINGSAFETY:0.5014816100798414
C_PIECESQUARETABLES:0.5
C_MOBILITY:0.4547427731325597
C_KINGSAFETY:0.5265203213646573
C_PAWNSTRUCTURE:0.44758894053349396
C_PIECECOORDINATION:0.5886470765784186
C_ROOKANDPAWNMOVEMENT:0.5886470765784186
C_CENTERCONTROL:0.563531592554874
C_DEVELOPPIECES:0.4362460041722396
C_MATERIAL:0.46476074865141426
