ELO:988
CE_PASSEDPAWNS:0.5180669639412993
CE_PAWNWEAKNESSES:0.49545062863531614
CE_PIECEACTIVITY:0.5
CE_KINGPAWNSHIELD:0.49677944163525106
CE_PIECECOORDINATION:0.49629579955076863
CE_MATERIAL:0.49186647010476214
CE_KINGSAFETY:0.5
C_PIECESQUARETABLES:0.5
C_MOBILITY:0.4922057291039419
C_KINGSAFETY:0.5
C_PAWNSTRUCTURE:0.5009200304166622
C_PIECECOORDINATION:0.5017899331567269
C_ROOK:0.48684058778911155
CE_ROOK:0.5110540206130774
C_CENTERCONTROL:0.5
C_DEVELOPPIECES:0.48846554521538293
C_MATERIAL:0.49203715345242244
C_MOVECOUNT:0.5
C_PAWNMOVEMENT:0.5
