ELO:951
CE_PASSEDPAWNS:0.47983400365226464
CE_PAWNWEAKNESSES:0.5
CE_PIECEACTIVITY:0.5027966210675653
CE_KINGPAWNSHIELD:0.4650841272761975
CE_PIECECOORDINATION:0.5033112089246126
CE_MATERIAL:0.4968671027962708
CE_KINGSAFETY:0.4735828266440254
C_PIECESQUARETABLES:0.5366674814267771
C_MOBILITY:0.46410969715752565
C_KINGSAFETY:0.45310004886355093
C_PAWNSTRUCTURE:0.5
C_PIECECOORDINATION:0.45012506155819715
C_ROOKANDPAWNMOVEMENT:0.45012506155819715
C_CENTERCONTROL:0.4817454177972497
C_DEVELOPPIECES:0.5022495976457022
C_MATERIAL:0.5
C_MOVECOUNT:0.5
