ELO:831
CE_PASSEDPAWNS:0.4873199985646077
CE_PAWNWEAKNESSES:0.48286925528385116
CE_PIECEACTIVITY:0.49774528197449275
CE_KINGPAWNSHIELD:0.44321082722655697
CE_PIECECOORDINATION:0.4311686673234538
CE_MATERIAL:0.5302850094264273
CE_KINGSAFETY:0.5342568269159366
C_PIECESQUARETABLES:0.5
C_MOBILITY:0.4179117867954137
C_KINGSAFETY:0.6147141714323143
C_PAWNSTRUCTURE:0.46804474360674647
C_PIECECOORDINATION:0.4039727210325385
C_ROOKANDPAWNMOVEMENT:0.4039727210325385
C_CENTERCONTROL:0.4938686952078896
C_DEVELOPPIECES:0.5644394713122295
C_MATERIAL:0.5056619520032258
C_MOVECOUNT:0.5
