ELO:1063
CE_PASSEDPAWNS:0.5
CE_PAWNWEAKNESSES:0.44852801764021716
CE_PIECEACTIVITY:0.49444572112506174
CE_KINGPAWNSHIELD:0.5051651138703152
CE_PIECECOORDINATION:0.4958329749066985
CE_MATERIAL:0.4832764272738817
CE_KINGSAFETY:0.5
C_PIECESQUARETABLES:0.4807983909094104
C_MOBILITY:0.5
C_KINGSAFETY:0.5333313229566229
C_PAWNSTRUCTURE:0.5
C_PIECECOORDINATION:0.5014934239178009
C_ROOKANDPAWNMOVEMENT:0.5014934239178009
C_CENTERCONTROL:0.5
C_DEVELOPPIECES:0.5165913202693749
C_MATERIAL:0.5171288501257149
C_MOVECOUNT:0.5
