ELO:974
CE_PASSEDPAWNS:0.5008663503039836
CE_PAWNWEAKNESSES:0.5322011607037497
CE_PIECEACTIVITY:0.5118415126063066
CE_KINGPAWNSHIELD:0.547276985180597
CE_PIECECOORDINATION:0.642865321919357
CE_MATERIAL:0.33091801208370153
CE_KINGSAFETY:0.5056701660777944
C_PIECESQUARETABLES:0.5
C_MOBILITY:0.45634055110213667
C_KINGSAFETY:0.5175127797422127
C_PAWNSTRUCTURE:0.44758894053349396
C_PIECECOORDINATION:0.5811780517629965
C_ROOKANDPAWNMOVEMENT:0.5811780517629965
C_CENTERCONTROL:0.5532115456747176
C_DEVELOPPIECES:0.4362460041722396
C_MATERIAL:0.46290932049093236
