ELO:966
CE_PASSEDPAWNS:0.4640456529374954
CE_PAWNWEAKNESSES:0.5796880692563742
CE_PIECEACTIVITY:0.46739573589896066
CE_KINGPAWNSHIELD:0.5144175535510609
CE_PIECECOORDINATION:0.6673028252401624
CE_MATERIAL:0.321740395491985
CE_KINGSAFETY:0.5007901197814828
C_PIECESQUARETABLES:0.523009460301881
C_MOBILITY:0.4435179557560232
C_KINGSAFETY:0.5558882745478979
C_PAWNSTRUCTURE:0.47875378915460837
C_PIECECOORDINATION:0.5534465079467679
C_ROOKANDPAWNMOVEMENT:0.5534465079467679
C_CENTERCONTROL:0.5373414229778775
C_DEVELOPPIECES:0.48208101553631144
C_MATERIAL:0.46815432381354544
