ELO:992
CE_PASSEDPAWNS:0.4783268277779336
CE_PAWNWEAKNESSES:0.48911437684921155
CE_PIECEACTIVITY:0.5425602452650535
CE_KINGPAWNSHIELD:0.49946038574495255
CE_PIECECOORDINATION:0.5161136605533768
CE_MATERIAL:0.4988121510550381
CE_KINGSAFETY:0.4868811557276877
C_PIECESQUARETABLES:0.5
C_MOBILITY:0.44210151098332096
C_KINGSAFETY:0.5348574581712563
C_PAWNSTRUCTURE:0.4995978765559899
C_PIECECOORDINATION:0.5277152494734183
C_ROOKANDPAWNMOVEMENT:0.5277152494734183
C_CENTERCONTROL:0.4870814762594525
C_DEVELOPPIECES:0.5359174357545192
C_MATERIAL:0.4159621411074092
