ELO:1011
CE_PASSEDPAWNS:0.4879916884969286
CE_PAWNWEAKNESSES:0.5031841493537018
CE_PIECEACTIVITY:0.5
CE_KINGPAWNSHIELD:0.4966109488690876
CE_PIECECOORDINATION:0.5
CE_MATERIAL:0.5076406468309166
CE_KINGSAFETY:0.4984093057099797
C_PIECESQUARETABLES:0.4996272738999904
C_MOBILITY:0.5
C_KINGSAFETY:0.5
C_PAWNSTRUCTURE:0.4987471035657015
C_PIECECOORDINATION:0.5
C_ROOKANDPAWNMOVEMENT:0.5
C_CENTERCONTROL:0.5
C_DEVELOPPIECES:0.49740145589236523
C_MATERIAL:0.5
C_MOVECOUNT:0.5030181991285961
