ELO:1036
CE_PASSEDPAWNS:0.48246293202598906
CE_PAWNWEAKNESSES:0.5074525182830135
CE_PIECEACTIVITY:0.5
CE_KINGPAWNSHIELD:0.5167896506963406
CE_PIECECOORDINATION:0.4996239681293009
CE_MATERIAL:0.49598684536033266
CE_KINGSAFETY:0.46152843546961886
C_PIECESQUARETABLES:0.5
C_MOBILITY:0.4803240154308679
C_KINGSAFETY:0.5012490681911862
C_PAWNSTRUCTURE:0.5121512575118637
C_PIECECOORDINATION:0.5
C_ROOKANDPAWNMOVEMENT:0.5
C_CENTERCONTROL:0.4978788000133845
C_DEVELOPPIECES:0.5001713849323312
C_MATERIAL:0.5011496159286368
C_MOVECOUNT:0.5
