ELO:923
CE_PASSEDPAWNS:0.4960550390391045
CE_PAWNWEAKNESSES:0.5134030228651213
CE_PIECEACTIVITY:0.48572562830411076
CE_KINGPAWNSHIELD:0.4796403857414369
CE_PIECECOORDINATION:0.47875245564248403
CE_MATERIAL:0.5141111903243045
CE_KINGSAFETY:0.5037624268650805
C_PIECESQUARETABLES:0.5
C_MOBILITY:0.515946060987262
C_KINGSAFETY:0.5148241146592619
C_PAWNSTRUCTURE:0.4777612514889024
C_PIECECOORDINATION:0.508641983915593
C_ROOKANDPAWNMOVEMENT:0.508641983915593
C_CENTERCONTROL:0.5024650271822402
C_DEVELOPPIECES:0.5
C_MATERIAL:0.5
C_MOVECOUNT:0.5018979456448498
