ELO:877
CE_PASSEDPAWNS:0.5743076555621591
CE_PAWNWEAKNESSES:0.4134435997795144
CE_PIECEACTIVITY:0.5478310872485425
CE_KINGPAWNSHIELD:0.5205522550186903
CE_PIECECOORDINATION:0.5398688548076596
CE_MATERIAL:0.5747537582510079
CE_KINGSAFETY:0.5445793715809981
C_PIECESQUARETABLES:0.5012585413398545
C_MOBILITY:0.5285823552471742
C_KINGSAFETY:0.6176579314115984
C_PAWNSTRUCTURE:0.5772137890819055
C_PIECECOORDINATION:0.49491824763268155
C_ROOKANDPAWNMOVEMENT:0.49491824763268155
C_CENTERCONTROL:0.42001391255941856
C_DEVELOPPIECES:0.41153567950617903
C_MATERIAL:0.4773395404355858
