ELO:929
CE_PASSEDPAWNS:0.4851289434910631
CE_PAWNWEAKNESSES:0.4618648902815815
CE_PIECEACTIVITY:0.5367417818292335
CE_KINGPAWNSHIELD:0.4834887154699393
CE_PIECECOORDINATION:0.5066264648136295
CE_MATERIAL:0.5438119782970425
CE_KINGSAFETY:0.5
C_PIECESQUARETABLES:0.5
C_MOBILITY:0.5131915646909255
C_KINGSAFETY:0.5341084379840678
C_PAWNSTRUCTURE:0.4990826721516586
C_PIECECOORDINATION:0.47840674772238684
C_ROOKANDPAWNMOVEMENT:0.47840674772238684
C_CENTERCONTROL:0.60069755670185
C_DEVELOPPIECES:0.490501647611751
C_MATERIAL:0.4401248411111396
C_MOVECOUNT:0.5
