ELO:993
CE_PASSEDPAWNS:0.5113549528892484
CE_PAWNWEAKNESSES:0.4773835223673384
CE_PIECEACTIVITY:0.5
CE_KINGPAWNSHIELD:0.5015863373669555
CE_PIECECOORDINATION:0.5
CE_MATERIAL:0.5217915180044308
CE_KINGSAFETY:0.5
C_PIECESQUARETABLES:0.5
C_MOBILITY:0.4896267395546811
C_KINGSAFETY:0.5041131315742778
C_PAWNSTRUCTURE:0.49266819821808777
C_PIECECOORDINATION:0.5021470694986049
C_ROOKANDPAWNMOVEMENT:0.5021470694986049
C_CENTERCONTROL:0.4965286232434663
C_DEVELOPPIECES:0.5039669809903262
C_MATERIAL:0.5
C_MOVECOUNT:0.5175282656940579
