ELO:858
CE_PASSEDPAWNS:0.5461355357813228
CE_PAWNWEAKNESSES:0.42386309731348126
CE_PIECEACTIVITY:0.5563647385336478
CE_KINGPAWNSHIELD:0.5005759312294242
CE_PIECECOORDINATION:0.5398688548076596
CE_MATERIAL:0.5885479170436325
CE_KINGSAFETY:0.5376462193210885
C_PIECESQUARETABLES:0.4919478821252885
C_MOBILITY:0.5347497076799577
C_KINGSAFETY:0.6203059250813494
C_PAWNSTRUCTURE:0.5572364246100163
C_PIECECOORDINATION:0.5090366023203208
C_ROOKANDPAWNMOVEMENT:0.5090366023203208
C_CENTERCONTROL:0.4226268818620732
C_DEVELOPPIECES:0.4130089489779802
C_MATERIAL:0.4778814208768631
