ELO:994
CE_PASSEDPAWNS:0.5103256701340654
CE_PAWNWEAKNESSES:0.4862466907680209
CE_PIECEACTIVITY:0.5
CE_KINGPAWNSHIELD:0.5082559902088728
CE_PIECECOORDINATION:0.5
CE_MATERIAL:0.5034042360336562
CE_KINGSAFETY:0.49839705994913686
C_PIECESQUARETABLES:0.5057669685317101
C_MOBILITY:0.5124703891761221
C_KINGSAFETY:0.5
C_PAWNSTRUCTURE:0.49385764955188377
C_PIECECOORDINATION:0.5
C_ROOKANDPAWNMOVEMENT:0.5
C_CENTERCONTROL:0.5
C_DEVELOPPIECES:0.5
C_MATERIAL:0.5
C_MOVECOUNT:0.5101758378386004
