ELO:1010
CE_PASSEDPAWNS:0.5112815733326849
CE_PAWNWEAKNESSES:0.4876137920478097
CE_PIECEACTIVITY:0.49419176223945055
CE_KINGPAWNSHIELD:0.4892652713571424
CE_PIECECOORDINATION:0.47114950012935186
CE_MATERIAL:0.5240102503876125
CE_KINGSAFETY:0.4976739806251227
C_PIECESQUARETABLES:0.5
C_MOBILITY:0.5491744198532802
C_KINGSAFETY:0.48934266438024826
C_PAWNSTRUCTURE:0.4683645113919039
C_PIECECOORDINATION:0.5010565797952407
C_ROOK:0.512446027046705
CE_ROOK:0.5465382772098452
C_CENTERCONTROL:0.5
C_DEVELOPPIECES:0.5337628065823778
C_MATERIAL:0.5080931965394153
C_MOVECOUNT:0.5103916131213675
C_PAWNMOVEMENT:0.49760073491699014
