ELO:895
CE_PASSEDPAWNS:0.4208743357050415
CE_PAWNWEAKNESSES:0.4293643486451654
CE_PIECEACTIVITY:0.5993440179049464
CE_KINGPAWNSHIELD:0.5214963545560956
CE_PIECECOORDINATION:0.4819079588867143
CE_MATERIAL:0.4949095482293217
CE_KINGSAFETY:0.5170479046324885
C_PIECESQUARETABLES:0.5379840558722156
C_MOBILITY:0.5959320284689053
C_KINGSAFETY:0.6267048477383718
C_PAWNSTRUCTURE:0.5660004416980627
C_PIECECOORDINATION:0.4224448316887841
C_ROOKANDPAWNMOVEMENT:0.4224448316887841
C_CENTERCONTROL:0.3793437843139372
C_DEVELOPPIECES:0.5288090020207049
C_MATERIAL:0.586483228302031
