ELO:822
CE_PASSEDPAWNS:0.48812359316061904
CE_PAWNWEAKNESSES:0.5328168419919274
CE_PIECEACTIVITY:0.48984460076363173
CE_KINGPAWNSHIELD:0.4840898639045784
CE_PIECECOORDINATION:0.44401802377989696
CE_MATERIAL:0.4570372105656986
CE_KINGSAFETY:0.5028127702253453
C_PIECESQUARETABLES:0.49433066585711616
C_MOBILITY:0.5116621738672884
C_KINGSAFETY:0.4573016277773772
C_PAWNSTRUCTURE:0.4600384710449388
C_PIECECOORDINATION:0.5048750756407934
C_ROOK:0.5331927183731329
CE_ROOK:0.5334459212606091
C_CENTERCONTROL:0.554324309644734
C_DEVELOPPIECES:0.5238856000969426
C_MATERIAL:0.5543663777959398
C_MOVECOUNT:0.5072163881830982
C_PAWNMOVEMENT:0.521783203880702
