ELO:1010
CE_PASSEDPAWNS:0.5
CE_PAWNWEAKNESSES:0.5020045718043216
CE_PIECEACTIVITY:0.5110545107062533
CE_KINGPAWNSHIELD:0.5
CE_PIECECOORDINATION:0.5220273672193376
CE_MATERIAL:0.5054431335794167
CE_KINGSAFETY:0.4841630923294674
C_PIECESQUARETABLES:0.5
C_MOBILITY:0.5
C_KINGSAFETY:0.4967010967398766
C_PAWNSTRUCTURE:0.49904733053828715
C_PIECECOORDINATION:0.5
C_ROOKANDPAWNMOVEMENT:0.5
C_CENTERCONTROL:0.5040082183298862
C_DEVELOPPIECES:0.4920191221341301
C_MATERIAL:0.5013898212666323
