ELO:911
CE_PASSEDPAWNS:0.40704825510344866
CE_PAWNWEAKNESSES:0.44676118991506525
CE_PIECEACTIVITY:0.6068935179584181
CE_KINGPAWNSHIELD:0.5219664333150089
CE_PIECECOORDINATION:0.5022135887217937
CE_MATERIAL:0.4848902072818691
CE_KINGSAFETY:0.5030442534576164
C_PIECESQUARETABLES:0.525669773252576
C_MOBILITY:0.6216775935829038
C_KINGSAFETY:0.6180145843187546
C_PAWNSTRUCTURE:0.5592245976913214
C_PIECECOORDINATION:0.4602855051227354
C_ROOKANDPAWNMOVEMENT:0.4602855051227354
C_CENTERCONTROL:0.403435432118861
C_DEVELOPPIECES:0.5045163763957315
C_MATERIAL:0.5838564640988119
