ELO:810
CE_PASSEDPAWNS:0.44085009737056946
CE_PAWNWEAKNESSES:0.4693234187784952
CE_PIECEACTIVITY:0.4933816053433479
CE_KINGPAWNSHIELD:0.6032239376202921
CE_PIECECOORDINATION:0.4703089646884169
CE_MATERIAL:0.5829938116702108
CE_KINGSAFETY:0.5342568269159366
C_PIECESQUARETABLES:0.5082699024696592
C_MOBILITY:0.5171607446052859
C_KINGSAFETY:0.49148091137625494
C_PAWNSTRUCTURE:0.4768498379721589
C_PIECECOORDINATION:0.5643997446253953
C_ROOKANDPAWNMOVEMENT:0.5643997446253953
C_CENTERCONTROL:0.47768301745775194
C_DEVELOPPIECES:0.5189582823008508
C_MATERIAL:0.5230250064058385
C_MOVECOUNT:0.5
