ELO:857
CE_PASSEDPAWNS:0.5087229177719931
CE_PAWNWEAKNESSES:0.4796082330343708
CE_PIECEACTIVITY:0.57680804283658
CE_KINGPAWNSHIELD:0.46029122563515457
CE_PIECECOORDINATION:0.5146248913413781
CE_MATERIAL:0.5033511745247118
CE_KINGSAFETY:0.5038661538594477
C_PIECESQUARETABLES:0.49760822685193135
C_MOBILITY:0.4846613585692645
C_KINGSAFETY:0.5741042437222614
C_PAWNSTRUCTURE:0.5123593788260793
C_PIECECOORDINATION:0.5123227205569956
C_ROOKANDPAWNMOVEMENT:0.5123227205569956
C_CENTERCONTROL:0.46729191071390763
C_DEVELOPPIECES:0.4603582084375779
C_MATERIAL:0.47377502024332746
