ELO:1000
CE_PASSEDPAWNS:0.5068229336384364
CE_PAWNWEAKNESSES:0.5231955220690738
CE_PIECEACTIVITY:0.5011739919122069
CE_KINGPAWNSHIELD:0.5229092176921064
CE_PIECECOORDINATION:0.4820413745899103
CE_MATERIAL:0.4923095462481419
CE_KINGSAFETY:0.4952677076993138
C_PIECESQUARETABLES:0.519535023486304
C_MOBILITY:0.4914820365634928
C_KINGSAFETY:0.47516249896179835
C_PAWNSTRUCTURE:0.4837795756785872
C_PIECECOORDINATION:0.5043158730585342
C_ROOKANDPAWNMOVEMENT:0.5043158730585342
C_CENTERCONTROL:0.49313104437003674
C_DEVELOPPIECES:0.5020692069152192
C_MATERIAL:0.5003896167198046
