ELO:905
CE_PASSEDPAWNS:0.4074154733309966
CE_PAWNWEAKNESSES:0.43847760702164607
CE_PIECEACTIVITY:0.5822561491171575
CE_KINGPAWNSHIELD:0.5379705086291647
CE_PIECECOORDINATION:0.4777952120776205
CE_MATERIAL:0.5002425054560968
CE_KINGSAFETY:0.5476392446888466
C_PIECESQUARETABLES:0.5250999351606607
C_MOBILITY:0.587264964316219
C_KINGSAFETY:0.6402561184195087
C_PAWNSTRUCTURE:0.5537114756887371
C_PIECECOORDINATION:0.39875390946769557
C_ROOKANDPAWNMOVEMENT:0.39875390946769557
C_CENTERCONTROL:0.3986327319665867
C_DEVELOPPIECES:0.5482070116386281
C_MATERIAL:0.5791413820024023
