ELO:1037
CE_PASSEDPAWNS:0.5
CE_PAWNWEAKNESSES:0.4814907870789716
CE_PIECEACTIVITY:0.490881439549285
CE_KINGPAWNSHIELD:0.5138356308571228
CE_PIECECOORDINATION:0.49556511454275265
CE_MATERIAL:0.5086187825701167
CE_KINGSAFETY:0.5
C_PIECESQUARETABLES:0.5
C_MOBILITY:0.49048208310172525
C_KINGSAFETY:0.48869629517020885
C_PAWNSTRUCTURE:0.4818942133350111
C_PIECECOORDINATION:0.5
C_ROOK:0.46375406122666873
CE_ROOK:0.5116465777742402
C_CENTERCONTROL:0.4828510413168279
C_DEVELOPPIECES:0.5270554968932122
C_MATERIAL:0.46758995477125365
C_MOVECOUNT:0.5008778728888044
C_PAWNMOVEMENT:0.4779707051632558
