ELO:953
CE_PASSEDPAWNS:0.45589562005986567
CE_PAWNWEAKNESSES:0.5088910743640743
CE_PIECEACTIVITY:0.5023219270524711
CE_KINGPAWNSHIELD:0.5
CE_PIECECOORDINATION:0.5085899924413093
CE_MATERIAL:0.4688168437300998
CE_KINGSAFETY:0.49275976409034755
C_PIECESQUARETABLES:0.5
C_MOBILITY:0.4936061092478746
C_KINGSAFETY:0.4560264665557334
C_PAWNSTRUCTURE:0.5015803376957092
C_PIECECOORDINATION:0.4717461359295356
C_ROOKANDPAWNMOVEMENT:0.4717461359295356
C_CENTERCONTROL:0.5
C_DEVELOPPIECES:0.5122328461735384
C_MATERIAL:0.4919892510457326
C_MOVECOUNT:0.5
