ELO:977
CE_PASSEDPAWNS:0.47654633792313017
CE_PAWNWEAKNESSES:0.5
CE_PIECEACTIVITY:0.5136987808069395
CE_KINGPAWNSHIELD:0.5
CE_PIECECOORDINATION:0.5037872826770754
CE_MATERIAL:0.49712262858021183
CE_KINGSAFETY:0.5238344975785719
C_PIECESQUARETABLES:0.5
C_MOBILITY:0.5
C_KINGSAFETY:0.4838608031532522
C_PAWNSTRUCTURE:0.4987570594803116
C_PIECECOORDINATION:0.5
C_ROOKANDPAWNMOVEMENT:0.5
C_CENTERCONTROL:0.5138086668570507
C_DEVELOPPIECES:0.49973520750632683
C_MATERIAL:0.4891707456297155
C_MOVECOUNT:0.5
