ELO:943
CE_PASSEDPAWNS:0.5678989735350937
CE_PAWNWEAKNESSES:0.42694990287833057
CE_PIECEACTIVITY:0.5590896802426738
CE_KINGPAWNSHIELD:0.5276207578067686
CE_PIECECOORDINATION:0.5228505723377416
CE_MATERIAL:0.555712310465659
CE_KINGSAFETY:0.5149327451588274
C_PIECESQUARETABLES:0.5034007408139786
C_MOBILITY:0.5593064968792801
C_KINGSAFETY:0.6166888592551861
C_PAWNSTRUCTURE:0.5786105601024493
C_PIECECOORDINATION:0.5792087055881222
C_ROOKANDPAWNMOVEMENT:0.5792087055881222
C_CENTERCONTROL:0.4542919596290912
C_DEVELOPPIECES:0.38043279786059275
C_MATERIAL:0.47739197301874564
