ELO:927
CE_PASSEDPAWNS:0.4948700615772335
CE_PAWNWEAKNESSES:0.4962766494617452
CE_PIECEACTIVITY:0.5073007461922234
CE_KINGPAWNSHIELD:0.47150583614739044
CE_PIECECOORDINATION:0.47442159107964615
CE_MATERIAL:0.49528724831671855
CE_KINGSAFETY:0.49058361222823577
C_PIECESQUARETABLES:0.4985786975083039
C_MOBILITY:0.5168742660290092
C_KINGSAFETY:0.4696053513130534
C_PAWNSTRUCTURE:0.4383446606944513
C_PIECECOORDINATION:0.4779857989761106
C_ROOK:0.517105886888561
CE_ROOK:0.521908373895987
C_CENTERCONTROL:0.5504100240052981
C_DEVELOPPIECES:0.5150072801499811
C_MATERIAL:0.5402014710800687
C_MOVECOUNT:0.4679075803771179
C_PAWNMOVEMENT:0.49230817310143643
