ELO:1008
CE_PASSEDPAWNS:0.49466509944209847
CE_PAWNWEAKNESSES:0.4949374420748937
CE_PIECEACTIVITY:0.5471782334933933
CE_KINGPAWNSHIELD:0.5044887666320478
CE_PIECECOORDINATION:0.5029084943262581
CE_MATERIAL:0.5240102503876125
CE_KINGSAFETY:0.5
C_PIECESQUARETABLES:0.5
C_MOBILITY:0.49924117268537715
C_KINGSAFETY:0.48962993206593186
C_PAWNSTRUCTURE:0.44986793971266
C_PIECECOORDINATION:0.5010565797952407
C_ROOK:0.512446027046705
CE_ROOK:0.5500099595014589
C_CENTERCONTROL:0.4824883129786411
C_DEVELOPPIECES:0.5332997504176217
C_MATERIAL:0.5177364255238226
C_MOVECOUNT:0.5103916131213675
C_PAWNMOVEMENT:0.5016705576338182
