ELO:1051
CE_PASSEDPAWNS:0.4908204949993317
CE_PAWNWEAKNESSES:0.44852801764021716
CE_PIECEACTIVITY:0.4578510036333676
CE_KINGPAWNSHIELD:0.5248969442999537
CE_PIECECOORDINATION:0.5066264648136295
CE_MATERIAL:0.4973983201671193
CE_KINGSAFETY:0.5
C_PIECESQUARETABLES:0.5
C_MOBILITY:0.5110370538000563
C_KINGSAFETY:0.55846899721255
C_PAWNSTRUCTURE:0.47069581632315793
C_PIECECOORDINATION:0.5009818748508645
C_ROOKANDPAWNMOVEMENT:0.5009818748508645
C_CENTERCONTROL:0.4674888041735489
C_DEVELOPPIECES:0.5042637193257786
C_MATERIAL:0.49354454768949635
C_MOVECOUNT:0.5
