ELO:1000
CE_PASSEDPAWNS:0.4723532670668336
CE_PAWNWEAKNESSES:0.442463148810294
CE_PIECEACTIVITY:0.4880156493873049
CE_KINGPAWNSHIELD:0.4781793820569238
CE_PIECECOORDINATION:0.4772128325471631
CE_MATERIAL:0.5087232390622902
CE_KINGSAFETY:0.4989106192461769
C_PIECESQUARETABLES:0.5020632822370195
C_MOBILITY:0.5402194227604599
C_KINGSAFETY:0.4933376716763254
C_PAWNSTRUCTURE:0.4398258857866084
C_PIECECOORDINATION:0.529937424563375
C_ROOKANDPAWNMOVEMENT:0.529937424563375
C_CENTERCONTROL:0.5065970381342543
C_DEVELOPPIECES:0.5264966027439142
C_MATERIAL:0.5129684265026608
