ELO:1039
CE_PASSEDPAWNS:0.5
CE_PAWNWEAKNESSES:0.5090166992888512
CE_PIECEACTIVITY:0.4847330599533071
CE_KINGPAWNSHIELD:0.49707824888735647
CE_PIECECOORDINATION:0.5077816861209693
CE_MATERIAL:0.48965596704008996
CE_KINGSAFETY:0.4735828266440254
C_PIECESQUARETABLES:0.5
C_MOBILITY:0.49108933400119376
C_KINGSAFETY:0.54442275391403
C_PAWNSTRUCTURE:0.5032179713012929
C_PIECECOORDINATION:0.5
C_ROOKANDPAWNMOVEMENT:0.5
C_CENTERCONTROL:0.5036339292514015
C_DEVELOPPIECES:0.5165913202693749
C_MATERIAL:0.48735774361741313
C_MOVECOUNT:0.5
