ELO:1045
CE_PASSEDPAWNS:0.5
CE_PAWNWEAKNESSES:0.5043231146384756
CE_PIECEACTIVITY:0.48596109244606206
CE_KINGPAWNSHIELD:0.5
CE_PIECECOORDINATION:0.5058814615711098
CE_MATERIAL:0.491512452500783
CE_KINGSAFETY:0.49660191408052695
C_PIECESQUARETABLES:0.5177936454125329
C_MOBILITY:0.49520564445547544
C_KINGSAFETY:0.4899620064942797
C_PAWNSTRUCTURE:0.5106228298452772
C_PIECECOORDINATION:0.5178147194011264
C_ROOKANDPAWNMOVEMENT:0.5178147194011264
C_CENTERCONTROL:0.5
C_DEVELOPPIECES:0.5
C_MATERIAL:0.5068518743733311
