ELO:937
CE_PASSEDPAWNS:0.4838214316131291
CE_PAWNWEAKNESSES:0.4693477258247425
CE_PIECEACTIVITY:0.5993455580848638
CE_KINGPAWNSHIELD:0.49644873005775453
CE_PIECECOORDINATION:0.4635486264279292
CE_MATERIAL:0.5004223408189299
CE_KINGSAFETY:0.4973033802009819
C_PIECESQUARETABLES:0.4927999378562869
C_MOBILITY:0.6162600545442182
C_KINGSAFETY:0.6079725306057954
C_PAWNSTRUCTURE:0.5696419808204894
C_PIECECOORDINATION:0.4850082846135692
C_ROOKANDPAWNMOVEMENT:0.4850082846135692
C_CENTERCONTROL:0.40545558150473904
C_DEVELOPPIECES:0.500246184208808
C_MATERIAL:0.595999219169532
