ELO:1021
CE_PASSEDPAWNS:0.5007886110994287
CE_PAWNWEAKNESSES:0.5
CE_PIECEACTIVITY:0.4900406283445273
CE_KINGPAWNSHIELD:0.517207303953121
CE_PIECECOORDINATION:0.4921806987214138
CE_MATERIAL:0.4947837695583092
CE_KINGSAFETY:0.5
C_PIECESQUARETABLES:0.5
C_MOBILITY:0.5026611603704335
C_KINGSAFETY:0.5
C_PAWNSTRUCTURE:0.5
C_PIECECOORDINATION:0.5097938560700495
C_ROOKANDPAWNMOVEMENT:0.5097938560700495
C_CENTERCONTROL:0.5057051896692689
C_DEVELOPPIECES:0.5
C_MATERIAL:0.4815245080156408
C_MOVECOUNT:0.5
