ELO:995
CE_PASSEDPAWNS:0.5
CE_PAWNWEAKNESSES:0.5100859309047435
CE_PIECEACTIVITY:0.4900406283445273
CE_KINGPAWNSHIELD:0.517207303953121
CE_PIECECOORDINATION:0.4987931172735833
CE_MATERIAL:0.4947837695583092
CE_KINGSAFETY:0.5
C_PIECESQUARETABLES:0.5
C_MOBILITY:0.50614350196046
C_KINGSAFETY:0.5
C_PAWNSTRUCTURE:0.5
C_PIECECOORDINATION:0.5053560282580487
C_ROOKANDPAWNMOVEMENT:0.5053560282580487
C_CENTERCONTROL:0.5057051896692689
C_DEVELOPPIECES:0.5
C_MATERIAL:0.5168546586272434
C_MOVECOUNT:0.5
