ELO:1020
CE_PASSEDPAWNS:0.5
CE_PAWNWEAKNESSES:0.5
CE_PIECEACTIVITY:0.5108309812842046
CE_KINGPAWNSHIELD:0.4932908727050439
CE_PIECECOORDINATION:0.5
CE_MATERIAL:0.5
CE_KINGSAFETY:0.4985252112979607
C_PIECESQUARETABLES:0.5
C_MOBILITY:0.4972836772940836
C_KINGSAFETY:0.47867366270421324
C_PAWNSTRUCTURE:0.5
C_PIECECOORDINATION:0.5022182890471137
C_ROOKANDPAWNMOVEMENT:0.5022182890471137
C_CENTERCONTROL:0.5034900685243772
C_DEVELOPPIECES:0.5
C_MATERIAL:0.4784474500923097
