ELO:1000
CE_PASSEDPAWNS:0.4899532432627217
CE_PAWNWEAKNESSES:0.4441112761260382
CE_PIECEACTIVITY:0.529102408046767
CE_KINGPAWNSHIELD:0.5205208304005801
CE_PIECECOORDINATION:0.4961337224861153
CE_MATERIAL:0.4909082966692334
CE_KINGSAFETY:0.5
C_PIECESQUARETABLES:0.5
C_MOBILITY:0.5204854597691054
C_KINGSAFETY:0.4659675968347835
C_PAWNSTRUCTURE:0.4492032056870149
C_PIECECOORDINATION:0.5061273522630377
C_ROOKANDPAWNMOVEMENT:0.5061273522630377
C_CENTERCONTROL:0.511983524203831
C_DEVELOPPIECES:0.5478435668532949
C_MATERIAL:0.49811276378393704
