ELO:950
CE_PASSEDPAWNS:0.5111270113235012
CE_PAWNWEAKNESSES:0.5345828242167433
CE_PIECEACTIVITY:0.4524248538479751
CE_KINGPAWNSHIELD:0.5173946553566114
CE_PIECECOORDINATION:0.4952789023956629
CE_MATERIAL:0.531861185527922
CE_KINGSAFETY:0.5360228772688489
C_PIECESQUARETABLES:0.5
C_MOBILITY:0.4754155593718032
C_KINGSAFETY:0.5310493350741666
C_PAWNSTRUCTURE:0.49192081151943157
C_PIECECOORDINATION:0.5
C_ROOKANDPAWNMOVEMENT:0.5
C_CENTERCONTROL:0.43310003491118665
C_DEVELOPPIECES:0.5434197611846037
C_MATERIAL:0.5421236356813443
C_MOVECOUNT:0.5
