ELO:1000
CE_PASSEDPAWNS:0.5139828510010208
CE_PAWNWEAKNESSES:0.4897689603250832
CE_PIECEACTIVITY:0.5015244632777409
CE_KINGPAWNSHIELD:0.4996955889104709
CE_PIECECOORDINATION:0.4845587458666098
CE_MATERIAL:0.5
CE_KINGSAFETY:0.5
C_PIECESQUARETABLES:0.5
C_MOBILITY:0.48997686291915643
C_KINGSAFETY:0.4915394670150604
C_PAWNSTRUCTURE:0.5
C_PIECECOORDINATION:0.5166428603537134
C_ROOKANDPAWNMOVEMENT:0.5166428603537134
C_CENTERCONTROL:0.4878635545744666
C_DEVELOPPIECES:0.4895010519990114
C_MATERIAL:0.5168777380447181
C_MOVECOUNT:0.5123070217913599
