ELO:783
CE_PASSEDPAWNS:0.55038601684856
CE_PAWNWEAKNESSES:0.5112800410239677
CE_PIECEACTIVITY:0.528897197324867
CE_KINGPAWNSHIELD:0.4647690827909308
CE_PIECECOORDINATION:0.4792985248446255
CE_MATERIAL:0.4925426198687547
CE_KINGSAFETY:0.48926203207114966
C_PIECESQUARETABLES:0.5416191034570382
C_MOBILITY:0.5108745504812324
C_KINGSAFETY:0.5543086305336321
C_PAWNSTRUCTURE:0.5465395352179726
C_PIECECOORDINATION:0.4619540606788488
C_ROOKANDPAWNMOVEMENT:0.4619540606788488
C_CENTERCONTROL:0.48188183808233276
C_DEVELOPPIECES:0.5114000290353651
C_MATERIAL:0.5312479945145693
C_MOVECOUNT:0.5555413869329467
