ELO:1000
CE_PASSEDPAWNS:0.555815274155739
CE_PAWNWEAKNESSES:0.5193025349015593
CE_PIECEACTIVITY:0.48334384235797967
CE_KINGPAWNSHIELD:0.4959245484849884
CE_PIECECOORDINATION:0.4970360436744873
CE_MATERIAL:0.48405722046454686
CE_KINGSAFETY:0.4764389713173639
C_PIECESQUARETABLES:0.5409172347299304
C_MOBILITY:0.43249331660347534
C_KINGSAFETY:0.47676720593212923
C_PAWNSTRUCTURE:0.43087360541626435
C_PIECECOORDINATION:0.4762403213069426
C_ROOKANDPAWNMOVEMENT:0.4762403213069426
C_CENTERCONTROL:0.4980031067770652
C_DEVELOPPIECES:0.4742657500138577
C_MATERIAL:0.5321090518704141
