ELO:872
CE_PASSEDPAWNS:0.496707710434534
CE_PAWNWEAKNESSES:0.4646835088831451
CE_PIECEACTIVITY:0.5755467646076514
CE_KINGPAWNSHIELD:0.4664953659160474
CE_PIECECOORDINATION:0.4946007671506735
CE_MATERIAL:0.5044903348738238
CE_KINGSAFETY:0.5101754908015493
C_PIECESQUARETABLES:0.5192191082414728
C_MOBILITY:0.47314722251938607
C_KINGSAFETY:0.5715475833289163
C_PAWNSTRUCTURE:0.5430338442825785
C_PIECECOORDINATION:0.5036641638803991
C_ROOKANDPAWNMOVEMENT:0.5036641638803991
C_CENTERCONTROL:0.4479127074748765
C_DEVELOPPIECES:0.47019983229297224
C_MATERIAL:0.47334689916657396
