ELO:1000
CE_PASSEDPAWNS:0.5168213924625273
CE_PAWNWEAKNESSES:0.5131418936159742
CE_PIECEACTIVITY:0.4922695897162484
CE_KINGPAWNSHIELD:0.5281444124239274
CE_PIECECOORDINATION:0.47704560700109094
CE_MATERIAL:0.4803881543825021
CE_KINGSAFETY:0.5060211148315462
C_PIECESQUARETABLES:0.5274856015976556
C_MOBILITY:0.4876432994979488
C_KINGSAFETY:0.4722284156575717
C_PAWNSTRUCTURE:0.46548639928748203
C_PIECECOORDINATION:0.4953983264957167
C_ROOKANDPAWNMOVEMENT:0.4953983264957167
C_CENTERCONTROL:0.4950921403939716
C_DEVELOPPIECES:0.49136780999040036
C_MATERIAL:0.48856293420367286
