ELO:873
CE_PASSEDPAWNS:0.46586376941163177
CE_PAWNWEAKNESSES:0.5072145808465204
CE_PIECEACTIVITY:0.5222365186671942
CE_KINGPAWNSHIELD:0.48852583461737936
CE_PIECECOORDINATION:0.5206140297282411
CE_MATERIAL:0.5199608411737836
CE_KINGSAFETY:0.4924799832947566
C_PIECESQUARETABLES:0.4937282615726937
C_MOBILITY:0.4820116046854103
C_KINGSAFETY:0.5114785537556117
C_PAWNSTRUCTURE:0.4816893302714332
C_PIECECOORDINATION:0.48272690746069735
C_ROOKANDPAWNMOVEMENT:0.48272690746069735
C_CENTERCONTROL:0.5196164459026971
C_DEVELOPPIECES:0.5040179041278907
C_MATERIAL:0.4931235007006409
C_MOVECOUNT:0.5009223704104764
