ELO:964
CE_PASSEDPAWNS:0.4709694981091277
CE_PAWNWEAKNESSES:0.48343792632984117
CE_PIECEACTIVITY:0.5457384590668184
CE_KINGPAWNSHIELD:0.5167334251233768
CE_PIECECOORDINATION:0.5400333183513139
CE_MATERIAL:0.4903766028269388
CE_KINGSAFETY:0.5148252550619393
C_PIECESQUARETABLES:0.48753711893890733
C_MOBILITY:0.5065375285649655
C_KINGSAFETY:0.48588857535764957
C_PAWNSTRUCTURE:0.49804471152233176
C_PIECECOORDINATION:0.5220840030811618
C_ROOKANDPAWNMOVEMENT:0.5220840030811618
C_CENTERCONTROL:0.480865632384706
C_DEVELOPPIECES:0.5064873476713522
C_MATERIAL:0.5041205975940665
C_MOVECOUNT:0.5
