ELO:984
CE_PASSEDPAWNS:0.4966872807611838
CE_PAWNWEAKNESSES:0.48088937776402363
CE_PIECEACTIVITY:0.5043505002924714
CE_KINGPAWNSHIELD:0.49653655576445377
CE_PIECECOORDINATION:0.4944564707612959
CE_MATERIAL:0.487567269951966
CE_KINGSAFETY:0.48157664406234557
C_PIECESQUARETABLES:0.4884570383611647
C_MOBILITY:0.5123915564974655
C_KINGSAFETY:0.49475124329006903
C_PAWNSTRUCTURE:0.4798832592883887
C_PIECECOORDINATION:0.5
C_ROOKANDPAWNMOVEMENT:0.5
C_CENTERCONTROL:0.4848935814611097
C_DEVELOPPIECES:0.5047287430809142
C_MATERIAL:0.4952096407665053
