ELO:996
CE_PASSEDPAWNS:0.5
CE_PAWNWEAKNESSES:0.5219596556678096
CE_PIECEACTIVITY:0.48535431685980013
CE_KINGPAWNSHIELD:0.4817722467481934
CE_PIECECOORDINATION:0.5069794591987603
CE_MATERIAL:0.5039557723641952
CE_KINGSAFETY:0.5
C_PIECESQUARETABLES:0.5
C_MOBILITY:0.4958575839663233
C_KINGSAFETY:0.4960078913013387
C_PAWNSTRUCTURE:0.5
C_PIECECOORDINATION:0.506507016546544
C_ROOK:0.4890274611436171
CE_ROOK:0.4972772089692044
C_CENTERCONTROL:0.48863222936838335
C_DEVELOPPIECES:0.5068699517043241
C_MATERIAL:0.5145004752510132
C_MOVECOUNT:0.48981776013359113
C_PAWNMOVEMENT:0.5
