ELO:1005
CE_PASSEDPAWNS:0.5
CE_PAWNWEAKNESSES:0.510948607562347
CE_PIECEACTIVITY:0.49196668998682275
CE_KINGPAWNSHIELD:0.4896243437529108
CE_PIECECOORDINATION:0.5186801742699221
CE_MATERIAL:0.4938144320304941
CE_KINGSAFETY:0.5
C_PIECESQUARETABLES:0.5083170062607612
C_MOBILITY:0.49048208310172525
C_KINGSAFETY:0.4922352337313373
C_PAWNSTRUCTURE:0.5
C_PIECECOORDINATION:0.5102202646599375
C_ROOK:0.47783171748815323
CE_ROOK:0.47344603634374105
C_CENTERCONTROL:0.4930004179741029
C_DEVELOPPIECES:0.523111946838364
C_MATERIAL:0.5132395501707673
C_MOVECOUNT:0.48981776013359113
C_PAWNMOVEMENT:0.49798471160255875
