ELO:954
CE_PASSEDPAWNS:0.5291199912415693
CE_PAWNWEAKNESSES:0.5000474075509652
CE_PIECEACTIVITY:0.5021377087039478
CE_KINGPAWNSHIELD:0.49201425574158536
CE_PIECECOORDINATION:0.46188126572840205
CE_MATERIAL:0.5229351259409055
CE_KINGSAFETY:0.5033817723445276
C_PIECESQUARETABLES:0.49558753530946287
C_MOBILITY:0.5270717936631865
C_KINGSAFETY:0.5042120162183944
C_PAWNSTRUCTURE:0.4875397213364863
C_PIECECOORDINATION:0.48013909717748715
C_ROOKANDPAWNMOVEMENT:0.48013909717748715
C_CENTERCONTROL:0.5250167923433293
C_DEVELOPPIECES:0.46899999526841396
C_MATERIAL:0.4997266107072038
C_MOVECOUNT:0.4952946870336423
