ELO:1010
CE_PASSEDPAWNS:0.5
CE_PAWNWEAKNESSES:0.5
CE_PIECEACTIVITY:0.48535431685980013
CE_KINGPAWNSHIELD:0.5021902283136767
CE_PIECECOORDINATION:0.5069794591987603
CE_MATERIAL:0.517778528520567
CE_KINGSAFETY:0.5024059684852547
C_PIECESQUARETABLES:0.49924670298039675
C_MOBILITY:0.49620133369475705
C_KINGSAFETY:0.5
C_PAWNSTRUCTURE:0.49507858712401637
C_PIECECOORDINATION:0.5115732155522662
C_ROOK:0.5
CE_ROOK:0.5016810977022295
C_CENTERCONTROL:0.5
C_DEVELOPPIECES:0.5045462588415967
C_MATERIAL:0.506299465397983
C_MOVECOUNT:0.5
C_PAWNMOVEMENT:0.5
