ELO:669
CE_PASSEDPAWNS:0.5388455355423828
CE_PAWNWEAKNESSES:0.507114333959926
CE_PIECEACTIVITY:0.5273729061679877
CE_KINGPAWNSHIELD:0.44877504113696665
CE_PIECECOORDINATION:0.47307049199485623
CE_MATERIAL:0.48858340540092393
CE_KINGSAFETY:0.49479598788074813
C_PIECESQUARETABLES:0.5439172018189968
C_MOBILITY:0.5269622068025145
C_KINGSAFETY:0.5877182082320414
C_PAWNSTRUCTURE:0.5064247457244428
C_PIECECOORDINATION:0.4598601460487847
C_ROOKANDPAWNMOVEMENT:0.4598601460487847
C_CENTERCONTROL:0.5105444331937559
C_DEVELOPPIECES:0.5364141659630213
C_MATERIAL:0.5251092013327845
C_MOVECOUNT:0.593533346200838
