ELO:1001
CE_PASSEDPAWNS:0.5265994119610945
CE_PAWNWEAKNESSES:0.5149407396096857
CE_PIECEACTIVITY:0.5459893698624365
CE_KINGPAWNSHIELD:0.49685448809388066
CE_PIECECOORDINATION:0.4631987137360663
CE_MATERIAL:0.5169995280546842
CE_KINGSAFETY:0.47047432832800967
C_PIECESQUARETABLES:0.501020594122141
C_MOBILITY:0.4955338000491243
C_KINGSAFETY:0.6046602023692079
C_PAWNSTRUCTURE:0.5391029733785064
C_PIECECOORDINATION:0.47237069394726233
C_ROOKANDPAWNMOVEMENT:0.47237069394726233
C_CENTERCONTROL:0.4553084173829221
C_DEVELOPPIECES:0.4832443684227567
C_MATERIAL:0.5144180112864869
