ELO:1070
CE_PASSEDPAWNS:0.4908204949993317
CE_PAWNWEAKNESSES:0.4490389138433556
CE_PIECEACTIVITY:0.49774528197449275
CE_KINGPAWNSHIELD:0.5355193258009439
CE_PIECECOORDINATION:0.50779366971585
CE_MATERIAL:0.4891721019949245
CE_KINGSAFETY:0.5
C_PIECESQUARETABLES:0.5
C_MOBILITY:0.5
C_KINGSAFETY:0.5499126579532706
C_PAWNSTRUCTURE:0.4374273136453984
C_PIECECOORDINATION:0.4534040265977296
C_ROOKANDPAWNMOVEMENT:0.4534040265977296
C_CENTERCONTROL:0.4436718902494277
C_DEVELOPPIECES:0.4634175958668163
C_MATERIAL:0.5003704629571398
C_MOVECOUNT:0.5
