ELO:938
CE_PASSEDPAWNS:0.4967533984167192
CE_PAWNWEAKNESSES:0.5123410507685368
CE_PIECEACTIVITY:0.5020124342360464
CE_KINGPAWNSHIELD:0.4875930326439604
CE_PIECECOORDINATION:0.5137623690039453
CE_MATERIAL:0.4959599682449529
CE_KINGSAFETY:0.4645221765288215
C_PIECESQUARETABLES:0.5039110583395341
C_MOBILITY:0.5322257112174552
C_KINGSAFETY:0.5204952684987437
C_PAWNSTRUCTURE:0.49781604223929204
C_PIECECOORDINATION:0.47803509700500796
C_ROOKANDPAWNMOVEMENT:0.47803509700500796
C_CENTERCONTROL:0.5810265576576633
C_DEVELOPPIECES:0.5100894943266198
C_MATERIAL:0.48575610629944294
C_MOVECOUNT:0.4897620499533057
