ELO:892
CE_PASSEDPAWNS:0.4959208739592403
CE_PAWNWEAKNESSES:0.5047221700464425
CE_PIECEACTIVITY:0.5188054088585341
CE_KINGPAWNSHIELD:0.4722166141790061
CE_PIECECOORDINATION:0.4691963118529823
CE_MATERIAL:0.4858109627346875
CE_KINGSAFETY:0.49485564059714787
C_PIECESQUARETABLES:0.4969872863805983
C_MOBILITY:0.5184173769373114
C_KINGSAFETY:0.469108757655871
C_PAWNSTRUCTURE:0.45008640453133925
C_PIECECOORDINATION:0.4874956846620182
C_ROOK:0.5190575385231297
CE_ROOK:0.5279536445985741
C_CENTERCONTROL:0.5509915279495273
C_DEVELOPPIECES:0.5026521736204486
C_MATERIAL:0.5443829366909823
C_MOVECOUNT:0.4763231100161345
C_PAWNMOVEMENT:0.48191017936082187
