ELO:1024
CE_PASSEDPAWNS:0.509608252859684
CE_PAWNWEAKNESSES:0.5
CE_PIECEACTIVITY:0.5
CE_KINGPAWNSHIELD:0.5
CE_PIECECOORDINATION:0.49845514478123043
CE_MATERIAL:0.48965596704008996
CE_KINGSAFETY:0.5
C_PIECESQUARETABLES:0.5
C_MOBILITY:0.43143216850071237
C_KINGSAFETY:0.5244708524637496
C_PAWNSTRUCTURE:0.5093134734611626
C_PIECECOORDINATION:0.5027332759501226
C_ROOKANDPAWNMOVEMENT:0.5027332759501226
C_CENTERCONTROL:0.5032730904421
C_DEVELOPPIECES:0.5112666072212199
C_MATERIAL:0.5
C_MOVECOUNT:0.5
