ELO:904
CE_PASSEDPAWNS:0.4791921214735718
CE_PAWNWEAKNESSES:0.5188935919348454
CE_PIECEACTIVITY:0.4994148333691302
CE_KINGPAWNSHIELD:0.4805673064400332
CE_PIECECOORDINATION:0.45387428174953925
CE_MATERIAL:0.47433133074639683
CE_KINGSAFETY:0.49188816447835704
C_PIECESQUARETABLES:0.4960481117815976
C_MOBILITY:0.5184173769373114
C_KINGSAFETY:0.4505763846518785
C_PAWNSTRUCTURE:0.4704712373141515
C_PIECECOORDINATION:0.5050304580101882
C_ROOK:0.5238862849527732
CE_ROOK:0.5290527104766195
C_CENTERCONTROL:0.5657793611713909
C_DEVELOPPIECES:0.5093485194937422
C_MATERIAL:0.5329272443753617
C_MOVECOUNT:0.5104167535326571
C_PAWNMOVEMENT:0.47947921939304683
