ELO:1003
CE_PASSEDPAWNS:0.4948427292618502
CE_PAWNWEAKNESSES:0.48833817221318954
CE_PIECEACTIVITY:0.49881032118141144
CE_KINGPAWNSHIELD:0.5
CE_PIECECOORDINATION:0.49435834764863096
CE_MATERIAL:0.5110006228538818
CE_KINGSAFETY:0.5
C_PIECESQUARETABLES:0.5
C_MOBILITY:0.5226375102255715
C_KINGSAFETY:0.4888047080436996
C_PAWNSTRUCTURE:0.5249821973748507
C_PIECECOORDINATION:0.49433819567698795
C_ROOKANDPAWNMOVEMENT:0.49433819567698795
C_CENTERCONTROL:0.5160135773358768
C_DEVELOPPIECES:0.5030020320482533
C_MATERIAL:0.5061131481383406
C_MOVECOUNT:0.5
