ELO:919
CE_PASSEDPAWNS:0.5517508833261281
CE_PAWNWEAKNESSES:0.48081224663593547
CE_PIECEACTIVITY:0.5808674565346721
CE_KINGPAWNSHIELD:0.45300543871167065
CE_PIECECOORDINATION:0.5262498724925783
CE_MATERIAL:0.5710847256029122
CE_KINGSAFETY:0.5289873640181096
C_PIECESQUARETABLES:0.5203207143056061
C_MOBILITY:0.515683314507031
C_KINGSAFETY:0.5870311055437079
C_PAWNSTRUCTURE:0.5515333905111663
C_PIECECOORDINATION:0.5371316269944264
C_ROOKANDPAWNMOVEMENT:0.5371316269944264
C_CENTERCONTROL:0.4176931904794948
C_DEVELOPPIECES:0.4451926510023316
C_MATERIAL:0.473804475767588
