ELO:915
CE_PASSEDPAWNS:0.4875206447169867
CE_PAWNWEAKNESSES:0.4827268122558736
CE_PIECEACTIVITY:0.4601853873885695
CE_KINGPAWNSHIELD:0.5106623469512945
CE_PIECECOORDINATION:0.5336862854337427
CE_MATERIAL:0.48576879577686666
CE_KINGSAFETY:0.4944455203908712
C_PIECESQUARETABLES:0.5210725133308631
C_MOBILITY:0.49035906559415254
C_KINGSAFETY:0.5067704742136551
C_PAWNSTRUCTURE:0.5073101861918394
C_PIECECOORDINATION:0.4967030723629871
C_ROOKANDPAWNMOVEMENT:0.4967030723629871
C_CENTERCONTROL:0.5161437309890131
C_DEVELOPPIECES:0.509055798813528
C_MATERIAL:0.4755053509539431
C_MOVECOUNT:0.5
