ELO:812
CE_PASSEDPAWNS:0.48176829644474745
CE_PAWNWEAKNESSES:0.5238499015531257
CE_PIECEACTIVITY:0.49140587114457357
CE_KINGPAWNSHIELD:0.48457819086955767
CE_PIECECOORDINATION:0.4520477527313013
CE_MATERIAL:0.4462985800855911
CE_KINGSAFETY:0.5044232262565805
C_PIECESQUARETABLES:0.5044520424233045
C_MOBILITY:0.4927003629675218
C_KINGSAFETY:0.46912957728849014
C_PAWNSTRUCTURE:0.46636696638258185
C_PIECECOORDINATION:0.4891959206256087
C_ROOK:0.5326396453747247
CE_ROOK:0.5254419766168623
C_CENTERCONTROL:0.5466189288071135
C_DEVELOPPIECES:0.4968404504863745
C_MATERIAL:0.5555054315722068
C_MOVECOUNT:0.511949279061438
C_PAWNMOVEMENT:0.5224523663730135
