ELO:991
CE_PASSEDPAWNS:0.5457345729423272
CE_PAWNWEAKNESSES:0.44542974891888637
CE_PIECEACTIVITY:0.4970399315327214
CE_KINGPAWNSHIELD:0.5599465954910741
CE_PIECECOORDINATION:0.4523326715433251
CE_MATERIAL:0.5071096952154113
CE_KINGSAFETY:0.5
C_PIECESQUARETABLES:0.5
C_MOBILITY:0.580479941274235
C_KINGSAFETY:0.5151782310923932
C_PAWNSTRUCTURE:0.6134298641311731
C_PIECECOORDINATION:0.5562674503149065
C_ROOKANDPAWNMOVEMENT:0.5562674503149065
C_CENTERCONTROL:0.3628208528192532
C_DEVELOPPIECES:0.5933423053266473
C_MATERIAL:0.6774775045213909
