ELO:819
CE_PASSEDPAWNS:0.5935171337173472
CE_PAWNWEAKNESSES:0.5126735242258782
CE_PIECEACTIVITY:0.42472753972926885
CE_KINGPAWNSHIELD:0.6255401113174341
CE_PIECECOORDINATION:0.49557187397776703
CE_MATERIAL:0.4853843152085948
CE_KINGSAFETY:0.5
C_PIECESQUARETABLES:0.5054593663579822
C_MOBILITY:0.5731231827858744
C_KINGSAFETY:0.5221233281258344
C_PAWNSTRUCTURE:0.4902718688768419
C_PIECECOORDINATION:0.4930956268046893
C_ROOKANDPAWNMOVEMENT:0.4930956268046893
C_CENTERCONTROL:0.5649035182857663
C_DEVELOPPIECES:0.5116192935625709
C_MATERIAL:0.4535870318409125
C_MOVECOUNT:0.5
