ELO:984
CE_PASSEDPAWNS:0.49126279900874525
CE_PAWNWEAKNESSES:0.5
CE_PIECEACTIVITY:0.4919575493344736
CE_KINGPAWNSHIELD:0.4781113664829272
CE_PIECECOORDINATION:0.5166421635488305
CE_MATERIAL:0.5194319913142651
CE_KINGSAFETY:0.505709504250305
C_PIECESQUARETABLES:0.4900079194037504
C_MOBILITY:0.49263326758826376
C_KINGSAFETY:0.4975513501879179
C_PAWNSTRUCTURE:0.5
C_PIECECOORDINATION:0.4839218072699834
C_ROOKANDPAWNMOVEMENT:0.4839218072699834
C_CENTERCONTROL:0.49506730586719294
C_DEVELOPPIECES:0.49255091088125036
C_MATERIAL:0.49241307958259484
C_MOVECOUNT:0.5
