ELO:998
CE_PASSEDPAWNS:0.5
CE_PAWNWEAKNESSES:0.5142026379657121
CE_PIECEACTIVITY:0.5015244632777409
CE_KINGPAWNSHIELD:0.5033526065838545
CE_PIECECOORDINATION:0.4845587458666098
CE_MATERIAL:0.48295438255283263
CE_KINGSAFETY:0.5
C_PIECESQUARETABLES:0.5
C_MOBILITY:0.5105316415079528
C_KINGSAFETY:0.47601178046219333
C_PAWNSTRUCTURE:0.5
C_PIECECOORDINATION:0.5
C_ROOKANDPAWNMOVEMENT:0.5
C_CENTERCONTROL:0.47464467261920706
C_DEVELOPPIECES:0.4948811046432658
C_MATERIAL:0.5168777380447181
C_MOVECOUNT:0.5123070217913599
