ELO:1000
CE_PASSEDPAWNS:0.5422431780795257
CE_PAWNWEAKNESSES:0.522589449101194
CE_PIECEACTIVITY:0.49398235265355483
CE_KINGPAWNSHIELD:0.49273541851892616
CE_PIECECOORDINATION:0.5209752884178146
CE_MATERIAL:0.46585208711091664
CE_KINGSAFETY:0.44165363276926817
C_PIECESQUARETABLES:0.53942996299743
C_MOBILITY:0.44057767145978977
C_KINGSAFETY:0.504139780443628
C_PAWNSTRUCTURE:0.47622801879626375
C_PIECECOORDINATION:0.4755865613670122
C_ROOKANDPAWNMOVEMENT:0.4755865613670122
C_CENTERCONTROL:0.4823257428946375
C_DEVELOPPIECES:0.4954564276688755
C_MATERIAL:0.5219826326745336
