ELO:1000
CE_PASSEDPAWNS:0.5535379392667834
CE_PAWNWEAKNESSES:0.5106303122468717
CE_PIECEACTIVITY:0.503025283129455
CE_KINGPAWNSHIELD:0.49630212861759154
CE_PIECECOORDINATION:0.504776687807469
CE_MATERIAL:0.49148806455771904
CE_KINGSAFETY:0.4519728383671942
C_PIECESQUARETABLES:0.5533586578174629
C_MOBILITY:0.42036728110374405
C_KINGSAFETY:0.4825139824977942
C_PAWNSTRUCTURE:0.4400807873856212
C_PIECECOORDINATION:0.4805007287280729
C_ROOKANDPAWNMOVEMENT:0.4805007287280729
C_CENTERCONTROL:0.5081203110191904
C_DEVELOPPIECES:0.49545601608325796
C_MATERIAL:0.5303159578014233
