ELO:1000
CE_PASSEDPAWNS:0.5020501304823775
CE_PAWNWEAKNESSES:0.4949776525188182
CE_PIECEACTIVITY:0.5106255035606128
CE_KINGPAWNSHIELD:0.5
CE_PIECECOORDINATION:0.49330170959797937
CE_MATERIAL:0.4921977231935061
CE_KINGSAFETY:0.504199139028215
C_PIECESQUARETABLES:0.4895531844713658
C_MOBILITY:0.5
C_KINGSAFETY:0.5021528422298039
C_PAWNSTRUCTURE:0.481442107332334
C_PIECECOORDINATION:0.518000385951223
C_ROOKANDPAWNMOVEMENT:0.518000385951223
C_CENTERCONTROL:0.4905633784772695
C_DEVELOPPIECES:0.5180636701948577
C_MATERIAL:0.5044332729004392
