ELO:992
CE_PASSEDPAWNS:0.5053762892661087
CE_PAWNWEAKNESSES:0.4955644345516172
CE_PIECEACTIVITY:0.5120317900186606
CE_KINGPAWNSHIELD:0.49580599118022023
CE_PIECECOORDINATION:0.5158117573229041
CE_MATERIAL:0.5
CE_KINGSAFETY:0.4958753724428259
C_PIECESQUARETABLES:0.5346921818059626
C_MOBILITY:0.5118822344397745
C_KINGSAFETY:0.5122159872438957
C_PAWNSTRUCTURE:0.5071096625771436
C_PIECECOORDINATION:0.5099860594431462
C_ROOKANDPAWNMOVEMENT:0.5099860594431462
C_CENTERCONTROL:0.4759363755316335
C_DEVELOPPIECES:0.5030410910939745
C_MATERIAL:0.4940472400416585
C_MOVECOUNT:0.5
