ELO:1044
CE_PASSEDPAWNS:0.5074966970800562
CE_PAWNWEAKNESSES:0.5022537423975567
CE_PIECEACTIVITY:0.4950759149829468
CE_KINGPAWNSHIELD:0.5030268908795228
CE_PIECECOORDINATION:0.5031163349370524
CE_MATERIAL:0.4809255569441087
CE_KINGSAFETY:0.4774414224398658
C_PIECESQUARETABLES:0.4752620083417389
C_MOBILITY:0.49036372480730334
C_KINGSAFETY:0.5039057386516407
C_PAWNSTRUCTURE:0.5085328306194568
C_PIECECOORDINATION:0.5
C_ROOKANDPAWNMOVEMENT:0.5
C_CENTERCONTROL:0.4907161317278509
C_DEVELOPPIECES:0.5151180158048543
C_MATERIAL:0.4838007594879985
C_MOVECOUNT:0.5
