ELO:1089
CE_PASSEDPAWNS:0.5074383668334821
CE_PAWNWEAKNESSES:0.4842631040916708
CE_PIECEACTIVITY:0.5093018100212628
CE_KINGPAWNSHIELD:0.4957494380202444
CE_PIECECOORDINATION:0.5063329275755295
CE_MATERIAL:0.4936647227553223
CE_KINGSAFETY:0.5
C_PIECESQUARETABLES:0.5
C_MOBILITY:0.5187970841356156
C_KINGSAFETY:0.5038692944332201
C_PAWNSTRUCTURE:0.5248539856510998
C_PIECECOORDINATION:0.5201293915503789
C_ROOK:0.496266584649756
CE_ROOK:0.47873097011169324
C_CENTERCONTROL:0.5
C_DEVELOPPIECES:0.48897099722680787
C_MATERIAL:0.48814307046272054
C_MOVECOUNT:0.49117731403886083
C_PAWNMOVEMENT:0.4590675100239037
