ELO:875
CE_PASSEDPAWNS:0.46994197776490154
CE_PAWNWEAKNESSES:0.4686412426936337
CE_PIECEACTIVITY:0.49012782158105
CE_KINGPAWNSHIELD:0.5183523085934614
CE_PIECECOORDINATION:0.374788650973334
CE_MATERIAL:0.46989460958390594
CE_KINGSAFETY:0.4904556239558736
C_PIECESQUARETABLES:0.5042869731594757
C_MOBILITY:0.45114277152883814
C_KINGSAFETY:0.5984708387552441
C_PAWNSTRUCTURE:0.45877719317648064
C_PIECECOORDINATION:0.45195930828100267
C_ROOKANDPAWNMOVEMENT:0.45195930828100267
C_CENTERCONTROL:0.44578204357230866
C_DEVELOPPIECES:0.4020341760926714
C_MATERIAL:0.38690368988073753
