ELO:986
CE_PASSEDPAWNS:0.4979797585875339
CE_PAWNWEAKNESSES:0.5105394307094786
CE_PIECEACTIVITY:0.5543215688445811
CE_KINGPAWNSHIELD:0.5081602692650284
CE_PIECECOORDINATION:0.49969885853736506
CE_MATERIAL:0.5005873939086712
CE_KINGSAFETY:0.512206824714126
C_PIECESQUARETABLES:0.5024193674962798
C_MOBILITY:0.49624047387057707
C_KINGSAFETY:0.5
C_PAWNSTRUCTURE:0.48362694965712044
C_PIECECOORDINATION:0.5079407684560299
C_ROOKANDPAWNMOVEMENT:0.5079407684560299
C_CENTERCONTROL:0.4784761308218375
C_DEVELOPPIECES:0.47601526694580565
C_MATERIAL:0.48992419487483296
C_MOVECOUNT:0.5
