ELO:912
CE_PASSEDPAWNS:0.5143955723895259
CE_PAWNWEAKNESSES:0.5723509085764202
CE_PIECEACTIVITY:0.5345454627235495
CE_KINGPAWNSHIELD:0.4286338307332412
CE_PIECECOORDINATION:0.4450935606286911
CE_MATERIAL:0.43201882703881
CE_KINGSAFETY:0.4722785083224945
C_PIECESQUARETABLES:0.4835993630612082
C_MOBILITY:0.5218696429365094
C_KINGSAFETY:0.5076655546718208
C_PAWNSTRUCTURE:0.5619269372716553
C_PIECECOORDINATION:0.6116573643624368
C_ROOKANDPAWNMOVEMENT:0.6116573643624368
C_CENTERCONTROL:0.5253129565058349
C_DEVELOPPIECES:0.4535622641079353
C_MATERIAL:0.5226510900950924
