ELO:873
CE_PASSEDPAWNS:0.47835069630117155
CE_PAWNWEAKNESSES:0.4535766383890582
CE_PIECEACTIVITY:0.4640752774538323
CE_KINGPAWNSHIELD:0.5309455798558941
CE_PIECECOORDINATION:0.3812859407987366
CE_MATERIAL:0.4742724915518617
CE_KINGSAFETY:0.5068175971695861
C_PIECESQUARETABLES:0.5
C_MOBILITY:0.4498906097361746
C_KINGSAFETY:0.5805484619396956
C_PAWNSTRUCTURE:0.45675159448907693
C_PIECECOORDINATION:0.4722009420741929
C_ROOKANDPAWNMOVEMENT:0.4722009420741929
C_CENTERCONTROL:0.44149096187072834
C_DEVELOPPIECES:0.3948691097645231
C_MATERIAL:0.40769531640460505
