ELO:1024
CE_PASSEDPAWNS:0.4980386928840294
CE_PAWNWEAKNESSES:0.5
CE_PIECEACTIVITY:0.5
CE_KINGPAWNSHIELD:0.5
CE_PIECECOORDINATION:0.5
CE_MATERIAL:0.5
CE_KINGSAFETY:0.5
C_PIECESQUARETABLES:0.4937839308287488
C_MOBILITY:0.5
C_KINGSAFETY:0.5021593218767326
C_PAWNSTRUCTURE:0.4895663260108461
C_PIECECOORDINATION:0.5040345650152048
C_ROOKANDPAWNMOVEMENT:0.5040345650152048
C_CENTERCONTROL:0.5101909520081935
C_DEVELOPPIECES:0.5036780987023488
C_MATERIAL:0.5
