ELO:918
CE_PASSEDPAWNS:0.482148008134203
CE_PAWNWEAKNESSES:0.4827411042645738
CE_PIECEACTIVITY:0.5126620987360422
CE_KINGPAWNSHIELD:0.5172078516135653
CE_PIECECOORDINATION:0.5045012017156983
CE_MATERIAL:0.4961600562721587
CE_KINGSAFETY:0.5102074263308519
C_PIECESQUARETABLES:0.4788422015813863
C_MOBILITY:0.48909001349131165
C_KINGSAFETY:0.4956819640117732
C_PAWNSTRUCTURE:0.5066222556382066
C_PIECECOORDINATION:0.49454185492795827
C_ROOK:0.5354312905870463
CE_ROOK:0.4761702341321007
C_CENTERCONTROL:0.4743079330152384
C_DEVELOPPIECES:0.5283817408501563
C_MATERIAL:0.49897267697488773
C_MOVECOUNT:0.4699803087756322
C_PAWNMOVEMENT:0.5245896227318558
