ELO:965
CE_PASSEDPAWNS:0.48934254646550307
CE_PAWNWEAKNESSES:0.5049273364739296
CE_PIECEACTIVITY:0.4824030327466401
CE_KINGPAWNSHIELD:0.4998803372535719
CE_PIECECOORDINATION:0.5031448170033985
CE_MATERIAL:0.5117604953847096
CE_KINGSAFETY:0.5
C_PIECESQUARETABLES:0.5
C_MOBILITY:0.5192460842639623
C_KINGSAFETY:0.5088134204832148
C_PAWNSTRUCTURE:0.4902278163290306
C_PIECECOORDINATION:0.47106569274176135
C_ROOKANDPAWNMOVEMENT:0.47106569274176135
C_CENTERCONTROL:0.529863800614838
C_DEVELOPPIECES:0.49295881428126476
C_MATERIAL:0.511209678773965
C_MOVECOUNT:0.5040926906258265
