ELO:991
CE_PASSEDPAWNS:0.5052886360677697
CE_PAWNWEAKNESSES:0.45041003901184495
CE_PIECEACTIVITY:0.537968765751028
CE_KINGPAWNSHIELD:0.5315766220285864
CE_PIECECOORDINATION:0.5706869060978339
CE_MATERIAL:0.46513841447757687
CE_KINGSAFETY:0.5158733572263843
C_PIECESQUARETABLES:0.5388827014892574
C_MOBILITY:0.521926674856101
C_KINGSAFETY:0.5667910269825488
C_PAWNSTRUCTURE:0.46844993090424786
C_PIECECOORDINATION:0.6186716169593358
C_ROOKANDPAWNMOVEMENT:0.6186716169593358
C_CENTERCONTROL:0.45783728369310167
C_DEVELOPPIECES:0.49370311116552656
C_MATERIAL:0.48574140611530187
