ELO:913
CE_PASSEDPAWNS:0.4881333599817275
CE_PAWNWEAKNESSES:0.5568508242521102
CE_PIECEACTIVITY:0.49969025836565495
CE_KINGPAWNSHIELD:0.4058730744010174
CE_PIECECOORDINATION:0.46378848022897945
CE_MATERIAL:0.4135244804352271
CE_KINGSAFETY:0.5144918621971808
C_PIECESQUARETABLES:0.5097866362963782
C_MOBILITY:0.5144660454836008
C_KINGSAFETY:0.4776287351419465
C_PAWNSTRUCTURE:0.5531597668636281
C_PIECECOORDINATION:0.6019966883397814
C_ROOKANDPAWNMOVEMENT:0.6019966883397814
C_CENTERCONTROL:0.5017500984419687
C_DEVELOPPIECES:0.451915742318504
C_MATERIAL:0.471257117327941
