ELO:905
CE_PASSEDPAWNS:0.521798952851551
CE_PAWNWEAKNESSES:0.5217386453229275
CE_PIECEACTIVITY:0.44640989261030867
CE_KINGPAWNSHIELD:0.49967591649641385
CE_PIECECOORDINATION:0.4783791849324531
CE_MATERIAL:0.4656912664459876
CE_KINGSAFETY:0.4916233363414912
C_PIECESQUARETABLES:0.5240953012353624
C_MOBILITY:0.4689135747257691
C_KINGSAFETY:0.4812419394254805
C_PAWNSTRUCTURE:0.4734383699081204
C_PIECECOORDINATION:0.5059743930418332
C_ROOKANDPAWNMOVEMENT:0.5059743930418332
C_CENTERCONTROL:0.4652501473579715
C_DEVELOPPIECES:0.5310042712195219
C_MATERIAL:0.4967362043908015
C_MOVECOUNT:0.5126638939857279
