ELO:1070
CE_PASSEDPAWNS:0.49244450137678064
CE_PAWNWEAKNESSES:0.46158925539644685
CE_PIECEACTIVITY:0.482986077960694
CE_KINGPAWNSHIELD:0.48875468384227955
CE_PIECECOORDINATION:0.4889165545014354
CE_MATERIAL:0.5000466357657618
CE_KINGSAFETY:0.5
C_PIECESQUARETABLES:0.5
C_MOBILITY:0.5170970209675061
C_KINGSAFETY:0.49780795929225014
C_PAWNSTRUCTURE:0.48144421506551865
C_PIECECOORDINATION:0.5153302482226951
C_ROOK:0.4904586565037176
CE_ROOK:0.4922410822318803
C_CENTERCONTROL:0.4824005627424918
C_DEVELOPPIECES:0.5036271228063328
C_MATERIAL:0.4694591356605998
C_MOVECOUNT:0.4805938206986978
C_PAWNMOVEMENT:0.5180565328160587
