ELO:766
CE_PASSEDPAWNS:0.3904884255356675
CE_PAWNWEAKNESSES:0.46716790876672887
CE_PIECEACTIVITY:0.5007051750567879
CE_KINGPAWNSHIELD:0.4755007513311886
CE_PIECECOORDINATION:0.5443716319902916
CE_MATERIAL:0.5524828139717061
CE_KINGSAFETY:0.5
C_PIECESQUARETABLES:0.4823327525782897
C_MOBILITY:0.5021556670968964
C_KINGSAFETY:0.5039600026758206
C_PAWNSTRUCTURE:0.4036049306339448
C_PIECECOORDINATION:0.48513759914557997
C_ROOKANDPAWNMOVEMENT:0.48513759914557997
C_CENTERCONTROL:0.3851366227410927
C_DEVELOPPIECES:0.45937236825028627
C_MATERIAL:0.5518013221646133
C_MOVECOUNT:0.5148752644353762
