ELO:982
CE_PASSEDPAWNS:0.47856440625977464
CE_PAWNWEAKNESSES:0.4936029008208802
CE_PIECEACTIVITY:0.5214975956571369
CE_KINGPAWNSHIELD:0.5029965200912114
CE_PIECECOORDINATION:0.4996798666541256
CE_MATERIAL:0.49000242255069637
CE_KINGSAFETY:0.5
C_PIECESQUARETABLES:0.5075270189099004
C_MOBILITY:0.5173067464474274
C_KINGSAFETY:0.4906377679001728
C_PAWNSTRUCTURE:0.4946975144128195
C_PIECECOORDINATION:0.4822632994480858
C_ROOKANDPAWNMOVEMENT:0.4822632994480858
C_CENTERCONTROL:0.5195560489478136
C_DEVELOPPIECES:0.49351454748994095
C_MATERIAL:0.5064371512409938
C_MOVECOUNT:0.524934791059172
