ELO:974
CE_PASSEDPAWNS:0.5293747811924485
CE_PAWNWEAKNESSES:0.5688513104181301
CE_PIECEACTIVITY:0.5635973989424172
CE_KINGPAWNSHIELD:0.4391886692457817
CE_PIECECOORDINATION:0.47328826091153187
CE_MATERIAL:0.44129113298849226
CE_KINGSAFETY:0.530047476379767
C_PIECESQUARETABLES:0.4860562533678359
C_MOBILITY:0.522473871136221
C_KINGSAFETY:0.5120390186151168
C_PAWNSTRUCTURE:0.5238534891511876
C_PIECECOORDINATION:0.567021394482236
C_ROOKANDPAWNMOVEMENT:0.567021394482236
C_CENTERCONTROL:0.4958020864427139
C_DEVELOPPIECES:0.43660902781759275
C_MATERIAL:0.48739322858188794
