ELO:1022
CE_PASSEDPAWNS:0.48892160074447155
CE_PAWNWEAKNESSES:0.4759714958667267
CE_PIECEACTIVITY:0.5
CE_KINGPAWNSHIELD:0.4900217363729191
CE_PIECECOORDINATION:0.4539746954680025
CE_MATERIAL:0.4822439846405513
CE_KINGSAFETY:0.4875891356501876
C_PIECESQUARETABLES:0.5
C_MOBILITY:0.49036372480730334
C_KINGSAFETY:0.5252171715570149
C_PAWNSTRUCTURE:0.5402429035349409
C_PIECECOORDINATION:0.519578859176761
C_ROOKANDPAWNMOVEMENT:0.519578859176761
C_CENTERCONTROL:0.45898287082601785
C_DEVELOPPIECES:0.5030104506744931
C_MATERIAL:0.5222519657452552
C_MOVECOUNT:0.5
