ELO:913
CE_PASSEDPAWNS:0.480543513037647
CE_PAWNWEAKNESSES:0.5470748259483379
CE_PIECEACTIVITY:0.5106093257166346
CE_KINGPAWNSHIELD:0.4058730744010174
CE_PIECECOORDINATION:0.45682288392649395
CE_MATERIAL:0.4159117477391358
CE_KINGSAFETY:0.5144918621971808
C_PIECESQUARETABLES:0.5097866362963782
C_MOBILITY:0.5059199846783691
C_KINGSAFETY:0.4776287351419465
C_PAWNSTRUCTURE:0.5531597668636281
C_PIECECOORDINATION:0.585685715001945
C_ROOKANDPAWNMOVEMENT:0.585685715001945
C_CENTERCONTROL:0.5017500984419687
C_DEVELOPPIECES:0.451915742318504
C_MATERIAL:0.471257117327941
