ELO:1045
CE_PASSEDPAWNS:0.5
CE_PAWNWEAKNESSES:0.5
CE_PIECEACTIVITY:0.5
CE_KINGPAWNSHIELD:0.5
CE_PIECECOORDINATION:0.5
CE_MATERIAL:0.5
CE_KINGSAFETY:0.5
C_PIECESQUARETABLES:0.5
C_MOBILITY:0.5
C_KINGSAFETY:0.5
C_PAWNSTRUCTURE:0.4952197972148292
C_PIECECOORDINATION:0.5048135912601344
C_ROOKANDPAWNMOVEMENT:0.5048135912601344
C_CENTERCONTROL:0.5
C_DEVELOPPIECES:0.4893030379738053
C_MATERIAL:0.5
