ELO:981
CE_PASSEDPAWNS:0.47856440625977464
CE_PAWNWEAKNESSES:0.4936029008208802
CE_PIECEACTIVITY:0.5214975956571369
CE_KINGPAWNSHIELD:0.5029965200912114
CE_PIECECOORDINATION:0.4996798666541256
CE_MATERIAL:0.48353137201879187
CE_KINGSAFETY:0.5
C_PIECESQUARETABLES:0.5091510675709131
C_MOBILITY:0.511837306981753
C_KINGSAFETY:0.5014934867556707
C_PAWNSTRUCTURE:0.4946975144128195
C_PIECECOORDINATION:0.4829650806536252
C_ROOKANDPAWNMOVEMENT:0.4829650806536252
C_CENTERCONTROL:0.5195560489478136
C_DEVELOPPIECES:0.49351454748994095
C_MATERIAL:0.5029490894126952
C_MOVECOUNT:0.5150517951776686
