ELO:968
CE_PASSEDPAWNS:0.48934254646550307
CE_PAWNWEAKNESSES:0.50280997112524
CE_PIECEACTIVITY:0.5015766506927027
CE_KINGPAWNSHIELD:0.5099344487256889
CE_PIECECOORDINATION:0.4922736224714365
CE_MATERIAL:0.4907578379097069
CE_KINGSAFETY:0.5
C_PIECESQUARETABLES:0.5
C_MOBILITY:0.511837306981753
C_KINGSAFETY:0.5126663515502511
C_PAWNSTRUCTURE:0.4946975144128195
C_PIECECOORDINATION:0.47106569274176135
C_ROOKANDPAWNMOVEMENT:0.47106569274176135
C_CENTERCONTROL:0.5152442261260815
C_DEVELOPPIECES:0.4962399649696992
C_MATERIAL:0.5147419142887709
C_MOVECOUNT:0.509011736807289
