ELO:1000
CE_PASSEDPAWNS:0.5012910947804291
CE_PAWNWEAKNESSES:0.5098226718066606
CE_PIECEACTIVITY:0.5003521636107839
CE_KINGPAWNSHIELD:0.4763732725240209
CE_PIECECOORDINATION:0.48453263899127935
CE_MATERIAL:0.47208101684577186
CE_KINGSAFETY:0.49333953328621916
C_PIECESQUARETABLES:0.4942802127665913
C_MOBILITY:0.48968800549535096
C_KINGSAFETY:0.5261228918871587
C_PAWNSTRUCTURE:0.4851639984890763
C_PIECECOORDINATION:0.5122431900776085
C_ROOKANDPAWNMOVEMENT:0.5122431900776085
C_CENTERCONTROL:0.5021650592416794
C_DEVELOPPIECES:0.5012582534573417
C_MATERIAL:0.4929766505332683
