ELO:1018
CE_PASSEDPAWNS:0.495523988799113
CE_PAWNWEAKNESSES:0.49328769113621185
CE_PIECEACTIVITY:0.4995448397704736
CE_KINGPAWNSHIELD:0.511583631151498
CE_PIECECOORDINATION:0.5009427473807805
CE_MATERIAL:0.5061820749371356
CE_KINGSAFETY:0.5
C_PIECESQUARETABLES:0.5
C_MOBILITY:0.4776585041944293
C_KINGSAFETY:0.5274145874128625
C_PAWNSTRUCTURE:0.5
C_PIECECOORDINATION:0.5073957799051089
C_ROOK:0.5004133077934859
CE_ROOK:0.49673367576485283
C_CENTERCONTROL:0.4730754320533753
C_DEVELOPPIECES:0.4916948392912236
C_MATERIAL:0.4807570501704355
C_MOVECOUNT:0.50531080806715
C_PAWNMOVEMENT:0.5215337603030898
