ELO:945
CE_PASSEDPAWNS:0.495079539428348
CE_PAWNWEAKNESSES:0.49999036376256784
CE_PIECEACTIVITY:0.5598768320167095
CE_KINGPAWNSHIELD:0.5197121780967773
CE_PIECECOORDINATION:0.4817147474577247
CE_MATERIAL:0.4919934634511618
CE_KINGSAFETY:0.49531071150006944
C_PIECESQUARETABLES:0.4898165224880368
C_MOBILITY:0.5192452656527806
C_KINGSAFETY:0.48561915753548746
C_PAWNSTRUCTURE:0.46720455233047475
C_PIECECOORDINATION:0.46318079832843956
C_ROOKANDPAWNMOVEMENT:0.46318079832843956
C_CENTERCONTROL:0.5240101526973129
C_DEVELOPPIECES:0.5235314591737246
C_MATERIAL:0.4903417962896191
C_MOVECOUNT:0.5
