ELO:956
CE_PASSEDPAWNS:0.5020389508254439
CE_PAWNWEAKNESSES:0.4565053312218543
CE_PIECEACTIVITY:0.5200585828367169
CE_KINGPAWNSHIELD:0.5462325520544283
CE_PIECECOORDINATION:0.5474473712044508
CE_MATERIAL:0.47620791627158937
CE_KINGSAFETY:0.5
C_PIECESQUARETABLES:0.5116517563238652
C_MOBILITY:0.479732292167643
C_KINGSAFETY:0.5297073949040444
C_PAWNSTRUCTURE:0.5094260071384286
C_PIECECOORDINATION:0.6379817574643419
C_ROOKANDPAWNMOVEMENT:0.6379817574643419
C_CENTERCONTROL:0.4394933836601436
C_DEVELOPPIECES:0.4805152598342818
C_MATERIAL:0.475526111725537
