ELO:988
CE_PASSEDPAWNS:0.5340501537378634
CE_PAWNWEAKNESSES:0.5571907636009831
CE_PIECEACTIVITY:0.5484839333590811
CE_KINGPAWNSHIELD:0.44425775240596244
CE_PIECECOORDINATION:0.5004160276685827
CE_MATERIAL:0.4294265297153134
CE_KINGSAFETY:0.5362296200913887
C_PIECESQUARETABLES:0.4862156891220283
C_MOBILITY:0.5087227947216222
C_KINGSAFETY:0.514731916797333
C_PAWNSTRUCTURE:0.5044022728051636
C_PIECECOORDINATION:0.5640868413333886
C_ROOKANDPAWNMOVEMENT:0.5640868413333886
C_CENTERCONTROL:0.47832684551032384
C_DEVELOPPIECES:0.4436312631171167
C_MATERIAL:0.47959728776744504
