ELO:744
CE_PASSEDPAWNS:0.4947649498773263
CE_PAWNWEAKNESSES:0.432217822503815
CE_PIECEACTIVITY:0.5326513708048739
CE_KINGPAWNSHIELD:0.4623887378549226
CE_PIECECOORDINATION:0.5874756803016051
CE_MATERIAL:0.5518674781753886
CE_KINGSAFETY:0.5380426128541022
C_PIECESQUARETABLES:0.5348214575279578
C_MOBILITY:0.48379478324643327
C_KINGSAFETY:0.4941450257668919
C_PAWNSTRUCTURE:0.4117113766239195
C_PIECECOORDINATION:0.4786455954573076
C_ROOKANDPAWNMOVEMENT:0.4786455954573076
C_CENTERCONTROL:0.3752503496888525
C_DEVELOPPIECES:0.4534972132732006
C_MATERIAL:0.571860540636983
C_MOVECOUNT:0.5387629233211798
