ELO:856
CE_PASSEDPAWNS:0.5114802944035318
CE_PAWNWEAKNESSES:0.5347244588140654
CE_PIECEACTIVITY:0.45077275244104265
CE_KINGPAWNSHIELD:0.5113705243725298
CE_PIECECOORDINATION:0.4888606283286912
CE_MATERIAL:0.4494887885951888
CE_KINGSAFETY:0.5027653078416512
C_PIECESQUARETABLES:0.5107241736182587
C_MOBILITY:0.4647344289635754
C_KINGSAFETY:0.46068570045382823
C_PAWNSTRUCTURE:0.45357825026159715
C_PIECECOORDINATION:0.5124266518536238
C_ROOKANDPAWNMOVEMENT:0.5124266518536238
C_CENTERCONTROL:0.4777091700877877
C_DEVELOPPIECES:0.5264193659242287
C_MATERIAL:0.4942213668613424
C_MOVECOUNT:0.5226849117394841
