ELO:945
CE_PASSEDPAWNS:0.4955656020370992
CE_PAWNWEAKNESSES:0.49707127148060515
CE_PIECEACTIVITY:0.49115086925059037
CE_KINGPAWNSHIELD:0.5090319691928253
CE_PIECECOORDINATION:0.4616151593193112
CE_MATERIAL:0.5231914648524867
CE_KINGSAFETY:0.5019088026078669
C_PIECESQUARETABLES:0.5180149951770371
C_MOBILITY:0.4905736955207972
C_KINGSAFETY:0.518168953533149
C_PAWNSTRUCTURE:0.4992869548234823
C_PIECECOORDINATION:0.5229333376385868
C_ROOKANDPAWNMOVEMENT:0.5229333376385868
C_CENTERCONTROL:0.5029752995411366
C_DEVELOPPIECES:0.49793798426463304
C_MATERIAL:0.5070331510262317
C_MOVECOUNT:0.5
