ELO:888
CE_PASSEDPAWNS:0.4837633018718885
CE_PAWNWEAKNESSES:0.5197016327407542
CE_PIECEACTIVITY:0.4394512677694051
CE_KINGPAWNSHIELD:0.5358982216860275
CE_PIECECOORDINATION:0.5178914232868786
CE_MATERIAL:0.5935132120084441
CE_KINGSAFETY:0.4927255917103004
C_PIECESQUARETABLES:0.5007327476365798
C_MOBILITY:0.47124379994365895
C_KINGSAFETY:0.47472776641076764
C_PAWNSTRUCTURE:0.49115239141165884
C_PIECECOORDINATION:0.49862992313981525
C_ROOKANDPAWNMOVEMENT:0.49862992313981525
C_CENTERCONTROL:0.5263459270312022
C_DEVELOPPIECES:0.5449298703978782
C_MATERIAL:0.5186160092353906
C_MOVECOUNT:0.5234219247932971
