ELO:1023
CE_PASSEDPAWNS:0.5050394182539062
CE_PAWNWEAKNESSES:0.5062148070513521
CE_PIECEACTIVITY:0.5001184731529964
CE_KINGPAWNSHIELD:0.49340419565228605
CE_PIECECOORDINATION:0.49430285223111053
CE_MATERIAL:0.4973935313449334
CE_KINGSAFETY:0.5
C_PIECESQUARETABLES:0.5
C_MOBILITY:0.48006838900228577
C_KINGSAFETY:0.49512438219131044
C_PAWNSTRUCTURE:0.5075185063832203
C_PIECECOORDINATION:0.4963822558369076
C_ROOK:0.4836700366402897
CE_ROOK:0.49562898093476404
C_CENTERCONTROL:0.4942392508123762
C_DEVELOPPIECES:0.5060077969376983
C_MATERIAL:0.5040951526397477
C_MOVECOUNT:0.49742331114217486
C_PAWNMOVEMENT:0.48865193306221777
