ELO:864
CE_PASSEDPAWNS:0.494789339793775
CE_PAWNWEAKNESSES:0.5236203701308869
CE_PIECEACTIVITY:0.4565427973245207
CE_KINGPAWNSHIELD:0.538374758236062
CE_PIECECOORDINATION:0.5319511419091429
CE_MATERIAL:0.5871911179099026
CE_KINGSAFETY:0.49982884525627874
C_PIECESQUARETABLES:0.49728622295027114
C_MOBILITY:0.4632354407359121
C_KINGSAFETY:0.5019819033558361
C_PAWNSTRUCTURE:0.5024229496561003
C_PIECECOORDINATION:0.475486623040473
C_ROOKANDPAWNMOVEMENT:0.475486623040473
C_CENTERCONTROL:0.5523616534802197
C_DEVELOPPIECES:0.5402571222671239
C_MATERIAL:0.5161562671669864
C_MOVECOUNT:0.528720123673483
