ELO:1074
CE_PASSEDPAWNS:0.5086078626992011
CE_PAWNWEAKNESSES:0.506642754522303
CE_PIECEACTIVITY:0.5
CE_KINGPAWNSHIELD:0.5
CE_PIECECOORDINATION:0.503640349052995
CE_MATERIAL:0.4981089047036181
CE_KINGSAFETY:0.5
C_PIECESQUARETABLES:0.5
C_MOBILITY:0.5167331414723906
C_KINGSAFETY:0.48597921413543727
C_PAWNSTRUCTURE:0.500906228312213
C_PIECECOORDINATION:0.5201293915503789
C_ROOK:0.5081075040794762
CE_ROOK:0.49339661021007886
C_CENTERCONTROL:0.5002605612675087
C_DEVELOPPIECES:0.5127138055121028
C_MATERIAL:0.4797243308268542
C_MOVECOUNT:0.48987931154882625
C_PAWNMOVEMENT:0.5
