ELO:944
CE_PASSEDPAWNS:0.4779115332549279
CE_PAWNWEAKNESSES:0.5084168466600859
CE_PIECEACTIVITY:0.4834860740315448
CE_KINGPAWNSHIELD:0.49512729890588886
CE_PIECECOORDINATION:0.5066329170686138
CE_MATERIAL:0.5002857426234594
CE_KINGSAFETY:0.5
C_PIECESQUARETABLES:0.5137357408760045
C_MOBILITY:0.5066216417818991
C_KINGSAFETY:0.5173953249541755
C_PAWNSTRUCTURE:0.4902278163290306
C_PIECECOORDINATION:0.46832384268006905
C_ROOKANDPAWNMOVEMENT:0.46832384268006905
C_CENTERCONTROL:0.52722972728347
C_DEVELOPPIECES:0.5031537967488635
C_MATERIAL:0.5018648603919104
C_MOVECOUNT:0.4922387906479122
