ELO:988
CE_PASSEDPAWNS:0.5009707643215099
CE_PAWNWEAKNESSES:0.449797993692256
CE_PIECEACTIVITY:0.5337475160581472
CE_KINGPAWNSHIELD:0.5589457383102298
CE_PIECECOORDINATION:0.5686674728977033
CE_MATERIAL:0.45440927535430004
CE_KINGSAFETY:0.5069864604174471
C_PIECESQUARETABLES:0.5482249913343944
C_MOBILITY:0.5033632749244263
C_KINGSAFETY:0.5655763470571598
C_PAWNSTRUCTURE:0.46656113111198644
C_PIECECOORDINATION:0.606038463906543
C_ROOKANDPAWNMOVEMENT:0.606038463906543
C_CENTERCONTROL:0.4200194615929479
C_DEVELOPPIECES:0.4972340282323517
C_MATERIAL:0.4911053264515442
