ELO:1121
CE_PASSEDPAWNS:0.4253238607570451
CE_PAWNWEAKNESSES:0.4975374864161317
CE_PIECEACTIVITY:0.46303614837763163
CE_KINGPAWNSHIELD:0.4556865434820136
CE_PIECECOORDINATION:0.4934458440126612
CE_MATERIAL:0.39783305558335186
CE_KINGSAFETY:0.5
C_PIECESQUARETABLES:0.5
C_MOBILITY:0.4455170774255024
C_KINGSAFETY:0.5093050760909187
C_PAWNSTRUCTURE:0.39160459948722953
C_PIECECOORDINATION:0.4814445428932465
C_ROOKANDPAWNMOVEMENT:0.4814445428932465
C_CENTERCONTROL:0.4971758326519334
C_DEVELOPPIECES:0.588570348264116
C_MATERIAL:0.4063918105112338
