ELO:940
CE_PASSEDPAWNS:0.49212805208927096
CE_PAWNWEAKNESSES:0.6090991825098246
CE_PIECEACTIVITY:0.4798843258999772
CE_KINGPAWNSHIELD:0.4667380754018055
CE_PIECECOORDINATION:0.45082103250876915
CE_MATERIAL:0.5107802829042556
CE_KINGSAFETY:0.4643297424686571
C_PIECESQUARETABLES:0.5128036521289899
C_MOBILITY:0.3516861000799293
C_KINGSAFETY:0.4566997121178608
C_PAWNSTRUCTURE:0.5427019401096688
C_PIECECOORDINATION:0.4297490066318144
C_ROOKANDPAWNMOVEMENT:0.4297490066318144
C_CENTERCONTROL:0.5332419058968564
C_DEVELOPPIECES:0.41500873098329055
C_MATERIAL:0.5662707290747718
