ELO:912
CE_PASSEDPAWNS:0.491991197908715
CE_PAWNWEAKNESSES:0.5581598359900874
CE_PIECEACTIVITY:0.5235320585489937
CE_KINGPAWNSHIELD:0.41684678763790484
CE_PIECECOORDINATION:0.4373110128586426
CE_MATERIAL:0.41773080393254264
CE_KINGSAFETY:0.48717852316360977
C_PIECESQUARETABLES:0.4794860395895294
C_MOBILITY:0.5036662517011876
C_KINGSAFETY:0.48566949697392237
C_PAWNSTRUCTURE:0.5399665101783716
C_PIECECOORDINATION:0.6087772971385316
C_ROOKANDPAWNMOVEMENT:0.6087772971385316
C_CENTERCONTROL:0.5086171860424488
C_DEVELOPPIECES:0.45199590961789776
C_MATERIAL:0.5239249676954192
