ELO:996
CE_PASSEDPAWNS:0.5183426270832615
CE_PAWNWEAKNESSES:0.5007823580873638
CE_PIECEACTIVITY:0.5313075154750717
CE_KINGPAWNSHIELD:0.5223091071042263
CE_PIECECOORDINATION:0.5273503149869337
CE_MATERIAL:0.4750294068730688
CE_KINGSAFETY:0.5
C_PIECESQUARETABLES:0.5
C_MOBILITY:0.5039914218878431
C_KINGSAFETY:0.5178239702295742
C_PAWNSTRUCTURE:0.5051633508204377
C_PIECECOORDINATION:0.5
C_ROOK:0.4928266083733946
CE_ROOK:0.5437560133778188
C_CENTERCONTROL:0.5025822292455111
C_DEVELOPPIECES:0.5010440137727993
C_MATERIAL:0.4898058172239515
C_MOVECOUNT:0.4989213143691052
C_PAWNMOVEMENT:0.5079621491419254
