ELO:984
CE_PASSEDPAWNS:0.5059130381642365
CE_PAWNWEAKNESSES:0.5
CE_PIECEACTIVITY:0.5015030871585856
CE_KINGPAWNSHIELD:0.5
CE_PIECECOORDINATION:0.5098556610082237
CE_MATERIAL:0.5051951082107953
CE_KINGSAFETY:0.5
C_PIECESQUARETABLES:0.5031938534027197
C_MOBILITY:0.4878473154979429
C_KINGSAFETY:0.4848836136804627
C_PAWNSTRUCTURE:0.505420591664519
C_PIECECOORDINATION:0.5122250316125077
C_ROOKANDPAWNMOVEMENT:0.5122250316125077
C_CENTERCONTROL:0.4971864803124216
C_DEVELOPPIECES:0.5139652864428793
C_MATERIAL:0.4927785125765953
