ELO:1007
CE_PASSEDPAWNS:0.5291508416340409
CE_PAWNWEAKNESSES:0.49127071991486265
CE_PIECEACTIVITY:0.5313075154750717
CE_KINGPAWNSHIELD:0.49403016667108346
CE_PIECECOORDINATION:0.5273503149869337
CE_MATERIAL:0.4750294068730688
CE_KINGSAFETY:0.5
C_PIECESQUARETABLES:0.5
C_MOBILITY:0.4967337857073545
C_KINGSAFETY:0.5178239702295742
C_PAWNSTRUCTURE:0.493800168567377
C_PIECECOORDINATION:0.48625320977165704
C_ROOK:0.4650633174525654
CE_ROOK:0.5057558812501163
C_CENTERCONTROL:0.5107528248670821
C_DEVELOPPIECES:0.5136122327187768
C_MATERIAL:0.4898058172239515
C_MOVECOUNT:0.5108590832348949
C_PAWNMOVEMENT:0.5079621491419254
