ELO:978
CE_PASSEDPAWNS:0.4756413626410947
CE_PAWNWEAKNESSES:0.5
CE_PIECEACTIVITY:0.5114579296936037
CE_KINGPAWNSHIELD:0.5081651213981292
CE_PIECECOORDINATION:0.48862355753951575
CE_MATERIAL:0.5
CE_KINGSAFETY:0.5
C_PIECESQUARETABLES:0.5009871535831352
C_MOBILITY:0.504506722814027
C_KINGSAFETY:0.5075093536722749
C_PAWNSTRUCTURE:0.48801361704198365
C_PIECECOORDINATION:0.48782130472982743
C_ROOKANDPAWNMOVEMENT:0.48782130472982743
C_CENTERCONTROL:0.5079146139917747
C_DEVELOPPIECES:0.5092153126430833
C_MATERIAL:0.5056677561933979
C_MOVECOUNT:0.5074286337973103
