ELO:675
CE_PASSEDPAWNS:0.41849417579449283
CE_PAWNWEAKNESSES:0.4604347206738839
CE_PIECEACTIVITY:0.5317750405085145
CE_KINGPAWNSHIELD:0.5120542376100462
CE_PIECECOORDINATION:0.48378487667133097
CE_MATERIAL:0.37139699061599785
CE_KINGSAFETY:0.5030519191509332
C_PIECESQUARETABLES:0.5093945100171757
C_MOBILITY:0.49106179835623653
C_KINGSAFETY:0.5698681495124717
C_PAWNSTRUCTURE:0.5541868244357835
C_PIECECOORDINATION:0.5193256674063237
C_ROOKANDPAWNMOVEMENT:0.5193256674063237
C_CENTERCONTROL:0.4844359392805194
C_DEVELOPPIECES:0.5979702743790039
C_MATERIAL:0.48602526970609927
C_MOVECOUNT:0.5
