ELO:1073
CE_PASSEDPAWNS:0.4575949883343276
CE_PAWNWEAKNESSES:0.5363286875609813
CE_PIECEACTIVITY:0.4249411783250235
CE_KINGPAWNSHIELD:0.4581166866071552
CE_PIECECOORDINATION:0.532691344258474
CE_MATERIAL:0.4728990250442952
CE_KINGSAFETY:0.5
C_PIECESQUARETABLES:0.5
C_MOBILITY:0.6168709952439468
C_KINGSAFETY:0.4381439392252424
C_PAWNSTRUCTURE:0.5343050315809021
C_PIECECOORDINATION:0.5889764467176994
C_ROOKANDPAWNMOVEMENT:0.5889764467176994
C_CENTERCONTROL:0.4598751032221581
C_DEVELOPPIECES:0.5528173797779841
C_MATERIAL:0.5483384372176751
