ELO:1063
CE_PASSEDPAWNS:0.4197095893822424
CE_PAWNWEAKNESSES:0.5219350989926019
CE_PIECEACTIVITY:0.5317934677093066
CE_KINGPAWNSHIELD:0.4258418499925802
CE_PIECECOORDINATION:0.4687120784050399
CE_MATERIAL:0.5699418530803207
CE_KINGSAFETY:0.5
C_PIECESQUARETABLES:0.5
C_MOBILITY:0.5655816386916664
C_KINGSAFETY:0.37771878873827036
C_PAWNSTRUCTURE:0.6086893908681681
C_PIECECOORDINATION:0.4943414174720862
C_ROOKANDPAWNMOVEMENT:0.4943414174720862
C_CENTERCONTROL:0.47417192865301605
C_DEVELOPPIECES:0.3860037240911814
C_MATERIAL:0.5473221478486813
