ELO:1007
CE_PASSEDPAWNS:0.5095666990506695
CE_PAWNWEAKNESSES:0.47746315232554654
CE_PIECEACTIVITY:0.5313075154750717
CE_KINGPAWNSHIELD:0.5024837139228125
CE_PIECECOORDINATION:0.4656155595690857
CE_MATERIAL:0.4750294068730688
CE_KINGSAFETY:0.5
C_PIECESQUARETABLES:0.5
C_MOBILITY:0.4967337857073545
C_KINGSAFETY:0.5178239702295742
C_PAWNSTRUCTURE:0.4951797095200419
C_PIECECOORDINATION:0.5007055499119479
C_ROOK:0.4650633174525654
CE_ROOK:0.5057558812501163
C_CENTERCONTROL:0.5011855693911038
C_DEVELOPPIECES:0.48235580445216464
C_MATERIAL:0.5252441272845891
C_MOVECOUNT:0.49746790700371035
C_PAWNMOVEMENT:0.5079621491419254
