ELO:1000
CE_PASSEDPAWNS:0.5459554564653384
CE_PAWNWEAKNESSES:0.5497985848359104
CE_PIECEACTIVITY:0.5206287092139702
CE_KINGPAWNSHIELD:0.5019659581932581
CE_PIECECOORDINATION:0.5202006802943574
CE_MATERIAL:0.5207022130211841
CE_KINGSAFETY:0.5227305226596566
C_PIECESQUARETABLES:0.4715452834310975
C_MOBILITY:0.4886949204418456
C_KINGSAFETY:0.533913121236232
C_PAWNSTRUCTURE:0.5374654623387637
C_PIECECOORDINATION:0.47737343801138943
C_ROOKANDPAWNMOVEMENT:0.47737343801138943
C_CENTERCONTROL:0.5162427684485535
C_DEVELOPPIECES:0.48326927170581024
C_MATERIAL:0.5225918053805152
