ELO:1006
CE_PASSEDPAWNS:0.5109076190247388
CE_PAWNWEAKNESSES:0.6118676375864667
CE_PIECEACTIVITY:0.4642754059441968
CE_KINGPAWNSHIELD:0.531446922349917
CE_PIECECOORDINATION:0.5190315742551846
CE_MATERIAL:0.5306669466329426
CE_KINGSAFETY:0.5102949664815365
C_PIECESQUARETABLES:0.5
C_MOBILITY:0.5292227173281875
C_KINGSAFETY:0.6042058448398656
C_PAWNSTRUCTURE:0.4919821571418584
C_PIECECOORDINATION:0.5780803163293589
C_ROOKANDPAWNMOVEMENT:0.5780803163293589
C_CENTERCONTROL:0.5412470444368249
C_DEVELOPPIECES:0.5071532489272816
C_MATERIAL:0.6466627684671102
