ELO:948
CE_PASSEDPAWNS:0.5165097205526408
CE_PAWNWEAKNESSES:0.593315117878421
CE_PIECEACTIVITY:0.5445908167881719
CE_KINGPAWNSHIELD:0.5158252458849475
CE_PIECECOORDINATION:0.547659277357829
CE_MATERIAL:0.5198625038996851
CE_KINGSAFETY:0.4622203264945929
C_PIECESQUARETABLES:0.504986059632193
C_MOBILITY:0.43709893055755283
C_KINGSAFETY:0.5709334104683993
C_PAWNSTRUCTURE:0.5206370513987322
C_PIECECOORDINATION:0.49653084119536667
C_ROOKANDPAWNMOVEMENT:0.49653084119536667
C_CENTERCONTROL:0.4546778867963855
C_DEVELOPPIECES:0.4565966000805617
C_MATERIAL:0.5074575036929722
