ELO:974
CE_PASSEDPAWNS:0.46385174179082916
CE_PAWNWEAKNESSES:0.5847803518347515
CE_PIECEACTIVITY:0.6025655255417572
CE_KINGPAWNSHIELD:0.5359192248029969
CE_PIECECOORDINATION:0.5923763098700008
CE_MATERIAL:0.5561775794490093
CE_KINGSAFETY:0.4958792230235734
C_PIECESQUARETABLES:0.4849117202231672
C_MOBILITY:0.5734065367475667
C_KINGSAFETY:0.3915679652890589
C_PAWNSTRUCTURE:0.4892888656394276
C_PIECECOORDINATION:0.5686614356759275
C_ROOKANDPAWNMOVEMENT:0.5686614356759275
C_CENTERCONTROL:0.5351259844178566
C_DEVELOPPIECES:0.5775985781033569
C_MATERIAL:0.6496526267751441
