ELO:895
CE_PASSEDPAWNS:0.49813420389873153
CE_PAWNWEAKNESSES:0.5245659332505611
CE_PIECEACTIVITY:0.5017603674047567
CE_KINGPAWNSHIELD:0.4435882405966533
CE_PIECECOORDINATION:0.5104949603498613
CE_MATERIAL:0.394844179538607
CE_KINGSAFETY:0.49188896913786806
C_PIECESQUARETABLES:0.49923199451089345
C_MOBILITY:0.4891949673896908
C_KINGSAFETY:0.4712310805845861
C_PAWNSTRUCTURE:0.47445084971357915
C_PIECECOORDINATION:0.523434663355017
C_ROOKANDPAWNMOVEMENT:0.523434663355017
C_CENTERCONTROL:0.482303098237766
C_DEVELOPPIECES:0.47530257824387306
C_MATERIAL:0.5546404230139214
C_MOVECOUNT:0.5
