ELO:813
CE_PASSEDPAWNS:0.5427812816500296
CE_PAWNWEAKNESSES:0.49649565560010095
CE_PIECEACTIVITY:0.4012141272351301
CE_KINGPAWNSHIELD:0.3989959766804896
CE_PIECECOORDINATION:0.4857326923027944
CE_MATERIAL:0.45574305313528896
CE_KINGSAFETY:0.5120730493381049
C_PIECESQUARETABLES:0.5012139204866668
C_MOBILITY:0.5378138708029007
C_KINGSAFETY:0.4456472824118865
C_PAWNSTRUCTURE:0.5681988586252609
C_PIECECOORDINATION:0.5018518086345995
C_ROOKANDPAWNMOVEMENT:0.5018518086345995
C_CENTERCONTROL:0.4897942157161916
C_DEVELOPPIECES:0.46705593949992824
C_MATERIAL:0.5033496572816951
C_MOVECOUNT:0.49989058305100176
