ELO:995
CE_PASSEDPAWNS:0.5095666990506695
CE_PAWNWEAKNESSES:0.4806694298255252
CE_PIECEACTIVITY:0.5360850906915228
CE_KINGPAWNSHIELD:0.5274779197817854
CE_PIECECOORDINATION:0.4656155595690857
CE_MATERIAL:0.49939046905640117
CE_KINGSAFETY:0.5
C_PIECESQUARETABLES:0.5
C_MOBILITY:0.45824781231478373
C_KINGSAFETY:0.5178239702295742
C_PAWNSTRUCTURE:0.501224790571876
C_PIECECOORDINATION:0.524081871863375
C_ROOK:0.4928036586473775
CE_ROOK:0.5131704461704223
C_CENTERCONTROL:0.5107528248670821
C_DEVELOPPIECES:0.48440051688704105
C_MATERIAL:0.5146202815946229
C_MOVECOUNT:0.49495581611949263
C_PAWNMOVEMENT:0.49912436464649584
