ELO:998
CE_PASSEDPAWNS:0.5493245983210526
CE_PAWNWEAKNESSES:0.540257495688603
CE_PIECEACTIVITY:0.4140941890790589
CE_KINGPAWNSHIELD:0.5740088201008101
CE_PIECECOORDINATION:0.4905010376957963
CE_MATERIAL:0.5699418530803207
CE_KINGSAFETY:0.5
C_PIECESQUARETABLES:0.4803576126700994
C_MOBILITY:0.5307292528579545
C_KINGSAFETY:0.3863153114154106
C_PAWNSTRUCTURE:0.4919821571418584
C_PIECECOORDINATION:0.45171973107365143
C_ROOKANDPAWNMOVEMENT:0.45171973107365143
C_CENTERCONTROL:0.42894235410171383
C_DEVELOPPIECES:0.4762473252398372
C_MATERIAL:0.6485194340339826
