ELO:1056
CE_PASSEDPAWNS:0.512984892380894
CE_PAWNWEAKNESSES:0.5263341247713677
CE_PIECEACTIVITY:0.4883723620634524
CE_KINGPAWNSHIELD:0.4841842829967064
CE_PIECECOORDINATION:0.515551903436208
CE_MATERIAL:0.5154078060106405
CE_KINGSAFETY:0.5
C_PIECESQUARETABLES:0.5
C_MOBILITY:0.5167778231301341
C_KINGSAFETY:0.5076948921057516
C_PAWNSTRUCTURE:0.5171578828235839
C_PIECECOORDINATION:0.5228079246997759
C_ROOK:0.5081075040794762
CE_ROOK:0.47507486477495864
C_CENTERCONTROL:0.5113686412302165
C_DEVELOPPIECES:0.4847586220875942
C_MATERIAL:0.5013109468164912
C_MOVECOUNT:0.49281670255969434
C_PAWNMOVEMENT:0.49920342959214886
