ELO:1168
CE_PASSEDPAWNS:0.398140655493675
CE_PAWNWEAKNESSES:0.5203184438790958
CE_PIECEACTIVITY:0.4617084561662777
CE_KINGPAWNSHIELD:0.4385485775007467
CE_PIECECOORDINATION:0.49864366603685284
CE_MATERIAL:0.49159087814525143
CE_KINGSAFETY:0.5
C_PIECESQUARETABLES:0.5
C_MOBILITY:0.44121432110396724
C_KINGSAFETY:0.38961952488319945
C_PAWNSTRUCTURE:0.5447474740515015
C_PIECECOORDINATION:0.5710539978775424
C_ROOKANDPAWNMOVEMENT:0.5710539978775424
C_CENTERCONTROL:0.48009522574919483
C_DEVELOPPIECES:0.44916666488797985
C_MATERIAL:0.5594049596052624
