ELO:1071
CE_PASSEDPAWNS:0.561227233223466
CE_PAWNWEAKNESSES:0.5140231290473708
CE_PIECEACTIVITY:0.5441015649680677
CE_KINGPAWNSHIELD:0.5517495397044174
CE_PIECECOORDINATION:0.5137849669661242
CE_MATERIAL:0.3619196062827428
CE_KINGSAFETY:0.5
C_PIECESQUARETABLES:0.5
C_MOBILITY:0.5815278059008262
C_KINGSAFETY:0.4381439392252424
C_PAWNSTRUCTURE:0.5348732639120478
C_PIECECOORDINATION:0.45171973107365143
C_ROOKANDPAWNMOVEMENT:0.45171973107365143
C_CENTERCONTROL:0.5140107547191766
C_DEVELOPPIECES:0.45588024667206817
C_MATERIAL:0.622840321325036
