ELO:1010
CE_PASSEDPAWNS:0.5391303006344831
CE_PAWNWEAKNESSES:0.5574217598375665
CE_PIECEACTIVITY:0.48540728600039773
CE_KINGPAWNSHIELD:0.500898045064308
CE_PIECECOORDINATION:0.5413254331460134
CE_MATERIAL:0.5269352423949276
CE_KINGSAFETY:0.528378145807893
C_PIECESQUARETABLES:0.4334175446924875
C_MOBILITY:0.46528931486602815
C_KINGSAFETY:0.5581032462665676
C_PAWNSTRUCTURE:0.5099025970044635
C_PIECECOORDINATION:0.46259720293772355
C_ROOKANDPAWNMOVEMENT:0.46259720293772355
C_CENTERCONTROL:0.5271279443986505
C_DEVELOPPIECES:0.45370559528899634
C_MATERIAL:0.4873268903784115
