ELO:1074
CE_PASSEDPAWNS:0.43848054398727715
CE_PAWNWEAKNESSES:0.45382604653052816
CE_PIECEACTIVITY:0.4741019987469735
CE_KINGPAWNSHIELD:0.4121223396320843
CE_PIECECOORDINATION:0.5399427759973172
CE_MATERIAL:0.3967044672231861
CE_KINGSAFETY:0.5005465116821644
C_PIECESQUARETABLES:0.47286122985875717
C_MOBILITY:0.42624685060799383
C_KINGSAFETY:0.6530332257134526
C_PAWNSTRUCTURE:0.4239433922844558
C_PIECECOORDINATION:0.49602163658212334
C_ROOKANDPAWNMOVEMENT:0.49602163658212334
C_CENTERCONTROL:0.5965943563134913
C_DEVELOPPIECES:0.5603640095070838
C_MATERIAL:0.42279278275459725
