ELO:1056
CE_PASSEDPAWNS:0.4901133275175104
CE_PAWNWEAKNESSES:0.5219350989926019
CE_PIECEACTIVITY:0.4249411783250235
CE_KINGPAWNSHIELD:0.4581166866071552
CE_PIECECOORDINATION:0.5526909777284796
CE_MATERIAL:0.4660907731895511
CE_KINGSAFETY:0.49232628179150434
C_PIECESQUARETABLES:0.5
C_MOBILITY:0.5712491500725911
C_KINGSAFETY:0.38873024124434524
C_PAWNSTRUCTURE:0.4765831040074254
C_PIECECOORDINATION:0.5630257093956104
C_ROOKANDPAWNMOVEMENT:0.5630257093956104
C_CENTERCONTROL:0.47615328340604557
C_DEVELOPPIECES:0.48129453728084487
C_MATERIAL:0.6242308573948059
