ELO:1007
CE_PASSEDPAWNS:0.5095666990506695
CE_PAWNWEAKNESSES:0.4806694298255252
CE_PIECEACTIVITY:0.5313075154750717
CE_KINGPAWNSHIELD:0.5024837139228125
CE_PIECECOORDINATION:0.4656155595690857
CE_MATERIAL:0.5232307326160843
CE_KINGSAFETY:0.5
C_PIECESQUARETABLES:0.5
C_MOBILITY:0.5193443550852914
C_KINGSAFETY:0.5178239702295742
C_PAWNSTRUCTURE:0.4951797095200419
C_PIECECOORDINATION:0.5030209784933546
C_ROOK:0.5570368364430367
CE_ROOK:0.5131704461704223
C_CENTERCONTROL:0.5107528248670821
C_DEVELOPPIECES:0.4827476482380969
C_MATERIAL:0.5
C_MOVECOUNT:0.49495581611949263
C_PAWNMOVEMENT:0.5226916199539013
