ELO:987
CE_PASSEDPAWNS:0.5197696184145731
CE_PAWNWEAKNESSES:0.4948942133391391
CE_PIECEACTIVITY:0.5032058974232939
CE_KINGPAWNSHIELD:0.49863236540995315
CE_PIECECOORDINATION:0.51107623869745
CE_MATERIAL:0.4964499339778975
CE_KINGSAFETY:0.510783269881501
C_PIECESQUARETABLES:0.5090220227625886
C_MOBILITY:0.5
C_KINGSAFETY:0.5
C_PAWNSTRUCTURE:0.5035091419279769
C_PIECECOORDINATION:0.5010237325527716
C_ROOK:0.5018346384820176
CE_ROOK:0.5099117661127419
C_CENTERCONTROL:0.4915483237550099
C_DEVELOPPIECES:0.4937779323690904
C_MATERIAL:0.4991474990436754
C_MOVECOUNT:0.5
C_PAWNMOVEMENT:0.47776330104712433
