ELO:1254
CE_PASSEDPAWNS:0.4178661814678017
CE_PAWNWEAKNESSES:0.5936476439564067
CE_PIECEACTIVITY:0.4159871763666937
CE_KINGPAWNSHIELD:0.4434919210077699
CE_PIECECOORDINATION:0.5228665876218258
CE_MATERIAL:0.4616417505080219
CE_KINGSAFETY:0.5
C_PIECESQUARETABLES:0.5
C_MOBILITY:0.37157049262550695
C_KINGSAFETY:0.4024994256990024
C_PAWNSTRUCTURE:0.5640325692816265
C_PIECECOORDINATION:0.5447852188236804
C_ROOKANDPAWNMOVEMENT:0.5447852188236804
C_CENTERCONTROL:0.49689184494824484
C_DEVELOPPIECES:0.4354212939766876
C_MATERIAL:0.533923652306625
