ELO:1009
CE_PASSEDPAWNS:0.49838873067115047
CE_PAWNWEAKNESSES:0.5107525367942778
CE_PIECEACTIVITY:0.554830512144471
CE_KINGPAWNSHIELD:0.5057120051738098
CE_PIECECOORDINATION:0.49484177101976035
CE_MATERIAL:0.5
CE_KINGSAFETY:0.5023434049391985
C_PIECESQUARETABLES:0.4894687504232968
C_MOBILITY:0.5
C_KINGSAFETY:0.5020003547414177
C_PAWNSTRUCTURE:0.48911370877653043
C_PIECECOORDINATION:0.5
C_ROOKANDPAWNMOVEMENT:0.5
C_CENTERCONTROL:0.5
C_DEVELOPPIECES:0.5041165222645588
C_MATERIAL:0.4865318496686561
