ELO:685
CE_PASSEDPAWNS:0.46731205377358437
CE_PAWNWEAKNESSES:0.5369377375066957
CE_PIECEACTIVITY:0.5053718794481508
CE_KINGPAWNSHIELD:0.45541467568559413
CE_PIECECOORDINATION:0.5023035392892702
CE_MATERIAL:0.4303315551658126
CE_KINGSAFETY:0.5234613880657094
C_PIECESQUARETABLES:0.5016583488477501
C_MOBILITY:0.45757687507949396
C_KINGSAFETY:0.5217619091809541
C_PAWNSTRUCTURE:0.5469196482442867
C_PIECECOORDINATION:0.49087082157698136
C_ROOKANDPAWNMOVEMENT:0.49087082157698136
C_CENTERCONTROL:0.4466261388673142
C_DEVELOPPIECES:0.5857063961353041
C_MATERIAL:0.4987137587753415
C_MOVECOUNT:0.5
