ELO:1003
CE_PASSEDPAWNS:0.49483806955367327
CE_PAWNWEAKNESSES:0.4886516167740076
CE_PIECEACTIVITY:0.48363827194645714
CE_KINGPAWNSHIELD:0.5
CE_PIECECOORDINATION:0.5
CE_MATERIAL:0.5
CE_KINGSAFETY:0.5
C_PIECESQUARETABLES:0.5
C_MOBILITY:0.5
C_KINGSAFETY:0.5054746789576133
C_PAWNSTRUCTURE:0.49114293836565764
C_PIECECOORDINATION:0.5201816382609504
C_ROOKANDPAWNMOVEMENT:0.5201816382609504
C_CENTERCONTROL:0.5103085168520386
C_DEVELOPPIECES:0.49898179804721515
C_MATERIAL:0.5
C_MOVECOUNT:0.4975892915606566
