ELO:984
CE_PASSEDPAWNS:0.5083876525627252
CE_PAWNWEAKNESSES:0.4568623887849655
CE_PIECEACTIVITY:0.4722143406342558
CE_KINGPAWNSHIELD:0.4703770352256026
CE_PIECECOORDINATION:0.5185912497275302
CE_MATERIAL:0.4922258843910317
CE_KINGSAFETY:0.5004585956313795
C_PIECESQUARETABLES:0.49760922328019175
C_MOBILITY:0.5007885069177743
C_KINGSAFETY:0.5181372096765535
C_PAWNSTRUCTURE:0.4760816155891334
C_PIECECOORDINATION:0.4952579136153599
C_ROOKANDPAWNMOVEMENT:0.4952579136153599
C_CENTERCONTROL:0.5372293381349564
C_DEVELOPPIECES:0.5082907597892317
C_MATERIAL:0.5094207659161254
C_MOVECOUNT:0.5
