ELO:991
CE_PASSEDPAWNS:0.5809909063820029
CE_PAWNWEAKNESSES:0.45970049064563745
CE_PIECEACTIVITY:0.5580846597125007
CE_KINGPAWNSHIELD:0.4873640784077908
CE_PIECECOORDINATION:0.42015052510937145
CE_MATERIAL:0.548564368780168
CE_KINGSAFETY:0.5
C_PIECESQUARETABLES:0.5
C_MOBILITY:0.4540786934317962
C_KINGSAFETY:0.4094044933739038
C_PAWNSTRUCTURE:0.5565549327089838
C_PIECECOORDINATION:0.5280342735497159
C_ROOKANDPAWNMOVEMENT:0.5280342735497159
C_CENTERCONTROL:0.5358444197719792
C_DEVELOPPIECES:0.4332909592322626
C_MATERIAL:0.6485194340339826
