ELO:995
CE_PASSEDPAWNS:0.5142344594058703
CE_PAWNWEAKNESSES:0.4968841216714911
CE_PIECEACTIVITY:0.5015030871585856
CE_KINGPAWNSHIELD:0.4886104337373937
CE_PIECECOORDINATION:0.503678945261545
CE_MATERIAL:0.5051951082107953
CE_KINGSAFETY:0.5
C_PIECESQUARETABLES:0.5126024799906264
C_MOBILITY:0.4911766605011364
C_KINGSAFETY:0.4848836136804627
C_PAWNSTRUCTURE:0.4957383607332282
C_PIECECOORDINATION:0.5122250316125077
C_ROOKANDPAWNMOVEMENT:0.5122250316125077
C_CENTERCONTROL:0.5027189219253575
C_DEVELOPPIECES:0.5250260550769814
C_MATERIAL:0.4902143767425755
