ELO:1056
CE_PASSEDPAWNS:0.4980764605273427
CE_PAWNWEAKNESSES:0.4934967799216349
CE_PIECEACTIVITY:0.5033552993834758
CE_KINGPAWNSHIELD:0.4841842829967064
CE_PIECECOORDINATION:0.515551903436208
CE_MATERIAL:0.524792004454686
CE_KINGSAFETY:0.5
C_PIECESQUARETABLES:0.5
C_MOBILITY:0.5054917583631313
C_KINGSAFETY:0.5178239702295742
C_PAWNSTRUCTURE:0.4944988609796438
C_PIECECOORDINATION:0.5228079246997759
C_ROOK:0.5081075040794762
CE_ROOK:0.47507486477495864
C_CENTERCONTROL:0.5113686412302165
C_DEVELOPPIECES:0.4847586220875942
C_MATERIAL:0.5013109468164912
C_MOVECOUNT:0.49281670255969434
C_PAWNMOVEMENT:0.49920342959214886
