ELO:757
CE_PASSEDPAWNS:0.4462198858233776
CE_PAWNWEAKNESSES:0.5018034127145492
CE_PIECEACTIVITY:0.5319987375379273
CE_KINGPAWNSHIELD:0.48677960338188975
CE_PIECECOORDINATION:0.4919512341910503
CE_MATERIAL:0.4310332406793136
CE_KINGSAFETY:0.5108189159890907
C_PIECESQUARETABLES:0.5519715806524108
C_MOBILITY:0.4605233005157417
C_KINGSAFETY:0.540827261223852
C_PAWNSTRUCTURE:0.5506287536355035
C_PIECECOORDINATION:0.4970127812882143
C_ROOKANDPAWNMOVEMENT:0.4970127812882143
C_CENTERCONTROL:0.4733631113818115
C_DEVELOPPIECES:0.5850712331874217
C_MATERIAL:0.4738653243289297
C_MOVECOUNT:0.5
