ELO:887
CE_PASSEDPAWNS:0.5246854687501339
CE_PAWNWEAKNESSES:0.453691350745227
CE_PIECEACTIVITY:0.48764576628727224
CE_KINGPAWNSHIELD:0.5552206065004859
CE_PIECECOORDINATION:0.5186562476780268
CE_MATERIAL:0.4546622011903925
CE_KINGSAFETY:0.4929903971149721
C_PIECESQUARETABLES:0.5424960800919139
C_MOBILITY:0.5247878631072334
C_KINGSAFETY:0.5548509044591071
C_PAWNSTRUCTURE:0.4739117224809642
C_PIECECOORDINATION:0.48000973130612745
C_ROOKANDPAWNMOVEMENT:0.48000973130612745
C_CENTERCONTROL:0.5513086670670841
C_DEVELOPPIECES:0.50601836471933
C_MATERIAL:0.4804371542326776
C_MOVECOUNT:0.5533908339657021
