ELO:1007
CE_PASSEDPAWNS:0.4803388465265462
CE_PAWNWEAKNESSES:0.4966392776441001
CE_PIECEACTIVITY:0.5088553887702799
CE_KINGPAWNSHIELD:0.5036723556875008
CE_PIECECOORDINATION:0.48937941022649356
CE_MATERIAL:0.4997683633695673
CE_KINGSAFETY:0.5
C_PIECESQUARETABLES:0.5
C_MOBILITY:0.4859655647550477
C_KINGSAFETY:0.4909140126867205
C_PAWNSTRUCTURE:0.5028196516276866
C_PIECECOORDINATION:0.4889594793088468
C_ROOKANDPAWNMOVEMENT:0.4889594793088468
C_CENTERCONTROL:0.49735162593785737
C_DEVELOPPIECES:0.49526610626094875
C_MATERIAL:0.4751114859836836
C_MOVECOUNT:0.5
