ELO:1254
CE_PASSEDPAWNS:0.405484255145064
CE_PAWNWEAKNESSES:0.46186241237079045
CE_PIECEACTIVITY:0.4255948402422537
CE_KINGPAWNSHIELD:0.48859845164634313
CE_PIECECOORDINATION:0.5228665876218258
CE_MATERIAL:0.4731674931632686
CE_KINGSAFETY:0.5
C_PIECESQUARETABLES:0.5
C_MOBILITY:0.3465104698062914
C_KINGSAFETY:0.39915668343505367
C_PAWNSTRUCTURE:0.5265436601396568
C_PIECECOORDINATION:0.589942921149836
C_ROOKANDPAWNMOVEMENT:0.589942921149836
C_CENTERCONTROL:0.49689184494824484
C_DEVELOPPIECES:0.42261362063168517
C_MATERIAL:0.6152375411669072
