ELO:996
CE_PASSEDPAWNS:0.5109138957906498
CE_PAWNWEAKNESSES:0.5065212965110338
CE_PIECEACTIVITY:0.5011410106254068
CE_KINGPAWNSHIELD:0.5085737028167076
CE_PIECECOORDINATION:0.49185149413540324
CE_MATERIAL:0.4996611374189434
CE_KINGSAFETY:0.5058063696392728
C_PIECESQUARETABLES:0.49307483213065306
C_MOBILITY:0.5025681928293101
C_KINGSAFETY:0.5060261983857482
C_PAWNSTRUCTURE:0.5094993439996708
C_PIECECOORDINATION:0.5091876178366593
C_ROOKANDPAWNMOVEMENT:0.5091876178366593
C_CENTERCONTROL:0.5135583224576126
C_DEVELOPPIECES:0.5066711028928891
C_MATERIAL:0.5329288539465044
C_MOVECOUNT:0.5
