ELO:1037
CE_PASSEDPAWNS:0.49665471019196156
CE_PAWNWEAKNESSES:0.49872205481339926
CE_PIECEACTIVITY:0.5047139984031866
CE_KINGPAWNSHIELD:0.4855567023778074
CE_PIECECOORDINATION:0.49890875767298865
CE_MATERIAL:0.4928564690364116
CE_KINGSAFETY:0.5
C_PIECESQUARETABLES:0.5
C_MOBILITY:0.471753631585008
C_KINGSAFETY:0.47906360941770565
C_PAWNSTRUCTURE:0.5025755205481844
C_PIECECOORDINATION:0.5210789240236054
C_ROOK:0.49755464365779567
CE_ROOK:0.49793802045010266
C_CENTERCONTROL:0.5113686412302165
C_DEVELOPPIECES:0.4847586220875942
C_MATERIAL:0.4972205291485834
C_MOVECOUNT:0.47527459846203746
C_PAWNMOVEMENT:0.5018790929858505
