ELO:1036
CE_PASSEDPAWNS:0.48913889782306796
CE_PAWNWEAKNESSES:0.4942356794598048
CE_PIECEACTIVITY:0.5099132925339471
CE_KINGPAWNSHIELD:0.505554087713803
CE_PIECECOORDINATION:0.509574451996385
CE_MATERIAL:0.4842990169633367
CE_KINGSAFETY:0.49404425669531243
C_PIECESQUARETABLES:0.5351318599090351
C_MOBILITY:0.5223058158768477
C_KINGSAFETY:0.5
C_PAWNSTRUCTURE:0.5
C_PIECECOORDINATION:0.48621506279968113
C_ROOKANDPAWNMOVEMENT:0.48621506279968113
C_CENTERCONTROL:0.48824853154797326
C_DEVELOPPIECES:0.4773676074120362
C_MATERIAL:0.5025650887491478
