ELO:957
CE_PASSEDPAWNS:0.5131365450894384
CE_PAWNWEAKNESSES:0.584602856976446
CE_PIECEACTIVITY:0.49892014497957105
CE_KINGPAWNSHIELD:0.5241449845881649
CE_PIECECOORDINATION:0.5582344373937584
CE_MATERIAL:0.46812385714666643
CE_KINGSAFETY:0.4980803376725744
C_PIECESQUARETABLES:0.4990460559141801
C_MOBILITY:0.4545996163580246
C_KINGSAFETY:0.562766741196487
C_PAWNSTRUCTURE:0.5223178065089923
C_PIECECOORDINATION:0.49237442395952186
C_ROOKANDPAWNMOVEMENT:0.49237442395952186
C_CENTERCONTROL:0.48318784711827517
C_DEVELOPPIECES:0.44780943887175984
C_MATERIAL:0.5060298389290088
