ELO:1085
CE_PASSEDPAWNS:0.5715104938725528
CE_PAWNWEAKNESSES:0.5406872777956954
CE_PIECEACTIVITY:0.5110440778067142
CE_KINGPAWNSHIELD:0.4336039612889532
CE_PIECECOORDINATION:0.4654764970021975
CE_MATERIAL:0.40605830014791694
CE_KINGSAFETY:0.46111987742907384
C_PIECESQUARETABLES:0.4953391725419706
C_MOBILITY:0.5361087716182039
C_KINGSAFETY:0.37896170490517744
C_PAWNSTRUCTURE:0.5841055769806278
C_PIECECOORDINATION:0.489287499696989
C_ROOKANDPAWNMOVEMENT:0.489287499696989
C_CENTERCONTROL:0.5128013904478405
C_DEVELOPPIECES:0.492731752860454
C_MATERIAL:0.5947230464355932
