ELO:981
CE_PASSEDPAWNS:0.5
CE_PAWNWEAKNESSES:0.518745606075059
CE_PIECEACTIVITY:0.49287261556247874
CE_KINGPAWNSHIELD:0.5
CE_PIECECOORDINATION:0.5188738500524404
CE_MATERIAL:0.5046041591868295
CE_KINGSAFETY:0.5
C_PIECESQUARETABLES:0.5
C_MOBILITY:0.5071678900959697
C_KINGSAFETY:0.5219717141548147
C_PAWNSTRUCTURE:0.4968544783178887
C_PIECECOORDINATION:0.4872749895627366
C_ROOKANDPAWNMOVEMENT:0.4872749895627366
C_CENTERCONTROL:0.5
C_DEVELOPPIECES:0.5015899665858037
C_MATERIAL:0.49831293683564576
C_MOVECOUNT:0.5
