ELO:921
CE_PASSEDPAWNS:0.4818915553677228
CE_PAWNWEAKNESSES:0.5106549901565854
CE_PIECEACTIVITY:0.4947024664514242
CE_KINGPAWNSHIELD:0.49058908366916254
CE_PIECECOORDINATION:0.5539764555810373
CE_MATERIAL:0.5377558706689233
CE_KINGSAFETY:0.5195932988021523
C_PIECESQUARETABLES:0.5063337697904591
C_MOBILITY:0.5007032866336861
C_KINGSAFETY:0.5283083399535279
C_PAWNSTRUCTURE:0.47152572528905756
C_PIECECOORDINATION:0.4914488872122954
C_ROOK:0.5030545213799247
CE_ROOK:0.5031881430088736
C_CENTERCONTROL:0.5296198112135548
C_DEVELOPPIECES:0.4820282643050373
C_MATERIAL:0.533457975595404
C_MOVECOUNT:0.45924461016604595
C_PAWNMOVEMENT:0.48795600248771576
