ELO:948
CE_PASSEDPAWNS:0.49772671619728376
CE_PAWNWEAKNESSES:0.584133710821342
CE_PIECEACTIVITY:0.5191778713601277
CE_KINGPAWNSHIELD:0.5169067899692189
CE_PIECECOORDINATION:0.5284475981350234
CE_MATERIAL:0.5109926851688921
CE_KINGSAFETY:0.46705416010049183
C_PIECESQUARETABLES:0.5190043571014011
C_MOBILITY:0.465988962871097
C_KINGSAFETY:0.5575003396069234
C_PAWNSTRUCTURE:0.5165380636878795
C_PIECECOORDINATION:0.486259160748985
C_ROOKANDPAWNMOVEMENT:0.486259160748985
C_CENTERCONTROL:0.45883646415599855
C_DEVELOPPIECES:0.4447375513260602
C_MATERIAL:0.5132193445624204
