ELO:914
CE_PASSEDPAWNS:0.5295495020298749
CE_PAWNWEAKNESSES:0.568989597096005
CE_PIECEACTIVITY:0.5264785361903958
CE_KINGPAWNSHIELD:0.4144549395803272
CE_PIECECOORDINATION:0.5494044424232876
CE_MATERIAL:0.4899478270668772
CE_KINGSAFETY:0.5380002575360141
C_PIECESQUARETABLES:0.5152130987261843
C_MOBILITY:0.41777206116441457
C_KINGSAFETY:0.545133458821663
C_PAWNSTRUCTURE:0.5388898529019566
C_PIECECOORDINATION:0.5317199415120161
C_ROOKANDPAWNMOVEMENT:0.5317199415120161
C_CENTERCONTROL:0.46676008178332895
C_DEVELOPPIECES:0.47857801183441584
C_MATERIAL:0.5330296755911806
