ELO:1041
CE_PASSEDPAWNS:0.5107961514303412
CE_PAWNWEAKNESSES:0.5018759020046714
CE_PIECEACTIVITY:0.5
CE_KINGPAWNSHIELD:0.505918352301808
CE_PIECECOORDINATION:0.5114344105562015
CE_MATERIAL:0.5
CE_KINGSAFETY:0.5
C_PIECESQUARETABLES:0.5
C_MOBILITY:0.5
C_KINGSAFETY:0.4882985501827743
C_PAWNSTRUCTURE:0.5082307205988198
C_PIECECOORDINATION:0.5210789240236054
C_ROOK:0.496266584649756
CE_ROOK:0.489396336366713
C_CENTERCONTROL:0.5113686412302165
C_DEVELOPPIECES:0.4952542647005594
C_MATERIAL:0.4884466459178833
C_MOVECOUNT:0.509723540237199
C_PAWNMOVEMENT:0.49521221761728357
