ELO:1044
CE_PASSEDPAWNS:0.4948699378877846
CE_PAWNWEAKNESSES:0.4967877153802503
CE_PIECEACTIVITY:0.49669922482791296
CE_KINGPAWNSHIELD:0.49125752202934697
CE_PIECECOORDINATION:0.5117626846070501
CE_MATERIAL:0.47378498699933563
CE_KINGSAFETY:0.5
C_PIECESQUARETABLES:0.5
C_MOBILITY:0.4984177026253114
C_KINGSAFETY:0.4638229987792309
C_PAWNSTRUCTURE:0.5305901744985936
C_PIECECOORDINATION:0.48310128427797977
C_ROOK:0.4904586565037176
CE_ROOK:0.48766999446357734
C_CENTERCONTROL:0.5149045760519924
C_DEVELOPPIECES:0.4925283032106535
C_MATERIAL:0.5
C_MOVECOUNT:0.49281670255969434
C_PAWNMOVEMENT:0.530027731652139
