ELO:1075
CE_PASSEDPAWNS:0.47121509640258147
CE_PAWNWEAKNESSES:0.5089687184514036
CE_PIECEACTIVITY:0.5481535936639254
CE_KINGPAWNSHIELD:0.5086472238067148
CE_PIECECOORDINATION:0.5261101980407332
CE_MATERIAL:0.5576211995696057
CE_KINGSAFETY:0.48017971412311355
C_PIECESQUARETABLES:0.5044562533423669
C_MOBILITY:0.5690997868049475
C_KINGSAFETY:0.4024994256990024
C_PAWNSTRUCTURE:0.5461055495356145
C_PIECECOORDINATION:0.5842283600812508
C_ROOKANDPAWNMOVEMENT:0.5842283600812508
C_CENTERCONTROL:0.5232826369555287
C_DEVELOPPIECES:0.4332909592322626
C_MATERIAL:0.5627418685303461
