ELO:941
CE_PASSEDPAWNS:0.5424165935352455
CE_PAWNWEAKNESSES:0.5958465286990573
CE_PIECEACTIVITY:0.5491806894952046
CE_KINGPAWNSHIELD:0.47834780539587524
CE_PIECECOORDINATION:0.5551105137209366
CE_MATERIAL:0.4954448423547731
CE_KINGSAFETY:0.5120345914317146
C_PIECESQUARETABLES:0.4944412694368198
C_MOBILITY:0.4364478042662187
C_KINGSAFETY:0.5485309947405647
C_PAWNSTRUCTURE:0.5294238440695682
C_PIECECOORDINATION:0.47521504918541707
C_ROOKANDPAWNMOVEMENT:0.47521504918541707
C_CENTERCONTROL:0.4725273489877273
C_DEVELOPPIECES:0.4741968184803751
C_MATERIAL:0.5228473632018104
