ELO:906
CE_PASSEDPAWNS:0.5466411687566644
CE_PAWNWEAKNESSES:0.5418063558140324
CE_PIECEACTIVITY:0.5128367899190331
CE_KINGPAWNSHIELD:0.39892974328387026
CE_PIECECOORDINATION:0.5642668590971034
CE_MATERIAL:0.48825125110789935
CE_KINGSAFETY:0.5742242524102069
C_PIECESQUARETABLES:0.5147684204479225
C_MOBILITY:0.41516011141241543
C_KINGSAFETY:0.5732422573427417
C_PAWNSTRUCTURE:0.4964881450462887
C_PIECECOORDINATION:0.5670295556143449
C_ROOKANDPAWNMOVEMENT:0.5670295556143449
C_CENTERCONTROL:0.48952688426811924
C_DEVELOPPIECES:0.4799305601019996
C_MATERIAL:0.5278999940413459
