ELO:988
CE_PASSEDPAWNS:0.48226839658703424
CE_PAWNWEAKNESSES:0.45062210952457377
CE_PIECEACTIVITY:0.5291082372183549
CE_KINGPAWNSHIELD:0.5197897476795431
CE_PIECECOORDINATION:0.5247994110448794
CE_MATERIAL:0.5177608374597922
CE_KINGSAFETY:0.49240079192095065
C_PIECESQUARETABLES:0.5026400140341396
C_MOBILITY:0.5008571648632192
C_KINGSAFETY:0.5050190738324006
C_PAWNSTRUCTURE:0.5
C_PIECECOORDINATION:0.5219384163793617
C_ROOKANDPAWNMOVEMENT:0.5219384163793617
C_CENTERCONTROL:0.46147223055769937
C_DEVELOPPIECES:0.512272888911098
C_MATERIAL:0.5137502781673671
C_MOVECOUNT:0.5
