ELO:1013
CE_PASSEDPAWNS:0.5
CE_PAWNWEAKNESSES:0.4886516167740076
CE_PIECEACTIVITY:0.5
CE_KINGPAWNSHIELD:0.5017584704988018
CE_PIECECOORDINATION:0.5
CE_MATERIAL:0.49564169359092103
CE_KINGSAFETY:0.5
C_PIECESQUARETABLES:0.5
C_MOBILITY:0.5
C_KINGSAFETY:0.48080121805281884
C_PAWNSTRUCTURE:0.5
C_PIECECOORDINATION:0.5
C_ROOKANDPAWNMOVEMENT:0.5
C_CENTERCONTROL:0.5058656058412322
C_DEVELOPPIECES:0.49898179804721515
C_MATERIAL:0.4855228292098863
C_MOVECOUNT:0.4944062563771566
