ELO:892
CE_PASSEDPAWNS:0.47589132911302484
CE_PAWNWEAKNESSES:0.5375209018202017
CE_PIECEACTIVITY:0.4376576495209634
CE_KINGPAWNSHIELD:0.5472200563056444
CE_PIECECOORDINATION:0.4334446069254965
CE_MATERIAL:0.5020947463468479
CE_KINGSAFETY:0.48552722493046424
C_PIECESQUARETABLES:0.5088683404241829
C_MOBILITY:0.4152239161425643
C_KINGSAFETY:0.4352800402908919
C_PAWNSTRUCTURE:0.4324066019772484
C_PIECECOORDINATION:0.5315964372947177
C_ROOKANDPAWNMOVEMENT:0.5315964372947177
C_CENTERCONTROL:0.5273614961331844
C_DEVELOPPIECES:0.47470233130265277
C_MATERIAL:0.550951526158253
