ELO:996
CE_PASSEDPAWNS:0.48765903687558926
CE_PAWNWEAKNESSES:0.5
CE_PIECEACTIVITY:0.5043334687407629
CE_KINGPAWNSHIELD:0.530501375051067
CE_PIECECOORDINATION:0.4970086263605208
CE_MATERIAL:0.5999971214877209
CE_KINGSAFETY:0.5
C_PIECESQUARETABLES:0.5
C_MOBILITY:0.5067595845157283
C_KINGSAFETY:0.5075461856172574
C_PAWNSTRUCTURE:0.485589642265459
C_PIECECOORDINATION:0.5322224862300658
C_ROOKANDPAWNMOVEMENT:0.5322224862300658
C_CENTERCONTROL:0.4891520951590529
C_DEVELOPPIECES:0.4823404176540848
C_MATERIAL:0.5020064976637507
C_MOVECOUNT:0.5226274638179608
