ELO:892
CE_PASSEDPAWNS:0.48659917567099653
CE_PAWNWEAKNESSES:0.4880951847595458
CE_PIECEACTIVITY:0.4858022945849811
CE_KINGPAWNSHIELD:0.5213155478205653
CE_PIECECOORDINATION:0.5068412028121285
CE_MATERIAL:0.4659761179650142
CE_KINGSAFETY:0.519762198278715
C_PIECESQUARETABLES:0.5162502782134901
C_MOBILITY:0.49759446379175226
C_KINGSAFETY:0.49361999306033666
C_PAWNSTRUCTURE:0.5224759848490381
C_PIECECOORDINATION:0.5303601459651225
C_ROOK:0.5449307122791166
CE_ROOK:0.464880131559454
C_CENTERCONTROL:0.48491795033764645
C_DEVELOPPIECES:0.49603597424046914
C_MATERIAL:0.51910533924807
C_MOVECOUNT:0.49946628805214605
C_PAWNMOVEMENT:0.5229643983259453
