ELO:782
CE_PASSEDPAWNS:0.4389393228777365
CE_PAWNWEAKNESSES:0.533256680889796
CE_PIECEACTIVITY:0.508479444623292
CE_KINGPAWNSHIELD:0.49283913921787237
CE_PIECECOORDINATION:0.5345667119907889
CE_MATERIAL:0.4798815157889301
CE_KINGSAFETY:0.5382487852686922
C_PIECESQUARETABLES:0.5274666189936822
C_MOBILITY:0.5418849364154762
C_KINGSAFETY:0.5411015042869313
C_PAWNSTRUCTURE:0.5537305268794028
C_PIECECOORDINATION:0.5259170144292937
C_ROOKANDPAWNMOVEMENT:0.5259170144292937
C_CENTERCONTROL:0.5191240069417152
C_DEVELOPPIECES:0.5070240119272277
C_MATERIAL:0.504087079048329
C_MOVECOUNT:0.5
