ELO:856
CE_PASSEDPAWNS:0.47299030999091357
CE_PAWNWEAKNESSES:0.5141696394371921
CE_PIECEACTIVITY:0.5124674753961656
CE_KINGPAWNSHIELD:0.44342933687770075
CE_PIECECOORDINATION:0.5166600525902406
CE_MATERIAL:0.42702242870465124
CE_KINGSAFETY:0.4814498465730207
C_PIECESQUARETABLES:0.4985058301675516
C_MOBILITY:0.5270698291237369
C_KINGSAFETY:0.5234205569554602
C_PAWNSTRUCTURE:0.4249852274165633
C_PIECECOORDINATION:0.5122391247826995
C_ROOKANDPAWNMOVEMENT:0.5122391247826995
C_CENTERCONTROL:0.48777152030386745
C_DEVELOPPIECES:0.5084020295053043
C_MATERIAL:0.4931825154114018
C_MOVECOUNT:0.5
