ELO:962
CE_PASSEDPAWNS:0.47283300458757155
CE_PAWNWEAKNESSES:0.48275690711907987
CE_PIECEACTIVITY:0.5181473221302175
CE_KINGPAWNSHIELD:0.5062572866036095
CE_PIECECOORDINATION:0.5234301839269697
CE_MATERIAL:0.505063677775059
CE_KINGSAFETY:0.5
C_PIECESQUARETABLES:0.5
C_MOBILITY:0.5102919553394761
C_KINGSAFETY:0.502621076820108
C_PAWNSTRUCTURE:0.4811722974809172
C_PIECECOORDINATION:0.5094221994391916
C_ROOK:0.5175486696637105
CE_ROOK:0.46942771092257596
C_CENTERCONTROL:0.4810849226389004
C_DEVELOPPIECES:0.549462979607161
C_MATERIAL:0.47332954299546826
C_MOVECOUNT:0.5068550705463991
C_PAWNMOVEMENT:0.5523044749363376
