ELO:911
CE_PASSEDPAWNS:0.4859867306533718
CE_PAWNWEAKNESSES:0.4880951847595458
CE_PIECEACTIVITY:0.48951763046610297
CE_KINGPAWNSHIELD:0.4963881903137994
CE_PIECECOORDINATION:0.49961787883847486
CE_MATERIAL:0.48451946567300697
CE_KINGSAFETY:0.517118703404266
C_PIECESQUARETABLES:0.5153187834007316
C_MOBILITY:0.5008483302147678
C_KINGSAFETY:0.483812889525746
C_PAWNSTRUCTURE:0.5112846218530828
C_PIECECOORDINATION:0.5303601459651225
C_ROOK:0.5350831338150482
CE_ROOK:0.471960578486195
C_CENTERCONTROL:0.49126440153225936
C_DEVELOPPIECES:0.502021815558883
C_MATERIAL:0.51910533924807
C_MOVECOUNT:0.49144283585354825
C_PAWNMOVEMENT:0.5072247537100857
