ELO:967
CE_PASSEDPAWNS:0.5004297297495277
CE_PAWNWEAKNESSES:0.4998318711424493
CE_PIECEACTIVITY:0.47597514146133146
CE_KINGPAWNSHIELD:0.48063947727986517
CE_PIECECOORDINATION:0.5125272429258765
CE_MATERIAL:0.5039518365352305
CE_KINGSAFETY:0.5016375886188473
C_PIECESQUARETABLES:0.5041985179000136
C_MOBILITY:0.45771635314880627
C_KINGSAFETY:0.49313394667079635
C_PAWNSTRUCTURE:0.5248008668077844
C_PIECECOORDINATION:0.47882689203936846
C_ROOKANDPAWNMOVEMENT:0.47882689203936846
C_CENTERCONTROL:0.5043569146651347
C_DEVELOPPIECES:0.4848770150774834
C_MATERIAL:0.5030221298324563
C_MOVECOUNT:0.5
