ELO:1029
CE_PASSEDPAWNS:0.514694151820465
CE_PAWNWEAKNESSES:0.4877079500827014
CE_PIECEACTIVITY:0.5022210729879384
CE_KINGPAWNSHIELD:0.5098294848695746
CE_PIECECOORDINATION:0.4878491804944005
CE_MATERIAL:0.5
CE_KINGSAFETY:0.484931079237646
C_PIECESQUARETABLES:0.4993266681947447
C_MOBILITY:0.5
C_KINGSAFETY:0.5
C_PAWNSTRUCTURE:0.5137204440446687
C_PIECECOORDINATION:0.4999234557590279
C_ROOKANDPAWNMOVEMENT:0.4999234557590279
C_CENTERCONTROL:0.49972776906831684
C_DEVELOPPIECES:0.5
C_MATERIAL:0.5068502126461779
C_MOVECOUNT:0.461554816483613
