ELO:995
CE_PASSEDPAWNS:0.5273039484600627
CE_PAWNWEAKNESSES:0.48757753022299605
CE_PIECEACTIVITY:0.5117687322040291
CE_KINGPAWNSHIELD:0.5224998835752844
CE_PIECECOORDINATION:0.45530503044290693
CE_MATERIAL:0.4768691371546278
CE_KINGSAFETY:0.4638127812938386
C_PIECESQUARETABLES:0.4600441788272289
C_MOBILITY:0.5176128639363482
C_KINGSAFETY:0.5234944266860472
C_PAWNSTRUCTURE:0.4848291684751299
C_PIECECOORDINATION:0.5064895258967036
C_ROOKANDPAWNMOVEMENT:0.5064895258967036
C_CENTERCONTROL:0.5293568881477843
C_DEVELOPPIECES:0.5463185986894622
C_MATERIAL:0.4976110419730318
