ELO:943
CE_PASSEDPAWNS:0.43111327362652857
CE_PAWNWEAKNESSES:0.5609518957708433
CE_PIECEACTIVITY:0.6225272621865796
CE_KINGPAWNSHIELD:0.5034786035350545
CE_PIECECOORDINATION:0.592655762504066
CE_MATERIAL:0.4821670422961864
CE_KINGSAFETY:0.5232387738069211
C_PIECESQUARETABLES:0.5025283339500628
C_MOBILITY:0.4857177420666045
C_KINGSAFETY:0.5214022224246476
C_PAWNSTRUCTURE:0.4578998549256331
C_PIECECOORDINATION:0.4562498869093103
C_ROOKANDPAWNMOVEMENT:0.4562498869093103
C_CENTERCONTROL:0.5580582563288045
C_DEVELOPPIECES:0.599501757920328
C_MATERIAL:0.436805736263707
