ELO:993
CE_PASSEDPAWNS:0.5072948868350334
CE_PAWNWEAKNESSES:0.4774442960603694
CE_PIECEACTIVITY:0.5130995520551449
CE_KINGPAWNSHIELD:0.49164275933931634
CE_PIECECOORDINATION:0.5151040227649788
CE_MATERIAL:0.4972333593523236
CE_KINGSAFETY:0.5
C_PIECESQUARETABLES:0.5
C_MOBILITY:0.4838322175608395
C_KINGSAFETY:0.48007484043138215
C_PAWNSTRUCTURE:0.5100384493555933
C_PIECECOORDINATION:0.49459161903314725
C_ROOK:0.5007168017806173
CE_ROOK:0.4770669330650133
C_CENTERCONTROL:0.510000048524343
C_DEVELOPPIECES:0.5019980033034811
C_MATERIAL:0.47499379029566563
C_MOVECOUNT:0.498878073231577
C_PAWNMOVEMENT:0.5226916199539013
