ELO:851
CE_PASSEDPAWNS:0.5530661524836488
CE_PAWNWEAKNESSES:0.4464249582918757
CE_PIECEACTIVITY:0.4771437620155901
CE_KINGPAWNSHIELD:0.45612041064509284
CE_PIECECOORDINATION:0.4765730021942107
CE_MATERIAL:0.5287361273556511
CE_KINGSAFETY:0.49076742060165224
C_PIECESQUARETABLES:0.5097180354993766
C_MOBILITY:0.5151014357323916
C_KINGSAFETY:0.5171447756319656
C_PAWNSTRUCTURE:0.5024851123644267
C_PIECECOORDINATION:0.4308045234400929
C_ROOKANDPAWNMOVEMENT:0.4308045234400929
C_CENTERCONTROL:0.4853308264752166
C_DEVELOPPIECES:0.5091758497849246
C_MATERIAL:0.4982500528711932
C_MOVECOUNT:0.5143231857298917
