ELO:973
CE_PASSEDPAWNS:0.49690664855680255
CE_PAWNWEAKNESSES:0.4703607163466051
CE_PIECEACTIVITY:0.4952851939783249
CE_KINGPAWNSHIELD:0.5252066013406385
CE_PIECECOORDINATION:0.49185149413540324
CE_MATERIAL:0.5003830665520582
CE_KINGSAFETY:0.49061788233531006
C_PIECESQUARETABLES:0.48168268639576095
C_MOBILITY:0.49459832861282593
C_KINGSAFETY:0.5066902129973682
C_PAWNSTRUCTURE:0.47427085540274483
C_PIECECOORDINATION:0.49585476864000316
C_ROOKANDPAWNMOVEMENT:0.49585476864000316
C_CENTERCONTROL:0.48534810282906155
C_DEVELOPPIECES:0.49282699753787673
C_MATERIAL:0.5144039486103472
C_MOVECOUNT:0.5
