ELO:976
CE_PASSEDPAWNS:0.5034826531918394
CE_PAWNWEAKNESSES:0.522862919222178
CE_PIECEACTIVITY:0.46641241445273013
CE_KINGPAWNSHIELD:0.49763361575849563
CE_PIECECOORDINATION:0.49219952256516747
CE_MATERIAL:0.5482440173433213
CE_KINGSAFETY:0.49821907635505863
C_PIECESQUARETABLES:0.4835680952698116
C_MOBILITY:0.5025688811906275
C_KINGSAFETY:0.5199243531557475
C_PAWNSTRUCTURE:0.4915614074814245
C_PIECECOORDINATION:0.4944080505762375
C_ROOK:0.5152831639031316
CE_ROOK:0.5110453102782367
C_CENTERCONTROL:0.502062263240595
C_DEVELOPPIECES:0.5154026716884222
C_MATERIAL:0.5060580914678238
C_MOVECOUNT:0.4515990209553664
C_PAWNMOVEMENT:0.49486955234466234
