ELO:967
CE_PASSEDPAWNS:0.5181565150550443
CE_PAWNWEAKNESSES:0.5262765130857382
CE_PIECEACTIVITY:0.5262789407194566
CE_KINGPAWNSHIELD:0.4989069847319708
CE_PIECECOORDINATION:0.4911606564863825
CE_MATERIAL:0.526530603372143
CE_KINGSAFETY:0.5
C_PIECESQUARETABLES:0.504389284466122
C_MOBILITY:0.4967802904486347
C_KINGSAFETY:0.48747136482245745
C_PAWNSTRUCTURE:0.4898110920290282
C_PIECECOORDINATION:0.4889558795450615
C_ROOKANDPAWNMOVEMENT:0.4889558795450615
C_CENTERCONTROL:0.5
C_DEVELOPPIECES:0.483564809076558
C_MATERIAL:0.4874249526325529
C_MOVECOUNT:0.5
