ELO:953
CE_PASSEDPAWNS:0.4365960572080173
CE_PAWNWEAKNESSES:0.5518051125620065
CE_PIECEACTIVITY:0.6109039041506977
CE_KINGPAWNSHIELD:0.5021857139959136
CE_PIECECOORDINATION:0.5847981985913949
CE_MATERIAL:0.5029036577856064
CE_KINGSAFETY:0.5220676903224193
C_PIECESQUARETABLES:0.49184709931626075
C_MOBILITY:0.5156728416641907
C_KINGSAFETY:0.47101900408586295
C_PAWNSTRUCTURE:0.43297279732640875
C_PIECECOORDINATION:0.46792548144862545
C_ROOKANDPAWNMOVEMENT:0.46792548144862545
C_CENTERCONTROL:0.5770278402639459
C_DEVELOPPIECES:0.5897184098549791
C_MATERIAL:0.4774675072319361
