ELO:981
CE_PASSEDPAWNS:0.523316913608058
CE_PAWNWEAKNESSES:0.5382904981258495
CE_PIECEACTIVITY:0.524145975274155
CE_KINGPAWNSHIELD:0.5011768378674027
CE_PIECECOORDINATION:0.5033655137948159
CE_MATERIAL:0.5075216329790434
CE_KINGSAFETY:0.5227658415248351
C_PIECESQUARETABLES:0.4927066363054201
C_MOBILITY:0.5134478423340136
C_KINGSAFETY:0.5020764451839692
C_PAWNSTRUCTURE:0.5188426852299695
C_PIECECOORDINATION:0.4927468127411313
C_ROOKANDPAWNMOVEMENT:0.4927468127411313
C_CENTERCONTROL:0.5096629097120772
C_DEVELOPPIECES:0.5047208489812541
C_MATERIAL:0.48750659780310257
C_MOVECOUNT:0.5
