ELO:1114
CE_PASSEDPAWNS:0.4972614422567261
CE_PAWNWEAKNESSES:0.5
CE_PIECEACTIVITY:0.4971355680998012
CE_KINGPAWNSHIELD:0.499661855816668
CE_PIECECOORDINATION:0.5
CE_MATERIAL:0.5034195383257487
CE_KINGSAFETY:0.5
C_PIECESQUARETABLES:0.5071369002903096
C_MOBILITY:0.5102843173309874
C_KINGSAFETY:0.5254084047562866
C_PAWNSTRUCTURE:0.49334728830388974
C_PIECECOORDINATION:0.5049234212977504
C_ROOKANDPAWNMOVEMENT:0.5049234212977504
C_CENTERCONTROL:0.5
C_DEVELOPPIECES:0.5005513787166761
C_MATERIAL:0.5108827094115127
