ELO:693
CE_PASSEDPAWNS:0.4415169232770289
CE_PAWNWEAKNESSES:0.6220535322022662
CE_PIECEACTIVITY:0.4848337369888524
CE_KINGPAWNSHIELD:0.5489647382768404
CE_PIECECOORDINATION:0.5085732995890205
CE_MATERIAL:0.5055495359967223
CE_KINGSAFETY:0.5
C_PIECESQUARETABLES:0.5
C_MOBILITY:0.566576771238348
C_KINGSAFETY:0.603403906878727
C_PAWNSTRUCTURE:0.5791501299453351
C_PIECECOORDINATION:0.5516488157383359
C_ROOKANDPAWNMOVEMENT:0.5516488157383359
C_CENTERCONTROL:0.5353464740485229
C_DEVELOPPIECES:0.5074510205199346
C_MATERIAL:0.5427673490958947
C_MOVECOUNT:0.5054383332573532
