ELO:861
CE_PASSEDPAWNS:0.5359432830015457
CE_PAWNWEAKNESSES:0.4910921916344303
CE_PIECEACTIVITY:0.5806064589356614
CE_KINGPAWNSHIELD:0.4936244307597967
CE_PIECECOORDINATION:0.4175871769818851
CE_MATERIAL:0.5094229426263854
CE_KINGSAFETY:0.4589841654024152
C_PIECESQUARETABLES:0.46331010190013944
C_MOBILITY:0.44363612014253967
C_KINGSAFETY:0.5224389184222701
C_PAWNSTRUCTURE:0.4907883170508926
C_PIECECOORDINATION:0.4519117224623865
C_ROOKANDPAWNMOVEMENT:0.4519117224623865
C_CENTERCONTROL:0.5678839032815234
C_DEVELOPPIECES:0.49752331826305285
C_MATERIAL:0.46907379826916423
C_MOVECOUNT:0.5
