ELO:974
CE_PASSEDPAWNS:0.5255868473684815
CE_PAWNWEAKNESSES:0.45025414969508215
CE_PIECEACTIVITY:0.4894567433777964
CE_KINGPAWNSHIELD:0.48906810487821534
CE_PIECECOORDINATION:0.49651991530614137
CE_MATERIAL:0.5073967977714856
CE_KINGSAFETY:0.5010194350940737
C_PIECESQUARETABLES:0.4811132951488062
C_MOBILITY:0.4850405867670167
C_KINGSAFETY:0.5146540543455564
C_PAWNSTRUCTURE:0.5001985298386186
C_PIECECOORDINATION:0.4839577225291262
C_ROOKANDPAWNMOVEMENT:0.4839577225291262
C_CENTERCONTROL:0.5123249760987295
C_DEVELOPPIECES:0.5094015910813666
C_MATERIAL:0.5058331375314137
C_MOVECOUNT:0.5176715711031803
