ELO:1020
CE_PASSEDPAWNS:0.5368977301871505
CE_PAWNWEAKNESSES:0.4917523790974564
CE_PIECEACTIVITY:0.6120407005398752
CE_KINGPAWNSHIELD:0.5054544337322554
CE_PIECECOORDINATION:0.5042958897391397
CE_MATERIAL:0.5395196003297927
CE_KINGSAFETY:0.48972073522321274
C_PIECESQUARETABLES:0.4847111211216634
C_MOBILITY:0.5898888275491402
C_KINGSAFETY:0.5948892099264703
C_PAWNSTRUCTURE:0.48909114361396233
C_PIECECOORDINATION:0.5095685369990506
C_ROOKANDPAWNMOVEMENT:0.5095685369990506
C_CENTERCONTROL:0.4577341529893468
C_DEVELOPPIECES:0.4896568891429257
C_MATERIAL:0.5341389257188698
