ELO:985
CE_PASSEDPAWNS:0.5152774232153771
CE_PAWNWEAKNESSES:0.4866681924862722
CE_PIECEACTIVITY:0.510845131387094
CE_KINGPAWNSHIELD:0.5062572866036095
CE_PIECECOORDINATION:0.5150442304159467
CE_MATERIAL:0.48957371747160977
CE_KINGSAFETY:0.5
C_PIECESQUARETABLES:0.5
C_MOBILITY:0.5136981403581298
C_KINGSAFETY:0.4962594707329172
C_PAWNSTRUCTURE:0.496701342524089
C_PIECECOORDINATION:0.5092644959623427
C_ROOK:0.5235389777948128
CE_ROOK:0.5465382772098452
C_CENTERCONTROL:0.5191717400063509
C_DEVELOPPIECES:0.5135854666727734
C_MATERIAL:0.5085119268006085
C_MOVECOUNT:0.5068550705463991
C_PAWNMOVEMENT:0.4807904767779419
