ELO:1000
CE_PASSEDPAWNS:0.5
CE_PAWNWEAKNESSES:0.5
CE_PIECEACTIVITY:0.5
CE_KINGPAWNSHIELD:0.4930941782235933
CE_PIECECOORDINATION:0.5
CE_MATERIAL:0.5066215609489051
CE_KINGSAFETY:0.5
C_PIECESQUARETABLES:0.5083534153424852
C_MOBILITY:0.5
C_KINGSAFETY:0.5
C_PAWNSTRUCTURE:0.5
C_PIECECOORDINATION:0.5
C_ROOK:0.5112009627874337
CE_ROOK:0.5
C_CENTERCONTROL:0.5
C_DEVELOPPIECES:0.5
C_MATERIAL:0.501558982362281
C_MOVECOUNT:0.4881826876445344
C_PAWNMOVEMENT:0.5
