ELO:1003
CE_PASSEDPAWNS:0.5726296593335188
CE_PAWNWEAKNESSES:0.5402153461422439
CE_PIECEACTIVITY:0.5400145127702035
CE_KINGPAWNSHIELD:0.44180515183487185
CE_PIECECOORDINATION:0.46148868098126494
CE_MATERIAL:0.3927950521750202
CE_KINGSAFETY:0.5268748508936675
C_PIECESQUARETABLES:0.4805875068700847
C_MOBILITY:0.5270245152533118
C_KINGSAFETY:0.5748980822478441
C_PAWNSTRUCTURE:0.47006540711680495
C_PIECECOORDINATION:0.5123259869547219
C_ROOKANDPAWNMOVEMENT:0.5123259869547219
C_CENTERCONTROL:0.391061412511626
C_DEVELOPPIECES:0.5579152155950038
C_MATERIAL:0.472917161905392
