ELO:934
CE_PASSEDPAWNS:0.5255868473684815
CE_PAWNWEAKNESSES:0.44505196765034855
CE_PIECEACTIVITY:0.4893526931023811
CE_KINGPAWNSHIELD:0.5165581287199543
CE_PIECECOORDINATION:0.5051264022602912
CE_MATERIAL:0.5079793430664741
CE_KINGSAFETY:0.49868349502283466
C_PIECESQUARETABLES:0.49374796357550105
C_MOBILITY:0.4876452969908692
C_KINGSAFETY:0.507767540870736
C_PAWNSTRUCTURE:0.49226972492043414
C_PIECECOORDINATION:0.48983769505837244
C_ROOKANDPAWNMOVEMENT:0.48983769505837244
C_CENTERCONTROL:0.5138488279225745
C_DEVELOPPIECES:0.5003629559207352
C_MATERIAL:0.5058331375314137
C_MOVECOUNT:0.5016765680328705
