ELO:1000
CE_PASSEDPAWNS:0.5088474974254985
CE_PAWNWEAKNESSES:0.506178391752729
CE_PIECEACTIVITY:0.48803268299464236
CE_KINGPAWNSHIELD:0.48860790310270347
CE_PIECECOORDINATION:0.49782592824000343
CE_MATERIAL:0.5189648130172652
CE_KINGSAFETY:0.4989155477331487
C_PIECESQUARETABLES:0.5098019804675284
C_MOBILITY:0.502451683383343
C_KINGSAFETY:0.5249283704918003
C_PAWNSTRUCTURE:0.4918784683402461
C_PIECECOORDINATION:0.51098124392253
C_ROOK:0.5109757927393265
CE_ROOK:0.5245283623171298
C_CENTERCONTROL:0.5
C_DEVELOPPIECES:0.5117498356532884
C_MATERIAL:0.5129592164336496
C_MOVECOUNT:0.4765410312262398
C_PAWNMOVEMENT:0.4913122602790261
