ELO:1000
CE_PASSEDPAWNS:0.49706040903316956
CE_PAWNWEAKNESSES:0.4942618420921783
CE_PIECEACTIVITY:0.492956291448879
CE_KINGPAWNSHIELD:0.5114039859615572
CE_PIECECOORDINATION:0.4938878590937203
CE_MATERIAL:0.5
CE_KINGSAFETY:0.5
C_PIECESQUARETABLES:0.4857732935093719
C_MOBILITY:0.5035810527690904
C_KINGSAFETY:0.5
C_PAWNSTRUCTURE:0.5
C_PIECECOORDINATION:0.5022909206499203
C_ROOKANDPAWNMOVEMENT:0.5022909206499203
C_CENTERCONTROL:0.5111779639581476
C_DEVELOPPIECES:0.5
C_MATERIAL:0.5
