ELO:1000
CE_PASSEDPAWNS:0.5094996625285381
CE_PAWNWEAKNESSES:0.4603639346560628
CE_PIECEACTIVITY:0.5002394616485971
CE_KINGPAWNSHIELD:0.5464830453558124
CE_PIECECOORDINATION:0.5035468105332931
CE_MATERIAL:0.4958404142251363
CE_KINGSAFETY:0.49215315821545325
C_PIECESQUARETABLES:0.5147492999787158
C_MOBILITY:0.5312124301322931
C_KINGSAFETY:0.4772904383438066
C_PAWNSTRUCTURE:0.4743506935918098
C_PIECECOORDINATION:0.44512434777655324
C_ROOKANDPAWNMOVEMENT:0.44512434777655324
C_CENTERCONTROL:0.5665129311319189
C_DEVELOPPIECES:0.6013377986443232
C_MATERIAL:0.45453985550580506
