ELO:981
CE_PASSEDPAWNS:0.47367088845350896
CE_PAWNWEAKNESSES:0.5183028915697426
CE_PIECEACTIVITY:0.4875292227157648
CE_KINGPAWNSHIELD:0.5000857738359081
CE_PIECECOORDINATION:0.5013213107397546
CE_MATERIAL:0.45870151250114954
CE_KINGSAFETY:0.5
C_PIECESQUARETABLES:0.5
C_MOBILITY:0.5104904546886989
C_KINGSAFETY:0.5042149466053881
C_PAWNSTRUCTURE:0.47123736318600723
C_PIECECOORDINATION:0.5380172810081868
C_ROOK:0.5087179678736831
CE_ROOK:0.5439825815893905
C_CENTERCONTROL:0.4744785666193554
C_DEVELOPPIECES:0.4997222474134546
C_MATERIAL:0.461953192972692
C_MOVECOUNT:0.4986445121917264
C_PAWNMOVEMENT:0.4905319168883052
