ELO:978
CE_PASSEDPAWNS:0.4466694514468427
CE_PAWNWEAKNESSES:0.5568103165970836
CE_PIECEACTIVITY:0.41159485335858104
CE_KINGPAWNSHIELD:0.49852268738518224
CE_PIECECOORDINATION:0.5217776278274201
CE_MATERIAL:0.48356060543184703
CE_KINGSAFETY:0.5
C_PIECESQUARETABLES:0.5
C_MOBILITY:0.47727189956904836
C_KINGSAFETY:0.5042149466053881
C_PAWNSTRUCTURE:0.5073873811072944
C_PIECECOORDINATION:0.5380172810081868
C_ROOK:0.5087179678736831
CE_ROOK:0.5439825815893905
C_CENTERCONTROL:0.4744785666193554
C_DEVELOPPIECES:0.5090476640875852
C_MATERIAL:0.5180800039458637
C_MOVECOUNT:0.49184347215090374
C_PAWNMOVEMENT:0.4905319168883052
