ELO:849
CE_PASSEDPAWNS:0.5715048276668994
CE_PAWNWEAKNESSES:0.5103346462573595
CE_PIECEACTIVITY:0.5406173414911908
CE_KINGPAWNSHIELD:0.5286209545517883
CE_PIECECOORDINATION:0.43272755978309113
CE_MATERIAL:0.49253249730663184
CE_KINGSAFETY:0.4820574475895194
C_PIECESQUARETABLES:0.49768586026670897
C_MOBILITY:0.48032038102414476
C_KINGSAFETY:0.5260856072139005
C_PAWNSTRUCTURE:0.472380639560518
C_PIECECOORDINATION:0.46889588281536965
C_ROOKANDPAWNMOVEMENT:0.46889588281536965
C_CENTERCONTROL:0.5456308246402932
C_DEVELOPPIECES:0.5153332900675748
C_MATERIAL:0.446711377886189
C_MOVECOUNT:0.5
