ELO:983
CE_PASSEDPAWNS:0.503134404356649
CE_PAWNWEAKNESSES:0.4618738994085874
CE_PIECEACTIVITY:0.5010813714371429
CE_KINGPAWNSHIELD:0.5217320498779768
CE_PIECECOORDINATION:0.49185149413540324
CE_MATERIAL:0.4854788915793009
CE_KINGSAFETY:0.49574297157873487
C_PIECESQUARETABLES:0.49648578850623354
C_MOBILITY:0.4935323416243412
C_KINGSAFETY:0.5039290366376733
C_PAWNSTRUCTURE:0.47427085540274483
C_PIECECOORDINATION:0.4806733808675069
C_ROOKANDPAWNMOVEMENT:0.4806733808675069
C_CENTERCONTROL:0.49447704610888243
C_DEVELOPPIECES:0.4980564219959881
C_MATERIAL:0.5119145241600923
C_MOVECOUNT:0.5325756891719334
