ELO:976
CE_PASSEDPAWNS:0.49379030531285045
CE_PAWNWEAKNESSES:0.4875964144110151
CE_PIECEACTIVITY:0.49535285519399386
CE_KINGPAWNSHIELD:0.5103415158729913
CE_PIECECOORDINATION:0.501432142808707
CE_MATERIAL:0.5003830665520582
CE_KINGSAFETY:0.49061788233531006
C_PIECESQUARETABLES:0.5
C_MOBILITY:0.49459832861282593
C_KINGSAFETY:0.5066902129973682
C_PAWNSTRUCTURE:0.4980355996366327
C_PIECECOORDINATION:0.49215737483626
C_ROOKANDPAWNMOVEMENT:0.49215737483626
C_CENTERCONTROL:0.48534810282906155
C_DEVELOPPIECES:0.49680285185599293
C_MATERIAL:0.522077192415941
C_MOVECOUNT:0.5
