ELO:1000
CE_PASSEDPAWNS:0.4909451022086519
CE_PAWNWEAKNESSES:0.45856250152194294
CE_PIECEACTIVITY:0.49312451769087357
CE_KINGPAWNSHIELD:0.49582082422914053
CE_PIECECOORDINATION:0.4573815034714494
CE_MATERIAL:0.5084072670981873
CE_KINGSAFETY:0.5310691531430057
C_PIECESQUARETABLES:0.5248171544883882
C_MOBILITY:0.5078041512433935
C_KINGSAFETY:0.5166080869522517
C_PAWNSTRUCTURE:0.4884988321701966
C_PIECECOORDINATION:0.48235307759920526
C_ROOKANDPAWNMOVEMENT:0.48235307759920526
C_CENTERCONTROL:0.5143053336250456
C_DEVELOPPIECES:0.547103703883378
C_MATERIAL:0.47491625264927
