ELO:724
CE_PASSEDPAWNS:0.4508537910051769
CE_PAWNWEAKNESSES:0.6062503097027956
CE_PIECEACTIVITY:0.4736218952711254
CE_KINGPAWNSHIELD:0.5784728513773755
CE_PIECECOORDINATION:0.4849227749594454
CE_MATERIAL:0.5224473654410862
CE_KINGSAFETY:0.48520632817061893
C_PIECESQUARETABLES:0.5034589019195707
C_MOBILITY:0.5566882062534003
C_KINGSAFETY:0.6022025501987998
C_PAWNSTRUCTURE:0.5675645980148635
C_PIECECOORDINATION:0.5616580226543314
C_ROOKANDPAWNMOVEMENT:0.5616580226543314
C_CENTERCONTROL:0.5170953117473335
C_DEVELOPPIECES:0.5093396237495423
C_MATERIAL:0.5606124589610892
C_MOVECOUNT:0.5044872501503945
