ELO:954
CE_PASSEDPAWNS:0.46804563816267447
CE_PAWNWEAKNESSES:0.5532838044159533
CE_PIECEACTIVITY:0.6087329746802129
CE_KINGPAWNSHIELD:0.4764583327416292
CE_PIECECOORDINATION:0.5877948751300972
CE_MATERIAL:0.5064860840236257
CE_KINGSAFETY:0.4801834898026221
C_PIECESQUARETABLES:0.49132766560140995
C_MOBILITY:0.4593379300142944
C_KINGSAFETY:0.5060706015326483
C_PAWNSTRUCTURE:0.4368931163028732
C_PIECECOORDINATION:0.46227521790978005
C_ROOKANDPAWNMOVEMENT:0.46227521790978005
C_CENTERCONTROL:0.5417501713506556
C_DEVELOPPIECES:0.5902328089877701
C_MATERIAL:0.4315253446035291
