ELO:969
CE_PASSEDPAWNS:0.44772560138384726
CE_PAWNWEAKNESSES:0.48692820460069414
CE_PIECEACTIVITY:0.5140951626628013
CE_KINGPAWNSHIELD:0.5218344952880459
CE_PIECECOORDINATION:0.5023434347338097
CE_MATERIAL:0.49129002532264254
CE_KINGSAFETY:0.5
C_PIECESQUARETABLES:0.4866534991068159
C_MOBILITY:0.4842982498407757
C_KINGSAFETY:0.5033016715115651
C_PAWNSTRUCTURE:0.5013364162769512
C_PIECECOORDINATION:0.4958104054466436
C_ROOKANDPAWNMOVEMENT:0.4958104054466436
C_CENTERCONTROL:0.494307329309956
C_DEVELOPPIECES:0.5423002428769658
C_MATERIAL:0.4881212368449379
C_MOVECOUNT:0.5145881566214101
