ELO:1000
CE_PASSEDPAWNS:0.4926578130346011
CE_PAWNWEAKNESSES:0.4902922048387198
CE_PIECEACTIVITY:0.493813500990164
CE_KINGPAWNSHIELD:0.49119379397014223
CE_PIECECOORDINATION:0.4694022551950203
CE_MATERIAL:0.49655634889703404
CE_KINGSAFETY:0.47843491125406623
C_PIECESQUARETABLES:0.5117468839673137
C_MOBILITY:0.5122490841157455
C_KINGSAFETY:0.4884967166873813
C_PAWNSTRUCTURE:0.48872434223355093
C_PIECECOORDINATION:0.4959055608259043
C_ROOKANDPAWNMOVEMENT:0.4959055608259043
C_CENTERCONTROL:0.48167057154726806
C_DEVELOPPIECES:0.5040642172210341
C_MATERIAL:0.5217724613786664
