ELO:940
CE_PASSEDPAWNS:0.5697615695961491
CE_PAWNWEAKNESSES:0.4902202486367487
CE_PIECEACTIVITY:0.5211063379223344
CE_KINGPAWNSHIELD:0.48613566597678237
CE_PIECECOORDINATION:0.47331353866365117
CE_MATERIAL:0.5383688889111633
CE_KINGSAFETY:0.5017072951697418
C_PIECESQUARETABLES:0.504730160248108
C_MOBILITY:0.4965004696902121
C_KINGSAFETY:0.5462843358862871
C_PAWNSTRUCTURE:0.5171852647058974
C_PIECECOORDINATION:0.48614714638432666
C_ROOKANDPAWNMOVEMENT:0.48614714638432666
C_CENTERCONTROL:0.5064688411235391
C_DEVELOPPIECES:0.559094923295312
C_MATERIAL:0.5011724541355088
C_MOVECOUNT:0.5
