ELO:1021
CE_PASSEDPAWNS:0.4883514526839017
CE_PAWNWEAKNESSES:0.528696805452044
CE_PIECEACTIVITY:0.48312591596718785
CE_KINGPAWNSHIELD:0.4662986907521495
CE_PIECECOORDINATION:0.4656155595690857
CE_MATERIAL:0.5138007272022727
CE_KINGSAFETY:0.5
C_PIECESQUARETABLES:0.5
C_MOBILITY:0.5
C_KINGSAFETY:0.5278085326356238
C_PAWNSTRUCTURE:0.5140388997786214
C_PIECECOORDINATION:0.5007055499119479
C_ROOK:0.4888640696535103
CE_ROOK:0.48678378453295096
C_CENTERCONTROL:0.4962465463250829
C_DEVELOPPIECES:0.5507996504531627
C_MATERIAL:0.461953192972692
C_MOVECOUNT:0.4693380993017222
C_PAWNMOVEMENT:0.5117228423149269
