ELO:933
CE_PASSEDPAWNS:0.4828086060045992
CE_PAWNWEAKNESSES:0.5144466524625317
CE_PIECEACTIVITY:0.5255238884156809
CE_KINGPAWNSHIELD:0.4915160742527782
CE_PIECECOORDINATION:0.4665600218908254
CE_MATERIAL:0.49290143426946637
CE_KINGSAFETY:0.5205382011430966
C_PIECESQUARETABLES:0.519849007372329
C_MOBILITY:0.5221201835992338
C_KINGSAFETY:0.5299824955762331
C_PAWNSTRUCTURE:0.4968644322543087
C_PIECECOORDINATION:0.4757811983529656
C_ROOKANDPAWNMOVEMENT:0.4757811983529656
C_CENTERCONTROL:0.4957890919337119
C_DEVELOPPIECES:0.49048795716032206
C_MATERIAL:0.4666577318878423
C_MOVECOUNT:0.5
