ELO:974
CE_PASSEDPAWNS:0.5333287744302712
CE_PAWNWEAKNESSES:0.5142364679048248
CE_PIECEACTIVITY:0.5219366636654947
CE_KINGPAWNSHIELD:0.5238069080948704
CE_PIECECOORDINATION:0.4787392392422479
CE_MATERIAL:0.43525663334064374
CE_KINGSAFETY:0.5149990807406294
C_PIECESQUARETABLES:0.4739583279770218
C_MOBILITY:0.5493417161935622
C_KINGSAFETY:0.5096561149879981
C_PAWNSTRUCTURE:0.5249502373260422
C_PIECECOORDINATION:0.5451290275902128
C_ROOKANDPAWNMOVEMENT:0.5451290275902128
C_CENTERCONTROL:0.5402913709587619
C_DEVELOPPIECES:0.564195058331043
C_MATERIAL:0.4605861766254332
