ELO:911
CE_PASSEDPAWNS:0.4716279796158399
CE_PAWNWEAKNESSES:0.5104021243433443
CE_PIECEACTIVITY:0.5842219171060253
CE_KINGPAWNSHIELD:0.49698124825644324
CE_PIECECOORDINATION:0.4970981077213129
CE_MATERIAL:0.476353695412173
CE_KINGSAFETY:0.5052610133956283
C_PIECESQUARETABLES:0.4546919132745869
C_MOBILITY:0.3851662443379904
C_KINGSAFETY:0.4371782578237608
C_PAWNSTRUCTURE:0.5191612925713189
C_PIECECOORDINATION:0.4260192651824602
C_ROOKANDPAWNMOVEMENT:0.4260192651824602
C_CENTERCONTROL:0.4956458881834027
C_DEVELOPPIECES:0.5231420937613916
C_MATERIAL:0.46905561001882384
C_MOVECOUNT:0.5
