ELO:895
CE_PASSEDPAWNS:0.48117842909898045
CE_PAWNWEAKNESSES:0.5166393381816807
CE_PIECEACTIVITY:0.46204985527374404
CE_KINGPAWNSHIELD:0.514197957209638
CE_PIECECOORDINATION:0.5446586306546608
CE_MATERIAL:0.5429716903801141
CE_KINGSAFETY:0.5
C_PIECESQUARETABLES:0.4973064785188965
C_MOBILITY:0.5109601768676535
C_KINGSAFETY:0.48635175924410556
C_PAWNSTRUCTURE:0.5044486318384919
C_PIECECOORDINATION:0.5201482177393888
C_ROOKANDPAWNMOVEMENT:0.5201482177393888
C_CENTERCONTROL:0.5063127291528299
C_DEVELOPPIECES:0.4996144963998074
C_MATERIAL:0.5
C_MOVECOUNT:0.5
