ELO:906
CE_PASSEDPAWNS:0.47529716027861274
CE_PAWNWEAKNESSES:0.5599444025588858
CE_PIECEACTIVITY:0.6066167716212575
CE_KINGPAWNSHIELD:0.49188509585859524
CE_PIECECOORDINATION:0.574884187784922
CE_MATERIAL:0.4945945005066538
CE_KINGSAFETY:0.4703742266254074
C_PIECESQUARETABLES:0.46742738403304723
C_MOBILITY:0.4681563285510794
C_KINGSAFETY:0.4913815791395837
C_PAWNSTRUCTURE:0.39891048120945627
C_PIECECOORDINATION:0.4545015454773079
C_ROOKANDPAWNMOVEMENT:0.4545015454773079
C_CENTERCONTROL:0.5661245859214479
C_DEVELOPPIECES:0.5787007043389891
C_MATERIAL:0.4141933219336905
