ELO:873
CE_PASSEDPAWNS:0.5568726942746933
CE_PAWNWEAKNESSES:0.4982548897382015
CE_PIECEACTIVITY:0.5639850242938422
CE_KINGPAWNSHIELD:0.5102252605373183
CE_PIECECOORDINATION:0.40817526909007595
CE_MATERIAL:0.5063680154891642
CE_KINGSAFETY:0.4555340087482687
C_PIECESQUARETABLES:0.4520052303314807
C_MOBILITY:0.4169519524890025
C_KINGSAFETY:0.5152615085878288
C_PAWNSTRUCTURE:0.5214903668129969
C_PIECECOORDINATION:0.44772756413485437
C_ROOKANDPAWNMOVEMENT:0.44772756413485437
C_CENTERCONTROL:0.5622783866455424
C_DEVELOPPIECES:0.507946645497829
C_MATERIAL:0.471576793576163
C_MOVECOUNT:0.5
