ELO:845
CE_PASSEDPAWNS:0.3577443098111505
CE_PAWNWEAKNESSES:0.6079884903141424
CE_PIECEACTIVITY:0.5581781986310543
CE_KINGPAWNSHIELD:0.39906518373508776
CE_PIECECOORDINATION:0.5906544065355068
CE_MATERIAL:0.3646205997467079
CE_KINGSAFETY:0.4626171539513881
C_PIECESQUARETABLES:0.4976267206245436
C_MOBILITY:0.6053279914912695
C_KINGSAFETY:0.4869258059402567
C_PAWNSTRUCTURE:0.3855902958843792
C_PIECECOORDINATION:0.508855019360172
C_ROOKANDPAWNMOVEMENT:0.508855019360172
C_CENTERCONTROL:0.48044080243567483
C_DEVELOPPIECES:0.7078401637476237
C_MATERIAL:0.5771910162493343
