ELO:898
CE_PASSEDPAWNS:0.48827355243961146
CE_PAWNWEAKNESSES:0.5531452540089237
CE_PIECEACTIVITY:0.5080988079268728
CE_KINGPAWNSHIELD:0.5314850900863934
CE_PIECECOORDINATION:0.390447978259295
CE_MATERIAL:0.5317097475897307
CE_KINGSAFETY:0.5129137366493687
C_PIECESQUARETABLES:0.5039776073542855
C_MOBILITY:0.563576976223695
C_KINGSAFETY:0.6726103070775866
C_PAWNSTRUCTURE:0.5673487734215138
C_PIECECOORDINATION:0.403000937541865
C_ROOKANDPAWNMOVEMENT:0.403000937541865
C_CENTERCONTROL:0.4417341584865995
C_DEVELOPPIECES:0.5741343957552748
C_MATERIAL:0.6077769376304613
