ELO:1010
CE_PASSEDPAWNS:0.4952969715489049
CE_PAWNWEAKNESSES:0.5036634240130975
CE_PIECEACTIVITY:0.5
CE_KINGPAWNSHIELD:0.5
CE_PIECECOORDINATION:0.4972786766945913
CE_MATERIAL:0.5127378801605975
CE_KINGSAFETY:0.4939612260473637
C_PIECESQUARETABLES:0.5
C_MOBILITY:0.5200717828291445
C_KINGSAFETY:0.4883157854316782
C_PAWNSTRUCTURE:0.5
C_PIECECOORDINATION:0.496243194041132
C_ROOKANDPAWNMOVEMENT:0.496243194041132
C_CENTERCONTROL:0.5125723607937829
C_DEVELOPPIECES:0.47849610252288133
C_MATERIAL:0.5063039389481695
C_MOVECOUNT:0.496306219078051
