ELO:1002
CE_PASSEDPAWNS:0.5104905832362157
CE_PAWNWEAKNESSES:0.5118188001903646
CE_PIECEACTIVITY:0.49757212537587486
CE_KINGPAWNSHIELD:0.48413089815423616
CE_PIECECOORDINATION:0.507901291661078
CE_MATERIAL:0.49006348772434816
CE_KINGSAFETY:0.5
C_PIECESQUARETABLES:0.5
C_MOBILITY:0.4955772492442601
C_KINGSAFETY:0.5054746789576133
C_PAWNSTRUCTURE:0.5080573609860584
C_PIECECOORDINATION:0.49879160358594027
C_ROOKANDPAWNMOVEMENT:0.49879160358594027
C_CENTERCONTROL:0.5182084762650918
C_DEVELOPPIECES:0.4893127448732432
C_MATERIAL:0.4920300034189638
C_MOVECOUNT:0.4903770416810901
