ELO:980
CE_PASSEDPAWNS:0.5
CE_PAWNWEAKNESSES:0.5035392195198948
CE_PIECEACTIVITY:0.5
CE_KINGPAWNSHIELD:0.496345076156768
CE_PIECECOORDINATION:0.5344993850633579
CE_MATERIAL:0.5169610401492581
CE_KINGSAFETY:0.49712117802676026
C_PIECESQUARETABLES:0.5
C_MOBILITY:0.5
C_KINGSAFETY:0.4874081480110733
C_PAWNSTRUCTURE:0.5139774320527989
C_PIECECOORDINATION:0.5257410691688768
C_ROOKANDPAWNMOVEMENT:0.5257410691688768
C_CENTERCONTROL:0.4910143707768051
C_DEVELOPPIECES:0.5134859778961348
C_MATERIAL:0.5
C_MOVECOUNT:0.49011147401654465
