ELO:930
CE_PASSEDPAWNS:0.5256260164442532
CE_PAWNWEAKNESSES:0.4893498969433664
CE_PIECEACTIVITY:0.5155487107406042
CE_KINGPAWNSHIELD:0.4670413808037907
CE_PIECECOORDINATION:0.5118821652488246
CE_MATERIAL:0.5109622527061274
CE_KINGSAFETY:0.49426604275353336
C_PIECESQUARETABLES:0.5
C_MOBILITY:0.5178413345728964
C_KINGSAFETY:0.5143117634240155
C_PAWNSTRUCTURE:0.5321514974194433
C_PIECECOORDINATION:0.5121920176372966
C_ROOK:0.48293860896089846
CE_ROOK:0.5079286914008
C_CENTERCONTROL:0.49625014169437853
C_DEVELOPPIECES:0.4740244154379482
C_MATERIAL:0.4987086725339138
C_MOVECOUNT:0.5178926133975358
C_PAWNMOVEMENT:0.48540495358964564
