ELO:975
CE_PASSEDPAWNS:0.4954574939770295
CE_PAWNWEAKNESSES:0.5
CE_PIECEACTIVITY:0.5047184322861931
CE_KINGPAWNSHIELD:0.5
CE_PIECECOORDINATION:0.5
CE_MATERIAL:0.504082938843964
CE_KINGSAFETY:0.5
C_PIECESQUARETABLES:0.5
C_MOBILITY:0.5
C_KINGSAFETY:0.4942192418160914
C_PAWNSTRUCTURE:0.4943233643953672
C_PIECECOORDINATION:0.5
C_ROOKANDPAWNMOVEMENT:0.5
C_CENTERCONTROL:0.5013119981199698
C_DEVELOPPIECES:0.4879459432285156
C_MATERIAL:0.502511493397448
C_MOVECOUNT:0.4948546006765629
