ELO:978
CE_PASSEDPAWNS:0.4372657134765356
CE_PAWNWEAKNESSES:0.541286228039337
CE_PIECEACTIVITY:0.5635427618964841
CE_KINGPAWNSHIELD:0.5361343000622633
CE_PIECECOORDINATION:0.4586584093957486
CE_MATERIAL:0.5688332238213012
CE_KINGSAFETY:0.48312701066713726
C_PIECESQUARETABLES:0.4440040766451331
C_MOBILITY:0.5513186936056711
C_KINGSAFETY:0.4504445563513188
C_PAWNSTRUCTURE:0.47577132026353036
C_PIECECOORDINATION:0.4085267135614115
C_ROOKANDPAWNMOVEMENT:0.4085267135614115
C_CENTERCONTROL:0.5450462922853628
C_DEVELOPPIECES:0.4495200892172045
C_MATERIAL:0.49616176675337287
