ELO:925
CE_PASSEDPAWNS:0.5533569778854517
CE_PAWNWEAKNESSES:0.461006895747548
CE_PIECEACTIVITY:0.5293945123132778
CE_KINGPAWNSHIELD:0.3692468093916304
CE_PIECECOORDINATION:0.5033727516818475
CE_MATERIAL:0.507535216343375
CE_KINGSAFETY:0.5
C_PIECESQUARETABLES:0.5
C_MOBILITY:0.5736504290599065
C_KINGSAFETY:0.49141479951764416
C_PAWNSTRUCTURE:0.49155286495881056
C_PIECECOORDINATION:0.4521346749816416
C_ROOKANDPAWNMOVEMENT:0.4521346749816416
C_CENTERCONTROL:0.4742081544767967
C_DEVELOPPIECES:0.5711748563417514
C_MATERIAL:0.4805112615866776
C_MOVECOUNT:0.5138013413525886
