ELO:955
CE_PASSEDPAWNS:0.4409083293733238
CE_PAWNWEAKNESSES:0.5754468710041847
CE_PIECEACTIVITY:0.48536365370761053
CE_KINGPAWNSHIELD:0.5108661610286783
CE_PIECECOORDINATION:0.4573087567132837
CE_MATERIAL:0.541061932763345
CE_KINGSAFETY:0.500677989297546
C_PIECESQUARETABLES:0.5137275751114226
C_MOBILITY:0.5613651950100845
C_KINGSAFETY:0.4284598456077591
C_PAWNSTRUCTURE:0.4829984879299089
C_PIECECOORDINATION:0.3860097401346097
C_ROOKANDPAWNMOVEMENT:0.3860097401346097
C_CENTERCONTROL:0.5026013240186626
C_DEVELOPPIECES:0.46642409231356396
C_MATERIAL:0.5080194689881512
