ELO:997
CE_PASSEDPAWNS:0.5011320286546953
CE_PAWNWEAKNESSES:0.506898165592726
CE_PIECEACTIVITY:0.5115132855882217
CE_KINGPAWNSHIELD:0.4695255515975394
CE_PIECECOORDINATION:0.5013669638461281
CE_MATERIAL:0.5136748268357582
CE_KINGSAFETY:0.4971139678275698
C_PIECESQUARETABLES:0.5
C_MOBILITY:0.5082907446003545
C_KINGSAFETY:0.502207164795079
C_PAWNSTRUCTURE:0.5235639015941957
C_PIECECOORDINATION:0.5099832559696129
C_ROOK:0.4891397603126135
CE_ROOK:0.5079286914008
C_CENTERCONTROL:0.5046139309944144
C_DEVELOPPIECES:0.4710304362126798
C_MATERIAL:0.5148176585505826
C_MOVECOUNT:0.4982171585959589
C_PAWNMOVEMENT:0.4663475314414488
