ELO:1000
CE_PASSEDPAWNS:0.47769036371894147
CE_PAWNWEAKNESSES:0.4872686267540362
CE_PIECEACTIVITY:0.5218135087801827
CE_KINGPAWNSHIELD:0.503527585729317
CE_PIECECOORDINATION:0.5090252552375325
CE_MATERIAL:0.5245006584707832
CE_KINGSAFETY:0.5033754931305414
C_PIECESQUARETABLES:0.4672264199519825
C_MOBILITY:0.5112536496587168
C_KINGSAFETY:0.5380780439607759
C_PAWNSTRUCTURE:0.5572766704261
C_PIECECOORDINATION:0.43916957967269926
C_ROOKANDPAWNMOVEMENT:0.43916957967269926
C_CENTERCONTROL:0.5199899247829879
C_DEVELOPPIECES:0.5319740569904106
C_MATERIAL:0.4778326305268814
