ELO:970
CE_PASSEDPAWNS:0.5112947066181398
CE_PAWNWEAKNESSES:0.5024358870469384
CE_PIECEACTIVITY:0.509657389625158
CE_KINGPAWNSHIELD:0.461503836161814
CE_PIECECOORDINATION:0.5029135148319018
CE_MATERIAL:0.5136093254131475
CE_KINGSAFETY:0.49622926076428836
C_PIECESQUARETABLES:0.4982874483520322
C_MOBILITY:0.5333057615017296
C_KINGSAFETY:0.5132702942423161
C_PAWNSTRUCTURE:0.5269838710232716
C_PIECECOORDINATION:0.4972085292879875
C_ROOK:0.4891397603126135
CE_ROOK:0.5079286914008
C_CENTERCONTROL:0.5053417892750264
C_DEVELOPPIECES:0.47666279347817914
C_MATERIAL:0.5087219242488509
C_MOVECOUNT:0.5141846883622242
C_PAWNMOVEMENT:0.47475803001755035
