ELO:1032
CE_PASSEDPAWNS:0.5024507994943174
CE_PAWNWEAKNESSES:0.4988104023832904
CE_PIECEACTIVITY:0.5028682280268651
CE_KINGPAWNSHIELD:0.5090177146020164
CE_PIECECOORDINATION:0.5049346467414968
CE_MATERIAL:0.4965006920338921
CE_KINGSAFETY:0.5
C_PIECESQUARETABLES:0.5
C_MOBILITY:0.4901542722378542
C_KINGSAFETY:0.4885343013579982
C_PAWNSTRUCTURE:0.49652059429646844
C_PIECECOORDINATION:0.5
C_ROOKANDPAWNMOVEMENT:0.5
C_CENTERCONTROL:0.5
C_DEVELOPPIECES:0.49075243691425025
C_MATERIAL:0.5
C_MOVECOUNT:0.4910026095746901
