ELO:911
CE_PASSEDPAWNS:0.5370043449836519
CE_PAWNWEAKNESSES:0.473552766883652
CE_PIECEACTIVITY:0.5693935122902948
CE_KINGPAWNSHIELD:0.494911309239504
CE_PIECECOORDINATION:0.5217836109180045
CE_MATERIAL:0.5764728180196128
CE_KINGSAFETY:0.4769757903629642
C_PIECESQUARETABLES:0.5
C_MOBILITY:0.5204088666273501
C_KINGSAFETY:0.567965306857671
C_PAWNSTRUCTURE:0.5243690464078403
C_PIECECOORDINATION:0.5258256374391279
C_ROOK:0.5135041023006657
CE_ROOK:0.5504005987073982
C_CENTERCONTROL:0.4908222690123283
C_DEVELOPPIECES:0.479337558414136
C_MATERIAL:0.5144432673843363
C_MOVECOUNT:0.5115850165512984
C_PAWNMOVEMENT:0.4775709293248806
