ELO:853
CE_PASSEDPAWNS:0.45695330713146953
CE_PAWNWEAKNESSES:0.5534231540232394
CE_PIECEACTIVITY:0.4788348788001444
CE_KINGPAWNSHIELD:0.5786700550253425
CE_PIECECOORDINATION:0.4757532570425426
CE_MATERIAL:0.49702215303471226
CE_KINGSAFETY:0.4560530496545783
C_PIECESQUARETABLES:0.5015930343065097
C_MOBILITY:0.5137582092849964
C_KINGSAFETY:0.43905118397274484
C_PAWNSTRUCTURE:0.4906197901966878
C_PIECECOORDINATION:0.388160665732349
C_ROOKANDPAWNMOVEMENT:0.388160665732349
C_CENTERCONTROL:0.5310040644416315
C_DEVELOPPIECES:0.47492885087283565
C_MATERIAL:0.474188828154449
