ELO:1124
CE_PASSEDPAWNS:0.6130940621411644
CE_PAWNWEAKNESSES:0.44670110902297383
CE_PIECEACTIVITY:0.5646143060507495
CE_KINGPAWNSHIELD:0.4105530037766546
CE_PIECECOORDINATION:0.5449900128502336
CE_MATERIAL:0.40555894096965295
CE_KINGSAFETY:0.5
C_PIECESQUARETABLES:0.4882129591322613
C_MOBILITY:0.4455170774255024
C_KINGSAFETY:0.49143655659352076
C_PAWNSTRUCTURE:0.46805375593087345
C_PIECECOORDINATION:0.36062421724656424
C_ROOKANDPAWNMOVEMENT:0.36062421724656424
C_CENTERCONTROL:0.5435725741076133
C_DEVELOPPIECES:0.5034004472324135
C_MATERIAL:0.4073474203952967
