ELO:883
CE_PASSEDPAWNS:0.4672712969965509
CE_PAWNWEAKNESSES:0.45970070309526584
CE_PIECEACTIVITY:0.57925127623779
CE_KINGPAWNSHIELD:0.4940484174454118
CE_PIECECOORDINATION:0.5009220643244031
CE_MATERIAL:0.5017858053125347
CE_KINGSAFETY:0.5
C_PIECESQUARETABLES:0.5
C_MOBILITY:0.4489671811028056
C_KINGSAFETY:0.549090814316327
C_PAWNSTRUCTURE:0.5093134734611626
C_PIECECOORDINATION:0.47250438445832965
C_ROOKANDPAWNMOVEMENT:0.47250438445832965
C_CENTERCONTROL:0.5086821790670047
C_DEVELOPPIECES:0.5001610201690191
C_MATERIAL:0.521335640926049
C_MOVECOUNT:0.5237629977167696
