ELO:1008
CE_PASSEDPAWNS:0.5142892442732371
CE_PAWNWEAKNESSES:0.49236511058804694
CE_PIECEACTIVITY:0.5
CE_KINGPAWNSHIELD:0.5064060851060618
CE_PIECECOORDINATION:0.507901291661078
CE_MATERIAL:0.5081477029584303
CE_KINGSAFETY:0.5
C_PIECESQUARETABLES:0.5
C_MOBILITY:0.5042615137898224
C_KINGSAFETY:0.49605629641542076
C_PAWNSTRUCTURE:0.4893836178441504
C_PIECECOORDINATION:0.4902672541631018
C_ROOKANDPAWNMOVEMENT:0.4902672541631018
C_CENTERCONTROL:0.49276230333734894
C_DEVELOPPIECES:0.5
C_MATERIAL:0.5036479853400242
C_MOVECOUNT:0.5
