ELO:961
CE_PASSEDPAWNS:0.4561968384228406
CE_PAWNWEAKNESSES:0.4436981051409199
CE_PIECEACTIVITY:0.4852569190208016
CE_KINGPAWNSHIELD:0.52648099896857
CE_PIECECOORDINATION:0.4823479647354909
CE_MATERIAL:0.48451143428255405
CE_KINGSAFETY:0.4953250209447631
C_PIECESQUARETABLES:0.48625794488425816
C_MOBILITY:0.48793012855224543
C_KINGSAFETY:0.4932906848478346
C_PAWNSTRUCTURE:0.478509319644449
C_PIECECOORDINATION:0.5129758943636403
C_ROOKANDPAWNMOVEMENT:0.5129758943636403
C_CENTERCONTROL:0.5119362562924642
C_DEVELOPPIECES:0.5321171552723554
C_MATERIAL:0.49423190410844764
C_MOVECOUNT:0.5
