ELO:956
CE_PASSEDPAWNS:0.5177294075294493
CE_PAWNWEAKNESSES:0.4947653149133684
CE_PIECEACTIVITY:0.5175771914704069
CE_KINGPAWNSHIELD:0.47108669212028703
CE_PIECECOORDINATION:0.5009865372611432
CE_MATERIAL:0.5136093254131475
CE_KINGSAFETY:0.5055396725874342
C_PIECESQUARETABLES:0.519776256458276
C_MOBILITY:0.5208356106329334
C_KINGSAFETY:0.5052479394704914
C_PAWNSTRUCTURE:0.5249408481098831
C_PIECECOORDINATION:0.5084177794262577
C_ROOK:0.48293860896089846
CE_ROOK:0.5079286914008
C_CENTERCONTROL:0.49625014169437853
C_DEVELOPPIECES:0.4745567602082793
C_MATERIAL:0.4945769611083754
C_MOVECOUNT:0.5134212762108624
C_PAWNMOVEMENT:0.47483445470259966
