ELO:971
CE_PASSEDPAWNS:0.5168130343338716
CE_PAWNWEAKNESSES:0.502636211248948
CE_PIECEACTIVITY:0.5158494835277404
CE_KINGPAWNSHIELD:0.461503836161814
CE_PIECECOORDINATION:0.5029135148319018
CE_MATERIAL:0.5210824706389743
CE_KINGSAFETY:0.49622926076428836
C_PIECESQUARETABLES:0.5092236701086177
C_MOBILITY:0.5291911436173917
C_KINGSAFETY:0.5229193337249891
C_PAWNSTRUCTURE:0.5269838710232716
C_PIECECOORDINATION:0.4990987776037136
C_ROOK:0.4891397603126135
CE_ROOK:0.5079286914008
C_CENTERCONTROL:0.49604819058907845
C_DEVELOPPIECES:0.47666279347817914
C_MATERIAL:0.5087219242488509
C_MOVECOUNT:0.502631574579537
C_PAWNMOVEMENT:0.48733735301720527
