ELO:964
CE_PASSEDPAWNS:0.505378690783579
CE_PAWNWEAKNESSES:0.4848026453991077
CE_PIECEACTIVITY:0.5003551714781589
CE_KINGPAWNSHIELD:0.5004308752175307
CE_PIECECOORDINATION:0.52343946208864
CE_MATERIAL:0.5017305685742657
CE_KINGSAFETY:0.5
C_PIECESQUARETABLES:0.5
C_MOBILITY:0.5065946297072387
C_KINGSAFETY:0.5013961021673338
C_PAWNSTRUCTURE:0.5179214438843236
C_PIECECOORDINATION:0.5015288327603913
C_ROOKANDPAWNMOVEMENT:0.5015288327603913
C_CENTERCONTROL:0.543676576019425
C_DEVELOPPIECES:0.48848059107933894
C_MATERIAL:0.4972770786893799
C_MOVECOUNT:0.5
