ELO:973
CE_PASSEDPAWNS:0.5221914964239859
CE_PAWNWEAKNESSES:0.48709150680299906
CE_PIECEACTIVITY:0.5681635257553224
CE_KINGPAWNSHIELD:0.49528372197685727
CE_PIECECOORDINATION:0.5206768169291351
CE_MATERIAL:0.5632792145788058
CE_KINGSAFETY:0.5
C_PIECESQUARETABLES:0.5
C_MOBILITY:0.5295384088011685
C_KINGSAFETY:0.5090321380659661
C_PAWNSTRUCTURE:0.5141298906198177
C_PIECECOORDINATION:0.4902322088171527
C_ROOK:0.5132669580219296
CE_ROOK:0.555309140785176
C_CENTERCONTROL:0.48943988432950647
C_DEVELOPPIECES:0.48830311647918895
C_MATERIAL:0.5028856069619322
C_MOVECOUNT:0.4876951038206572
C_PAWNMOVEMENT:0.5082302169764161
