ELO:1000
CE_PASSEDPAWNS:0.5081940908764728
CE_PAWNWEAKNESSES:0.45995490192685334
CE_PIECEACTIVITY:0.5100541990310951
CE_KINGPAWNSHIELD:0.5165794430359218
CE_PIECECOORDINATION:0.5332461500218266
CE_MATERIAL:0.5216805298506612
CE_KINGSAFETY:0.5079349881570663
C_PIECESQUARETABLES:0.4879712458713711
C_MOBILITY:0.5145581588191599
C_KINGSAFETY:0.5043225590556152
C_PAWNSTRUCTURE:0.5096185285324203
C_PIECECOORDINATION:0.4714836773029842
C_ROOKANDPAWNMOVEMENT:0.4714836773029842
C_CENTERCONTROL:0.48539170831901607
C_DEVELOPPIECES:0.5029753135335377
C_MATERIAL:0.5180308429395317
