ELO:959
CE_PASSEDPAWNS:0.504880068725157
CE_PAWNWEAKNESSES:0.49094713179248783
CE_PIECEACTIVITY:0.5068723557914009
CE_KINGPAWNSHIELD:0.49497474319708207
CE_PIECECOORDINATION:0.49037469425813723
CE_MATERIAL:0.4783842186725837
CE_KINGSAFETY:0.509040598033209
C_PIECESQUARETABLES:0.4987871145337127
C_MOBILITY:0.5313383251088857
C_KINGSAFETY:0.4952987671191114
C_PAWNSTRUCTURE:0.5143261881376942
C_PIECECOORDINATION:0.5027049129219118
C_ROOK:0.5
CE_ROOK:0.5
C_CENTERCONTROL:0.5335709622944026
C_DEVELOPPIECES:0.4956600594419619
C_MATERIAL:0.5104347455170516
C_MOVECOUNT:0.5272679590673816
C_PAWNMOVEMENT:0.5
