ELO:962
CE_PASSEDPAWNS:0.4801952710003543
CE_PAWNWEAKNESSES:0.5060222260066117
CE_PIECEACTIVITY:0.49027053600209464
CE_KINGPAWNSHIELD:0.4941902566877587
CE_PIECECOORDINATION:0.4911954943081765
CE_MATERIAL:0.5200486599326964
CE_KINGSAFETY:0.4932884453694382
C_PIECESQUARETABLES:0.5317134637979447
C_MOBILITY:0.5146112893146186
C_KINGSAFETY:0.5049128759390714
C_PAWNSTRUCTURE:0.5
C_PIECECOORDINATION:0.5324660978299772
C_ROOKANDPAWNMOVEMENT:0.5324660978299772
C_CENTERCONTROL:0.4815052586294344
C_DEVELOPPIECES:0.5138047090430429
C_MATERIAL:0.5
C_MOVECOUNT:0.5190234465935748
