ELO:1008
CE_PASSEDPAWNS:0.5049240696308033
CE_PAWNWEAKNESSES:0.5
CE_PIECEACTIVITY:0.4933852290986731
CE_KINGPAWNSHIELD:0.5
CE_PIECECOORDINATION:0.5140940759254858
CE_MATERIAL:0.5014975718111199
CE_KINGSAFETY:0.5078971286481082
C_PIECESQUARETABLES:0.5121653873312797
C_MOBILITY:0.5017396752663125
C_KINGSAFETY:0.5003574370802543
C_PAWNSTRUCTURE:0.5064999722991915
C_PIECECOORDINATION:0.503878981938016
C_ROOKANDPAWNMOVEMENT:0.503878981938016
C_CENTERCONTROL:0.5
C_DEVELOPPIECES:0.5
C_MATERIAL:0.5
