ELO:995
CE_PASSEDPAWNS:0.5
CE_PAWNWEAKNESSES:0.506474730755068
CE_PIECEACTIVITY:0.5188221432962143
CE_KINGPAWNSHIELD:0.5
CE_PIECECOORDINATION:0.5129970108391597
CE_MATERIAL:0.5013727966328142
CE_KINGSAFETY:0.5113649829830044
C_PIECESQUARETABLES:0.5
C_MOBILITY:0.5
C_KINGSAFETY:0.5
C_PAWNSTRUCTURE:0.48362694965712044
C_PIECECOORDINATION:0.5264171258096431
C_ROOKANDPAWNMOVEMENT:0.5264171258096431
C_CENTERCONTROL:0.5000559778017328
C_DEVELOPPIECES:0.5197284892349882
C_MATERIAL:0.4748780441442934
C_MOVECOUNT:0.5
