ELO:942
CE_PASSEDPAWNS:0.5187284593708124
CE_PAWNWEAKNESSES:0.4899467488517692
CE_PIECEACTIVITY:0.5037187034244351
CE_KINGPAWNSHIELD:0.44990170122053547
CE_PIECECOORDINATION:0.49838178841367303
CE_MATERIAL:0.5109622527061274
CE_KINGSAFETY:0.49426604275353336
C_PIECESQUARETABLES:0.5122661145249721
C_MOBILITY:0.5362218410842294
C_KINGSAFETY:0.5228421338916965
C_PAWNSTRUCTURE:0.5304436685636185
C_PIECECOORDINATION:0.5121920176372966
C_ROOK:0.48293860896089846
CE_ROOK:0.5079286914008
C_CENTERCONTROL:0.49625014169437853
C_DEVELOPPIECES:0.48377912747926094
C_MATERIAL:0.49870918234339306
C_MOVECOUNT:0.4955862327494791
C_PAWNMOVEMENT:0.47817325751937695
