ELO:1012
CE_PASSEDPAWNS:0.49680319777000753
CE_PAWNWEAKNESSES:0.4926881774019807
CE_PIECEACTIVITY:0.5
CE_KINGPAWNSHIELD:0.5
CE_PIECECOORDINATION:0.5
CE_MATERIAL:0.5
CE_KINGSAFETY:0.5
C_PIECESQUARETABLES:0.5044428610887928
C_MOBILITY:0.5
C_KINGSAFETY:0.5
C_PAWNSTRUCTURE:0.5
C_PIECECOORDINATION:0.5
C_ROOKANDPAWNMOVEMENT:0.5
C_CENTERCONTROL:0.5
C_DEVELOPPIECES:0.5057049985367105
C_MATERIAL:0.49613671553899297
C_MOVECOUNT:0.5001136759368391
