ELO:1102
CE_PASSEDPAWNS:0.442778421640529
CE_PAWNWEAKNESSES:0.5454987977337121
CE_PIECEACTIVITY:0.48048357914774237
CE_KINGPAWNSHIELD:0.4743176175043309
CE_PIECECOORDINATION:0.4464697713034305
CE_MATERIAL:0.39783305558335186
CE_KINGSAFETY:0.5
C_PIECESQUARETABLES:0.5
C_MOBILITY:0.4121186585430354
C_KINGSAFETY:0.6032553709895787
C_PAWNSTRUCTURE:0.4507477129331738
C_PIECECOORDINATION:0.4883630628241899
C_ROOKANDPAWNMOVEMENT:0.4883630628241899
C_CENTERCONTROL:0.5916556751746048
C_DEVELOPPIECES:0.5486681112742916
C_MATERIAL:0.4073474203952967
