ELO:989
CE_PASSEDPAWNS:0.5389100181471227
CE_PAWNWEAKNESSES:0.5
CE_PIECEACTIVITY:0.4924604796885787
CE_KINGPAWNSHIELD:0.5315776761376629
CE_PIECECOORDINATION:0.5093011831951565
CE_MATERIAL:0.5145605570959852
CE_KINGSAFETY:0.5087003010816126
C_PIECESQUARETABLES:0.4507924666886053
C_MOBILITY:0.5074310555664313
C_KINGSAFETY:0.5046986397116634
C_PAWNSTRUCTURE:0.5520041268336423
C_PIECECOORDINATION:0.49249116475070237
C_ROOKANDPAWNMOVEMENT:0.49249116475070237
C_CENTERCONTROL:0.5
C_DEVELOPPIECES:0.517090747279819
C_MATERIAL:0.5006063320729266
C_MOVECOUNT:0.5
