ELO:940
CE_PASSEDPAWNS:0.4850557424873098
CE_PAWNWEAKNESSES:0.5
CE_PIECEACTIVITY:0.5071382570163774
CE_KINGPAWNSHIELD:0.49002502966267797
CE_PIECECOORDINATION:0.5535801691925389
CE_MATERIAL:0.4990122579976285
CE_KINGSAFETY:0.5050632217882336
C_PIECESQUARETABLES:0.49263662049378043
C_MOBILITY:0.5070632028047333
C_KINGSAFETY:0.5032201681511563
C_PAWNSTRUCTURE:0.5093134734611626
C_PIECECOORDINATION:0.4438584180692894
C_ROOKANDPAWNMOVEMENT:0.4438584180692894
C_CENTERCONTROL:0.5859954474286428
C_DEVELOPPIECES:0.4996557203086149
C_MATERIAL:0.47717473481676975
C_MOVECOUNT:0.5
