ELO:976
CE_PASSEDPAWNS:0.4359408706686938
CE_PAWNWEAKNESSES:0.5430239829047633
CE_PIECEACTIVITY:0.5575973918940879
CE_KINGPAWNSHIELD:0.5239394206734893
CE_PIECECOORDINATION:0.459497228802134
CE_MATERIAL:0.5454182854739584
CE_KINGSAFETY:0.49910677230896133
C_PIECESQUARETABLES:0.4493521881400642
C_MOBILITY:0.5705276993297347
C_KINGSAFETY:0.4405516048441502
C_PAWNSTRUCTURE:0.4824584768227048
C_PIECECOORDINATION:0.3956867127280003
C_ROOKANDPAWNMOVEMENT:0.3956867127280003
C_CENTERCONTROL:0.5441038476860593
C_DEVELOPPIECES:0.4429748124369063
C_MATERIAL:0.5218403435520944
