ELO:922
CE_PASSEDPAWNS:0.4542128040177769
CE_PAWNWEAKNESSES:0.6005555730595425
CE_PIECEACTIVITY:0.457567428619042
CE_KINGPAWNSHIELD:0.5289571463509973
CE_PIECECOORDINATION:0.4642478614842394
CE_MATERIAL:0.5393905637357284
CE_KINGSAFETY:0.5024150211510189
C_PIECESQUARETABLES:0.5062216170021723
C_MOBILITY:0.5555780665116552
C_KINGSAFETY:0.45973032432983885
C_PAWNSTRUCTURE:0.49336907913478883
C_PIECECOORDINATION:0.40378001243599065
C_ROOKANDPAWNMOVEMENT:0.40378001243599065
C_CENTERCONTROL:0.5185884706977659
C_DEVELOPPIECES:0.4592705239935221
C_MATERIAL:0.5036954135278932
