ELO:929
CE_PASSEDPAWNS:0.47298140565537933
CE_PAWNWEAKNESSES:0.5017661149784762
CE_PIECEACTIVITY:0.5381331402300261
CE_KINGPAWNSHIELD:0.48554279684734714
CE_PIECECOORDINATION:0.49911476321164766
CE_MATERIAL:0.48644563904740323
CE_KINGSAFETY:0.4893866101613647
C_PIECESQUARETABLES:0.534485554352788
C_MOBILITY:0.49584211152649665
C_KINGSAFETY:0.4948275702855992
C_PAWNSTRUCTURE:0.5036345109492278
C_PIECECOORDINATION:0.505396395462937
C_ROOK:0.5097670381163298
CE_ROOK:0.47753945542718684
C_CENTERCONTROL:0.4940824599503756
C_DEVELOPPIECES:0.4976849966697668
C_MATERIAL:0.5125869263509003
C_MOVECOUNT:0.5202238162736208
C_PAWNMOVEMENT:0.4963703134517881
