ELO:953
CE_PASSEDPAWNS:0.4409083293733238
CE_PAWNWEAKNESSES:0.5889527909839534
CE_PIECEACTIVITY:0.453321246633417
CE_KINGPAWNSHIELD:0.5306561935965344
CE_PIECECOORDINATION:0.44552610311823204
CE_MATERIAL:0.5107710348214795
CE_KINGSAFETY:0.4828151842047263
C_PIECESQUARETABLES:0.4927689344265997
C_MOBILITY:0.5643216728805374
C_KINGSAFETY:0.4319007020883766
C_PAWNSTRUCTURE:0.49407212147424434
C_PIECECOORDINATION:0.38141788695924156
C_ROOKANDPAWNMOVEMENT:0.38141788695924156
C_CENTERCONTROL:0.5348832978854172
C_DEVELOPPIECES:0.46642409231356396
C_MATERIAL:0.49587481049800736
