ELO:981
CE_PASSEDPAWNS:0.44898394317641926
CE_PAWNWEAKNESSES:0.5436139388075174
CE_PIECEACTIVITY:0.5616854693786673
CE_KINGPAWNSHIELD:0.5353410286577881
CE_PIECECOORDINATION:0.4609435819214468
CE_MATERIAL:0.5350451438243484
CE_KINGSAFETY:0.49431177358087025
C_PIECESQUARETABLES:0.44552438100110286
C_MOBILITY:0.5513186936056711
C_KINGSAFETY:0.45311491582139135
C_PAWNSTRUCTURE:0.46460807482904914
C_PIECECOORDINATION:0.42088272155247564
C_ROOKANDPAWNMOVEMENT:0.42088272155247564
C_CENTERCONTROL:0.541353289597214
C_DEVELOPPIECES:0.44552096312356004
C_MATERIAL:0.46358757458454875
