ELO:957
CE_PASSEDPAWNS:0.5138943912908537
CE_PAWNWEAKNESSES:0.48709150680299906
CE_PIECEACTIVITY:0.5248842656835786
CE_KINGPAWNSHIELD:0.45632325382989847
CE_PIECECOORDINATION:0.5215200882057265
CE_MATERIAL:0.513378536533522
CE_KINGSAFETY:0.5084802607971192
C_PIECESQUARETABLES:0.48072628954239055
C_MOBILITY:0.5615648180461223
C_KINGSAFETY:0.5241857416820597
C_PAWNSTRUCTURE:0.5200288347493638
C_PIECECOORDINATION:0.5156820321760011
C_ROOK:0.47018773140057396
CE_ROOK:0.4973251805272803
C_CENTERCONTROL:0.48943988432950647
C_DEVELOPPIECES:0.4657043450119924
C_MATERIAL:0.4601701504969134
C_MOVECOUNT:0.5015761379959291
C_PAWNMOVEMENT:0.5028632952458155
