ELO:881
CE_PASSEDPAWNS:0.44544574179207425
CE_PAWNWEAKNESSES:0.591457451256953
CE_PIECEACTIVITY:0.4727179282044289
CE_KINGPAWNSHIELD:0.5465491033237541
CE_PIECECOORDINATION:0.4543137890263068
CE_MATERIAL:0.5304933714504297
CE_KINGSAFETY:0.4950246622742861
C_PIECESQUARETABLES:0.5168092362460432
C_MOBILITY:0.5469651984791563
C_KINGSAFETY:0.4733134840924921
C_PAWNSTRUCTURE:0.47056536082918315
C_PIECECOORDINATION:0.3748193971271387
C_ROOKANDPAWNMOVEMENT:0.3748193971271387
C_CENTERCONTROL:0.5372396176667799
C_DEVELOPPIECES:0.47061172558361164
C_MATERIAL:0.501128226837489
