ELO:937
CE_PASSEDPAWNS:0.5129687932379645
CE_PAWNWEAKNESSES:0.4899467488517692
CE_PIECEACTIVITY:0.5096349825293002
CE_KINGPAWNSHIELD:0.4475342186586438
CE_PIECECOORDINATION:0.5179628385502073
CE_MATERIAL:0.5109622527061274
CE_KINGSAFETY:0.5074376892629558
C_PIECESQUARETABLES:0.5
C_MOBILITY:0.5570025308440206
C_KINGSAFETY:0.5214014831669919
C_PAWNSTRUCTURE:0.5283602880058917
C_PIECECOORDINATION:0.5089513787298402
C_ROOK:0.48293860896089846
CE_ROOK:0.5079286914008
C_CENTERCONTROL:0.49078797486135933
C_DEVELOPPIECES:0.47464645544491557
C_MATERIAL:0.4801332138469301
C_MOVECOUNT:0.5015761379959291
C_PAWNMOVEMENT:0.4852599859282583
