ELO:1000
CE_PASSEDPAWNS:0.5120971114279333
CE_PAWNWEAKNESSES:0.494212491656462
CE_PIECEACTIVITY:0.5484798111727401
CE_KINGPAWNSHIELD:0.49801467059411403
CE_PIECECOORDINATION:0.47526709977197723
CE_MATERIAL:0.5250460637201829
CE_KINGSAFETY:0.5032629799553358
C_PIECESQUARETABLES:0.4796547183715176
C_MOBILITY:0.5141765457850966
C_KINGSAFETY:0.5493388792817331
C_PAWNSTRUCTURE:0.5204549113216387
C_PIECECOORDINATION:0.41553220669476043
C_ROOKANDPAWNMOVEMENT:0.41553220669476043
C_CENTERCONTROL:0.4977870743310296
C_DEVELOPPIECES:0.5244450206918662
C_MATERIAL:0.4790898475012324
