ELO:965
CE_PASSEDPAWNS:0.49869571486133607
CE_PAWNWEAKNESSES:0.514189814215151
CE_PIECEACTIVITY:0.5296546679790154
CE_KINGPAWNSHIELD:0.5075372155499411
CE_PIECECOORDINATION:0.4637513748431314
CE_MATERIAL:0.4761686841827332
CE_KINGSAFETY:0.49977720638269685
C_PIECESQUARETABLES:0.5010759932120328
C_MOBILITY:0.5126028246480944
C_KINGSAFETY:0.5177111793192729
C_PAWNSTRUCTURE:0.5211823589851101
C_PIECECOORDINATION:0.39476222001646377
C_ROOKANDPAWNMOVEMENT:0.39476222001646377
C_CENTERCONTROL:0.4971145306811148
C_DEVELOPPIECES:0.5241408302107566
C_MATERIAL:0.5164532967285889
