ELO:1016
CE_PASSEDPAWNS:0.4996274389455458
CE_PAWNWEAKNESSES:0.5015142493662585
CE_PIECEACTIVITY:0.5
CE_KINGPAWNSHIELD:0.46967066298907273
CE_PIECECOORDINATION:0.4846004924782683
CE_MATERIAL:0.5078417504148365
CE_KINGSAFETY:0.48140777648846267
C_PIECESQUARETABLES:0.5286037751845849
C_MOBILITY:0.5222455832973896
C_KINGSAFETY:0.5165961024681697
C_PAWNSTRUCTURE:0.5
C_PIECECOORDINATION:0.5125957148779843
C_ROOKANDPAWNMOVEMENT:0.5125957148779843
C_CENTERCONTROL:0.4944074980986845
C_DEVELOPPIECES:0.5
C_MATERIAL:0.5042038469638384
