ELO:861
CE_PASSEDPAWNS:0.4608061921908415
CE_PAWNWEAKNESSES:0.565773676179179
CE_PIECEACTIVITY:0.4688215926951266
CE_KINGPAWNSHIELD:0.5763057327041152
CE_PIECECOORDINATION:0.4745870689727417
CE_MATERIAL:0.494758333689138
CE_KINGSAFETY:0.44785280340635886
C_PIECESQUARETABLES:0.5059699533026396
C_MOBILITY:0.5077693415737841
C_KINGSAFETY:0.4347723282046477
C_PAWNSTRUCTURE:0.5128464325632981
C_PIECECOORDINATION:0.3921069458913255
C_ROOKANDPAWNMOVEMENT:0.3921069458913255
C_CENTERCONTROL:0.5268029858821037
C_DEVELOPPIECES:0.4897915444933335
C_MATERIAL:0.474188828154449
