ELO:985
CE_PASSEDPAWNS:0.4908484871352275
CE_PAWNWEAKNESSES:0.5
CE_PIECEACTIVITY:0.494981983181313
CE_KINGPAWNSHIELD:0.5
CE_PIECECOORDINATION:0.4945846663828525
CE_MATERIAL:0.5
CE_KINGSAFETY:0.5060073918955564
C_PIECESQUARETABLES:0.4957005556483435
C_MOBILITY:0.5008014491835794
C_KINGSAFETY:0.4837581831286371
C_PAWNSTRUCTURE:0.5249996420440777
C_PIECECOORDINATION:0.509820063894075
C_ROOKANDPAWNMOVEMENT:0.509820063894075
C_CENTERCONTROL:0.4817101517794534
C_DEVELOPPIECES:0.5012111648611667
C_MATERIAL:0.5170269138989546
C_MOVECOUNT:0.5
