ELO:1000
CE_PASSEDPAWNS:0.536521410928421
CE_PAWNWEAKNESSES:0.5014114084830965
CE_PIECEACTIVITY:0.4192978155779165
CE_KINGPAWNSHIELD:0.5337196790428878
CE_PIECECOORDINATION:0.4846070188749665
CE_MATERIAL:0.47438959358697397
CE_KINGSAFETY:0.4825522548947708
C_PIECESQUARETABLES:0.5454316473891604
C_MOBILITY:0.48489774689710324
C_KINGSAFETY:0.46897487032405966
C_PAWNSTRUCTURE:0.44703461531550237
C_PIECECOORDINATION:0.46088828609498267
C_ROOKANDPAWNMOVEMENT:0.46088828609498267
C_CENTERCONTROL:0.5036302287956164
C_DEVELOPPIECES:0.4873298343645356
C_MATERIAL:0.6178645664787148
