ELO:999
CE_PASSEDPAWNS:0.48071406055804683
CE_PAWNWEAKNESSES:0.4901334552471558
CE_PIECEACTIVITY:0.4943168711573135
CE_KINGPAWNSHIELD:0.5
CE_PIECECOORDINATION:0.5
CE_MATERIAL:0.5035071916018371
CE_KINGSAFETY:0.4910981770392702
C_PIECESQUARETABLES:0.5
C_MOBILITY:0.5065533532421219
C_KINGSAFETY:0.49684684233554177
C_PAWNSTRUCTURE:0.5146208519847121
C_PIECECOORDINATION:0.49676887761191607
C_ROOKANDPAWNMOVEMENT:0.49676887761191607
C_CENTERCONTROL:0.5090651670580519
C_DEVELOPPIECES:0.5
C_MATERIAL:0.5011999770358698
C_MOVECOUNT:0.4798083744669058
