ELO:882
CE_PASSEDPAWNS:0.47633943526744105
CE_PAWNWEAKNESSES:0.5213000300562541
CE_PIECEACTIVITY:0.4922835624922378
CE_KINGPAWNSHIELD:0.43036697756127973
CE_PIECECOORDINATION:0.47778216701443227
CE_MATERIAL:0.6366311108371033
CE_KINGSAFETY:0.516210377981542
C_PIECESQUARETABLES:0.5601928981445329
C_MOBILITY:0.4834949544240356
C_KINGSAFETY:0.6060718226302532
C_PAWNSTRUCTURE:0.506273099953694
C_PIECECOORDINATION:0.5212507819666953
C_ROOKANDPAWNMOVEMENT:0.5212507819666953
C_CENTERCONTROL:0.580652447333222
C_DEVELOPPIECES:0.552085215250969
C_MATERIAL:0.5043709983511713
