ELO:944
CE_PASSEDPAWNS:0.5337130210159112
CE_PAWNWEAKNESSES:0.40314970622835095
CE_PIECEACTIVITY:0.5067226776247125
CE_KINGPAWNSHIELD:0.42538697064680486
CE_PIECECOORDINATION:0.4657419663305276
CE_MATERIAL:0.5149138356124142
CE_KINGSAFETY:0.48778179008266576
C_PIECESQUARETABLES:0.46801491029951675
C_MOBILITY:0.5889264841467975
C_KINGSAFETY:0.49740187708544686
C_PAWNSTRUCTURE:0.4097700704223009
C_PIECECOORDINATION:0.45949559528931366
C_ROOKANDPAWNMOVEMENT:0.45949559528931366
C_CENTERCONTROL:0.4820614554556193
C_DEVELOPPIECES:0.514010647675942
C_MATERIAL:0.44110621692981167
