ELO:1000
CE_PASSEDPAWNS:0.5079625918736335
CE_PAWNWEAKNESSES:0.5099000984319427
CE_PIECEACTIVITY:0.48605804209928494
CE_KINGPAWNSHIELD:0.43779473325261603
CE_PIECECOORDINATION:0.44005883793588135
CE_MATERIAL:0.4666447126483393
CE_KINGSAFETY:0.562241622664078
C_PIECESQUARETABLES:0.4751417127684704
C_MOBILITY:0.4475614763128894
C_KINGSAFETY:0.4080413062163174
C_PAWNSTRUCTURE:0.48056800187945353
C_PIECECOORDINATION:0.4496627593319031
C_ROOKANDPAWNMOVEMENT:0.4496627593319031
C_CENTERCONTROL:0.44375324541439165
C_DEVELOPPIECES:0.40796268308840083
C_MATERIAL:0.5281300167295622
