ELO:1000
CE_PASSEDPAWNS:0.5380370499681022
CE_PAWNWEAKNESSES:0.5052868820162746
CE_PIECEACTIVITY:0.4873375054416509
CE_KINGPAWNSHIELD:0.46359794932463
CE_PIECECOORDINATION:0.4627600089106021
CE_MATERIAL:0.4698359043933177
CE_KINGSAFETY:0.5619040710275401
C_PIECESQUARETABLES:0.4854160736563995
C_MOBILITY:0.45761869840859976
C_KINGSAFETY:0.42105776200534817
C_PAWNSTRUCTURE:0.463289027993142
C_PIECECOORDINATION:0.4520524534397577
C_ROOKANDPAWNMOVEMENT:0.4520524534397577
C_CENTERCONTROL:0.47306339143511283
C_DEVELOPPIECES:0.4308002296923656
C_MATERIAL:0.5458547969182074
