ELO:756
CE_PASSEDPAWNS:0.5381199662338589
CE_PAWNWEAKNESSES:0.5004677603177379
CE_PIECEACTIVITY:0.4893112597012643
CE_KINGPAWNSHIELD:0.4813244386347392
CE_PIECECOORDINATION:0.5319702402035622
CE_MATERIAL:0.5310996363160116
CE_KINGSAFETY:0.47297350113739633
C_PIECESQUARETABLES:0.5198789750417429
C_MOBILITY:0.5120058282698039
C_KINGSAFETY:0.4883136284981524
C_PAWNSTRUCTURE:0.5155027333323643
C_PIECECOORDINATION:0.5643233392732983
C_ROOKANDPAWNMOVEMENT:0.5643233392732983
C_CENTERCONTROL:0.5215302443975377
C_DEVELOPPIECES:0.5487518216485665
C_MATERIAL:0.4955570212419281
C_MOVECOUNT:0.5
