ELO:997
CE_PASSEDPAWNS:0.4808505115980584
CE_PAWNWEAKNESSES:0.5124756532578099
CE_PIECEACTIVITY:0.4911294738659585
CE_KINGPAWNSHIELD:0.4838031946479812
CE_PIECECOORDINATION:0.5125685570434751
CE_MATERIAL:0.5069734174935687
CE_KINGSAFETY:0.5
C_PIECESQUARETABLES:0.5085072158132777
C_MOBILITY:0.4832042195322761
C_KINGSAFETY:0.4975196854312097
C_PAWNSTRUCTURE:0.5120738518903453
C_PIECECOORDINATION:0.4758189811340336
C_ROOKANDPAWNMOVEMENT:0.4758189811340336
C_CENTERCONTROL:0.52154186379287
C_DEVELOPPIECES:0.48874297200151895
C_MATERIAL:0.4716148197052979
C_MOVECOUNT:0.504504829094492
