ELO:989
CE_PASSEDPAWNS:0.5065062165106876
CE_PAWNWEAKNESSES:0.49954875866572357
CE_PIECEACTIVITY:0.48799629882296514
CE_KINGPAWNSHIELD:0.4958707933572089
CE_PIECECOORDINATION:0.5019641666340795
CE_MATERIAL:0.5048647536446468
CE_KINGSAFETY:0.49368244109685816
C_PIECESQUARETABLES:0.5
C_MOBILITY:0.503324813375086
C_KINGSAFETY:0.4915107232053898
C_PAWNSTRUCTURE:0.49406975578483964
C_PIECECOORDINATION:0.5080557005344828
C_ROOKANDPAWNMOVEMENT:0.5080557005344828
C_CENTERCONTROL:0.5
C_DEVELOPPIECES:0.4998393942280913
C_MATERIAL:0.5164992838041546
C_MOVECOUNT:0.514308173144984
