ELO:1000
CE_PASSEDPAWNS:0.5278951123782615
CE_PAWNWEAKNESSES:0.5377115067674977
CE_PIECEACTIVITY:0.4805363945223713
CE_KINGPAWNSHIELD:0.4321476958478534
CE_PIECECOORDINATION:0.4177930998312204
CE_MATERIAL:0.4400378144776256
CE_KINGSAFETY:0.5254676147405972
C_PIECESQUARETABLES:0.493462129814979
C_MOBILITY:0.4050940821459076
C_KINGSAFETY:0.4259551323048865
C_PAWNSTRUCTURE:0.4759117603019775
C_PIECECOORDINATION:0.45197900197436736
C_ROOKANDPAWNMOVEMENT:0.45197900197436736
C_CENTERCONTROL:0.42858272310126416
C_DEVELOPPIECES:0.45614213658512887
C_MATERIAL:0.5243932577270254
