ELO:985
CE_PASSEDPAWNS:0.49281868381475197
CE_PAWNWEAKNESSES:0.5059036017918319
CE_PIECEACTIVITY:0.49757111155703293
CE_KINGPAWNSHIELD:0.5087793985730487
CE_PIECECOORDINATION:0.49493427055643696
CE_MATERIAL:0.48970840431936125
CE_KINGSAFETY:0.48554475259892094
C_PIECESQUARETABLES:0.5
C_MOBILITY:0.467216157227992
C_KINGSAFETY:0.4943676309930365
C_PAWNSTRUCTURE:0.4783588618744325
C_PIECECOORDINATION:0.4905952870760914
C_ROOK:0.47464338822514174
CE_ROOK:0.5059775905722609
C_CENTERCONTROL:0.5065443831676095
C_DEVELOPPIECES:0.45773677816850555
C_MATERIAL:0.5180297048779974
C_MOVECOUNT:0.4808549763349559
C_PAWNMOVEMENT:0.482715925477053
