ELO:1000
CE_PASSEDPAWNS:0.5214231950470634
CE_PAWNWEAKNESSES:0.5
CE_PIECEACTIVITY:0.49375667047623384
CE_KINGPAWNSHIELD:0.49918939004630897
CE_PIECECOORDINATION:0.49681281028691976
CE_MATERIAL:0.4938586448561778
CE_KINGSAFETY:0.5040494925098447
C_PIECESQUARETABLES:0.5087001583301657
C_MOBILITY:0.4900877788524789
C_KINGSAFETY:0.4961384584109701
C_PAWNSTRUCTURE:0.4897034625915807
C_PIECECOORDINATION:0.47756220763902024
C_ROOKANDPAWNMOVEMENT:0.47756220763902024
C_CENTERCONTROL:0.49427882928828265
C_DEVELOPPIECES:0.4892627235532799
C_MATERIAL:0.5123877064671097
