ELO:989
CE_PASSEDPAWNS:0.49859364460737177
CE_PAWNWEAKNESSES:0.5047267753498742
CE_PIECEACTIVITY:0.49757111155703293
CE_KINGPAWNSHIELD:0.5022828386536182
CE_PIECECOORDINATION:0.49493427055643696
CE_MATERIAL:0.4983111527658126
CE_KINGSAFETY:0.5
C_PIECESQUARETABLES:0.5
C_MOBILITY:0.48104871272299377
C_KINGSAFETY:0.4943676309930365
C_PAWNSTRUCTURE:0.4986941139712818
C_PIECECOORDINATION:0.4873144868348156
C_ROOK:0.4873496670974496
CE_ROOK:0.5073034762207486
C_CENTERCONTROL:0.5095275179991511
C_DEVELOPPIECES:0.4645503511586779
C_MATERIAL:0.5266912512990648
C_MOVECOUNT:0.4775104257959796
C_PAWNMOVEMENT:0.482715925477053
