ELO:1004
CE_PASSEDPAWNS:0.5103732673306413
CE_PAWNWEAKNESSES:0.5166355066295696
CE_PIECEACTIVITY:0.5018522600629741
CE_KINGPAWNSHIELD:0.4972098955473523
CE_PIECECOORDINATION:0.5200796441329423
CE_MATERIAL:0.4780527585395552
CE_KINGSAFETY:0.5
C_PIECESQUARETABLES:0.5
C_MOBILITY:0.5062819623537188
C_KINGSAFETY:0.5073744283588497
C_PAWNSTRUCTURE:0.48167373120351514
C_PIECECOORDINATION:0.535573438649579
C_ROOK:0.495730630112547
CE_ROOK:0.48663332938308196
C_CENTERCONTROL:0.5310111338234811
C_DEVELOPPIECES:0.49043214331850343
C_MATERIAL:0.5176440227971381
C_MOVECOUNT:0.49937136281783495
C_PAWNMOVEMENT:0.48312005244132805
