ELO:707
CE_PASSEDPAWNS:0.5277763695413836
CE_PAWNWEAKNESSES:0.4623915988892662
CE_PIECEACTIVITY:0.5031704375552137
CE_KINGPAWNSHIELD:0.47211710483016617
CE_PIECECOORDINATION:0.563882295222741
CE_MATERIAL:0.5446505937489051
CE_KINGSAFETY:0.5033411902224667
C_PIECESQUARETABLES:0.5476536465765285
C_MOBILITY:0.47971107932621226
C_KINGSAFETY:0.5245153696427044
C_PAWNSTRUCTURE:0.5253517834580971
C_PIECECOORDINATION:0.6007696355058618
C_ROOKANDPAWNMOVEMENT:0.6007696355058618
C_CENTERCONTROL:0.5635913814180532
C_DEVELOPPIECES:0.5849444218676609
C_MATERIAL:0.4899996798756665
C_MOVECOUNT:0.5
