ELO:996
CE_PASSEDPAWNS:0.5457387098284066
CE_PAWNWEAKNESSES:0.534090654470772
CE_PIECEACTIVITY:0.4592486737838815
CE_KINGPAWNSHIELD:0.3934233549258503
CE_PIECECOORDINATION:0.4326259495454795
CE_MATERIAL:0.4419901297773109
CE_KINGSAFETY:0.5051777976831562
C_PIECESQUARETABLES:0.4964544062342256
C_MOBILITY:0.38729536916320534
C_KINGSAFETY:0.40789542927947775
C_PAWNSTRUCTURE:0.45702952993818047
C_PIECECOORDINATION:0.48260277015961467
C_ROOKANDPAWNMOVEMENT:0.48260277015961467
C_CENTERCONTROL:0.44139520013047395
C_DEVELOPPIECES:0.44964994720260076
C_MATERIAL:0.5159121682845532
