ELO:1016
CE_PASSEDPAWNS:0.49028050173795196
CE_PAWNWEAKNESSES:0.4925061936222964
CE_PIECEACTIVITY:0.47350394151544634
CE_KINGPAWNSHIELD:0.4596052584950482
CE_PIECECOORDINATION:0.47114950012935186
CE_MATERIAL:0.48745270515829425
CE_KINGSAFETY:0.5
C_PIECESQUARETABLES:0.5
C_MOBILITY:0.526203782170374
C_KINGSAFETY:0.5020406001877096
C_PAWNSTRUCTURE:0.5092541239841996
C_PIECECOORDINATION:0.5179891344063673
C_ROOK:0.5251904476926308
CE_ROOK:0.5094720798810508
C_CENTERCONTROL:0.5080224797314908
C_DEVELOPPIECES:0.5378158956555593
C_MATERIAL:0.4939853939632152
C_MOVECOUNT:0.510902853622266
C_PAWNMOVEMENT:0.5067433395669816
