ELO:1000
CE_PASSEDPAWNS:0.5288078883016458
CE_PAWNWEAKNESSES:0.4961558364915243
CE_PIECEACTIVITY:0.4691285596313501
CE_KINGPAWNSHIELD:0.48859024728696226
CE_PIECECOORDINATION:0.47979426596237335
CE_MATERIAL:0.4822526319619873
CE_KINGSAFETY:0.551798625397315
C_PIECESQUARETABLES:0.491382138654435
C_MOBILITY:0.47933732583485295
C_KINGSAFETY:0.4659664864098881
C_PAWNSTRUCTURE:0.4567833001931895
C_PIECECOORDINATION:0.4704166382745844
C_ROOKANDPAWNMOVEMENT:0.4704166382745844
C_CENTERCONTROL:0.4768477311627225
C_DEVELOPPIECES:0.4362832935191481
C_MATERIAL:0.5324261454677944
