ELO:903
CE_PASSEDPAWNS:0.5271579796665758
CE_PAWNWEAKNESSES:0.5220491573065715
CE_PIECEACTIVITY:0.49911252255198923
CE_KINGPAWNSHIELD:0.5201161991621424
CE_PIECECOORDINATION:0.48464298584423104
CE_MATERIAL:0.47302494022485053
CE_KINGSAFETY:0.5156144602551211
C_PIECESQUARETABLES:0.48629900833597983
C_MOBILITY:0.4767788972599431
C_KINGSAFETY:0.5207693432729271
C_PAWNSTRUCTURE:0.49505699766593414
C_PIECECOORDINATION:0.4964871866529773
C_ROOKANDPAWNMOVEMENT:0.4964871866529773
C_CENTERCONTROL:0.5043105289465357
C_DEVELOPPIECES:0.5386650269292723
C_MATERIAL:0.4630520879398861
C_MOVECOUNT:0.5
