ELO:976
CE_PASSEDPAWNS:0.5486123797977299
CE_PAWNWEAKNESSES:0.5194659293882762
CE_PIECEACTIVITY:0.48660744177469184
CE_KINGPAWNSHIELD:0.5569870912855623
CE_PIECECOORDINATION:0.5138678010061096
CE_MATERIAL:0.5008894859891387
CE_KINGSAFETY:0.45255465073948503
C_PIECESQUARETABLES:0.5086172610966534
C_MOBILITY:0.5282375115609936
C_KINGSAFETY:0.4639146679347599
C_PAWNSTRUCTURE:0.4169005577522364
C_PIECECOORDINATION:0.4629628988967497
C_ROOKANDPAWNMOVEMENT:0.4629628988967497
C_CENTERCONTROL:0.49938008907187614
C_DEVELOPPIECES:0.47590782472817733
C_MATERIAL:0.600671329154579
