ELO:962
CE_PASSEDPAWNS:0.537000589304132
CE_PAWNWEAKNESSES:0.4116327148841378
CE_PIECEACTIVITY:0.516115018544143
CE_KINGPAWNSHIELD:0.41070500689811396
CE_PIECECOORDINATION:0.4765839878104644
CE_MATERIAL:0.5094854736740065
CE_KINGSAFETY:0.48778179008266576
C_PIECESQUARETABLES:0.46408374046098677
C_MOBILITY:0.5877058169316137
C_KINGSAFETY:0.4978734272896736
C_PAWNSTRUCTURE:0.4136317372504873
C_PIECECOORDINATION:0.4765475358707524
C_ROOKANDPAWNMOVEMENT:0.4765475358707524
C_CENTERCONTROL:0.47844628641926695
C_DEVELOPPIECES:0.5157398493984625
C_MATERIAL:0.4460180916519698
