ELO:1000
CE_PASSEDPAWNS:0.521820241055911
CE_PAWNWEAKNESSES:0.5331671552237595
CE_PIECEACTIVITY:0.4268274668482908
CE_KINGPAWNSHIELD:0.5240206173659637
CE_PIECECOORDINATION:0.49107875424424097
CE_MATERIAL:0.49742267234827314
CE_KINGSAFETY:0.49184878620309924
C_PIECESQUARETABLES:0.5088722036866637
C_MOBILITY:0.526690559413753
C_KINGSAFETY:0.48695748462338656
C_PAWNSTRUCTURE:0.43224193323839843
C_PIECECOORDINATION:0.4480590667170398
C_ROOKANDPAWNMOVEMENT:0.4480590667170398
C_CENTERCONTROL:0.49211551668915704
C_DEVELOPPIECES:0.48093802387226037
C_MATERIAL:0.5509844829045062
