ELO:613
CE_PASSEDPAWNS:0.5898378517173167
CE_PAWNWEAKNESSES:0.5272786408484211
CE_PIECEACTIVITY:0.5088572639531944
CE_KINGPAWNSHIELD:0.5020875843032073
CE_PIECECOORDINATION:0.5182173415604543
CE_MATERIAL:0.5434917567442039
CE_KINGSAFETY:0.48339428478745783
C_PIECESQUARETABLES:0.47234084705747037
C_MOBILITY:0.3970638969425527
C_KINGSAFETY:0.6477902202439056
C_PAWNSTRUCTURE:0.5549658926108211
C_PIECECOORDINATION:0.5542938343713878
C_ROOKANDPAWNMOVEMENT:0.5542938343713878
C_CENTERCONTROL:0.5237289133635517
C_DEVELOPPIECES:0.5506576516403057
C_MATERIAL:0.41117433041520346
C_MOVECOUNT:0.4911614986894758
