ELO:1012
CE_PASSEDPAWNS:0.5088256817554905
CE_PAWNWEAKNESSES:0.5100662614335795
CE_PIECEACTIVITY:0.49554508568472627
CE_KINGPAWNSHIELD:0.5
CE_PIECECOORDINATION:0.5029186612179642
CE_MATERIAL:0.49819714651714164
CE_KINGSAFETY:0.49668153856928254
C_PIECESQUARETABLES:0.5
C_MOBILITY:0.5
C_KINGSAFETY:0.4953858155016894
C_PAWNSTRUCTURE:0.5
C_PIECECOORDINATION:0.4929227239720753
C_ROOKANDPAWNMOVEMENT:0.4929227239720753
C_CENTERCONTROL:0.5
C_DEVELOPPIECES:0.5
C_MATERIAL:0.5025273148322343
C_MOVECOUNT:0.488804530309189
