ELO:1011
CE_PASSEDPAWNS:0.49144555856036304
CE_PAWNWEAKNESSES:0.5148196511496568
CE_PIECEACTIVITY:0.5
CE_KINGPAWNSHIELD:0.5078542013425968
CE_PIECECOORDINATION:0.50200725860086
CE_MATERIAL:0.4943836773059559
CE_KINGSAFETY:0.5
C_PIECESQUARETABLES:0.4857482670940796
C_MOBILITY:0.5
C_KINGSAFETY:0.5196254488897076
C_PAWNSTRUCTURE:0.5
C_PIECECOORDINATION:0.5035368794920817
C_ROOKANDPAWNMOVEMENT:0.5035368794920817
C_CENTERCONTROL:0.4899882097450744
C_DEVELOPPIECES:0.5
C_MATERIAL:0.4887334568253181
