ELO:1011
CE_PASSEDPAWNS:0.5052070816142296
CE_PAWNWEAKNESSES:0.5078585741661461
CE_PIECEACTIVITY:0.49537641990976816
CE_KINGPAWNSHIELD:0.5022828386536182
CE_PIECECOORDINATION:0.48282312343369277
CE_MATERIAL:0.4983111527658126
CE_KINGSAFETY:0.5
C_PIECESQUARETABLES:0.5
C_MOBILITY:0.5059062521820658
C_KINGSAFETY:0.5
C_PAWNSTRUCTURE:0.4982642932358307
C_PIECECOORDINATION:0.49009903945411243
C_ROOK:0.4993966484013987
CE_ROOK:0.5115511713584014
C_CENTERCONTROL:0.5218308572951311
C_DEVELOPPIECES:0.4919265550586405
C_MATERIAL:0.527719246060578
C_MOVECOUNT:0.4956454773403142
C_PAWNMOVEMENT:0.5000718840291383
