ELO:1009
CE_PASSEDPAWNS:0.5071803673477031
CE_PAWNWEAKNESSES:0.4901334552471558
CE_PIECEACTIVITY:0.46271445689330565
CE_KINGPAWNSHIELD:0.48674932719208314
CE_PIECECOORDINATION:0.486736920871118
CE_MATERIAL:0.4937493776003371
CE_KINGSAFETY:0.5
C_PIECESQUARETABLES:0.5
C_MOBILITY:0.4918587922130017
C_KINGSAFETY:0.4959086767527726
C_PAWNSTRUCTURE:0.5
C_PIECECOORDINATION:0.4900600018154132
C_ROOKANDPAWNMOVEMENT:0.4900600018154132
C_CENTERCONTROL:0.5090651670580519
C_DEVELOPPIECES:0.5190358897611054
C_MATERIAL:0.5
C_MOVECOUNT:0.49528012872257604
