ELO:1012
CE_PASSEDPAWNS:0.4920896759916136
CE_PAWNWEAKNESSES:0.49519779712999273
CE_PIECEACTIVITY:0.5050683812229474
CE_KINGPAWNSHIELD:0.49340419565228605
CE_PIECECOORDINATION:0.4921918337961246
CE_MATERIAL:0.4973935313449334
CE_KINGSAFETY:0.4975040191484158
C_PIECESQUARETABLES:0.5060221800779395
C_MOBILITY:0.48006838900228577
C_KINGSAFETY:0.4943537217008693
C_PAWNSTRUCTURE:0.5075185063832203
C_PIECECOORDINATION:0.5
C_ROOK:0.4993966484013987
CE_ROOK:0.5058229561002222
C_CENTERCONTROL:0.4810167393135694
C_DEVELOPPIECES:0.501110031063066
C_MATERIAL:0.4767526669496778
C_MOVECOUNT:0.4886380878997313
C_PAWNMOVEMENT:0.5018016738769266
