ELO:953
CE_PASSEDPAWNS:0.5522112904921777
CE_PAWNWEAKNESSES:0.564252630865073
CE_PIECEACTIVITY:0.4853275274425534
CE_KINGPAWNSHIELD:0.583720797005858
CE_PIECECOORDINATION:0.5479149647345785
CE_MATERIAL:0.5067410208731863
CE_KINGSAFETY:0.5091876828423095
C_PIECESQUARETABLES:0.5161250103643363
C_MOBILITY:0.5397444361675474
C_KINGSAFETY:0.43781391013450494
C_PAWNSTRUCTURE:0.43461370369427804
C_PIECECOORDINATION:0.461515857945966
C_ROOKANDPAWNMOVEMENT:0.461515857945966
C_CENTERCONTROL:0.4679570975732385
C_DEVELOPPIECES:0.4726888947374686
C_MATERIAL:0.6183439933425008
