ELO:654
CE_PASSEDPAWNS:0.5830470253883214
CE_PAWNWEAKNESSES:0.5238805659284707
CE_PIECEACTIVITY:0.505089556739668
CE_KINGPAWNSHIELD:0.48680877856373805
CE_PIECECOORDINATION:0.5051114556468025
CE_MATERIAL:0.5205207929930715
CE_KINGSAFETY:0.4785238509190133
C_PIECESQUARETABLES:0.46038970759468756
C_MOBILITY:0.4297086599210287
C_KINGSAFETY:0.6462853769971623
C_PAWNSTRUCTURE:0.5561060072221632
C_PIECECOORDINATION:0.5482519686369848
C_ROOKANDPAWNMOVEMENT:0.5482519686369848
C_CENTERCONTROL:0.5443125003870136
C_DEVELOPPIECES:0.5438040676772131
C_MATERIAL:0.40785585674449143
C_MOVECOUNT:0.5059041965268645
