ELO:860
CE_PASSEDPAWNS:0.5282779550617129
CE_PAWNWEAKNESSES:0.37700189246297217
CE_PIECEACTIVITY:0.497138992193558
CE_KINGPAWNSHIELD:0.4473541398250814
CE_PIECECOORDINATION:0.47837038304202684
CE_MATERIAL:0.5349819882392154
CE_KINGSAFETY:0.5362485854239136
C_PIECESQUARETABLES:0.43891636715215393
C_MOBILITY:0.5937512831590632
C_KINGSAFETY:0.4629398462830988
C_PAWNSTRUCTURE:0.4407904929060955
C_PIECECOORDINATION:0.4213511856596971
C_ROOKANDPAWNMOVEMENT:0.4213511856596971
C_CENTERCONTROL:0.4854956427938923
C_DEVELOPPIECES:0.5449736322484879
C_MATERIAL:0.47780685649395965
