ELO:940
CE_PASSEDPAWNS:0.46552138635128615
CE_PAWNWEAKNESSES:0.5201199011395775
CE_PIECEACTIVITY:0.49835995975059555
CE_KINGPAWNSHIELD:0.5021683357075293
CE_PIECECOORDINATION:0.5011036246053333
CE_MATERIAL:0.48227348136016457
CE_KINGSAFETY:0.4965537110505358
C_PIECESQUARETABLES:0.5042772099920544
C_MOBILITY:0.5179737443023493
C_KINGSAFETY:0.5392010994661621
C_PAWNSTRUCTURE:0.4818882257766984
C_PIECECOORDINATION:0.48640847445907964
C_ROOKANDPAWNMOVEMENT:0.48640847445907964
C_CENTERCONTROL:0.4925016476182195
C_DEVELOPPIECES:0.49842033008140385
C_MATERIAL:0.5027080898011282
C_MOVECOUNT:0.5239485872808558
