ELO:854
CE_PASSEDPAWNS:0.5191652342452574
CE_PAWNWEAKNESSES:0.37096668400952204
CE_PIECEACTIVITY:0.4929634885941015
CE_KINGPAWNSHIELD:0.4603303551448138
CE_PIECECOORDINATION:0.47837038304202684
CE_MATERIAL:0.5565001622749697
CE_KINGSAFETY:0.5522160593256935
C_PIECESQUARETABLES:0.4302103183709029
C_MOBILITY:0.5942951921460855
C_KINGSAFETY:0.4428134924132915
C_PAWNSTRUCTURE:0.4436605674097089
C_PIECECOORDINATION:0.41042638110957286
C_ROOKANDPAWNMOVEMENT:0.41042638110957286
C_CENTERCONTROL:0.4699130609457661
C_DEVELOPPIECES:0.533929344170771
C_MATERIAL:0.49653361438330257
