ELO:1025
CE_PASSEDPAWNS:0.48432574673130596
CE_PAWNWEAKNESSES:0.5007823580873638
CE_PIECEACTIVITY:0.5176415780810288
CE_KINGPAWNSHIELD:0.4769414116665576
CE_PIECECOORDINATION:0.491115818936762
CE_MATERIAL:0.47385227133657887
CE_KINGSAFETY:0.5
C_PIECESQUARETABLES:0.5
C_MOBILITY:0.505660742160286
C_KINGSAFETY:0.5036895625406393
C_PAWNSTRUCTURE:0.4859267463608704
C_PIECECOORDINATION:0.5117530500500119
C_ROOK:0.489354156870857
CE_ROOK:0.4935121825709985
C_CENTERCONTROL:0.4735829024802192
C_DEVELOPPIECES:0.5183309945605886
C_MATERIAL:0.5003954436729884
C_MOVECOUNT:0.5010024275466542
C_PAWNMOVEMENT:0.5255969999201114
