ELO:1007
CE_PASSEDPAWNS:0.4877910464420779
CE_PAWNWEAKNESSES:0.5131400704388956
CE_PIECEACTIVITY:0.5027584063707583
CE_KINGPAWNSHIELD:0.4970362874225798
CE_PIECECOORDINATION:0.4993902673853916
CE_MATERIAL:0.49826675981698254
CE_KINGSAFETY:0.4883423503813301
C_PIECESQUARETABLES:0.5
C_MOBILITY:0.4674381605665924
C_KINGSAFETY:0.49478531868250014
C_PAWNSTRUCTURE:0.45716812761435555
C_PIECECOORDINATION:0.4933292499088929
C_ROOK:0.4823873297849898
CE_ROOK:0.5059775905722609
C_CENTERCONTROL:0.5013749059447414
C_DEVELOPPIECES:0.44632247359169874
C_MATERIAL:0.5302928021425948
C_MOVECOUNT:0.484254033797517
C_PAWNMOVEMENT:0.48893630916012565
