ELO:995
CE_PASSEDPAWNS:0.4982556475754334
CE_PAWNWEAKNESSES:0.5115445753062282
CE_PIECEACTIVITY:0.5037874355331176
CE_KINGPAWNSHIELD:0.4970362874225798
CE_PIECECOORDINATION:0.4993902673853916
CE_MATERIAL:0.4982846950568913
CE_KINGSAFETY:0.4883423503813301
C_PIECESQUARETABLES:0.5
C_MOBILITY:0.467216157227992
C_KINGSAFETY:0.4943676309930365
C_PAWNSTRUCTURE:0.4693812704262025
C_PIECECOORDINATION:0.49119074572246796
C_ROOK:0.47464338822514174
CE_ROOK:0.5059775905722609
C_CENTERCONTROL:0.5065443831676095
C_DEVELOPPIECES:0.44632247359169874
C_MATERIAL:0.5180297048779974
C_MOVECOUNT:0.4808549763349559
C_PAWNMOVEMENT:0.482715925477053
