ELO:988
CE_PASSEDPAWNS:0.4889651941908367
CE_PAWNWEAKNESSES:0.4992471952888891
CE_PIECEACTIVITY:0.47358614339914584
CE_KINGPAWNSHIELD:0.5062382328437601
CE_PIECECOORDINATION:0.49761838408289755
CE_MATERIAL:0.49384353014050114
CE_KINGSAFETY:0.5
C_PIECESQUARETABLES:0.5
C_MOBILITY:0.4918587922130017
C_KINGSAFETY:0.49089820130447304
C_PAWNSTRUCTURE:0.503519204761832
C_PIECECOORDINATION:0.5118836349323691
C_ROOKANDPAWNMOVEMENT:0.5118836349323691
C_CENTERCONTROL:0.5090651670580519
C_DEVELOPPIECES:0.4998393942280913
C_MATERIAL:0.4731645092605772
C_MOVECOUNT:0.4842001744941736
