ELO:994
CE_PASSEDPAWNS:0.510564997051202
CE_PAWNWEAKNESSES:0.4975758495844238
CE_PIECEACTIVITY:0.48653584072580436
CE_KINGPAWNSHIELD:0.5022828386536182
CE_PIECECOORDINATION:0.49493427055643696
CE_MATERIAL:0.4983111527658126
CE_KINGSAFETY:0.5032051111634184
C_PIECESQUARETABLES:0.4916575901116298
C_MOBILITY:0.49421256422284704
C_KINGSAFETY:0.510643019705864
C_PAWNSTRUCTURE:0.4947915965646091
C_PIECECOORDINATION:0.48607115198565665
C_ROOK:0.4873496670974496
CE_ROOK:0.5069162366610057
C_CENTERCONTROL:0.5218308572951311
C_DEVELOPPIECES:0.4761035217039677
C_MATERIAL:0.5266912512990648
C_MOVECOUNT:0.4766416646149839
C_PAWNMOVEMENT:0.4807010912057144
