ELO:1000
CE_PASSEDPAWNS:0.5271376277585437
CE_PAWNWEAKNESSES:0.5126321947299666
CE_PIECEACTIVITY:0.468548066806434
CE_KINGPAWNSHIELD:0.48606586903601046
CE_PIECECOORDINATION:0.5033604260723413
CE_MATERIAL:0.507157235672876
CE_KINGSAFETY:0.5058461967518354
C_PIECESQUARETABLES:0.4938715029389411
C_MOBILITY:0.48073585369412103
C_KINGSAFETY:0.47641449159588145
C_PAWNSTRUCTURE:0.49403664174681294
C_PIECECOORDINATION:0.4840647689685564
C_ROOKANDPAWNMOVEMENT:0.4840647689685564
C_CENTERCONTROL:0.49115467371151167
C_DEVELOPPIECES:0.4447722836774168
C_MATERIAL:0.5010868826986701
