ELO:1100
CE_PASSEDPAWNS:0.44007435923178834
CE_PAWNWEAKNESSES:0.49805892264133106
CE_PIECEACTIVITY:0.6212472263881776
CE_KINGPAWNSHIELD:0.47770842780076034
CE_PIECECOORDINATION:0.5464948846870202
CE_MATERIAL:0.38708005354538666
CE_KINGSAFETY:0.48379746895012565
C_PIECESQUARETABLES:0.4887204064199263
C_MOBILITY:0.5581597937938426
C_KINGSAFETY:0.6214644936053901
C_PAWNSTRUCTURE:0.4133438545267839
C_PIECECOORDINATION:0.4894914081614939
C_ROOKANDPAWNMOVEMENT:0.4894914081614939
C_CENTERCONTROL:0.5922450569071699
C_DEVELOPPIECES:0.5101141411212098
C_MATERIAL:0.4047610093756596
