ELO:974
CE_PASSEDPAWNS:0.522774046150555
CE_PAWNWEAKNESSES:0.4911487587046085
CE_PIECEACTIVITY:0.49572139683633515
CE_KINGPAWNSHIELD:0.4978090850444091
CE_PIECECOORDINATION:0.5003554005305407
CE_MATERIAL:0.4842705612484369
CE_KINGSAFETY:0.5536256373074881
C_PIECESQUARETABLES:0.5081857300599631
C_MOBILITY:0.507928156175948
C_KINGSAFETY:0.5025176627555081
C_PAWNSTRUCTURE:0.4778052202104575
C_PIECECOORDINATION:0.50992299246383
C_ROOKANDPAWNMOVEMENT:0.50992299246383
C_CENTERCONTROL:0.49194649257150747
C_DEVELOPPIECES:0.51471609649386
C_MATERIAL:0.4902880595536252
C_MOVECOUNT:0.5000814855853988
