ELO:1000
CE_PASSEDPAWNS:0.4920896759916136
CE_PAWNWEAKNESSES:0.5
CE_PIECEACTIVITY:0.5
CE_KINGPAWNSHIELD:0.49340419565228605
CE_PIECECOORDINATION:0.4883592415756759
CE_MATERIAL:0.4878582049883462
CE_KINGSAFETY:0.48077813688436055
C_PIECESQUARETABLES:0.49100402634876517
C_MOBILITY:0.4917987929498003
C_KINGSAFETY:0.49648018784055914
C_PAWNSTRUCTURE:0.5
C_PIECECOORDINATION:0.5
C_ROOK:0.48798487160672654
CE_ROOK:0.5058229561002222
C_CENTERCONTROL:0.48928048911195154
C_DEVELOPPIECES:0.5
C_MATERIAL:0.4767526669496778
C_MOVECOUNT:0.48035746224237114
C_PAWNMOVEMENT:0.502203168494136
