ELO:961
CE_PASSEDPAWNS:0.5309201849653418
CE_PAWNWEAKNESSES:0.5405145812001094
CE_PIECEACTIVITY:0.4898598037363465
CE_KINGPAWNSHIELD:0.5727342545416153
CE_PIECECOORDINATION:0.5491843321438602
CE_MATERIAL:0.5207388227434022
CE_KINGSAFETY:0.49215394649583766
C_PIECESQUARETABLES:0.4950612653355055
C_MOBILITY:0.5932673489864831
C_KINGSAFETY:0.39919077101519723
C_PAWNSTRUCTURE:0.43930140067466594
C_PIECECOORDINATION:0.4386595840595242
C_ROOKANDPAWNMOVEMENT:0.4386595840595242
C_CENTERCONTROL:0.48243179490638677
C_DEVELOPPIECES:0.500089640527404
C_MATERIAL:0.619989798902377
