ELO:925
CE_PASSEDPAWNS:0.5435393324839882
CE_PAWNWEAKNESSES:0.38722728738634543
CE_PIECEACTIVITY:0.4955898104509282
CE_KINGPAWNSHIELD:0.42709024704406756
CE_PIECECOORDINATION:0.48280232653642263
CE_MATERIAL:0.5054804824572151
CE_KINGSAFETY:0.49605562322829005
C_PIECESQUARETABLES:0.4696522405771618
C_MOBILITY:0.5918874784157211
C_KINGSAFETY:0.4969318600612161
C_PAWNSTRUCTURE:0.4096200996942983
C_PIECECOORDINATION:0.4624346513631228
C_ROOKANDPAWNMOVEMENT:0.4624346513631228
C_CENTERCONTROL:0.49276557436463525
C_DEVELOPPIECES:0.5323267038531412
C_MATERIAL:0.45074905392729286
