ELO:884
CE_PASSEDPAWNS:0.5366000318303247
CE_PAWNWEAKNESSES:0.5144747658078518
CE_PIECEACTIVITY:0.5117698131211238
CE_KINGPAWNSHIELD:0.49485878962073254
CE_PIECECOORDINATION:0.44206872720720425
CE_MATERIAL:0.48358501276833743
CE_KINGSAFETY:0.48527633140046994
C_PIECESQUARETABLES:0.5
C_MOBILITY:0.5190468577943934
C_KINGSAFETY:0.48370150438561443
C_PAWNSTRUCTURE:0.4702205500400636
C_PIECECOORDINATION:0.4919453145642938
C_ROOKANDPAWNMOVEMENT:0.4919453145642938
C_CENTERCONTROL:0.4852637526847277
C_DEVELOPPIECES:0.5065531129598282
C_MATERIAL:0.45475326269712163
C_MOVECOUNT:0.5
