ELO:1012
CE_PASSEDPAWNS:0.49144555856036304
CE_PAWNWEAKNESSES:0.5018879324371956
CE_PIECEACTIVITY:0.497848609646149
CE_KINGPAWNSHIELD:0.49539827033107914
CE_PIECECOORDINATION:0.5
CE_MATERIAL:0.4943836773059559
CE_KINGSAFETY:0.5
C_PIECESQUARETABLES:0.5
C_MOBILITY:0.5
C_KINGSAFETY:0.5196254488897076
C_PAWNSTRUCTURE:0.4949216226758682
C_PIECECOORDINATION:0.5082282598654411
C_ROOKANDPAWNMOVEMENT:0.5082282598654411
C_CENTERCONTROL:0.5
C_DEVELOPPIECES:0.5
C_MATERIAL:0.4887334568253181
