ELO:943
CE_PASSEDPAWNS:0.5350461080662746
CE_PAWNWEAKNESSES:0.4936170789359822
CE_PIECEACTIVITY:0.4684464500066054
CE_KINGPAWNSHIELD:0.5020936070881633
CE_PIECECOORDINATION:0.4984634910528494
CE_MATERIAL:0.48194645099124295
CE_KINGSAFETY:0.4920756031499206
C_PIECESQUARETABLES:0.5081857300599631
C_MOBILITY:0.4917070237125509
C_KINGSAFETY:0.5012467655848697
C_PAWNSTRUCTURE:0.47060490528514587
C_PIECECOORDINATION:0.49843983880911474
C_ROOKANDPAWNMOVEMENT:0.49843983880911474
C_CENTERCONTROL:0.5090108592485134
C_DEVELOPPIECES:0.4798681764136925
C_MATERIAL:0.4732280420810383
C_MOVECOUNT:0.5190234465935748
