ELO:1000
CE_PASSEDPAWNS:0.5157461798286578
CE_PAWNWEAKNESSES:0.5425487959995977
CE_PIECEACTIVITY:0.4268274668482908
CE_KINGPAWNSHIELD:0.5371117866233008
CE_PIECECOORDINATION:0.5049995001160508
CE_MATERIAL:0.47965239288228206
CE_KINGSAFETY:0.5
C_PIECESQUARETABLES:0.5060071107471886
C_MOBILITY:0.5482691174365297
C_KINGSAFETY:0.48185266646041286
C_PAWNSTRUCTURE:0.42390260341731695
C_PIECECOORDINATION:0.45562895391646663
C_ROOKANDPAWNMOVEMENT:0.45562895391646663
C_CENTERCONTROL:0.49476678307442284
C_DEVELOPPIECES:0.492289275390505
C_MATERIAL:0.5359587793809764
