ELO:781
CE_PASSEDPAWNS:0.5481517466129646
CE_PAWNWEAKNESSES:0.5177033370575228
CE_PIECEACTIVITY:0.4989790580157993
CE_KINGPAWNSHIELD:0.4767742077785973
CE_PIECECOORDINATION:0.5164820175579927
CE_MATERIAL:0.5275122597060076
CE_KINGSAFETY:0.4757475123419983
C_PIECESQUARETABLES:0.5175479820560627
C_MOBILITY:0.5179590252044494
C_KINGSAFETY:0.4811562355910586
C_PAWNSTRUCTURE:0.5158572098281208
C_PIECECOORDINATION:0.5357398401908691
C_ROOKANDPAWNMOVEMENT:0.5357398401908691
C_CENTERCONTROL:0.51315701252626
C_DEVELOPPIECES:0.5579785306988532
C_MATERIAL:0.4956743916609519
C_MOVECOUNT:0.5
