ELO:1009
CE_PASSEDPAWNS:0.43381529583798206
CE_PAWNWEAKNESSES:0.5
CE_PIECEACTIVITY:0.49531644668013725
CE_KINGPAWNSHIELD:0.5
CE_PIECECOORDINATION:0.5213669927257458
CE_MATERIAL:0.5
CE_KINGSAFETY:0.5176625212786645
C_PIECESQUARETABLES:0.5129674105964696
C_MOBILITY:0.519846152511165
C_KINGSAFETY:0.5271871844381312
C_PAWNSTRUCTURE:0.4886367729433188
C_PIECECOORDINATION:0.5
C_ROOKANDPAWNMOVEMENT:0.5
C_CENTERCONTROL:0.4848852436747761
C_DEVELOPPIECES:0.4958773620379367
C_MATERIAL:0.4956292794971369
