ELO:1025
CE_PASSEDPAWNS:0.5019379061059126
CE_PAWNWEAKNESSES:0.5
CE_PIECEACTIVITY:0.5400810963754095
CE_KINGPAWNSHIELD:0.49711923057826723
CE_PIECECOORDINATION:0.4820318374666213
CE_MATERIAL:0.5098457914445861
CE_KINGSAFETY:0.5
C_PIECESQUARETABLES:0.5
C_MOBILITY:0.5031260481860187
C_KINGSAFETY:0.5070249263959133
C_PAWNSTRUCTURE:0.5068332941276955
C_PIECECOORDINATION:0.5079180652024708
C_ROOK:0.512917027754194
CE_ROOK:0.5015736994700967
C_CENTERCONTROL:0.5302842375222394
C_DEVELOPPIECES:0.5378158956555593
C_MATERIAL:0.5000931706638955
C_MOVECOUNT:0.5128536074138685
C_PAWNMOVEMENT:0.5
