ELO:1000
CE_PASSEDPAWNS:0.5203754304580824
CE_PAWNWEAKNESSES:0.5493383683849101
CE_PIECEACTIVITY:0.4739092393350032
CE_KINGPAWNSHIELD:0.42880794386829524
CE_PIECECOORDINATION:0.4370944597908219
CE_MATERIAL:0.4347830725183758
CE_KINGSAFETY:0.4935065033221696
C_PIECESQUARETABLES:0.5
C_MOBILITY:0.40972174422790114
C_KINGSAFETY:0.4145441182162808
C_PAWNSTRUCTURE:0.4809506943654932
C_PIECECOORDINATION:0.4511748727612973
C_ROOKANDPAWNMOVEMENT:0.4511748727612973
C_CENTERCONTROL:0.4336395488842718
C_DEVELOPPIECES:0.4333745109388554
C_MATERIAL:0.5372792654780284
