ELO:967
CE_PASSEDPAWNS:0.4771954630022578
CE_PAWNWEAKNESSES:0.4704680295348664
CE_PIECEACTIVITY:0.49814995458892813
CE_KINGPAWNSHIELD:0.507149697295122
CE_PIECECOORDINATION:0.48921297221615684
CE_MATERIAL:0.502130169584044
CE_KINGSAFETY:0.5154059933151447
C_PIECESQUARETABLES:0.5005039476095178
C_MOBILITY:0.473953993388582
C_KINGSAFETY:0.5248143442990876
C_PAWNSTRUCTURE:0.5183118136768313
C_PIECECOORDINATION:0.5051672051859127
C_ROOKANDPAWNMOVEMENT:0.5051672051859127
C_CENTERCONTROL:0.4792287521692984
C_DEVELOPPIECES:0.5100936344733226
C_MATERIAL:0.5021500312190418
C_MOVECOUNT:0.5118089129254129
