ELO:1000
CE_PASSEDPAWNS:0.5165044349027128
CE_PAWNWEAKNESSES:0.5280349675805818
CE_PIECEACTIVITY:0.4405228415379209
CE_KINGPAWNSHIELD:0.5069170245896635
CE_PIECECOORDINATION:0.48549723675558254
CE_MATERIAL:0.5047497095469577
CE_KINGSAFETY:0.4845464388116486
C_PIECESQUARETABLES:0.5177473315265714
C_MOBILITY:0.5577243784197629
C_KINGSAFETY:0.4741767933587378
C_PAWNSTRUCTURE:0.467983229093439
C_PIECECOORDINATION:0.4699132961888008
C_ROOKANDPAWNMOVEMENT:0.4699132961888008
C_CENTERCONTROL:0.48459872757169353
C_DEVELOPPIECES:0.49494385056202334
C_MATERIAL:0.534711657814076
