ELO:933
CE_PASSEDPAWNS:0.5075259692799786
CE_PAWNWEAKNESSES:0.512816665758181
CE_PIECEACTIVITY:0.4960008730118924
CE_KINGPAWNSHIELD:0.5
CE_PIECECOORDINATION:0.5402243101515345
CE_MATERIAL:0.4613851772815283
CE_KINGSAFETY:0.5075977356283652
C_PIECESQUARETABLES:0.48043942584224186
C_MOBILITY:0.474902933424055
C_KINGSAFETY:0.4911744114272734
C_PAWNSTRUCTURE:0.5176113913288283
C_PIECECOORDINATION:0.5105717072964491
C_ROOKANDPAWNMOVEMENT:0.5105717072964491
C_CENTERCONTROL:0.4942949626481104
C_DEVELOPPIECES:0.4946426141996665
C_MATERIAL:0.49749781200585314
C_MOVECOUNT:0.5
