ELO:995
CE_PASSEDPAWNS:0.44184642052653605
CE_PAWNWEAKNESSES:0.5989924427327784
CE_PIECEACTIVITY:0.5345011488336674
CE_KINGPAWNSHIELD:0.5418163168055149
CE_PIECECOORDINATION:0.4410970530529471
CE_MATERIAL:0.5525377043949771
CE_KINGSAFETY:0.5103873119149465
C_PIECESQUARETABLES:0.5218533381629272
C_MOBILITY:0.5216693068398279
C_KINGSAFETY:0.6013058173240259
C_PAWNSTRUCTURE:0.4544872906958373
C_PIECECOORDINATION:0.40827154331792265
C_ROOKANDPAWNMOVEMENT:0.40827154331792265
C_CENTERCONTROL:0.5181854009609884
C_DEVELOPPIECES:0.4548249672729163
C_MATERIAL:0.5740584258433635
