ELO:872
CE_PASSEDPAWNS:0.49177608329482675
CE_PAWNWEAKNESSES:0.4777541090661728
CE_PIECEACTIVITY:0.49565463596519155
CE_KINGPAWNSHIELD:0.5398923045220642
CE_PIECECOORDINATION:0.4877348278354073
CE_MATERIAL:0.4624442127939558
CE_KINGSAFETY:0.5
C_PIECESQUARETABLES:0.5
C_MOBILITY:0.501451519644171
C_KINGSAFETY:0.5734882071420581
C_PAWNSTRUCTURE:0.49843835203322767
C_PIECECOORDINATION:0.49966708561150863
C_ROOKANDPAWNMOVEMENT:0.49966708561150863
C_CENTERCONTROL:0.5115959590507931
C_DEVELOPPIECES:0.5134472003700473
C_MATERIAL:0.5464846573102319
C_MOVECOUNT:0.5
