ELO:957
CE_PASSEDPAWNS:0.45732320108462016
CE_PAWNWEAKNESSES:0.486740283378962
CE_PIECEACTIVITY:0.5067880079733518
CE_KINGPAWNSHIELD:0.5592331706816297
CE_PIECECOORDINATION:0.5028472174105767
CE_MATERIAL:0.4767390555840135
CE_KINGSAFETY:0.47445587019113267
C_PIECESQUARETABLES:0.5509503574116158
C_MOBILITY:0.4674558569471364
C_KINGSAFETY:0.4603568072397773
C_PAWNSTRUCTURE:0.5109235129461697
C_PIECECOORDINATION:0.4516818661677615
C_ROOKANDPAWNMOVEMENT:0.4516818661677615
C_CENTERCONTROL:0.4803232923409868
C_DEVELOPPIECES:0.5133142682043891
C_MATERIAL:0.5041097105569392
C_MOVECOUNT:0.5
