ELO:950
CE_PASSEDPAWNS:0.4061254481317762
CE_PAWNWEAKNESSES:0.5620755512320493
CE_PIECEACTIVITY:0.4956471382906954
CE_KINGPAWNSHIELD:0.48095675819689876
CE_PIECECOORDINATION:0.4536084738788281
CE_MATERIAL:0.5355186281170268
CE_KINGSAFETY:0.49689659747155734
C_PIECESQUARETABLES:0.4900121307615139
C_MOBILITY:0.5289743414225664
C_KINGSAFETY:0.5421902577799285
C_PAWNSTRUCTURE:0.3727787590700336
C_PIECECOORDINATION:0.4473627804475275
C_ROOKANDPAWNMOVEMENT:0.4473627804475275
C_CENTERCONTROL:0.5873697341839951
C_DEVELOPPIECES:0.44699566761447124
C_MATERIAL:0.6007866993833477
