ELO:979
CE_PASSEDPAWNS:0.549293911990814
CE_PAWNWEAKNESSES:0.5092566183941603
CE_PIECEACTIVITY:0.574270015195564
CE_KINGPAWNSHIELD:0.4736307814237594
CE_PIECECOORDINATION:0.5269113652930422
CE_MATERIAL:0.41746735095478
CE_KINGSAFETY:0.47665317847909594
C_PIECESQUARETABLES:0.5335951137773027
C_MOBILITY:0.4214440506160307
C_KINGSAFETY:0.46476526547522135
C_PAWNSTRUCTURE:0.4752155807211575
C_PIECECOORDINATION:0.5271188424065724
C_ROOKANDPAWNMOVEMENT:0.5271188424065724
C_CENTERCONTROL:0.5041186643405994
C_DEVELOPPIECES:0.5440713455861464
C_MATERIAL:0.5451298414399026
