ELO:897
CE_PASSEDPAWNS:0.4547879165470738
CE_PAWNWEAKNESSES:0.5379083524548434
CE_PIECEACTIVITY:0.5092209456977468
CE_KINGPAWNSHIELD:0.49575147425550875
CE_PIECECOORDINATION:0.4769353698922791
CE_MATERIAL:0.5338362664952297
CE_KINGSAFETY:0.5011156656445747
C_PIECESQUARETABLES:0.527217149008921
C_MOBILITY:0.5279682671858565
C_KINGSAFETY:0.5055885510936454
C_PAWNSTRUCTURE:0.48115195789875903
C_PIECECOORDINATION:0.48944145104517683
C_ROOKANDPAWNMOVEMENT:0.48944145104517683
C_CENTERCONTROL:0.5375236626672831
C_DEVELOPPIECES:0.5095726773123549
C_MATERIAL:0.48473922237591044
C_MOVECOUNT:0.4937437680897227
