ELO:928
CE_PASSEDPAWNS:0.3672589414533239
CE_PAWNWEAKNESSES:0.5667185470501938
CE_PIECEACTIVITY:0.5190628499962117
CE_KINGPAWNSHIELD:0.49162565040862627
CE_PIECECOORDINATION:0.4375852500551554
CE_MATERIAL:0.5252162901032661
CE_KINGSAFETY:0.5165842443267266
C_PIECESQUARETABLES:0.47326110343812805
C_MOBILITY:0.5587601209887448
C_KINGSAFETY:0.5669071991619378
C_PAWNSTRUCTURE:0.31762014079548145
C_PIECECOORDINATION:0.41059718146460605
C_ROOKANDPAWNMOVEMENT:0.41059718146460605
C_CENTERCONTROL:0.5905836630321528
C_DEVELOPPIECES:0.4520792777560494
C_MATERIAL:0.5526964878262647
