ELO:1011
CE_PASSEDPAWNS:0.5
CE_PAWNWEAKNESSES:0.5
CE_PIECEACTIVITY:0.5
CE_KINGPAWNSHIELD:0.5076187677692476
CE_PIECECOORDINATION:0.4887329435780519
CE_MATERIAL:0.5
CE_KINGSAFETY:0.5056477779043806
C_PIECESQUARETABLES:0.5038509142319813
C_MOBILITY:0.5056872993579666
C_KINGSAFETY:0.5089937838071213
C_PAWNSTRUCTURE:0.5112429223333581
C_PIECECOORDINATION:0.5
C_ROOKANDPAWNMOVEMENT:0.5
C_CENTERCONTROL:0.48770405315411686
C_DEVELOPPIECES:0.5002486704509299
C_MATERIAL:0.5
C_MOVECOUNT:0.5
