ELO:1020
CE_PASSEDPAWNS:0.459901266279461
CE_PAWNWEAKNESSES:0.5185915308021422
CE_PIECEACTIVITY:0.4937323955696017
CE_KINGPAWNSHIELD:0.4916056577510133
CE_PIECECOORDINATION:0.5085636232798526
CE_MATERIAL:0.5287577923429543
CE_KINGSAFETY:0.5056537031931948
C_PIECESQUARETABLES:0.49355186586028954
C_MOBILITY:0.4904281788954082
C_KINGSAFETY:0.49541164482549593
C_PAWNSTRUCTURE:0.49753025124826017
C_PIECECOORDINATION:0.5108620775111231
C_ROOKANDPAWNMOVEMENT:0.5108620775111231
C_CENTERCONTROL:0.5025772434988779
C_DEVELOPPIECES:0.5004567294047895
C_MATERIAL:0.49243779661776893
