ELO:883
CE_PASSEDPAWNS:0.3616212326256816
CE_PAWNWEAKNESSES:0.552093726416156
CE_PIECEACTIVITY:0.4911000626246851
CE_KINGPAWNSHIELD:0.5059837275073108
CE_PIECECOORDINATION:0.4763029684535543
CE_MATERIAL:0.5352112088553891
CE_KINGSAFETY:0.5107832843046304
C_PIECESQUARETABLES:0.4928172034118345
C_MOBILITY:0.5602236387811506
C_KINGSAFETY:0.5736542081777746
C_PAWNSTRUCTURE:0.3231727993889707
C_PIECECOORDINATION:0.4256231673382952
C_ROOKANDPAWNMOVEMENT:0.4256231673382952
C_CENTERCONTROL:0.5681679254227586
C_DEVELOPPIECES:0.47700181723305685
C_MATERIAL:0.5433662283657317
