ELO:998
CE_PASSEDPAWNS:0.5263046166066683
CE_PAWNWEAKNESSES:0.5832940751207418
CE_PIECEACTIVITY:0.4683794278248064
CE_KINGPAWNSHIELD:0.4589046466339934
CE_PIECECOORDINATION:0.48047315773286586
CE_MATERIAL:0.45131597196209605
CE_KINGSAFETY:0.5
C_PIECESQUARETABLES:0.5
C_MOBILITY:0.46480532702343375
C_KINGSAFETY:0.544259276334843
C_PAWNSTRUCTURE:0.5474364289980829
C_PIECECOORDINATION:0.4605063709932321
C_ROOKANDPAWNMOVEMENT:0.4605063709932321
C_CENTERCONTROL:0.39314209009390744
C_DEVELOPPIECES:0.5297963053006962
C_MATERIAL:0.43638945114899585
