ELO:907
CE_PASSEDPAWNS:0.5147997808592395
CE_PAWNWEAKNESSES:0.49209167141124593
CE_PIECEACTIVITY:0.48177488981463706
CE_KINGPAWNSHIELD:0.4721110933634196
CE_PIECECOORDINATION:0.4244591522521062
CE_MATERIAL:0.49211526993583304
CE_KINGSAFETY:0.45692877746103633
C_PIECESQUARETABLES:0.5324588017131789
C_MOBILITY:0.5613531893305339
C_KINGSAFETY:0.48557004880296983
C_PAWNSTRUCTURE:0.482161654310688
C_PIECECOORDINATION:0.5034352042892783
C_ROOKANDPAWNMOVEMENT:0.5034352042892783
C_CENTERCONTROL:0.5624619978503598
C_DEVELOPPIECES:0.45008211582076085
C_MATERIAL:0.5096004622738356
C_MOVECOUNT:0.4877431145386523
