ELO:820
CE_PASSEDPAWNS:0.5969866703200962
CE_PAWNWEAKNESSES:0.5015222283555812
CE_PIECEACTIVITY:0.5781092192481881
CE_KINGPAWNSHIELD:0.3993684958134689
CE_PIECECOORDINATION:0.4631297803369305
CE_MATERIAL:0.3379191319304676
CE_KINGSAFETY:0.5144898606419533
C_PIECESQUARETABLES:0.4766203397349909
C_MOBILITY:0.43498356180812486
C_KINGSAFETY:0.5133038237553442
C_PAWNSTRUCTURE:0.5132548767448244
C_PIECECOORDINATION:0.5229115378578567
C_ROOKANDPAWNMOVEMENT:0.5229115378578567
C_CENTERCONTROL:0.5128869516020939
C_DEVELOPPIECES:0.5113353294322742
C_MATERIAL:0.5080713710551079
