ELO:975
CE_PASSEDPAWNS:0.5786979128783605
CE_PAWNWEAKNESSES:0.4861301719725326
CE_PIECEACTIVITY:0.5877831046210843
CE_KINGPAWNSHIELD:0.4403714016860362
CE_PIECECOORDINATION:0.5368909011437346
CE_MATERIAL:0.422810453030745
CE_KINGSAFETY:0.5
C_PIECESQUARETABLES:0.5011949033308062
C_MOBILITY:0.439376373680183
C_KINGSAFETY:0.44189412579773646
C_PAWNSTRUCTURE:0.4717262272916884
C_PIECECOORDINATION:0.5171441401109212
C_ROOKANDPAWNMOVEMENT:0.5171441401109212
C_CENTERCONTROL:0.5493132967597619
C_DEVELOPPIECES:0.5132882006630701
C_MATERIAL:0.547752936252469
