ELO:1000
CE_PASSEDPAWNS:0.5149482450641101
CE_PAWNWEAKNESSES:0.48451596905855654
CE_PIECEACTIVITY:0.4947714481809197
CE_KINGPAWNSHIELD:0.4846357143462559
CE_PIECECOORDINATION:0.5075427111648253
CE_MATERIAL:0.48189085555472
CE_KINGSAFETY:0.5165619436182748
C_PIECESQUARETABLES:0.521995915327665
C_MOBILITY:0.4989409940205878
C_KINGSAFETY:0.5147505500873585
C_PAWNSTRUCTURE:0.48144475066660164
C_PIECECOORDINATION:0.5069946686228207
C_ROOKANDPAWNMOVEMENT:0.5069946686228207
C_CENTERCONTROL:0.5103498587428372
C_DEVELOPPIECES:0.4986434036095125
C_MATERIAL:0.5188512918371717
