ELO:911
CE_PASSEDPAWNS:0.4723817972070097
CE_PAWNWEAKNESSES:0.5245756533821087
CE_PIECEACTIVITY:0.5005697971875046
CE_KINGPAWNSHIELD:0.516364476325422
CE_PIECECOORDINATION:0.5049180961822703
CE_MATERIAL:0.44945690699316165
CE_KINGSAFETY:0.5
C_PIECESQUARETABLES:0.5
C_MOBILITY:0.46743878434148267
C_KINGSAFETY:0.5213043137365398
C_PAWNSTRUCTURE:0.5058281177201365
C_PIECECOORDINATION:0.4994235045099674
C_ROOK:0.4491093105740977
CE_ROOK:0.492753666668242
C_CENTERCONTROL:0.4444231877027021
C_DEVELOPPIECES:0.509709381394511
C_MATERIAL:0.5003941992074187
C_MOVECOUNT:0.5165460537260043
C_PAWNMOVEMENT:0.47068547955552864
