ELO:854
CE_PASSEDPAWNS:0.5984250940026027
CE_PAWNWEAKNESSES:0.4883320843183101
CE_PIECEACTIVITY:0.4959670893703125
CE_KINGPAWNSHIELD:0.47846998406969476
CE_PIECECOORDINATION:0.5341316385204145
CE_MATERIAL:0.44878921893709167
CE_KINGSAFETY:0.41910926293685635
C_PIECESQUARETABLES:0.558794724130939
C_MOBILITY:0.39654409569395527
C_KINGSAFETY:0.4299563533172949
C_PAWNSTRUCTURE:0.5752555165989044
C_PIECECOORDINATION:0.33079530621952763
C_ROOKANDPAWNMOVEMENT:0.33079530621952763
C_CENTERCONTROL:0.5534016360653308
C_DEVELOPPIECES:0.5669930714639182
C_MATERIAL:0.5195958513451324
C_MOVECOUNT:0.5
