ELO:818
CE_PASSEDPAWNS:0.5780008708098222
CE_PAWNWEAKNESSES:0.4904501991164041
CE_PIECEACTIVITY:0.6328026916265205
CE_KINGPAWNSHIELD:0.3856361217025922
CE_PIECECOORDINATION:0.4853939394202181
CE_MATERIAL:0.30801462534515694
CE_KINGSAFETY:0.47354220436579253
C_PIECESQUARETABLES:0.4927248946716557
C_MOBILITY:0.44705165495751575
C_KINGSAFETY:0.47973819933550627
C_PAWNSTRUCTURE:0.5450023271236271
C_PIECECOORDINATION:0.4989249548157506
C_ROOKANDPAWNMOVEMENT:0.4989249548157506
C_CENTERCONTROL:0.4870936324290895
C_DEVELOPPIECES:0.5142266826219803
C_MATERIAL:0.5403089784600309
