ELO:916
CE_PASSEDPAWNS:0.5536357834469706
CE_PAWNWEAKNESSES:0.4891293260558536
CE_PIECEACTIVITY:0.5961983447088394
CE_KINGPAWNSHIELD:0.4159008057881295
CE_PIECECOORDINATION:0.5081609129069834
CE_MATERIAL:0.38244764345799515
CE_KINGSAFETY:0.4917144998065473
C_PIECESQUARETABLES:0.5041548252869082
C_MOBILITY:0.42399295669000736
C_KINGSAFETY:0.4967939044167704
C_PAWNSTRUCTURE:0.5049740089645932
C_PIECECOORDINATION:0.5477723631620774
C_ROOKANDPAWNMOVEMENT:0.5477723631620774
C_CENTERCONTROL:0.4905167205730857
C_DEVELOPPIECES:0.5008937180104756
C_MATERIAL:0.524573312006246
