ELO:999
CE_PASSEDPAWNS:0.5007929167464842
CE_PAWNWEAKNESSES:0.4960743183571856
CE_PIECEACTIVITY:0.49632797899980985
CE_KINGPAWNSHIELD:0.5078542013425968
CE_PIECECOORDINATION:0.5111151587266773
CE_MATERIAL:0.5139640544366952
CE_KINGSAFETY:0.4967113697281543
C_PIECESQUARETABLES:0.48051506423460694
C_MOBILITY:0.5003491162304554
C_KINGSAFETY:0.497827190725119
C_PAWNSTRUCTURE:0.5
C_PIECECOORDINATION:0.5
C_ROOKANDPAWNMOVEMENT:0.5
C_CENTERCONTROL:0.4863007523944428
C_DEVELOPPIECES:0.5
C_MATERIAL:0.5
