ELO:1008
CE_PASSEDPAWNS:0.5
CE_PAWNWEAKNESSES:0.5122510657157462
CE_PIECEACTIVITY:0.49260516289485
CE_KINGPAWNSHIELD:0.5180493412119805
CE_PIECECOORDINATION:0.494771837710504
CE_MATERIAL:0.506001958946736
CE_KINGSAFETY:0.4972901285462611
C_PIECESQUARETABLES:0.5064096306412634
C_MOBILITY:0.5
C_KINGSAFETY:0.4901176322846437
C_PAWNSTRUCTURE:0.49219611126171264
C_PIECECOORDINATION:0.498805869853703
C_ROOKANDPAWNMOVEMENT:0.498805869853703
C_CENTERCONTROL:0.5
C_DEVELOPPIECES:0.5079417883043297
C_MATERIAL:0.48445250677201995
