ELO:960
CE_PASSEDPAWNS:0.5303493352410804
CE_PAWNWEAKNESSES:0.49323631930242356
CE_PIECEACTIVITY:0.496155218089525
CE_KINGPAWNSHIELD:0.5
CE_PIECECOORDINATION:0.5076539132727791
CE_MATERIAL:0.4820826849994308
CE_KINGSAFETY:0.49611587336571394
C_PIECESQUARETABLES:0.4865702790641549
C_MOBILITY:0.49849677671417675
C_KINGSAFETY:0.4929075588899968
C_PAWNSTRUCTURE:0.5118316034983573
C_PIECECOORDINATION:0.5105858500065245
C_ROOKANDPAWNMOVEMENT:0.5105858500065245
C_CENTERCONTROL:0.508980453162482
C_DEVELOPPIECES:0.5015245851373863
C_MATERIAL:0.556483372951225
C_MOVECOUNT:0.5
