ELO:919
CE_PASSEDPAWNS:0.46938827619203494
CE_PAWNWEAKNESSES:0.5245756533821087
CE_PIECEACTIVITY:0.47932633375015815
CE_KINGPAWNSHIELD:0.4908771615661392
CE_PIECECOORDINATION:0.5106711514964339
CE_MATERIAL:0.4621596966485964
CE_KINGSAFETY:0.5
C_PIECESQUARETABLES:0.5120814558041812
C_MOBILITY:0.47293402833077597
C_KINGSAFETY:0.49863603720499783
C_PAWNSTRUCTURE:0.49806506399808326
C_PIECECOORDINATION:0.49084100897804744
C_ROOK:0.4562013569457094
CE_ROOK:0.486797106925202
C_CENTERCONTROL:0.446500197533185
C_DEVELOPPIECES:0.49483954544580483
C_MATERIAL:0.5215648325596803
C_MOVECOUNT:0.519458889399567
C_PAWNMOVEMENT:0.45457290824217594
