ELO:890
CE_PASSEDPAWNS:0.5779846886172141
CE_PAWNWEAKNESSES:0.4950198741973552
CE_PIECEACTIVITY:0.6002816971105409
CE_KINGPAWNSHIELD:0.4165096865183865
CE_PIECECOORDINATION:0.5082008747488633
CE_MATERIAL:0.3643502390074972
CE_KINGSAFETY:0.482225762711571
C_PIECESQUARETABLES:0.490259673859788
C_MOBILITY:0.43500972664364457
C_KINGSAFETY:0.4593956824579304
C_PAWNSTRUCTURE:0.5020102828941032
C_PIECECOORDINATION:0.5609343464338173
C_ROOKANDPAWNMOVEMENT:0.5609343464338173
C_CENTERCONTROL:0.48004678812402424
C_DEVELOPPIECES:0.5053019543055963
C_MATERIAL:0.5364206172974106
