ELO:998
CE_PASSEDPAWNS:0.4972323284482079
CE_PAWNWEAKNESSES:0.48501549785183723
CE_PIECEACTIVITY:0.5
CE_KINGPAWNSHIELD:0.48014558745851416
CE_PIECECOORDINATION:0.5140427665071471
CE_MATERIAL:0.49434695127927347
CE_KINGSAFETY:0.5
C_PIECESQUARETABLES:0.5
C_MOBILITY:0.5002099431553971
C_KINGSAFETY:0.5
C_PAWNSTRUCTURE:0.5
C_PIECECOORDINATION:0.4886938418041639
C_ROOKANDPAWNMOVEMENT:0.4886938418041639
C_CENTERCONTROL:0.4907161317278509
C_DEVELOPPIECES:0.5119475370840663
C_MATERIAL:0.4894550182675427
C_MOVECOUNT:0.5
