ELO:782
CE_PASSEDPAWNS:0.5780008708098222
CE_PAWNWEAKNESSES:0.47274381467463383
CE_PIECEACTIVITY:0.6395122778544263
CE_KINGPAWNSHIELD:0.3575535137688471
CE_PIECECOORDINATION:0.4738235999189032
CE_MATERIAL:0.3013063506227342
CE_KINGSAFETY:0.47645002425033434
C_PIECESQUARETABLES:0.48912047025140143
C_MOBILITY:0.42545956155812575
C_KINGSAFETY:0.4652067854752109
C_PAWNSTRUCTURE:0.5430138602419021
C_PIECECOORDINATION:0.524717948032114
C_ROOKANDPAWNMOVEMENT:0.524717948032114
C_CENTERCONTROL:0.4948652113170323
C_DEVELOPPIECES:0.5025869508828955
C_MATERIAL:0.5438158740067759
