ELO:948
CE_PASSEDPAWNS:0.48604876948957454
CE_PAWNWEAKNESSES:0.5213166891568495
CE_PIECEACTIVITY:0.5047141069697589
CE_KINGPAWNSHIELD:0.5082364102344546
CE_PIECECOORDINATION:0.5180849218585927
CE_MATERIAL:0.46728217145781514
CE_KINGSAFETY:0.49787707544090976
C_PIECESQUARETABLES:0.4835106649697032
C_MOBILITY:0.47880992879113043
C_KINGSAFETY:0.512669054232948
C_PAWNSTRUCTURE:0.5091626628199272
C_PIECECOORDINATION:0.4746617206181011
C_ROOK:0.4753530287527922
CE_ROOK:0.4940818422209944
C_CENTERCONTROL:0.4865991241253451
C_DEVELOPPIECES:0.49295335907646365
C_MATERIAL:0.5341331254034393
C_MOVECOUNT:0.4929179481720188
C_PAWNMOVEMENT:0.4480865394822938
