ELO:983
CE_PASSEDPAWNS:0.5054597247313376
CE_PAWNWEAKNESSES:0.5462096708487586
CE_PIECEACTIVITY:0.5
CE_KINGPAWNSHIELD:0.5186109707031353
CE_PIECECOORDINATION:0.5108377192412348
CE_MATERIAL:0.4953232864187966
CE_KINGSAFETY:0.5114313806505775
C_PIECESQUARETABLES:0.48791082584843254
C_MOBILITY:0.5041801988025737
C_KINGSAFETY:0.4891661847996276
C_PAWNSTRUCTURE:0.48734773120823255
C_PIECECOORDINATION:0.5217437554615207
C_ROOKANDPAWNMOVEMENT:0.5217437554615207
C_CENTERCONTROL:0.48667743035672395
C_DEVELOPPIECES:0.5095967967387728
C_MATERIAL:0.49721206706803994
C_MOVECOUNT:0.5
