ELO:991
CE_PASSEDPAWNS:0.5050062638776192
CE_PAWNWEAKNESSES:0.47976127389184003
CE_PIECEACTIVITY:0.514334904346641
CE_KINGPAWNSHIELD:0.5008840412441252
CE_PIECECOORDINATION:0.5105983256929735
CE_MATERIAL:0.48235382268769317
CE_KINGSAFETY:0.5080589864970326
C_PIECESQUARETABLES:0.5041947869786616
C_MOBILITY:0.4768560924225947
C_KINGSAFETY:0.5
C_PAWNSTRUCTURE:0.4958227870036511
C_PIECECOORDINATION:0.5
C_ROOKANDPAWNMOVEMENT:0.5
C_CENTERCONTROL:0.5061939175587923
C_DEVELOPPIECES:0.512710825424026
C_MATERIAL:0.49496096126013833
C_MOVECOUNT:0.5009648511023973
