ELO:900
CE_PASSEDPAWNS:0.46869437407985753
CE_PAWNWEAKNESSES:0.5294986646014068
CE_PIECEACTIVITY:0.4875584298664535
CE_KINGPAWNSHIELD:0.5188845201767626
CE_PIECECOORDINATION:0.5101006600878059
CE_MATERIAL:0.4441753642571199
CE_KINGSAFETY:0.5048147129586525
C_PIECESQUARETABLES:0.5073688870152457
C_MOBILITY:0.4729574629016713
C_KINGSAFETY:0.5192772281375141
C_PAWNSTRUCTURE:0.4978149074178566
C_PIECECOORDINATION:0.4818905567162632
C_ROOK:0.4455664112217024
CE_ROOK:0.48839399921583243
C_CENTERCONTROL:0.4242376321364094
C_DEVELOPPIECES:0.5025030399756277
C_MATERIAL:0.47835064579306535
C_MOVECOUNT:0.5057304726768787
C_PAWNMOVEMENT:0.4844344471878297
