ELO:1006
CE_PASSEDPAWNS:0.49517120016438854
CE_PAWNWEAKNESSES:0.5
CE_PIECEACTIVITY:0.5098618742290946
CE_KINGPAWNSHIELD:0.5101235136014772
CE_PIECECOORDINATION:0.5047519417950107
CE_MATERIAL:0.5
CE_KINGSAFETY:0.5205640882750233
C_PIECESQUARETABLES:0.5
C_MOBILITY:0.5
C_KINGSAFETY:0.5
C_PAWNSTRUCTURE:0.49930205238647973
C_PIECECOORDINATION:0.5008875104073504
C_ROOKANDPAWNMOVEMENT:0.5008875104073504
C_CENTERCONTROL:0.49337036587516203
C_DEVELOPPIECES:0.5
C_MATERIAL:0.4981618294804699
C_MOVECOUNT:0.5
