ELO:980
CE_PASSEDPAWNS:0.48591066516807147
CE_PAWNWEAKNESSES:0.5152338709594138
CE_PIECEACTIVITY:0.5052981031103913
CE_KINGPAWNSHIELD:0.510156204368277
CE_PIECECOORDINATION:0.5270161970597699
CE_MATERIAL:0.4891644207092096
CE_KINGSAFETY:0.49988561679246246
C_PIECESQUARETABLES:0.48138141568859
C_MOBILITY:0.49391391226959597
C_KINGSAFETY:0.5011171310140184
C_PAWNSTRUCTURE:0.5012476908340318
C_PIECECOORDINATION:0.4809568370230103
C_ROOK:0.4783423926502216
CE_ROOK:0.4955553502281806
C_CENTERCONTROL:0.5052308530679186
C_DEVELOPPIECES:0.48080838772735335
C_MATERIAL:0.5159148931806555
C_MOVECOUNT:0.4779639393139676
C_PAWNMOVEMENT:0.46502651961998837
