ELO:948
CE_PASSEDPAWNS:0.5683712975865313
CE_PAWNWEAKNESSES:0.4921652005520259
CE_PIECEACTIVITY:0.5776982350705355
CE_KINGPAWNSHIELD:0.42116598219761786
CE_PIECECOORDINATION:0.5199933189594215
CE_MATERIAL:0.41747530410413064
CE_KINGSAFETY:0.5079176803629656
C_PIECESQUARETABLES:0.5202591065956863
C_MOBILITY:0.40867188812313404
C_KINGSAFETY:0.45437834309836306
C_PAWNSTRUCTURE:0.464374247183367
C_PIECECOORDINATION:0.5320622252298453
C_ROOKANDPAWNMOVEMENT:0.5320622252298453
C_CENTERCONTROL:0.530470829581528
C_DEVELOPPIECES:0.5180995592263783
C_MATERIAL:0.5329964934350869
