ELO:912
CE_PASSEDPAWNS:0.46935332933906637
CE_PAWNWEAKNESSES:0.5245756533821087
CE_PIECEACTIVITY:0.4902785714848453
CE_KINGPAWNSHIELD:0.50111918753779
CE_PIECECOORDINATION:0.5106711514964339
CE_MATERIAL:0.4573123936832206
CE_KINGSAFETY:0.5069429497284661
C_PIECESQUARETABLES:0.5
C_MOBILITY:0.47293402833077597
C_KINGSAFETY:0.500557854594715
C_PAWNSTRUCTURE:0.5058281177201365
C_PIECECOORDINATION:0.4987623551296596
C_ROOK:0.4491093105740977
CE_ROOK:0.4824410594243561
C_CENTERCONTROL:0.4521497134935291
C_DEVELOPPIECES:0.4925474621940213
C_MATERIAL:0.512969617256677
C_MOVECOUNT:0.5371109170660969
C_PAWNMOVEMENT:0.4583717523636799
