ELO:921
CE_PASSEDPAWNS:0.4776396145519102
CE_PAWNWEAKNESSES:0.5208457886285877
CE_PIECEACTIVITY:0.47932633375015815
CE_KINGPAWNSHIELD:0.4997322837793789
CE_PIECECOORDINATION:0.5184950342591863
CE_MATERIAL:0.4681127325939843
CE_KINGSAFETY:0.49327636808522574
C_PIECESQUARETABLES:0.5
C_MOBILITY:0.48669206339118215
C_KINGSAFETY:0.49863603720499783
C_PAWNSTRUCTURE:0.49982060782707266
C_PIECECOORDINATION:0.4850616290125476
C_ROOK:0.46050947332223374
CE_ROOK:0.486797106925202
C_CENTERCONTROL:0.45304708292017704
C_DEVELOPPIECES:0.4998365150116521
C_MATERIAL:0.5215648325596803
C_MOVECOUNT:0.5050987860479513
C_PAWNMOVEMENT:0.46012293321681863
