ELO:905
CE_PASSEDPAWNS:0.4723817972070097
CE_PAWNWEAKNESSES:0.5294986646014068
CE_PIECEACTIVITY:0.49991687714787447
CE_KINGPAWNSHIELD:0.516364476325422
CE_PIECECOORDINATION:0.514151077582579
CE_MATERIAL:0.4546336738880171
CE_KINGSAFETY:0.5102955052227915
C_PIECESQUARETABLES:0.4921484380721883
C_MOBILITY:0.47241664416910867
C_KINGSAFETY:0.5272688619023472
C_PAWNSTRUCTURE:0.49314221484787946
C_PIECECOORDINATION:0.485919310805003
C_ROOK:0.4491093105740977
CE_ROOK:0.492753666668242
C_CENTERCONTROL:0.4445941507670278
C_DEVELOPPIECES:0.5025030399756277
C_MATERIAL:0.48923311384148394
C_MOVECOUNT:0.5165460537260043
C_PAWNMOVEMENT:0.47684792918582597
