ELO:1000
CE_PASSEDPAWNS:0.5
CE_PAWNWEAKNESSES:0.4987477864617009
CE_PIECEACTIVITY:0.5007799435095802
CE_KINGPAWNSHIELD:0.49860003430443695
CE_PIECECOORDINATION:0.5074902935626272
CE_MATERIAL:0.5
CE_KINGSAFETY:0.5
C_PIECESQUARETABLES:0.5085454415172914
C_MOBILITY:0.5054942691900538
C_KINGSAFETY:0.5
C_PAWNSTRUCTURE:0.48857929090044105
C_PIECECOORDINATION:0.5
C_ROOK:0.5
CE_ROOK:0.4892329707316613
C_CENTERCONTROL:0.5069136564700158
C_DEVELOPPIECES:0.49963767241653106
C_MATERIAL:0.5
C_MOVECOUNT:0.5051337017657807
C_PAWNMOVEMENT:0.5
