ELO:753
CE_PASSEDPAWNS:0.42168541712489155
CE_PAWNWEAKNESSES:0.4373151641755687
CE_PIECEACTIVITY:0.5259686121377822
CE_KINGPAWNSHIELD:0.5234381382437668
CE_PIECECOORDINATION:0.6322347724455233
CE_MATERIAL:0.4788507193173046
CE_KINGSAFETY:0.4712170068133782
C_PIECESQUARETABLES:0.5716875058595009
C_MOBILITY:0.38394073270854384
C_KINGSAFETY:0.4398992479623145
C_PAWNSTRUCTURE:0.5116721763411374
C_PIECECOORDINATION:0.5815370336023487
C_ROOKANDPAWNMOVEMENT:0.5815370336023487
C_CENTERCONTROL:0.5284778446170085
C_DEVELOPPIECES:0.44626370313120983
C_MATERIAL:0.5558060238734446
C_MOVECOUNT:0.5062450054577672
