ELO:975
CE_PASSEDPAWNS:0.5606475576413549
CE_PAWNWEAKNESSES:0.494785946950334
CE_PIECEACTIVITY:0.5951348541820244
CE_KINGPAWNSHIELD:0.4370901023316946
CE_PIECECOORDINATION:0.5398796368893154
CE_MATERIAL:0.4164658659726952
CE_KINGSAFETY:0.5
C_PIECESQUARETABLES:0.49518569993148975
C_MOBILITY:0.439376373680183
C_KINGSAFETY:0.442057004509287
C_PAWNSTRUCTURE:0.4717262272916884
C_PIECECOORDINATION:0.5171441401109212
C_ROOKANDPAWNMOVEMENT:0.5171441401109212
C_CENTERCONTROL:0.5457356897123645
C_DEVELOPPIECES:0.5132882006630701
C_MATERIAL:0.5424621620891444
