ELO:948
CE_PASSEDPAWNS:0.48604876948957454
CE_PAWNWEAKNESSES:0.5213166891568495
CE_PIECEACTIVITY:0.5047141069697589
CE_KINGPAWNSHIELD:0.5082364102344546
CE_PIECECOORDINATION:0.5180849218585927
CE_MATERIAL:0.46728217145781514
CE_KINGSAFETY:0.5
C_PIECESQUARETABLES:0.4927038952327649
C_MOBILITY:0.49091450041915535
C_KINGSAFETY:0.512669054232948
C_PAWNSTRUCTURE:0.49685063432186855
C_PIECECOORDINATION:0.4781502598972742
C_ROOK:0.4753530287527922
CE_ROOK:0.48603774624482426
C_CENTERCONTROL:0.4865991241253451
C_DEVELOPPIECES:0.49295335907646365
C_MATERIAL:0.5235129049862962
C_MOVECOUNT:0.4929179481720188
C_PAWNMOVEMENT:0.4480865394822938
