ELO:883
CE_PASSEDPAWNS:0.5259761215128983
CE_PAWNWEAKNESSES:0.5026325079681205
CE_PIECEACTIVITY:0.5098672655726024
CE_KINGPAWNSHIELD:0.4994458077649234
CE_PIECECOORDINATION:0.461697404878013
CE_MATERIAL:0.5254393588597667
CE_KINGSAFETY:0.48321395941228357
C_PIECESQUARETABLES:0.4886558839204885
C_MOBILITY:0.506066658779645
C_KINGSAFETY:0.4766796570999777
C_PAWNSTRUCTURE:0.49029203882474115
C_PIECECOORDINATION:0.5017705528432248
C_ROOKANDPAWNMOVEMENT:0.5017705528432248
C_CENTERCONTROL:0.5063396115104173
C_DEVELOPPIECES:0.496738599198061
C_MATERIAL:0.4616971867435557
C_MOVECOUNT:0.5
