ELO:997
CE_PASSEDPAWNS:0.517361825110417
CE_PAWNWEAKNESSES:0.5920288476715868
CE_PIECEACTIVITY:0.47158269534727854
CE_KINGPAWNSHIELD:0.4837864319198935
CE_PIECECOORDINATION:0.43718011035285603
CE_MATERIAL:0.4870419628949224
CE_KINGSAFETY:0.5099755898430743
C_PIECESQUARETABLES:0.48986461586323293
C_MOBILITY:0.47112572356915894
C_KINGSAFETY:0.5417763856336248
C_PAWNSTRUCTURE:0.5226836941874127
C_PIECECOORDINATION:0.45282999636514815
C_ROOKANDPAWNMOVEMENT:0.45282999636514815
C_CENTERCONTROL:0.5147741648242848
C_DEVELOPPIECES:0.5189866176470604
C_MATERIAL:0.4304720933500869
