ELO:837
CE_PASSEDPAWNS:0.611805238266613
CE_PAWNWEAKNESSES:0.49438501482838876
CE_PIECEACTIVITY:0.5902015567826429
CE_KINGPAWNSHIELD:0.42631706802467284
CE_PIECECOORDINATION:0.46487866941624
CE_MATERIAL:0.36741615022930335
CE_KINGSAFETY:0.5135753919197729
C_PIECESQUARETABLES:0.4638385590837778
C_MOBILITY:0.419628943829947
C_KINGSAFETY:0.5104111928195334
C_PAWNSTRUCTURE:0.5300752524741961
C_PIECECOORDINATION:0.547915381323634
C_ROOKANDPAWNMOVEMENT:0.547915381323634
C_CENTERCONTROL:0.4985869295204161
C_DEVELOPPIECES:0.520619996570136
C_MATERIAL:0.5202599825527389
