ELO:847
CE_PASSEDPAWNS:0.46336136245329396
CE_PAWNWEAKNESSES:0.565461668548984
CE_PIECEACTIVITY:0.517218295716601
CE_KINGPAWNSHIELD:0.43575767655613823
CE_PIECECOORDINATION:0.3742098719256863
CE_MATERIAL:0.5360403523156917
CE_KINGSAFETY:0.5
C_PIECESQUARETABLES:0.5
C_MOBILITY:0.44368651365697126
C_KINGSAFETY:0.5271658598699666
C_PAWNSTRUCTURE:0.5048911225244376
C_PIECECOORDINATION:0.4738929909942117
C_ROOKANDPAWNMOVEMENT:0.4738929909942117
C_CENTERCONTROL:0.5375557839302912
C_DEVELOPPIECES:0.5603862198568813
C_MATERIAL:0.42058274753955205
C_MOVECOUNT:0.5
