ELO:911
CE_PASSEDPAWNS:0.46838973087844993
CE_PAWNWEAKNESSES:0.5306398737745196
CE_PIECEACTIVITY:0.5117458867949973
CE_KINGPAWNSHIELD:0.4858698148798731
CE_PIECECOORDINATION:0.48009664120614237
CE_MATERIAL:0.5184840921213981
CE_KINGSAFETY:0.5069459456095827
C_PIECESQUARETABLES:0.5173712313846809
C_MOBILITY:0.5308563352749972
C_KINGSAFETY:0.5087603391675053
C_PAWNSTRUCTURE:0.4644354447596087
C_PIECECOORDINATION:0.4892234044889552
C_ROOKANDPAWNMOVEMENT:0.4892234044889552
C_CENTERCONTROL:0.5174599393703389
C_DEVELOPPIECES:0.473584101576523
C_MATERIAL:0.5025113221022406
C_MOVECOUNT:0.48972616490423554
