ELO:965
CE_PASSEDPAWNS:0.5021696244957502
CE_PAWNWEAKNESSES:0.504227541180792
CE_PIECEACTIVITY:0.5240229303491725
CE_KINGPAWNSHIELD:0.5017603351950862
CE_PIECECOORDINATION:0.5105983256929735
CE_MATERIAL:0.49675246153540703
CE_KINGSAFETY:0.5037781137365802
C_PIECESQUARETABLES:0.5
C_MOBILITY:0.5257544203836596
C_KINGSAFETY:0.47456653866119125
C_PAWNSTRUCTURE:0.5263842141104778
C_PIECECOORDINATION:0.5099388560589052
C_ROOKANDPAWNMOVEMENT:0.5099388560589052
C_CENTERCONTROL:0.4900884000551616
C_DEVELOPPIECES:0.5141221555175584
C_MATERIAL:0.512150561123625
C_MOVECOUNT:0.5132180216280736
