ELO:740
CE_PASSEDPAWNS:0.4958547264993203
CE_PAWNWEAKNESSES:0.45804577489317216
CE_PIECEACTIVITY:0.5708950765034667
CE_KINGPAWNSHIELD:0.4633389110367105
CE_PIECECOORDINATION:0.4905695527033818
CE_MATERIAL:0.47336133169774
CE_KINGSAFETY:0.4675445797236143
C_PIECESQUARETABLES:0.5041760749099317
C_MOBILITY:0.5268309992023601
C_KINGSAFETY:0.5692878640015744
C_PAWNSTRUCTURE:0.5134900127838169
C_PIECECOORDINATION:0.5102271244529639
C_ROOKANDPAWNMOVEMENT:0.5102271244529639
C_CENTERCONTROL:0.5278338420804641
C_DEVELOPPIECES:0.49635072744627107
C_MATERIAL:0.5361760533546045
C_MOVECOUNT:0.5
