ELO:979
CE_PASSEDPAWNS:0.5491874615120317
CE_PAWNWEAKNESSES:0.5081231045755145
CE_PIECEACTIVITY:0.5849791428535797
CE_KINGPAWNSHIELD:0.4689220256093542
CE_PIECECOORDINATION:0.5326982927057293
CE_MATERIAL:0.4098479665222661
CE_KINGSAFETY:0.46822115721158064
C_PIECESQUARETABLES:0.5375849390699503
C_MOBILITY:0.4117141418004987
C_KINGSAFETY:0.46826742071792266
C_PAWNSTRUCTURE:0.4642071596775727
C_PIECECOORDINATION:0.5181808675064621
C_ROOKANDPAWNMOVEMENT:0.5181808675064621
C_CENTERCONTROL:0.5029965504103255
C_DEVELOPPIECES:0.5378153100441218
C_MATERIAL:0.539817415743105
