ELO:932
CE_PASSEDPAWNS:0.5003324632933257
CE_PAWNWEAKNESSES:0.438935567672221
CE_PIECEACTIVITY:0.5251881132009487
CE_KINGPAWNSHIELD:0.5147830588416217
CE_PIECECOORDINATION:0.4818580208680183
CE_MATERIAL:0.5162796521170767
CE_KINGSAFETY:0.49875714154005846
C_PIECESQUARETABLES:0.49354002824982185
C_MOBILITY:0.48741087905952235
C_KINGSAFETY:0.5315430981575427
C_PAWNSTRUCTURE:0.5264766692626024
C_PIECECOORDINATION:0.5290654343539832
C_ROOKANDPAWNMOVEMENT:0.5290654343539832
C_CENTERCONTROL:0.4882725021781799
C_DEVELOPPIECES:0.4873152607416619
C_MATERIAL:0.5123513970690944
C_MOVECOUNT:0.5
