ELO:962
CE_PASSEDPAWNS:0.48190114979273346
CE_PAWNWEAKNESSES:0.4921077094056193
CE_PIECEACTIVITY:0.4860561966160527
CE_KINGPAWNSHIELD:0.507808514273807
CE_PIECECOORDINATION:0.4618386887276072
CE_MATERIAL:0.4858827353486501
CE_KINGSAFETY:0.5
C_PIECESQUARETABLES:0.4950650775267343
C_MOBILITY:0.5197397698889007
C_KINGSAFETY:0.4950074269525741
C_PAWNSTRUCTURE:0.5007229128224023
C_PIECECOORDINATION:0.4943397323173624
C_ROOK:0.5183482028714939
CE_ROOK:0.4820450980484282
C_CENTERCONTROL:0.5090819414766473
C_DEVELOPPIECES:0.4997609461720662
C_MATERIAL:0.5099030727292002
C_MOVECOUNT:0.5007422108614255
C_PAWNMOVEMENT:0.5163368502021886
