ELO:999
CE_PASSEDPAWNS:0.4927256779486818
CE_PAWNWEAKNESSES:0.5034194626292081
CE_PIECEACTIVITY:0.5
CE_KINGPAWNSHIELD:0.5084226198364435
CE_PIECECOORDINATION:0.5
CE_MATERIAL:0.4897805925598378
CE_KINGSAFETY:0.5158586251295951
C_PIECESQUARETABLES:0.5078618055295256
C_MOBILITY:0.4928036247556084
C_KINGSAFETY:0.4913700613076398
C_PAWNSTRUCTURE:0.5
C_PIECECOORDINATION:0.5113178980084427
C_ROOK:0.5
CE_ROOK:0.5064846508595156
C_CENTERCONTROL:0.5026777328462794
C_DEVELOPPIECES:0.5
C_MATERIAL:0.49705251759650426
C_MOVECOUNT:0.48902331332106536
C_PAWNMOVEMENT:0.49467749590678506
