ELO:720
CE_PASSEDPAWNS:0.5055594058282961
CE_PAWNWEAKNESSES:0.48252836413539013
CE_PIECEACTIVITY:0.49391933925417536
CE_KINGPAWNSHIELD:0.5563308878902402
CE_PIECECOORDINATION:0.5362144407590896
CE_MATERIAL:0.41361161851963446
CE_KINGSAFETY:0.48915232932722247
C_PIECESQUARETABLES:0.5094579277189726
C_MOBILITY:0.5104576536153549
C_KINGSAFETY:0.5000335400506286
C_PAWNSTRUCTURE:0.55782540780876
C_PIECECOORDINATION:0.44938598157702897
C_ROOKANDPAWNMOVEMENT:0.44938598157702897
C_CENTERCONTROL:0.4203775777971754
C_DEVELOPPIECES:0.4782807779157025
C_MATERIAL:0.42416744414698526
C_MOVECOUNT:0.491589371250908
