ELO:946
CE_PASSEDPAWNS:0.5774947590974144
CE_PAWNWEAKNESSES:0.4843201554150477
CE_PIECEACTIVITY:0.5367123915874941
CE_KINGPAWNSHIELD:0.46867865011332427
CE_PIECECOORDINATION:0.566182446959788
CE_MATERIAL:0.540383494701908
CE_KINGSAFETY:0.5
C_PIECESQUARETABLES:0.5
C_MOBILITY:0.5716664900448072
C_KINGSAFETY:0.5640037284657623
C_PAWNSTRUCTURE:0.4876080768889737
C_PIECECOORDINATION:0.4883219750098461
C_ROOKANDPAWNMOVEMENT:0.4883219750098461
C_CENTERCONTROL:0.39633320841414743
C_DEVELOPPIECES:0.3660908132842717
C_MATERIAL:0.6235476217142814
