ELO:608
CE_PASSEDPAWNS:0.4959475206270772
CE_PAWNWEAKNESSES:0.505628269814409
CE_PIECEACTIVITY:0.4797757858080115
CE_KINGPAWNSHIELD:0.5425836049347792
CE_PIECECOORDINATION:0.5445206740833234
CE_MATERIAL:0.40946096264071524
CE_KINGSAFETY:0.44644484810291224
C_PIECESQUARETABLES:0.5607305297667494
C_MOBILITY:0.5294916333438443
C_KINGSAFETY:0.4457526021812233
C_PAWNSTRUCTURE:0.5423367530577503
C_PIECECOORDINATION:0.4812043198205981
C_ROOKANDPAWNMOVEMENT:0.4812043198205981
C_CENTERCONTROL:0.3999193920800729
C_DEVELOPPIECES:0.511363489076954
C_MATERIAL:0.42764581714872674
C_MOVECOUNT:0.5172829451327619
