ELO:976
CE_PASSEDPAWNS:0.3639203476648641
CE_PAWNWEAKNESSES:0.5527347948692238
CE_PIECEACTIVITY:0.4561051294118632
CE_KINGPAWNSHIELD:0.4859253128264291
CE_PIECECOORDINATION:0.4657242205459179
CE_MATERIAL:0.5449734824412081
CE_KINGSAFETY:0.5
C_PIECESQUARETABLES:0.5
C_MOBILITY:0.5251868402627641
C_KINGSAFETY:0.5091010745766055
C_PAWNSTRUCTURE:0.539013579041045
C_PIECECOORDINATION:0.5575383128629049
C_ROOKANDPAWNMOVEMENT:0.5575383128629049
C_CENTERCONTROL:0.5663377131722915
C_DEVELOPPIECES:0.5161892434968357
C_MATERIAL:0.662347045446759
