ELO:1000
CE_PASSEDPAWNS:0.49722038022958803
CE_PAWNWEAKNESSES:0.541963819582005
CE_PIECEACTIVITY:0.5123044010358293
CE_KINGPAWNSHIELD:0.5479070648750695
CE_PIECECOORDINATION:0.45212355661610687
CE_MATERIAL:0.47783416394138145
CE_KINGSAFETY:0.49910887593767644
C_PIECESQUARETABLES:0.5072166534791385
C_MOBILITY:0.47881622506647953
C_KINGSAFETY:0.5373745795523043
C_PAWNSTRUCTURE:0.44603624267211434
C_PIECECOORDINATION:0.4989170482175336
C_ROOKANDPAWNMOVEMENT:0.4989170482175336
C_CENTERCONTROL:0.5332811689327259
C_DEVELOPPIECES:0.4651906821673353
C_MATERIAL:0.49439769505013803
