ELO:942
CE_PASSEDPAWNS:0.36521163932529116
CE_PAWNWEAKNESSES:0.6052213466471538
CE_PIECEACTIVITY:0.5280248437329641
CE_KINGPAWNSHIELD:0.5650841439455558
CE_PIECECOORDINATION:0.45334872889853894
CE_MATERIAL:0.41071163224123985
CE_KINGSAFETY:0.4736061160708081
C_PIECESQUARETABLES:0.5016979262032963
C_MOBILITY:0.40051508513362677
C_KINGSAFETY:0.5684177712611468
C_PAWNSTRUCTURE:0.3652905611436121
C_PIECECOORDINATION:0.5091093211269173
C_ROOKANDPAWNMOVEMENT:0.5091093211269173
C_CENTERCONTROL:0.6135403595544706
C_DEVELOPPIECES:0.4392810958157967
C_MATERIAL:0.47499438900076896
