ELO:873
CE_PASSEDPAWNS:0.4888323293036219
CE_PAWNWEAKNESSES:0.4892844700303748
CE_PIECEACTIVITY:0.46097231792599946
CE_KINGPAWNSHIELD:0.47406201897853534
CE_PIECECOORDINATION:0.48148727204086
CE_MATERIAL:0.544486881290671
CE_KINGSAFETY:0.47269108508019664
C_PIECESQUARETABLES:0.5221527601599536
C_MOBILITY:0.4876408448386251
C_KINGSAFETY:0.5066409111906864
C_PAWNSTRUCTURE:0.5032299052993293
C_PIECECOORDINATION:0.46322574363997754
C_ROOKANDPAWNMOVEMENT:0.46322574363997754
C_CENTERCONTROL:0.49679755980618817
C_DEVELOPPIECES:0.47674628580176803
C_MATERIAL:0.5142656750517857
C_MOVECOUNT:0.5
