ELO:789
CE_PASSEDPAWNS:0.4922906999306894
CE_PAWNWEAKNESSES:0.4945950358042328
CE_PIECEACTIVITY:0.49656758272956886
CE_KINGPAWNSHIELD:0.5146870261028189
CE_PIECECOORDINATION:0.5453975411475628
CE_MATERIAL:0.517143756290391
CE_KINGSAFETY:0.5065643383300149
C_PIECESQUARETABLES:0.5382094879912015
C_MOBILITY:0.4386312549680075
C_KINGSAFETY:0.5079592252521721
C_PAWNSTRUCTURE:0.5283785319866887
C_PIECECOORDINATION:0.5346781687200238
C_ROOKANDPAWNMOVEMENT:0.5346781687200238
C_CENTERCONTROL:0.5340543845315977
C_DEVELOPPIECES:0.48629167161719106
C_MATERIAL:0.469697495806871
C_MOVECOUNT:0.5
