ELO:1017
CE_PASSEDPAWNS:0.5156745244652265
CE_PAWNWEAKNESSES:0.4887632312779023
CE_PIECEACTIVITY:0.503191201225754
CE_KINGPAWNSHIELD:0.4752088099924273
CE_PIECECOORDINATION:0.5
CE_MATERIAL:0.5049996443832081
CE_KINGSAFETY:0.5
C_PIECESQUARETABLES:0.5
C_MOBILITY:0.5
C_KINGSAFETY:0.4965688977890834
C_PAWNSTRUCTURE:0.5206674487169345
C_PIECECOORDINATION:0.5320971557438249
C_ROOKANDPAWNMOVEMENT:0.5320971557438249
C_CENTERCONTROL:0.5
C_DEVELOPPIECES:0.4810685998775936
C_MATERIAL:0.5168777380447181
C_MOVECOUNT:0.5037192123169422
