ELO:1000
CE_PASSEDPAWNS:0.4927256779486818
CE_PAWNWEAKNESSES:0.4895722784897142
CE_PIECEACTIVITY:0.5
CE_KINGPAWNSHIELD:0.5084226198364435
CE_PIECECOORDINATION:0.5
CE_MATERIAL:0.4897805925598378
CE_KINGSAFETY:0.5158586251295951
C_PIECESQUARETABLES:0.5017290162885454
C_MOBILITY:0.4928036247556084
C_KINGSAFETY:0.5
C_PAWNSTRUCTURE:0.5
C_PIECECOORDINATION:0.5073009219196613
C_ROOK:0.5
CE_ROOK:0.5064846508595156
C_CENTERCONTROL:0.5026777328462794
C_DEVELOPPIECES:0.5055569312192001
C_MATERIAL:0.4957978598910177
C_MOVECOUNT:0.5
C_PAWNMOVEMENT:0.5
