ELO:933
CE_PASSEDPAWNS:0.36024631390529516
CE_PAWNWEAKNESSES:0.6122581019630238
CE_PIECEACTIVITY:0.5359798302222167
CE_KINGPAWNSHIELD:0.571451535859091
CE_PIECECOORDINATION:0.45309784502511985
CE_MATERIAL:0.4562294198707197
CE_KINGSAFETY:0.49061457840779327
C_PIECESQUARETABLES:0.5018355254887147
C_MOBILITY:0.4163214204243179
C_KINGSAFETY:0.5505893024439795
C_PAWNSTRUCTURE:0.3595976672200806
C_PIECECOORDINATION:0.4941165636047826
C_ROOKANDPAWNMOVEMENT:0.4941165636047826
C_CENTERCONTROL:0.6083385001228085
C_DEVELOPPIECES:0.4279017017927596
C_MATERIAL:0.494584358001339
