ELO:1003
CE_PASSEDPAWNS:0.4967982803132158
CE_PAWNWEAKNESSES:0.4716740640713608
CE_PIECEACTIVITY:0.49718502265699205
CE_KINGPAWNSHIELD:0.4930008514038366
CE_PIECECOORDINATION:0.4825032063823305
CE_MATERIAL:0.48077950214632403
CE_KINGSAFETY:0.500871732325409
C_PIECESQUARETABLES:0.504432916181125
C_MOBILITY:0.5330251637254819
C_KINGSAFETY:0.5057221438536268
C_PAWNSTRUCTURE:0.49563130956708995
C_PIECECOORDINATION:0.5061161775721144
C_ROOK:0.5015334043637832
CE_ROOK:0.4912184366734482
C_CENTERCONTROL:0.5100548205135506
C_DEVELOPPIECES:0.5029466121533533
C_MATERIAL:0.5079034906618223
C_MOVECOUNT:0.48945121583242196
C_PAWNMOVEMENT:0.5163368502021886
