ELO:1023
CE_PASSEDPAWNS:0.48795670447629463
CE_PAWNWEAKNESSES:0.521444436546044
CE_PIECEACTIVITY:0.5
CE_KINGPAWNSHIELD:0.49919041102730777
CE_PIECECOORDINATION:0.49121898933006675
CE_MATERIAL:0.4704369072790327
CE_KINGSAFETY:0.5
C_PIECESQUARETABLES:0.5
C_MOBILITY:0.5
C_KINGSAFETY:0.4956446088611064
C_PAWNSTRUCTURE:0.5065642292285762
C_PIECECOORDINATION:0.5089953060096392
C_ROOKANDPAWNMOVEMENT:0.5089953060096392
C_CENTERCONTROL:0.5100429589372537
C_DEVELOPPIECES:0.5001869956773616
C_MATERIAL:0.4748780441442934
C_MOVECOUNT:0.5
