ELO:873
CE_PASSEDPAWNS:0.5000131069531211
CE_PAWNWEAKNESSES:0.4956705363846268
CE_PIECEACTIVITY:0.4839304115327304
CE_KINGPAWNSHIELD:0.4858391320891869
CE_PIECECOORDINATION:0.4893855759019179
CE_MATERIAL:0.5405879510863997
CE_KINGSAFETY:0.4816512832869176
C_PIECESQUARETABLES:0.516865370961244
C_MOBILITY:0.503208091859677
C_KINGSAFETY:0.5027326229905485
C_PAWNSTRUCTURE:0.5017688953152472
C_PIECECOORDINATION:0.46322574363997754
C_ROOKANDPAWNMOVEMENT:0.46322574363997754
C_CENTERCONTROL:0.49679755980618817
C_DEVELOPPIECES:0.4813844295682386
C_MATERIAL:0.4961223460694405
C_MOVECOUNT:0.5
