ELO:986
CE_PASSEDPAWNS:0.4792664586587149
CE_PAWNWEAKNESSES:0.5196557944511251
CE_PIECEACTIVITY:0.518038294989167
CE_KINGPAWNSHIELD:0.5138516226352267
CE_PIECECOORDINATION:0.5095406989677898
CE_MATERIAL:0.502622216534983
CE_KINGSAFETY:0.5086823409362585
C_PIECESQUARETABLES:0.5024626208429362
C_MOBILITY:0.5079312050420199
C_KINGSAFETY:0.5305338098819403
C_PAWNSTRUCTURE:0.49964058701248787
C_PIECECOORDINATION:0.5036079013356665
C_ROOKANDPAWNMOVEMENT:0.5036079013356665
C_CENTERCONTROL:0.48824853154797326
C_DEVELOPPIECES:0.5051365271596553
C_MATERIAL:0.48568171949926586
