ELO:919
CE_PASSEDPAWNS:0.5677016161778415
CE_PAWNWEAKNESSES:0.5228544214184102
CE_PIECEACTIVITY:0.4365046613210169
CE_KINGPAWNSHIELD:0.5907986978252334
CE_PIECECOORDINATION:0.53137069923268
CE_MATERIAL:0.5626662222967539
CE_KINGSAFETY:0.5110990164578113
C_PIECESQUARETABLES:0.47189307098635386
C_MOBILITY:0.49992690701692766
C_KINGSAFETY:0.3883987262076594
C_PAWNSTRUCTURE:0.49843021610949056
C_PIECECOORDINATION:0.49198106068072733
C_ROOKANDPAWNMOVEMENT:0.49198106068072733
C_CENTERCONTROL:0.5119741641952724
C_DEVELOPPIECES:0.46640911001593466
C_MATERIAL:0.5600925198993482
