ELO:1028
CE_PASSEDPAWNS:0.5
CE_PAWNWEAKNESSES:0.5094818379602598
CE_PIECEACTIVITY:0.4839042666958268
CE_KINGPAWNSHIELD:0.5
CE_PIECECOORDINATION:0.4587911365905878
CE_MATERIAL:0.5159373537722102
CE_KINGSAFETY:0.5104377906025144
C_PIECESQUARETABLES:0.5034577028682816
C_MOBILITY:0.48082959496660915
C_KINGSAFETY:0.5
C_PAWNSTRUCTURE:0.5107544567393251
C_PIECECOORDINATION:0.49889769977421317
C_ROOKANDPAWNMOVEMENT:0.49889769977421317
C_CENTERCONTROL:0.49522847746532916
C_DEVELOPPIECES:0.5202430726606043
C_MATERIAL:0.5
C_MOVECOUNT:0.5
