ELO:972
CE_PASSEDPAWNS:0.5014407424188895
CE_PAWNWEAKNESSES:0.5
CE_PIECEACTIVITY:0.5077101196776692
CE_KINGPAWNSHIELD:0.4863712346051665
CE_PIECECOORDINATION:0.48394132911083043
CE_MATERIAL:0.486697862218687
CE_KINGSAFETY:0.5067764933017085
C_PIECESQUARETABLES:0.49045839171328665
C_MOBILITY:0.5184545839336482
C_KINGSAFETY:0.5306060569486281
C_PAWNSTRUCTURE:0.48678739590669085
C_PIECECOORDINATION:0.48693666802016605
C_ROOKANDPAWNMOVEMENT:0.48693666802016605
C_CENTERCONTROL:0.48061746389815607
C_DEVELOPPIECES:0.5117461745858864
C_MATERIAL:0.5029435328565541
C_MOVECOUNT:0.5
