ELO:997
CE_PASSEDPAWNS:0.5042392717250789
CE_PAWNWEAKNESSES:0.5
CE_PIECEACTIVITY:0.4961557328701716
CE_KINGPAWNSHIELD:0.49452548687026204
CE_PIECECOORDINATION:0.5
CE_MATERIAL:0.5046515342989748
CE_KINGSAFETY:0.5006254663429004
C_PIECESQUARETABLES:0.5175369336846027
C_MOBILITY:0.5028185340900474
C_KINGSAFETY:0.5138857985896732
C_PAWNSTRUCTURE:0.509117273429014
C_PIECECOORDINATION:0.5009066087507573
C_ROOKANDPAWNMOVEMENT:0.5009066087507573
C_CENTERCONTROL:0.4818289540592402
C_DEVELOPPIECES:0.5
C_MATERIAL:0.5
