ELO:945
CE_PASSEDPAWNS:0.5262564014763267
CE_PAWNWEAKNESSES:0.5185937886069906
CE_PIECEACTIVITY:0.46129341024516546
CE_KINGPAWNSHIELD:0.5525327694127127
CE_PIECECOORDINATION:0.5429253362659443
CE_MATERIAL:0.4032588539071004
CE_KINGSAFETY:0.4996081520399001
C_PIECESQUARETABLES:0.5081990751925001
C_MOBILITY:0.5660438416862992
C_KINGSAFETY:0.4674545314619573
C_PAWNSTRUCTURE:0.49989367086917613
C_PIECECOORDINATION:0.45164380100232965
C_ROOKANDPAWNMOVEMENT:0.45164380100232965
C_CENTERCONTROL:0.5894756305227136
C_DEVELOPPIECES:0.43602159911893235
C_MATERIAL:0.5782662609839158
