ELO:1000
CE_PASSEDPAWNS:0.5007051589627017
CE_PAWNWEAKNESSES:0.5093982405791107
CE_PIECEACTIVITY:0.4987008290194791
CE_KINGPAWNSHIELD:0.5
CE_PIECECOORDINATION:0.4702653590495052
CE_MATERIAL:0.4997558399703989
CE_KINGSAFETY:0.48022290091830594
C_PIECESQUARETABLES:0.48699259805663714
C_MOBILITY:0.5003223165759423
C_KINGSAFETY:0.5125032070530005
C_PAWNSTRUCTURE:0.5222462850030944
C_PIECECOORDINATION:0.5
C_ROOKANDPAWNMOVEMENT:0.5
C_CENTERCONTROL:0.4904224452578994
C_DEVELOPPIECES:0.4784102225527125
C_MATERIAL:0.5044538763389921
