ELO:988
CE_PASSEDPAWNS:0.49044359777232516
CE_PAWNWEAKNESSES:0.509755942022815
CE_PIECEACTIVITY:0.4846278638086203
CE_KINGPAWNSHIELD:0.4984078321514421
CE_PIECECOORDINATION:0.5066529879952931
CE_MATERIAL:0.49885786434364504
CE_KINGSAFETY:0.5201920181843315
C_PIECESQUARETABLES:0.49472757297332803
C_MOBILITY:0.5
C_KINGSAFETY:0.47982534285681305
C_PAWNSTRUCTURE:0.4924552093166293
C_PIECECOORDINATION:0.5145818619790641
C_ROOKANDPAWNMOVEMENT:0.5145818619790641
C_CENTERCONTROL:0.4939044994957353
C_DEVELOPPIECES:0.48548535001235293
C_MATERIAL:0.5051501722437082
C_MOVECOUNT:0.5
