ELO:909
CE_PASSEDPAWNS:0.582465859397179
CE_PAWNWEAKNESSES:0.5154601449928865
CE_PIECEACTIVITY:0.43635332124434084
CE_KINGPAWNSHIELD:0.5948568205179289
CE_PIECECOORDINATION:0.5513148280641537
CE_MATERIAL:0.5591326938010783
CE_KINGSAFETY:0.4974727922990122
C_PIECESQUARETABLES:0.4702776051620678
C_MOBILITY:0.5029727277482112
C_KINGSAFETY:0.3806949804087207
C_PAWNSTRUCTURE:0.49397046633637376
C_PIECECOORDINATION:0.48580348299651355
C_ROOKANDPAWNMOVEMENT:0.48580348299651355
C_CENTERCONTROL:0.5179459046196473
C_DEVELOPPIECES:0.46735727946074146
C_MATERIAL:0.5532438220723309
