ELO:955
CE_PASSEDPAWNS:0.48702870616297866
CE_PAWNWEAKNESSES:0.499718122617263
CE_PIECEACTIVITY:0.4872625458464277
CE_KINGPAWNSHIELD:0.5170340198804811
CE_PIECECOORDINATION:0.4642409725578105
CE_MATERIAL:0.47691583766207035
CE_KINGSAFETY:0.5
C_PIECESQUARETABLES:0.4937977228109432
C_MOBILITY:0.5204162295815425
C_KINGSAFETY:0.4968089374591169
C_PAWNSTRUCTURE:0.513000554156057
C_PIECECOORDINATION:0.5195639169316558
C_ROOK:0.5486220866340429
CE_ROOK:0.4463934877234159
C_CENTERCONTROL:0.4798830186431569
C_DEVELOPPIECES:0.4924184816129553
C_MATERIAL:0.5246243398274848
C_MOVECOUNT:0.5294335551469345
C_PAWNMOVEMENT:0.5029922720049678
