ELO:920
CE_PASSEDPAWNS:0.4701151523602164
CE_PAWNWEAKNESSES:0.4973692122523765
CE_PIECEACTIVITY:0.48197241619214165
CE_KINGPAWNSHIELD:0.5077524123098656
CE_PIECECOORDINATION:0.481385519235563
CE_MATERIAL:0.481101168683629
CE_KINGSAFETY:0.48665797135908684
C_PIECESQUARETABLES:0.5
C_MOBILITY:0.5177636990166918
C_KINGSAFETY:0.48648268706234377
C_PAWNSTRUCTURE:0.5021696234894295
C_PIECECOORDINATION:0.5268532735282077
C_ROOK:0.5542499113084995
CE_ROOK:0.4421981401703733
C_CENTERCONTROL:0.44821369425451546
C_DEVELOPPIECES:0.4813395095680787
C_MATERIAL:0.5264543037446769
C_MOVECOUNT:0.5560374988444711
C_PAWNMOVEMENT:0.5185058617676526
