ELO:998
CE_PASSEDPAWNS:0.5
CE_PAWNWEAKNESSES:0.5140139090718505
CE_PIECEACTIVITY:0.4921535135539082
CE_KINGPAWNSHIELD:0.5119510968306196
CE_PIECECOORDINATION:0.5
CE_MATERIAL:0.5
CE_KINGSAFETY:0.493122861608754
C_PIECESQUARETABLES:0.49053775204963523
C_MOBILITY:0.5
C_KINGSAFETY:0.48837719146631337
C_PAWNSTRUCTURE:0.5093188586005002
C_PIECECOORDINATION:0.5036605014131377
C_ROOKANDPAWNMOVEMENT:0.5036605014131377
C_CENTERCONTROL:0.5
C_DEVELOPPIECES:0.5
C_MATERIAL:0.5
