ELO:1052
CE_PASSEDPAWNS:0.43892970065624326
CE_PAWNWEAKNESSES:0.46767065611893516
CE_PIECEACTIVITY:0.5637628433155282
CE_KINGPAWNSHIELD:0.43990060850240803
CE_PIECECOORDINATION:0.5269527137211583
CE_MATERIAL:0.3992703309417152
CE_KINGSAFETY:0.5
C_PIECESQUARETABLES:0.5
C_MOBILITY:0.5192918813505119
C_KINGSAFETY:0.5932236509931618
C_PAWNSTRUCTURE:0.44257048527194226
C_PIECECOORDINATION:0.5164160879562435
C_ROOKANDPAWNMOVEMENT:0.5164160879562435
C_CENTERCONTROL:0.5669887669396465
C_DEVELOPPIECES:0.4761434845769963
C_MATERIAL:0.4011567705878723
