ELO:954
CE_PASSEDPAWNS:0.5954985004774889
CE_PAWNWEAKNESSES:0.5888880921425235
CE_PIECEACTIVITY:0.4648973614093104
CE_KINGPAWNSHIELD:0.542603462243025
CE_PIECECOORDINATION:0.5327187311625248
CE_MATERIAL:0.389643686271274
CE_KINGSAFETY:0.548785254885323
C_PIECESQUARETABLES:0.5031290450412007
C_MOBILITY:0.48441296585783217
C_KINGSAFETY:0.48348798205560295
C_PAWNSTRUCTURE:0.4449332186028785
C_PIECECOORDINATION:0.47797936071670466
C_ROOKANDPAWNMOVEMENT:0.47797936071670466
C_CENTERCONTROL:0.45586248876813124
C_DEVELOPPIECES:0.5353393773550157
C_MATERIAL:0.6011383309266201
