ELO:979
CE_PASSEDPAWNS:0.522518296063208
CE_PAWNWEAKNESSES:0.5033454892594479
CE_PIECEACTIVITY:0.505881031225999
CE_KINGPAWNSHIELD:0.47953003056204513
CE_PIECECOORDINATION:0.5124887192393485
CE_MATERIAL:0.4681728277239939
CE_KINGSAFETY:0.5
C_PIECESQUARETABLES:0.5
C_MOBILITY:0.4927072540120888
C_KINGSAFETY:0.48445190939518334
C_PAWNSTRUCTURE:0.5201564779106247
C_PIECECOORDINATION:0.515698765262822
C_ROOK:0.46269784353553245
CE_ROOK:0.5279176134158821
C_CENTERCONTROL:0.46564085067624067
C_DEVELOPPIECES:0.4840619082366286
C_MATERIAL:0.5515547581457438
C_MOVECOUNT:0.5006196230831855
C_PAWNMOVEMENT:0.5933269353825957
