ELO:943
CE_PASSEDPAWNS:0.547610589530613
CE_PAWNWEAKNESSES:0.4973425767110195
CE_PIECEACTIVITY:0.423551830512649
CE_KINGPAWNSHIELD:0.5953687846594898
CE_PIECECOORDINATION:0.5252345459282
CE_MATERIAL:0.5269469657843381
CE_KINGSAFETY:0.5064441469565772
C_PIECESQUARETABLES:0.5010819518317507
C_MOBILITY:0.4697781580291514
C_KINGSAFETY:0.35463610499436826
C_PAWNSTRUCTURE:0.514276771774579
C_PIECECOORDINATION:0.49919094399295366
C_ROOKANDPAWNMOVEMENT:0.49919094399295366
C_CENTERCONTROL:0.49035054081211443
C_DEVELOPPIECES:0.4392190040273084
C_MATERIAL:0.5469798048376769
