ELO:979
CE_PASSEDPAWNS:0.48190114979273346
CE_PAWNWEAKNESSES:0.4921077094056193
CE_PIECEACTIVITY:0.497323997610811
CE_KINGPAWNSHIELD:0.49739632309730336
CE_PIECECOORDINATION:0.47367913257203115
CE_MATERIAL:0.4858827353486501
CE_KINGSAFETY:0.5
C_PIECESQUARETABLES:0.5044869433573701
C_MOBILITY:0.5312718631512681
C_KINGSAFETY:0.4981046065743895
C_PAWNSTRUCTURE:0.5095397097887124
C_PIECECOORDINATION:0.5127654961439004
C_ROOK:0.5015334043637832
CE_ROOK:0.4912184366734482
C_CENTERCONTROL:0.5008829447845937
C_DEVELOPPIECES:0.5029466121533533
C_MATERIAL:0.5079034906618223
C_MOVECOUNT:0.5007422108614255
C_PAWNMOVEMENT:0.5163368502021886
