ELO:1012
CE_PASSEDPAWNS:0.5
CE_PAWNWEAKNESSES:0.5
CE_PIECEACTIVITY:0.5
CE_KINGPAWNSHIELD:0.5
CE_PIECECOORDINATION:0.5
CE_MATERIAL:0.5
CE_KINGSAFETY:0.5
C_PIECESQUARETABLES:0.5
C_MOBILITY:0.5111320019428177
C_KINGSAFETY:0.5092669095458857
C_PAWNSTRUCTURE:0.5
C_PIECECOORDINATION:0.5124234319843657
C_ROOKANDPAWNMOVEMENT:0.5124234319843657
C_CENTERCONTROL:0.5
C_DEVELOPPIECES:0.49075243691425025
C_MATERIAL:0.5
C_MOVECOUNT:0.5072347635950086
