ELO:946
CE_PASSEDPAWNS:0.49626562938498386
CE_PAWNWEAKNESSES:0.5
CE_PIECEACTIVITY:0.5012236179514805
CE_KINGPAWNSHIELD:0.4863712346051665
CE_PIECECOORDINATION:0.48394132911083043
CE_MATERIAL:0.47507936570125237
CE_KINGSAFETY:0.5067764933017085
C_PIECESQUARETABLES:0.4912505741230813
C_MOBILITY:0.5184545839336482
C_KINGSAFETY:0.5306060569486281
C_PAWNSTRUCTURE:0.48678739590669085
C_PIECECOORDINATION:0.48693666802016605
C_ROOKANDPAWNMOVEMENT:0.48693666802016605
C_CENTERCONTROL:0.48061746389815607
C_DEVELOPPIECES:0.5125632586793747
C_MATERIAL:0.4917275303190432
C_MOVECOUNT:0.5
