ELO:1008
CE_PASSEDPAWNS:0.4890496999189199
CE_PAWNWEAKNESSES:0.4892926816716441
CE_PIECEACTIVITY:0.49351801647947047
CE_KINGPAWNSHIELD:0.5064839252312582
CE_PIECECOORDINATION:0.5046516031300886
CE_MATERIAL:0.491803843840243
CE_KINGSAFETY:0.5
C_PIECESQUARETABLES:0.5
C_MOBILITY:0.4943748812866843
C_KINGSAFETY:0.48665141915500354
C_PAWNSTRUCTURE:0.4989260943635633
C_PIECECOORDINATION:0.5025759154981908
C_ROOKANDPAWNMOVEMENT:0.5025759154981908
C_CENTERCONTROL:0.49868677385624505
C_DEVELOPPIECES:0.5
C_MATERIAL:0.5242370499069613
C_MOVECOUNT:0.5
