ELO:1016
CE_PASSEDPAWNS:0.42772195503098276
CE_PAWNWEAKNESSES:0.5011364216092267
CE_PIECEACTIVITY:0.5486954108708101
CE_KINGPAWNSHIELD:0.4624839080763697
CE_PIECECOORDINATION:0.5245863242146112
CE_MATERIAL:0.4091171686702698
CE_KINGSAFETY:0.4967675400922689
C_PIECESQUARETABLES:0.480814419869794
C_MOBILITY:0.47697541598361626
C_KINGSAFETY:0.6011796254009518
C_PAWNSTRUCTURE:0.3975787905531177
C_PIECECOORDINATION:0.5096449338473732
C_ROOKANDPAWNMOVEMENT:0.5096449338473732
C_CENTERCONTROL:0.5707511217348992
C_DEVELOPPIECES:0.46489126409458587
C_MATERIAL:0.42149979636066826
