ELO:1000
CE_PASSEDPAWNS:0.4811545956448275
CE_PAWNWEAKNESSES:0.5305759158181051
CE_PIECEACTIVITY:0.5083906659341457
CE_KINGPAWNSHIELD:0.5277467206045601
CE_PIECECOORDINATION:0.45193978900136367
CE_MATERIAL:0.4964382630380864
CE_KINGSAFETY:0.4940127572404314
C_PIECESQUARETABLES:0.46685542535486146
C_MOBILITY:0.49873392087207524
C_KINGSAFETY:0.5284452196963602
C_PAWNSTRUCTURE:0.45298648519240786
C_PIECECOORDINATION:0.5214582669632576
C_ROOKANDPAWNMOVEMENT:0.5214582669632576
C_CENTERCONTROL:0.5245947414859082
C_DEVELOPPIECES:0.47085372542455445
C_MATERIAL:0.48113378783881844
