ELO:667
CE_PASSEDPAWNS:0.4859365790064909
CE_PAWNWEAKNESSES:0.4771144597805526
CE_PIECEACTIVITY:0.46195038682082723
CE_KINGPAWNSHIELD:0.5556836647277135
CE_PIECECOORDINATION:0.5343683080445097
CE_MATERIAL:0.4021190032136245
CE_KINGSAFETY:0.478549718600626
C_PIECESQUARETABLES:0.5306177548359092
C_MOBILITY:0.5319659145928697
C_KINGSAFETY:0.47360524399926646
C_PAWNSTRUCTURE:0.558002162244385
C_PIECECOORDINATION:0.4498669605392837
C_ROOKANDPAWNMOVEMENT:0.4498669605392837
C_CENTERCONTROL:0.42318739542695716
C_DEVELOPPIECES:0.4975760056562213
C_MATERIAL:0.4247456012348553
C_MOVECOUNT:0.4996257726392951
