ELO:962
CE_PASSEDPAWNS:0.5694683781979637
CE_PAWNWEAKNESSES:0.5074203089804206
CE_PIECEACTIVITY:0.4292120938106357
CE_KINGPAWNSHIELD:0.571434266527016
CE_PIECECOORDINATION:0.48006675618461514
CE_MATERIAL:0.5393385876878841
CE_KINGSAFETY:0.4542706569768903
C_PIECESQUARETABLES:0.5209603709413736
C_MOBILITY:0.4710493983039375
C_KINGSAFETY:0.3650225226348984
C_PAWNSTRUCTURE:0.45354130212334864
C_PIECECOORDINATION:0.5435663461537429
C_ROOKANDPAWNMOVEMENT:0.5435663461537429
C_CENTERCONTROL:0.4762593149158099
C_DEVELOPPIECES:0.48778846430387063
C_MATERIAL:0.522272851998344
