ELO:1000
CE_PASSEDPAWNS:0.571380507025253
CE_PAWNWEAKNESSES:0.527971643622867
CE_PIECEACTIVITY:0.4702553516687423
CE_KINGPAWNSHIELD:0.5471781845679765
CE_PIECECOORDINATION:0.489052501652694
CE_MATERIAL:0.5036135860540634
CE_KINGSAFETY:0.5024224353005056
C_PIECESQUARETABLES:0.5057271858919723
C_MOBILITY:0.51532301596234
C_KINGSAFETY:0.43435533759218786
C_PAWNSTRUCTURE:0.4556637267241929
C_PIECECOORDINATION:0.5020691885768437
C_ROOKANDPAWNMOVEMENT:0.5020691885768437
C_CENTERCONTROL:0.5056410710830326
C_DEVELOPPIECES:0.4524186268790576
C_MATERIAL:0.5370941985309823
