ELO:967
CE_PASSEDPAWNS:0.5623361480486287
CE_PAWNWEAKNESSES:0.5244998540713258
CE_PIECEACTIVITY:0.4160237870226411
CE_KINGPAWNSHIELD:0.5498795899512561
CE_PIECECOORDINATION:0.47882431546100807
CE_MATERIAL:0.5545030430007761
CE_KINGSAFETY:0.46795908024479127
C_PIECESQUARETABLES:0.49166209512060743
C_MOBILITY:0.46754912891056943
C_KINGSAFETY:0.37401132694287215
C_PAWNSTRUCTURE:0.4635896606806445
C_PIECECOORDINATION:0.5588719073511761
C_ROOKANDPAWNMOVEMENT:0.5588719073511761
C_CENTERCONTROL:0.483669164127625
C_DEVELOPPIECES:0.5021419899529708
C_MATERIAL:0.4910309565626987
