ELO:996
CE_PASSEDPAWNS:0.49538014810845576
CE_PAWNWEAKNESSES:0.5
CE_PIECEACTIVITY:0.5
CE_KINGPAWNSHIELD:0.514794942165242
CE_PIECECOORDINATION:0.5
CE_MATERIAL:0.5009952691228198
CE_KINGSAFETY:0.5
C_PIECESQUARETABLES:0.5
C_MOBILITY:0.5
C_KINGSAFETY:0.48665141915500354
C_PAWNSTRUCTURE:0.49297667820764807
C_PIECECOORDINATION:0.4956004366189055
C_ROOKANDPAWNMOVEMENT:0.4956004366189055
C_CENTERCONTROL:0.5
C_DEVELOPPIECES:0.5014826909462189
C_MATERIAL:0.5031430447428289
C_MOVECOUNT:0.5
