ELO:1015
CE_PASSEDPAWNS:0.533067517145993
CE_PAWNWEAKNESSES:0.5
CE_PIECEACTIVITY:0.5158364957411944
CE_KINGPAWNSHIELD:0.5007648109272228
CE_PIECECOORDINATION:0.49456651508729255
CE_MATERIAL:0.48967897232653296
CE_KINGSAFETY:0.4785778692189033
C_PIECESQUARETABLES:0.5
C_MOBILITY:0.48862777284284326
C_KINGSAFETY:0.48367101556159503
C_PAWNSTRUCTURE:0.5036576290436771
C_PIECECOORDINATION:0.49438920935180414
C_ROOKANDPAWNMOVEMENT:0.49438920935180414
C_CENTERCONTROL:0.4879251727231068
C_DEVELOPPIECES:0.5
C_MATERIAL:0.4813910197699353
C_MOVECOUNT:0.4948254410056872
