ELO:823
CE_PASSEDPAWNS:0.5176842468374613
CE_PAWNWEAKNESSES:0.4972897995319517
CE_PIECEACTIVITY:0.4678618471565082
CE_KINGPAWNSHIELD:0.5490915962065847
CE_PIECECOORDINATION:0.5236527546776323
CE_MATERIAL:0.5020022112078868
CE_KINGSAFETY:0.5153320645817184
C_PIECESQUARETABLES:0.5258237134436781
C_MOBILITY:0.46458622158857493
C_KINGSAFETY:0.5169096244802344
C_PAWNSTRUCTURE:0.4861677078738286
C_PIECECOORDINATION:0.5462424157476641
C_ROOKANDPAWNMOVEMENT:0.5462424157476641
C_CENTERCONTROL:0.5192398629668765
C_DEVELOPPIECES:0.4805721594745334
C_MATERIAL:0.4803807053570797
C_MOVECOUNT:0.5
