ELO:924
CE_PASSEDPAWNS:0.486215051210613
CE_PAWNWEAKNESSES:0.45314335686188645
CE_PIECEACTIVITY:0.47447814989084086
CE_KINGPAWNSHIELD:0.5182982970252578
CE_PIECECOORDINATION:0.4293371299799993
CE_MATERIAL:0.47834560670121706
CE_KINGSAFETY:0.5003928271718713
C_PIECESQUARETABLES:0.5054299636041869
C_MOBILITY:0.5018254773072213
C_KINGSAFETY:0.48226093091612726
C_PAWNSTRUCTURE:0.5182829756686448
C_PIECECOORDINATION:0.5074981385059737
C_ROOKANDPAWNMOVEMENT:0.5074981385059737
C_CENTERCONTROL:0.5323522213302107
C_DEVELOPPIECES:0.4916738775001345
C_MATERIAL:0.5083348637831955
C_MOVECOUNT:0.4800670007666595
