ELO:944
CE_PASSEDPAWNS:0.5096814204077524
CE_PAWNWEAKNESSES:0.362167463893361
CE_PIECEACTIVITY:0.4648973614093104
CE_KINGPAWNSHIELD:0.5085433981799177
CE_PIECECOORDINATION:0.5429253362659443
CE_MATERIAL:0.36368955034436556
CE_KINGSAFETY:0.5466222905619978
C_PIECESQUARETABLES:0.5327655529074942
C_MOBILITY:0.44358847125142137
C_KINGSAFETY:0.5193373245719156
C_PAWNSTRUCTURE:0.46892422637825937
C_PIECECOORDINATION:0.4694751304695176
C_ROOKANDPAWNMOVEMENT:0.4694751304695176
C_CENTERCONTROL:0.47130887312026437
C_DEVELOPPIECES:0.4482661093492704
C_MATERIAL:0.4862034873086172
