ELO:1040
CE_PASSEDPAWNS:0.49071448479940993
CE_PAWNWEAKNESSES:0.5002949084062712
CE_PIECEACTIVITY:0.5
CE_KINGPAWNSHIELD:0.5138269265798723
CE_PIECECOORDINATION:0.49295820558254466
CE_MATERIAL:0.5356233766527685
CE_KINGSAFETY:0.472388987486672
C_PIECESQUARETABLES:0.48793770535145875
C_MOBILITY:0.5
C_KINGSAFETY:0.5034662373694556
C_PAWNSTRUCTURE:0.5
C_PIECECOORDINATION:0.5050721057325127
C_ROOKANDPAWNMOVEMENT:0.5050721057325127
C_CENTERCONTROL:0.511139324768391
C_DEVELOPPIECES:0.4897929518790068
C_MATERIAL:0.49476139685531306
C_MOVECOUNT:0.5
