ELO:1000
CE_PASSEDPAWNS:0.4906250187337968
CE_PAWNWEAKNESSES:0.5365128558705721
CE_PIECEACTIVITY:0.5225230732653597
CE_KINGPAWNSHIELD:0.5371572198584604
CE_PIECECOORDINATION:0.44126616489713144
CE_MATERIAL:0.47783416394138145
CE_KINGSAFETY:0.507264173380796
C_PIECESQUARETABLES:0.4925125578516675
C_MOBILITY:0.4816969132434038
C_KINGSAFETY:0.5373745795523043
C_PAWNSTRUCTURE:0.44603624267211434
C_PIECECOORDINATION:0.4989170482175336
C_ROOKANDPAWNMOVEMENT:0.4989170482175336
C_CENTERCONTROL:0.5332811689327259
C_DEVELOPPIECES:0.4651906821673353
C_MATERIAL:0.49439769505013803
