ELO:1012
CE_PASSEDPAWNS:0.5599522856091129
CE_PAWNWEAKNESSES:0.4690150379613871
CE_PIECEACTIVITY:0.5206536703629511
CE_KINGPAWNSHIELD:0.55954784433353
CE_PIECECOORDINATION:0.4791463103343915
CE_MATERIAL:0.5066710015372997
CE_KINGSAFETY:0.49732941248084206
C_PIECESQUARETABLES:0.46703059990072493
C_MOBILITY:0.4994107419056828
C_KINGSAFETY:0.4038595081370403
C_PAWNSTRUCTURE:0.455094820030056
C_PIECECOORDINATION:0.4467933985359308
C_ROOKANDPAWNMOVEMENT:0.4467933985359308
C_CENTERCONTROL:0.5121251828130337
C_DEVELOPPIECES:0.4566511448106663
C_MATERIAL:0.5085756696771824
