ELO:1000
CE_PASSEDPAWNS:0.5540733110492599
CE_PAWNWEAKNESSES:0.5313049302777915
CE_PIECEACTIVITY:0.4929799065992663
CE_KINGPAWNSHIELD:0.5311711967575169
CE_PIECECOORDINATION:0.501439823036497
CE_MATERIAL:0.49808822778243866
CE_KINGSAFETY:0.49083222897447787
C_PIECESQUARETABLES:0.5027249618773284
C_MOBILITY:0.5002494118897555
C_KINGSAFETY:0.435612221921145
C_PAWNSTRUCTURE:0.47531168752151676
C_PIECECOORDINATION:0.5137897315568847
C_ROOKANDPAWNMOVEMENT:0.5137897315568847
C_CENTERCONTROL:0.4911953121434579
C_DEVELOPPIECES:0.4539868020173844
C_MATERIAL:0.5481829032960145
