ELO:958
CE_PASSEDPAWNS:0.5611541232732239
CE_PAWNWEAKNESSES:0.4942053037590581
CE_PIECEACTIVITY:0.4110709392692707
CE_KINGPAWNSHIELD:0.5742546214506389
CE_PIECECOORDINATION:0.49883386813091163
CE_MATERIAL:0.5157994609349519
CE_KINGSAFETY:0.4497175721415868
C_PIECESQUARETABLES:0.5125117840711686
C_MOBILITY:0.48308185462876196
C_KINGSAFETY:0.3613253337712242
C_PAWNSTRUCTURE:0.47352248428345645
C_PIECECOORDINATION:0.531795510311573
C_ROOKANDPAWNMOVEMENT:0.531795510311573
C_CENTERCONTROL:0.49583317319163994
C_DEVELOPPIECES:0.4722469724085457
C_MATERIAL:0.5314055472350314
