ELO:1051
CE_PASSEDPAWNS:0.5
CE_PAWNWEAKNESSES:0.5
CE_PIECEACTIVITY:0.4743303787655372
CE_KINGPAWNSHIELD:0.5101202800093263
CE_PIECECOORDINATION:0.5107711059505068
CE_MATERIAL:0.5057601803003857
CE_KINGSAFETY:0.5433503027528525
C_PIECESQUARETABLES:0.48870303836327783
C_MOBILITY:0.49704842024649837
C_KINGSAFETY:0.4881914138596156
C_PAWNSTRUCTURE:0.49479021843701837
C_PIECECOORDINATION:0.491066165584061
C_ROOKANDPAWNMOVEMENT:0.491066165584061
C_CENTERCONTROL:0.49454358886989935
C_DEVELOPPIECES:0.4897929518790068
C_MATERIAL:0.4989462062240007
C_MOVECOUNT:0.5
