ELO:1009
CE_PASSEDPAWNS:0.4878280385965528
CE_PAWNWEAKNESSES:0.4899963863185684
CE_PIECEACTIVITY:0.490688079794957
CE_KINGPAWNSHIELD:0.5150590823228275
CE_PIECECOORDINATION:0.4832549323279349
CE_MATERIAL:0.4938643603947025
CE_KINGSAFETY:0.4867536540690558
C_PIECESQUARETABLES:0.5196667894040801
C_MOBILITY:0.5159347713232534
C_KINGSAFETY:0.5
C_PAWNSTRUCTURE:0.4753772280803498
C_PIECECOORDINATION:0.5104370636875161
C_ROOK:0.5
CE_ROOK:0.5
C_CENTERCONTROL:0.5108458067156086
C_DEVELOPPIECES:0.5054563436867611
C_MATERIAL:0.5
C_MOVECOUNT:0.5031947355361537
C_PAWNMOVEMENT:0.5
