ELO:1002
CE_PASSEDPAWNS:0.5
CE_PAWNWEAKNESSES:0.5
CE_PIECEACTIVITY:0.5146149666151594
CE_KINGPAWNSHIELD:0.5002856131989022
CE_PIECECOORDINATION:0.4899957235035366
CE_MATERIAL:0.4889840219768758
CE_KINGSAFETY:0.5
C_PIECESQUARETABLES:0.5
C_MOBILITY:0.5082429847337975
C_KINGSAFETY:0.4997412166422791
C_PAWNSTRUCTURE:0.5
C_PIECECOORDINATION:0.4966703998622438
C_ROOKANDPAWNMOVEMENT:0.4966703998622438
C_CENTERCONTROL:0.5096341900967203
C_DEVELOPPIECES:0.5
C_MATERIAL:0.49877238592719914
C_MOVECOUNT:0.5
