ELO:920
CE_PASSEDPAWNS:0.4676591055772723
CE_PAWNWEAKNESSES:0.4973692122523765
CE_PIECEACTIVITY:0.4657251757504195
CE_KINGPAWNSHIELD:0.5077524123098656
CE_PIECECOORDINATION:0.47650876049670216
CE_MATERIAL:0.48214334698645145
CE_KINGSAFETY:0.5
C_PIECESQUARETABLES:0.5
C_MOBILITY:0.5200439685063243
C_KINGSAFETY:0.47574885556166985
C_PAWNSTRUCTURE:0.503160023991498
C_PIECECOORDINATION:0.5268532735282077
C_ROOK:0.5479528342512309
CE_ROOK:0.43868814379934884
C_CENTERCONTROL:0.43874988255944786
C_DEVELOPPIECES:0.4813395095680787
C_MATERIAL:0.5570435254423864
C_MOVECOUNT:0.5530314510128213
C_PAWNMOVEMENT:0.5185058617676526
