ELO:1011
CE_PASSEDPAWNS:0.5011525726314002
CE_PAWNWEAKNESSES:0.49968198118357815
CE_PIECEACTIVITY:0.5110545107062533
CE_KINGPAWNSHIELD:0.51009064251649
CE_PIECECOORDINATION:0.5051392375501198
CE_MATERIAL:0.5067703514581728
CE_KINGSAFETY:0.4841630923294674
C_PIECESQUARETABLES:0.49053775204963523
C_MOBILITY:0.4977138276450014
C_KINGSAFETY:0.48837719146631337
C_PAWNSTRUCTURE:0.4960849389218171
C_PIECECOORDINATION:0.5
C_ROOKANDPAWNMOVEMENT:0.5
C_CENTERCONTROL:0.5040082183298862
C_DEVELOPPIECES:0.4920191221341301
C_MATERIAL:0.5036860015189879
