ELO:981
CE_PASSEDPAWNS:0.46571891132132837
CE_PAWNWEAKNESSES:0.4561409875340765
CE_PIECEACTIVITY:0.5258289419397125
CE_KINGPAWNSHIELD:0.5005894034327778
CE_PIECECOORDINATION:0.4418385773720569
CE_MATERIAL:0.4191665977118865
CE_KINGSAFETY:0.4947609079431962
C_PIECESQUARETABLES:0.4907737789921048
C_MOBILITY:0.5244661391454283
C_KINGSAFETY:0.501657221234562
C_PAWNSTRUCTURE:0.5135245706067042
C_PIECECOORDINATION:0.4526787153358315
C_ROOKANDPAWNMOVEMENT:0.4526787153358315
C_CENTERCONTROL:0.509188457108794
C_DEVELOPPIECES:0.5081428677842206
C_MATERIAL:0.4509418133330596
