ELO:1004
CE_PASSEDPAWNS:0.5084372185977749
CE_PAWNWEAKNESSES:0.5148447834724479
CE_PIECEACTIVITY:0.5
CE_KINGPAWNSHIELD:0.4805844443890286
CE_PIECECOORDINATION:0.5
CE_MATERIAL:0.47573243996770176
CE_KINGSAFETY:0.4995887766504853
C_PIECESQUARETABLES:0.5
C_MOBILITY:0.5
C_KINGSAFETY:0.5220284348758604
C_PAWNSTRUCTURE:0.5000228924085995
C_PIECECOORDINATION:0.5081049766988716
C_ROOKANDPAWNMOVEMENT:0.5081049766988716
C_CENTERCONTROL:0.45587093052965383
C_DEVELOPPIECES:0.49815351320627327
C_MATERIAL:0.4897440205875664
C_MOVECOUNT:0.5018942260163081
