ELO:948
CE_PASSEDPAWNS:0.4729760683916298
CE_PAWNWEAKNESSES:0.47938838061296696
CE_PIECEACTIVITY:0.4264860220055574
CE_KINGPAWNSHIELD:0.4506345606650836
CE_PIECECOORDINATION:0.5051496199167317
CE_MATERIAL:0.5046612146123163
CE_KINGSAFETY:0.47955399596937504
C_PIECESQUARETABLES:0.5046350665812485
C_MOBILITY:0.50747291448125
C_KINGSAFETY:0.4713352626547782
C_PAWNSTRUCTURE:0.5293793645101735
C_PIECECOORDINATION:0.5051075490785257
C_ROOKANDPAWNMOVEMENT:0.5051075490785257
C_CENTERCONTROL:0.4882829887666642
C_DEVELOPPIECES:0.508494494350867
C_MATERIAL:0.49485924807223813
C_MOVECOUNT:0.5
