ELO:894
CE_PASSEDPAWNS:0.47895022362495704
CE_PAWNWEAKNESSES:0.5800956823445439
CE_PIECEACTIVITY:0.48254061754966826
CE_KINGPAWNSHIELD:0.49601210527574213
CE_PIECECOORDINATION:0.49303168202068864
CE_MATERIAL:0.4915752862715676
CE_KINGSAFETY:0.49915772407465814
C_PIECESQUARETABLES:0.49984382648101333
C_MOBILITY:0.48855218506688175
C_KINGSAFETY:0.5203316658177926
C_PAWNSTRUCTURE:0.5212706246019084
C_PIECECOORDINATION:0.517649071283271
C_ROOK:0.567070880267694
CE_ROOK:0.47135443606275534
C_CENTERCONTROL:0.5072204959265411
C_DEVELOPPIECES:0.5251698702274544
C_MATERIAL:0.5225986514895175
C_MOVECOUNT:0.5191729213893178
C_PAWNMOVEMENT:0.4704931857880227
