ELO:1009
CE_PASSEDPAWNS:0.4981976930439811
CE_PAWNWEAKNESSES:0.5
CE_PIECEACTIVITY:0.49881032118141144
CE_KINGPAWNSHIELD:0.495719952613583
CE_PIECECOORDINATION:0.5085899924413093
CE_MATERIAL:0.5
CE_KINGSAFETY:0.5
C_PIECESQUARETABLES:0.489674486465974
C_MOBILITY:0.5
C_KINGSAFETY:0.4925805104560372
C_PAWNSTRUCTURE:0.48877788614793904
C_PIECECOORDINATION:0.4908040907561018
C_ROOKANDPAWNMOVEMENT:0.4908040907561018
C_CENTERCONTROL:0.5180780772656368
C_DEVELOPPIECES:0.5
C_MATERIAL:0.4929748522476021
C_MOVECOUNT:0.5
