ELO:938
CE_PASSEDPAWNS:0.5359168642873458
CE_PAWNWEAKNESSES:0.5036539373149561
CE_PIECEACTIVITY:0.5175478531006044
CE_KINGPAWNSHIELD:0.5269400608218409
CE_PIECECOORDINATION:0.5149335304603325
CE_MATERIAL:0.48509640385651803
CE_KINGSAFETY:0.5226148451977856
C_PIECESQUARETABLES:0.5040046888456844
C_MOBILITY:0.5014796272140831
C_KINGSAFETY:0.492917723445393
C_PAWNSTRUCTURE:0.49458834783240985
C_PIECECOORDINATION:0.48856180359882323
C_ROOKANDPAWNMOVEMENT:0.48856180359882323
C_CENTERCONTROL:0.4725631740935318
C_DEVELOPPIECES:0.49541184384773934
C_MATERIAL:0.45593371278538464
