ELO:963
CE_PASSEDPAWNS:0.5101992321629738
CE_PAWNWEAKNESSES:0.49435523892682365
CE_PIECEACTIVITY:0.4873609965536803
CE_KINGPAWNSHIELD:0.5318720523814537
CE_PIECECOORDINATION:0.5092945058340103
CE_MATERIAL:0.4816580402018305
CE_KINGSAFETY:0.47625519406412786
C_PIECESQUARETABLES:0.5007733298510366
C_MOBILITY:0.4724235247967097
C_KINGSAFETY:0.498270177807558
C_PAWNSTRUCTURE:0.5095830811300827
C_PIECECOORDINATION:0.4920659980445049
C_ROOKANDPAWNMOVEMENT:0.4920659980445049
C_CENTERCONTROL:0.4738679272852246
C_DEVELOPPIECES:0.4755474406259446
C_MATERIAL:0.49802418935779297
C_MOVECOUNT:0.5148184714740743
