ELO:896
CE_PASSEDPAWNS:0.4898232506614719
CE_PAWNWEAKNESSES:0.54109093186394
CE_PIECEACTIVITY:0.497588123582345
CE_KINGPAWNSHIELD:0.48435418023287413
CE_PIECECOORDINATION:0.495350479081902
CE_MATERIAL:0.5328018822552028
CE_KINGSAFETY:0.5113173484602808
C_PIECESQUARETABLES:0.5244107264116923
C_MOBILITY:0.49786537537098674
C_KINGSAFETY:0.47991767025934273
C_PAWNSTRUCTURE:0.5007484526834899
C_PIECECOORDINATION:0.4708816888455006
C_ROOKANDPAWNMOVEMENT:0.4708816888455006
C_CENTERCONTROL:0.46781822073991586
C_DEVELOPPIECES:0.48157333969877486
C_MATERIAL:0.49522576672564045
C_MOVECOUNT:0.4549226272713572
