ELO:931
CE_PASSEDPAWNS:0.5166209971474705
CE_PAWNWEAKNESSES:0.4832888384447721
CE_PIECEACTIVITY:0.5284727745346955
CE_KINGPAWNSHIELD:0.49232801546461596
CE_PIECECOORDINATION:0.5160963846903303
CE_MATERIAL:0.4896125646763879
CE_KINGSAFETY:0.5067133129340483
C_PIECESQUARETABLES:0.5137847291933603
C_MOBILITY:0.5161828384276703
C_KINGSAFETY:0.5484773224285601
C_PAWNSTRUCTURE:0.48251977277895813
C_PIECECOORDINATION:0.5055864010803168
C_ROOKANDPAWNMOVEMENT:0.5055864010803168
C_CENTERCONTROL:0.4939446859497035
C_DEVELOPPIECES:0.44191607518552184
C_MATERIAL:0.47656934008260327
C_MOVECOUNT:0.5
