ELO:1012
CE_PASSEDPAWNS:0.42305521810368457
CE_PAWNWEAKNESSES:0.40982158174005334
CE_PIECEACTIVITY:0.35598077631390657
CE_KINGPAWNSHIELD:0.5074421883960382
CE_PIECECOORDINATION:0.598329745699183
CE_MATERIAL:0.5427268574032386
CE_KINGSAFETY:0.46906754053435773
C_PIECESQUARETABLES:0.49420285026947086
C_MOBILITY:0.5452259809661169
C_KINGSAFETY:0.5780699152014404
C_PAWNSTRUCTURE:0.504672773086015
C_PIECECOORDINATION:0.46112007344139333
C_ROOKANDPAWNMOVEMENT:0.46112007344139333
C_CENTERCONTROL:0.4142805872686891
C_DEVELOPPIECES:0.5371951608808677
C_MATERIAL:0.42779944402636855
