ELO:984
CE_PASSEDPAWNS:0.46877470804627436
CE_PAWNWEAKNESSES:0.4712188721719311
CE_PIECEACTIVITY:0.560577273673441
CE_KINGPAWNSHIELD:0.541854387553212
CE_PIECECOORDINATION:0.4571835411821493
CE_MATERIAL:0.4087736730427246
CE_KINGSAFETY:0.49840794878313166
C_PIECESQUARETABLES:0.4908997018885788
C_MOBILITY:0.5340976068370427
C_KINGSAFETY:0.5114779339388206
C_PAWNSTRUCTURE:0.5708303325604778
C_PIECECOORDINATION:0.4054203536482789
C_ROOKANDPAWNMOVEMENT:0.4054203536482789
C_CENTERCONTROL:0.49241993279225493
C_DEVELOPPIECES:0.5108849966560013
C_MATERIAL:0.42232220547723426
