ELO:897
CE_PASSEDPAWNS:0.5024208350396778
CE_PAWNWEAKNESSES:0.47163836536552806
CE_PIECEACTIVITY:0.4716546431714152
CE_KINGPAWNSHIELD:0.4610961548690182
CE_PIECECOORDINATION:0.6213106562038702
CE_MATERIAL:0.5248055251402037
CE_KINGSAFETY:0.4991572225362528
C_PIECESQUARETABLES:0.5105124951571786
C_MOBILITY:0.4451847707042733
C_KINGSAFETY:0.4759346175704729
C_PAWNSTRUCTURE:0.4783352485449505
C_PIECECOORDINATION:0.5097905976848707
C_ROOKANDPAWNMOVEMENT:0.5097905976848707
C_CENTERCONTROL:0.47868217581889744
C_DEVELOPPIECES:0.5122328461735384
C_MATERIAL:0.49376750209990206
C_MOVECOUNT:0.5
