ELO:988
CE_PASSEDPAWNS:0.5801080502070738
CE_PAWNWEAKNESSES:0.5359711876697382
CE_PIECEACTIVITY:0.516192948221107
CE_KINGPAWNSHIELD:0.40855613007494135
CE_PIECECOORDINATION:0.49289731684952987
CE_MATERIAL:0.46661660585621534
CE_KINGSAFETY:0.4989024932006344
C_PIECESQUARETABLES:0.4892079774229129
C_MOBILITY:0.5061501413753463
C_KINGSAFETY:0.5365489415113078
C_PAWNSTRUCTURE:0.6068007249799685
C_PIECECOORDINATION:0.4724594490600658
C_ROOKANDPAWNMOVEMENT:0.4724594490600658
C_CENTERCONTROL:0.46221406661235
C_DEVELOPPIECES:0.4791946282818704
C_MATERIAL:0.45846150115539863
