ELO:1009
CE_PASSEDPAWNS:0.5054833273288345
CE_PAWNWEAKNESSES:0.48766749483953625
CE_PIECEACTIVITY:0.5
CE_KINGPAWNSHIELD:0.5
CE_PIECECOORDINATION:0.4864188027168847
CE_MATERIAL:0.5
CE_KINGSAFETY:0.5
C_PIECESQUARETABLES:0.5
C_MOBILITY:0.4949102405278998
C_KINGSAFETY:0.49892374725924393
C_PAWNSTRUCTURE:0.5
C_PIECECOORDINATION:0.519578859176761
C_ROOKANDPAWNMOVEMENT:0.519578859176761
C_CENTERCONTROL:0.4781036851067158
C_DEVELOPPIECES:0.5063298910737072
C_MATERIAL:0.5
C_MOVECOUNT:0.5
