ELO:801
CE_PASSEDPAWNS:0.48797423933384115
CE_PAWNWEAKNESSES:0.4341704791366282
CE_PIECEACTIVITY:0.6151239389709776
CE_KINGPAWNSHIELD:0.46702793148425725
CE_PIECECOORDINATION:0.42896062584389366
CE_MATERIAL:0.5075143619909813
CE_KINGSAFETY:0.5546046150573047
C_PIECESQUARETABLES:0.5423389278761066
C_MOBILITY:0.5259110334665417
C_KINGSAFETY:0.4144565529895819
C_PAWNSTRUCTURE:0.5214229071134838
C_PIECECOORDINATION:0.5106967404049358
C_ROOKANDPAWNMOVEMENT:0.5106967404049358
C_CENTERCONTROL:0.4321951571161766
C_DEVELOPPIECES:0.45260328434551167
C_MATERIAL:0.47783658014373626
C_MOVECOUNT:0.5018968735007091
