ELO:1000
CE_PASSEDPAWNS:0.48510553222074765
CE_PAWNWEAKNESSES:0.4685179711537785
CE_PIECEACTIVITY:0.5184494590770709
CE_KINGPAWNSHIELD:0.4797154450120657
CE_PIECECOORDINATION:0.5176748307783882
CE_MATERIAL:0.5415150016168748
CE_KINGSAFETY:0.5202967168962523
C_PIECESQUARETABLES:0.49448773909114224
C_MOBILITY:0.5080947344742491
C_KINGSAFETY:0.5172525092193719
C_PAWNSTRUCTURE:0.5136019884887508
C_PIECECOORDINATION:0.5364153394005468
C_ROOKANDPAWNMOVEMENT:0.5364153394005468
C_CENTERCONTROL:0.5102202634357071
C_DEVELOPPIECES:0.5156167439468634
C_MATERIAL:0.5004462607947742
