ELO:987
CE_PASSEDPAWNS:0.5956298478866249
CE_PAWNWEAKNESSES:0.5726608180663201
CE_PIECEACTIVITY:0.5336108834173943
CE_KINGPAWNSHIELD:0.4196463452536355
CE_PIECECOORDINATION:0.5044192785526699
CE_MATERIAL:0.464610889602934
CE_KINGSAFETY:0.49182140154025966
C_PIECESQUARETABLES:0.4700830684083274
C_MOBILITY:0.5281151913649678
C_KINGSAFETY:0.5107619914579261
C_PAWNSTRUCTURE:0.6004739578456967
C_PIECECOORDINATION:0.4572771987282969
C_ROOKANDPAWNMOVEMENT:0.4572771987282969
C_CENTERCONTROL:0.4861002152989126
C_DEVELOPPIECES:0.4662690008033697
C_MATERIAL:0.45933404682243945
