ELO:931
CE_PASSEDPAWNS:0.4817084306003445
CE_PAWNWEAKNESSES:0.5122091062577968
CE_PIECEACTIVITY:0.507103951868914
CE_KINGPAWNSHIELD:0.5156983258406209
CE_PIECECOORDINATION:0.5021834120900981
CE_MATERIAL:0.505418642792413
CE_KINGSAFETY:0.5
C_PIECESQUARETABLES:0.5011281960420458
C_MOBILITY:0.5122616683230952
C_KINGSAFETY:0.48738845742911974
C_PAWNSTRUCTURE:0.48562551530658776
C_PIECECOORDINATION:0.48899644030010675
C_ROOK:0.5357138704444676
CE_ROOK:0.49851861983670975
C_CENTERCONTROL:0.5138357002815821
C_DEVELOPPIECES:0.5067721467235387
C_MATERIAL:0.5318788416660791
C_MOVECOUNT:0.5217622763170614
C_PAWNMOVEMENT:0.47649205436267283
