ELO:1000
CE_PASSEDPAWNS:0.5243358813143114
CE_PAWNWEAKNESSES:0.5097869280602797
CE_PIECEACTIVITY:0.4989010940898864
CE_KINGPAWNSHIELD:0.42219491794829417
CE_PIECECOORDINATION:0.5123819327388975
CE_MATERIAL:0.489587481914689
CE_KINGSAFETY:0.4769295177286917
C_PIECESQUARETABLES:0.49187509875805985
C_MOBILITY:0.4767664988187117
C_KINGSAFETY:0.522957287627998
C_PAWNSTRUCTURE:0.6074101126425948
C_PIECECOORDINATION:0.4570194544684666
C_ROOKANDPAWNMOVEMENT:0.4570194544684666
C_CENTERCONTROL:0.46949037435310315
C_DEVELOPPIECES:0.46246972011908705
C_MATERIAL:0.5060506835219377
