ELO:1058
CE_PASSEDPAWNS:0.45137410326812005
CE_PAWNWEAKNESSES:0.5216415415489906
CE_PIECEACTIVITY:0.45099726066277823
CE_KINGPAWNSHIELD:0.5444522290573259
CE_PIECECOORDINATION:0.44642603517813084
CE_MATERIAL:0.5016325646985804
CE_KINGSAFETY:0.5021692244076472
C_PIECESQUARETABLES:0.5015838409810259
C_MOBILITY:0.4455170774255024
C_KINGSAFETY:0.5338910640254981
C_PAWNSTRUCTURE:0.4812636677195635
C_PIECECOORDINATION:0.42354063397239355
C_ROOKANDPAWNMOVEMENT:0.42354063397239355
C_CENTERCONTROL:0.6360443080309477
C_DEVELOPPIECES:0.5740648439846143
C_MATERIAL:0.3914157600624782
