ELO:1002
CE_PASSEDPAWNS:0.5394681777469542
CE_PAWNWEAKNESSES:0.5488302303318797
CE_PIECEACTIVITY:0.519234453726663
CE_KINGPAWNSHIELD:0.45167610638438344
CE_PIECECOORDINATION:0.5066937869966859
CE_MATERIAL:0.48636348001923213
CE_KINGSAFETY:0.492194385146695
C_PIECESQUARETABLES:0.4963778464938342
C_MOBILITY:0.4936218771172974
C_KINGSAFETY:0.5179473372341827
C_PAWNSTRUCTURE:0.5834275236569342
C_PIECECOORDINATION:0.47635666932545717
C_ROOKANDPAWNMOVEMENT:0.47635666932545717
C_CENTERCONTROL:0.4718825533413893
C_DEVELOPPIECES:0.453340920323389
C_MATERIAL:0.4956036016340861
