ELO:1000
CE_PASSEDPAWNS:0.4548722048485814
CE_PAWNWEAKNESSES:0.48710151669542645
CE_PIECEACTIVITY:0.5051032640310469
CE_KINGPAWNSHIELD:0.4705336294555998
CE_PIECECOORDINATION:0.46596217154127234
CE_MATERIAL:0.5041163869268487
CE_KINGSAFETY:0.5
C_PIECESQUARETABLES:0.49124188172423877
C_MOBILITY:0.48629027690973253
C_KINGSAFETY:0.5324787796623103
C_PAWNSTRUCTURE:0.4977167153314751
C_PIECECOORDINATION:0.5655513110719582
C_ROOKANDPAWNMOVEMENT:0.5655513110719582
C_CENTERCONTROL:0.5082014092120852
C_DEVELOPPIECES:0.5290319311749487
C_MATERIAL:0.5175783614929554
