ELO:911
CE_PASSEDPAWNS:0.48471782637811806
CE_PAWNWEAKNESSES:0.5520474801213692
CE_PIECEACTIVITY:0.49664516646094464
CE_KINGPAWNSHIELD:0.5033490600889453
CE_PIECECOORDINATION:0.4987954714270815
CE_MATERIAL:0.5200320292552404
CE_KINGSAFETY:0.49906404350848643
C_PIECESQUARETABLES:0.5102857149832841
C_MOBILITY:0.4999056485785429
C_KINGSAFETY:0.49810857637357325
C_PAWNSTRUCTURE:0.5197057500086759
C_PIECECOORDINATION:0.5164443644644618
C_ROOK:0.5446707049545743
CE_ROOK:0.45925462970248876
C_CENTERCONTROL:0.5069782037720069
C_DEVELOPPIECES:0.5263867621587852
C_MATERIAL:0.49614598554304923
C_MOVECOUNT:0.5161068815146264
C_PAWNMOVEMENT:0.4767638046772693
