ELO:919
CE_PASSEDPAWNS:0.4787826310301651
CE_PAWNWEAKNESSES:0.4995348398469192
CE_PIECEACTIVITY:0.4977709363298906
CE_KINGPAWNSHIELD:0.5078338624203795
CE_PIECECOORDINATION:0.5081985548418144
CE_MATERIAL:0.4883147071547979
CE_KINGSAFETY:0.5071214598593187
C_PIECESQUARETABLES:0.5035169404508335
C_MOBILITY:0.5118012597300854
C_KINGSAFETY:0.4914484776935705
C_PAWNSTRUCTURE:0.5189667425511824
C_PIECECOORDINATION:0.49855048666688034
C_ROOK:0.5222325356952451
CE_ROOK:0.4823256507336668
C_CENTERCONTROL:0.5090975110866999
C_DEVELOPPIECES:0.5068243409912143
C_MATERIAL:0.5360368050928362
C_MOVECOUNT:0.5127715419360419
C_PAWNMOVEMENT:0.46906782813093595
