ELO:956
CE_PASSEDPAWNS:0.4861420077521045
CE_PAWNWEAKNESSES:0.4750363598180111
CE_PIECEACTIVITY:0.528426022384317
CE_KINGPAWNSHIELD:0.4726651222124518
CE_PIECECOORDINATION:0.4969605875905658
CE_MATERIAL:0.49136277913179166
CE_KINGSAFETY:0.5057316035740036
C_PIECESQUARETABLES:0.5276556806749402
C_MOBILITY:0.5208454296132248
C_KINGSAFETY:0.5223470757306128
C_PAWNSTRUCTURE:0.4920712889265374
C_PIECECOORDINATION:0.4866921919707416
C_ROOKANDPAWNMOVEMENT:0.4866921919707416
C_CENTERCONTROL:0.5033602261490775
C_DEVELOPPIECES:0.4442055303300349
C_MATERIAL:0.4806066216724146
C_MOVECOUNT:0.5
