ELO:904
CE_PASSEDPAWNS:0.45427394973229035
CE_PAWNWEAKNESSES:0.5576702739271364
CE_PIECEACTIVITY:0.4790553338763709
CE_KINGPAWNSHIELD:0.4956050755835561
CE_PIECECOORDINATION:0.4655394088301396
CE_MATERIAL:0.4442687607360177
CE_KINGSAFETY:0.5211754468935509
C_PIECESQUARETABLES:0.506900813333023
C_MOBILITY:0.5344515641199203
C_KINGSAFETY:0.5102202714436452
C_PAWNSTRUCTURE:0.4854386780350257
C_PIECECOORDINATION:0.45267417769760593
C_ROOKANDPAWNMOVEMENT:0.45267417769760593
C_CENTERCONTROL:0.4784593771910223
C_DEVELOPPIECES:0.4434415483707745
C_MATERIAL:0.47710596561680757
C_MOVECOUNT:0.48232851623115125
