ELO:987
CE_PASSEDPAWNS:0.3668200400705546
CE_PAWNWEAKNESSES:0.44542974891888637
CE_PIECEACTIVITY:0.5186846843932171
CE_KINGPAWNSHIELD:0.5528882574260608
CE_PIECECOORDINATION:0.5138962178399454
CE_MATERIAL:0.4694181679613265
CE_KINGSAFETY:0.499778920510272
C_PIECESQUARETABLES:0.5233927626673546
C_MOBILITY:0.580479941274235
C_KINGSAFETY:0.5594239720260957
C_PAWNSTRUCTURE:0.339421310894942
C_PIECECOORDINATION:0.5350567576815112
C_ROOKANDPAWNMOVEMENT:0.5350567576815112
C_CENTERCONTROL:0.3628208528192532
C_DEVELOPPIECES:0.5933423053266473
C_MATERIAL:0.6201906658387899
