ELO:846
CE_PASSEDPAWNS:0.4771726598008451
CE_PAWNWEAKNESSES:0.46765674925249945
CE_PIECEACTIVITY:0.42753301436662766
CE_KINGPAWNSHIELD:0.4165278399689675
CE_PIECECOORDINATION:0.4368797992969057
CE_MATERIAL:0.4274719672694799
CE_KINGSAFETY:0.5015445630394276
C_PIECESQUARETABLES:0.4963785532226233
C_MOBILITY:0.4347139606199484
C_KINGSAFETY:0.5754976187641292
C_PAWNSTRUCTURE:0.44102237292101254
C_PIECECOORDINATION:0.5476625617152907
C_ROOKANDPAWNMOVEMENT:0.5476625617152907
C_CENTERCONTROL:0.5343767839715865
C_DEVELOPPIECES:0.49110292013929774
C_MATERIAL:0.5726287759422055
