ELO:903
CE_PASSEDPAWNS:0.6486580289038466
CE_PAWNWEAKNESSES:0.5309192147438476
CE_PIECEACTIVITY:0.53533976046736
CE_KINGPAWNSHIELD:0.45034358342341674
CE_PIECECOORDINATION:0.5066612629610162
CE_MATERIAL:0.4670588707142477
CE_KINGSAFETY:0.48284139239374824
C_PIECESQUARETABLES:0.4748720083503829
C_MOBILITY:0.5621292415107952
C_KINGSAFETY:0.4841667203569384
C_PAWNSTRUCTURE:0.5841590068347986
C_PIECECOORDINATION:0.4917789318843087
C_ROOKANDPAWNMOVEMENT:0.4917789318843087
C_CENTERCONTROL:0.48321606986380233
C_DEVELOPPIECES:0.44861645864410293
C_MATERIAL:0.481732167668637
