ELO:902
CE_PASSEDPAWNS:0.5340334446024934
CE_PAWNWEAKNESSES:0.5006342121759257
CE_PIECEACTIVITY:0.531429076806626
CE_KINGPAWNSHIELD:0.5471185449622186
CE_PIECECOORDINATION:0.5149335304603325
CE_MATERIAL:0.4716801937835105
CE_KINGSAFETY:0.518185209861053
C_PIECESQUARETABLES:0.4913124938807464
C_MOBILITY:0.5014796272140831
C_KINGSAFETY:0.4883779062053706
C_PAWNSTRUCTURE:0.5156932481806358
C_PIECECOORDINATION:0.49815645220622173
C_ROOKANDPAWNMOVEMENT:0.49815645220622173
C_CENTERCONTROL:0.4764627557917194
C_DEVELOPPIECES:0.5012037523762822
C_MATERIAL:0.4556573813460613
