ELO:1116
CE_PASSEDPAWNS:0.43708844973804234
CE_PAWNWEAKNESSES:0.5942385255537602
CE_PIECEACTIVITY:0.5776964788900656
CE_KINGPAWNSHIELD:0.4057075437141317
CE_PIECECOORDINATION:0.5400044314085105
CE_MATERIAL:0.458410601374579
CE_KINGSAFETY:0.508883078780008
C_PIECESQUARETABLES:0.5
C_MOBILITY:0.5335361914694342
C_KINGSAFETY:0.6009543595079152
C_PAWNSTRUCTURE:0.4417501100211813
C_PIECECOORDINATION:0.36062421724656424
C_ROOKANDPAWNMOVEMENT:0.36062421724656424
C_CENTERCONTROL:0.4971758326519334
C_DEVELOPPIECES:0.5635117809821779
C_MATERIAL:0.40591660217104997
