ELO:1036
CE_PASSEDPAWNS:0.4687804866913704
CE_PAWNWEAKNESSES:0.5
CE_PIECEACTIVITY:0.5
CE_KINGPAWNSHIELD:0.44163490662974564
CE_PIECECOORDINATION:0.5028021904293126
CE_MATERIAL:0.4695575801088799
CE_KINGSAFETY:0.4807459354356822
C_PIECESQUARETABLES:0.5
C_MOBILITY:0.4785396404197558
C_KINGSAFETY:0.5127707603081265
C_PAWNSTRUCTURE:0.5032179713012929
C_PIECECOORDINATION:0.5
C_ROOKANDPAWNMOVEMENT:0.5
C_CENTERCONTROL:0.5036339292514015
C_DEVELOPPIECES:0.49195625245756447
C_MATERIAL:0.5
C_MOVECOUNT:0.5
