ELO:1040
CE_PASSEDPAWNS:0.4399947096678589
CE_PAWNWEAKNESSES:0.4455527794203253
CE_PIECEACTIVITY:0.5726281852453267
CE_KINGPAWNSHIELD:0.5288522173954916
CE_PIECECOORDINATION:0.4465675283574638
CE_MATERIAL:0.3992198182803237
CE_KINGSAFETY:0.48666627813683955
C_PIECESQUARETABLES:0.522456814632134
C_MOBILITY:0.5186449366556241
C_KINGSAFETY:0.5290081069568766
C_PAWNSTRUCTURE:0.5581039943870144
C_PIECECOORDINATION:0.42354063397239355
C_ROOKANDPAWNMOVEMENT:0.42354063397239355
C_CENTERCONTROL:0.4989855812438339
C_DEVELOPPIECES:0.5084575623326489
C_MATERIAL:0.4335732323550806
