ELO:1000
CE_PASSEDPAWNS:0.45248612911613606
CE_PAWNWEAKNESSES:0.4869289690671807
CE_PIECEACTIVITY:0.5109505051913172
CE_KINGPAWNSHIELD:0.4597613019727582
CE_PIECECOORDINATION:0.5004136862111728
CE_MATERIAL:0.5417871602148512
CE_KINGSAFETY:0.5162988618987487
C_PIECESQUARETABLES:0.49938753396686275
C_MOBILITY:0.48803221203508884
C_KINGSAFETY:0.5122893685966103
C_PAWNSTRUCTURE:0.4953129279929267
C_PIECECOORDINATION:0.555640414968648
C_ROOKANDPAWNMOVEMENT:0.555640414968648
C_CENTERCONTROL:0.5101237103807381
C_DEVELOPPIECES:0.5019661378986766
C_MATERIAL:0.5223834238447327
