ELO:988
CE_PASSEDPAWNS:0.5156839845540195
CE_PAWNWEAKNESSES:0.44542974891888637
CE_PIECEACTIVITY:0.523195298304654
CE_KINGPAWNSHIELD:0.5599465954910741
CE_PIECECOORDINATION:0.5138962178399454
CE_MATERIAL:0.5125313430690898
CE_KINGSAFETY:0.5
C_PIECESQUARETABLES:0.4959373704136032
C_MOBILITY:0.580479941274235
C_KINGSAFETY:0.5152186451969412
C_PAWNSTRUCTURE:0.4983872358225049
C_PIECECOORDINATION:0.543378553846701
C_ROOKANDPAWNMOVEMENT:0.543378553846701
C_CENTERCONTROL:0.4234913215287387
C_DEVELOPPIECES:0.5933423053266473
C_MATERIAL:0.6804169176712044
