ELO:674
CE_PASSEDPAWNS:0.41005136234621453
CE_PAWNWEAKNESSES:0.4624884047848909
CE_PIECEACTIVITY:0.5062171657568696
CE_KINGPAWNSHIELD:0.4708720688750501
CE_PIECECOORDINATION:0.49483688597967246
CE_MATERIAL:0.4637437297874036
CE_KINGSAFETY:0.47630116516530097
C_PIECESQUARETABLES:0.5092586431026561
C_MOBILITY:0.46402999674979817
C_KINGSAFETY:0.42467973472284876
C_PAWNSTRUCTURE:0.5127608757533514
C_PIECECOORDINATION:0.47810432458040597
C_ROOKANDPAWNMOVEMENT:0.47810432458040597
C_CENTERCONTROL:0.46483489696059954
C_DEVELOPPIECES:0.5208600396860951
C_MATERIAL:0.5457501087923649
C_MOVECOUNT:0.5339587155052975
