ELO:867
CE_PASSEDPAWNS:0.5011928043111813
CE_PAWNWEAKNESSES:0.4313576121263652
CE_PIECEACTIVITY:0.44109787521930055
CE_KINGPAWNSHIELD:0.4243778923598189
CE_PIECECOORDINATION:0.416979336913184
CE_MATERIAL:0.4418317616988731
CE_KINGSAFETY:0.4943602912461094
C_PIECESQUARETABLES:0.5174339392612688
C_MOBILITY:0.44536719571089645
C_KINGSAFETY:0.5729180937118813
C_PAWNSTRUCTURE:0.4312645764399931
C_PIECECOORDINATION:0.5472646770447063
C_ROOKANDPAWNMOVEMENT:0.5472646770447063
C_CENTERCONTROL:0.5267862456187364
C_DEVELOPPIECES:0.49698753506216164
C_MATERIAL:0.5594540804932336
