ELO:970
CE_PASSEDPAWNS:0.4800697862518942
CE_PAWNWEAKNESSES:0.4992649233310072
CE_PIECEACTIVITY:0.5119647866512208
CE_KINGPAWNSHIELD:0.5086175540862033
CE_PIECECOORDINATION:0.4940534317388652
CE_MATERIAL:0.49982090509300336
CE_KINGSAFETY:0.49746498987206206
C_PIECESQUARETABLES:0.5046400682124496
C_MOBILITY:0.49166638377709365
C_KINGSAFETY:0.48739880293951865
C_PAWNSTRUCTURE:0.4974517121745734
C_PIECECOORDINATION:0.49479973966478813
C_ROOK:0.5276520564445295
CE_ROOK:0.49933417347414577
C_CENTERCONTROL:0.5021734674947166
C_DEVELOPPIECES:0.5138568057305081
C_MATERIAL:0.51397416366321
C_MOVECOUNT:0.5106804658015422
C_PAWNMOVEMENT:0.49126259975579256
