ELO:975
CE_PASSEDPAWNS:0.4670659290781482
CE_PAWNWEAKNESSES:0.4989743826476497
CE_PIECEACTIVITY:0.49882589777991626
CE_KINGPAWNSHIELD:0.5018964555622304
CE_PIECECOORDINATION:0.5077816861209693
CE_MATERIAL:0.48845658789776925
CE_KINGSAFETY:0.5
C_PIECESQUARETABLES:0.5
C_MOBILITY:0.5272687610218613
C_KINGSAFETY:0.5236040780285054
C_PAWNSTRUCTURE:0.4481672411971807
C_PIECECOORDINATION:0.4534040265977296
C_ROOKANDPAWNMOVEMENT:0.4534040265977296
C_CENTERCONTROL:0.5561952750621797
C_DEVELOPPIECES:0.47262760457633274
C_MATERIAL:0.5
C_MOVECOUNT:0.5
