ELO:998
CE_PASSEDPAWNS:0.49598954987429467
CE_PAWNWEAKNESSES:0.5
CE_PIECEACTIVITY:0.5016894746773598
CE_KINGPAWNSHIELD:0.5056933382415276
CE_PIECECOORDINATION:0.4924366402962079
CE_MATERIAL:0.5
CE_KINGSAFETY:0.49449103766671537
C_PIECESQUARETABLES:0.5
C_MOBILITY:0.4862896499515842
C_KINGSAFETY:0.4939605659121327
C_PAWNSTRUCTURE:0.5132881835447827
C_PIECECOORDINATION:0.5
C_ROOKANDPAWNMOVEMENT:0.5
C_CENTERCONTROL:0.5
C_DEVELOPPIECES:0.5
C_MATERIAL:0.48976989965684303
C_MOVECOUNT:0.49702684986875856
