ELO:976
CE_PASSEDPAWNS:0.5097988127418025
CE_PAWNWEAKNESSES:0.5103252105463453
CE_PIECEACTIVITY:0.47929665818223616
CE_KINGPAWNSHIELD:0.5120895915940301
CE_PIECECOORDINATION:0.5004642780698839
CE_MATERIAL:0.4877440976891171
CE_KINGSAFETY:0.49948071872258976
C_PIECESQUARETABLES:0.5
C_MOBILITY:0.5110954240726427
C_KINGSAFETY:0.5
C_PAWNSTRUCTURE:0.4992485349077637
C_PIECECOORDINATION:0.4748658283309402
C_ROOK:0.5284093338803235
CE_ROOK:0.5109169950476355
C_CENTERCONTROL:0.5011460500882173
C_DEVELOPPIECES:0.5007131059096345
C_MATERIAL:0.5035463926620569
C_MOVECOUNT:0.5088554399913235
C_PAWNMOVEMENT:0.501106579782028
