ELO:1000
CE_PASSEDPAWNS:0.5149633868715919
CE_PAWNWEAKNESSES:0.4802475352237614
CE_PIECEACTIVITY:0.491898625892192
CE_KINGPAWNSHIELD:0.543857063566491
CE_PIECECOORDINATION:0.45161403757530477
CE_MATERIAL:0.5102174850308135
CE_KINGSAFETY:0.527704748966558
C_PIECESQUARETABLES:0.441458294896358
C_MOBILITY:0.49690835844842657
C_KINGSAFETY:0.4933763153621598
C_PAWNSTRUCTURE:0.523718618605717
C_PIECECOORDINATION:0.5020122253740537
C_ROOKANDPAWNMOVEMENT:0.5020122253740537
C_CENTERCONTROL:0.4897475621627766
C_DEVELOPPIECES:0.5424644955857295
C_MATERIAL:0.5612913551350077
