ELO:1121
CE_PASSEDPAWNS:0.4491193128316436
CE_PAWNWEAKNESSES:0.44204098613131365
CE_PIECEACTIVITY:0.47707812532962285
CE_KINGPAWNSHIELD:0.4272491688507241
CE_PIECECOORDINATION:0.4836209062172798
CE_MATERIAL:0.4481150730243919
CE_KINGSAFETY:0.5
C_PIECESQUARETABLES:0.5038754144201855
C_MOBILITY:0.4049056939782307
C_KINGSAFETY:0.31211272582636257
C_PAWNSTRUCTURE:0.4481156450119136
C_PIECECOORDINATION:0.48430233874975176
C_ROOKANDPAWNMOVEMENT:0.48430233874975176
C_CENTERCONTROL:0.5952310041286624
C_DEVELOPPIECES:0.5034004472324135
C_MATERIAL:0.37558532596105365
