ELO:949
CE_PASSEDPAWNS:0.52204195478051
CE_PAWNWEAKNESSES:0.5076084314051336
CE_PIECEACTIVITY:0.493743373884399
CE_KINGPAWNSHIELD:0.486401954181681
CE_PIECECOORDINATION:0.4786760930115057
CE_MATERIAL:0.4880215011333142
CE_KINGSAFETY:0.5
C_PIECESQUARETABLES:0.5001631173093678
C_MOBILITY:0.5100286566188953
C_KINGSAFETY:0.4962587101054807
C_PAWNSTRUCTURE:0.5093352469498365
C_PIECECOORDINATION:0.4926801823952735
C_ROOK:0.5259215927781539
CE_ROOK:0.528891199262759
C_CENTERCONTROL:0.5506353787090998
C_DEVELOPPIECES:0.5198942647321411
C_MATERIAL:0.5060477056286129
C_MOVECOUNT:0.4777119532255566
C_PAWNMOVEMENT:0.5089961374935768
