ELO:975
CE_PASSEDPAWNS:0.4771764728982812
CE_PAWNWEAKNESSES:0.5296175447759564
CE_PIECEACTIVITY:0.4207468982131723
CE_KINGPAWNSHIELD:0.5173162897456766
CE_PIECECOORDINATION:0.5536314066615855
CE_MATERIAL:0.4204702142371954
CE_KINGSAFETY:0.4899668948303321
C_PIECESQUARETABLES:0.4931077178019928
C_MOBILITY:0.43870737464217463
C_KINGSAFETY:0.5199415909660269
C_PAWNSTRUCTURE:0.5006281247243053
C_PIECECOORDINATION:0.3767691973221419
C_ROOKANDPAWNMOVEMENT:0.3767691973221419
C_CENTERCONTROL:0.4286555006013701
C_DEVELOPPIECES:0.527192684093862
C_MATERIAL:0.5558493216411311
