ELO:1018
CE_PASSEDPAWNS:0.4157730840768304
CE_PAWNWEAKNESSES:0.5484228086171978
CE_PIECEACTIVITY:0.5761175159620059
CE_KINGPAWNSHIELD:0.5011573943464273
CE_PIECECOORDINATION:0.4565693900963796
CE_MATERIAL:0.5153725110429399
CE_KINGSAFETY:0.4979454166229473
C_PIECESQUARETABLES:0.5141400287762088
C_MOBILITY:0.4231300383389296
C_KINGSAFETY:0.4317713944751946
C_PAWNSTRUCTURE:0.543366854405551
C_PIECECOORDINATION:0.49239646788531266
C_ROOKANDPAWNMOVEMENT:0.49239646788531266
C_CENTERCONTROL:0.4910158207041803
C_DEVELOPPIECES:0.4910289348441875
C_MATERIAL:0.5031448624607238
