ELO:997
CE_PASSEDPAWNS:0.516534325350643
CE_PAWNWEAKNESSES:0.5
CE_PIECEACTIVITY:0.4894643103322626
CE_KINGPAWNSHIELD:0.5
CE_PIECECOORDINATION:0.49468863208570935
CE_MATERIAL:0.5191519713140464
CE_KINGSAFETY:0.5
C_PIECESQUARETABLES:0.5
C_MOBILITY:0.494798738223098
C_KINGSAFETY:0.5069509357422537
C_PAWNSTRUCTURE:0.5025008803462909
C_PIECECOORDINATION:0.49692746661283477
C_ROOK:0.5
CE_ROOK:0.5
C_CENTERCONTROL:0.5
C_DEVELOPPIECES:0.5
C_MATERIAL:0.5
C_MOVECOUNT:0.5
C_PAWNMOVEMENT:0.5
