ELO:925
CE_PASSEDPAWNS:0.520727251219172
CE_PAWNWEAKNESSES:0.5036335769211846
CE_PIECEACTIVITY:0.4794405068260129
CE_KINGPAWNSHIELD:0.4708284547411623
CE_PIECECOORDINATION:0.5075871585791869
CE_MATERIAL:0.4740133993793702
CE_KINGSAFETY:0.5117387455697514
C_PIECESQUARETABLES:0.5
C_MOBILITY:0.4987366518353295
C_KINGSAFETY:0.4819561968281932
C_PAWNSTRUCTURE:0.49258496615773173
C_PIECECOORDINATION:0.5282030399725477
C_ROOK:0.54060102315247
CE_ROOK:0.5410163752866121
C_CENTERCONTROL:0.542169964823787
C_DEVELOPPIECES:0.5289392079592202
C_MATERIAL:0.5161000198278665
C_MOVECOUNT:0.5026331398247512
C_PAWNMOVEMENT:0.5311137351164543
