ELO:998
CE_PASSEDPAWNS:0.5076480788626411
CE_PAWNWEAKNESSES:0.5055576406858936
CE_PIECEACTIVITY:0.5
CE_KINGPAWNSHIELD:0.5115982486772949
CE_PIECECOORDINATION:0.5102921686112474
CE_MATERIAL:0.5062185993409208
CE_KINGSAFETY:0.489689358536108
C_PIECESQUARETABLES:0.48419153779842933
C_MOBILITY:0.4943183409660368
C_KINGSAFETY:0.5054195255392099
C_PAWNSTRUCTURE:0.5093333537650702
C_PIECECOORDINATION:0.5170307976425689
C_ROOK:0.5048597221330103
CE_ROOK:0.5181877730691845
C_CENTERCONTROL:0.4981743011748567
C_DEVELOPPIECES:0.5
C_MATERIAL:0.4984270064607135
C_MOVECOUNT:0.5093858885812897
C_PAWNMOVEMENT:0.5048239263738398
