ELO:957
CE_PASSEDPAWNS:0.515226749524928
CE_PAWNWEAKNESSES:0.49449766402284656
CE_PIECEACTIVITY:0.5077010764371415
CE_KINGPAWNSHIELD:0.5199481540910657
CE_PIECECOORDINATION:0.5033854020267143
CE_MATERIAL:0.48758863930205476
CE_KINGSAFETY:0.5091747343621232
C_PIECESQUARETABLES:0.48262063676639827
C_MOBILITY:0.48276388141764326
C_KINGSAFETY:0.5238300935792092
C_PAWNSTRUCTURE:0.48722243251808023
C_PIECECOORDINATION:0.5026374014805758
C_ROOKANDPAWNMOVEMENT:0.5026374014805758
C_CENTERCONTROL:0.5160789715121756
C_DEVELOPPIECES:0.4780200571312204
C_MATERIAL:0.4989793070647302
C_MOVECOUNT:0.5
