ELO:990
CE_PASSEDPAWNS:0.47093049646905233
CE_PAWNWEAKNESSES:0.5143909381537279
CE_PIECEACTIVITY:0.4989985968121651
CE_KINGPAWNSHIELD:0.4835208993036305
CE_PIECECOORDINATION:0.5035095913677814
CE_MATERIAL:0.5
CE_KINGSAFETY:0.5166521612144664
C_PIECESQUARETABLES:0.49472757297332803
C_MOBILITY:0.5012082320814801
C_KINGSAFETY:0.5016416282605828
C_PAWNSTRUCTURE:0.4939224844568478
C_PIECECOORDINATION:0.49281980448821083
C_ROOKANDPAWNMOVEMENT:0.49281980448821083
C_CENTERCONTROL:0.47467901412137575
C_DEVELOPPIECES:0.4946681577887573
C_MATERIAL:0.49546251138159536
C_MOVECOUNT:0.5
