ELO:1000
CE_PASSEDPAWNS:0.5097988127418025
CE_PAWNWEAKNESSES:0.5103252105463453
CE_PIECEACTIVITY:0.48618889267763254
CE_KINGPAWNSHIELD:0.5120895915940301
CE_PIECECOORDINATION:0.5004642780698839
CE_MATERIAL:0.4877440976891171
CE_KINGSAFETY:0.5
C_PIECESQUARETABLES:0.5
C_MOBILITY:0.5125184714572977
C_KINGSAFETY:0.5
C_PAWNSTRUCTURE:0.490280506744311
C_PIECECOORDINATION:0.4694136767038886
C_ROOK:0.5160468974137653
CE_ROOK:0.5088700327910456
C_CENTERCONTROL:0.5011460500882173
C_DEVELOPPIECES:0.5007131059096345
C_MATERIAL:0.5029412169227189
C_MOVECOUNT:0.5088554399913235
C_PAWNMOVEMENT:0.4977866889141346
