ELO:914
CE_PASSEDPAWNS:0.565065839043401
CE_PAWNWEAKNESSES:0.5820814442560913
CE_PIECEACTIVITY:0.4370553385466033
CE_KINGPAWNSHIELD:0.5404332914065353
CE_PIECECOORDINATION:0.40757419439503806
CE_MATERIAL:0.4713350123344513
CE_KINGSAFETY:0.5042925897276523
C_PIECESQUARETABLES:0.5370214838332056
C_MOBILITY:0.593887831623206
C_KINGSAFETY:0.4792300244543639
C_PAWNSTRUCTURE:0.4664423094568881
C_PIECECOORDINATION:0.42674791193730954
C_ROOKANDPAWNMOVEMENT:0.42674791193730954
C_CENTERCONTROL:0.4727053705179517
C_DEVELOPPIECES:0.6496827031140204
C_MATERIAL:0.5144032005775913
