ELO:909
CE_PASSEDPAWNS:0.49987583229779997
CE_PAWNWEAKNESSES:0.47170944530611303
CE_PIECEACTIVITY:0.49692960060414487
CE_KINGPAWNSHIELD:0.4570052061015139
CE_PIECECOORDINATION:0.4937259056177772
CE_MATERIAL:0.4651952128415235
CE_KINGSAFETY:0.5
C_PIECESQUARETABLES:0.5
C_MOBILITY:0.43747481048862846
C_KINGSAFETY:0.5005717230920355
C_PAWNSTRUCTURE:0.4481672411971807
C_PIECECOORDINATION:0.49618954204505694
C_ROOKANDPAWNMOVEMENT:0.49618954204505694
C_CENTERCONTROL:0.49482047897540476
C_DEVELOPPIECES:0.520991867455096
C_MATERIAL:0.5050360235465934
C_MOVECOUNT:0.5
