ELO:999
CE_PASSEDPAWNS:0.5310267797430115
CE_PAWNWEAKNESSES:0.5509717310593372
CE_PIECEACTIVITY:0.47046044527366065
CE_KINGPAWNSHIELD:0.5521172984186727
CE_PIECECOORDINATION:0.417845342281003
CE_MATERIAL:0.459324769451448
CE_KINGSAFETY:0.5
C_PIECESQUARETABLES:0.5
C_MOBILITY:0.5314256330938417
C_KINGSAFETY:0.4672212064644296
C_PAWNSTRUCTURE:0.5068353937286153
C_PIECECOORDINATION:0.45788395787021474
C_ROOKANDPAWNMOVEMENT:0.45788395787021474
C_CENTERCONTROL:0.46577554491421763
C_DEVELOPPIECES:0.5462794837720764
C_MATERIAL:0.485966873898211
