ELO:929
CE_PASSEDPAWNS:0.5119001130643117
CE_PAWNWEAKNESSES:0.49812858293297946
CE_PIECEACTIVITY:0.4816062887831418
CE_KINGPAWNSHIELD:0.49657931189092813
CE_PIECECOORDINATION:0.5010818191785126
CE_MATERIAL:0.495242646554378
CE_KINGSAFETY:0.49469596046376896
C_PIECESQUARETABLES:0.4971692506566764
C_MOBILITY:0.4807575647315601
C_KINGSAFETY:0.5359348339642985
C_PAWNSTRUCTURE:0.4767572540885273
C_PIECECOORDINATION:0.509369791625105
C_ROOKANDPAWNMOVEMENT:0.509369791625105
C_CENTERCONTROL:0.5046066399030599
C_DEVELOPPIECES:0.5119602300476103
C_MATERIAL:0.5079612412332045
C_MOVECOUNT:0.5
