ELO:944
CE_PASSEDPAWNS:0.5655863409275678
CE_PAWNWEAKNESSES:0.5904228136045356
CE_PIECEACTIVITY:0.4370553385466033
CE_KINGPAWNSHIELD:0.527222251829326
CE_PIECECOORDINATION:0.425429868936617
CE_MATERIAL:0.4713350123344513
CE_KINGSAFETY:0.49443057721285166
C_PIECESQUARETABLES:0.5268721871503675
C_MOBILITY:0.5822860203643546
C_KINGSAFETY:0.4830063437995057
C_PAWNSTRUCTURE:0.4771230929726745
C_PIECECOORDINATION:0.4221623291853542
C_ROOKANDPAWNMOVEMENT:0.4221623291853542
C_CENTERCONTROL:0.4748261321575042
C_DEVELOPPIECES:0.6416636572113938
C_MATERIAL:0.5243063648723741
