ELO:982
CE_PASSEDPAWNS:0.5788712787169354
CE_PAWNWEAKNESSES:0.5312405321319169
CE_PIECEACTIVITY:0.520269533894445
CE_KINGPAWNSHIELD:0.4421222922629271
CE_PIECECOORDINATION:0.43697226921752214
CE_MATERIAL:0.5576211995696057
CE_KINGSAFETY:0.5583740850528591
C_PIECESQUARETABLES:0.5
C_MOBILITY:0.5162592144224107
C_KINGSAFETY:0.42956262716998794
C_PAWNSTRUCTURE:0.5057558698361866
C_PIECECOORDINATION:0.5556856238484833
C_ROOKANDPAWNMOVEMENT:0.5556856238484833
C_CENTERCONTROL:0.47861697439238793
C_DEVELOPPIECES:0.3904251151534421
C_MATERIAL:0.662347045446759
