ELO:970
CE_PASSEDPAWNS:0.5305117950177924
CE_PAWNWEAKNESSES:0.5356259685409723
CE_PIECEACTIVITY:0.45054308581695296
CE_KINGPAWNSHIELD:0.5558043576237485
CE_PIECECOORDINATION:0.43565495758550754
CE_MATERIAL:0.47559217334543596
CE_KINGSAFETY:0.48856183890153126
C_PIECESQUARETABLES:0.48999978902589775
C_MOBILITY:0.5330475369636021
C_KINGSAFETY:0.4844465108130061
C_PAWNSTRUCTURE:0.5064012143740511
C_PIECECOORDINATION:0.4539304993620743
C_ROOKANDPAWNMOVEMENT:0.4539304993620743
C_CENTERCONTROL:0.44935876509213213
C_DEVELOPPIECES:0.5708398868156604
C_MATERIAL:0.49380237260073545
