ELO:1000
CE_PASSEDPAWNS:0.5424990877356485
CE_PAWNWEAKNESSES:0.4595703232339931
CE_PIECEACTIVITY:0.526899440970704
CE_KINGPAWNSHIELD:0.5462037391783567
CE_PIECECOORDINATION:0.4167826594578901
CE_MATERIAL:0.47546879275075926
CE_KINGSAFETY:0.5084337851936773
C_PIECESQUARETABLES:0.4959719787484985
C_MOBILITY:0.5170016932195011
C_KINGSAFETY:0.5067839449765663
C_PAWNSTRUCTURE:0.4904666621744914
C_PIECECOORDINATION:0.4594550120881842
C_ROOKANDPAWNMOVEMENT:0.4594550120881842
C_CENTERCONTROL:0.49996078036368663
C_DEVELOPPIECES:0.5776948849652972
C_MATERIAL:0.5262682847680533
