ELO:959
CE_PASSEDPAWNS:0.5539101390647913
CE_PAWNWEAKNESSES:0.569014236611002
CE_PIECEACTIVITY:0.44033188457824407
CE_KINGPAWNSHIELD:0.5419562615943307
CE_PIECECOORDINATION:0.4222991784953802
CE_MATERIAL:0.43222415031206096
CE_KINGSAFETY:0.490739260309704
C_PIECESQUARETABLES:0.489883324894507
C_MOBILITY:0.5631344196784278
C_KINGSAFETY:0.4897950408539775
C_PAWNSTRUCTURE:0.487993978743131
C_PIECECOORDINATION:0.4400614736831982
C_ROOKANDPAWNMOVEMENT:0.4400614736831982
C_CENTERCONTROL:0.47892606446065733
C_DEVELOPPIECES:0.5953599879285902
C_MATERIAL:0.49580944938220595
