ELO:946
CE_PASSEDPAWNS:0.46903229503094696
CE_PAWNWEAKNESSES:0.5331402839412568
CE_PIECEACTIVITY:0.41313828056984025
CE_KINGPAWNSHIELD:0.4848284457756522
CE_PIECECOORDINATION:0.5770733723817604
CE_MATERIAL:0.41642201586215877
CE_KINGSAFETY:0.49912069093035616
C_PIECESQUARETABLES:0.512887575061011
C_MOBILITY:0.5354281489142504
C_KINGSAFETY:0.5310456104054534
C_PAWNSTRUCTURE:0.5138895263400463
C_PIECECOORDINATION:0.4075689716669836
C_ROOKANDPAWNMOVEMENT:0.4075689716669836
C_CENTERCONTROL:0.4442157277343481
C_DEVELOPPIECES:0.40188025461995447
C_MATERIAL:0.634843150880265
