ELO:877
CE_PASSEDPAWNS:0.4828460785842749
CE_PAWNWEAKNESSES:0.5350310061289466
CE_PIECEACTIVITY:0.5051761398848272
CE_KINGPAWNSHIELD:0.4701616765107044
CE_PIECECOORDINATION:0.5088445757781788
CE_MATERIAL:0.5254956346563443
CE_KINGSAFETY:0.5235223846720484
C_PIECESQUARETABLES:0.4777579891009467
C_MOBILITY:0.43608850240059915
C_KINGSAFETY:0.4529906052655599
C_PAWNSTRUCTURE:0.5163209719008677
C_PIECECOORDINATION:0.48543735698058427
C_ROOKANDPAWNMOVEMENT:0.48543735698058427
C_CENTERCONTROL:0.5147028657757963
C_DEVELOPPIECES:0.4995167236774855
C_MATERIAL:0.516446275172226
C_MOVECOUNT:0.5
