ELO:1126
CE_PASSEDPAWNS:0.5955037066111589
CE_PAWNWEAKNESSES:0.4800719337683516
CE_PIECEACTIVITY:0.47137698889919377
CE_KINGPAWNSHIELD:0.4718261729445996
CE_PIECECOORDINATION:0.5449900128502336
CE_MATERIAL:0.3963786524687434
CE_KINGSAFETY:0.49005559971451434
C_PIECESQUARETABLES:0.5152242733197007
C_MOBILITY:0.5335361914694342
C_KINGSAFETY:0.6097587867765173
C_PAWNSTRUCTURE:0.4627040053674295
C_PIECECOORDINATION:0.4844571404037182
C_ROOKANDPAWNMOVEMENT:0.4844571404037182
C_CENTERCONTROL:0.5916556751746048
C_DEVELOPPIECES:0.464302331748555
C_MATERIAL:0.3727880477212522
