ELO:1000
CE_PASSEDPAWNS:0.5329235150223076
CE_PAWNWEAKNESSES:0.46864035359290235
CE_PIECEACTIVITY:0.5016823950173246
CE_KINGPAWNSHIELD:0.5323502715330358
CE_PIECECOORDINATION:0.45726335002123814
CE_MATERIAL:0.5153628320666443
CE_KINGSAFETY:0.5243505985132024
C_PIECESQUARETABLES:0.42502729329129324
C_MOBILITY:0.5014113842990644
C_KINGSAFETY:0.4920854406719319
C_PAWNSTRUCTURE:0.5286661843820951
C_PIECECOORDINATION:0.502351888796811
C_ROOKANDPAWNMOVEMENT:0.502351888796811
C_CENTERCONTROL:0.48920379129549807
C_DEVELOPPIECES:0.5402586440073219
C_MATERIAL:0.5275026743435526
