ELO:1000
CE_PASSEDPAWNS:0.5299748130788704
CE_PAWNWEAKNESSES:0.5433726598217501
CE_PIECEACTIVITY:0.4870254255353498
CE_KINGPAWNSHIELD:0.4744484377200835
CE_PIECECOORDINATION:0.4600350814314595
CE_MATERIAL:0.48308589232712745
CE_KINGSAFETY:0.5159074642157058
C_PIECESQUARETABLES:0.5152879064920463
C_MOBILITY:0.43399644091952916
C_KINGSAFETY:0.4997551658955016
C_PAWNSTRUCTURE:0.5015133061549985
C_PIECECOORDINATION:0.49194358816335837
C_ROOKANDPAWNMOVEMENT:0.49194358816335837
C_CENTERCONTROL:0.4500216906825772
C_DEVELOPPIECES:0.5233267586291989
C_MATERIAL:0.4713618734570863
