ELO:978
CE_PASSEDPAWNS:0.45832254822348567
CE_PAWNWEAKNESSES:0.6281389854785631
CE_PIECEACTIVITY:0.44259589356669843
CE_KINGPAWNSHIELD:0.531446922349917
CE_PIECECOORDINATION:0.5939296148911798
CE_MATERIAL:0.5061029840654949
CE_KINGSAFETY:0.5
C_PIECESQUARETABLES:0.5020476052694186
C_MOBILITY:0.5765547724517667
C_KINGSAFETY:0.3955834748169296
C_PAWNSTRUCTURE:0.40563996337207037
C_PIECECOORDINATION:0.5816814075860856
C_ROOKANDPAWNMOVEMENT:0.5816814075860856
C_CENTERCONTROL:0.39633320841414743
C_DEVELOPPIECES:0.4678115621077499
C_MATERIAL:0.6297152142643776
