ELO:1023
CE_PASSEDPAWNS:0.48132832854001206
CE_PAWNWEAKNESSES:0.5
CE_PIECEACTIVITY:0.4784065075448177
CE_KINGPAWNSHIELD:0.4982457441837247
CE_PIECECOORDINATION:0.4986955278542282
CE_MATERIAL:0.49727034327123626
CE_KINGSAFETY:0.4813820867882702
C_PIECESQUARETABLES:0.5059195980520927
C_MOBILITY:0.4949999851171524
C_KINGSAFETY:0.4925251161298877
C_PAWNSTRUCTURE:0.49688951804691744
C_PIECECOORDINATION:0.4953752329696148
C_ROOKANDPAWNMOVEMENT:0.4953752329696148
C_CENTERCONTROL:0.50986827219927
C_DEVELOPPIECES:0.5
C_MATERIAL:0.507594659990718
