ELO:958
CE_PASSEDPAWNS:0.5251315632559574
CE_PAWNWEAKNESSES:0.5018924178161982
CE_PIECEACTIVITY:0.48885885988512395
CE_KINGPAWNSHIELD:0.4994817859362757
CE_PIECECOORDINATION:0.4794808304266671
CE_MATERIAL:0.477859020755892
CE_KINGSAFETY:0.5090623533150584
C_PIECESQUARETABLES:0.4890182139011998
C_MOBILITY:0.5138535541176787
C_KINGSAFETY:0.4836457959559441
C_PAWNSTRUCTURE:0.4839154498477793
C_PIECECOORDINATION:0.48871540380511874
C_ROOK:0.5199175578863651
CE_ROOK:0.5174011271116578
C_CENTERCONTROL:0.5245263426278726
C_DEVELOPPIECES:0.4785545239762806
C_MATERIAL:0.49515742721055117
C_MOVECOUNT:0.508126601079227
C_PAWNMOVEMENT:0.50621786854217
