ELO:990
CE_PASSEDPAWNS:0.44370442116354736
CE_PAWNWEAKNESSES:0.5057940200771673
CE_PIECEACTIVITY:0.423287365261151
CE_KINGPAWNSHIELD:0.4626250742658605
CE_PIECECOORDINATION:0.5829421919596821
CE_MATERIAL:0.454407444597086
CE_KINGSAFETY:0.474518876689939
C_PIECESQUARETABLES:0.5262021071949596
C_MOBILITY:0.5278922245370181
C_KINGSAFETY:0.6098586348014063
C_PAWNSTRUCTURE:0.5353181784824128
C_PIECECOORDINATION:0.4610366877140287
C_ROOKANDPAWNMOVEMENT:0.4610366877140287
C_CENTERCONTROL:0.46093148227757036
C_DEVELOPPIECES:0.4470707291783417
C_MATERIAL:0.5807529665008355
