ELO:983
CE_PASSEDPAWNS:0.4362983693061146
CE_PAWNWEAKNESSES:0.527746149156144
CE_PIECEACTIVITY:0.4280433321915909
CE_KINGPAWNSHIELD:0.5302395638607803
CE_PIECECOORDINATION:0.5703145390764911
CE_MATERIAL:0.4572728855151205
CE_KINGSAFETY:0.5
C_PIECESQUARETABLES:0.4973597098730796
C_MOBILITY:0.5350650787279848
C_KINGSAFETY:0.5943614534885565
C_PAWNSTRUCTURE:0.5680541873760793
C_PIECECOORDINATION:0.45817016748106637
C_ROOKANDPAWNMOVEMENT:0.45817016748106637
C_CENTERCONTROL:0.47197740505898717
C_DEVELOPPIECES:0.42569830597840513
C_MATERIAL:0.573433191029819
