ELO:1024
CE_PASSEDPAWNS:0.4986471061925154
CE_PAWNWEAKNESSES:0.5490723848967276
CE_PIECEACTIVITY:0.4689625205490459
CE_KINGPAWNSHIELD:0.4875039935840371
CE_PIECECOORDINATION:0.4381251024035369
CE_MATERIAL:0.47876402536182067
CE_KINGSAFETY:0.5231996517749355
C_PIECESQUARETABLES:0.5029695247963261
C_MOBILITY:0.44882033161272544
C_KINGSAFETY:0.5030385113069855
C_PAWNSTRUCTURE:0.49770760238212863
C_PIECECOORDINATION:0.5010375687486175
C_ROOKANDPAWNMOVEMENT:0.5010375687486175
C_CENTERCONTROL:0.4415691433943002
C_DEVELOPPIECES:0.5019798770492263
C_MATERIAL:0.501427232644581
