ELO:965
CE_PASSEDPAWNS:0.5607896621009073
CE_PAWNWEAKNESSES:0.5884962950786984
CE_PIECEACTIVITY:0.4535801577202292
CE_KINGPAWNSHIELD:0.5192972944097075
CE_PIECECOORDINATION:0.4181780996379873
CE_MATERIAL:0.4297097484043368
CE_KINGSAFETY:0.5025129369490731
C_PIECESQUARETABLES:0.5046464952721244
C_MOBILITY:0.5991987873389574
C_KINGSAFETY:0.48757604874247285
C_PAWNSTRUCTURE:0.4688348379075115
C_PIECECOORDINATION:0.4309283590531421
C_ROOKANDPAWNMOVEMENT:0.4309283590531421
C_CENTERCONTROL:0.4788436792322079
C_DEVELOPPIECES:0.5911721737966371
C_MATERIAL:0.49697755179956526
