ELO:1000
CE_PASSEDPAWNS:0.5147738972016502
CE_PAWNWEAKNESSES:0.5448742273120375
CE_PIECEACTIVITY:0.47114782225057833
CE_KINGPAWNSHIELD:0.4745518101181788
CE_PIECECOORDINATION:0.46614705999243417
CE_MATERIAL:0.4773048789679609
CE_KINGSAFETY:0.5020323682840906
C_PIECESQUARETABLES:0.4891281650586116
C_MOBILITY:0.4490255198829849
C_KINGSAFETY:0.4911163312704054
C_PAWNSTRUCTURE:0.4860305723131147
C_PIECECOORDINATION:0.4976363298382757
C_ROOKANDPAWNMOVEMENT:0.4976363298382757
C_CENTERCONTROL:0.459702582343972
C_DEVELOPPIECES:0.5402153129513383
C_MATERIAL:0.4787506693986272
