ELO:990
CE_PASSEDPAWNS:0.5010005396274663
CE_PAWNWEAKNESSES:0.4859951877004072
CE_PIECEACTIVITY:0.47358614339914584
CE_KINGPAWNSHIELD:0.4955911132467904
CE_PIECECOORDINATION:0.5015912350630655
CE_MATERIAL:0.5
CE_KINGSAFETY:0.5
C_PIECESQUARETABLES:0.48830431674981306
C_MOBILITY:0.49916389233526426
C_KINGSAFETY:0.5153547358449808
C_PAWNSTRUCTURE:0.508561725403898
C_PIECECOORDINATION:0.5119552300911202
C_ROOKANDPAWNMOVEMENT:0.5119552300911202
C_CENTERCONTROL:0.464894556107714
C_DEVELOPPIECES:0.491347890160957
C_MATERIAL:0.4732409768886831
C_MOVECOUNT:0.5103985034009009
