ELO:1000
CE_PASSEDPAWNS:0.5694963759572012
CE_PAWNWEAKNESSES:0.533645228590275
CE_PIECEACTIVITY:0.4471154422846494
CE_KINGPAWNSHIELD:0.5037082594789409
CE_PIECECOORDINATION:0.4622803671733977
CE_MATERIAL:0.4863698336615853
CE_KINGSAFETY:0.5299940628145632
C_PIECESQUARETABLES:0.5077567303465891
C_MOBILITY:0.4412149858003531
C_KINGSAFETY:0.46148317803431743
C_PAWNSTRUCTURE:0.45666020325444956
C_PIECECOORDINATION:0.5055899711894611
C_ROOKANDPAWNMOVEMENT:0.5055899711894611
C_CENTERCONTROL:0.41294884157428646
C_DEVELOPPIECES:0.5056620466441039
C_MATERIAL:0.500904265249663
