ELO:1000
CE_PASSEDPAWNS:0.5
CE_PAWNWEAKNESSES:0.5047595145583601
CE_PIECEACTIVITY:0.5
CE_KINGPAWNSHIELD:0.5
CE_PIECECOORDINATION:0.49913931239046705
CE_MATERIAL:0.5
CE_KINGSAFETY:0.5
C_PIECESQUARETABLES:0.4954672509581821
C_MOBILITY:0.5
C_KINGSAFETY:0.5
C_PAWNSTRUCTURE:0.5033688535478477
C_PIECECOORDINATION:0.4969254589716516
C_ROOKANDPAWNMOVEMENT:0.4969254589716516
C_CENTERCONTROL:0.5106641999111532
C_DEVELOPPIECES:0.5
C_MATERIAL:0.5006724413534326
