ELO:948
CE_PASSEDPAWNS:0.5674965288509748
CE_PAWNWEAKNESSES:0.602130770465119
CE_PIECEACTIVITY:0.4381297006320455
CE_KINGPAWNSHIELD:0.5358964127485708
CE_PIECECOORDINATION:0.4325335463605535
CE_MATERIAL:0.4743150087380119
CE_KINGSAFETY:0.4947642982393853
C_PIECESQUARETABLES:0.5137248898183515
C_MOBILITY:0.571725976906489
C_KINGSAFETY:0.47976895141825027
C_PAWNSTRUCTURE:0.45773695890212923
C_PIECECOORDINATION:0.4448401458139485
C_ROOKANDPAWNMOVEMENT:0.4448401458139485
C_CENTERCONTROL:0.4683890244762158
C_DEVELOPPIECES:0.6357500319674174
C_MATERIAL:0.5011876969692954
