ELO:966
CE_PASSEDPAWNS:0.47968827883724807
CE_PAWNWEAKNESSES:0.541521522204575
CE_PIECEACTIVITY:0.40829725038684256
CE_KINGPAWNSHIELD:0.5017752124703602
CE_PIECECOORDINATION:0.5827743793225758
CE_MATERIAL:0.4303166611811032
CE_KINGSAFETY:0.4864682325274827
C_PIECESQUARETABLES:0.49957850739411414
C_MOBILITY:0.5291249164873002
C_KINGSAFETY:0.5280271202924266
C_PAWNSTRUCTURE:0.5056992680703464
C_PIECECOORDINATION:0.39918610258017573
C_ROOKANDPAWNMOVEMENT:0.39918610258017573
C_CENTERCONTROL:0.4128781345236829
C_DEVELOPPIECES:0.3892098631764845
C_MATERIAL:0.634843150880265
