ELO:1000
CE_PASSEDPAWNS:0.5162108553789739
CE_PAWNWEAKNESSES:0.4856766281983399
CE_PIECEACTIVITY:0.470080623524278
CE_KINGPAWNSHIELD:0.5020693338928975
CE_PIECECOORDINATION:0.43651817933724857
CE_MATERIAL:0.49184369663089966
CE_KINGSAFETY:0.5325518186979183
C_PIECESQUARETABLES:0.4607716748588401
C_MOBILITY:0.4604896853305946
C_KINGSAFETY:0.5062540920801644
C_PAWNSTRUCTURE:0.5323390233035271
C_PIECECOORDINATION:0.4788669733547433
C_ROOKANDPAWNMOVEMENT:0.4788669733547433
C_CENTERCONTROL:0.48728219256673067
C_DEVELOPPIECES:0.5257462515593054
C_MATERIAL:0.5442549524279849
