ELO:949
CE_PASSEDPAWNS:0.52204195478051
CE_PAWNWEAKNESSES:0.5076084314051336
CE_PIECEACTIVITY:0.48429069470404174
CE_KINGPAWNSHIELD:0.486401954181681
CE_PIECECOORDINATION:0.4821892662137396
CE_MATERIAL:0.49334087603886556
CE_KINGSAFETY:0.5
C_PIECESQUARETABLES:0.49730083276637727
C_MOBILITY:0.5100286566188953
C_KINGSAFETY:0.4962587101054807
C_PAWNSTRUCTURE:0.5092666243942288
C_PIECECOORDINATION:0.4926801823952735
C_ROOK:0.5259215927781539
CE_ROOK:0.539911030502453
C_CENTERCONTROL:0.5506353787090998
C_DEVELOPPIECES:0.5198942647321411
C_MATERIAL:0.5060477056286129
C_MOVECOUNT:0.4777119532255566
C_PAWNMOVEMENT:0.5089961374935768
