ELO:1003
CE_PASSEDPAWNS:0.43793091540172524
CE_PAWNWEAKNESSES:0.5182697146095472
CE_PIECEACTIVITY:0.4346139018808584
CE_KINGPAWNSHIELD:0.44043367855789123
CE_PIECECOORDINATION:0.5867157553124676
CE_MATERIAL:0.46690987738173484
CE_KINGSAFETY:0.4780204484429165
C_PIECESQUARETABLES:0.5361662010953641
C_MOBILITY:0.529175034105607
C_KINGSAFETY:0.5957382349782054
C_PAWNSTRUCTURE:0.5560599340894793
C_PIECECOORDINATION:0.47850597111215476
C_ROOKANDPAWNMOVEMENT:0.47850597111215476
C_CENTERCONTROL:0.4660225474189871
C_DEVELOPPIECES:0.46181864177122933
C_MATERIAL:0.5807529665008355
