ELO:851
CE_PASSEDPAWNS:0.5275329562965054
CE_PAWNWEAKNESSES:0.5063412444728781
CE_PIECEACTIVITY:0.4769109394996236
CE_KINGPAWNSHIELD:0.4629418977682662
CE_PIECECOORDINATION:0.5138638685372456
CE_MATERIAL:0.4740133993793702
CE_KINGSAFETY:0.5092323744342014
C_PIECESQUARETABLES:0.5127782191377881
C_MOBILITY:0.495764178073766
C_KINGSAFETY:0.4756564402055899
C_PAWNSTRUCTURE:0.48583425719016854
C_PIECECOORDINATION:0.5356510873756143
C_ROOK:0.5398145670451765
CE_ROOK:0.5378956926304375
C_CENTERCONTROL:0.5666330319456584
C_DEVELOPPIECES:0.5263455294901848
C_MATERIAL:0.5246711772651624
C_MOVECOUNT:0.4896580905854337
C_PAWNMOVEMENT:0.5314194972302891
