ELO:982
CE_PASSEDPAWNS:0.49013702053818825
CE_PAWNWEAKNESSES:0.4955091456189074
CE_PIECEACTIVITY:0.4956730612917319
CE_KINGPAWNSHIELD:0.49859017388858407
CE_PIECECOORDINATION:0.47981487622823044
CE_MATERIAL:0.5075459167150181
CE_KINGSAFETY:0.5
C_PIECESQUARETABLES:0.5
C_MOBILITY:0.5066686543022666
C_KINGSAFETY:0.47201758926203125
C_PAWNSTRUCTURE:0.5099998227745023
C_PIECECOORDINATION:0.48041066229420215
C_ROOKANDPAWNMOVEMENT:0.48041066229420215
C_CENTERCONTROL:0.5
C_DEVELOPPIECES:0.4948811046432658
C_MATERIAL:0.5177133903536346
C_MOVECOUNT:0.48880915475449
