ELO:962
CE_PASSEDPAWNS:0.48701044025037915
CE_PAWNWEAKNESSES:0.4637143877086759
CE_PIECEACTIVITY:0.5132394228977573
CE_KINGPAWNSHIELD:0.5039398357244769
CE_PIECECOORDINATION:0.48989974345629467
CE_MATERIAL:0.5395028305424883
CE_KINGSAFETY:0.5
C_PIECESQUARETABLES:0.5
C_MOBILITY:0.5503935476472192
C_KINGSAFETY:0.4981080962150639
C_PAWNSTRUCTURE:0.47535243507655806
C_PIECECOORDINATION:0.5023106483287432
C_ROOKANDPAWNMOVEMENT:0.5023106483287432
C_CENTERCONTROL:0.449375091062268
C_DEVELOPPIECES:0.5
C_MATERIAL:0.528619403827674
C_MOVECOUNT:0.5
