ELO:913
CE_PASSEDPAWNS:0.4513973490217699
CE_PAWNWEAKNESSES:0.5141740275466572
CE_PIECEACTIVITY:0.503140908364783
CE_KINGPAWNSHIELD:0.46619943082609877
CE_PIECECOORDINATION:0.4921430552622138
CE_MATERIAL:0.5095732587633124
CE_KINGSAFETY:0.5321171965698068
C_PIECESQUARETABLES:0.48586571225752206
C_MOBILITY:0.6060977000463887
C_KINGSAFETY:0.5410029507774126
C_PAWNSTRUCTURE:0.4460378159533583
C_PIECECOORDINATION:0.6520257371937229
C_ROOKANDPAWNMOVEMENT:0.6520257371937229
C_CENTERCONTROL:0.5508496361703824
C_DEVELOPPIECES:0.4994831421388224
C_MATERIAL:0.5509231867198915
