ELO:1001
CE_PASSEDPAWNS:0.5093590089971242
CE_PAWNWEAKNESSES:0.49495275089713897
CE_PIECEACTIVITY:0.5368534360709325
CE_KINGPAWNSHIELD:0.4800171152234703
CE_PIECECOORDINATION:0.4809840304051566
CE_MATERIAL:0.5054748389307295
CE_KINGSAFETY:0.5156026848254233
C_PIECESQUARETABLES:0.4927076914049637
C_MOBILITY:0.5073578257522291
C_KINGSAFETY:0.5180847446070246
C_PAWNSTRUCTURE:0.4867462246387611
C_PIECECOORDINATION:0.5221632673959878
C_ROOK:0.49775872709381
CE_ROOK:0.5127684299896085
C_CENTERCONTROL:0.49205053249324765
C_DEVELOPPIECES:0.4952450862210847
C_MATERIAL:0.5052133880065938
C_MOVECOUNT:0.4962959414489446
C_PAWNMOVEMENT:0.48272031750389344
