ELO:983
CE_PASSEDPAWNS:0.5074168538676883
CE_PAWNWEAKNESSES:0.5272663951812943
CE_PIECEACTIVITY:0.5014005944444866
CE_KINGPAWNSHIELD:0.5161872642744055
CE_PIECECOORDINATION:0.499287763364592
CE_MATERIAL:0.4818681130512368
CE_KINGSAFETY:0.4970867654142908
C_PIECESQUARETABLES:0.4880700194098886
C_MOBILITY:0.4833719974843013
C_KINGSAFETY:0.5210784768123111
C_PAWNSTRUCTURE:0.48588834898573274
C_PIECECOORDINATION:0.5089301986398277
C_ROOK:0.5
CE_ROOK:0.5
C_CENTERCONTROL:0.5007814732208759
C_DEVELOPPIECES:0.5026796649013096
C_MATERIAL:0.49590868383814674
C_MOVECOUNT:0.5243777834050506
C_PAWNMOVEMENT:0.5
