ELO:985
CE_PASSEDPAWNS:0.4767300521098813
CE_PAWNWEAKNESSES:0.5371436098264274
CE_PIECEACTIVITY:0.5037244796444504
CE_KINGPAWNSHIELD:0.4538618573792531
CE_PIECECOORDINATION:0.5046229689317767
CE_MATERIAL:0.5400186128211114
CE_KINGSAFETY:0.46897666665713555
C_PIECESQUARETABLES:0.49338010400661897
C_MOBILITY:0.5706727923011916
C_KINGSAFETY:0.5417317373023114
C_PAWNSTRUCTURE:0.44036819079596196
C_PIECECOORDINATION:0.6487272185819049
C_ROOKANDPAWNMOVEMENT:0.6487272185819049
C_CENTERCONTROL:0.5290053722757397
C_DEVELOPPIECES:0.46555810896022126
C_MATERIAL:0.5225914209924887
