ELO:1000
CE_PASSEDPAWNS:0.4681367214123476
CE_PAWNWEAKNESSES:0.48861965078712
CE_PIECEACTIVITY:0.5054237388287258
CE_KINGPAWNSHIELD:0.5086987926243172
CE_PIECECOORDINATION:0.5086616748337854
CE_MATERIAL:0.5103248533674404
CE_KINGSAFETY:0.4814715289491618
C_PIECESQUARETABLES:0.49257463671257623
C_MOBILITY:0.4982700762689481
C_KINGSAFETY:0.4976650586934018
C_PAWNSTRUCTURE:0.5292445133657897
C_PIECECOORDINATION:0.4698696513648318
C_ROOKANDPAWNMOVEMENT:0.4698696513648318
C_CENTERCONTROL:0.4673486546671215
C_DEVELOPPIECES:0.4895495553561898
C_MATERIAL:0.50703776185521
