ELO:997
CE_PASSEDPAWNS:0.4977048217186491
CE_PAWNWEAKNESSES:0.4955295398368099
CE_PIECEACTIVITY:0.4846522557538696
CE_KINGPAWNSHIELD:0.49861896854626964
CE_PIECECOORDINATION:0.5074118022065136
CE_MATERIAL:0.4931191879115707
CE_KINGSAFETY:0.5
C_PIECESQUARETABLES:0.5
C_MOBILITY:0.4883434351314509
C_KINGSAFETY:0.4789154415841598
C_PAWNSTRUCTURE:0.5099998227745023
C_PIECECOORDINATION:0.48973019505904536
C_ROOKANDPAWNMOVEMENT:0.48973019505904536
C_CENTERCONTROL:0.5
C_DEVELOPPIECES:0.5022741914931974
C_MATERIAL:0.5177133903536346
C_MOVECOUNT:0.49939439996119966
