ELO:967
CE_PASSEDPAWNS:0.4606401552542702
CE_PAWNWEAKNESSES:0.5
CE_PIECEACTIVITY:0.5
CE_KINGPAWNSHIELD:0.5150132680260572
CE_PIECECOORDINATION:0.4735008049331184
CE_MATERIAL:0.5119275980911594
CE_KINGSAFETY:0.5136691575721427
C_PIECESQUARETABLES:0.4923302834785898
C_MOBILITY:0.4892668522052646
C_KINGSAFETY:0.499464389076321
C_PAWNSTRUCTURE:0.5
C_PIECECOORDINATION:0.4972617805581711
C_ROOKANDPAWNMOVEMENT:0.4972617805581711
C_CENTERCONTROL:0.48996496720312593
C_DEVELOPPIECES:0.4909945153347592
C_MATERIAL:0.5055121321136288
C_MOVECOUNT:0.5
