ELO:985
CE_PASSEDPAWNS:0.5069635023180457
CE_PAWNWEAKNESSES:0.4975665313492563
CE_PIECEACTIVITY:0.49482153310217625
CE_KINGPAWNSHIELD:0.49861896854626964
CE_PIECECOORDINATION:0.4998958864673387
CE_MATERIAL:0.5047640418823482
CE_KINGSAFETY:0.5
C_PIECESQUARETABLES:0.5014298031471641
C_MOBILITY:0.4883434351314509
C_KINGSAFETY:0.48984261544536517
C_PAWNSTRUCTURE:0.5099998227745023
C_PIECECOORDINATION:0.48973019505904536
C_ROOKANDPAWNMOVEMENT:0.48973019505904536
C_CENTERCONTROL:0.5
C_DEVELOPPIECES:0.5022741914931974
C_MATERIAL:0.5092321523196657
C_MOVECOUNT:0.49939439996119966
