ELO:979
CE_PASSEDPAWNS:0.5102138582923686
CE_PAWNWEAKNESSES:0.49986583336062734
CE_PIECEACTIVITY:0.6018758909418586
CE_KINGPAWNSHIELD:0.49239483193018807
CE_PIECECOORDINATION:0.5071775712242115
CE_MATERIAL:0.49836490514061726
CE_KINGSAFETY:0.5
C_PIECESQUARETABLES:0.5
C_MOBILITY:0.5014908781716709
C_KINGSAFETY:0.6182887098607327
C_PAWNSTRUCTURE:0.4515996402433376
C_PIECECOORDINATION:0.45716789910260763
C_ROOKANDPAWNMOVEMENT:0.45716789910260763
C_CENTERCONTROL:0.48524254130822453
C_DEVELOPPIECES:0.4732142786378269
C_MATERIAL:0.4887024044767712
C_MOVECOUNT:0.5
