ELO:966
CE_PASSEDPAWNS:0.5568640662360924
CE_PAWNWEAKNESSES:0.4489259559442068
CE_PIECEACTIVITY:0.45730069483279295
CE_KINGPAWNSHIELD:0.5199441438075313
CE_PIECECOORDINATION:0.4306932027736438
CE_MATERIAL:0.4598946872567125
CE_KINGSAFETY:0.5073895010752683
C_PIECESQUARETABLES:0.490027611242513
C_MOBILITY:0.5826480018625246
C_KINGSAFETY:0.5615336335262872
C_PAWNSTRUCTURE:0.4786997448577922
C_PIECECOORDINATION:0.5909503313189777
C_ROOKANDPAWNMOVEMENT:0.5909503313189777
C_CENTERCONTROL:0.49305114698621194
C_DEVELOPPIECES:0.5286445374326015
C_MATERIAL:0.4718957631973072
