ELO:1000
CE_PASSEDPAWNS:0.5034866994866986
CE_PAWNWEAKNESSES:0.45267308230403036
CE_PIECEACTIVITY:0.5233338877531917
CE_KINGPAWNSHIELD:0.5007856040729047
CE_PIECECOORDINATION:0.5663824048580075
CE_MATERIAL:0.45233464719525024
CE_KINGSAFETY:0.49002817828063766
C_PIECESQUARETABLES:0.5109426524967285
C_MOBILITY:0.49032256360912263
C_KINGSAFETY:0.5236564986789771
C_PAWNSTRUCTURE:0.5283303357369585
C_PIECECOORDINATION:0.44086651918372277
C_ROOKANDPAWNMOVEMENT:0.44086651918372277
C_CENTERCONTROL:0.479317503261236
C_DEVELOPPIECES:0.537188217641284
C_MATERIAL:0.4676583456610173
