ELO:1015
CE_PASSEDPAWNS:0.5303326049100789
CE_PAWNWEAKNESSES:0.4365286051483071
CE_PIECEACTIVITY:0.5383372877812073
CE_KINGPAWNSHIELD:0.48733889684251647
CE_PIECECOORDINATION:0.5
CE_MATERIAL:0.4868496530773326
CE_KINGSAFETY:0.5
C_PIECESQUARETABLES:0.5
C_MOBILITY:0.5160267506570322
C_KINGSAFETY:0.5
C_PAWNSTRUCTURE:0.528271485515296
C_PIECECOORDINATION:0.4487516779322136
C_ROOKANDPAWNMOVEMENT:0.4487516779322136
C_CENTERCONTROL:0.43744573359951083
C_DEVELOPPIECES:0.501670481279622
C_MATERIAL:0.5
C_MOVECOUNT:0.5
