ELO:1000
CE_PASSEDPAWNS:0.4762487991619991
CE_PAWNWEAKNESSES:0.48761287844231593
CE_PIECEACTIVITY:0.5173791536260032
CE_KINGPAWNSHIELD:0.5078355732888663
CE_PIECECOORDINATION:0.516182081524121
CE_MATERIAL:0.5046909863878424
CE_KINGSAFETY:0.4762158163344998
C_PIECESQUARETABLES:0.492268920800457
C_MOBILITY:0.4982700762689481
C_KINGSAFETY:0.5155842565012144
C_PAWNSTRUCTURE:0.5227234814175776
C_PIECECOORDINATION:0.4647757396185719
C_ROOKANDPAWNMOVEMENT:0.4647757396185719
C_CENTERCONTROL:0.46720051600788276
C_DEVELOPPIECES:0.5005249428657339
C_MATERIAL:0.49303077357672354
