ELO:916
CE_PASSEDPAWNS:0.5417112100549728
CE_PAWNWEAKNESSES:0.4792909414869723
CE_PIECEACTIVITY:0.4828766143494157
CE_KINGPAWNSHIELD:0.5230858951026541
CE_PIECECOORDINATION:0.4621915533095232
CE_MATERIAL:0.44281064657595365
CE_KINGSAFETY:0.4940256955998173
C_PIECESQUARETABLES:0.5
C_MOBILITY:0.5649996133026776
C_KINGSAFETY:0.5582860660197759
C_PAWNSTRUCTURE:0.5147544889797672
C_PIECECOORDINATION:0.5691606018482289
C_ROOKANDPAWNMOVEMENT:0.5691606018482289
C_CENTERCONTROL:0.5040038439319353
C_DEVELOPPIECES:0.5251119980912086
C_MATERIAL:0.5013199538071155
