ELO:1000
CE_PASSEDPAWNS:0.5336511882346948
CE_PAWNWEAKNESSES:0.5031974461619897
CE_PIECEACTIVITY:0.49745299073361193
CE_KINGPAWNSHIELD:0.47215622641460303
CE_PIECECOORDINATION:0.46085137556464917
CE_MATERIAL:0.4933647295840554
CE_KINGSAFETY:0.5123473739424843
C_PIECESQUARETABLES:0.49859993960305116
C_MOBILITY:0.5343767102832208
C_KINGSAFETY:0.507590793077462
C_PAWNSTRUCTURE:0.5220076310272846
C_PIECECOORDINATION:0.4932357526774859
C_ROOKANDPAWNMOVEMENT:0.4932357526774859
C_CENTERCONTROL:0.4859190792838902
C_DEVELOPPIECES:0.503913888357443
C_MATERIAL:0.4956064785128069
