ELO:807
CE_PASSEDPAWNS:0.4340234331637236
CE_PAWNWEAKNESSES:0.5285787911900055
CE_PIECEACTIVITY:0.4942748894068593
CE_KINGPAWNSHIELD:0.5202759775977174
CE_PIECECOORDINATION:0.4662588640857651
CE_MATERIAL:0.4792692136426921
CE_KINGSAFETY:0.5033252897264834
C_PIECESQUARETABLES:0.4771206885570071
C_MOBILITY:0.5039713516183429
C_KINGSAFETY:0.5127846070294281
C_PAWNSTRUCTURE:0.4965871618949524
C_PIECECOORDINATION:0.4838486022675457
C_ROOKANDPAWNMOVEMENT:0.4838486022675457
C_CENTERCONTROL:0.4543446276241125
C_DEVELOPPIECES:0.49820416606904155
C_MATERIAL:0.4716267877433445
C_MOVECOUNT:0.38454194937921726
