ELO:977
CE_PASSEDPAWNS:0.47991833568397085
CE_PAWNWEAKNESSES:0.4703652365997823
CE_PIECEACTIVITY:0.5404801963593314
CE_KINGPAWNSHIELD:0.4901209013912056
CE_PIECECOORDINATION:0.5716738976707437
CE_MATERIAL:0.44339308772038605
CE_KINGSAFETY:0.5455495711738877
C_PIECESQUARETABLES:0.5063425987905839
C_MOBILITY:0.4671972363539643
C_KINGSAFETY:0.5631576838148704
C_PAWNSTRUCTURE:0.5136166559986016
C_PIECECOORDINATION:0.49704623514122387
C_ROOKANDPAWNMOVEMENT:0.49704623514122387
C_CENTERCONTROL:0.4912282738799179
C_DEVELOPPIECES:0.5390102663430848
C_MATERIAL:0.45001283109543555
