ELO:1000
CE_PASSEDPAWNS:0.5369998782898755
CE_PAWNWEAKNESSES:0.4551740069812789
CE_PIECEACTIVITY:0.5094420212029063
CE_KINGPAWNSHIELD:0.4858708346861381
CE_PIECECOORDINATION:0.4615643742555553
CE_MATERIAL:0.4910455827409863
CE_KINGSAFETY:0.4620730022503644
C_PIECESQUARETABLES:0.5066069394878139
C_MOBILITY:0.540885669031593
C_KINGSAFETY:0.5323451039665983
C_PAWNSTRUCTURE:0.5121755340794379
C_PIECECOORDINATION:0.4441917951229146
C_ROOKANDPAWNMOVEMENT:0.4441917951229146
C_CENTERCONTROL:0.4665122565195062
C_DEVELOPPIECES:0.5024559353984648
C_MATERIAL:0.49565516035640844
