ELO:921
CE_PASSEDPAWNS:0.4838491661822584
CE_PAWNWEAKNESSES:0.4976147749958584
CE_PIECEACTIVITY:0.517083110141184
CE_KINGPAWNSHIELD:0.4542741734885265
CE_PIECECOORDINATION:0.5017151609888291
CE_MATERIAL:0.5119539706855613
CE_KINGSAFETY:0.5196512776235482
C_PIECESQUARETABLES:0.539731419531364
C_MOBILITY:0.5273667019390911
C_KINGSAFETY:0.4935609264558394
C_PAWNSTRUCTURE:0.5102551998441992
C_PIECECOORDINATION:0.4397483429697146
C_ROOKANDPAWNMOVEMENT:0.4397483429697146
C_CENTERCONTROL:0.58381390340419
C_DEVELOPPIECES:0.49460494561320756
C_MATERIAL:0.49489427771450534
C_MOVECOUNT:0.5
