ELO:978
CE_PASSEDPAWNS:0.48330885562625453
CE_PAWNWEAKNESSES:0.5
CE_PIECEACTIVITY:0.4848880804390402
CE_KINGPAWNSHIELD:0.5
CE_PIECECOORDINATION:0.48359571126035056
CE_MATERIAL:0.4953164416967403
CE_KINGSAFETY:0.5
C_PIECESQUARETABLES:0.5
C_MOBILITY:0.4936655387905322
C_KINGSAFETY:0.511991037314945
C_PAWNSTRUCTURE:0.48418409463271117
C_PIECECOORDINATION:0.45012506155819715
C_ROOKANDPAWNMOVEMENT:0.45012506155819715
C_CENTERCONTROL:0.6184488494881705
C_DEVELOPPIECES:0.4977406316012114
C_MATERIAL:0.528619403827674
C_MOVECOUNT:0.5
