ELO:928
CE_PASSEDPAWNS:0.5344938725334967
CE_PAWNWEAKNESSES:0.4760672022852476
CE_PIECEACTIVITY:0.47310114202817405
CE_KINGPAWNSHIELD:0.49279658575626073
CE_PIECECOORDINATION:0.4554237480424672
CE_MATERIAL:0.4873108336678456
CE_KINGSAFETY:0.4802416766776664
C_PIECESQUARETABLES:0.5166484881924233
C_MOBILITY:0.4768773429878093
C_KINGSAFETY:0.45712133065096194
C_PAWNSTRUCTURE:0.48165115094307304
C_PIECECOORDINATION:0.5004429040504338
C_ROOKANDPAWNMOVEMENT:0.5004429040504338
C_CENTERCONTROL:0.5091402119850333
C_DEVELOPPIECES:0.4752688408628945
C_MATERIAL:0.4817691334323554
