ELO:997
CE_PASSEDPAWNS:0.49013702053818825
CE_PAWNWEAKNESSES:0.48573134306476506
CE_PIECEACTIVITY:0.4863018706381516
CE_KINGPAWNSHIELD:0.49859017388858407
CE_PIECECOORDINATION:0.48201051977773474
CE_MATERIAL:0.519432451021296
CE_KINGSAFETY:0.5091480692132005
C_PIECESQUARETABLES:0.5
C_MOBILITY:0.5127921030689695
C_KINGSAFETY:0.47201758926203125
C_PAWNSTRUCTURE:0.5097693486084198
C_PIECECOORDINATION:0.5166852857460853
C_ROOKANDPAWNMOVEMENT:0.5166852857460853
C_CENTERCONTROL:0.492901816673438
C_DEVELOPPIECES:0.5104972820771065
C_MATERIAL:0.4916353970467618
C_MOVECOUNT:0.49569654141847275
