ELO:1000
CE_PASSEDPAWNS:0.5394555763388219
CE_PAWNWEAKNESSES:0.4551740069812789
CE_PIECEACTIVITY:0.5091271002957869
CE_KINGPAWNSHIELD:0.4745079744243649
CE_PIECECOORDINATION:0.45614945019794856
CE_MATERIAL:0.4910455827409863
CE_KINGSAFETY:0.4688440497440287
C_PIECESQUARETABLES:0.5026093426624452
C_MOBILITY:0.5363689667936349
C_KINGSAFETY:0.5375101150509805
C_PAWNSTRUCTURE:0.5232537085136928
C_PIECECOORDINATION:0.43586071534321263
C_ROOKANDPAWNMOVEMENT:0.43586071534321263
C_CENTERCONTROL:0.46707301973513865
C_DEVELOPPIECES:0.5079957675453796
C_MATERIAL:0.49524972125872385
