ELO:1028
CE_PASSEDPAWNS:0.49522989190226696
CE_PAWNWEAKNESSES:0.4116269374704874
CE_PIECEACTIVITY:0.5101156012149163
CE_KINGPAWNSHIELD:0.3692468093916304
CE_PIECECOORDINATION:0.5
CE_MATERIAL:0.5212448487702654
CE_KINGSAFETY:0.5
C_PIECESQUARETABLES:0.5101456244790574
C_MOBILITY:0.4949698754927532
C_KINGSAFETY:0.5650158113542884
C_PAWNSTRUCTURE:0.49821317396912257
C_PIECECOORDINATION:0.5023717996378876
C_ROOKANDPAWNMOVEMENT:0.5023717996378876
C_CENTERCONTROL:0.44106787365781297
C_DEVELOPPIECES:0.46609606453959146
C_MATERIAL:0.47858476818011725
C_MOVECOUNT:0.5
