ELO:953
CE_PASSEDPAWNS:0.5398215032931019
CE_PAWNWEAKNESSES:0.5229590527691671
CE_PIECEACTIVITY:0.506366084842395
CE_KINGPAWNSHIELD:0.5188465124944001
CE_PIECECOORDINATION:0.4656155595690857
CE_MATERIAL:0.47424539264638543
CE_KINGSAFETY:0.5113656983077428
C_PIECESQUARETABLES:0.5
C_MOBILITY:0.5329939124797151
C_KINGSAFETY:0.4895266001605918
C_PAWNSTRUCTURE:0.49243322861483896
C_PIECECOORDINATION:0.4981693428989922
C_ROOK:0.49510461608792117
CE_ROOK:0.4509630524668538
C_CENTERCONTROL:0.46368026650780314
C_DEVELOPPIECES:0.5328106656131358
C_MATERIAL:0.4915755217991311
C_MOVECOUNT:0.4749956278540201
C_PAWNMOVEMENT:0.48216575057900457
