ELO:923
CE_PASSEDPAWNS:0.4927751869397671
CE_PAWNWEAKNESSES:0.5212539223413786
CE_PIECEACTIVITY:0.5358325421371178
CE_KINGPAWNSHIELD:0.4869021184576587
CE_PIECECOORDINATION:0.5356616835022514
CE_MATERIAL:0.4995830543560229
CE_KINGSAFETY:0.5067212182279863
C_PIECESQUARETABLES:0.48841572609049344
C_MOBILITY:0.4945841460154063
C_KINGSAFETY:0.5687596434901989
C_PAWNSTRUCTURE:0.5103444574616691
C_PIECECOORDINATION:0.47539846743797304
C_ROOK:0.5022300448393481
CE_ROOK:0.49922315660647765
C_CENTERCONTROL:0.4758073432258601
C_DEVELOPPIECES:0.49915921834815913
C_MATERIAL:0.5191765469024752
C_MOVECOUNT:0.4948430439652756
C_PAWNMOVEMENT:0.5439390331797356
