ELO:976
CE_PASSEDPAWNS:0.5160763315016921
CE_PAWNWEAKNESSES:0.5158204099871017
CE_PIECEACTIVITY:0.5330980842186142
CE_KINGPAWNSHIELD:0.4833507640055185
CE_PIECECOORDINATION:0.505565905877277
CE_MATERIAL:0.49619141452861865
CE_KINGSAFETY:0.5
C_PIECESQUARETABLES:0.5
C_MOBILITY:0.5414921622350166
C_KINGSAFETY:0.5286625062752959
C_PAWNSTRUCTURE:0.4999913064472185
C_PIECECOORDINATION:0.46382443273796997
C_ROOK:0.4651365318984273
CE_ROOK:0.5
C_CENTERCONTROL:0.48913297747930484
C_DEVELOPPIECES:0.47815811405834185
C_MATERIAL:0.48309096684905645
C_MOVECOUNT:0.492103632470198
C_PAWNMOVEMENT:0.5252123806625931
