ELO:904
CE_PASSEDPAWNS:0.4605762614447739
CE_PAWNWEAKNESSES:0.5062947397845176
CE_PIECEACTIVITY:0.5324251273748776
CE_KINGPAWNSHIELD:0.4567287671254021
CE_PIECECOORDINATION:0.48603821545442794
CE_MATERIAL:0.5202068292728469
CE_KINGSAFETY:0.5225335212755255
C_PIECESQUARETABLES:0.5064238059141094
C_MOBILITY:0.6046522233981557
C_KINGSAFETY:0.554129068894745
C_PAWNSTRUCTURE:0.47345445907104355
C_PIECECOORDINATION:0.6416317846422499
C_ROOKANDPAWNMOVEMENT:0.6416317846422499
C_CENTERCONTROL:0.5204027620959659
C_DEVELOPPIECES:0.46966873597773046
C_MATERIAL:0.5606682249743618
