ELO:994
CE_PASSEDPAWNS:0.4657801430383655
CE_PAWNWEAKNESSES:0.49080911620112166
CE_PIECEACTIVITY:0.49942138400213343
CE_KINGPAWNSHIELD:0.49859017388858407
CE_PIECECOORDINATION:0.47981487622823044
CE_MATERIAL:0.5075459167150181
CE_KINGSAFETY:0.5
C_PIECESQUARETABLES:0.5068943700057099
C_MOBILITY:0.5066686543022666
C_KINGSAFETY:0.5011145900219082
C_PAWNSTRUCTURE:0.5099998227745023
C_PIECECOORDINATION:0.5042709330228043
C_ROOKANDPAWNMOVEMENT:0.5042709330228043
C_CENTERCONTROL:0.5
C_DEVELOPPIECES:0.5065602083604912
C_MATERIAL:0.5177133903536346
C_MOVECOUNT:0.49939439996119966
