ELO:845
CE_PASSEDPAWNS:0.5806273770435991
CE_PAWNWEAKNESSES:0.5101865866128952
CE_PIECEACTIVITY:0.61135351880436
CE_KINGPAWNSHIELD:0.49295909841750346
CE_PIECECOORDINATION:0.4883381863896968
CE_MATERIAL:0.5611416483409265
CE_KINGSAFETY:0.5
C_PIECESQUARETABLES:0.5
C_MOBILITY:0.5160267506570322
C_KINGSAFETY:0.43090129442014535
C_PAWNSTRUCTURE:0.512584648412638
C_PIECECOORDINATION:0.39058364952872915
C_ROOKANDPAWNMOVEMENT:0.39058364952872915
C_CENTERCONTROL:0.5878620723584659
C_DEVELOPPIECES:0.5152308755499792
C_MATERIAL:0.4869974467888816
C_MOVECOUNT:0.5
