ELO:978
CE_PASSEDPAWNS:0.5072424270974687
CE_PAWNWEAKNESSES:0.4871338239706471
CE_PIECEACTIVITY:0.5300969752187333
CE_KINGPAWNSHIELD:0.480346011225701
CE_PIECECOORDINATION:0.47298794666181976
CE_MATERIAL:0.4954138927246237
CE_KINGSAFETY:0.5097488606512207
C_PIECESQUARETABLES:0.48260463032512485
C_MOBILITY:0.5098813459429123
C_KINGSAFETY:0.5113554758678072
C_PAWNSTRUCTURE:0.5168881702124053
C_PIECECOORDINATION:0.5273457389474455
C_ROOK:0.46466815301862213
CE_ROOK:0.49406271226566256
C_CENTERCONTROL:0.5064030934450874
C_DEVELOPPIECES:0.48464341711320347
C_MATERIAL:0.49517745518268813
C_MOVECOUNT:0.49184347215090374
C_PAWNMOVEMENT:0.48216575057900457
