ELO:1003
CE_PASSEDPAWNS:0.5411560301685134
CE_PAWNWEAKNESSES:0.43942973515305894
CE_PIECEACTIVITY:0.4976067772141246
CE_KINGPAWNSHIELD:0.5189617765789618
CE_PIECECOORDINATION:0.4973302597742339
CE_MATERIAL:0.5053378081966604
CE_KINGSAFETY:0.44208273897473194
C_PIECESQUARETABLES:0.5146101573028996
C_MOBILITY:0.5397517814665278
C_KINGSAFETY:0.5244780687296932
C_PAWNSTRUCTURE:0.5103037030395515
C_PIECECOORDINATION:0.42865372250173567
C_ROOKANDPAWNMOVEMENT:0.42865372250173567
C_CENTERCONTROL:0.4527403171780491
C_DEVELOPPIECES:0.50950441447105
C_MATERIAL:0.516966799600343
