ELO:1038
CE_PASSEDPAWNS:0.45418102006174416
CE_PAWNWEAKNESSES:0.4036792427149346
CE_PIECEACTIVITY:0.47314982421306334
CE_KINGPAWNSHIELD:0.4704594744463047
CE_PIECECOORDINATION:0.5758915534909177
CE_MATERIAL:0.4089904709090846
CE_KINGSAFETY:0.5117556104329802
C_PIECESQUARETABLES:0.48994634930680103
C_MOBILITY:0.5335361914694342
C_KINGSAFETY:0.551420327985016
C_PAWNSTRUCTURE:0.4614333509483165
C_PIECECOORDINATION:0.5065754627522188
C_ROOKANDPAWNMOVEMENT:0.5065754627522188
C_CENTERCONTROL:0.4600144149052272
C_DEVELOPPIECES:0.5200913753367232
C_MATERIAL:0.3706944172583875
