ELO:1050
CE_PASSEDPAWNS:0.5
CE_PAWNWEAKNESSES:0.49266386044737176
CE_PIECEACTIVITY:0.49774528197449275
CE_KINGPAWNSHIELD:0.5132535811951585
CE_PIECECOORDINATION:0.4936900313868004
CE_MATERIAL:0.49510437548054065
CE_KINGSAFETY:0.5
C_PIECESQUARETABLES:0.5
C_MOBILITY:0.5001688537281401
C_KINGSAFETY:0.49613389779815836
C_PAWNSTRUCTURE:0.5000472854475159
C_PIECECOORDINATION:0.5273983331336507
C_ROOKANDPAWNMOVEMENT:0.5273983331336507
C_CENTERCONTROL:0.5536655490873056
C_DEVELOPPIECES:0.5
C_MATERIAL:0.5051719347800802
C_MOVECOUNT:0.5
