ELO:985
CE_PASSEDPAWNS:0.5213728751129965
CE_PAWNWEAKNESSES:0.4784861897440079
CE_PIECEACTIVITY:0.5228595408361615
CE_KINGPAWNSHIELD:0.5019234265796056
CE_PIECECOORDINATION:0.4670388954919436
CE_MATERIAL:0.4972624803984324
CE_KINGSAFETY:0.5
C_PIECESQUARETABLES:0.5073416206154713
C_MOBILITY:0.5117235787387835
C_KINGSAFETY:0.5244938975121963
C_PAWNSTRUCTURE:0.4913247664516729
C_PIECECOORDINATION:0.5174736583078916
C_ROOK:0.47433528026551014
CE_ROOK:0.5127684299896085
C_CENTERCONTROL:0.49001439003390934
C_DEVELOPPIECES:0.49521581115987157
C_MATERIAL:0.5016937928342508
C_MOVECOUNT:0.4907127709446186
C_PAWNMOVEMENT:0.4877390499073202
