ELO:1000
CE_PASSEDPAWNS:0.5
CE_PAWNWEAKNESSES:0.5
CE_PIECEACTIVITY:0.5
CE_KINGPAWNSHIELD:0.49554908971098516
CE_PIECECOORDINATION:0.5
CE_MATERIAL:0.511394181999676
CE_KINGSAFETY:0.5057442855853261
C_PIECESQUARETABLES:0.4956603140546976
C_MOBILITY:0.5
C_KINGSAFETY:0.5
C_PAWNSTRUCTURE:0.5172118617154329
C_PIECECOORDINATION:0.5
C_ROOKANDPAWNMOVEMENT:0.5
C_CENTERCONTROL:0.5061161951692578
C_DEVELOPPIECES:0.5
C_MATERIAL:0.49782002779043777
C_MOVECOUNT:0.4959724226597126
