ELO:1000
CE_PASSEDPAWNS:0.48876273052315833
CE_PAWNWEAKNESSES:0.4953957862326951
CE_PIECEACTIVITY:0.5081013980508811
CE_KINGPAWNSHIELD:0.5075604435555829
CE_PIECECOORDINATION:0.5
CE_MATERIAL:0.5036699512329821
CE_KINGSAFETY:0.5002363763864309
C_PIECESQUARETABLES:0.5004861013506603
C_MOBILITY:0.48945832069768025
C_KINGSAFETY:0.5
C_PAWNSTRUCTURE:0.5153181872180054
C_PIECECOORDINATION:0.49235994249095477
C_ROOKANDPAWNMOVEMENT:0.49235994249095477
C_CENTERCONTROL:0.5
C_DEVELOPPIECES:0.4802888942344639
C_MATERIAL:0.4922797848258475
