ELO:978
CE_PASSEDPAWNS:0.4763473209764917
CE_PAWNWEAKNESSES:0.4958228467791461
CE_PIECEACTIVITY:0.5047916509701474
CE_KINGPAWNSHIELD:0.5086034469906656
CE_PIECECOORDINATION:0.5329642137394485
CE_MATERIAL:0.5196645629766229
CE_KINGSAFETY:0.5002588972012416
C_PIECESQUARETABLES:0.5088311632361172
C_MOBILITY:0.47531518258493444
C_KINGSAFETY:0.5062983881927923
C_PAWNSTRUCTURE:0.4943998546330697
C_PIECECOORDINATION:0.5113682556907228
C_ROOK:0.5102192383257758
CE_ROOK:0.5
C_CENTERCONTROL:0.5014027445762783
C_DEVELOPPIECES:0.5101064743412059
C_MATERIAL:0.47283442557885697
C_MOVECOUNT:0.49487962705090666
C_PAWNMOVEMENT:0.4965256217059405
