ELO:1105
CE_PASSEDPAWNS:0.5533569778854517
CE_PAWNWEAKNESSES:0.4735691418571427
CE_PIECEACTIVITY:0.5625666539188074
CE_KINGPAWNSHIELD:0.5028713823921754
CE_PIECECOORDINATION:0.5095072935218928
CE_MATERIAL:0.5347047193315649
CE_KINGSAFETY:0.5
C_PIECESQUARETABLES:0.5
C_MOBILITY:0.5480432288699277
C_KINGSAFETY:0.5768060522820262
C_PAWNSTRUCTURE:0.48919823805117074
C_PIECECOORDINATION:0.48883607836604714
C_ROOKANDPAWNMOVEMENT:0.48883607836604714
C_CENTERCONTROL:0.48524254130822453
C_DEVELOPPIECES:0.4074678023305206
C_MATERIAL:0.5025020938627188
C_MOVECOUNT:0.5
