ELO:987
CE_PASSEDPAWNS:0.5063702024067684
CE_PAWNWEAKNESSES:0.5
CE_PIECEACTIVITY:0.5109064320229416
CE_KINGPAWNSHIELD:0.5063975583197186
CE_PIECECOORDINATION:0.4892093510748163
CE_MATERIAL:0.5077180426740109
CE_KINGSAFETY:0.5
C_PIECESQUARETABLES:0.5
C_MOBILITY:0.512922338660821
C_KINGSAFETY:0.5067783950781599
C_PAWNSTRUCTURE:0.5206624065768257
C_PIECECOORDINATION:0.5
C_ROOKANDPAWNMOVEMENT:0.5
C_CENTERCONTROL:0.5
C_DEVELOPPIECES:0.4889276810900888
C_MATERIAL:0.5
C_MOVECOUNT:0.5
