ELO:918
CE_PASSEDPAWNS:0.5042127632110255
CE_PAWNWEAKNESSES:0.4629605467799865
CE_PIECEACTIVITY:0.4403024758708024
CE_KINGPAWNSHIELD:0.5399264949747199
CE_PIECECOORDINATION:0.442070784675875
CE_MATERIAL:0.4211501653501768
CE_KINGSAFETY:0.509129765779497
C_PIECESQUARETABLES:0.5434849760350098
C_MOBILITY:0.5242355150016964
C_KINGSAFETY:0.5528458834090154
C_PAWNSTRUCTURE:0.5271723452588141
C_PIECECOORDINATION:0.5785915779795083
C_ROOKANDPAWNMOVEMENT:0.5785915779795083
C_CENTERCONTROL:0.5204347712380912
C_DEVELOPPIECES:0.5408448127316454
C_MATERIAL:0.5232084814023928
