ELO:1065
CE_PASSEDPAWNS:0.4595395681968382
CE_PAWNWEAKNESSES:0.5306152272156027
CE_PIECEACTIVITY:0.48446565345103015
CE_KINGPAWNSHIELD:0.43258509910157744
CE_PIECECOORDINATION:0.5494420146565941
CE_MATERIAL:0.3883240267625778
CE_KINGSAFETY:0.5111880118458746
C_PIECESQUARETABLES:0.47333631052100433
C_MOBILITY:0.5375694489657152
C_KINGSAFETY:0.6009543595079152
C_PAWNSTRUCTURE:0.4638497938407832
C_PIECECOORDINATION:0.49285280597332853
C_ROOKANDPAWNMOVEMENT:0.49285280597332853
C_CENTERCONTROL:0.4971758326519334
C_DEVELOPPIECES:0.5101501967397267
C_MATERIAL:0.4034685532870705
