ELO:904
CE_PASSEDPAWNS:0.4513274698598831
CE_PAWNWEAKNESSES:0.49191086356030583
CE_PIECEACTIVITY:0.498612576736324
CE_KINGPAWNSHIELD:0.48663955597971786
CE_PIECECOORDINATION:0.47024448310396216
CE_MATERIAL:0.5190716967417476
CE_KINGSAFETY:0.48169383925586484
C_PIECESQUARETABLES:0.5061384080349506
C_MOBILITY:0.5236340466272124
C_KINGSAFETY:0.4955148739235907
C_PAWNSTRUCTURE:0.49021958120122106
C_PIECECOORDINATION:0.537368373380804
C_ROOK:0.501373766797456
CE_ROOK:0.47110701601730254
C_CENTERCONTROL:0.5063687579768146
C_DEVELOPPIECES:0.4760919546286806
C_MATERIAL:0.4594248273455274
C_MOVECOUNT:0.503389866364132
C_PAWNMOVEMENT:0.4874135757604578
