ELO:1000
CE_PASSEDPAWNS:0.5113116894776072
CE_PAWNWEAKNESSES:0.4855868784283366
CE_PIECEACTIVITY:0.50073681147499
CE_KINGPAWNSHIELD:0.5247079635383267
CE_PIECECOORDINATION:0.49551538638938825
CE_MATERIAL:0.5230029887520109
CE_KINGSAFETY:0.48258045118029413
C_PIECESQUARETABLES:0.5063878350486279
C_MOBILITY:0.525711461436476
C_KINGSAFETY:0.48484044669772036
C_PAWNSTRUCTURE:0.48758775617108147
C_PIECECOORDINATION:0.4913838810848453
C_ROOKANDPAWNMOVEMENT:0.4913838810848453
C_CENTERCONTROL:0.48508243178179333
C_DEVELOPPIECES:0.5249499011063491
C_MATERIAL:0.4667551848474176
