ELO:856
CE_PASSEDPAWNS:0.4690509662555446
CE_PAWNWEAKNESSES:0.5032073463399752
CE_PIECEACTIVITY:0.4306539549382395
CE_KINGPAWNSHIELD:0.5603592692235734
CE_PIECECOORDINATION:0.4877665317478687
CE_MATERIAL:0.5289125637646463
CE_KINGSAFETY:0.46692461127853335
C_PIECESQUARETABLES:0.5139510398161856
C_MOBILITY:0.5590950065816109
C_KINGSAFETY:0.47685802816113143
C_PAWNSTRUCTURE:0.48826932378577304
C_PIECECOORDINATION:0.5104372767143321
C_ROOKANDPAWNMOVEMENT:0.5104372767143321
C_CENTERCONTROL:0.501749647887012
C_DEVELOPPIECES:0.44866713786322276
C_MATERIAL:0.5533090887388746
C_MOVECOUNT:0.5
