ELO:822
CE_PASSEDPAWNS:0.4708508851450413
CE_PAWNWEAKNESSES:0.5231970899118509
CE_PIECEACTIVITY:0.3694171013858402
CE_KINGPAWNSHIELD:0.5134593170577386
CE_PIECECOORDINATION:0.5311141560253532
CE_MATERIAL:0.5304833360348802
CE_KINGSAFETY:0.49662225378104174
C_PIECESQUARETABLES:0.5051195413488978
C_MOBILITY:0.5499784720929319
C_KINGSAFETY:0.49719935302304197
C_PAWNSTRUCTURE:0.49290521306453433
C_PIECECOORDINATION:0.5844153738153981
C_ROOKANDPAWNMOVEMENT:0.5844153738153981
C_CENTERCONTROL:0.4944291402759201
C_DEVELOPPIECES:0.43322365272917684
C_MATERIAL:0.5766560702128104
C_MOVECOUNT:0.5
