ELO:939
CE_PASSEDPAWNS:0.48953784857368843
CE_PAWNWEAKNESSES:0.5248918419274905
CE_PIECEACTIVITY:0.5155347296161745
CE_KINGPAWNSHIELD:0.5066018645387813
CE_PIECECOORDINATION:0.5158489120372545
CE_MATERIAL:0.5169183996713914
CE_KINGSAFETY:0.5081984423060515
C_PIECESQUARETABLES:0.5020543750206241
C_MOBILITY:0.4814510593893912
C_KINGSAFETY:0.4545123558536521
C_PAWNSTRUCTURE:0.4866649829126986
C_PIECECOORDINATION:0.4969519181087557
C_ROOKANDPAWNMOVEMENT:0.4969519181087557
C_CENTERCONTROL:0.5072264744747765
C_DEVELOPPIECES:0.5059085535660346
C_MATERIAL:0.5048049526768769
C_MOVECOUNT:0.4588607561555757
