ELO:879
CE_PASSEDPAWNS:0.47598384355230133
CE_PAWNWEAKNESSES:0.5170577134119683
CE_PIECEACTIVITY:0.4665164785793973
CE_KINGPAWNSHIELD:0.5441736404004148
CE_PIECECOORDINATION:0.45442177637430503
CE_MATERIAL:0.5546034863030617
CE_KINGSAFETY:0.46636555338714725
C_PIECESQUARETABLES:0.5294184656839996
C_MOBILITY:0.5581467590010796
C_KINGSAFETY:0.4528105819422667
C_PAWNSTRUCTURE:0.5546988839108662
C_PIECECOORDINATION:0.5048778629230353
C_ROOKANDPAWNMOVEMENT:0.5048778629230353
C_CENTERCONTROL:0.48240425501506506
C_DEVELOPPIECES:0.4910076129865193
C_MATERIAL:0.557286656095879
C_MOVECOUNT:0.5
