ELO:1015
CE_PASSEDPAWNS:0.5105531546805911
CE_PAWNWEAKNESSES:0.5400431225396087
CE_PIECEACTIVITY:0.4968658788180095
CE_KINGPAWNSHIELD:0.5205458834192515
CE_PIECECOORDINATION:0.4810902108171693
CE_MATERIAL:0.506691873509205
CE_KINGSAFETY:0.5
C_PIECESQUARETABLES:0.5
C_MOBILITY:0.4700232983813267
C_KINGSAFETY:0.46298286703297536
C_PAWNSTRUCTURE:0.4905509584418385
C_PIECECOORDINATION:0.49816970246868275
C_ROOK:0.5030933205222411
CE_ROOK:0.4916578152683325
C_CENTERCONTROL:0.49073439917082484
C_DEVELOPPIECES:0.499497494093487
C_MATERIAL:0.4802209406683885
C_MOVECOUNT:0.510902853622266
C_PAWNMOVEMENT:0.5010670319710887
