ELO:916
CE_PASSEDPAWNS:0.4806128150135076
CE_PAWNWEAKNESSES:0.49822085654933496
CE_PIECEACTIVITY:0.5308658669895185
CE_KINGPAWNSHIELD:0.47277044809367613
CE_PIECECOORDINATION:0.6045691939343701
CE_MATERIAL:0.4504438397186981
CE_KINGSAFETY:0.5061183012674729
C_PIECESQUARETABLES:0.5412921910257574
C_MOBILITY:0.5651400538085142
C_KINGSAFETY:0.4749333290642894
C_PAWNSTRUCTURE:0.577637022442037
C_PIECECOORDINATION:0.5074773572625503
C_ROOKANDPAWNMOVEMENT:0.5074773572625503
C_CENTERCONTROL:0.5175122488693773
C_DEVELOPPIECES:0.5527869097389068
C_MATERIAL:0.4862546936405976
