ELO:997
CE_PASSEDPAWNS:0.5136897418598851
CE_PAWNWEAKNESSES:0.5075642425091886
CE_PIECEACTIVITY:0.5003979870547655
CE_KINGPAWNSHIELD:0.509770544246429
CE_PIECECOORDINATION:0.516531636169715
CE_MATERIAL:0.5109799253941971
CE_KINGSAFETY:0.5
C_PIECESQUARETABLES:0.5
C_MOBILITY:0.5
C_KINGSAFETY:0.5047388963722935
C_PAWNSTRUCTURE:0.4894081840632441
C_PIECECOORDINATION:0.5051916526588927
C_ROOKANDPAWNMOVEMENT:0.5051916526588927
C_CENTERCONTROL:0.49414696258324636
C_DEVELOPPIECES:0.48727770907164547
C_MATERIAL:0.5
C_MOVECOUNT:0.489417562693941
