ELO:926
CE_PASSEDPAWNS:0.49219664282521713
CE_PAWNWEAKNESSES:0.5213322530561434
CE_PIECEACTIVITY:0.511387106789439
CE_KINGPAWNSHIELD:0.513230955902831
CE_PIECECOORDINATION:0.4998450824954892
CE_MATERIAL:0.497386251150004
CE_KINGSAFETY:0.4335791238992695
C_PIECESQUARETABLES:0.4985696660711675
C_MOBILITY:0.5139511251334117
C_KINGSAFETY:0.5103749115651847
C_PAWNSTRUCTURE:0.5232930611732292
C_PIECECOORDINATION:0.5228576723917258
C_ROOKANDPAWNMOVEMENT:0.5228576723917258
C_CENTERCONTROL:0.4863608275701195
C_DEVELOPPIECES:0.4617121766800688
C_MATERIAL:0.49543707036793333
C_MOVECOUNT:0.5
