ELO:1000
CE_PASSEDPAWNS:0.5083888628851422
CE_PAWNWEAKNESSES:0.5034194626292081
CE_PIECEACTIVITY:0.5
CE_KINGPAWNSHIELD:0.5
CE_PIECECOORDINATION:0.49971348611001754
CE_MATERIAL:0.5
CE_KINGSAFETY:0.4917939804507368
C_PIECESQUARETABLES:0.5
C_MOBILITY:0.5
C_KINGSAFETY:0.5
C_PAWNSTRUCTURE:0.5
C_PIECECOORDINATION:0.5
C_ROOK:0.5109675417473916
CE_ROOK:0.4958090631937268
C_CENTERCONTROL:0.5
C_DEVELOPPIECES:0.5
C_MATERIAL:0.5027844083091979
C_MOVECOUNT:0.5
C_PAWNMOVEMENT:0.4979484755587135
