ELO:1000
CE_PASSEDPAWNS:0.47616688626290343
CE_PAWNWEAKNESSES:0.4879260481163593
CE_PIECEACTIVITY:0.5309838833536974
CE_KINGPAWNSHIELD:0.4896769623254578
CE_PIECECOORDINATION:0.501113578017244
CE_MATERIAL:0.5187155127967135
CE_KINGSAFETY:0.49650447310237905
C_PIECESQUARETABLES:0.49550972438995694
C_MOBILITY:0.5201816858794489
C_KINGSAFETY:0.45008012990246543
C_PAWNSTRUCTURE:0.5151061033355151
C_PIECECOORDINATION:0.5126480677599641
C_ROOKANDPAWNMOVEMENT:0.5126480677599641
C_CENTERCONTROL:0.48766486859177605
C_DEVELOPPIECES:0.5338636640276045
C_MATERIAL:0.52498609698275
