ELO:987
CE_PASSEDPAWNS:0.5159853612044368
CE_PAWNWEAKNESSES:0.4881919251855366
CE_PIECEACTIVITY:0.4986828530936292
CE_KINGPAWNSHIELD:0.4809926654536906
CE_PIECECOORDINATION:0.5
CE_MATERIAL:0.5355403594186892
CE_KINGSAFETY:0.4951190621663291
C_PIECESQUARETABLES:0.5
C_MOBILITY:0.4832042195322761
C_KINGSAFETY:0.5024940692122671
C_PAWNSTRUCTURE:0.4971378884641205
C_PIECECOORDINATION:0.4926447665750661
C_ROOKANDPAWNMOVEMENT:0.4926447665750661
C_CENTERCONTROL:0.5119085271884993
C_DEVELOPPIECES:0.5
C_MATERIAL:0.5142186068388682
C_MOVECOUNT:0.49746067598325255
