ELO:1000
CE_PASSEDPAWNS:0.4727625146415437
CE_PAWNWEAKNESSES:0.4997788209307155
CE_PIECEACTIVITY:0.524768180583601
CE_KINGPAWNSHIELD:0.4754127448211309
CE_PIECECOORDINATION:0.5013411744325253
CE_MATERIAL:0.5241726169921771
CE_KINGSAFETY:0.5013143943834927
C_PIECESQUARETABLES:0.48684432161659946
C_MOBILITY:0.5097397277482733
C_KINGSAFETY:0.45032762876983334
C_PAWNSTRUCTURE:0.49628663021462793
C_PIECECOORDINATION:0.5223389762734316
C_ROOKANDPAWNMOVEMENT:0.5223389762734316
C_CENTERCONTROL:0.47741895708844373
C_DEVELOPPIECES:0.5338636640276045
C_MATERIAL:0.52498609698275
