ELO:751
CE_PASSEDPAWNS:0.43745915266740526
CE_PAWNWEAKNESSES:0.5309150894082694
CE_PIECEACTIVITY:0.36690204607061805
CE_KINGPAWNSHIELD:0.5407141790472263
CE_PIECECOORDINATION:0.5915236816244687
CE_MATERIAL:0.5163781508745867
CE_KINGSAFETY:0.4767782228524348
C_PIECESQUARETABLES:0.49880743861849314
C_MOBILITY:0.5804895550038843
C_KINGSAFETY:0.6301043892267006
C_PAWNSTRUCTURE:0.4979659198539436
C_PIECECOORDINATION:0.5945296877720793
C_ROOKANDPAWNMOVEMENT:0.5945296877720793
C_CENTERCONTROL:0.4636645843256676
C_DEVELOPPIECES:0.4050157294867346
C_MATERIAL:0.563683602543409
C_MOVECOUNT:0.473252784627006
