ELO:1003
CE_PASSEDPAWNS:0.48988584357042053
CE_PAWNWEAKNESSES:0.5245064933115678
CE_PIECEACTIVITY:0.49999575235119886
CE_KINGPAWNSHIELD:0.5463411420170595
CE_PIECECOORDINATION:0.53433782657228
CE_MATERIAL:0.45319126124132975
CE_KINGSAFETY:0.5
C_PIECESQUARETABLES:0.5
C_MOBILITY:0.44286353301005804
C_KINGSAFETY:0.5339859865910486
C_PAWNSTRUCTURE:0.5133292092187679
C_PIECECOORDINATION:0.5160096086242401
C_ROOK:0.5143206832988194
CE_ROOK:0.47074760639015495
C_CENTERCONTROL:0.5356153810659864
C_DEVELOPPIECES:0.5149028448848842
C_MATERIAL:0.5069522465804145
C_MOVECOUNT:0.5014323903177648
C_PAWNMOVEMENT:0.5452603646238082
