ELO:988
CE_PASSEDPAWNS:0.5277288571395565
CE_PAWNWEAKNESSES:0.4514416466186312
CE_PIECEACTIVITY:0.5975814565428466
CE_KINGPAWNSHIELD:0.5043885861333574
CE_PIECECOORDINATION:0.6092782055877115
CE_MATERIAL:0.5030403841932721
CE_KINGSAFETY:0.49196913058999364
C_PIECESQUARETABLES:0.5
C_MOBILITY:0.5845232337183456
C_KINGSAFETY:0.5555396845641076
C_PAWNSTRUCTURE:0.3974960377332616
C_PIECECOORDINATION:0.5562674503149065
C_ROOKANDPAWNMOVEMENT:0.5562674503149065
C_CENTERCONTROL:0.3628208528192532
C_DEVELOPPIECES:0.426661673821845
C_MATERIAL:0.6834559356914126
