ELO:1003
CE_PASSEDPAWNS:0.5077771719130012
CE_PAWNWEAKNESSES:0.5152114656581959
CE_PIECEACTIVITY:0.4968658788180095
CE_KINGPAWNSHIELD:0.5108211655668564
CE_PIECECOORDINATION:0.4893278807960446
CE_MATERIAL:0.4696064997264755
CE_KINGSAFETY:0.5
C_PIECESQUARETABLES:0.5
C_MOBILITY:0.5270512486739621
C_KINGSAFETY:0.5339859865910486
C_PAWNSTRUCTURE:0.4905509584418385
C_PIECECOORDINATION:0.5008776898473115
C_ROOK:0.46687634147408036
CE_ROOK:0.4939924255204084
C_CENTERCONTROL:0.49073439917082484
C_DEVELOPPIECES:0.499497494093487
C_MATERIAL:0.48045192605560944
C_MOVECOUNT:0.5135844700901999
C_PAWNMOVEMENT:0.5010670319710887
