ELO:930
CE_PASSEDPAWNS:0.5562431120487279
CE_PAWNWEAKNESSES:0.5367489286969064
CE_PIECEACTIVITY:0.4367699000177971
CE_KINGPAWNSHIELD:0.4561603964213689
CE_PIECECOORDINATION:0.5379915017186884
CE_MATERIAL:0.41302754558671745
CE_KINGSAFETY:0.4744282046086455
C_PIECESQUARETABLES:0.5866164550780224
C_MOBILITY:0.5630537551567224
C_KINGSAFETY:0.5364881925921542
C_PAWNSTRUCTURE:0.44212770974183463
C_PIECECOORDINATION:0.4843271816034117
C_ROOKANDPAWNMOVEMENT:0.4843271816034117
C_CENTERCONTROL:0.45357156503439855
C_DEVELOPPIECES:0.48598518709966815
C_MATERIAL:0.47810873588689895
