ELO:938
CE_PASSEDPAWNS:0.49807796577725105
CE_PAWNWEAKNESSES:0.5003636472220423
CE_PIECEACTIVITY:0.4770457830705578
CE_KINGPAWNSHIELD:0.5065773488247447
CE_PIECECOORDINATION:0.4747789770158955
CE_MATERIAL:0.5360465272231374
CE_KINGSAFETY:0.4731591683512014
C_PIECESQUARETABLES:0.4998675197808861
C_MOBILITY:0.5116018681565727
C_KINGSAFETY:0.47601545724244443
C_PAWNSTRUCTURE:0.5350219703147432
C_PIECECOORDINATION:0.48675673884962406
C_ROOKANDPAWNMOVEMENT:0.48675673884962406
C_CENTERCONTROL:0.4787587402818543
C_DEVELOPPIECES:0.5121877484924099
C_MATERIAL:0.513992368489955
C_MOVECOUNT:0.5
