ELO:1000
CE_PASSEDPAWNS:0.45131548364055724
CE_PAWNWEAKNESSES:0.4996382369476108
CE_PIECEACTIVITY:0.5289937407108924
CE_KINGPAWNSHIELD:0.49610761858804114
CE_PIECECOORDINATION:0.5866264472628844
CE_MATERIAL:0.48371551895275
CE_KINGSAFETY:0.4778124330396079
C_PIECESQUARETABLES:0.48795691128411944
C_MOBILITY:0.5482531145421632
C_KINGSAFETY:0.4810872679961649
C_PAWNSTRUCTURE:0.5354336011597154
C_PIECECOORDINATION:0.44359323363606673
C_ROOKANDPAWNMOVEMENT:0.44359323363606673
C_CENTERCONTROL:0.5106024741021782
C_DEVELOPPIECES:0.5249992840335009
C_MATERIAL:0.468028998786061
