ELO:1000
CE_PASSEDPAWNS:0.49346950155354835
CE_PAWNWEAKNESSES:0.4704519638705421
CE_PIECEACTIVITY:0.4860558400216713
CE_KINGPAWNSHIELD:0.5382113991926654
CE_PIECECOORDINATION:0.5168554650824838
CE_MATERIAL:0.5266994683490359
CE_KINGSAFETY:0.4999901071214753
C_PIECESQUARETABLES:0.5
C_MOBILITY:0.5211124103954655
C_KINGSAFETY:0.488123730147271
C_PAWNSTRUCTURE:0.4853777079159579
C_PIECECOORDINATION:0.5172983606281994
C_ROOKANDPAWNMOVEMENT:0.5172983606281994
C_CENTERCONTROL:0.4932000249946976
C_DEVELOPPIECES:0.5314534233640246
C_MATERIAL:0.4612656007336245
