ELO:891
CE_PASSEDPAWNS:0.4682633483342669
CE_PAWNWEAKNESSES:0.5316820655555394
CE_PIECEACTIVITY:0.5299844129500286
CE_KINGPAWNSHIELD:0.4326969536318052
CE_PIECECOORDINATION:0.5879235839875327
CE_MATERIAL:0.3945138159925041
CE_KINGSAFETY:0.47852632607849743
C_PIECESQUARETABLES:0.5492065663185705
C_MOBILITY:0.5806416711707144
C_KINGSAFETY:0.46065374250679597
C_PAWNSTRUCTURE:0.5674176238852128
C_PIECECOORDINATION:0.5324277392416673
C_ROOKANDPAWNMOVEMENT:0.5324277392416673
C_CENTERCONTROL:0.5874370396775249
C_DEVELOPPIECES:0.48965202882120923
C_MATERIAL:0.525696470548581
