ELO:991
CE_PASSEDPAWNS:0.5546746427167322
CE_PAWNWEAKNESSES:0.5174219070076533
CE_PIECEACTIVITY:0.5016245473231088
CE_KINGPAWNSHIELD:0.48345804756710326
CE_PIECECOORDINATION:0.5434570833912383
CE_MATERIAL:0.4887157009083188
CE_KINGSAFETY:0.5
C_PIECESQUARETABLES:0.5
C_MOBILITY:0.4927072540120888
C_KINGSAFETY:0.5095925340721521
C_PAWNSTRUCTURE:0.5025755205481844
C_PIECECOORDINATION:0.5123471469003492
C_ROOK:0.4731768837174072
CE_ROOK:0.48663332938308196
C_CENTERCONTROL:0.48748816855455884
C_DEVELOPPIECES:0.46329247459338097
C_MATERIAL:0.4973388510432344
C_MOVECOUNT:0.5068167387211567
C_PAWNMOVEMENT:0.5227013263934289
