ELO:933
CE_PASSEDPAWNS:0.5447152981849372
CE_PAWNWEAKNESSES:0.5440250858915638
CE_PIECEACTIVITY:0.4904322608268653
CE_KINGPAWNSHIELD:0.4701487839875199
CE_PIECECOORDINATION:0.5299880306573823
CE_MATERIAL:0.4296850692112881
CE_KINGSAFETY:0.49037849470288164
C_PIECESQUARETABLES:0.5522213430523327
C_MOBILITY:0.5817302238775063
C_KINGSAFETY:0.5416941607058017
C_PAWNSTRUCTURE:0.44760881476460407
C_PIECECOORDINATION:0.49799346074928
C_ROOKANDPAWNMOVEMENT:0.49799346074928
C_CENTERCONTROL:0.47402311131670416
C_DEVELOPPIECES:0.4779320830552937
C_MATERIAL:0.46018750614863096
