ELO:877
CE_PASSEDPAWNS:0.47750304226155754
CE_PAWNWEAKNESSES:0.524026951717038
CE_PIECEACTIVITY:0.5371501797390434
CE_KINGPAWNSHIELD:0.4445345618682218
CE_PIECECOORDINATION:0.5983671938084174
CE_MATERIAL:0.37872683818300995
CE_KINGSAFETY:0.4654680091420412
C_PIECESQUARETABLES:0.5179902283875989
C_MOBILITY:0.5543927452930895
C_KINGSAFETY:0.48424032925580524
C_PAWNSTRUCTURE:0.5658109395663715
C_PIECECOORDINATION:0.5366864656507081
C_ROOKANDPAWNMOVEMENT:0.5366864656507081
C_CENTERCONTROL:0.5925816548592641
C_DEVELOPPIECES:0.48395995855479096
C_MATERIAL:0.5180654848774509
