ELO:908
CE_PASSEDPAWNS:0.54474231614961
CE_PAWNWEAKNESSES:0.5306025990643125
CE_PIECEACTIVITY:0.5107654620279964
CE_KINGPAWNSHIELD:0.46701972466764424
CE_PIECECOORDINATION:0.5469060327562413
CE_MATERIAL:0.4296850692112881
CE_KINGSAFETY:0.5022349112601555
C_PIECESQUARETABLES:0.5220138992297345
C_MOBILITY:0.5844584588566255
C_KINGSAFETY:0.5034206914090789
C_PAWNSTRUCTURE:0.45634354462981225
C_PIECECOORDINATION:0.4922050203902549
C_ROOKANDPAWNMOVEMENT:0.4922050203902549
C_CENTERCONTROL:0.4596867754560747
C_DEVELOPPIECES:0.4737588485928444
C_MATERIAL:0.5035273882170961
