ELO:995
CE_PASSEDPAWNS:0.46957794473302883
CE_PAWNWEAKNESSES:0.4946873527930898
CE_PIECEACTIVITY:0.5108128516561793
CE_KINGPAWNSHIELD:0.5
CE_PIECECOORDINATION:0.4991605630308541
CE_MATERIAL:0.4842705612484369
CE_KINGSAFETY:0.5057442855853261
C_PIECESQUARETABLES:0.5013583283782175
C_MOBILITY:0.5104992814448971
C_KINGSAFETY:0.4953858155016894
C_PAWNSTRUCTURE:0.5015724869422378
C_PIECECOORDINATION:0.5060632751382539
C_ROOKANDPAWNMOVEMENT:0.5060632751382539
C_CENTERCONTROL:0.4942717064971088
C_DEVELOPPIECES:0.5067416915310614
C_MATERIAL:0.48615456956396624
C_MOVECOUNT:0.5063436200220992
