ELO:1000
CE_PASSEDPAWNS:0.48029295152895873
CE_PAWNWEAKNESSES:0.5042354077216817
CE_PIECEACTIVITY:0.49468337753714553
CE_KINGPAWNSHIELD:0.5019429617893687
CE_PIECECOORDINATION:0.5037160210576288
CE_MATERIAL:0.5199659862675088
CE_KINGSAFETY:0.5135570912816437
C_PIECESQUARETABLES:0.4963398836351658
C_MOBILITY:0.5130942400551322
C_KINGSAFETY:0.5088185043847852
C_PAWNSTRUCTURE:0.49092615534391737
C_PIECECOORDINATION:0.5058075810237641
C_ROOKANDPAWNMOVEMENT:0.5058075810237641
C_CENTERCONTROL:0.4902970359031064
C_DEVELOPPIECES:0.5051796694341838
C_MATERIAL:0.47227248722458554
