ELO:994
CE_PASSEDPAWNS:0.5308599972321933
CE_PAWNWEAKNESSES:0.4946873527930898
CE_PIECEACTIVITY:0.5108128516561793
CE_KINGPAWNSHIELD:0.5
CE_PIECECOORDINATION:0.496554266255839
CE_MATERIAL:0.48095997943027674
CE_KINGSAFETY:0.4985340227613584
C_PIECESQUARETABLES:0.5000925627554493
C_MOBILITY:0.5104992814448971
C_KINGSAFETY:0.49302270975364
C_PAWNSTRUCTURE:0.5015724869422378
C_PIECECOORDINATION:0.4929227239720753
C_ROOKANDPAWNMOVEMENT:0.4929227239720753
C_CENTERCONTROL:0.5005223802560629
C_DEVELOPPIECES:0.5067416915310614
C_MATERIAL:0.48615456956396624
C_MOVECOUNT:0.5
