ELO:1109
CE_PASSEDPAWNS:0.46392211840368736
CE_PAWNWEAKNESSES:0.4520052100321347
CE_PIECEACTIVITY:0.5820392342097438
CE_KINGPAWNSHIELD:0.4721666392765313
CE_PIECECOORDINATION:0.47898199419438003
CE_MATERIAL:0.39783305558335186
CE_KINGSAFETY:0.4966147964181795
C_PIECESQUARETABLES:0.48821471752590456
C_MOBILITY:0.5516280866748224
C_KINGSAFETY:0.6056669772624188
C_PAWNSTRUCTURE:0.4047101078436864
C_PIECECOORDINATION:0.47876363618645296
C_ROOKANDPAWNMOVEMENT:0.47876363618645296
C_CENTERCONTROL:0.5105273705190196
C_DEVELOPPIECES:0.5843146245279547
C_MATERIAL:0.39001737872443265
