ELO:933
CE_PASSEDPAWNS:0.4543875879778584
CE_PAWNWEAKNESSES:0.49427895630868524
CE_PIECEACTIVITY:0.4833328876650983
CE_KINGPAWNSHIELD:0.47711476280884024
CE_PIECECOORDINATION:0.47105657360705333
CE_MATERIAL:0.4957754707777066
CE_KINGSAFETY:0.5453390791733079
C_PIECESQUARETABLES:0.5072667223302937
C_MOBILITY:0.470767675222723
C_KINGSAFETY:0.4899907561729743
C_PAWNSTRUCTURE:0.494749615294944
C_PIECECOORDINATION:0.4548513383689004
C_ROOKANDPAWNMOVEMENT:0.4548513383689004
C_CENTERCONTROL:0.485726663188059
C_DEVELOPPIECES:0.4778083039695062
C_MATERIAL:0.5044045215604227
