ELO:947
CE_PASSEDPAWNS:0.4588429916334674
CE_PAWNWEAKNESSES:0.5389048470343166
CE_PIECEACTIVITY:0.5329933190951536
CE_KINGPAWNSHIELD:0.48424132185765667
CE_PIECECOORDINATION:0.6261561937353048
CE_MATERIAL:0.44862641469158027
CE_KINGSAFETY:0.46569326569819475
C_PIECESQUARETABLES:0.4911346868776819
C_MOBILITY:0.5315796015813269
C_KINGSAFETY:0.5063031473290012
C_PAWNSTRUCTURE:0.5469451754042979
C_PIECECOORDINATION:0.4657568658101936
C_ROOKANDPAWNMOVEMENT:0.4657568658101936
C_CENTERCONTROL:0.5619609884633792
C_DEVELOPPIECES:0.5475011199777408
C_MATERIAL:0.46517937343168875
