ELO:1000
CE_PASSEDPAWNS:0.49418396474707715
CE_PAWNWEAKNESSES:0.5075091689460806
CE_PIECEACTIVITY:0.4867306344212721
CE_KINGPAWNSHIELD:0.49103088310468335
CE_PIECECOORDINATION:0.49996632064981683
CE_MATERIAL:0.5
CE_KINGSAFETY:0.49999513927370476
C_PIECESQUARETABLES:0.503708920270133
C_MOBILITY:0.5
C_KINGSAFETY:0.5156802039875956
C_PAWNSTRUCTURE:0.49688491574234955
C_PIECECOORDINATION:0.5
C_ROOKANDPAWNMOVEMENT:0.5
C_CENTERCONTROL:0.4908685804750712
C_DEVELOPPIECES:0.5
C_MATERIAL:0.4997485306937007
