ELO:984
CE_PASSEDPAWNS:0.5
CE_PAWNWEAKNESSES:0.4938705850544328
CE_PIECEACTIVITY:0.49001428536427283
CE_KINGPAWNSHIELD:0.5078065170493204
CE_PIECECOORDINATION:0.5098297913688057
CE_MATERIAL:0.5007435548969882
CE_KINGSAFETY:0.5201353430003977
C_PIECESQUARETABLES:0.5156209582030672
C_MOBILITY:0.5
C_KINGSAFETY:0.49043431477809746
C_PAWNSTRUCTURE:0.5069308136749978
C_PIECECOORDINATION:0.490491224640408
C_ROOKANDPAWNMOVEMENT:0.490491224640408
C_CENTERCONTROL:0.5
C_DEVELOPPIECES:0.49080712902181467
C_MATERIAL:0.5047898302889311
