ELO:700
CE_PASSEDPAWNS:0.46803827959717925
CE_PAWNWEAKNESSES:0.5086345129782622
CE_PIECEACTIVITY:0.36834941874098975
CE_KINGPAWNSHIELD:0.5289255571851046
CE_PIECECOORDINATION:0.6023324086002774
CE_MATERIAL:0.4945554623430338
CE_KINGSAFETY:0.4554290982860415
C_PIECESQUARETABLES:0.48318110096343275
C_MOBILITY:0.5973651152227653
C_KINGSAFETY:0.6255562208117222
C_PAWNSTRUCTURE:0.46618924095406095
C_PIECECOORDINATION:0.6130216645517917
C_ROOKANDPAWNMOVEMENT:0.6130216645517917
C_CENTERCONTROL:0.48805090618415853
C_DEVELOPPIECES:0.41453906973063387
C_MATERIAL:0.5682283233882617
C_MOVECOUNT:0.4950411051355808
