ELO:982
CE_PASSEDPAWNS:0.5047120724284363
CE_PAWNWEAKNESSES:0.5002574789044947
CE_PIECEACTIVITY:0.4898041831431378
CE_KINGPAWNSHIELD:0.5007009350397268
CE_PIECECOORDINATION:0.5245382786070253
CE_MATERIAL:0.49964128437538524
CE_KINGSAFETY:0.5
C_PIECESQUARETABLES:0.5
C_MOBILITY:0.5
C_KINGSAFETY:0.5047388963722935
C_PAWNSTRUCTURE:0.49411505641395725
C_PIECECOORDINATION:0.49808722535425565
C_ROOKANDPAWNMOVEMENT:0.49808722535425565
C_CENTERCONTROL:0.5119085271884993
C_DEVELOPPIECES:0.4807121679368815
C_MATERIAL:0.5
C_MOVECOUNT:0.49746067598325255
