ELO:1016
CE_PASSEDPAWNS:0.507996900510946
CE_PAWNWEAKNESSES:0.49955010529909966
CE_PIECEACTIVITY:0.48591567333554914
CE_KINGPAWNSHIELD:0.4735940439376194
CE_PIECECOORDINATION:0.5013213107397546
CE_MATERIAL:0.5270184250515543
CE_KINGSAFETY:0.5
C_PIECESQUARETABLES:0.5
C_MOBILITY:0.4838322175608395
C_KINGSAFETY:0.5235439499677566
C_PAWNSTRUCTURE:0.45716812761435555
C_PIECECOORDINATION:0.5214167139398171
C_ROOK:0.4852089951553312
CE_ROOK:0.5556017436148513
C_CENTERCONTROL:0.4975115328985506
C_DEVELOPPIECES:0.44632247359169874
C_MATERIAL:0.5302928021425948
C_MOVECOUNT:0.484254033797517
C_PAWNMOVEMENT:0.48893630916012565
