ELO:1000
CE_PASSEDPAWNS:0.5097900874676305
CE_PAWNWEAKNESSES:0.48742768799629865
CE_PIECEACTIVITY:0.4913827531746714
CE_KINGPAWNSHIELD:0.5079054603377893
CE_PIECECOORDINATION:0.47044666795405193
CE_MATERIAL:0.5167885630430961
CE_KINGSAFETY:0.49810517741343696
C_PIECESQUARETABLES:0.5018298956692431
C_MOBILITY:0.5267465545442918
C_KINGSAFETY:0.49504575146001367
C_PAWNSTRUCTURE:0.47836017908486833
C_PIECECOORDINATION:0.49588140894296706
C_ROOKANDPAWNMOVEMENT:0.49588140894296706
C_CENTERCONTROL:0.48019811771187787
C_DEVELOPPIECES:0.5131424489266714
C_MATERIAL:0.4717374897013179
