ELO:1015
CE_PASSEDPAWNS:0.4809912995137297
CE_PAWNWEAKNESSES:0.5192482003014202
CE_PIECEACTIVITY:0.4968658788180095
CE_KINGPAWNSHIELD:0.5004594220327684
CE_PIECECOORDINATION:0.5173107621009955
CE_MATERIAL:0.5097811921191853
CE_KINGSAFETY:0.5
C_PIECESQUARETABLES:0.5
C_MOBILITY:0.4700232983813267
C_KINGSAFETY:0.5339859865910486
C_PAWNSTRUCTURE:0.4905509584418385
C_PIECECOORDINATION:0.5363186862243169
C_ROOK:0.5030933205222411
CE_ROOK:0.473966689342418
C_CENTERCONTROL:0.49872734645623507
C_DEVELOPPIECES:0.499497494093487
C_MATERIAL:0.48045192605560944
C_MOVECOUNT:0.4916289891068704
C_PAWNMOVEMENT:0.5010670319710887
