ELO:988
CE_PASSEDPAWNS:0.5133276188031168
CE_PAWNWEAKNESSES:0.47380353115045715
CE_PIECEACTIVITY:0.5007653548107045
CE_KINGPAWNSHIELD:0.5320126938974648
CE_PIECECOORDINATION:0.4952971166888509
CE_MATERIAL:0.4843799428909768
CE_KINGSAFETY:0.5386713282460801
C_PIECESQUARETABLES:0.4708440410338706
C_MOBILITY:0.5688921667541468
C_KINGSAFETY:0.5121404814657488
C_PAWNSTRUCTURE:0.4209111421375622
C_PIECECOORDINATION:0.49614492760612594
C_ROOKANDPAWNMOVEMENT:0.49614492760612594
C_CENTERCONTROL:0.4800398582187336
C_DEVELOPPIECES:0.5196965870366624
C_MATERIAL:0.5496656744483468
