ELO:1015
CE_PASSEDPAWNS:0.5077771719130012
CE_PAWNWEAKNESSES:0.5192482003014202
CE_PIECEACTIVITY:0.4968658788180095
CE_KINGPAWNSHIELD:0.5287831373206993
CE_PIECECOORDINATION:0.5173107621009955
CE_MATERIAL:0.4696064997264755
CE_KINGSAFETY:0.5
C_PIECESQUARETABLES:0.5
C_MOBILITY:0.5
C_KINGSAFETY:0.49006913785506184
C_PAWNSTRUCTURE:0.4905509584418385
C_PIECECOORDINATION:0.5079180652024708
C_ROOK:0.5027283151713002
CE_ROOK:0.49463821876990005
C_CENTERCONTROL:0.49073439917082484
C_DEVELOPPIECES:0.4964410949605239
C_MATERIAL:0.5022003173459787
C_MOVECOUNT:0.4916289891068704
C_PAWNMOVEMENT:0.5033132972092471
