ELO:996
CE_PASSEDPAWNS:0.501546758233201
CE_PAWNWEAKNESSES:0.47763448056173596
CE_PIECEACTIVITY:0.492567196420407
CE_KINGPAWNSHIELD:0.5280129805130035
CE_PIECECOORDINATION:0.49833920800963777
CE_MATERIAL:0.48744973228548444
CE_KINGSAFETY:0.5511743654015557
C_PIECESQUARETABLES:0.5013381147869382
C_MOBILITY:0.5552318954068892
C_KINGSAFETY:0.4780348264722979
C_PAWNSTRUCTURE:0.4357601366255808
C_PIECECOORDINATION:0.494405981374751
C_ROOKANDPAWNMOVEMENT:0.494405981374751
C_CENTERCONTROL:0.4890313029472488
C_DEVELOPPIECES:0.5288149170186159
C_MATERIAL:0.5345971584701258
