ELO:851
CE_PASSEDPAWNS:0.4963979997464142
CE_PAWNWEAKNESSES:0.5380776108563807
CE_PIECEACTIVITY:0.4196162271722632
CE_KINGPAWNSHIELD:0.5544720016812954
CE_PIECECOORDINATION:0.48571929810730197
CE_MATERIAL:0.5349267784108596
CE_KINGSAFETY:0.445081724006949
C_PIECESQUARETABLES:0.536962328161582
C_MOBILITY:0.5243255516150112
C_KINGSAFETY:0.47849254729958257
C_PAWNSTRUCTURE:0.48146703055548096
C_PIECECOORDINATION:0.518967751405032
C_ROOKANDPAWNMOVEMENT:0.518967751405032
C_CENTERCONTROL:0.4874751100486154
C_DEVELOPPIECES:0.4018321307478588
C_MATERIAL:0.5712330522400179
C_MOVECOUNT:0.5
