ELO:949
CE_PASSEDPAWNS:0.46556089164838005
CE_PAWNWEAKNESSES:0.4798925110599001
CE_PIECEACTIVITY:0.49405106369773344
CE_KINGPAWNSHIELD:0.5139418753198729
CE_PIECECOORDINATION:0.4979620961044199
CE_MATERIAL:0.5072286608005417
CE_KINGSAFETY:0.5
C_PIECESQUARETABLES:0.5
C_MOBILITY:0.501631894225901
C_KINGSAFETY:0.5000900275772046
C_PAWNSTRUCTURE:0.5008922529736621
C_PIECECOORDINATION:0.5
C_ROOKANDPAWNMOVEMENT:0.5
C_CENTERCONTROL:0.5191082505796744
C_DEVELOPPIECES:0.5
C_MATERIAL:0.5165363672935207
C_MOVECOUNT:0.5059885863351617
