ELO:925
CE_PASSEDPAWNS:0.45564652990202664
CE_PAWNWEAKNESSES:0.4824451793740132
CE_PIECEACTIVITY:0.48581685555757964
CE_KINGPAWNSHIELD:0.4818488615003289
CE_PIECECOORDINATION:0.4067252533849592
CE_MATERIAL:0.5108520868440362
CE_KINGSAFETY:0.5572931437077965
C_PIECESQUARETABLES:0.4935368053961621
C_MOBILITY:0.44970906378254016
C_KINGSAFETY:0.49812493155328896
C_PAWNSTRUCTURE:0.5076558612275801
C_PIECECOORDINATION:0.49375969509970113
C_ROOKANDPAWNMOVEMENT:0.49375969509970113
C_CENTERCONTROL:0.4586111665695464
C_DEVELOPPIECES:0.4702634428940255
C_MATERIAL:0.47826496661710155
