ELO:972
CE_PASSEDPAWNS:0.4793017705660505
CE_PAWNWEAKNESSES:0.4792157294691685
CE_PIECEACTIVITY:0.510656593515054
CE_KINGPAWNSHIELD:0.4975872657209635
CE_PIECECOORDINATION:0.5226919087089055
CE_MATERIAL:0.5023061519896751
CE_KINGSAFETY:0.5127703544901435
C_PIECESQUARETABLES:0.5079947617354251
C_MOBILITY:0.47559815138429773
C_KINGSAFETY:0.5014582344062819
C_PAWNSTRUCTURE:0.5164438425921218
C_PIECECOORDINATION:0.5022376336336144
C_ROOKANDPAWNMOVEMENT:0.5022376336336144
C_CENTERCONTROL:0.4972439530862177
C_DEVELOPPIECES:0.4971055385863052
C_MATERIAL:0.49648900979182103
C_MOVECOUNT:0.5092203802972292
