ELO:989
CE_PASSEDPAWNS:0.5029174860168357
CE_PAWNWEAKNESSES:0.47763448056173596
CE_PIECEACTIVITY:0.4763887948478094
CE_KINGPAWNSHIELD:0.5287642145501097
CE_PIECECOORDINATION:0.49641598543877985
CE_MATERIAL:0.48563688958903983
CE_KINGSAFETY:0.5488692003202839
C_PIECESQUARETABLES:0.47368582813602805
C_MOBILITY:0.5605050294415244
C_KINGSAFETY:0.4889469743864309
C_PAWNSTRUCTURE:0.4263707201869872
C_PIECECOORDINATION:0.4796615723656014
C_ROOKANDPAWNMOVEMENT:0.4796615723656014
C_CENTERCONTROL:0.4800398582187336
C_DEVELOPPIECES:0.5274811742563202
C_MATERIAL:0.5506351785323761
