ELO:905
CE_PASSEDPAWNS:0.5642926116489863
CE_PAWNWEAKNESSES:0.5647347924303796
CE_PIECEACTIVITY:0.5414389143608511
CE_KINGPAWNSHIELD:0.4612637262190621
CE_PIECECOORDINATION:0.5340220504447915
CE_MATERIAL:0.4651569281417005
CE_KINGSAFETY:0.5221118171842302
C_PIECESQUARETABLES:0.5728929354531255
C_MOBILITY:0.3913232364493064
C_KINGSAFETY:0.5174797141389053
C_PAWNSTRUCTURE:0.6099677695414756
C_PIECECOORDINATION:0.49321533198191486
C_ROOKANDPAWNMOVEMENT:0.49321533198191486
C_CENTERCONTROL:0.5415643635407612
C_DEVELOPPIECES:0.40676188073976915
C_MATERIAL:0.4552418754719925
