ELO:1000
CE_PASSEDPAWNS:0.47502011415328754
CE_PAWNWEAKNESSES:0.5094000668565816
CE_PIECEACTIVITY:0.5040946015392395
CE_KINGPAWNSHIELD:0.4906255802721045
CE_PIECECOORDINATION:0.49542825782746014
CE_MATERIAL:0.49552458130516197
CE_KINGSAFETY:0.4981579324099731
C_PIECESQUARETABLES:0.48962506507348563
C_MOBILITY:0.5214452641730253
C_KINGSAFETY:0.4619828008788059
C_PAWNSTRUCTURE:0.49927561334318954
C_PIECECOORDINATION:0.5126480677599641
C_ROOKANDPAWNMOVEMENT:0.5126480677599641
C_CENTERCONTROL:0.49158617154568607
C_DEVELOPPIECES:0.5299695102309218
C_MATERIAL:0.52498609698275
