ELO:1000
CE_PASSEDPAWNS:0.49099998544834667
CE_PAWNWEAKNESSES:0.5072829070596382
CE_PIECEACTIVITY:0.5327850280975609
CE_KINGPAWNSHIELD:0.44940899394425504
CE_PIECECOORDINATION:0.4941734877964275
CE_MATERIAL:0.5334543336972548
CE_KINGSAFETY:0.5022167667070428
C_PIECESQUARETABLES:0.5056773088770715
C_MOBILITY:0.5326534808663022
C_KINGSAFETY:0.4497046567973242
C_PAWNSTRUCTURE:0.5058364685391264
C_PIECECOORDINATION:0.5004638709791106
C_ROOKANDPAWNMOVEMENT:0.5004638709791106
C_CENTERCONTROL:0.4666756954403881
C_DEVELOPPIECES:0.5396251365461884
C_MATERIAL:0.5144406150342167
