ELO:991
CE_PASSEDPAWNS:0.5457345729423272
CE_PAWNWEAKNESSES:0.44542974891888637
CE_PIECEACTIVITY:0.5256534381721791
CE_KINGPAWNSHIELD:0.4151116027499946
CE_PIECECOORDINATION:0.48795222461131676
CE_MATERIAL:0.5491112383369453
CE_KINGSAFETY:0.5185584773864326
C_PIECESQUARETABLES:0.5
C_MOBILITY:0.580479941274235
C_KINGSAFETY:0.5555396845641076
C_PAWNSTRUCTURE:0.62436365227218
C_PIECECOORDINATION:0.5562674503149065
C_ROOKANDPAWNMOVEMENT:0.5562674503149065
C_CENTERCONTROL:0.3628208528192532
C_DEVELOPPIECES:0.4970571970121558
C_MATERIAL:0.6238411663094565
