ELO:1016
CE_PASSEDPAWNS:0.5073274378676906
CE_PAWNWEAKNESSES:0.503933769595215
CE_PIECEACTIVITY:0.5062070219440435
CE_KINGPAWNSHIELD:0.4897221814340309
CE_PIECECOORDINATION:0.5106941039431253
CE_MATERIAL:0.4802988955152458
CE_KINGSAFETY:0.5
C_PIECESQUARETABLES:0.5
C_MOBILITY:0.503247884916041
C_KINGSAFETY:0.502663831916359
C_PAWNSTRUCTURE:0.4915054920240861
C_PIECECOORDINATION:0.5231372971702205
C_ROOK:0.4716901865120425
CE_ROOK:0.5057558812501163
C_CENTERCONTROL:0.5016333940623856
C_DEVELOPPIECES:0.5010440137727993
C_MATERIAL:0.4884466459178833
C_MOVECOUNT:0.49676113791282017
C_PAWNMOVEMENT:0.5420365671892254
