ELO:870
CE_PASSEDPAWNS:0.501536278221992
CE_PAWNWEAKNESSES:0.49998309913645156
CE_PIECEACTIVITY:0.5107450938675773
CE_KINGPAWNSHIELD:0.5116380136262801
CE_PIECECOORDINATION:0.5041095837363334
CE_MATERIAL:0.5175038154285376
CE_KINGSAFETY:0.5308567784076117
C_PIECESQUARETABLES:0.5095813827505281
C_MOBILITY:0.507132061567527
C_KINGSAFETY:0.4986473296486976
C_PAWNSTRUCTURE:0.45627250020168536
C_PIECECOORDINATION:0.5436017029630718
C_ROOKANDPAWNMOVEMENT:0.5436017029630718
C_CENTERCONTROL:0.5305378399832461
C_DEVELOPPIECES:0.4672588942206011
C_MATERIAL:0.5139848295004668
C_MOVECOUNT:0.5095586565939164
