ELO:955
CE_PASSEDPAWNS:0.5164338935370729
CE_PAWNWEAKNESSES:0.5070772084842168
CE_PIECEACTIVITY:0.537894709832281
CE_KINGPAWNSHIELD:0.521403050767315
CE_PIECECOORDINATION:0.49697220129371383
CE_MATERIAL:0.4626794241429929
CE_KINGSAFETY:0.5
C_PIECESQUARETABLES:0.49202601101204574
C_MOBILITY:0.48779345171443966
C_KINGSAFETY:0.4825688321491825
C_PAWNSTRUCTURE:0.5
C_PIECECOORDINATION:0.5048601893721636
C_ROOKANDPAWNMOVEMENT:0.5048601893721636
C_CENTERCONTROL:0.5018634765925605
C_DEVELOPPIECES:0.5089933944749198
C_MATERIAL:0.5236984013038273
C_MOVECOUNT:0.5
