ELO:988
CE_PASSEDPAWNS:0.4844780344477745
CE_PAWNWEAKNESSES:0.49892125936066584
CE_PIECEACTIVITY:0.4011738453260809
CE_KINGPAWNSHIELD:0.5099745288872185
CE_PIECECOORDINATION:0.5895443193819219
CE_MATERIAL:0.5262746834477562
CE_KINGSAFETY:0.5395882300468018
C_PIECESQUARETABLES:0.5443016867748741
C_MOBILITY:0.4557747659659905
C_KINGSAFETY:0.4518911371338945
C_PAWNSTRUCTURE:0.45109007937819906
C_PIECECOORDINATION:0.49444101957721054
C_ROOKANDPAWNMOVEMENT:0.49444101957721054
C_CENTERCONTROL:0.4620246898939839
C_DEVELOPPIECES:0.4956024157177922
C_MATERIAL:0.4886488825057032
