ELO:1024
CE_PASSEDPAWNS:0.5
CE_PAWNWEAKNESSES:0.49114809463795345
CE_PIECEACTIVITY:0.49884467884326633
CE_KINGPAWNSHIELD:0.5
CE_PIECECOORDINATION:0.5
CE_MATERIAL:0.5
CE_KINGSAFETY:0.5
C_PIECESQUARETABLES:0.5093577246026756
C_MOBILITY:0.5010407580279485
C_KINGSAFETY:0.5021593218767326
C_PAWNSTRUCTURE:0.5
C_PIECECOORDINATION:0.5
C_ROOKANDPAWNMOVEMENT:0.5
C_CENTERCONTROL:0.5101909520081935
C_DEVELOPPIECES:0.4963766018335858
C_MATERIAL:0.5108827094115127
