ELO:835
CE_PASSEDPAWNS:0.5654302677973729
CE_PAWNWEAKNESSES:0.47984999632656666
CE_PIECEACTIVITY:0.4783987566126206
CE_KINGPAWNSHIELD:0.5114861341472321
CE_PIECECOORDINATION:0.530350730931818
CE_MATERIAL:0.32765861103134053
CE_KINGSAFETY:0.4729602562523079
C_PIECESQUARETABLES:0.5018564668757955
C_MOBILITY:0.48698891102857117
C_KINGSAFETY:0.4688405729561554
C_PAWNSTRUCTURE:0.45518276601604446
C_PIECECOORDINATION:0.5796698779076616
C_ROOKANDPAWNMOVEMENT:0.5796698779076616
C_CENTERCONTROL:0.45752381194182
C_DEVELOPPIECES:0.45357708155448695
C_MATERIAL:0.567135167510364
