ELO:897
CE_PASSEDPAWNS:0.5627216892599348
CE_PAWNWEAKNESSES:0.5840650079414659
CE_PIECEACTIVITY:0.5725322586229773
CE_KINGPAWNSHIELD:0.42281136267229874
CE_PIECECOORDINATION:0.43010408177228043
CE_MATERIAL:0.5188537311307292
CE_KINGSAFETY:0.5025560886791072
C_PIECESQUARETABLES:0.5048324408830961
C_MOBILITY:0.368060442327904
C_KINGSAFETY:0.4813062929061392
C_PAWNSTRUCTURE:0.6623642698046345
C_PIECECOORDINATION:0.5647332141834293
C_ROOKANDPAWNMOVEMENT:0.5647332141834293
C_CENTERCONTROL:0.5738360605412193
C_DEVELOPPIECES:0.41836417121026875
C_MATERIAL:0.5521287008508957
