ELO:1000
CE_PASSEDPAWNS:0.49689873383598393
CE_PAWNWEAKNESSES:0.5692660475815143
CE_PIECEACTIVITY:0.5069956790881605
CE_KINGPAWNSHIELD:0.5136025038730897
CE_PIECECOORDINATION:0.42743527562923794
CE_MATERIAL:0.47149595714275283
CE_KINGSAFETY:0.5
C_PIECESQUARETABLES:0.5053349728790452
C_MOBILITY:0.47920630162693695
C_KINGSAFETY:0.5312867986314863
C_PAWNSTRUCTURE:0.5124954708910924
C_PIECECOORDINATION:0.5545993595353299
C_ROOKANDPAWNMOVEMENT:0.5545993595353299
C_CENTERCONTROL:0.5407355185917082
C_DEVELOPPIECES:0.5209811799488017
C_MATERIAL:0.5446919489960553
