ELO:1000
CE_PASSEDPAWNS:0.4694411243343118
CE_PAWNWEAKNESSES:0.4992697265025627
CE_PIECEACTIVITY:0.4643984589833205
CE_KINGPAWNSHIELD:0.5201312657619394
CE_PIECECOORDINATION:0.47947691858915004
CE_MATERIAL:0.5006398967658252
CE_KINGSAFETY:0.5118029827442051
C_PIECESQUARETABLES:0.5310205515428165
C_MOBILITY:0.4636417192113498
C_KINGSAFETY:0.529636046463096
C_PAWNSTRUCTURE:0.4839173820455519
C_PIECECOORDINATION:0.5343367452680376
C_ROOKANDPAWNMOVEMENT:0.5343367452680376
C_CENTERCONTROL:0.46123338120187235
C_DEVELOPPIECES:0.5133111119808365
C_MATERIAL:0.5619701444872266
