ELO:1000
CE_PASSEDPAWNS:0.5111319918061665
CE_PAWNWEAKNESSES:0.5147357485107883
CE_PIECEACTIVITY:0.5088574084746429
CE_KINGPAWNSHIELD:0.47630990064580947
CE_PIECECOORDINATION:0.535416656970171
CE_MATERIAL:0.48310523380434245
CE_KINGSAFETY:0.5096098159686558
C_PIECESQUARETABLES:0.4881783604249341
C_MOBILITY:0.5006223584889533
C_KINGSAFETY:0.4926388737483405
C_PAWNSTRUCTURE:0.5016322766189717
C_PIECECOORDINATION:0.4918756317972397
C_ROOKANDPAWNMOVEMENT:0.4918756317972397
C_CENTERCONTROL:0.47814825592169596
C_DEVELOPPIECES:0.47094514393563464
C_MATERIAL:0.49926393288404397
