ELO:1000
CE_PASSEDPAWNS:0.5
CE_PAWNWEAKNESSES:0.5055516267505334
CE_PIECEACTIVITY:0.5
CE_KINGPAWNSHIELD:0.5
CE_PIECECOORDINATION:0.5062025467308169
CE_MATERIAL:0.49117125942207834
CE_KINGSAFETY:0.502978516260832
C_PIECESQUARETABLES:0.5
C_MOBILITY:0.5
C_KINGSAFETY:0.5100326953031793
C_PAWNSTRUCTURE:0.4894566645713484
C_PIECECOORDINATION:0.5077796728998842
C_ROOK:0.4950328981202959
CE_ROOK:0.5
C_CENTERCONTROL:0.5
C_DEVELOPPIECES:0.5
C_MATERIAL:0.5
C_MOVECOUNT:0.5
C_PAWNMOVEMENT:0.5
