ELO:1023
CE_PASSEDPAWNS:0.46903530374753977
CE_PAWNWEAKNESSES:0.49613758235885475
CE_PIECEACTIVITY:0.49102237647856933
CE_KINGPAWNSHIELD:0.5004594220327684
CE_PIECECOORDINATION:0.49508892530879683
CE_MATERIAL:0.5021127531781417
CE_KINGSAFETY:0.5
C_PIECESQUARETABLES:0.5
C_MOBILITY:0.49731990569851686
C_KINGSAFETY:0.47209926224634857
C_PAWNSTRUCTURE:0.5016208826955667
C_PIECECOORDINATION:0.5400649505094918
C_ROOK:0.43745306951819535
CE_ROOK:0.4935121825709985
C_CENTERCONTROL:0.49591674456893553
C_DEVELOPPIECES:0.48747365082470456
C_MATERIAL:0.48826105598907077
C_MOVECOUNT:0.4805938206986978
C_PAWNMOVEMENT:0.4953020681581354
