ELO:974
CE_PASSEDPAWNS:0.6085791508222704
CE_PAWNWEAKNESSES:0.5199262145919128
CE_PIECEACTIVITY:0.48429798279794717
CE_KINGPAWNSHIELD:0.5030268908795228
CE_PIECECOORDINATION:0.4588206569881069
CE_MATERIAL:0.5154717427719342
CE_KINGSAFETY:0.5
C_PIECESQUARETABLES:0.4723423865485171
C_MOBILITY:0.49896429214417504
C_KINGSAFETY:0.5236997959707751
C_PAWNSTRUCTURE:0.5074622845496078
C_PIECECOORDINATION:0.48313349427667235
C_ROOKANDPAWNMOVEMENT:0.48313349427667235
C_CENTERCONTROL:0.5133405003389857
C_DEVELOPPIECES:0.47262760457633274
C_MATERIAL:0.46321333708030776
C_MOVECOUNT:0.5
