ELO:1070
CE_PASSEDPAWNS:0.4948357643847652
CE_PAWNWEAKNESSES:0.5090178634025811
CE_PIECEACTIVITY:0.49156792977537245
CE_KINGPAWNSHIELD:0.5046887473723781
CE_PIECECOORDINATION:0.5
CE_MATERIAL:0.49117272036972864
CE_KINGSAFETY:0.5
C_PIECESQUARETABLES:0.5
C_MOBILITY:0.5164581125171444
C_KINGSAFETY:0.49574419396020497
C_PAWNSTRUCTURE:0.4951326566476162
C_PIECECOORDINATION:0.5204537975749808
C_ROOK:0.5
CE_ROOK:0.5157836039624435
C_CENTERCONTROL:0.49209401281853055
C_DEVELOPPIECES:0.5006731434501108
C_MATERIAL:0.4995791646442188
C_MOVECOUNT:0.5013822226200452
C_PAWNMOVEMENT:0.506726350232554
