ELO:1048
CE_PASSEDPAWNS:0.49332479993766626
CE_PAWNWEAKNESSES:0.5
CE_PIECEACTIVITY:0.5128904976545524
CE_KINGPAWNSHIELD:0.49470807365182223
CE_PIECECOORDINATION:0.5005688860707546
CE_MATERIAL:0.4903553898285991
CE_KINGSAFETY:0.5076647763308922
C_PIECESQUARETABLES:0.5
C_MOBILITY:0.5
C_KINGSAFETY:0.5
C_PAWNSTRUCTURE:0.4967908055321154
C_PIECECOORDINATION:0.5024570329573468
C_ROOKANDPAWNMOVEMENT:0.5024570329573468
C_CENTERCONTROL:0.5
C_DEVELOPPIECES:0.5
C_MATERIAL:0.5
