ELO:1065
CE_PASSEDPAWNS:0.521696994521181
CE_PAWNWEAKNESSES:0.5016212295851243
CE_PIECEACTIVITY:0.48608314872715286
CE_KINGPAWNSHIELD:0.4943817830274692
CE_PIECECOORDINATION:0.5051767071925631
CE_MATERIAL:0.5061497732106206
CE_KINGSAFETY:0.5
C_PIECESQUARETABLES:0.5
C_MOBILITY:0.5
C_KINGSAFETY:0.5038692944332201
C_PAWNSTRUCTURE:0.5159198244203845
C_PIECECOORDINATION:0.5124872349890299
C_ROOK:0.5118138365292105
CE_ROOK:0.49339661021007886
C_CENTERCONTROL:0.5
C_DEVELOPPIECES:0.47948199150109994
C_MATERIAL:0.4733690730580908
C_MOVECOUNT:0.5
C_PAWNMOVEMENT:0.5158369651114797
