ELO:1060
CE_PASSEDPAWNS:0.5
CE_PAWNWEAKNESSES:0.4924254503572776
CE_PIECEACTIVITY:0.49156792977537245
CE_KINGPAWNSHIELD:0.5007721174266254
CE_PIECECOORDINATION:0.49067908115444525
CE_MATERIAL:0.4840662056925468
CE_KINGSAFETY:0.5
C_PIECESQUARETABLES:0.5
C_MOBILITY:0.5097156983564551
C_KINGSAFETY:0.4957159129901899
C_PAWNSTRUCTURE:0.5
C_PIECECOORDINATION:0.493935076261745
C_ROOK:0.5119277527766181
CE_ROOK:0.48480217721597585
C_CENTERCONTROL:0.5
C_DEVELOPPIECES:0.49547520755593566
C_MATERIAL:0.5104270111795414
C_MOVECOUNT:0.5083426054011211
C_PAWNMOVEMENT:0.506726350232554
