ELO:1000
CE_PASSEDPAWNS:0.5191112507544448
CE_PAWNWEAKNESSES:0.484997600984496
CE_PIECEACTIVITY:0.44356745208582443
CE_KINGPAWNSHIELD:0.5220803469392756
CE_PIECECOORDINATION:0.475977894689733
CE_MATERIAL:0.507436612500288
CE_KINGSAFETY:0.5012419518365883
C_PIECESQUARETABLES:0.5095733755088812
C_MOBILITY:0.48875416165967683
C_KINGSAFETY:0.5126854521776064
C_PAWNSTRUCTURE:0.4665688857160711
C_PIECECOORDINATION:0.4952451479975072
C_ROOKANDPAWNMOVEMENT:0.4952451479975072
C_CENTERCONTROL:0.5095350671480038
C_DEVELOPPIECES:0.4974143435325734
C_MATERIAL:0.5353423113344743
