ELO:976
CE_PASSEDPAWNS:0.516131007562055
CE_PAWNWEAKNESSES:0.5199326571562386
CE_PIECEACTIVITY:0.4985863552814318
CE_KINGPAWNSHIELD:0.510735719198903
CE_PIECECOORDINATION:0.47794984901335236
CE_MATERIAL:0.5049039693100728
CE_KINGSAFETY:0.5036996261588828
C_PIECESQUARETABLES:0.5
C_MOBILITY:0.5137930377586295
C_KINGSAFETY:0.5218682434753334
C_PAWNSTRUCTURE:0.4890113726831047
C_PIECECOORDINATION:0.5118230376840083
C_ROOKANDPAWNMOVEMENT:0.5118230376840083
C_CENTERCONTROL:0.5068816287929345
C_DEVELOPPIECES:0.4838501127908201
C_MATERIAL:0.5033822056138444
C_MOVECOUNT:0.48137084443898165
