ELO:1000
CE_PASSEDPAWNS:0.5
CE_PAWNWEAKNESSES:0.4875441278244786
CE_PIECEACTIVITY:0.48802136443041505
CE_KINGPAWNSHIELD:0.5053066540287229
CE_PIECECOORDINATION:0.5
CE_MATERIAL:0.4993166974803489
CE_KINGSAFETY:0.49778918868537686
C_PIECESQUARETABLES:0.4951921777302099
C_MOBILITY:0.4913179062957256
C_KINGSAFETY:0.4973183165262282
C_PAWNSTRUCTURE:0.47537684184401313
C_PIECECOORDINATION:0.4996295529079512
C_ROOKANDPAWNMOVEMENT:0.4996295529079512
C_CENTERCONTROL:0.5
C_DEVELOPPIECES:0.5108333996594359
C_MATERIAL:0.5
