ELO:900
CE_PASSEDPAWNS:0.5621954972150022
CE_PAWNWEAKNESSES:0.5924652851310163
CE_PIECEACTIVITY:0.5418547591006166
CE_KINGPAWNSHIELD:0.41958518377743476
CE_PIECECOORDINATION:0.4396799924587936
CE_MATERIAL:0.5010554387613596
CE_KINGSAFETY:0.5119754518925245
C_PIECESQUARETABLES:0.5119201189250865
C_MOBILITY:0.38297378168190566
C_KINGSAFETY:0.4749592382979259
C_PAWNSTRUCTURE:0.6632020890698599
C_PIECECOORDINATION:0.5494765621530505
C_ROOKANDPAWNMOVEMENT:0.5494765621530505
C_CENTERCONTROL:0.5675947459957492
C_DEVELOPPIECES:0.3996962663634222
C_MATERIAL:0.5519296777599492
