ELO:997
CE_PASSEDPAWNS:0.5041355501354677
CE_PAWNWEAKNESSES:0.5014967613625388
CE_PIECEACTIVITY:0.4954417750784664
CE_KINGPAWNSHIELD:0.5
CE_PIECECOORDINATION:0.5027055122802715
CE_MATERIAL:0.477948609157501
CE_KINGSAFETY:0.4910713292127424
C_PIECESQUARETABLES:0.5
C_MOBILITY:0.5034879079617159
C_KINGSAFETY:0.5216535991369401
C_PAWNSTRUCTURE:0.5129529383959283
C_PIECECOORDINATION:0.5102636086666356
C_ROOK:0.4816207799376345
CE_ROOK:0.4900143848630074
C_CENTERCONTROL:0.49710670333504237
C_DEVELOPPIECES:0.4924249744185709
C_MATERIAL:0.4906127000444888
C_MOVECOUNT:0.5101881168887433
C_PAWNMOVEMENT:0.51883909106726
