ELO:870
CE_PASSEDPAWNS:0.44709031892062895
CE_PAWNWEAKNESSES:0.4572812060613141
CE_PIECEACTIVITY:0.5379394069504171
CE_KINGPAWNSHIELD:0.5733879269895465
CE_PIECECOORDINATION:0.513673420312176
CE_MATERIAL:0.5416101286400575
CE_KINGSAFETY:0.5
C_PIECESQUARETABLES:0.5
C_MOBILITY:0.4936268208395549
C_KINGSAFETY:0.5230831173300444
C_PAWNSTRUCTURE:0.5093520691468304
C_PIECECOORDINATION:0.5367424805186731
C_ROOKANDPAWNMOVEMENT:0.5367424805186731
C_CENTERCONTROL:0.5642141613100871
C_DEVELOPPIECES:0.5711748563417514
C_MATERIAL:0.46293122400218184
C_MOVECOUNT:0.5
