ELO:1000
CE_PASSEDPAWNS:0.5
CE_PAWNWEAKNESSES:0.4893867130031707
CE_PIECEACTIVITY:0.5
CE_KINGPAWNSHIELD:0.5
CE_PIECECOORDINATION:0.5061405533480655
CE_MATERIAL:0.5025052186615413
CE_KINGSAFETY:0.5075529507379997
C_PIECESQUARETABLES:0.5
C_MOBILITY:0.4999942714494044
C_KINGSAFETY:0.48830118674438716
C_PAWNSTRUCTURE:0.5
C_PIECECOORDINATION:0.4819214294577144
C_ROOKANDPAWNMOVEMENT:0.4819214294577144
C_CENTERCONTROL:0.5
C_DEVELOPPIECES:0.5
C_MATERIAL:0.5
C_MOVECOUNT:0.5
