ELO:886
CE_PASSEDPAWNS:0.5006935217514034
CE_PAWNWEAKNESSES:0.5007612203097662
CE_PIECEACTIVITY:0.5201093014138435
CE_KINGPAWNSHIELD:0.4819840231667053
CE_PIECECOORDINATION:0.47569466178450465
CE_MATERIAL:0.5250378600907504
CE_KINGSAFETY:0.4787540653771412
C_PIECESQUARETABLES:0.5208801608301593
C_MOBILITY:0.47748893026923317
C_KINGSAFETY:0.4991159563961119
C_PAWNSTRUCTURE:0.4704020119197582
C_PIECECOORDINATION:0.5300633442434334
C_ROOKANDPAWNMOVEMENT:0.5300633442434334
C_CENTERCONTROL:0.49273534655852425
C_DEVELOPPIECES:0.5766337711199818
C_MATERIAL:0.5073436374020557
C_MOVECOUNT:0.44973898726919237
