ELO:1049
CE_PASSEDPAWNS:0.5031978076803633
CE_PAWNWEAKNESSES:0.49677715900236685
CE_PIECEACTIVITY:0.4971355680998012
CE_KINGPAWNSHIELD:0.5
CE_PIECECOORDINATION:0.5
CE_MATERIAL:0.5
CE_KINGSAFETY:0.5
C_PIECESQUARETABLES:0.5048520136595429
C_MOBILITY:0.49179893484489584
C_KINGSAFETY:0.4948641049537494
C_PAWNSTRUCTURE:0.4892231671243149
C_PIECECOORDINATION:0.5019082211645594
C_ROOKANDPAWNMOVEMENT:0.5019082211645594
C_CENTERCONTROL:0.49292513857636017
C_DEVELOPPIECES:0.4893030379738053
C_MATERIAL:0.5
