ELO:1026
CE_PASSEDPAWNS:0.48731186364520124
CE_PAWNWEAKNESSES:0.5
CE_PIECEACTIVITY:0.5
CE_KINGPAWNSHIELD:0.5
CE_PIECECOORDINATION:0.5
CE_MATERIAL:0.48334981731956256
CE_KINGSAFETY:0.5
C_PIECESQUARETABLES:0.5
C_MOBILITY:0.5017863872172483
C_KINGSAFETY:0.5069747514965638
C_PAWNSTRUCTURE:0.5
C_PIECECOORDINATION:0.5022691304614819
C_ROOKANDPAWNMOVEMENT:0.5022691304614819
C_CENTERCONTROL:0.4867151030759868
C_DEVELOPPIECES:0.5157724497451844
C_MATERIAL:0.49749781200585314
C_MOVECOUNT:0.5
