ELO:959
CE_PASSEDPAWNS:0.5058823475531271
CE_PAWNWEAKNESSES:0.5842463078323613
CE_PIECEACTIVITY:0.4963001884404865
CE_KINGPAWNSHIELD:0.46324783364129224
CE_PIECECOORDINATION:0.3964706786239176
CE_MATERIAL:0.4936806259448611
CE_KINGSAFETY:0.5065745933962436
C_PIECESQUARETABLES:0.5018137887084049
C_MOBILITY:0.4198995140586388
C_KINGSAFETY:0.5556350522584804
C_PAWNSTRUCTURE:0.5569025441706843
C_PIECECOORDINATION:0.5843311110135236
C_ROOKANDPAWNMOVEMENT:0.5843311110135236
C_CENTERCONTROL:0.5626859569583322
C_DEVELOPPIECES:0.45104778825351943
C_MATERIAL:0.4904126894573915
