ELO:872
CE_PASSEDPAWNS:0.5058293758134452
CE_PAWNWEAKNESSES:0.49968417860115694
CE_PIECEACTIVITY:0.5369472706317132
CE_KINGPAWNSHIELD:0.5079027887409371
CE_PIECECOORDINATION:0.45823057458615923
CE_MATERIAL:0.5130561517230721
CE_KINGSAFETY:0.4982169809596696
C_PIECESQUARETABLES:0.5003508381851112
C_MOBILITY:0.48236444143794954
C_KINGSAFETY:0.4880813860976043
C_PAWNSTRUCTURE:0.4645378046116405
C_PIECECOORDINATION:0.5265948143643067
C_ROOKANDPAWNMOVEMENT:0.5265948143643067
C_CENTERCONTROL:0.4663685028103045
C_DEVELOPPIECES:0.5567488956811311
C_MATERIAL:0.48298191393081435
C_MOVECOUNT:0.4269356261205165
