ELO:963
CE_PASSEDPAWNS:0.5189793476842072
CE_PAWNWEAKNESSES:0.5416420808593235
CE_PIECEACTIVITY:0.5110516379248264
CE_KINGPAWNSHIELD:0.45459278387062857
CE_PIECECOORDINATION:0.3994289566738921
CE_MATERIAL:0.46775474507967735
CE_KINGSAFETY:0.49110079697790415
C_PIECESQUARETABLES:0.5262009308064968
C_MOBILITY:0.4125079624182249
C_KINGSAFETY:0.5380483812501009
C_PAWNSTRUCTURE:0.5601781838749549
C_PIECECOORDINATION:0.5929834654847409
C_ROOKANDPAWNMOVEMENT:0.5929834654847409
C_CENTERCONTROL:0.5416431654350992
C_DEVELOPPIECES:0.46479387319339266
C_MATERIAL:0.4885361469123925
