ELO:979
CE_PASSEDPAWNS:0.45093817032137823
CE_PAWNWEAKNESSES:0.4639336704072728
CE_PIECEACTIVITY:0.37192834049302703
CE_KINGPAWNSHIELD:0.5080322837702356
CE_PIECECOORDINATION:0.6129814371614452
CE_MATERIAL:0.46733916358544925
CE_KINGSAFETY:0.5209362226081548
C_PIECESQUARETABLES:0.5184248561466774
C_MOBILITY:0.43453472929681874
C_KINGSAFETY:0.4757899988964393
C_PAWNSTRUCTURE:0.49431636301618503
C_PIECECOORDINATION:0.494875136496944
C_ROOKANDPAWNMOVEMENT:0.494875136496944
C_CENTERCONTROL:0.47017709900188215
C_DEVELOPPIECES:0.4317716568517568
C_MATERIAL:0.45494999390857205
