ELO:902
CE_PASSEDPAWNS:0.37397443148165255
CE_PAWNWEAKNESSES:0.5806288127287749
CE_PIECEACTIVITY:0.6006338341568868
CE_KINGPAWNSHIELD:0.5277591941193375
CE_PIECECOORDINATION:0.5070550520750393
CE_MATERIAL:0.47642319344619205
CE_KINGSAFETY:0.5
C_PIECESQUARETABLES:0.5
C_MOBILITY:0.34787327425716663
C_KINGSAFETY:0.4470847824821127
C_PAWNSTRUCTURE:0.5210135133649006
C_PIECECOORDINATION:0.5363416836822952
C_ROOKANDPAWNMOVEMENT:0.5363416836822952
C_CENTERCONTROL:0.6031572158244918
C_DEVELOPPIECES:0.6478060330879236
C_MATERIAL:0.5514360756167227
