ELO:784
CE_PASSEDPAWNS:0.4804107944650224
CE_PAWNWEAKNESSES:0.49996965086541795
CE_PIECEACTIVITY:0.5111986506136801
CE_KINGPAWNSHIELD:0.5293818001002304
CE_PIECECOORDINATION:0.5913154571402308
CE_MATERIAL:0.6390772226697427
CE_KINGSAFETY:0.5393321027465997
C_PIECESQUARETABLES:0.46410938082307224
C_MOBILITY:0.5486235967916513
C_KINGSAFETY:0.5686705797363941
C_PAWNSTRUCTURE:0.45387532829045074
C_PIECECOORDINATION:0.5202346735713076
C_ROOKANDPAWNMOVEMENT:0.5202346735713076
C_CENTERCONTROL:0.5383106695436963
C_DEVELOPPIECES:0.4522273805497995
C_MATERIAL:0.46782732488906015
C_MOVECOUNT:0.508880644272023
