ELO:963
CE_PASSEDPAWNS:0.511819584872224
CE_PAWNWEAKNESSES:0.5727980986975314
CE_PIECEACTIVITY:0.5022717001073472
CE_KINGPAWNSHIELD:0.463443000310126
CE_PIECECOORDINATION:0.4123623559813108
CE_MATERIAL:0.4946676001934659
CE_KINGSAFETY:0.5
C_PIECESQUARETABLES:0.5
C_MOBILITY:0.4347034000128464
C_KINGSAFETY:0.541508796709183
C_PAWNSTRUCTURE:0.5807714402644922
C_PIECECOORDINATION:0.5904649470799226
C_ROOKANDPAWNMOVEMENT:0.5904649470799226
C_CENTERCONTROL:0.5562399623586369
C_DEVELOPPIECES:0.4668444881140319
C_MATERIAL:0.49534379889165664
