ELO:988
CE_PASSEDPAWNS:0.4844780344477745
CE_PAWNWEAKNESSES:0.49892125936066584
CE_PIECEACTIVITY:0.40354223764457525
CE_KINGPAWNSHIELD:0.5214763176330025
CE_PIECECOORDINATION:0.5895443193819219
CE_MATERIAL:0.5118755159473123
CE_KINGSAFETY:0.5395882300468018
C_PIECESQUARETABLES:0.5447127173322632
C_MOBILITY:0.4557747659659905
C_KINGSAFETY:0.4518911371338945
C_PAWNSTRUCTURE:0.4420763368347527
C_PIECECOORDINATION:0.49444101957721054
C_ROOKANDPAWNMOVEMENT:0.49444101957721054
C_CENTERCONTROL:0.46837740382839904
C_DEVELOPPIECES:0.49599675110503433
C_MATERIAL:0.4886488825057032
