ELO:1054
CE_PASSEDPAWNS:0.5263766509271866
CE_PAWNWEAKNESSES:0.5
CE_PIECEACTIVITY:0.5180690068294841
CE_KINGPAWNSHIELD:0.5325070833713661
CE_PIECECOORDINATION:0.5074158122845649
CE_MATERIAL:0.5040456915730079
CE_KINGSAFETY:0.5
C_PIECESQUARETABLES:0.5
C_MOBILITY:0.48865540621102704
C_KINGSAFETY:0.4866980623330999
C_PAWNSTRUCTURE:0.5
C_PIECECOORDINATION:0.5256317355684392
C_ROOK:0.49929217242083473
CE_ROOK:0.49050120432589694
C_CENTERCONTROL:0.4925706165565375
C_DEVELOPPIECES:0.5164134484523054
C_MATERIAL:0.49797995460073996
C_MOVECOUNT:0.4779607710318535
C_PAWNMOVEMENT:0.5
