ELO:968
CE_PASSEDPAWNS:0.44469914329103666
CE_PAWNWEAKNESSES:0.3865503364519182
CE_PIECEACTIVITY:0.4461809613271743
CE_KINGPAWNSHIELD:0.580651677290967
CE_PIECECOORDINATION:0.5127005957230413
CE_MATERIAL:0.5747182991978034
CE_KINGSAFETY:0.5487729432244991
C_PIECESQUARETABLES:0.509552540956066
C_MOBILITY:0.5381128281777443
C_KINGSAFETY:0.49549463870278393
C_PAWNSTRUCTURE:0.4379014101524798
C_PIECECOORDINATION:0.42783560540525284
C_ROOKANDPAWNMOVEMENT:0.42783560540525284
C_CENTERCONTROL:0.41573434334623277
C_DEVELOPPIECES:0.40726651549377224
C_MATERIAL:0.5349605967365123
