ELO:1000
CE_PASSEDPAWNS:0.4732201480338675
CE_PAWNWEAKNESSES:0.46056394781722426
CE_PIECEACTIVITY:0.4595693867582122
CE_KINGPAWNSHIELD:0.48972969564657276
CE_PIECECOORDINATION:0.5286454509414262
CE_MATERIAL:0.4828283977431753
CE_KINGSAFETY:0.5093450899871944
C_PIECESQUARETABLES:0.4825645776642703
C_MOBILITY:0.46618644529881853
C_KINGSAFETY:0.48125085396641804
C_PAWNSTRUCTURE:0.47725167168281496
C_PIECECOORDINATION:0.4974486447322833
C_ROOKANDPAWNMOVEMENT:0.4974486447322833
C_CENTERCONTROL:0.48514467481685253
C_DEVELOPPIECES:0.5191612994572397
C_MATERIAL:0.4926413816804318
