ELO:988
CE_PASSEDPAWNS:0.4779721794809661
CE_PAWNWEAKNESSES:0.49892125936066584
CE_PIECEACTIVITY:0.41206223552603966
CE_KINGPAWNSHIELD:0.5170430223452994
CE_PIECECOORDINATION:0.5943407013532849
CE_MATERIAL:0.525499843874673
CE_KINGSAFETY:0.5424061638790926
C_PIECESQUARETABLES:0.5537162105454008
C_MOBILITY:0.46180972974375833
C_KINGSAFETY:0.4618026915439743
C_PAWNSTRUCTURE:0.469980589720128
C_PIECECOORDINATION:0.5008035372001888
C_ROOKANDPAWNMOVEMENT:0.5008035372001888
C_CENTERCONTROL:0.4722385100013045
C_DEVELOPPIECES:0.4956024157177922
C_MATERIAL:0.4740489348952429
