ELO:1072
CE_PASSEDPAWNS:0.49244450137678064
CE_PAWNWEAKNESSES:0.5
CE_PIECEACTIVITY:0.5
CE_KINGPAWNSHIELD:0.5002514042906095
CE_PIECECOORDINATION:0.5063329275755295
CE_MATERIAL:0.5043812163470417
CE_KINGSAFETY:0.48881475368205757
C_PIECESQUARETABLES:0.5
C_MOBILITY:0.5
C_KINGSAFETY:0.5
C_PAWNSTRUCTURE:0.5047636744040566
C_PIECECOORDINATION:0.5124505130025703
C_ROOK:0.49977484436432357
CE_ROOK:0.5
C_CENTERCONTROL:0.5299982789373977
C_DEVELOPPIECES:0.4924542313572364
C_MATERIAL:0.4992123053455677
C_MOVECOUNT:0.4843572589500642
C_PAWNMOVEMENT:0.48587318781248506
