ELO:1000
CE_PASSEDPAWNS:0.48876840517319203
CE_PAWNWEAKNESSES:0.5149527270295865
CE_PIECEACTIVITY:0.4936510733455934
CE_KINGPAWNSHIELD:0.5051339854010908
CE_PIECECOORDINATION:0.5369289734722454
CE_MATERIAL:0.48006758379665304
CE_KINGSAFETY:0.48640519733140547
C_PIECESQUARETABLES:0.5126406168743378
C_MOBILITY:0.4891463595521894
C_KINGSAFETY:0.4992623448304455
C_PAWNSTRUCTURE:0.49263696462543904
C_PIECECOORDINATION:0.49251128961737717
C_ROOKANDPAWNMOVEMENT:0.49251128961737717
C_CENTERCONTROL:0.4826349646331556
C_DEVELOPPIECES:0.4925096712329399
C_MATERIAL:0.48462154435767363
