ELO:996
CE_PASSEDPAWNS:0.5065544711831181
CE_PAWNWEAKNESSES:0.49013580748733393
CE_PIECEACTIVITY:0.4878280008435626
CE_KINGPAWNSHIELD:0.4897221814340309
CE_PIECECOORDINATION:0.5027055122802715
CE_MATERIAL:0.47884885688276346
CE_KINGSAFETY:0.4910713292127424
C_PIECESQUARETABLES:0.5255515472091564
C_MOBILITY:0.5034879079617159
C_KINGSAFETY:0.5216535991369401
C_PAWNSTRUCTURE:0.5217618395827441
C_PIECECOORDINATION:0.5102636086666356
C_ROOK:0.4816207799376345
CE_ROOK:0.49843674665816157
C_CENTERCONTROL:0.5122099633707705
C_DEVELOPPIECES:0.4858370168251461
C_MATERIAL:0.4906127000444888
C_MOVECOUNT:0.4898412665334365
C_PAWNMOVEMENT:0.5278075332446813
