ELO:859
CE_PASSEDPAWNS:0.4988981385203068
CE_PAWNWEAKNESSES:0.5226585810497913
CE_PIECEACTIVITY:0.5402506624439469
CE_KINGPAWNSHIELD:0.4967023575575072
CE_PIECECOORDINATION:0.4516126572574828
CE_MATERIAL:0.5127364561433622
CE_KINGSAFETY:0.5077071244697249
C_PIECESQUARETABLES:0.5094667981054467
C_MOBILITY:0.480668616808694
C_KINGSAFETY:0.502975084486024
C_PAWNSTRUCTURE:0.48342303204603876
C_PIECECOORDINATION:0.5229909562582002
C_ROOKANDPAWNMOVEMENT:0.5229909562582002
C_CENTERCONTROL:0.46505898940929324
C_DEVELOPPIECES:0.5667514282009409
C_MATERIAL:0.478632987627297
C_MOVECOUNT:0.41152873243413945
