ELO:1027
CE_PASSEDPAWNS:0.5053826840901197
CE_PAWNWEAKNESSES:0.5
CE_PIECEACTIVITY:0.5
CE_KINGPAWNSHIELD:0.491808772964203
CE_PIECECOORDINATION:0.5021899361712049
CE_MATERIAL:0.5
CE_KINGSAFETY:0.4985302939832885
C_PIECESQUARETABLES:0.4930166658383369
C_MOBILITY:0.4980778526949128
C_KINGSAFETY:0.46936250757784115
C_PAWNSTRUCTURE:0.5076642951288322
C_PIECECOORDINATION:0.4953752329696148
C_ROOKANDPAWNMOVEMENT:0.4953752329696148
C_CENTERCONTROL:0.49710960859590547
C_DEVELOPPIECES:0.500551570163137
C_MATERIAL:0.5136104316220422
