ELO:965
CE_PASSEDPAWNS:0.4537509443902872
CE_PAWNWEAKNESSES:0.48321564978216475
CE_PIECEACTIVITY:0.39505991377375793
CE_KINGPAWNSHIELD:0.5136603066659755
CE_PIECECOORDINATION:0.5958709539765408
CE_MATERIAL:0.5033823740505624
CE_KINGSAFETY:0.5097097591827763
C_PIECESQUARETABLES:0.4921293702968452
C_MOBILITY:0.43161285606196004
C_KINGSAFETY:0.48255372984706973
C_PAWNSTRUCTURE:0.4959760528842489
C_PIECECOORDINATION:0.4611305879510728
C_ROOKANDPAWNMOVEMENT:0.4611305879510728
C_CENTERCONTROL:0.48792284880782205
C_DEVELOPPIECES:0.477253781518054
C_MATERIAL:0.48344775264519263
