ELO:987
CE_PASSEDPAWNS:0.44524121346052214
CE_PAWNWEAKNESSES:0.43301734263773944
CE_PIECEACTIVITY:0.38586562781306677
CE_KINGPAWNSHIELD:0.5163965735804593
CE_PIECECOORDINATION:0.6194466344732619
CE_MATERIAL:0.47102482903059195
CE_KINGSAFETY:0.5173868285657325
C_PIECESQUARETABLES:0.5035197836886127
C_MOBILITY:0.4242809637386746
C_KINGSAFETY:0.48000744805949164
C_PAWNSTRUCTURE:0.4799631914252034
C_PIECECOORDINATION:0.5081443862970187
C_ROOKANDPAWNMOVEMENT:0.5081443862970187
C_CENTERCONTROL:0.47479919130523823
C_DEVELOPPIECES:0.40548532836533124
C_MATERIAL:0.4762357285620035
