ELO:1013
CE_PASSEDPAWNS:0.514187820709761
CE_PAWNWEAKNESSES:0.46355633804754093
CE_PIECEACTIVITY:0.46412040464483145
CE_KINGPAWNSHIELD:0.44808151996461554
CE_PIECECOORDINATION:0.5
CE_MATERIAL:0.5
CE_KINGSAFETY:0.5
C_PIECESQUARETABLES:0.5
C_MOBILITY:0.49212784292846895
C_KINGSAFETY:0.49177238848985383
C_PAWNSTRUCTURE:0.5
C_PIECECOORDINATION:0.4889508474526632
C_ROOKANDPAWNMOVEMENT:0.4889508474526632
C_CENTERCONTROL:0.5197224502329442
C_DEVELOPPIECES:0.511097129087071
C_MATERIAL:0.5053504753230864
C_MOVECOUNT:0.4903623413497951
