ELO:1020
CE_PASSEDPAWNS:0.5
CE_PAWNWEAKNESSES:0.5
CE_PIECEACTIVITY:0.5101344758176581
CE_KINGPAWNSHIELD:0.5115956860240443
CE_PIECECOORDINATION:0.5
CE_MATERIAL:0.5189615516504803
CE_KINGSAFETY:0.5
C_PIECESQUARETABLES:0.5
C_MOBILITY:0.5110295679649414
C_KINGSAFETY:0.5
C_PAWNSTRUCTURE:0.5
C_PIECECOORDINATION:0.5
C_ROOKANDPAWNMOVEMENT:0.5
C_CENTERCONTROL:0.5
C_DEVELOPPIECES:0.5102890557375814
C_MATERIAL:0.5095662347524706
C_MOVECOUNT:0.5
