ELO:935
CE_PASSEDPAWNS:0.4541635897682113
CE_PAWNWEAKNESSES:0.44574405132424094
CE_PIECEACTIVITY:0.4490304664085703
CE_KINGPAWNSHIELD:0.4872954499387019
CE_PIECECOORDINATION:0.6143227021914764
CE_MATERIAL:0.5111411612687886
CE_KINGSAFETY:0.48514239024430195
C_PIECESQUARETABLES:0.49593524910434267
C_MOBILITY:0.4285844642230038
C_KINGSAFETY:0.29029821053834987
C_PAWNSTRUCTURE:0.5105263272371319
C_PIECECOORDINATION:0.5328977002670547
C_ROOKANDPAWNMOVEMENT:0.5328977002670547
C_CENTERCONTROL:0.48686523097271095
C_DEVELOPPIECES:0.46326815477840366
C_MATERIAL:0.4313179037719224
