ELO:1000
CE_PASSEDPAWNS:0.6066723340723834
CE_PAWNWEAKNESSES:0.4795665951872614
CE_PIECEACTIVITY:0.5070406177349492
CE_KINGPAWNSHIELD:0.5221936340950667
CE_PIECECOORDINATION:0.5331474189539204
CE_MATERIAL:0.48978271780595883
CE_KINGSAFETY:0.4854784196329742
C_PIECESQUARETABLES:0.5417130526030239
C_MOBILITY:0.4271625967110434
C_KINGSAFETY:0.49532854290176603
C_PAWNSTRUCTURE:0.538347277626372
C_PIECECOORDINATION:0.48543405381537924
C_ROOKANDPAWNMOVEMENT:0.48543405381537924
C_CENTERCONTROL:0.4550715218256773
C_DEVELOPPIECES:0.479103856077292
C_MATERIAL:0.5749765925640151
