ELO:1012
CE_PASSEDPAWNS:0.5
CE_PAWNWEAKNESSES:0.49944935462294293
CE_PIECEACTIVITY:0.5
CE_KINGPAWNSHIELD:0.5
CE_PIECECOORDINATION:0.5003431257994139
CE_MATERIAL:0.5101871601149466
CE_KINGSAFETY:0.4793237593749786
C_PIECESQUARETABLES:0.5
C_MOBILITY:0.5017631126804445
C_KINGSAFETY:0.49892374725924393
C_PAWNSTRUCTURE:0.5
C_PIECECOORDINATION:0.504171301491856
C_ROOKANDPAWNMOVEMENT:0.504171301491856
C_CENTERCONTROL:0.5
C_DEVELOPPIECES:0.5
C_MATERIAL:0.5
C_MOVECOUNT:0.5
