ELO:1309
CE_PASSEDPAWNS:0.5242284781791774
CE_PAWNWEAKNESSES:0.5918317009246495
CE_PIECEACTIVITY:0.5522746466820494
CE_KINGPAWNSHIELD:0.4865580759825473
CE_PIECECOORDINATION:0.4750539677990743
CE_MATERIAL:0.4243291042867296
CE_KINGSAFETY:0.5
C_PIECESQUARETABLES:0.49058598871998493
C_MOBILITY:0.41817269878520513
C_KINGSAFETY:0.3995663984708149
C_PAWNSTRUCTURE:0.5210605745565869
C_PIECECOORDINATION:0.49798522590450817
C_ROOKANDPAWNMOVEMENT:0.49798522590450817
C_CENTERCONTROL:0.5065719737628811
C_DEVELOPPIECES:0.44076046893686394
C_MATERIAL:0.5848954930776346
