ELO:899
CE_PASSEDPAWNS:0.49751979968279836
CE_PAWNWEAKNESSES:0.47560217471913274
CE_PIECEACTIVITY:0.5160141164007939
CE_KINGPAWNSHIELD:0.5877424171041302
CE_PIECECOORDINATION:0.492073201697817
CE_MATERIAL:0.52869016849088
CE_KINGSAFETY:0.4963044720651495
C_PIECESQUARETABLES:0.49488443036366303
C_MOBILITY:0.47362232487774125
C_KINGSAFETY:0.4818597374766278
C_PAWNSTRUCTURE:0.5532345285105502
C_PIECECOORDINATION:0.4923590755523158
C_ROOKANDPAWNMOVEMENT:0.4923590755523158
C_CENTERCONTROL:0.47248478229993934
C_DEVELOPPIECES:0.4978355081720824
C_MATERIAL:0.564505292529623
C_MOVECOUNT:0.47412804783485285
