ELO:924
CE_PASSEDPAWNS:0.5090837126578484
CE_PAWNWEAKNESSES:0.5299455933700713
CE_PIECEACTIVITY:0.5067681349061307
CE_KINGPAWNSHIELD:0.47385303509332766
CE_PIECECOORDINATION:0.5095246905645282
CE_MATERIAL:0.4375451296936985
CE_KINGSAFETY:0.49446891449739877
C_PIECESQUARETABLES:0.4922825372140453
C_MOBILITY:0.564006609567697
C_KINGSAFETY:0.5268497222992007
C_PAWNSTRUCTURE:0.5289432655155142
C_PIECECOORDINATION:0.43967335425228543
C_ROOK:0.5232909609838641
CE_ROOK:0.49109492610401917
C_CENTERCONTROL:0.5146776439447156
C_DEVELOPPIECES:0.5185478094621094
C_MATERIAL:0.5188203796773995
C_MOVECOUNT:0.4664127411478637
C_PAWNMOVEMENT:0.526495176954313
