ELO:935
CE_PASSEDPAWNS:0.44060974324990687
CE_PAWNWEAKNESSES:0.47407995647556983
CE_PIECEACTIVITY:0.43009382731057116
CE_KINGPAWNSHIELD:0.5121266269642354
CE_PIECECOORDINATION:0.5734320643526972
CE_MATERIAL:0.5098051489947143
CE_KINGSAFETY:0.5
C_PIECESQUARETABLES:0.4950614877357054
C_MOBILITY:0.43462497202764955
C_KINGSAFETY:0.3174633661476782
C_PAWNSTRUCTURE:0.5391924644584674
C_PIECECOORDINATION:0.5587739976682538
C_ROOKANDPAWNMOVEMENT:0.5587739976682538
C_CENTERCONTROL:0.500109187396799
C_DEVELOPPIECES:0.4806170163243572
C_MATERIAL:0.4277756291139773
