ELO:1091
CE_PASSEDPAWNS:0.45061124524920176
CE_PAWNWEAKNESSES:0.5041265753607868
CE_PIECEACTIVITY:0.45583243086291814
CE_KINGPAWNSHIELD:0.4678128804903949
CE_PIECECOORDINATION:0.4539174284849001
CE_MATERIAL:0.4025040745033645
CE_KINGSAFETY:0.4749511837468755
C_PIECESQUARETABLES:0.5167666551467874
C_MOBILITY:0.505803300021704
C_KINGSAFETY:0.5133229334848709
C_PAWNSTRUCTURE:0.44111273268084006
C_PIECECOORDINATION:0.3531194786629931
C_ROOKANDPAWNMOVEMENT:0.3531194786629931
C_CENTERCONTROL:0.5447375726184945
C_DEVELOPPIECES:0.5896110059163883
C_MATERIAL:0.4073474203952967
