ELO:999
CE_PASSEDPAWNS:0.4962312985752848
CE_PAWNWEAKNESSES:0.5081457595936835
CE_PIECEACTIVITY:0.5
CE_KINGPAWNSHIELD:0.4955808259643845
CE_PIECECOORDINATION:0.5
CE_MATERIAL:0.5
CE_KINGSAFETY:0.5192620671208257
C_PIECESQUARETABLES:0.49638668872243824
C_MOBILITY:0.5
C_KINGSAFETY:0.5
C_PAWNSTRUCTURE:0.49295982272603445
C_PIECECOORDINATION:0.5
C_ROOKANDPAWNMOVEMENT:0.5
C_CENTERCONTROL:0.5
C_DEVELOPPIECES:0.49403735640327145
C_MATERIAL:0.5197204142458162
C_MOVECOUNT:0.5045681461816617
