ELO:938
CE_PASSEDPAWNS:0.442953374345969
CE_PAWNWEAKNESSES:0.4719142879698113
CE_PIECEACTIVITY:0.4303103013568835
CE_KINGPAWNSHIELD:0.521109563403061
CE_PIECECOORDINATION:0.5497063790953647
CE_MATERIAL:0.5099315456089913
CE_KINGSAFETY:0.5
C_PIECESQUARETABLES:0.5045865722018981
C_MOBILITY:0.4331358225519351
C_KINGSAFETY:0.32818121970132846
C_PAWNSTRUCTURE:0.5423235096370429
C_PIECECOORDINATION:0.5639450929579186
C_ROOKANDPAWNMOVEMENT:0.5639450929579186
C_CENTERCONTROL:0.508249521708309
C_DEVELOPPIECES:0.49308281376109436
C_MATERIAL:0.4301677427218133
