ELO:972
CE_PASSEDPAWNS:0.436305317659278
CE_PAWNWEAKNESSES:0.45912151459407186
CE_PIECEACTIVITY:0.452670036083352
CE_KINGPAWNSHIELD:0.5076748568847418
CE_PIECECOORDINATION:0.5653135392838591
CE_MATERIAL:0.5005618284986096
CE_KINGSAFETY:0.5
C_PIECESQUARETABLES:0.49106403818877015
C_MOBILITY:0.4705622025521824
C_KINGSAFETY:0.3188218631180157
C_PAWNSTRUCTURE:0.6021639907812154
C_PIECECOORDINATION:0.5762667728510015
C_ROOKANDPAWNMOVEMENT:0.5762667728510015
C_CENTERCONTROL:0.5412786965111607
C_DEVELOPPIECES:0.45781630950700297
C_MATERIAL:0.49505618609413876
