ELO:970
CE_PASSEDPAWNS:0.6063911877506596
CE_PAWNWEAKNESSES:0.3880947342882194
CE_PIECEACTIVITY:0.4591799898956185
CE_KINGPAWNSHIELD:0.542126946387983
CE_PIECECOORDINATION:0.49816760832892165
CE_MATERIAL:0.5295011516480281
CE_KINGSAFETY:0.5072578844177075
C_PIECESQUARETABLES:0.5126061645955791
C_MOBILITY:0.4206950588958067
C_KINGSAFETY:0.3975627277081186
C_PAWNSTRUCTURE:0.5717125863793678
C_PIECECOORDINATION:0.4967036080664942
C_ROOKANDPAWNMOVEMENT:0.4967036080664942
C_CENTERCONTROL:0.5072574775524117
C_DEVELOPPIECES:0.5991219108480049
C_MATERIAL:0.6304331609507501
