ELO:1252
CE_PASSEDPAWNS:0.3884433492842242
CE_PAWNWEAKNESSES:0.45753908675987287
CE_PIECEACTIVITY:0.39635184151541014
CE_KINGPAWNSHIELD:0.44600764767306644
CE_PIECECOORDINATION:0.49409961300625693
CE_MATERIAL:0.4616417505080219
CE_KINGSAFETY:0.5
C_PIECESQUARETABLES:0.5
C_MOBILITY:0.3910770357088864
C_KINGSAFETY:0.40220539142586287
C_PAWNSTRUCTURE:0.5233585227687203
C_PIECECOORDINATION:0.5546562877460437
C_ROOKANDPAWNMOVEMENT:0.5546562877460437
C_CENTERCONTROL:0.5141888635703844
C_DEVELOPPIECES:0.4558360349969171
C_MATERIAL:0.6152375411669072
