ELO:1166
CE_PASSEDPAWNS:0.47121509640258147
CE_PAWNWEAKNESSES:0.5795836939355303
CE_PIECEACTIVITY:0.39635184151541014
CE_KINGPAWNSHIELD:0.4628065437446107
CE_PIECECOORDINATION:0.5228665876218258
CE_MATERIAL:0.4701053431366152
CE_KINGSAFETY:0.5
C_PIECESQUARETABLES:0.5
C_MOBILITY:0.3728157766794673
C_KINGSAFETY:0.39018265585092654
C_PAWNSTRUCTURE:0.6053318156205673
C_PIECECOORDINATION:0.5842283600812508
C_ROOKANDPAWNMOVEMENT:0.5842283600812508
C_CENTERCONTROL:0.49784192412231143
C_DEVELOPPIECES:0.49052078031268176
C_MATERIAL:0.6828983766046607
