ELO:981
CE_PASSEDPAWNS:0.5958906824368941
CE_PAWNWEAKNESSES:0.4216446636093957
CE_PIECEACTIVITY:0.47321209879580023
CE_KINGPAWNSHIELD:0.5318502803717804
CE_PIECECOORDINATION:0.4973322001003759
CE_MATERIAL:0.5240807184665781
CE_KINGSAFETY:0.5078578033667297
C_PIECESQUARETABLES:0.5127400025086576
C_MOBILITY:0.41353619905887956
C_KINGSAFETY:0.4504944986614011
C_PAWNSTRUCTURE:0.5995103759536635
C_PIECECOORDINATION:0.4906435374213414
C_ROOKANDPAWNMOVEMENT:0.4906435374213414
C_CENTERCONTROL:0.4784283396234256
C_DEVELOPPIECES:0.5877231542169209
C_MATERIAL:0.5916078494101034
