ELO:977
CE_PASSEDPAWNS:0.5865471122251399
CE_PAWNWEAKNESSES:0.41099652877864706
CE_PIECEACTIVITY:0.46092876049639464
CE_KINGPAWNSHIELD:0.5390776109444889
CE_PIECECOORDINATION:0.4975623528695536
CE_MATERIAL:0.5103100385029607
CE_KINGSAFETY:0.5129268938326004
C_PIECESQUARETABLES:0.5165082426696739
C_MOBILITY:0.4169310420314497
C_KINGSAFETY:0.4592285087025871
C_PAWNSTRUCTURE:0.5748346127694872
C_PIECECOORDINATION:0.5072806741797845
C_ROOKANDPAWNMOVEMENT:0.5072806741797845
C_CENTERCONTROL:0.5090537519268488
C_DEVELOPPIECES:0.6189409616447414
C_MATERIAL:0.6040255422095113
