ELO:1068
CE_PASSEDPAWNS:0.4709723953360862
CE_PAWNWEAKNESSES:0.4998053760019773
CE_PIECEACTIVITY:0.5678025737615707
CE_KINGPAWNSHIELD:0.4673828515858111
CE_PIECECOORDINATION:0.4667355712362197
CE_MATERIAL:0.3963786524687434
CE_KINGSAFETY:0.49516417821962194
C_PIECESQUARETABLES:0.5037215259062984
C_MOBILITY:0.5253830342158371
C_KINGSAFETY:0.5822599043150353
C_PAWNSTRUCTURE:0.4435409706474529
C_PIECECOORDINATION:0.36416622459056114
C_ROOKANDPAWNMOVEMENT:0.36416622459056114
C_CENTERCONTROL:0.48715889490210224
C_DEVELOPPIECES:0.5100075160882741
C_MATERIAL:0.40713918715261455
