ELO:975
CE_PASSEDPAWNS:0.5060933124779854
CE_PAWNWEAKNESSES:0.465514878325829
CE_PIECEACTIVITY:0.518867181798545
CE_KINGPAWNSHIELD:0.45991051541874617
CE_PIECECOORDINATION:0.4957497799061962
CE_MATERIAL:0.5057868009040061
CE_KINGSAFETY:0.5105662328952029
C_PIECESQUARETABLES:0.5045840196835418
C_MOBILITY:0.4793732472139371
C_KINGSAFETY:0.4724484612446818
C_PAWNSTRUCTURE:0.5102588015450917
C_PIECECOORDINATION:0.5130644488620716
C_ROOKANDPAWNMOVEMENT:0.5130644488620716
C_CENTERCONTROL:0.5110241249673448
C_DEVELOPPIECES:0.48086106773767473
C_MATERIAL:0.4802653844177258
C_MOVECOUNT:0.5170119211652172
