ELO:1009
CE_PASSEDPAWNS:0.4854518242787903
CE_PAWNWEAKNESSES:0.5069638650467257
CE_PIECEACTIVITY:0.5072060357961394
CE_KINGPAWNSHIELD:0.49211925696973596
CE_PIECECOORDINATION:0.5108081253128148
CE_MATERIAL:0.48586418651431307
CE_KINGSAFETY:0.502181281550438
C_PIECESQUARETABLES:0.5
C_MOBILITY:0.5100560395093428
C_KINGSAFETY:0.5172554147528261
C_PAWNSTRUCTURE:0.5364061236193125
C_PIECECOORDINATION:0.5121050469388952
C_ROOK:0.5118431356592666
CE_ROOK:0.5145982078896261
C_CENTERCONTROL:0.5084466575339579
C_DEVELOPPIECES:0.5040758665649581
C_MATERIAL:0.5204285917368057
C_MOVECOUNT:0.4862623940448467
C_PAWNMOVEMENT:0.4904153688958037
