ELO:995
CE_PASSEDPAWNS:0.4909365187904263
CE_PAWNWEAKNESSES:0.4983169191772964
CE_PIECEACTIVITY:0.5062639497140066
CE_KINGPAWNSHIELD:0.49781576428642127
CE_PIECECOORDINATION:0.5085631249714376
CE_MATERIAL:0.5039439783246372
CE_KINGSAFETY:0.495081054755676
C_PIECESQUARETABLES:0.4907097794983078
C_MOBILITY:0.4822170997683515
C_KINGSAFETY:0.49752836746642
C_PAWNSTRUCTURE:0.5180714528689527
C_PIECECOORDINATION:0.5073125692331665
C_ROOKANDPAWNMOVEMENT:0.5073125692331665
C_CENTERCONTROL:0.48726517719809737
C_DEVELOPPIECES:0.529033815586088
C_MATERIAL:0.5
C_MOVECOUNT:0.5252513972019021
