ELO:993
CE_PASSEDPAWNS:0.3671258369474086
CE_PAWNWEAKNESSES:0.5259008112610276
CE_PIECEACTIVITY:0.5975814565428466
CE_KINGPAWNSHIELD:0.4141554128278837
CE_PIECECOORDINATION:0.44538019471221774
CE_MATERIAL:0.5543312360437946
CE_KINGSAFETY:0.5
C_PIECESQUARETABLES:0.5
C_MOBILITY:0.580479941274235
C_KINGSAFETY:0.561813286641225
C_PAWNSTRUCTURE:0.3974960377332616
C_PIECECOORDINATION:0.5562674503149065
C_ROOKANDPAWNMOVEMENT:0.5562674503149065
C_CENTERCONTROL:0.3628208528192532
C_DEVELOPPIECES:0.5933423053266473
C_MATERIAL:0.6828983766046607
