ELO:957
CE_PASSEDPAWNS:0.5167729526740119
CE_PAWNWEAKNESSES:0.5326571881097958
CE_PIECEACTIVITY:0.5163973436816319
CE_KINGPAWNSHIELD:0.4658652779431515
CE_PIECECOORDINATION:0.5159300657528216
CE_MATERIAL:0.43280086307175003
CE_KINGSAFETY:0.5
C_PIECESQUARETABLES:0.5
C_MOBILITY:0.5593657745931734
C_KINGSAFETY:0.5007823349856159
C_PAWNSTRUCTURE:0.5423530285161888
C_PIECECOORDINATION:0.44708049712381864
C_ROOK:0.5228772196986851
CE_ROOK:0.4828817110036927
C_CENTERCONTROL:0.5119827647940439
C_DEVELOPPIECES:0.508281792436788
C_MATERIAL:0.5190335788083672
C_MOVECOUNT:0.45246140505117016
C_PAWNMOVEMENT:0.5138322882019339
