ELO:987
CE_PASSEDPAWNS:0.49880657378492
CE_PAWNWEAKNESSES:0.5014761951319117
CE_PIECEACTIVITY:0.5
CE_KINGPAWNSHIELD:0.5082624706124927
CE_PIECECOORDINATION:0.4906766657138189
CE_MATERIAL:0.5
CE_KINGSAFETY:0.49984373973887697
C_PIECESQUARETABLES:0.5028150748241706
C_MOBILITY:0.5
C_KINGSAFETY:0.5087041562465028
C_PAWNSTRUCTURE:0.49000367520849847
C_PIECECOORDINATION:0.4952000651296386
C_ROOKANDPAWNMOVEMENT:0.4952000651296386
C_CENTERCONTROL:0.49402003840460573
C_DEVELOPPIECES:0.5
C_MATERIAL:0.5
C_MOVECOUNT:0.5178300760862605
