ELO:988
CE_PASSEDPAWNS:0.5040325685512028
CE_PAWNWEAKNESSES:0.4906367177962688
CE_PIECEACTIVITY:0.5
CE_KINGPAWNSHIELD:0.511711379210136
CE_PIECECOORDINATION:0.4980583288411507
CE_MATERIAL:0.4964289202665503
CE_KINGSAFETY:0.5058672049859999
C_PIECESQUARETABLES:0.49114630046338226
C_MOBILITY:0.5040318393762299
C_KINGSAFETY:0.5
C_PAWNSTRUCTURE:0.5054424899558378
C_PIECECOORDINATION:0.49067350578248103
C_ROOK:0.5122392565712094
CE_ROOK:0.4976867265232163
C_CENTERCONTROL:0.5087058580295213
C_DEVELOPPIECES:0.5076791233273773
C_MATERIAL:0.4952419273627439
C_MOVECOUNT:0.4984159751068748
C_PAWNMOVEMENT:0.5054126127929647
