ELO:927
CE_PASSEDPAWNS:0.44083805226923267
CE_PAWNWEAKNESSES:0.4661820982663091
CE_PIECEACTIVITY:0.4560185967066373
CE_KINGPAWNSHIELD:0.49621722736829244
CE_PIECECOORDINATION:0.5951566429519289
CE_MATERIAL:0.5164201297143631
CE_KINGSAFETY:0.491770628940317
C_PIECESQUARETABLES:0.5105893270960058
C_MOBILITY:0.43299226551014247
C_KINGSAFETY:0.31396010581751066
C_PAWNSTRUCTURE:0.5319071141598838
C_PIECECOORDINATION:0.5514706208773201
C_ROOKANDPAWNMOVEMENT:0.5514706208773201
C_CENTERCONTROL:0.4908442780290328
C_DEVELOPPIECES:0.4836398203601351
C_MATERIAL:0.4163048252760135
