ELO:1155
CE_PASSEDPAWNS:0.39792981371987557
CE_PAWNWEAKNESSES:0.5766202175451366
CE_PIECEACTIVITY:0.4134837075561627
CE_KINGPAWNSHIELD:0.4434919210077699
CE_PIECECOORDINATION:0.5326794059991441
CE_MATERIAL:0.35943910720682276
CE_KINGSAFETY:0.5
C_PIECESQUARETABLES:0.5
C_MOBILITY:0.37900462905485344
C_KINGSAFETY:0.39012888053233563
C_PAWNSTRUCTURE:0.5234919025841215
C_PIECECOORDINATION:0.6034186844261449
C_ROOKANDPAWNMOVEMENT:0.6034186844261449
C_CENTERCONTROL:0.4770636599416912
C_DEVELOPPIECES:0.5684118937704338
C_MATERIAL:0.6320895787071104
