ELO:1042
CE_PASSEDPAWNS:0.489087324765298
CE_PAWNWEAKNESSES:0.4979446209632804
CE_PIECEACTIVITY:0.5099979087104214
CE_KINGPAWNSHIELD:0.4998219103617872
CE_PIECECOORDINATION:0.491468146052992
CE_MATERIAL:0.4879047183619308
CE_KINGSAFETY:0.4984522663729636
C_PIECESQUARETABLES:0.5
C_MOBILITY:0.5114156134937939
C_KINGSAFETY:0.49959222365660655
C_PAWNSTRUCTURE:0.5033465386594131
C_PIECECOORDINATION:0.5027332759501226
C_ROOKANDPAWNMOVEMENT:0.5027332759501226
C_CENTERCONTROL:0.5260389880695284
C_DEVELOPPIECES:0.5
C_MATERIAL:0.5
C_MOVECOUNT:0.5
