ELO:1000
CE_PASSEDPAWNS:0.596942617372631
CE_PAWNWEAKNESSES:0.46683775319937143
CE_PIECEACTIVITY:0.4968601052129516
CE_KINGPAWNSHIELD:0.5000574435759289
CE_PIECECOORDINATION:0.5355734178559864
CE_MATERIAL:0.4928414123108004
CE_KINGSAFETY:0.4894199322878796
C_PIECESQUARETABLES:0.5417130526030239
C_MOBILITY:0.4171371769831646
C_KINGSAFETY:0.5154644124553358
C_PAWNSTRUCTURE:0.5391304906768626
C_PIECECOORDINATION:0.46141038070280477
C_ROOKANDPAWNMOVEMENT:0.46141038070280477
C_CENTERCONTROL:0.45223371336969603
C_DEVELOPPIECES:0.4805452233245708
C_MATERIAL:0.592947369023923
