ELO:977
CE_PASSEDPAWNS:0.596911400660774
CE_PAWNWEAKNESSES:0.4033564918321422
CE_PIECEACTIVITY:0.4511064933449617
CE_KINGPAWNSHIELD:0.5390776109444889
CE_PIECECOORDINATION:0.496542916037637
CE_MATERIAL:0.5090029222404151
CE_KINGSAFETY:0.5225429794118902
C_PIECESQUARETABLES:0.5165082426696739
C_MOBILITY:0.4169310420314497
C_KINGSAFETY:0.45365872333600665
C_PAWNSTRUCTURE:0.5778281934089706
C_PIECECOORDINATION:0.49745043647687165
C_ROOKANDPAWNMOVEMENT:0.49745043647687165
C_CENTERCONTROL:0.5090537519268488
C_DEVELOPPIECES:0.6189409616447414
C_MATERIAL:0.6040255422095113
