ELO:1004
CE_PASSEDPAWNS:0.4450996415146517
CE_PAWNWEAKNESSES:0.44862329930459477
CE_PIECEACTIVITY:0.47373775835766324
CE_KINGPAWNSHIELD:0.49973589831790366
CE_PIECECOORDINATION:0.5304103717641687
CE_MATERIAL:0.5344236088880308
CE_KINGSAFETY:0.487666153137771
C_PIECESQUARETABLES:0.4969888229977051
C_MOBILITY:0.4733407306231113
C_KINGSAFETY:0.3437456834775366
C_PAWNSTRUCTURE:0.5733456609012929
C_PIECECOORDINATION:0.5940188455568061
C_ROOKANDPAWNMOVEMENT:0.5940188455568061
C_CENTERCONTROL:0.5135248021736233
C_DEVELOPPIECES:0.4796492666416364
C_MATERIAL:0.47841496114323134
