ELO:819
CE_PASSEDPAWNS:0.619453448269586
CE_PAWNWEAKNESSES:0.5615843708942494
CE_PIECEACTIVITY:0.4127989635593231
CE_KINGPAWNSHIELD:0.6219948947214358
CE_PIECECOORDINATION:0.41115119917394927
CE_MATERIAL:0.530406051424869
CE_KINGSAFETY:0.4939699724894732
C_PIECESQUARETABLES:0.47390091179087285
C_MOBILITY:0.34701173983291433
C_KINGSAFETY:0.5708446543821886
C_PAWNSTRUCTURE:0.5026718624273951
C_PIECECOORDINATION:0.45147713145822826
C_ROOKANDPAWNMOVEMENT:0.45147713145822826
C_CENTERCONTROL:0.4911722061813981
C_DEVELOPPIECES:0.5413869652869393
C_MATERIAL:0.48811086044623986
