ELO:925
CE_PASSEDPAWNS:0.5004973275864547
CE_PAWNWEAKNESSES:0.523144352701521
CE_PIECEACTIVITY:0.497793785103773
CE_KINGPAWNSHIELD:0.4948042741892502
CE_PIECECOORDINATION:0.49284890728712116
CE_MATERIAL:0.4697057784545684
CE_KINGSAFETY:0.5022895274027857
C_PIECESQUARETABLES:0.503814965682392
C_MOBILITY:0.543290308333669
C_KINGSAFETY:0.5116050087900362
C_PAWNSTRUCTURE:0.5542941919940689
C_PIECECOORDINATION:0.49110643376148094
C_ROOK:0.5032407461979833
CE_ROOK:0.5043330524437278
C_CENTERCONTROL:0.5066957402581272
C_DEVELOPPIECES:0.5137561606560642
C_MATERIAL:0.5212233902665483
C_MOVECOUNT:0.47805220260423503
C_PAWNMOVEMENT:0.47242277152291856
