ELO:981
CE_PASSEDPAWNS:0.4909365187904263
CE_PAWNWEAKNESSES:0.5074758959541201
CE_PIECEACTIVITY:0.48911389737385846
CE_KINGPAWNSHIELD:0.47414700408321264
CE_PIECECOORDINATION:0.5194252148474532
CE_MATERIAL:0.5
CE_KINGSAFETY:0.5019105468809685
C_PIECESQUARETABLES:0.48953867154437664
C_MOBILITY:0.4995052156253718
C_KINGSAFETY:0.5
C_PAWNSTRUCTURE:0.501185547118648
C_PIECECOORDINATION:0.4926230241354604
C_ROOKANDPAWNMOVEMENT:0.4926230241354604
C_CENTERCONTROL:0.49910424357457034
C_DEVELOPPIECES:0.49558290919693815
C_MATERIAL:0.5
C_MOVECOUNT:0.5088217435533797
