ELO:1102
CE_PASSEDPAWNS:0.448118629177048
CE_PAWNWEAKNESSES:0.4534489024032259
CE_PIECEACTIVITY:0.47707812532962285
CE_KINGPAWNSHIELD:0.4827665340674688
CE_PIECECOORDINATION:0.4803925721213925
CE_MATERIAL:0.3963786524687434
CE_KINGSAFETY:0.48979445082194906
C_PIECESQUARETABLES:0.5014482751761484
C_MOBILITY:0.4215614682755068
C_KINGSAFETY:0.49099670580490096
C_PAWNSTRUCTURE:0.395713761123267
C_PIECECOORDINATION:0.4993744602511813
C_ROOKANDPAWNMOVEMENT:0.4993744602511813
C_CENTERCONTROL:0.5916556751746048
C_DEVELOPPIECES:0.5034004472324135
C_MATERIAL:0.42313680084695815
