ELO:860
CE_PASSEDPAWNS:0.6142847832008794
CE_PAWNWEAKNESSES:0.5753194960019375
CE_PIECEACTIVITY:0.44667780213098346
CE_KINGPAWNSHIELD:0.6092080048799574
CE_PIECECOORDINATION:0.3969024223849121
CE_MATERIAL:0.5314473497759428
CE_KINGSAFETY:0.4879758933252553
C_PIECESQUARETABLES:0.4939173889973275
C_MOBILITY:0.35224898227550777
C_KINGSAFETY:0.5606519194504547
C_PAWNSTRUCTURE:0.5087692396767804
C_PIECECOORDINATION:0.4660316557826008
C_ROOKANDPAWNMOVEMENT:0.4660316557826008
C_CENTERCONTROL:0.4856175765725136
C_DEVELOPPIECES:0.5697640695935596
C_MATERIAL:0.4960174973889273
