ELO:1074
CE_PASSEDPAWNS:0.3762865664206616
CE_PAWNWEAKNESSES:0.45753908675987287
CE_PIECEACTIVITY:0.45271969066834933
CE_KINGPAWNSHIELD:0.44600764767306644
CE_PIECECOORDINATION:0.5034178423725996
CE_MATERIAL:0.3542837688018669
CE_KINGSAFETY:0.5
C_PIECESQUARETABLES:0.504649134088341
C_MOBILITY:0.37157049262550695
C_KINGSAFETY:0.35557480878985126
C_PAWNSTRUCTURE:0.46730990204242734
C_PIECECOORDINATION:0.5408113181649312
C_ROOKANDPAWNMOVEMENT:0.5408113181649312
C_CENTERCONTROL:0.48833387149675983
C_DEVELOPPIECES:0.5528173797779841
C_MATERIAL:0.5374311168607242
