ELO:996
CE_PASSEDPAWNS:0.4854518242787903
CE_PAWNWEAKNESSES:0.5092498192983036
CE_PIECEACTIVITY:0.5072060357961394
CE_KINGPAWNSHIELD:0.49378540740672655
CE_PIECECOORDINATION:0.5108081253128148
CE_MATERIAL:0.47422784205525453
CE_KINGSAFETY:0.5129980238965672
C_PIECESQUARETABLES:0.5052327793352324
C_MOBILITY:0.5100560395093428
C_KINGSAFETY:0.5141836388934073
C_PAWNSTRUCTURE:0.5361694345845087
C_PIECECOORDINATION:0.5072535961008605
C_ROOK:0.5118431356592666
CE_ROOK:0.5145982078896261
C_CENTERCONTROL:0.5081366677299317
C_DEVELOPPIECES:0.5098693346607038
C_MATERIAL:0.5204285917368057
C_MOVECOUNT:0.4862623940448467
C_PAWNMOVEMENT:0.4904153688958037
