ELO:833
CE_PASSEDPAWNS:0.5033648958951003
CE_PAWNWEAKNESSES:0.5573784174737564
CE_PIECEACTIVITY:0.44581972736952113
CE_KINGPAWNSHIELD:0.5281030599928715
CE_PIECECOORDINATION:0.48502720624815104
CE_MATERIAL:0.5191085556526996
CE_KINGSAFETY:0.512826005962788
C_PIECESQUARETABLES:0.5054200592827734
C_MOBILITY:0.5077252080799161
C_KINGSAFETY:0.5059651042228017
C_PAWNSTRUCTURE:0.502395244953435
C_PIECECOORDINATION:0.5288171350054653
C_ROOKANDPAWNMOVEMENT:0.5288171350054653
C_CENTERCONTROL:0.5303660485890717
C_DEVELOPPIECES:0.5019371030035057
C_MATERIAL:0.5064428130982136
C_MOVECOUNT:0.5
