ELO:884
CE_PASSEDPAWNS:0.533576022534597
CE_PAWNWEAKNESSES:0.38388904893372994
CE_PIECEACTIVITY:0.43175508344672153
CE_KINGPAWNSHIELD:0.49198561185429956
CE_PIECECOORDINATION:0.4826357545468607
CE_MATERIAL:0.542802889090997
CE_KINGSAFETY:0.5350649280780687
C_PIECESQUARETABLES:0.5436557997362917
C_MOBILITY:0.38497714798805155
C_KINGSAFETY:0.4302684178275966
C_PAWNSTRUCTURE:0.538848197083716
C_PIECECOORDINATION:0.49650600072345547
C_ROOKANDPAWNMOVEMENT:0.49650600072345547
C_CENTERCONTROL:0.5299582832172354
C_DEVELOPPIECES:0.6181831411848705
C_MATERIAL:0.6615872988822231
