ELO:1078
CE_PASSEDPAWNS:0.4638668402751234
CE_PAWNWEAKNESSES:0.5148985687481132
CE_PIECEACTIVITY:0.49396512537463233
CE_KINGPAWNSHIELD:0.4888918305924861
CE_PIECECOORDINATION:0.5
CE_MATERIAL:0.4893915985208783
CE_KINGSAFETY:0.5
C_PIECESQUARETABLES:0.49815228117642446
C_MOBILITY:0.5
C_KINGSAFETY:0.549090814316327
C_PAWNSTRUCTURE:0.5124255132059794
C_PIECECOORDINATION:0.5071308200154621
C_ROOKANDPAWNMOVEMENT:0.5071308200154621
C_CENTERCONTROL:0.44788069469553177
C_DEVELOPPIECES:0.5096379307570734
C_MATERIAL:0.49071763279882036
C_MOVECOUNT:0.5
