ELO:843
CE_PASSEDPAWNS:0.5201894679468243
CE_PAWNWEAKNESSES:0.5466564202537957
CE_PIECEACTIVITY:0.44137593307054773
CE_KINGPAWNSHIELD:0.5060869654880431
CE_PIECECOORDINATION:0.49384929865890786
CE_MATERIAL:0.5026090058955063
CE_KINGSAFETY:0.5146443317413572
C_PIECESQUARETABLES:0.48538877469572395
C_MOBILITY:0.514362503236248
C_KINGSAFETY:0.5392025174837922
C_PAWNSTRUCTURE:0.5193512394658598
C_PIECECOORDINATION:0.512352830716118
C_ROOKANDPAWNMOVEMENT:0.512352830716118
C_CENTERCONTROL:0.5015774692455698
C_DEVELOPPIECES:0.48427915773583535
C_MATERIAL:0.5490291482508765
C_MOVECOUNT:0.5
