ELO:1077
CE_PASSEDPAWNS:0.5
CE_PAWNWEAKNESSES:0.49415818582131726
CE_PIECEACTIVITY:0.5
CE_KINGPAWNSHIELD:0.5
CE_PIECECOORDINATION:0.5
CE_MATERIAL:0.5
CE_KINGSAFETY:0.48275900286779766
C_PIECESQUARETABLES:0.5000524342322819
C_MOBILITY:0.5082713691140142
C_KINGSAFETY:0.5
C_PAWNSTRUCTURE:0.510139060055273
C_PIECECOORDINATION:0.5029845342968464
C_ROOKANDPAWNMOVEMENT:0.5029845342968464
C_CENTERCONTROL:0.49859980135396315
C_DEVELOPPIECES:0.49243933321477734
C_MATERIAL:0.5
