ELO:1050
CE_PASSEDPAWNS:0.3762865664206616
CE_PAWNWEAKNESSES:0.43355434220033207
CE_PIECEACTIVITY:0.45271969066834933
CE_KINGPAWNSHIELD:0.5193975284710797
CE_PIECECOORDINATION:0.532691344258474
CE_MATERIAL:0.37049330157018157
CE_KINGSAFETY:0.5
C_PIECESQUARETABLES:0.5050357504578937
C_MOBILITY:0.38199997811389763
C_KINGSAFETY:0.35557480878985126
C_PAWNSTRUCTURE:0.5584186759862515
C_PIECECOORDINATION:0.49350886085864354
C_ROOKANDPAWNMOVEMENT:0.49350886085864354
C_CENTERCONTROL:0.50587676241103
C_DEVELOPPIECES:0.49052078031268176
C_MATERIAL:0.6285834285287608
