ELO:1269
CE_PASSEDPAWNS:0.4015345199837102
CE_PAWNWEAKNESSES:0.5513869754291566
CE_PIECEACTIVITY:0.44561656406994316
CE_KINGPAWNSHIELD:0.4675483960701007
CE_PIECECOORDINATION:0.5464076372288086
CE_MATERIAL:0.34433591284733017
CE_KINGSAFETY:0.5
C_PIECESQUARETABLES:0.48942782384160843
C_MOBILITY:0.44009280725563155
C_KINGSAFETY:0.3960437240447382
C_PAWNSTRUCTURE:0.6059616060781821
C_PIECECOORDINATION:0.5785132467773747
C_ROOKANDPAWNMOVEMENT:0.5785132467773747
C_CENTERCONTROL:0.5298254162019529
C_DEVELOPPIECES:0.4725698550021297
C_MATERIAL:0.622840321325036
