ELO:940
CE_PASSEDPAWNS:0.5090837126578484
CE_PAWNWEAKNESSES:0.5299455933700713
CE_PIECEACTIVITY:0.5163973436816319
CE_KINGPAWNSHIELD:0.47385303509332766
CE_PIECECOORDINATION:0.5095246905645282
CE_MATERIAL:0.4421781252369927
CE_KINGSAFETY:0.49446891449739877
C_PIECESQUARETABLES:0.5
C_MOBILITY:0.5593657745931734
C_KINGSAFETY:0.5200184658899919
C_PAWNSTRUCTURE:0.5350713154903615
C_PIECECOORDINATION:0.44078971629442554
C_ROOK:0.514449111308139
CE_ROOK:0.4828817110036927
C_CENTERCONTROL:0.5101348480496791
C_DEVELOPPIECES:0.508281792436788
C_MATERIAL:0.5188203796773995
C_MOVECOUNT:0.4623774966276177
C_PAWNMOVEMENT:0.516775462851106
