ELO:974
CE_PASSEDPAWNS:0.6037337042141795
CE_PAWNWEAKNESSES:0.4355612590744571
CE_PIECEACTIVITY:0.47765980425939003
CE_KINGPAWNSHIELD:0.5034551286313579
CE_PIECECOORDINATION:0.5474573086401536
CE_MATERIAL:0.48416339781461026
CE_KINGSAFETY:0.48705017070192885
C_PIECESQUARETABLES:0.5541906642084069
C_MOBILITY:0.39984933021727226
C_KINGSAFETY:0.5257448573159096
C_PAWNSTRUCTURE:0.5589671826749973
C_PIECECOORDINATION:0.4590206501863774
C_ROOKANDPAWNMOVEMENT:0.4590206501863774
C_CENTERCONTROL:0.4369944866231017
C_DEVELOPPIECES:0.48598951366100274
C_MATERIAL:0.5788186409033457
