ELO:939
CE_PASSEDPAWNS:0.5594156281374855
CE_PAWNWEAKNESSES:0.3846610083631849
CE_PIECEACTIVITY:0.4602003401079866
CE_KINGPAWNSHIELD:0.5006499444482446
CE_PIECECOORDINATION:0.4715272734096283
CE_MATERIAL:0.5253476923394379
CE_KINGSAFETY:0.5347976525303955
C_PIECESQUARETABLES:0.5074451801843348
C_MOBILITY:0.4174034603413768
C_KINGSAFETY:0.3791819744341762
C_PAWNSTRUCTURE:0.5706407529725921
C_PIECECOORDINATION:0.4918558292705961
C_ROOKANDPAWNMOVEMENT:0.4918558292705961
C_CENTERCONTROL:0.5132939789385024
C_DEVELOPPIECES:0.6110865552254455
C_MATERIAL:0.6461374947833599
