ELO:1011
CE_PASSEDPAWNS:0.5093617801679587
CE_PAWNWEAKNESSES:0.49779198515278755
CE_PIECEACTIVITY:0.5081428449506048
CE_KINGPAWNSHIELD:0.4916248360282206
CE_PIECECOORDINATION:0.5111219369916008
CE_MATERIAL:0.5053158047786451
CE_KINGSAFETY:0.5108601492462789
C_PIECESQUARETABLES:0.5
C_MOBILITY:0.4993584478047666
C_KINGSAFETY:0.5078806639432877
C_PAWNSTRUCTURE:0.497351998811893
C_PIECECOORDINATION:0.5022182890471137
C_ROOKANDPAWNMOVEMENT:0.5022182890471137
C_CENTERCONTROL:0.5224991601149508
C_DEVELOPPIECES:0.49135084863707934
C_MATERIAL:0.503139937784933
