ELO:1000
CE_PASSEDPAWNS:0.5691142005405028
CE_PAWNWEAKNESSES:0.5084572833264244
CE_PIECEACTIVITY:0.4848965396746179
CE_KINGPAWNSHIELD:0.49098757898034306
CE_PIECECOORDINATION:0.5125539313797091
CE_MATERIAL:0.48169426390389175
CE_KINGSAFETY:0.46765913349236465
C_PIECESQUARETABLES:0.5255354066990153
C_MOBILITY:0.475058618901243
C_KINGSAFETY:0.5113838875884118
C_PAWNSTRUCTURE:0.5033250223870785
C_PIECECOORDINATION:0.48559783625592345
C_ROOKANDPAWNMOVEMENT:0.48559783625592345
C_CENTERCONTROL:0.46645006805813316
C_DEVELOPPIECES:0.4609639646331406
C_MATERIAL:0.5560030892993688
