ELO:972
CE_PASSEDPAWNS:0.5312506075481385
CE_PAWNWEAKNESSES:0.4810154632597126
CE_PIECEACTIVITY:0.523020847384099
CE_KINGPAWNSHIELD:0.5209753668472222
CE_PIECECOORDINATION:0.5537157110403398
CE_MATERIAL:0.4971496982971243
CE_KINGSAFETY:0.5084967961340481
C_PIECESQUARETABLES:0.46784177931663357
C_MOBILITY:0.5247929248492743
C_KINGSAFETY:0.5099685954623585
C_PAWNSTRUCTURE:0.5178368842756755
C_PIECECOORDINATION:0.49101661185250156
C_ROOKANDPAWNMOVEMENT:0.49101661185250156
C_CENTERCONTROL:0.5239107629994144
C_DEVELOPPIECES:0.5436331230362085
C_MATERIAL:0.4512799354158448
C_MOVECOUNT:0.48151578354916447
