ELO:1254
CE_PASSEDPAWNS:0.5054419572349982
CE_PAWNWEAKNESSES:0.5918317009246495
CE_PIECEACTIVITY:0.5534854626346359
CE_KINGPAWNSHIELD:0.4865580759825473
CE_PIECECOORDINATION:0.4653773167762487
CE_MATERIAL:0.43782023180886875
CE_KINGSAFETY:0.5032111149155277
C_PIECESQUARETABLES:0.4967940637107755
C_MOBILITY:0.43382270013628105
C_KINGSAFETY:0.4022970408714912
C_PAWNSTRUCTURE:0.5965506141169289
C_PIECECOORDINATION:0.5450051674444382
C_ROOKANDPAWNMOVEMENT:0.5450051674444382
C_CENTERCONTROL:0.5617370007991924
C_DEVELOPPIECES:0.522277324323065
C_MATERIAL:0.6207155360252895
