ELO:937
CE_PASSEDPAWNS:0.5004973275864547
CE_PAWNWEAKNESSES:0.5147414907986446
CE_PIECEACTIVITY:0.497793785103773
CE_KINGPAWNSHIELD:0.5053045497958355
CE_PIECECOORDINATION:0.4975651459043123
CE_MATERIAL:0.4697057784545684
CE_KINGSAFETY:0.5056401719352737
C_PIECESQUARETABLES:0.5
C_MOBILITY:0.543290308333669
C_KINGSAFETY:0.5072761412393668
C_PAWNSTRUCTURE:0.549737437859925
C_PIECECOORDINATION:0.4935394855635478
C_ROOK:0.5085144406312707
CE_ROOK:0.5043330524437278
C_CENTERCONTROL:0.5066957402581272
C_DEVELOPPIECES:0.5137561606560642
C_MATERIAL:0.5212233902665483
C_MOVECOUNT:0.4819646913259975
C_PAWNMOVEMENT:0.4715742901003312
