ELO:786
CE_PASSEDPAWNS:0.5743636259020642
CE_PAWNWEAKNESSES:0.49089863596638256
CE_PIECEACTIVITY:0.49140699546181743
CE_KINGPAWNSHIELD:0.3339746547622079
CE_PIECECOORDINATION:0.40139648235688213
CE_MATERIAL:0.43230648152697454
CE_KINGSAFETY:0.498363470707691
C_PIECESQUARETABLES:0.44270563530992174
C_MOBILITY:0.5339881108407479
C_KINGSAFETY:0.5250716223267102
C_PAWNSTRUCTURE:0.5968339528014598
C_PIECECOORDINATION:0.4300556082599047
C_ROOKANDPAWNMOVEMENT:0.4300556082599047
C_CENTERCONTROL:0.5774745632751999
C_DEVELOPPIECES:0.49853504797417963
C_MATERIAL:0.5500084708983252
