ELO:1254
CE_PASSEDPAWNS:0.44263635990380534
CE_PAWNWEAKNESSES:0.49847165541394234
CE_PIECEACTIVITY:0.45364952219460847
CE_KINGPAWNSHIELD:0.48462237388668
CE_PIECECOORDINATION:0.5065239077532891
CE_MATERIAL:0.34433591284733017
CE_KINGSAFETY:0.5
C_PIECESQUARETABLES:0.5
C_MOBILITY:0.3465104698062914
C_KINGSAFETY:0.39915668343505367
C_PAWNSTRUCTURE:0.5511810051279755
C_PIECECOORDINATION:0.5726966305992744
C_ROOKANDPAWNMOVEMENT:0.5726966305992744
C_CENTERCONTROL:0.47463163103333544
C_DEVELOPPIECES:0.4332909592322626
C_MATERIAL:0.6065845498679263
