ELO:957
CE_PASSEDPAWNS:0.49681729093263816
CE_PAWNWEAKNESSES:0.5126883478944191
CE_PIECEACTIVITY:0.49976389129249427
CE_KINGPAWNSHIELD:0.48486193145666356
CE_PIECECOORDINATION:0.48691348669960555
CE_MATERIAL:0.5090341444231582
CE_KINGSAFETY:0.49791737784508944
C_PIECESQUARETABLES:0.49604690372927995
C_MOBILITY:0.5161086521474604
C_KINGSAFETY:0.4867457812060136
C_PAWNSTRUCTURE:0.5377008389601065
C_PIECECOORDINATION:0.5158180569992665
C_ROOK:0.48714412257113726
CE_ROOK:0.49384438345778076
C_CENTERCONTROL:0.5119112574492632
C_DEVELOPPIECES:0.5330767773516426
C_MATERIAL:0.4790523925293389
C_MOVECOUNT:0.5078825343229472
C_PAWNMOVEMENT:0.557879593712817
