ELO:985
CE_PASSEDPAWNS:0.49478240698500875
CE_PAWNWEAKNESSES:0.4950088805619317
CE_PIECEACTIVITY:0.5001005599423218
CE_KINGPAWNSHIELD:0.518715205773192
CE_PIECECOORDINATION:0.4877003093964108
CE_MATERIAL:0.5048337303873842
CE_KINGSAFETY:0.49652637319282994
C_PIECESQUARETABLES:0.5054634970639856
C_MOBILITY:0.4963872518720802
C_KINGSAFETY:0.4976141671752233
C_PAWNSTRUCTURE:0.4925056157526653
C_PIECECOORDINATION:0.492168926111325
C_ROOK:0.4845315545972285
CE_ROOK:0.5092014779062192
C_CENTERCONTROL:0.5028021181256384
C_DEVELOPPIECES:0.4830564544835591
C_MATERIAL:0.5125645508571971
C_MOVECOUNT:0.5161080674464089
C_PAWNMOVEMENT:0.5106723808582307
