ELO:884
CE_PASSEDPAWNS:0.4790865233630207
CE_PAWNWEAKNESSES:0.5449042903166027
CE_PIECEACTIVITY:0.5085502690938286
CE_KINGPAWNSHIELD:0.5093832530283308
CE_PIECECOORDINATION:0.49070544052621917
CE_MATERIAL:0.47996066998636033
CE_KINGSAFETY:0.4949971157326166
C_PIECESQUARETABLES:0.507712814165007
C_MOBILITY:0.48910924996218014
C_KINGSAFETY:0.49747232470211983
C_PAWNSTRUCTURE:0.49136310421746254
C_PIECECOORDINATION:0.41046342189997054
C_ROOKANDPAWNMOVEMENT:0.41046342189997054
C_CENTERCONTROL:0.4695711761194287
C_DEVELOPPIECES:0.5303478782339865
C_MATERIAL:0.48638367842144775
C_MOVECOUNT:0.5078388078294152
