ELO:987
CE_PASSEDPAWNS:0.49603670843356185
CE_PAWNWEAKNESSES:0.503093283565917
CE_PIECEACTIVITY:0.5090098894250885
CE_KINGPAWNSHIELD:0.518715205773192
CE_PIECECOORDINATION:0.4877003093964108
CE_MATERIAL:0.5047761182845465
CE_KINGSAFETY:0.4937467083860787
C_PIECESQUARETABLES:0.5054634970639856
C_MOBILITY:0.494873695993248
C_KINGSAFETY:0.4976141671752233
C_PAWNSTRUCTURE:0.5048904820217787
C_PIECECOORDINATION:0.49218157850359856
C_ROOK:0.4844215523966388
CE_ROOK:0.5092014779062192
C_CENTERCONTROL:0.5028021181256384
C_DEVELOPPIECES:0.48549180393590013
C_MATERIAL:0.5125645508571971
C_MOVECOUNT:0.5128408198727841
C_PAWNMOVEMENT:0.5106723808582307
