ELO:999
CE_PASSEDPAWNS:0.3156853351328332
CE_PAWNWEAKNESSES:0.5513886850729168
CE_PIECEACTIVITY:0.528417245308946
CE_KINGPAWNSHIELD:0.4568212273249115
CE_PIECECOORDINATION:0.5503649009705387
CE_MATERIAL:0.5844489799207492
CE_KINGSAFETY:0.5025170141734273
C_PIECESQUARETABLES:0.48934928811594586
C_MOBILITY:0.4799262693544722
C_KINGSAFETY:0.4272029534491564
C_PAWNSTRUCTURE:0.5054727505542232
C_PIECECOORDINATION:0.41819455821890456
C_ROOKANDPAWNMOVEMENT:0.41819455821890456
C_CENTERCONTROL:0.42695079818343956
C_DEVELOPPIECES:0.5834567778731663
C_MATERIAL:0.5790599351562706
