ELO:989
CE_PASSEDPAWNS:0.4538418976613921
CE_PAWNWEAKNESSES:0.5349242429911555
CE_PIECEACTIVITY:0.4981425225512198
CE_KINGPAWNSHIELD:0.5190580385242864
CE_PIECECOORDINATION:0.5651556625331268
CE_MATERIAL:0.5037616499708569
CE_KINGSAFETY:0.4742328142409417
C_PIECESQUARETABLES:0.5228206994879899
C_MOBILITY:0.5485262186289598
C_KINGSAFETY:0.3928325202379103
C_PAWNSTRUCTURE:0.49733643428274854
C_PIECECOORDINATION:0.46802476783255653
C_ROOKANDPAWNMOVEMENT:0.46802476783255653
C_CENTERCONTROL:0.528053453201781
C_DEVELOPPIECES:0.5626409273710031
C_MATERIAL:0.4233889833220961
