ELO:1000
CE_PASSEDPAWNS:0.4591829262119079
CE_PAWNWEAKNESSES:0.5079236093331861
CE_PIECEACTIVITY:0.4752621199042661
CE_KINGPAWNSHIELD:0.4797065541787683
CE_PIECECOORDINATION:0.4868763182238245
CE_MATERIAL:0.5112771527319178
CE_KINGSAFETY:0.4877559611481346
C_PIECESQUARETABLES:0.5142980798218467
C_MOBILITY:0.4869036794426496
C_KINGSAFETY:0.49607512800014864
C_PAWNSTRUCTURE:0.46202070550616253
C_PIECECOORDINATION:0.511871139318595
C_ROOKANDPAWNMOVEMENT:0.511871139318595
C_CENTERCONTROL:0.5069391783202818
C_DEVELOPPIECES:0.4916123279565031
C_MATERIAL:0.5440334200340653
