ELO:985
CE_PASSEDPAWNS:0.4954576004669208
CE_PAWNWEAKNESSES:0.4950088805619317
CE_PIECEACTIVITY:0.4991794090291704
CE_KINGPAWNSHIELD:0.518715205773192
CE_PIECECOORDINATION:0.475736690117724
CE_MATERIAL:0.49888513114830546
CE_KINGSAFETY:0.48856000918003434
C_PIECESQUARETABLES:0.5134847714571236
C_MOBILITY:0.49381577644724023
C_KINGSAFETY:0.4976141671752233
C_PAWNSTRUCTURE:0.49840221258909617
C_PIECECOORDINATION:0.492168926111325
C_ROOK:0.4845315545972285
CE_ROOK:0.5092014779062192
C_CENTERCONTROL:0.4905218251984915
C_DEVELOPPIECES:0.4880940114127432
C_MATERIAL:0.5113489512803376
C_MOVECOUNT:0.5161080674464089
C_PAWNMOVEMENT:0.5107379009278713
