ELO:1000
CE_PASSEDPAWNS:0.42961776394998574
CE_PAWNWEAKNESSES:0.5394522099332459
CE_PIECEACTIVITY:0.48470902787331493
CE_KINGPAWNSHIELD:0.49277356331544275
CE_PIECECOORDINATION:0.5768453801796303
CE_MATERIAL:0.5133628898812186
CE_KINGSAFETY:0.5251352068095898
C_PIECESQUARETABLES:0.5448253380402651
C_MOBILITY:0.4593956867795625
C_KINGSAFETY:0.48209790651737267
C_PAWNSTRUCTURE:0.47640713057644585
C_PIECECOORDINATION:0.4652112910892218
C_ROOKANDPAWNMOVEMENT:0.4652112910892218
C_CENTERCONTROL:0.4948449974119827
C_DEVELOPPIECES:0.5142413497514655
C_MATERIAL:0.4747166397078857
