ELO:668
CE_PASSEDPAWNS:0.5083400753032473
CE_PAWNWEAKNESSES:0.4246649222377812
CE_PIECEACTIVITY:0.40872063897527205
CE_KINGPAWNSHIELD:0.6338157970176521
CE_PIECECOORDINATION:0.3954411250141143
CE_MATERIAL:0.63094527943072
CE_KINGSAFETY:0.42038208953769834
C_PIECESQUARETABLES:0.5141213270241975
C_MOBILITY:0.5362612623094491
C_KINGSAFETY:0.46289535502248963
C_PAWNSTRUCTURE:0.5282811588084058
C_PIECECOORDINATION:0.5013073277203156
C_ROOKANDPAWNMOVEMENT:0.5013073277203156
C_CENTERCONTROL:0.4982634709597975
C_DEVELOPPIECES:0.41858284494571957
C_MATERIAL:0.44539402637510017
C_MOVECOUNT:0.5457786142361968
