ELO:1000
CE_PASSEDPAWNS:0.3555544505378296
CE_PAWNWEAKNESSES:0.5263921905028716
CE_PIECEACTIVITY:0.5133187156648931
CE_KINGPAWNSHIELD:0.4573277051087839
CE_PIECECOORDINATION:0.5407397680397944
CE_MATERIAL:0.5724756616135921
CE_KINGSAFETY:0.5051319854953541
C_PIECESQUARETABLES:0.5022328969052703
C_MOBILITY:0.46368906129527965
C_KINGSAFETY:0.4377098116523409
C_PAWNSTRUCTURE:0.5054727505542232
C_PIECECOORDINATION:0.4312421921306494
C_ROOKANDPAWNMOVEMENT:0.4312421921306494
C_CENTERCONTROL:0.4586336769840693
C_DEVELOPPIECES:0.5878747120456358
C_MATERIAL:0.5748765748086866
