ELO:799
CE_PASSEDPAWNS:0.46199388089318866
CE_PAWNWEAKNESSES:0.5135309190552086
CE_PIECEACTIVITY:0.49421876906324563
CE_KINGPAWNSHIELD:0.48894970873052657
CE_PIECECOORDINATION:0.5248785265656052
CE_MATERIAL:0.4788206029486832
CE_KINGSAFETY:0.45137985624419646
C_PIECESQUARETABLES:0.5105524607413059
C_MOBILITY:0.4882914424389258
C_KINGSAFETY:0.5244825711916844
C_PAWNSTRUCTURE:0.5132837789521426
C_PIECECOORDINATION:0.45276646354149036
C_ROOKANDPAWNMOVEMENT:0.45276646354149036
C_CENTERCONTROL:0.5085137898989619
C_DEVELOPPIECES:0.543554386407541
C_MATERIAL:0.4914045520365087
C_MOVECOUNT:0.46821166978513806
