ELO:1000
CE_PASSEDPAWNS:0.5306457625222996
CE_PAWNWEAKNESSES:0.5029212249596864
CE_PIECEACTIVITY:0.4550450837758396
CE_KINGPAWNSHIELD:0.51399552776147
CE_PIECECOORDINATION:0.43207517315961014
CE_MATERIAL:0.5721847414563456
CE_KINGSAFETY:0.48623920741106097
C_PIECESQUARETABLES:0.5631849944348611
C_MOBILITY:0.5398553002608862
C_KINGSAFETY:0.42919680376579006
C_PAWNSTRUCTURE:0.44968709981238464
C_PIECECOORDINATION:0.47491201655386556
C_ROOKANDPAWNMOVEMENT:0.47491201655386556
C_CENTERCONTROL:0.561234466806516
C_DEVELOPPIECES:0.5453930778993527
C_MATERIAL:0.5886013522973761
