ELO:991
CE_PASSEDPAWNS:0.5457345729423272
CE_PAWNWEAKNESSES:0.4747266971979074
CE_PIECEACTIVITY:0.5281331285244105
CE_KINGPAWNSHIELD:0.5599465954910741
CE_PIECECOORDINATION:0.4873148072767114
CE_MATERIAL:0.5030403841932721
CE_KINGSAFETY:0.5
C_PIECESQUARETABLES:0.4932285329034772
C_MOBILITY:0.6160241770592331
C_KINGSAFETY:0.5555396845641076
C_PAWNSTRUCTURE:0.5006281247243053
C_PIECECOORDINATION:0.5562674503149065
C_ROOKANDPAWNMOVEMENT:0.5562674503149065
C_CENTERCONTROL:0.4232839890040019
C_DEVELOPPIECES:0.5933423053266473
C_MATERIAL:0.6804169176712044
