ELO:1002
CE_PASSEDPAWNS:0.5
CE_PAWNWEAKNESSES:0.5257260574701174
CE_PIECEACTIVITY:0.5029137128813425
CE_KINGPAWNSHIELD:0.489990728373937
CE_PIECECOORDINATION:0.5188944128792926
CE_MATERIAL:0.4933268137058907
CE_KINGSAFETY:0.5
C_PIECESQUARETABLES:0.5
C_MOBILITY:0.5039047649410182
C_KINGSAFETY:0.5132622122470942
C_PAWNSTRUCTURE:0.5200024041416579
C_PIECECOORDINATION:0.48290185907185024
C_ROOKANDPAWNMOVEMENT:0.48290185907185024
C_CENTERCONTROL:0.49504776613243817
C_DEVELOPPIECES:0.4983383664867846
C_MATERIAL:0.4724335332322836
C_MOVECOUNT:0.5321595611987915
