ELO:957
CE_PASSEDPAWNS:0.5
CE_PAWNWEAKNESSES:0.5542438924823184
CE_PIECEACTIVITY:0.5111551637929528
CE_KINGPAWNSHIELD:0.48035459859301677
CE_PIECECOORDINATION:0.499470852353817
CE_MATERIAL:0.5376161939587124
CE_KINGSAFETY:0.517718354535346
C_PIECESQUARETABLES:0.5
C_MOBILITY:0.4833502376334878
C_KINGSAFETY:0.48109310788918697
C_PAWNSTRUCTURE:0.503153173162703
C_PIECECOORDINATION:0.5045478139339729
C_ROOKANDPAWNMOVEMENT:0.5045478139339729
C_CENTERCONTROL:0.5
C_DEVELOPPIECES:0.5086922647474528
C_MATERIAL:0.49665893830401014
C_MOVECOUNT:0.5
