ELO:1008
CE_PASSEDPAWNS:0.4938655198319609
CE_PAWNWEAKNESSES:0.49400840504832255
CE_PIECEACTIVITY:0.49774171397113004
CE_KINGPAWNSHIELD:0.5084834427097756
CE_PIECECOORDINATION:0.491708071692494
CE_MATERIAL:0.4796743670471931
CE_KINGSAFETY:0.4963021358751199
C_PIECESQUARETABLES:0.5202636980815879
C_MOBILITY:0.49121855164709494
C_KINGSAFETY:0.5
C_PAWNSTRUCTURE:0.5
C_PIECECOORDINATION:0.5093526503303087
C_ROOKANDPAWNMOVEMENT:0.5093526503303087
C_CENTERCONTROL:0.49986052700886296
C_DEVELOPPIECES:0.5027759681887273
C_MATERIAL:0.4812654777805058
