ELO:943
CE_PASSEDPAWNS:0.47369576064931884
CE_PAWNWEAKNESSES:0.5272350491377353
CE_PIECEACTIVITY:0.48217020521571086
CE_KINGPAWNSHIELD:0.5068132138278294
CE_PIECECOORDINATION:0.5550995032927155
CE_MATERIAL:0.5291190840330906
CE_KINGSAFETY:0.4754883144215642
C_PIECESQUARETABLES:0.4904649736376779
C_MOBILITY:0.5581070880588528
C_KINGSAFETY:0.3460357616582082
C_PAWNSTRUCTURE:0.5393300026104522
C_PIECECOORDINATION:0.42758287367584263
C_ROOKANDPAWNMOVEMENT:0.42758287367584263
C_CENTERCONTROL:0.5543930607887015
C_DEVELOPPIECES:0.5751448057686855
C_MATERIAL:0.46777382146275903
