ELO:959
CE_PASSEDPAWNS:0.4850473360763989
CE_PAWNWEAKNESSES:0.5419910790311363
CE_PIECEACTIVITY:0.46246051994506004
CE_KINGPAWNSHIELD:0.5070437262736746
CE_PIECECOORDINATION:0.5550995032927155
CE_MATERIAL:0.5386710488301297
CE_KINGSAFETY:0.49142071714517804
C_PIECESQUARETABLES:0.47742014146293554
C_MOBILITY:0.5581070880588528
C_KINGSAFETY:0.361215573408039
C_PAWNSTRUCTURE:0.5269352704496084
C_PIECECOORDINATION:0.44675962657000245
C_ROOKANDPAWNMOVEMENT:0.44675962657000245
C_CENTERCONTROL:0.533232201619378
C_DEVELOPPIECES:0.5462068266868103
C_MATERIAL:0.47777614921971256
