ELO:1016
CE_PASSEDPAWNS:0.5075913621153689
CE_PAWNWEAKNESSES:0.4994887224637736
CE_PIECEACTIVITY:0.5041534280105384
CE_KINGPAWNSHIELD:0.4818929993370571
CE_PIECECOORDINATION:0.49825204941202283
CE_MATERIAL:0.4857179863277638
CE_KINGSAFETY:0.5
C_PIECESQUARETABLES:0.5037407542359194
C_MOBILITY:0.519473537413262
C_KINGSAFETY:0.5
C_PAWNSTRUCTURE:0.5094806339754532
C_PIECECOORDINATION:0.4951247968110374
C_ROOK:0.5003972453986638
CE_ROOK:0.5119070041892716
C_CENTERCONTROL:0.5016416922688439
C_DEVELOPPIECES:0.49486600895198324
C_MATERIAL:0.511071783510884
C_MOVECOUNT:0.5079458169501581
C_PAWNMOVEMENT:0.5423446946676755
