ELO:893
CE_PASSEDPAWNS:0.49275819883734734
CE_PAWNWEAKNESSES:0.5344962060544833
CE_PIECEACTIVITY:0.5067974557384526
CE_KINGPAWNSHIELD:0.4768935608793762
CE_PIECECOORDINATION:0.6036194003001732
CE_MATERIAL:0.4957211429928714
CE_KINGSAFETY:0.4864489991748281
C_PIECESQUARETABLES:0.4848528895235181
C_MOBILITY:0.5814829720153534
C_KINGSAFETY:0.3720923072582403
C_PAWNSTRUCTURE:0.5506593226772444
C_PIECECOORDINATION:0.4021681959203675
C_ROOKANDPAWNMOVEMENT:0.4021681959203675
C_CENTERCONTROL:0.5666196469308233
C_DEVELOPPIECES:0.5100494680262451
C_MATERIAL:0.440609714535193
