ELO:967
CE_PASSEDPAWNS:0.5193025145739443
CE_PAWNWEAKNESSES:0.4781190466724332
CE_PIECEACTIVITY:0.480457007011044
CE_KINGPAWNSHIELD:0.5730963898582877
CE_PIECECOORDINATION:0.492917937036385
CE_MATERIAL:0.5476047638872473
CE_KINGSAFETY:0.5027279915555166
C_PIECESQUARETABLES:0.5072880812368302
C_MOBILITY:0.4789357970614467
C_KINGSAFETY:0.5098318601446176
C_PAWNSTRUCTURE:0.52510869612327
C_PIECECOORDINATION:0.5047962695506283
C_ROOKANDPAWNMOVEMENT:0.5047962695506283
C_CENTERCONTROL:0.47517732578530686
C_DEVELOPPIECES:0.4857296443323912
C_MATERIAL:0.48222343684746927
C_MOVECOUNT:0.4871902998090087
