ELO:937
CE_PASSEDPAWNS:0.49184669281660626
CE_PAWNWEAKNESSES:0.4928387137470816
CE_PIECEACTIVITY:0.45160891738461284
CE_KINGPAWNSHIELD:0.5167715332026137
CE_PIECECOORDINATION:0.40080577634416203
CE_MATERIAL:0.5271990735008215
CE_KINGSAFETY:0.49617275375251724
C_PIECESQUARETABLES:0.5066913398776869
C_MOBILITY:0.5056470236707354
C_KINGSAFETY:0.522219577319474
C_PAWNSTRUCTURE:0.47619192625261125
C_PIECECOORDINATION:0.4747503294645522
C_ROOKANDPAWNMOVEMENT:0.4747503294645522
C_CENTERCONTROL:0.5219733091989908
C_DEVELOPPIECES:0.49562735122242385
C_MATERIAL:0.4826293274600824
C_MOVECOUNT:0.5
