ELO:1000
CE_PASSEDPAWNS:0.48046285902112423
CE_PAWNWEAKNESSES:0.530687648608536
CE_PIECEACTIVITY:0.48489620963340374
CE_KINGPAWNSHIELD:0.5012541531802375
CE_PIECECOORDINATION:0.519287359776103
CE_MATERIAL:0.4901985216959813
CE_KINGSAFETY:0.5428802657383567
C_PIECESQUARETABLES:0.5328416374317148
C_MOBILITY:0.4814444874733712
C_KINGSAFETY:0.49312776876186953
C_PAWNSTRUCTURE:0.49549369809459565
C_PIECECOORDINATION:0.49173534119717377
C_ROOKANDPAWNMOVEMENT:0.49173534119717377
C_CENTERCONTROL:0.49957142917990327
C_DEVELOPPIECES:0.5067068013843635
C_MATERIAL:0.506827519025765
