ELO:952
CE_PASSEDPAWNS:0.4532695978471995
CE_PAWNWEAKNESSES:0.6028839577102242
CE_PIECEACTIVITY:0.5393502910993561
CE_KINGPAWNSHIELD:0.5115102554173097
CE_PIECECOORDINATION:0.505397162209266
CE_MATERIAL:0.5500666300984437
CE_KINGSAFETY:0.5285199166511579
C_PIECESQUARETABLES:0.5505019572344049
C_MOBILITY:0.5026707207852575
C_KINGSAFETY:0.6141612017190802
C_PAWNSTRUCTURE:0.4309852876440993
C_PIECECOORDINATION:0.5589785292746384
C_ROOKANDPAWNMOVEMENT:0.5589785292746384
C_CENTERCONTROL:0.41800338903492656
C_DEVELOPPIECES:0.4281158774827463
C_MATERIAL:0.3808395477090749
