ELO:997
CE_PASSEDPAWNS:0.4893520297435646
CE_PAWNWEAKNESSES:0.5053111655520764
CE_PIECEACTIVITY:0.500879431842147
CE_KINGPAWNSHIELD:0.489990728373937
CE_PIECECOORDINATION:0.5062074510456984
CE_MATERIAL:0.49040203485781475
CE_KINGSAFETY:0.5
C_PIECESQUARETABLES:0.5
C_MOBILITY:0.504366749242565
C_KINGSAFETY:0.5117077071721163
C_PAWNSTRUCTURE:0.5
C_PIECECOORDINATION:0.48290185907185024
C_ROOKANDPAWNMOVEMENT:0.48290185907185024
C_CENTERCONTROL:0.48678470914271965
C_DEVELOPPIECES:0.4835257761304596
C_MATERIAL:0.5191814379288364
C_MOVECOUNT:0.5110717895783381
