ELO:933
CE_PASSEDPAWNS:0.4731360244257428
CE_PAWNWEAKNESSES:0.5282711425208862
CE_PIECEACTIVITY:0.4611987746052669
CE_KINGPAWNSHIELD:0.5184594667750568
CE_PIECECOORDINATION:0.5851979912311241
CE_MATERIAL:0.5259058288925321
CE_KINGSAFETY:0.47048558136890883
C_PIECESQUARETABLES:0.48987747439885787
C_MOBILITY:0.5518543160721648
C_KINGSAFETY:0.3433489559100587
C_PAWNSTRUCTURE:0.5390091615308149
C_PIECECOORDINATION:0.41982662153392625
C_ROOKANDPAWNMOVEMENT:0.41982662153392625
C_CENTERCONTROL:0.5870185399203938
C_DEVELOPPIECES:0.5519096944986227
C_MATERIAL:0.4649738137269695
