ELO:866
CE_PASSEDPAWNS:0.49354816430329385
CE_PAWNWEAKNESSES:0.5557452532538899
CE_PIECEACTIVITY:0.5045273297886825
CE_KINGPAWNSHIELD:0.4581969618142881
CE_PIECECOORDINATION:0.6667730830193098
CE_MATERIAL:0.47033870255748933
CE_KINGSAFETY:0.5
C_PIECESQUARETABLES:0.5044671621823748
C_MOBILITY:0.508336455070512
C_KINGSAFETY:0.48850450838475046
C_PAWNSTRUCTURE:0.41311744019723096
C_PIECECOORDINATION:0.5453169180170627
C_ROOKANDPAWNMOVEMENT:0.5453169180170627
C_CENTERCONTROL:0.4679276315674936
C_DEVELOPPIECES:0.5151164389932109
C_MATERIAL:0.48442491173463015
C_MOVECOUNT:0.5
