ELO:914
CE_PASSEDPAWNS:0.5078304146475102
CE_PAWNWEAKNESSES:0.5557452532538899
CE_PIECEACTIVITY:0.5056390409203203
CE_KINGPAWNSHIELD:0.5579885405279306
CE_PIECECOORDINATION:0.4696356650260049
CE_MATERIAL:0.46706224367783244
CE_KINGSAFETY:0.5192726470594135
C_PIECESQUARETABLES:0.5
C_MOBILITY:0.5
C_KINGSAFETY:0.5731047208553322
C_PAWNSTRUCTURE:0.4279628810253127
C_PIECECOORDINATION:0.5014934239178009
C_ROOKANDPAWNMOVEMENT:0.5014934239178009
C_CENTERCONTROL:0.5256878164544235
C_DEVELOPPIECES:0.4655728992096008
C_MATERIAL:0.5018383165613604
C_MOVECOUNT:0.5
