ELO:1000
CE_PASSEDPAWNS:0.5
CE_PAWNWEAKNESSES:0.5071072251590852
CE_PIECEACTIVITY:0.4931960503373339
CE_KINGPAWNSHIELD:0.5159382135425562
CE_PIECECOORDINATION:0.5063808563723455
CE_MATERIAL:0.49006348772434816
CE_KINGSAFETY:0.5
C_PIECESQUARETABLES:0.5
C_MOBILITY:0.4942104270074097
C_KINGSAFETY:0.502748556592433
C_PAWNSTRUCTURE:0.5
C_PIECECOORDINATION:0.48704790693710154
C_ROOKANDPAWNMOVEMENT:0.48704790693710154
C_CENTERCONTROL:0.5
C_DEVELOPPIECES:0.4948811046432658
C_MATERIAL:0.5122700782911815
C_MOVECOUNT:0.5
