ELO:1000
CE_PASSEDPAWNS:0.440609394577514
CE_PAWNWEAKNESSES:0.5348208027001126
CE_PIECEACTIVITY:0.48618494478874835
CE_KINGPAWNSHIELD:0.49277356331544275
CE_PIECECOORDINATION:0.5679551264145455
CE_MATERIAL:0.5175821847390853
CE_KINGSAFETY:0.5239837320804103
C_PIECESQUARETABLES:0.5535570394993333
C_MOBILITY:0.44005956894117126
C_KINGSAFETY:0.491820625029102
C_PAWNSTRUCTURE:0.47640713057644585
C_PIECECOORDINATION:0.4652112910892218
C_ROOKANDPAWNMOVEMENT:0.4652112910892218
C_CENTERCONTROL:0.4948449974119827
C_DEVELOPPIECES:0.5073199425350828
C_MATERIAL:0.4556758236286712
