ELO:856
CE_PASSEDPAWNS:0.4938594435056556
CE_PAWNWEAKNESSES:0.5548130708696362
CE_PIECEACTIVITY:0.4611901587092456
CE_KINGPAWNSHIELD:0.4924232055662521
CE_PIECECOORDINATION:0.539489878698379
CE_MATERIAL:0.5155153620245871
CE_KINGSAFETY:0.5331172435775159
C_PIECESQUARETABLES:0.48784035521460944
C_MOBILITY:0.5032935519137474
C_KINGSAFETY:0.5138821545096935
C_PAWNSTRUCTURE:0.4909320027124291
C_PIECECOORDINATION:0.451002952733097
C_ROOKANDPAWNMOVEMENT:0.451002952733097
C_CENTERCONTROL:0.550059357566913
C_DEVELOPPIECES:0.5244949489765143
C_MATERIAL:0.4507141613268085
C_MOVECOUNT:0.5
