ELO:961
CE_PASSEDPAWNS:0.49681729093263816
CE_PAWNWEAKNESSES:0.524474871982557
CE_PIECEACTIVITY:0.5117470285124658
CE_KINGPAWNSHIELD:0.49880738872876285
CE_PIECECOORDINATION:0.49214865378234224
CE_MATERIAL:0.5023711669998226
CE_KINGSAFETY:0.5
C_PIECESQUARETABLES:0.4958664680598709
C_MOBILITY:0.5106070881531314
C_KINGSAFETY:0.48798813445912514
C_PAWNSTRUCTURE:0.5240432117611119
C_PIECECOORDINATION:0.5186099853602537
C_ROOK:0.46761636658540207
CE_ROOK:0.5036997378853281
C_CENTERCONTROL:0.5173220947787398
C_DEVELOPPIECES:0.5358856794946044
C_MATERIAL:0.4790523925293389
C_MOVECOUNT:0.5160578437929467
C_PAWNMOVEMENT:0.5563504209397407
