ELO:1000
CE_PASSEDPAWNS:0.4967137278890071
CE_PAWNWEAKNESSES:0.5011464052708762
CE_PIECEACTIVITY:0.5151199793659574
CE_KINGPAWNSHIELD:0.49944147116649945
CE_PIECECOORDINATION:0.5
CE_MATERIAL:0.5047761182845465
CE_KINGSAFETY:0.4898514982158645
C_PIECESQUARETABLES:0.5113713155158786
C_MOBILITY:0.494873695993248
C_KINGSAFETY:0.4882554497105025
C_PAWNSTRUCTURE:0.5
C_PIECECOORDINATION:0.5053013340161265
C_ROOK:0.48389387547426155
CE_ROOK:0.500678265210316
C_CENTERCONTROL:0.49623584325626896
C_DEVELOPPIECES:0.5
C_MATERIAL:0.5028534404485245
C_MOVECOUNT:0.5128408198727841
C_PAWNMOVEMENT:0.5106723808582307
