ELO:901
CE_PASSEDPAWNS:0.47789621185623615
CE_PAWNWEAKNESSES:0.5372346356758108
CE_PIECEACTIVITY:0.4812597571947189
CE_KINGPAWNSHIELD:0.4740699348919301
CE_PIECECOORDINATION:0.586428526454948
CE_MATERIAL:0.5074272986347916
CE_KINGSAFETY:0.49638811624476076
C_PIECESQUARETABLES:0.4800408252976072
C_MOBILITY:0.5597055336297804
C_KINGSAFETY:0.36772474096323626
C_PAWNSTRUCTURE:0.5505870448442686
C_PIECECOORDINATION:0.40349937391541363
C_ROOKANDPAWNMOVEMENT:0.40349937391541363
C_CENTERCONTROL:0.5949175685322768
C_DEVELOPPIECES:0.5191955569832308
C_MATERIAL:0.4630076930824962
