ELO:949
CE_PASSEDPAWNS:0.5031773209943063
CE_PAWNWEAKNESSES:0.4411132576103295
CE_PIECEACTIVITY:0.5024122875339803
CE_KINGPAWNSHIELD:0.5334181693022889
CE_PIECECOORDINATION:0.4857003255043358
CE_MATERIAL:0.4934810218576731
CE_KINGSAFETY:0.5071359193823699
C_PIECESQUARETABLES:0.5145030778738148
C_MOBILITY:0.4532664349226648
C_KINGSAFETY:0.522219577319474
C_PAWNSTRUCTURE:0.4882333791664807
C_PIECECOORDINATION:0.5486860981227879
C_ROOKANDPAWNMOVEMENT:0.5486860981227879
C_CENTERCONTROL:0.5219733091989908
C_DEVELOPPIECES:0.49562735122242385
C_MATERIAL:0.48711009558880525
C_MOVECOUNT:0.5
