ELO:939
CE_PASSEDPAWNS:0.4979054354407601
CE_PAWNWEAKNESSES:0.4750354767957558
CE_PIECEACTIVITY:0.4938650059467168
CE_KINGPAWNSHIELD:0.4484268605124177
CE_PIECECOORDINATION:0.4936119122466485
CE_MATERIAL:0.535313177343826
CE_KINGSAFETY:0.4847749821751355
C_PIECESQUARETABLES:0.4799032600995531
C_MOBILITY:0.4999701683219108
C_KINGSAFETY:0.4878987316956796
C_PAWNSTRUCTURE:0.4457391162774414
C_PIECECOORDINATION:0.5141813127583783
C_ROOKANDPAWNMOVEMENT:0.5141813127583783
C_CENTERCONTROL:0.5573947469296753
C_DEVELOPPIECES:0.4587628717817942
C_MATERIAL:0.4693409017476289
C_MOVECOUNT:0.5
