ELO:961
CE_PASSEDPAWNS:0.48544136797580933
CE_PAWNWEAKNESSES:0.5332978468565657
CE_PIECEACTIVITY:0.46246051994506004
CE_KINGPAWNSHIELD:0.5035133218721113
CE_PIECECOORDINATION:0.5667347418431974
CE_MATERIAL:0.5386710488301297
CE_KINGSAFETY:0.5
C_PIECESQUARETABLES:0.4896444340187765
C_MOBILITY:0.5664118934452466
C_KINGSAFETY:0.361215573408039
C_PAWNSTRUCTURE:0.5269352704496084
C_PIECECOORDINATION:0.43892321896240577
C_ROOKANDPAWNMOVEMENT:0.43892321896240577
C_CENTERCONTROL:0.5308581601342286
C_DEVELOPPIECES:0.5487374249999383
C_MATERIAL:0.47777614921971256
