ELO:979
CE_PASSEDPAWNS:0.45671283632133314
CE_PAWNWEAKNESSES:0.5189599924978153
CE_PIECEACTIVITY:0.49703200511058987
CE_KINGPAWNSHIELD:0.5189814815384439
CE_PIECECOORDINATION:0.5828465299260788
CE_MATERIAL:0.5268198538374222
CE_KINGSAFETY:0.46980942796182906
C_PIECESQUARETABLES:0.5439350485985619
C_MOBILITY:0.5654306573471456
C_KINGSAFETY:0.3602905596719808
C_PAWNSTRUCTURE:0.5165164825427025
C_PIECECOORDINATION:0.4363343811482928
C_ROOKANDPAWNMOVEMENT:0.4363343811482928
C_CENTERCONTROL:0.5335993424522646
C_DEVELOPPIECES:0.536433576412299
C_MATERIAL:0.468118039325158
