ELO:952
CE_PASSEDPAWNS:0.60761706302518
CE_PAWNWEAKNESSES:0.486339152919253
CE_PIECEACTIVITY:0.36397837155714025
CE_KINGPAWNSHIELD:0.5451680987515098
CE_PIECECOORDINATION:0.43257289887159545
CE_MATERIAL:0.5357198057963514
CE_KINGSAFETY:0.4866255050595652
C_PIECESQUARETABLES:0.5277859631340908
C_MOBILITY:0.5304990184381478
C_KINGSAFETY:0.36574823041631543
C_PAWNSTRUCTURE:0.42010981538826986
C_PIECECOORDINATION:0.5006060724131042
C_ROOKANDPAWNMOVEMENT:0.5006060724131042
C_CENTERCONTROL:0.5481962627426241
C_DEVELOPPIECES:0.5508565771063516
C_MATERIAL:0.5673154725526072
