ELO:1000
CE_PASSEDPAWNS:0.4917062035366415
CE_PAWNWEAKNESSES:0.49903639781662523
CE_PIECEACTIVITY:0.5
CE_KINGPAWNSHIELD:0.5
CE_PIECECOORDINATION:0.5
CE_MATERIAL:0.5
CE_KINGSAFETY:0.5054643134081019
C_PIECESQUARETABLES:0.5073304239297373
C_MOBILITY:0.4947178100059581
C_KINGSAFETY:0.5
C_PAWNSTRUCTURE:0.5
C_PIECECOORDINATION:0.4902695231914321
C_ROOKANDPAWNMOVEMENT:0.4902695231914321
C_CENTERCONTROL:0.5022318395712319
C_DEVELOPPIECES:0.5
C_MATERIAL:0.5
