ELO:1000
CE_PASSEDPAWNS:0.42796682632829813
CE_PAWNWEAKNESSES:0.5266155779321406
CE_PIECEACTIVITY:0.5045746367779245
CE_KINGPAWNSHIELD:0.47274888164099343
CE_PIECECOORDINATION:0.5828209801144673
CE_MATERIAL:0.5158633583392744
CE_KINGSAFETY:0.5322716364133113
C_PIECESQUARETABLES:0.5243525360747411
C_MOBILITY:0.4460376190535669
C_KINGSAFETY:0.4988771051905039
C_PAWNSTRUCTURE:0.46162163583443344
C_PIECECOORDINATION:0.43835387992732044
C_ROOKANDPAWNMOVEMENT:0.43835387992732044
C_CENTERCONTROL:0.4921828214777438
C_DEVELOPPIECES:0.5116301182774082
C_MATERIAL:0.4447712055370064
