ELO:944
CE_PASSEDPAWNS:0.60761706302518
CE_PAWNWEAKNESSES:0.4860077188219577
CE_PIECEACTIVITY:0.3585569826616146
CE_KINGPAWNSHIELD:0.5370907217334063
CE_PIECECOORDINATION:0.4413640215553574
CE_MATERIAL:0.5234334463306058
CE_KINGSAFETY:0.47836093565203824
C_PIECESQUARETABLES:0.5224236929931918
C_MOBILITY:0.5304990184381478
C_KINGSAFETY:0.366283650640251
C_PAWNSTRUCTURE:0.41023704453334636
C_PIECECOORDINATION:0.5006060724131042
C_ROOKANDPAWNMOVEMENT:0.5006060724131042
C_CENTERCONTROL:0.5534133628180358
C_DEVELOPPIECES:0.5511203709794522
C_MATERIAL:0.5673154725526072
