ELO:1104
CE_PASSEDPAWNS:0.5782736018332136
CE_PAWNWEAKNESSES:0.515045713745668
CE_PIECEACTIVITY:0.47321247361151036
CE_KINGPAWNSHIELD:0.4774259118591802
CE_PIECECOORDINATION:0.5449900128502336
CE_MATERIAL:0.3963786524687434
CE_KINGSAFETY:0.49133346254936705
C_PIECESQUARETABLES:0.5
C_MOBILITY:0.4455170774255024
C_KINGSAFETY:0.6530332257134526
C_PAWNSTRUCTURE:0.41040599071577993
C_PIECECOORDINATION:0.4886580873218714
C_ROOKANDPAWNMOVEMENT:0.4886580873218714
C_CENTERCONTROL:0.6021676820338954
C_DEVELOPPIECES:0.5034004472324135
C_MATERIAL:0.4073474203952967
