ELO:951
CE_PASSEDPAWNS:0.4533814074450195
CE_PAWNWEAKNESSES:0.5460210343050385
CE_PIECEACTIVITY:0.5080068729485849
CE_KINGPAWNSHIELD:0.5298350564921285
CE_PIECECOORDINATION:0.5102208848790792
CE_MATERIAL:0.49335554202453213
CE_KINGSAFETY:0.46817568890627564
C_PIECESQUARETABLES:0.48043942584224186
C_MOBILITY:0.5253856812974648
C_KINGSAFETY:0.4635577522427019
C_PAWNSTRUCTURE:0.520477179031667
C_PIECECOORDINATION:0.4521262626499153
C_ROOKANDPAWNMOVEMENT:0.4521262626499153
C_CENTERCONTROL:0.4764859242209556
C_DEVELOPPIECES:0.5047140020122113
C_MATERIAL:0.4749818869015233
C_MOVECOUNT:0.5
