ELO:841
CE_PASSEDPAWNS:0.48782504502961654
CE_PAWNWEAKNESSES:0.4764860903294848
CE_PIECEACTIVITY:0.49801539204177525
CE_KINGPAWNSHIELD:0.4155113751696943
CE_PIECECOORDINATION:0.5863598111435977
CE_MATERIAL:0.499864817343186
CE_KINGSAFETY:0.5
C_PIECESQUARETABLES:0.49521168476913946
C_MOBILITY:0.5067409556938668
C_KINGSAFETY:0.4861047848481447
C_PAWNSTRUCTURE:0.5218939664485861
C_PIECECOORDINATION:0.5176924376377028
C_ROOKANDPAWNMOVEMENT:0.5176924376377028
C_CENTERCONTROL:0.44871120074317544
C_DEVELOPPIECES:0.5434197611846037
C_MATERIAL:0.5455971743599876
C_MOVECOUNT:0.5
