ELO:978
CE_PASSEDPAWNS:0.4883830799188732
CE_PAWNWEAKNESSES:0.48577825328304614
CE_PIECEACTIVITY:0.5014669924032714
CE_KINGPAWNSHIELD:0.5
CE_PIECECOORDINATION:0.5040078980408506
CE_MATERIAL:0.5170225801329298
CE_KINGSAFETY:0.48381242187212453
C_PIECESQUARETABLES:0.508275537074002
C_MOBILITY:0.5102555409854866
C_KINGSAFETY:0.496997805701026
C_PAWNSTRUCTURE:0.5107080569127698
C_PIECECOORDINATION:0.484423729812758
C_ROOKANDPAWNMOVEMENT:0.484423729812758
C_CENTERCONTROL:0.4975983584502048
C_DEVELOPPIECES:0.47293828828532425
C_MATERIAL:0.5292183711960373
C_MOVECOUNT:0.5
