ELO:759
CE_PASSEDPAWNS:0.5612338413637883
CE_PAWNWEAKNESSES:0.5749480965088374
CE_PIECEACTIVITY:0.4094587839738301
CE_KINGPAWNSHIELD:0.47128680454020433
CE_PIECECOORDINATION:0.6028474377195127
CE_MATERIAL:0.43501170527365274
CE_KINGSAFETY:0.4915160900825409
C_PIECESQUARETABLES:0.4949858452898258
C_MOBILITY:0.4513370826822715
C_KINGSAFETY:0.5161198128648172
C_PAWNSTRUCTURE:0.5352108470493816
C_PIECECOORDINATION:0.47335209460821237
C_ROOKANDPAWNMOVEMENT:0.47335209460821237
C_CENTERCONTROL:0.435330631953119
C_DEVELOPPIECES:0.5289254194084775
C_MATERIAL:0.43842478979888155
C_MOVECOUNT:0.5
