ELO:974
CE_PASSEDPAWNS:0.5149085223681239
CE_PAWNWEAKNESSES:0.55914086591372
CE_PIECEACTIVITY:0.4770975186382265
CE_KINGPAWNSHIELD:0.5214245294744492
CE_PIECECOORDINATION:0.5367343409926544
CE_MATERIAL:0.5448149004761594
CE_KINGSAFETY:0.5057881228968759
C_PIECESQUARETABLES:0.5
C_MOBILITY:0.525264097148801
C_KINGSAFETY:0.5014733002887578
C_PAWNSTRUCTURE:0.5203203237709629
C_PIECECOORDINATION:0.5022855750556092
C_ROOKANDPAWNMOVEMENT:0.5022855750556092
C_CENTERCONTROL:0.5358675632015549
C_DEVELOPPIECES:0.49764035121109756
C_MATERIAL:0.5019789500545222
