ELO:947
CE_PASSEDPAWNS:0.4836241980635946
CE_PAWNWEAKNESSES:0.48704088528594697
CE_PIECEACTIVITY:0.5128628646058219
CE_KINGPAWNSHIELD:0.515602903010178
CE_PIECECOORDINATION:0.5127485252094948
CE_MATERIAL:0.5347864337048878
CE_KINGSAFETY:0.5073968680795757
C_PIECESQUARETABLES:0.5058265149134891
C_MOBILITY:0.5140922233823912
C_KINGSAFETY:0.554337891993197
C_PAWNSTRUCTURE:0.5081903665290229
C_PIECECOORDINATION:0.49716887359354756
C_ROOK:0.5172615763455599
CE_ROOK:0.5090013417765786
C_CENTERCONTROL:0.4853156991287921
C_DEVELOPPIECES:0.5035763787395197
C_MATERIAL:0.5209596221511678
C_MOVECOUNT:0.4945083475869537
C_PAWNMOVEMENT:0.48884207033602817
