ELO:761
CE_PASSEDPAWNS:0.5768130281439089
CE_PAWNWEAKNESSES:0.5884976657378156
CE_PIECEACTIVITY:0.5164053518338279
CE_KINGPAWNSHIELD:0.40481579379614435
CE_PIECECOORDINATION:0.5955802963532236
CE_MATERIAL:0.5536438263665812
CE_KINGSAFETY:0.5134640645068503
C_PIECESQUARETABLES:0.49800107785348774
C_MOBILITY:0.4832884846307464
C_KINGSAFETY:0.6085860123385146
C_PAWNSTRUCTURE:0.6007579918053135
C_PIECECOORDINATION:0.43095614257848736
C_ROOKANDPAWNMOVEMENT:0.43095614257848736
C_CENTERCONTROL:0.5352275676806781
C_DEVELOPPIECES:0.5196418243178356
C_MATERIAL:0.4668556986840694
C_MOVECOUNT:0.5046520993614686
