ELO:788
CE_PASSEDPAWNS:0.4758566137502411
CE_PAWNWEAKNESSES:0.599291908247065
CE_PIECEACTIVITY:0.35170416999133153
CE_KINGPAWNSHIELD:0.45032582328104565
CE_PIECECOORDINATION:0.5639444398770806
CE_MATERIAL:0.5210415010388848
CE_KINGSAFETY:0.4999696132839352
C_PIECESQUARETABLES:0.5068660553100344
C_MOBILITY:0.5284567786097759
C_KINGSAFETY:0.4953254006253008
C_PAWNSTRUCTURE:0.47158020396928524
C_PIECECOORDINATION:0.5143482408868673
C_ROOKANDPAWNMOVEMENT:0.5143482408868673
C_CENTERCONTROL:0.5107740846445719
C_DEVELOPPIECES:0.4494310844500827
C_MATERIAL:0.4622038612255722
