ELO:895
CE_PASSEDPAWNS:0.5224662068207988
CE_PAWNWEAKNESSES:0.5764296054408601
CE_PIECEACTIVITY:0.4420438041184478
CE_KINGPAWNSHIELD:0.5000460791270767
CE_PIECECOORDINATION:0.5931793171927577
CE_MATERIAL:0.4372452656491389
CE_KINGSAFETY:0.4778273956006477
C_PIECESQUARETABLES:0.4887992221266557
C_MOBILITY:0.4461767170475047
C_KINGSAFETY:0.531129325593653
C_PAWNSTRUCTURE:0.5265505472075331
C_PIECECOORDINATION:0.5054705653655716
C_ROOKANDPAWNMOVEMENT:0.5054705653655716
C_CENTERCONTROL:0.48140528236188246
C_DEVELOPPIECES:0.5140621383075746
C_MATERIAL:0.4347681110953446
C_MOVECOUNT:0.5
