ELO:976
CE_PASSEDPAWNS:0.49447974394643407
CE_PAWNWEAKNESSES:0.501642396972718
CE_PIECEACTIVITY:0.49648275467928943
CE_KINGPAWNSHIELD:0.48289092637946635
CE_PIECECOORDINATION:0.5145121392478442
CE_MATERIAL:0.4953806104565507
CE_KINGSAFETY:0.5030948523228661
C_PIECESQUARETABLES:0.5170355129909094
C_MOBILITY:0.461902345504921
C_KINGSAFETY:0.5083092348862184
C_PAWNSTRUCTURE:0.5221339639369784
C_PIECECOORDINATION:0.5099860594431462
C_ROOKANDPAWNMOVEMENT:0.5099860594431462
C_CENTERCONTROL:0.5038819781551592
C_DEVELOPPIECES:0.49065438543384693
C_MATERIAL:0.5002925227179011
C_MOVECOUNT:0.5
