ELO:976
CE_PASSEDPAWNS:0.48316496639901535
CE_PAWNWEAKNESSES:0.4968830599559176
CE_PIECEACTIVITY:0.498134994009005
CE_KINGPAWNSHIELD:0.5114994652794076
CE_PIECECOORDINATION:0.5293077160145436
CE_MATERIAL:0.5250705348516796
CE_KINGSAFETY:0.5
C_PIECESQUARETABLES:0.507300873021619
C_MOBILITY:0.5101087002056106
C_KINGSAFETY:0.5397503360206481
C_PAWNSTRUCTURE:0.5155136717290769
C_PIECECOORDINATION:0.4942827562684093
C_ROOK:0.5115640437424036
CE_ROOK:0.5084271029437644
C_CENTERCONTROL:0.5047307041829482
C_DEVELOPPIECES:0.4924658000128513
C_MATERIAL:0.5212510986075094
C_MOVECOUNT:0.5117765365459722
C_PAWNMOVEMENT:0.5066567686374063
