ELO:794
CE_PASSEDPAWNS:0.5517803845938817
CE_PAWNWEAKNESSES:0.5679540192562065
CE_PIECEACTIVITY:0.4337635846872823
CE_KINGPAWNSHIELD:0.5004718678349572
CE_PIECECOORDINATION:0.6018850975896477
CE_MATERIAL:0.4384728948060692
CE_KINGSAFETY:0.477797957177646
C_PIECESQUARETABLES:0.48858079759062994
C_MOBILITY:0.4527839640429853
C_KINGSAFETY:0.5017904364037723
C_PAWNSTRUCTURE:0.5289643541749889
C_PIECECOORDINATION:0.4576181132762743
C_ROOKANDPAWNMOVEMENT:0.4576181132762743
C_CENTERCONTROL:0.4493133129578812
C_DEVELOPPIECES:0.5155085317904626
C_MATERIAL:0.43467994056518783
C_MOVECOUNT:0.5
