ELO:998
CE_PASSEDPAWNS:0.5333954063768567
CE_PAWNWEAKNESSES:0.45535634189470375
CE_PIECEACTIVITY:0.4498625373863158
CE_KINGPAWNSHIELD:0.4221703113394567
CE_PIECECOORDINATION:0.4495835908683073
CE_MATERIAL:0.4666611516023508
CE_KINGSAFETY:0.5098885172365767
C_PIECESQUARETABLES:0.5
C_MOBILITY:0.4614565711520983
C_KINGSAFETY:0.5070857640921514
C_PAWNSTRUCTURE:0.4636610851086734
C_PIECECOORDINATION:0.4323870936498573
C_ROOKANDPAWNMOVEMENT:0.4323870936498573
C_CENTERCONTROL:0.49896846609109946
C_DEVELOPPIECES:0.5143693083140212
C_MATERIAL:0.45410440495472354
