ELO:1100
CE_PASSEDPAWNS:0.4561164009488243
CE_PAWNWEAKNESSES:0.45728829352652345
CE_PIECEACTIVITY:0.4896507711185802
CE_KINGPAWNSHIELD:0.43513896355892934
CE_PIECECOORDINATION:0.49539183286457183
CE_MATERIAL:0.46011077253893035
CE_KINGSAFETY:0.5
C_PIECESQUARETABLES:0.5130065928954457
C_MOBILITY:0.5427565442819231
C_KINGSAFETY:0.6417433112490335
C_PAWNSTRUCTURE:0.3832549763516948
C_PIECECOORDINATION:0.4871894776274206
C_ROOKANDPAWNMOVEMENT:0.4871894776274206
C_CENTERCONTROL:0.5079297766424171
C_DEVELOPPIECES:0.5741289853753321
C_MATERIAL:0.4156872139942881
