ELO:968
CE_PASSEDPAWNS:0.494311311946483
CE_PAWNWEAKNESSES:0.4910222328331048
CE_PIECEACTIVITY:0.5018675345582435
CE_KINGPAWNSHIELD:0.5315837918982944
CE_PIECECOORDINATION:0.4684562577087444
CE_MATERIAL:0.5272574881945362
CE_KINGSAFETY:0.529723332792623
C_PIECESQUARETABLES:0.5068782429272859
C_MOBILITY:0.4993415576074885
C_KINGSAFETY:0.4838007928489519
C_PAWNSTRUCTURE:0.492650583956683
C_PIECECOORDINATION:0.4585554225310022
C_ROOKANDPAWNMOVEMENT:0.4585554225310022
C_CENTERCONTROL:0.5174519669822208
C_DEVELOPPIECES:0.4986993930016852
C_MATERIAL:0.49404323292654867
C_MOVECOUNT:0.48408935299668315
