ELO:963
CE_PASSEDPAWNS:0.47901751786127433
CE_PAWNWEAKNESSES:0.5525987129025206
CE_PIECEACTIVITY:0.5196252671106649
CE_KINGPAWNSHIELD:0.4581763416920805
CE_PIECECOORDINATION:0.562995745825311
CE_MATERIAL:0.6023034575250187
CE_KINGSAFETY:0.5210883303560115
C_PIECESQUARETABLES:0.50172622231677
C_MOBILITY:0.4887006480053135
C_KINGSAFETY:0.5250750040706134
C_PAWNSTRUCTURE:0.4693395694595792
C_PIECECOORDINATION:0.5195744979567417
C_ROOKANDPAWNMOVEMENT:0.5195744979567417
C_CENTERCONTROL:0.3731480769210184
C_DEVELOPPIECES:0.5588012851754266
C_MATERIAL:0.4621995262152628
