ELO:1001
CE_PASSEDPAWNS:0.5001990292866846
CE_PAWNWEAKNESSES:0.5573347295231207
CE_PIECEACTIVITY:0.4672132696410504
CE_KINGPAWNSHIELD:0.5108556135634474
CE_PIECECOORDINATION:0.4908975161871163
CE_MATERIAL:0.542911675270955
CE_KINGSAFETY:0.5034210255911584
C_PIECESQUARETABLES:0.39857070570916253
C_MOBILITY:0.49838206937989754
C_KINGSAFETY:0.45987668920512315
C_PAWNSTRUCTURE:0.5196892678909215
C_PIECECOORDINATION:0.48375216273321203
C_ROOKANDPAWNMOVEMENT:0.48375216273321203
C_CENTERCONTROL:0.5092063314123964
C_DEVELOPPIECES:0.486602374633916
C_MATERIAL:0.46859042817679486
