ELO:999
CE_PASSEDPAWNS:0.5333954063768567
CE_PAWNWEAKNESSES:0.4743144528787939
CE_PIECEACTIVITY:0.4577463925151327
CE_KINGPAWNSHIELD:0.4311517760395905
CE_PIECECOORDINATION:0.44688187447441524
CE_MATERIAL:0.4617677243292031
CE_KINGSAFETY:0.505813915371148
C_PIECESQUARETABLES:0.49469756458604414
C_MOBILITY:0.47115148977228494
C_KINGSAFETY:0.5070509854577704
C_PAWNSTRUCTURE:0.4571833531025317
C_PIECECOORDINATION:0.42210953547390095
C_ROOKANDPAWNMOVEMENT:0.42210953547390095
C_CENTERCONTROL:0.501900564163594
C_DEVELOPPIECES:0.5064435444948923
C_MATERIAL:0.45410440495472354
