ELO:949
CE_PASSEDPAWNS:0.47876358111818873
CE_PAWNWEAKNESSES:0.48704088528594697
CE_PIECEACTIVITY:0.498134994009005
CE_KINGPAWNSHIELD:0.5207734026974937
CE_PIECECOORDINATION:0.5124481287156869
CE_MATERIAL:0.5227372829015373
CE_KINGSAFETY:0.5
C_PIECESQUARETABLES:0.5
C_MOBILITY:0.5044199880058088
C_KINGSAFETY:0.5448107237150047
C_PAWNSTRUCTURE:0.5042916629005991
C_PIECECOORDINATION:0.5060319293069468
C_ROOK:0.5172615763455599
CE_ROOK:0.51131244835914
C_CENTERCONTROL:0.4951604097374545
C_DEVELOPPIECES:0.4924658000128513
C_MATERIAL:0.5305520378807904
C_MOVECOUNT:0.5057383231924677
C_PAWNMOVEMENT:0.5066567686374063
