ELO:923
CE_PASSEDPAWNS:0.49825716330083736
CE_PAWNWEAKNESSES:0.5887547458011452
CE_PIECEACTIVITY:0.4603894881505192
CE_KINGPAWNSHIELD:0.46737382597389177
CE_PIECECOORDINATION:0.5809920400599825
CE_MATERIAL:0.5000439516015898
CE_KINGSAFETY:0.5025312198679336
C_PIECESQUARETABLES:0.5105784009902271
C_MOBILITY:0.557212814367331
C_KINGSAFETY:0.4723516555480745
C_PAWNSTRUCTURE:0.5118958999435694
C_PIECECOORDINATION:0.47401870419349235
C_ROOKANDPAWNMOVEMENT:0.47401870419349235
C_CENTERCONTROL:0.5309174375208674
C_DEVELOPPIECES:0.5169554956916674
C_MATERIAL:0.49077185492722264
