ELO:950
CE_PASSEDPAWNS:0.47876358111818873
CE_PAWNWEAKNESSES:0.48704088528594697
CE_PIECEACTIVITY:0.498134994009005
CE_KINGPAWNSHIELD:0.5207734026974937
CE_PIECECOORDINATION:0.5243971916734061
CE_MATERIAL:0.5250705348516796
CE_KINGSAFETY:0.5
C_PIECESQUARETABLES:0.4928978505987217
C_MOBILITY:0.49966386897103443
C_KINGSAFETY:0.5448107237150047
C_PAWNSTRUCTURE:0.5115305238469456
C_PIECECOORDINATION:0.5060319293069468
C_ROOK:0.5172615763455599
CE_ROOK:0.5174685567895463
C_CENTERCONTROL:0.4951604097374545
C_DEVELOPPIECES:0.4924658000128513
C_MATERIAL:0.5229648201019046
C_MOVECOUNT:0.5057383231924677
C_PAWNMOVEMENT:0.5066567686374063
