ELO:919
CE_PASSEDPAWNS:0.4845530224639576
CE_PAWNWEAKNESSES:0.5756837187478133
CE_PIECEACTIVITY:0.4273901018255303
CE_KINGPAWNSHIELD:0.4627688691348112
CE_PIECECOORDINATION:0.5635224494596274
CE_MATERIAL:0.4961421006162392
CE_KINGSAFETY:0.5004281660178878
C_PIECESQUARETABLES:0.4902304062649007
C_MOBILITY:0.5518989023422808
C_KINGSAFETY:0.48079414043352836
C_PAWNSTRUCTURE:0.5149737271194682
C_PIECECOORDINATION:0.45723061215042476
C_ROOKANDPAWNMOVEMENT:0.45723061215042476
C_CENTERCONTROL:0.4972428961962032
C_DEVELOPPIECES:0.4979837926468668
C_MATERIAL:0.4962371725741823
