ELO:989
CE_PASSEDPAWNS:0.5169633098882538
CE_PAWNWEAKNESSES:0.44542974891888637
CE_PIECEACTIVITY:0.5256534381721791
CE_KINGPAWNSHIELD:0.5599465954910741
CE_PIECECOORDINATION:0.4748633589346006
CE_MATERIAL:0.5030403841932721
CE_KINGSAFETY:0.49868667622543467
C_PIECESQUARETABLES:0.5072145998716701
C_MOBILITY:0.5948458204053214
C_KINGSAFETY:0.5555396845641076
C_PAWNSTRUCTURE:0.4461522134991933
C_PIECECOORDINATION:0.6135308168497035
C_ROOKANDPAWNMOVEMENT:0.6135308168497035
C_CENTERCONTROL:0.4229753109391445
C_DEVELOPPIECES:0.5933423053266473
C_MATERIAL:0.6201906658387899
