ELO:822
CE_PASSEDPAWNS:0.5517803845938817
CE_PAWNWEAKNESSES:0.5695752607340488
CE_PIECEACTIVITY:0.4334863792687606
CE_KINGPAWNSHIELD:0.5004718678349572
CE_PIECECOORDINATION:0.6018850975896477
CE_MATERIAL:0.4324029065844535
CE_KINGSAFETY:0.46676989112351047
C_PIECESQUARETABLES:0.49593744200709144
C_MOBILITY:0.46440924298120223
C_KINGSAFETY:0.5017904364037723
C_PAWNSTRUCTURE:0.5204102910079574
C_PIECECOORDINATION:0.46991675479982686
C_ROOKANDPAWNMOVEMENT:0.46991675479982686
C_CENTERCONTROL:0.46119518429089196
C_DEVELOPPIECES:0.5332068131013311
C_MATERIAL:0.44201805882983003
C_MOVECOUNT:0.5
