ELO:949
CE_PASSEDPAWNS:0.4836241980635946
CE_PAWNWEAKNESSES:0.48704088528594697
CE_PIECEACTIVITY:0.498134994009005
CE_KINGPAWNSHIELD:0.5207734026974937
CE_PIECECOORDINATION:0.5189574010157539
CE_MATERIAL:0.5227372829015373
CE_KINGSAFETY:0.5
C_PIECESQUARETABLES:0.5058265149134891
C_MOBILITY:0.5140922233823912
C_KINGSAFETY:0.5493589238243957
C_PAWNSTRUCTURE:0.49757558892406095
C_PIECECOORDINATION:0.5060319293069468
C_ROOK:0.5172615763455599
CE_ROOK:0.51131244835914
C_CENTERCONTROL:0.4951604097374545
C_DEVELOPPIECES:0.5035763787395197
C_MATERIAL:0.535509811393259
C_MOVECOUNT:0.5057383231924677
C_PAWNMOVEMENT:0.5066567686374063
