ELO:959
CE_PASSEDPAWNS:0.5092758075453782
CE_PAWNWEAKNESSES:0.5719245326229961
CE_PIECEACTIVITY:0.509054481938991
CE_KINGPAWNSHIELD:0.5087630101437632
CE_PIECECOORDINATION:0.6040318750499069
CE_MATERIAL:0.6129333554017877
CE_KINGSAFETY:0.4916549131426444
C_PIECESQUARETABLES:0.47645925827492447
C_MOBILITY:0.4788275530762328
C_KINGSAFETY:0.4918919557394077
C_PAWNSTRUCTURE:0.470918776596591
C_PIECECOORDINATION:0.5125281437601112
C_ROOKANDPAWNMOVEMENT:0.5125281437601112
C_CENTERCONTROL:0.3894887109926409
C_DEVELOPPIECES:0.5566389989653792
C_MATERIAL:0.45908354748417995
