ELO:802
CE_PASSEDPAWNS:0.4711976458924185
CE_PAWNWEAKNESSES:0.6074423007204695
CE_PIECEACTIVITY:0.362105045757356
CE_KINGPAWNSHIELD:0.4482129043659515
CE_PIECECOORDINATION:0.5587869011838615
CE_MATERIAL:0.5226783385944809
CE_KINGSAFETY:0.5249632528866274
C_PIECESQUARETABLES:0.5159829356060607
C_MOBILITY:0.5401728747432503
C_KINGSAFETY:0.47918845890749323
C_PAWNSTRUCTURE:0.49238410528171456
C_PIECECOORDINATION:0.5293202838829743
C_ROOKANDPAWNMOVEMENT:0.5293202838829743
C_CENTERCONTROL:0.5203854860707031
C_DEVELOPPIECES:0.4513679060343994
C_MATERIAL:0.47544783486308506
