ELO:963
CE_PASSEDPAWNS:0.5084285719216631
CE_PAWNWEAKNESSES:0.49613648398909505
CE_PIECEACTIVITY:0.48986149240939253
CE_KINGPAWNSHIELD:0.48063177469285606
CE_PIECECOORDINATION:0.5003917565317485
CE_MATERIAL:0.5063380312433473
CE_KINGSAFETY:0.49572983555010985
C_PIECESQUARETABLES:0.5
C_MOBILITY:0.49368330975692565
C_KINGSAFETY:0.5012124925447589
C_PAWNSTRUCTURE:0.5156869160251131
C_PIECECOORDINATION:0.4754484515401997
C_ROOK:0.495830386056459
CE_ROOK:0.49701791198814077
C_CENTERCONTROL:0.5002943985783841
C_DEVELOPPIECES:0.49843363726807455
C_MATERIAL:0.499965976606754
C_MOVECOUNT:0.5009784410917338
C_PAWNMOVEMENT:0.5048940872736128
