ELO:673
CE_PASSEDPAWNS:0.5194823527558939
CE_PAWNWEAKNESSES:0.5685956792271689
CE_PIECEACTIVITY:0.4694370018498549
CE_KINGPAWNSHIELD:0.4154485242654867
CE_PIECECOORDINATION:0.6040311409625398
CE_MATERIAL:0.42030824660843363
CE_KINGSAFETY:0.5817869991953346
C_PIECESQUARETABLES:0.47616582611735997
C_MOBILITY:0.4221263983857492
C_KINGSAFETY:0.6046987647892749
C_PAWNSTRUCTURE:0.5614508890153228
C_PIECECOORDINATION:0.43754890350034403
C_ROOKANDPAWNMOVEMENT:0.43754890350034403
C_CENTERCONTROL:0.41310948670051617
C_DEVELOPPIECES:0.5252066860221313
C_MATERIAL:0.4806896604566021
C_MOVECOUNT:0.5
