ELO:965
CE_PASSEDPAWNS:0.5249855891392109
CE_PAWNWEAKNESSES:0.47497766502319166
CE_PIECEACTIVITY:0.49812705544388586
CE_KINGPAWNSHIELD:0.5220894086088903
CE_PIECECOORDINATION:0.5052766781449161
CE_MATERIAL:0.49826051242922126
CE_KINGSAFETY:0.5
C_PIECESQUARETABLES:0.5104490805674012
C_MOBILITY:0.5046262121249709
C_KINGSAFETY:0.44706981616376545
C_PAWNSTRUCTURE:0.48701308671780796
C_PIECECOORDINATION:0.5344968127018443
C_ROOK:0.5284953707711063
CE_ROOK:0.4882377175888778
C_CENTERCONTROL:0.4647179129841801
C_DEVELOPPIECES:0.5412128290336455
C_MATERIAL:0.5247719574565793
C_MOVECOUNT:0.4655966820062668
C_PAWNMOVEMENT:0.49440140019509726
