ELO:799
CE_PASSEDPAWNS:0.462562319934193
CE_PAWNWEAKNESSES:0.595218089945464
CE_PIECEACTIVITY:0.4693483986316972
CE_KINGPAWNSHIELD:0.4100758977942042
CE_PIECECOORDINATION:0.5881303455324812
CE_MATERIAL:0.43356832488081387
CE_KINGSAFETY:0.4996419448364573
C_PIECESQUARETABLES:0.5
C_MOBILITY:0.42380320124808024
C_KINGSAFETY:0.6153780341072136
C_PAWNSTRUCTURE:0.5792153105445667
C_PIECECOORDINATION:0.4401491345483324
C_ROOKANDPAWNMOVEMENT:0.4401491345483324
C_CENTERCONTROL:0.4114004937983114
C_DEVELOPPIECES:0.5002334631013006
C_MATERIAL:0.4649331762089945
C_MOVECOUNT:0.5
