ELO:928
CE_PASSEDPAWNS:0.4836241980635946
CE_PAWNWEAKNESSES:0.4859781453500468
CE_PIECEACTIVITY:0.5217043781449916
CE_KINGPAWNSHIELD:0.5100771947907292
CE_PIECECOORDINATION:0.5041520061478464
CE_MATERIAL:0.5347864337048878
CE_KINGSAFETY:0.5084743674486075
C_PIECESQUARETABLES:0.5107209236696915
C_MOBILITY:0.5051792202200288
C_KINGSAFETY:0.5522569233136394
C_PAWNSTRUCTURE:0.5013344548335841
C_PIECECOORDINATION:0.5033868862352082
C_ROOK:0.5154147637666264
CE_ROOK:0.5090013417765786
C_CENTERCONTROL:0.48557917968839914
C_DEVELOPPIECES:0.5157698955496188
C_MATERIAL:0.5125594631087352
C_MOVECOUNT:0.4957321573156653
C_PAWNMOVEMENT:0.48884207033602817
