ELO:1000
CE_PASSEDPAWNS:0.49286542066161937
CE_PAWNWEAKNESSES:0.5
CE_PIECEACTIVITY:0.4879953228132375
CE_KINGPAWNSHIELD:0.5
CE_PIECECOORDINATION:0.5
CE_MATERIAL:0.5
CE_KINGSAFETY:0.49371361911116435
C_PIECESQUARETABLES:0.5176050829029062
C_MOBILITY:0.5
C_KINGSAFETY:0.5005918326178146
C_PAWNSTRUCTURE:0.5
C_PIECECOORDINATION:0.5
C_ROOKANDPAWNMOVEMENT:0.5
C_CENTERCONTROL:0.5
C_DEVELOPPIECES:0.4965096744179913
C_MATERIAL:0.5
