ELO:1008
CE_PASSEDPAWNS:0.5
CE_PAWNWEAKNESSES:0.5
CE_PIECEACTIVITY:0.4964644883591515
CE_KINGPAWNSHIELD:0.5089355213223997
CE_PIECECOORDINATION:0.5174404011124568
CE_MATERIAL:0.4935702301210678
CE_KINGSAFETY:0.5
C_PIECESQUARETABLES:0.5
C_MOBILITY:0.49096476547564993
C_KINGSAFETY:0.505669596537927
C_PAWNSTRUCTURE:0.4913475974191819
C_PIECECOORDINATION:0.5
C_ROOKANDPAWNMOVEMENT:0.5
C_CENTERCONTROL:0.5003840663989595
C_DEVELOPPIECES:0.5013023936248789
C_MATERIAL:0.4950360233572481
