ELO:962
CE_PASSEDPAWNS:0.48309382957283903
CE_PAWNWEAKNESSES:0.4848854348614779
CE_PIECEACTIVITY:0.4963485485110578
CE_KINGPAWNSHIELD:0.5187590019600368
CE_PIECECOORDINATION:0.5121410246895177
CE_MATERIAL:0.5160496015579252
CE_KINGSAFETY:0.4987026927966455
C_PIECESQUARETABLES:0.49493304039321917
C_MOBILITY:0.4983401378245341
C_KINGSAFETY:0.529837515469403
C_PAWNSTRUCTURE:0.5155358823015377
C_PIECECOORDINATION:0.488398865567103
C_ROOK:0.5057629443465774
CE_ROOK:0.49375249495923085
C_CENTERCONTROL:0.5155567350260993
C_DEVELOPPIECES:0.49773929531844036
C_MATERIAL:0.5033909534256731
C_MOVECOUNT:0.5117765365459722
C_PAWNMOVEMENT:0.5066567686374063
