ELO:964
CE_PASSEDPAWNS:0.4767925980787688
CE_PAWNWEAKNESSES:0.478219647497634
CE_PIECEACTIVITY:0.5123227457171681
CE_KINGPAWNSHIELD:0.4960220473636587
CE_PIECECOORDINATION:0.49458432678356273
CE_MATERIAL:0.5384754999622366
CE_KINGSAFETY:0.5
C_PIECESQUARETABLES:0.49854742749373804
C_MOBILITY:0.5255057666924431
C_KINGSAFETY:0.5548150173680527
C_PAWNSTRUCTURE:0.4960411269988178
C_PIECECOORDINATION:0.4919720749009221
C_ROOK:0.5029146811766875
CE_ROOK:0.5040283972245267
C_CENTERCONTROL:0.49586425488947755
C_DEVELOPPIECES:0.525212622510247
C_MATERIAL:0.5161556829673865
C_MOVECOUNT:0.4939644955316835
C_PAWNMOVEMENT:0.4876236212220872
