ELO:778
CE_PASSEDPAWNS:0.47925702783054563
CE_PAWNWEAKNESSES:0.5847481849774636
CE_PIECEACTIVITY:0.47103781787358406
CE_KINGPAWNSHIELD:0.42462400874880146
CE_PIECECOORDINATION:0.5775305635798014
CE_MATERIAL:0.40811322853988585
CE_KINGSAFETY:0.5928759551600612
C_PIECESQUARETABLES:0.4811054592643225
C_MOBILITY:0.42161173183251516
C_KINGSAFETY:0.6012788020159007
C_PAWNSTRUCTURE:0.5828710880129062
C_PIECECOORDINATION:0.42036475807884904
C_ROOKANDPAWNMOVEMENT:0.42036475807884904
C_CENTERCONTROL:0.4028759362186372
C_DEVELOPPIECES:0.5299860999477713
C_MATERIAL:0.4712868708597731
C_MOVECOUNT:0.5
