ELO:1000
CE_PASSEDPAWNS:0.4679681219263233
CE_PAWNWEAKNESSES:0.5111844429149387
CE_PIECEACTIVITY:0.5134966428481034
CE_KINGPAWNSHIELD:0.5038570713501003
CE_PIECECOORDINATION:0.4830954594783742
CE_MATERIAL:0.5014758203765135
CE_KINGSAFETY:0.48512690424667454
C_PIECESQUARETABLES:0.4957268916606222
C_MOBILITY:0.5010161409833163
C_KINGSAFETY:0.49575285516972073
C_PAWNSTRUCTURE:0.46694360672524715
C_PIECECOORDINATION:0.48664359753349967
C_ROOKANDPAWNMOVEMENT:0.48664359753349967
C_CENTERCONTROL:0.5154097480149221
C_DEVELOPPIECES:0.4872374866474733
C_MATERIAL:0.5138712016149338
