ELO:999
CE_PASSEDPAWNS:0.5333954063768567
CE_PAWNWEAKNESSES:0.46366115599119645
CE_PIECEACTIVITY:0.4577463925151327
CE_KINGPAWNSHIELD:0.4311517760395905
CE_PIECECOORDINATION:0.450299955960897
CE_MATERIAL:0.4557142637595845
CE_KINGSAFETY:0.505813915371148
C_PIECESQUARETABLES:0.49715992989175206
C_MOBILITY:0.47115148977228494
C_KINGSAFETY:0.5070509854577704
C_PAWNSTRUCTURE:0.4571622601674481
C_PIECECOORDINATION:0.4201439501866083
C_ROOKANDPAWNMOVEMENT:0.4201439501866083
C_CENTERCONTROL:0.49896846609109946
C_DEVELOPPIECES:0.5064435444948923
C_MATERIAL:0.45410440495472354
