ELO:919
CE_PASSEDPAWNS:0.480824766461287
CE_PAWNWEAKNESSES:0.5499182312318143
CE_PIECEACTIVITY:0.5103804218706802
CE_KINGPAWNSHIELD:0.5280038338738602
CE_PIECECOORDINATION:0.6388662735709196
CE_MATERIAL:0.6023326191900061
CE_KINGSAFETY:0.4919665672991188
C_PIECESQUARETABLES:0.4505473682300711
C_MOBILITY:0.4488509774701304
C_KINGSAFETY:0.5013589066264492
C_PAWNSTRUCTURE:0.47259245835905433
C_PIECECOORDINATION:0.5090831965357402
C_ROOKANDPAWNMOVEMENT:0.5090831965357402
C_CENTERCONTROL:0.4149494305648883
C_DEVELOPPIECES:0.558199505000644
C_MATERIAL:0.43890409779762507
