ELO:995
CE_PASSEDPAWNS:0.5166077897137514
CE_PAWNWEAKNESSES:0.5405529612016188
CE_PIECEACTIVITY:0.48780524073713627
CE_KINGPAWNSHIELD:0.5219294822730611
CE_PIECECOORDINATION:0.520614043398801
CE_MATERIAL:0.5487294069825313
CE_KINGSAFETY:0.4910147836333487
C_PIECESQUARETABLES:0.5
C_MOBILITY:0.5456267056525976
C_KINGSAFETY:0.48264258923815695
C_PAWNSTRUCTURE:0.5115112489323159
C_PIECECOORDINATION:0.5022660949598494
C_ROOKANDPAWNMOVEMENT:0.5022660949598494
C_CENTERCONTROL:0.5246835095706706
C_DEVELOPPIECES:0.5177960748689727
C_MATERIAL:0.4976525497290917
