ELO:963
CE_PASSEDPAWNS:0.48309382957283903
CE_PAWNWEAKNESSES:0.4894280714058634
CE_PIECEACTIVITY:0.4963485485110578
CE_KINGPAWNSHIELD:0.506092866581353
CE_PIECECOORDINATION:0.5121410246895177
CE_MATERIAL:0.5086641303567991
CE_KINGSAFETY:0.5102473228067426
C_PIECESQUARETABLES:0.49701362170270547
C_MOBILITY:0.4983401378245341
C_KINGSAFETY:0.529837515469403
C_PAWNSTRUCTURE:0.5155358823015377
C_PIECECOORDINATION:0.488398865567103
C_ROOK:0.5057629443465774
CE_ROOK:0.4940431469516424
C_CENTERCONTROL:0.5155567350260993
C_DEVELOPPIECES:0.49796864489657383
C_MATERIAL:0.5028395149887651
C_MOVECOUNT:0.5117765365459722
C_PAWNMOVEMENT:0.5124929590509548
