ELO:949
CE_PASSEDPAWNS:0.5056392571011106
CE_PAWNWEAKNESSES:0.5657012907803902
CE_PIECEACTIVITY:0.5085294716667248
CE_KINGPAWNSHIELD:0.5297508089671744
CE_PIECECOORDINATION:0.6113534023599894
CE_MATERIAL:0.6139594391499917
CE_KINGSAFETY:0.501482094976684
C_PIECESQUARETABLES:0.4755581958524997
C_MOBILITY:0.4370828676669711
C_KINGSAFETY:0.5230980893324652
C_PAWNSTRUCTURE:0.4791622587920138
C_PIECECOORDINATION:0.5098267987864278
C_ROOKANDPAWNMOVEMENT:0.5098267987864278
C_CENTERCONTROL:0.3789657457113293
C_DEVELOPPIECES:0.5437802852377981
C_MATERIAL:0.44199641756677466
