ELO:1001
CE_PASSEDPAWNS:0.5125533825236519
CE_PAWNWEAKNESSES:0.5614590184941238
CE_PIECEACTIVITY:0.4869559431734924
CE_KINGPAWNSHIELD:0.5144434180187261
CE_PIECECOORDINATION:0.5216554118274788
CE_MATERIAL:0.5648185074296136
CE_KINGSAFETY:0.5035339437255691
C_PIECESQUARETABLES:0.4130021776469027
C_MOBILITY:0.5042594087393358
C_KINGSAFETY:0.4525850524821252
C_PAWNSTRUCTURE:0.5201674351912372
C_PIECECOORDINATION:0.47164025596355225
C_ROOKANDPAWNMOVEMENT:0.47164025596355225
C_CENTERCONTROL:0.5283496790370643
C_DEVELOPPIECES:0.480214767611454
C_MATERIAL:0.4633727092979879
