ELO:1000
CE_PASSEDPAWNS:0.541746993422843
CE_PAWNWEAKNESSES:0.4947775174384711
CE_PIECEACTIVITY:0.47517614307785927
CE_KINGPAWNSHIELD:0.47818676176681424
CE_PIECECOORDINATION:0.4812281441007114
CE_MATERIAL:0.4969421230956685
CE_KINGSAFETY:0.4344424030466993
C_PIECESQUARETABLES:0.5186514138780102
C_MOBILITY:0.5042699797056822
C_KINGSAFETY:0.48899788703329927
C_PAWNSTRUCTURE:0.46048206190751556
C_PIECECOORDINATION:0.4517714491098076
C_ROOKANDPAWNMOVEMENT:0.4517714491098076
C_CENTERCONTROL:0.5016608385983662
C_DEVELOPPIECES:0.5275559206080677
C_MATERIAL:0.5008039120112445
