ELO:1072
CE_PASSEDPAWNS:0.45625770766887735
CE_PAWNWEAKNESSES:0.4191703882668084
CE_PIECEACTIVITY:0.47707812532962285
CE_KINGPAWNSHIELD:0.4695434345945591
CE_PIECECOORDINATION:0.47895958004129435
CE_MATERIAL:0.4280196418415296
CE_KINGSAFETY:0.5018491657583711
C_PIECESQUARETABLES:0.5290527909366044
C_MOBILITY:0.5194319047914892
C_KINGSAFETY:0.641126870639077
C_PAWNSTRUCTURE:0.4417501100211813
C_PIECECOORDINATION:0.4993744602511813
C_ROOKANDPAWNMOVEMENT:0.4993744602511813
C_CENTERCONTROL:0.5281151313723286
C_DEVELOPPIECES:0.527573342477188
C_MATERIAL:0.4031471504821784
