ELO:969
CE_PASSEDPAWNS:0.4971145624784201
CE_PAWNWEAKNESSES:0.5090166992888512
CE_PIECEACTIVITY:0.5177288784020435
CE_KINGPAWNSHIELD:0.4922051065190549
CE_PIECECOORDINATION:0.5009203309474813
CE_MATERIAL:0.4966222728095442
CE_KINGSAFETY:0.5
C_PIECESQUARETABLES:0.5
C_MOBILITY:0.5118160941255303
C_KINGSAFETY:0.4978519382271934
C_PAWNSTRUCTURE:0.49398693976363667
C_PIECECOORDINATION:0.5039540855554704
C_ROOKANDPAWNMOVEMENT:0.5039540855554704
C_CENTERCONTROL:0.5122648847009512
C_DEVELOPPIECES:0.5
C_MATERIAL:0.4725445946394094
C_MOVECOUNT:0.5
