ELO:988
CE_PASSEDPAWNS:0.5088946623841907
CE_PAWNWEAKNESSES:0.497808625577924
CE_PIECEACTIVITY:0.4994378684590182
CE_KINGPAWNSHIELD:0.5
CE_PIECECOORDINATION:0.500327873584363
CE_MATERIAL:0.49840681451773367
CE_KINGSAFETY:0.5
C_PIECESQUARETABLES:0.5
C_MOBILITY:0.5
C_KINGSAFETY:0.5
C_PAWNSTRUCTURE:0.4998941511350944
C_PIECECOORDINATION:0.5037715189411024
C_ROOKANDPAWNMOVEMENT:0.5037715189411024
C_CENTERCONTROL:0.5
C_DEVELOPPIECES:0.491571316523385
C_MATERIAL:0.5
C_MOVECOUNT:0.4925416745332828
