ELO:751
CE_PASSEDPAWNS:0.5433834190705445
CE_PAWNWEAKNESSES:0.5422849915427402
CE_PIECEACTIVITY:0.41544805797778417
CE_KINGPAWNSHIELD:0.4541266914629703
CE_PIECECOORDINATION:0.5963152942319683
CE_MATERIAL:0.45624151568551297
CE_KINGSAFETY:0.5303163620877231
C_PIECESQUARETABLES:0.5068062501510384
C_MOBILITY:0.42399250574945724
C_KINGSAFETY:0.5531566584273241
C_PAWNSTRUCTURE:0.5396444098539113
C_PIECECOORDINATION:0.41728431872839644
C_ROOKANDPAWNMOVEMENT:0.41728431872839644
C_CENTERCONTROL:0.4611686946297498
C_DEVELOPPIECES:0.5572210266096517
C_MATERIAL:0.46433633142987163
C_MOVECOUNT:0.5
