ELO:999
CE_PASSEDPAWNS:0.5103330758756536
CE_PAWNWEAKNESSES:0.5
CE_PIECEACTIVITY:0.49279106256791433
CE_KINGPAWNSHIELD:0.5
CE_PIECECOORDINATION:0.5083567886326477
CE_MATERIAL:0.5083364474811021
CE_KINGSAFETY:0.5
C_PIECESQUARETABLES:0.5
C_MOBILITY:0.5
C_KINGSAFETY:0.5
C_PAWNSTRUCTURE:0.5
C_PIECECOORDINATION:0.4960388094581039
C_ROOKANDPAWNMOVEMENT:0.4960388094581039
C_CENTERCONTROL:0.5
C_DEVELOPPIECES:0.5005628615018104
C_MATERIAL:0.5
C_MOVECOUNT:0.5
