ELO:1044
CE_PASSEDPAWNS:0.48223488701222494
CE_PAWNWEAKNESSES:0.5
CE_PIECEACTIVITY:0.5
CE_KINGPAWNSHIELD:0.5013428265522908
CE_PIECECOORDINATION:0.4694242921998455
CE_MATERIAL:0.5
CE_KINGSAFETY:0.5158210973630337
C_PIECESQUARETABLES:0.5059195980520927
C_MOBILITY:0.5
C_KINGSAFETY:0.4937362590885941
C_PAWNSTRUCTURE:0.4958767322472491
C_PIECECOORDINATION:0.5133124389039752
C_ROOKANDPAWNMOVEMENT:0.5133124389039752
C_CENTERCONTROL:0.4968289143882078
C_DEVELOPPIECES:0.5123570937292216
C_MATERIAL:0.4923458159051122
