ELO:997
CE_PASSEDPAWNS:0.5302154110662384
CE_PAWNWEAKNESSES:0.5064497630858402
CE_PIECEACTIVITY:0.4568103297692525
CE_KINGPAWNSHIELD:0.4589046466339934
CE_PIECECOORDINATION:0.4415062117120513
CE_MATERIAL:0.4681266872643568
CE_KINGSAFETY:0.48073537617196443
C_PIECESQUARETABLES:0.5062888564556269
C_MOBILITY:0.4566741892165055
C_KINGSAFETY:0.5180714119140695
C_PAWNSTRUCTURE:0.5474364289980829
C_PIECECOORDINATION:0.430691358036693
C_ROOKANDPAWNMOVEMENT:0.430691358036693
C_CENTERCONTROL:0.38873913278395755
C_DEVELOPPIECES:0.5249568803943438
C_MATERIAL:0.44031427358448627
