ELO:934
CE_PASSEDPAWNS:0.49358377948139237
CE_PAWNWEAKNESSES:0.4770694499912206
CE_PIECEACTIVITY:0.502973312791032
CE_KINGPAWNSHIELD:0.5244778832536005
CE_PIECECOORDINATION:0.5298173571668787
CE_MATERIAL:0.4811165310056316
CE_KINGSAFETY:0.5107079052072693
C_PIECESQUARETABLES:0.5105027636598322
C_MOBILITY:0.5211067110810508
C_KINGSAFETY:0.5036561128207255
C_PAWNSTRUCTURE:0.5345430958609999
C_PIECECOORDINATION:0.47975611265265455
C_ROOKANDPAWNMOVEMENT:0.47975611265265455
C_CENTERCONTROL:0.5285577489388043
C_DEVELOPPIECES:0.5454245417173331
C_MATERIAL:0.49090156968322063
C_MOVECOUNT:0.5
