ELO:689
CE_PASSEDPAWNS:0.564044424543367
CE_PAWNWEAKNESSES:0.5683604490697077
CE_PIECEACTIVITY:0.5098654774433322
CE_KINGPAWNSHIELD:0.4088931050310659
CE_PIECECOORDINATION:0.6440466630740916
CE_MATERIAL:0.5161493439239042
CE_KINGSAFETY:0.5166436820407408
C_PIECESQUARETABLES:0.48906494567626374
C_MOBILITY:0.5421086494423406
C_KINGSAFETY:0.5744481871091215
C_PAWNSTRUCTURE:0.590857184520871
C_PIECECOORDINATION:0.41655866186399637
C_ROOKANDPAWNMOVEMENT:0.41655866186399637
C_CENTERCONTROL:0.5340079019614743
C_DEVELOPPIECES:0.5075109394477846
C_MATERIAL:0.44072822011290824
C_MOVECOUNT:0.48968641737077584
