ELO:1000
CE_PASSEDPAWNS:0.5342191995259316
CE_PAWNWEAKNESSES:0.47972982977063255
CE_PIECEACTIVITY:0.4616581797717837
CE_KINGPAWNSHIELD:0.47727298635964055
CE_PIECECOORDINATION:0.45864590564877333
CE_MATERIAL:0.5133457651163041
CE_KINGSAFETY:0.47727008561400763
C_PIECESQUARETABLES:0.5145440825086363
C_MOBILITY:0.477808800362561
C_KINGSAFETY:0.4843819428227673
C_PAWNSTRUCTURE:0.448760745187541
C_PIECECOORDINATION:0.4456940566729557
C_ROOKANDPAWNMOVEMENT:0.4456940566729557
C_CENTERCONTROL:0.5095431250541204
C_DEVELOPPIECES:0.5335097066692259
C_MATERIAL:0.483251524824876
