ELO:939
CE_PASSEDPAWNS:0.49825716330083736
CE_PAWNWEAKNESSES:0.5887547458011452
CE_PIECEACTIVITY:0.45452389470886406
CE_KINGPAWNSHIELD:0.48982060189797166
CE_PIECECOORDINATION:0.588507628022544
CE_MATERIAL:0.5100490309180884
CE_KINGSAFETY:0.48371663222549227
C_PIECESQUARETABLES:0.49869898642181365
C_MOBILITY:0.551297462728643
C_KINGSAFETY:0.48551374869142017
C_PAWNSTRUCTURE:0.522602917033655
C_PIECECOORDINATION:0.4858937159935
C_ROOKANDPAWNMOVEMENT:0.4858937159935
C_CENTERCONTROL:0.5218787789328564
C_DEVELOPPIECES:0.4978206527163562
C_MATERIAL:0.49501277359831897
