ELO:1012
CE_PASSEDPAWNS:0.5
CE_PAWNWEAKNESSES:0.5
CE_PIECEACTIVITY:0.5
CE_KINGPAWNSHIELD:0.5
CE_PIECECOORDINATION:0.5
CE_MATERIAL:0.5017477364239743
CE_KINGSAFETY:0.5
C_PIECESQUARETABLES:0.5
C_MOBILITY:0.488516381414027
C_KINGSAFETY:0.5
C_PAWNSTRUCTURE:0.5
C_PIECECOORDINATION:0.5114496468934039
C_ROOKANDPAWNMOVEMENT:0.5114496468934039
C_CENTERCONTROL:0.4926506013134277
C_DEVELOPPIECES:0.4887037006133489
C_MATERIAL:0.5
C_MOVECOUNT:0.5
