ELO:983
CE_PASSEDPAWNS:0.4637499549953664
CE_PAWNWEAKNESSES:0.4715771947075335
CE_PIECEACTIVITY:0.4941449174537111
CE_KINGPAWNSHIELD:0.5023051449445932
CE_PIECECOORDINATION:0.5446110696367635
CE_MATERIAL:0.5336128707497229
CE_KINGSAFETY:0.4623060893723985
C_PIECESQUARETABLES:0.5989228996997645
C_MOBILITY:0.5129467920299065
C_KINGSAFETY:0.39593585117590946
C_PAWNSTRUCTURE:0.5449615322037419
C_PIECECOORDINATION:0.3992519328469859
C_ROOKANDPAWNMOVEMENT:0.3992519328469859
C_CENTERCONTROL:0.583184523194359
C_DEVELOPPIECES:0.49019620739832714
C_MATERIAL:0.47389851555442597
