ELO:819
CE_PASSEDPAWNS:0.43473538823325864
CE_PAWNWEAKNESSES:0.4907225817168405
CE_PIECEACTIVITY:0.49529280618297833
CE_KINGPAWNSHIELD:0.5037166724102156
CE_PIECECOORDINATION:0.5235836701041533
CE_MATERIAL:0.47074174305697897
CE_KINGSAFETY:0.47940217276267627
C_PIECESQUARETABLES:0.44662942898341396
C_MOBILITY:0.5699225119083385
C_KINGSAFETY:0.4121741881262109
C_PAWNSTRUCTURE:0.5484545305441347
C_PIECECOORDINATION:0.4185497763326972
C_ROOKANDPAWNMOVEMENT:0.4185497763326972
C_CENTERCONTROL:0.5501481787860356
C_DEVELOPPIECES:0.4383314288646761
C_MATERIAL:0.42743892066468436
