ELO:946
CE_PASSEDPAWNS:0.48740768134130213
CE_PAWNWEAKNESSES:0.5520649936167422
CE_PIECEACTIVITY:0.4823544086957139
CE_KINGPAWNSHIELD:0.4850733893210805
CE_PIECECOORDINATION:0.531697651645471
CE_MATERIAL:0.5262892913299616
CE_KINGSAFETY:0.5037819649254911
C_PIECESQUARETABLES:0.47450597445341447
C_MOBILITY:0.524478754073506
C_KINGSAFETY:0.5422219011714333
C_PAWNSTRUCTURE:0.4877601870769895
C_PIECECOORDINATION:0.49841500849691656
C_ROOKANDPAWNMOVEMENT:0.49841500849691656
C_CENTERCONTROL:0.47798142683160955
C_DEVELOPPIECES:0.5366156267097344
C_MATERIAL:0.5031023755929674
C_MOVECOUNT:0.49123583345964894
