ELO:956
CE_PASSEDPAWNS:0.5076788408296049
CE_PAWNWEAKNESSES:0.49123809021708825
CE_PIECEACTIVITY:0.49928463340213536
CE_KINGPAWNSHIELD:0.5009583886928807
CE_PIECECOORDINATION:0.49523126024810976
CE_MATERIAL:0.517183377558611
CE_KINGSAFETY:0.5324537020294998
C_PIECESQUARETABLES:0.46858879143128535
C_MOBILITY:0.5108782385212656
C_KINGSAFETY:0.4812367404566836
C_PAWNSTRUCTURE:0.49186222710904903
C_PIECECOORDINATION:0.4843108244057768
C_ROOKANDPAWNMOVEMENT:0.4843108244057768
C_CENTERCONTROL:0.512427541405873
C_DEVELOPPIECES:0.503371203779386
C_MATERIAL:0.5106187429999056
