ELO:998
CE_PASSEDPAWNS:0.478933222155578
CE_PAWNWEAKNESSES:0.5116343116157762
CE_PIECEACTIVITY:0.4863994313653514
CE_KINGPAWNSHIELD:0.5003010934555703
CE_PIECECOORDINATION:0.5237243084674141
CE_MATERIAL:0.489693838164468
CE_KINGSAFETY:0.5
C_PIECESQUARETABLES:0.5
C_MOBILITY:0.5108789503004801
C_KINGSAFETY:0.4724984023432676
C_PAWNSTRUCTURE:0.5090798718309105
C_PIECECOORDINATION:0.4815079673828058
C_ROOK:0.5025191816413884
CE_ROOK:0.51909136043891
C_CENTERCONTROL:0.5026721733439395
C_DEVELOPPIECES:0.5337628065823778
C_MATERIAL:0.46923016712715493
C_MOVECOUNT:0.4987925086798318
C_PAWNMOVEMENT:0.4952248828549808
