ELO:1000
CE_PASSEDPAWNS:0.5
CE_PAWNWEAKNESSES:0.5011002172756248
CE_PIECEACTIVITY:0.5
CE_KINGPAWNSHIELD:0.5
CE_PIECECOORDINATION:0.5
CE_MATERIAL:0.4906297024459449
CE_KINGSAFETY:0.5
C_PIECESQUARETABLES:0.5
C_MOBILITY:0.5
C_KINGSAFETY:0.5
C_PAWNSTRUCTURE:0.49460779373034364
C_PIECECOORDINATION:0.5
C_ROOK:0.5
CE_ROOK:0.5017011437032683
C_CENTERCONTROL:0.5
C_DEVELOPPIECES:0.5048281056636736
C_MATERIAL:0.5038260898534798
C_MOVECOUNT:0.5
C_PAWNMOVEMENT:0.502540823562185
