ELO:1037
CE_PASSEDPAWNS:0.5110196372096623
CE_PAWNWEAKNESSES:0.4798345828022037
CE_PIECEACTIVITY:0.49102237647856933
CE_KINGPAWNSHIELD:0.5231747007757428
CE_PIECECOORDINATION:0.5
CE_MATERIAL:0.49750902054535373
CE_KINGSAFETY:0.5
C_PIECESQUARETABLES:0.5
C_MOBILITY:0.5108789503004801
C_KINGSAFETY:0.5168036488374377
C_PAWNSTRUCTURE:0.5002356191162017
C_PIECECOORDINATION:0.5192475074753288
C_ROOK:0.5
CE_ROOK:0.4879694313909562
C_CENTERCONTROL:0.500299860415731
C_DEVELOPPIECES:0.49550618521369744
C_MATERIAL:0.46758995477125365
C_MOVECOUNT:0.48314016934763326
C_PAWNMOVEMENT:0.5131532910449351
