ELO:985
CE_PASSEDPAWNS:0.4526765126297167
CE_PAWNWEAKNESSES:0.47632167884722915
CE_PIECEACTIVITY:0.5053762603250566
CE_KINGPAWNSHIELD:0.5274920400051403
CE_PIECECOORDINATION:0.5254169815772144
CE_MATERIAL:0.522305050362931
CE_KINGSAFETY:0.45354350833868157
C_PIECESQUARETABLES:0.5996945824014985
C_MOBILITY:0.49400606327112173
C_KINGSAFETY:0.4160445329655113
C_PAWNSTRUCTURE:0.5579392493580113
C_PIECECOORDINATION:0.39881929887789236
C_ROOKANDPAWNMOVEMENT:0.39881929887789236
C_CENTERCONTROL:0.5719607749853306
C_DEVELOPPIECES:0.49988683241391624
C_MATERIAL:0.46985608829555275
