ELO:849
CE_PASSEDPAWNS:0.5749488829717686
CE_PAWNWEAKNESSES:0.5077604178752582
CE_PIECEACTIVITY:0.5152652312113665
CE_KINGPAWNSHIELD:0.5258109444975129
CE_PIECECOORDINATION:0.48476557495115846
CE_MATERIAL:0.5770034203246966
CE_KINGSAFETY:0.4809993652575296
C_PIECESQUARETABLES:0.5204307726321266
C_MOBILITY:0.4949801944824492
C_KINGSAFETY:0.5658734079015829
C_PAWNSTRUCTURE:0.5181293913485199
C_PIECECOORDINATION:0.4683779133003366
C_ROOKANDPAWNMOVEMENT:0.4683779133003366
C_CENTERCONTROL:0.5237875102619322
C_DEVELOPPIECES:0.5111360018943483
C_MATERIAL:0.5427356352401492
C_MOVECOUNT:0.43920271345046996
