ELO:993
CE_PASSEDPAWNS:0.5
CE_PAWNWEAKNESSES:0.5133917799778855
CE_PIECEACTIVITY:0.516086716780746
CE_KINGPAWNSHIELD:0.503014284387232
CE_PIECECOORDINATION:0.4940218645963386
CE_MATERIAL:0.5130930224299658
CE_KINGSAFETY:0.5080394675503006
C_PIECESQUARETABLES:0.4915203660738417
C_MOBILITY:0.5025068419356499
C_KINGSAFETY:0.4854641123929758
C_PAWNSTRUCTURE:0.5
C_PIECECOORDINATION:0.5045491478624222
C_ROOKANDPAWNMOVEMENT:0.5045491478624222
C_CENTERCONTROL:0.5
C_DEVELOPPIECES:0.5108729428470121
C_MATERIAL:0.5046051833399037
