ELO:1014
CE_PASSEDPAWNS:0.5
CE_PAWNWEAKNESSES:0.5
CE_PIECEACTIVITY:0.49280501762979956
CE_KINGPAWNSHIELD:0.500880858809423
CE_PIECECOORDINATION:0.5086410266231429
CE_MATERIAL:0.49032811468692383
CE_KINGSAFETY:0.5
C_PIECESQUARETABLES:0.5
C_MOBILITY:0.4974141367395853
C_KINGSAFETY:0.49094532681137687
C_PAWNSTRUCTURE:0.5
C_PIECECOORDINATION:0.49407077970347035
C_ROOKANDPAWNMOVEMENT:0.49407077970347035
C_CENTERCONTROL:0.4917995200095904
C_DEVELOPPIECES:0.5
C_MATERIAL:0.500534842623414
C_MOVECOUNT:0.5
