ELO:1000
CE_PASSEDPAWNS:0.45866302379183976
CE_PAWNWEAKNESSES:0.48644132177765487
CE_PIECEACTIVITY:0.520935113547056
CE_KINGPAWNSHIELD:0.4612788354883472
CE_PIECECOORDINATION:0.46752989545157475
CE_MATERIAL:0.445356441373868
CE_KINGSAFETY:0.5070537603380291
C_PIECESQUARETABLES:0.5014717451253611
C_MOBILITY:0.5199794872792153
C_KINGSAFETY:0.4767630153185686
C_PAWNSTRUCTURE:0.5608264807145912
C_PIECECOORDINATION:0.49651197549544535
C_ROOKANDPAWNMOVEMENT:0.49651197549544535
C_CENTERCONTROL:0.46423200413354226
C_DEVELOPPIECES:0.4908220080785374
C_MATERIAL:0.5045032854445216
