ELO:1010
CE_PASSEDPAWNS:0.49244450137678064
CE_PAWNWEAKNESSES:0.5004243223945801
CE_PIECEACTIVITY:0.4977159048461838
CE_KINGPAWNSHIELD:0.5202269624494456
CE_PIECECOORDINATION:0.49964702934685445
CE_MATERIAL:0.5419255685676578
CE_KINGSAFETY:0.5
C_PIECESQUARETABLES:0.5
C_MOBILITY:0.5028170813085642
C_KINGSAFETY:0.5207123532506147
C_PAWNSTRUCTURE:0.4996958912110175
C_PIECECOORDINATION:0.5400649505094918
C_ROOK:0.48473326904920266
CE_ROOK:0.5184709806234532
C_CENTERCONTROL:0.5050848026949407
C_DEVELOPPIECES:0.5255994280324449
C_MATERIAL:0.482047255442402
C_MOVECOUNT:0.48871135583086506
C_PAWNMOVEMENT:0.49808335392436087
