ELO:977
CE_PASSEDPAWNS:0.4879513119844415
CE_PAWNWEAKNESSES:0.507919277258894
CE_PIECEACTIVITY:0.48559739698317084
CE_KINGPAWNSHIELD:0.5146448183793848
CE_PIECECOORDINATION:0.5271216770357628
CE_MATERIAL:0.535464141427838
CE_KINGSAFETY:0.4970965061779505
C_PIECESQUARETABLES:0.5133849022505149
C_MOBILITY:0.49059675692640053
C_KINGSAFETY:0.4700210212093865
C_PAWNSTRUCTURE:0.5599945225085481
C_PIECECOORDINATION:0.48777243008085774
C_ROOKANDPAWNMOVEMENT:0.48777243008085774
C_CENTERCONTROL:0.5647049772564733
C_DEVELOPPIECES:0.5109601399413941
C_MATERIAL:0.5100469501325434
