ELO:963
CE_PASSEDPAWNS:0.5359501476911305
CE_PAWNWEAKNESSES:0.47132940198452555
CE_PIECEACTIVITY:0.48388005492511843
CE_KINGPAWNSHIELD:0.35635225667742393
CE_PIECECOORDINATION:0.5335133033963483
CE_MATERIAL:0.4030278334630557
CE_KINGSAFETY:0.48519467847431247
C_PIECESQUARETABLES:0.5001682036167769
C_MOBILITY:0.5030872162662451
C_KINGSAFETY:0.4791100008645058
C_PAWNSTRUCTURE:0.4879977163047928
C_PIECECOORDINATION:0.4984511709788575
C_ROOKANDPAWNMOVEMENT:0.4984511709788575
C_CENTERCONTROL:0.4703978685095711
C_DEVELOPPIECES:0.5276487638092121
C_MATERIAL:0.5414466007568525
