ELO:1000
CE_PASSEDPAWNS:0.5
CE_PAWNWEAKNESSES:0.5067288864346595
CE_PIECEACTIVITY:0.5
CE_KINGPAWNSHIELD:0.49341704630044075
CE_PIECECOORDINATION:0.5
CE_MATERIAL:0.48485157416003327
CE_KINGSAFETY:0.48768934499506567
C_PIECESQUARETABLES:0.49396373222737566
C_MOBILITY:0.49270306366621114
C_KINGSAFETY:0.48758278276437156
C_PAWNSTRUCTURE:0.49460779373034364
C_PIECECOORDINATION:0.5058866313225382
C_ROOK:0.49752742445117604
CE_ROOK:0.5108097240781406
C_CENTERCONTROL:0.5039788871700898
C_DEVELOPPIECES:0.5057574964645978
C_MATERIAL:0.5038260898534798
C_MOVECOUNT:0.49706229951519926
C_PAWNMOVEMENT:0.502540823562185
