ELO:847
CE_PASSEDPAWNS:0.41636719541398703
CE_PAWNWEAKNESSES:0.5126129933389181
CE_PIECEACTIVITY:0.5232382970309695
CE_KINGPAWNSHIELD:0.5313468199669457
CE_PIECECOORDINATION:0.5326076890943082
CE_MATERIAL:0.4591642580068526
CE_KINGSAFETY:0.5419425591418611
C_PIECESQUARETABLES:0.5087695195914853
C_MOBILITY:0.5768060627849743
C_KINGSAFETY:0.44194820143778396
C_PAWNSTRUCTURE:0.49775898805133934
C_PIECECOORDINATION:0.4002325546036713
C_ROOKANDPAWNMOVEMENT:0.4002325546036713
C_CENTERCONTROL:0.5905287814966258
C_DEVELOPPIECES:0.4321756171628562
C_MATERIAL:0.46918165949620844
