ELO:1074
CE_PASSEDPAWNS:0.5
CE_PAWNWEAKNESSES:0.5175094018890779
CE_PIECEACTIVITY:0.5
CE_KINGPAWNSHIELD:0.4574179119315419
CE_PIECECOORDINATION:0.5085252942078642
CE_MATERIAL:0.4894697618624888
CE_KINGSAFETY:0.4618720977531653
C_PIECESQUARETABLES:0.5
C_MOBILITY:0.5039686762927297
C_KINGSAFETY:0.4764381731410812
C_PAWNSTRUCTURE:0.5
C_PIECECOORDINATION:0.491066165584061
C_ROOKANDPAWNMOVEMENT:0.491066165584061
C_CENTERCONTROL:0.493188999076274
C_DEVELOPPIECES:0.512353832623105
C_MATERIAL:0.4928626643942849
C_MOVECOUNT:0.5
