ELO:1000
CE_PASSEDPAWNS:0.5
CE_PAWNWEAKNESSES:0.5067288864346595
CE_PIECEACTIVITY:0.5
CE_KINGPAWNSHIELD:0.49341704630044075
CE_PIECECOORDINATION:0.5086703503588659
CE_MATERIAL:0.48485157416003327
CE_KINGSAFETY:0.5
C_PIECESQUARETABLES:0.5
C_MOBILITY:0.4869654991917333
C_KINGSAFETY:0.48226470961326073
C_PAWNSTRUCTURE:0.49460779373034364
C_PIECECOORDINATION:0.500889552988909
C_ROOK:0.49752742445117604
CE_ROOK:0.5108097240781406
C_CENTERCONTROL:0.5039788871700898
C_DEVELOPPIECES:0.5057574964645978
C_MATERIAL:0.5038260898534798
C_MOVECOUNT:0.4893977907474708
C_PAWNMOVEMENT:0.502540823562185
