ELO:1077
CE_PASSEDPAWNS:0.5198953570732054
CE_PAWNWEAKNESSES:0.5143278484499546
CE_PIECEACTIVITY:0.5
CE_KINGPAWNSHIELD:0.5
CE_PIECECOORDINATION:0.5085252942078642
CE_MATERIAL:0.4894697618624888
CE_KINGSAFETY:0.4684722822210651
C_PIECESQUARETABLES:0.5
C_MOBILITY:0.5122676192898017
C_KINGSAFETY:0.4901679263244641
C_PAWNSTRUCTURE:0.5
C_PIECECOORDINATION:0.5
C_ROOKANDPAWNMOVEMENT:0.5
C_CENTERCONTROL:0.493188999076274
C_DEVELOPPIECES:0.512353832623105
C_MATERIAL:0.5
C_MOVECOUNT:0.5
