ELO:959
CE_PASSEDPAWNS:0.5391877756083875
CE_PAWNWEAKNESSES:0.5
CE_PIECEACTIVITY:0.5364676124357944
CE_KINGPAWNSHIELD:0.5128026247153717
CE_PIECECOORDINATION:0.5071177658345473
CE_MATERIAL:0.4963914710632842
CE_KINGSAFETY:0.4902213345720539
C_PIECESQUARETABLES:0.5
C_MOBILITY:0.49229306506983506
C_KINGSAFETY:0.49496210071390506
C_PAWNSTRUCTURE:0.45876944172461775
C_PIECECOORDINATION:0.4814318311295983
C_ROOKANDPAWNMOVEMENT:0.4814318311295983
C_CENTERCONTROL:0.5
C_DEVELOPPIECES:0.519187860830926
C_MATERIAL:0.4730025898358192
C_MOVECOUNT:0.4899694653437855
