ELO:1000
CE_PASSEDPAWNS:0.46392280711798556
CE_PAWNWEAKNESSES:0.4497273572864298
CE_PIECEACTIVITY:0.5182175222445736
CE_KINGPAWNSHIELD:0.44722518538057704
CE_PIECECOORDINATION:0.4295377477155872
CE_MATERIAL:0.46163326172310976
CE_KINGSAFETY:0.5197962227577616
C_PIECESQUARETABLES:0.49229157731792705
C_MOBILITY:0.536845369639711
C_KINGSAFETY:0.4978125103465764
C_PAWNSTRUCTURE:0.5269222429748309
C_PIECECOORDINATION:0.4856020528919683
C_ROOKANDPAWNMOVEMENT:0.4856020528919683
C_CENTERCONTROL:0.45904833840643416
C_DEVELOPPIECES:0.45211217586154884
C_MATERIAL:0.5230185946716187
