ELO:1000
CE_PASSEDPAWNS:0.45316734650492924
CE_PAWNWEAKNESSES:0.45482028539256114
CE_PIECEACTIVITY:0.47924530847839514
CE_KINGPAWNSHIELD:0.45632290760410377
CE_PIECECOORDINATION:0.42996242656906686
CE_MATERIAL:0.46431482590795103
CE_KINGSAFETY:0.48734171325312
C_PIECESQUARETABLES:0.5
C_MOBILITY:0.5518266924694281
C_KINGSAFETY:0.49273267568573986
C_PAWNSTRUCTURE:0.514578340774314
C_PIECECOORDINATION:0.48096679432083256
C_ROOKANDPAWNMOVEMENT:0.48096679432083256
C_CENTERCONTROL:0.48203272443833467
C_DEVELOPPIECES:0.455484843938097
C_MATERIAL:0.5266687237545168
