ELO:886
CE_PASSEDPAWNS:0.4514645624464095
CE_PAWNWEAKNESSES:0.5098228051295893
CE_PIECEACTIVITY:0.5242011851621798
CE_KINGPAWNSHIELD:0.5015313167170624
CE_PIECECOORDINATION:0.5443312491360044
CE_MATERIAL:0.5191628244561235
CE_KINGSAFETY:0.5070535749751014
C_PIECESQUARETABLES:0.48377749060869685
C_MOBILITY:0.5493149945496062
C_KINGSAFETY:0.438446177606935
C_PAWNSTRUCTURE:0.5374522834441123
C_PIECECOORDINATION:0.4176582532004338
C_ROOKANDPAWNMOVEMENT:0.4176582532004338
C_CENTERCONTROL:0.5633032397800418
C_DEVELOPPIECES:0.4631449292471849
C_MATERIAL:0.4415004306406176
