ELO:984
CE_PASSEDPAWNS:0.4920140259482998
CE_PAWNWEAKNESSES:0.4885429144765255
CE_PIECEACTIVITY:0.5
CE_KINGPAWNSHIELD:0.5
CE_PIECECOORDINATION:0.5
CE_MATERIAL:0.5005129685804718
CE_KINGSAFETY:0.5128540323502833
C_PIECESQUARETABLES:0.5119721790233999
C_MOBILITY:0.4878438593284387
C_KINGSAFETY:0.4980139224213523
C_PAWNSTRUCTURE:0.5
C_PIECECOORDINATION:0.5100723584881265
C_ROOKANDPAWNMOVEMENT:0.5100723584881265
C_CENTERCONTROL:0.4896587114528298
C_DEVELOPPIECES:0.5
C_MATERIAL:0.5070857425030157
