ELO:1013
CE_PASSEDPAWNS:0.5
CE_PAWNWEAKNESSES:0.5005775228776269
CE_PIECEACTIVITY:0.5
CE_KINGPAWNSHIELD:0.49341704630044075
CE_PIECECOORDINATION:0.5086703503588659
CE_MATERIAL:0.48485157416003327
CE_KINGSAFETY:0.4921318743868536
C_PIECESQUARETABLES:0.5
C_MOBILITY:0.49197318576440263
C_KINGSAFETY:0.4710995897188262
C_PAWNSTRUCTURE:0.5017075639845763
C_PIECECOORDINATION:0.49183347944348227
C_ROOK:0.49752742445117604
CE_ROOK:0.5108097240781406
C_CENTERCONTROL:0.5039788871700898
C_DEVELOPPIECES:0.5057574964645978
C_MATERIAL:0.5126262801680339
C_MOVECOUNT:0.4701640049785616
C_PAWNMOVEMENT:0.4963923871611363
