ELO:1046
CE_PASSEDPAWNS:0.5291508416340409
CE_PAWNWEAKNESSES:0.4967877153802503
CE_PIECEACTIVITY:0.5001184731529964
CE_KINGPAWNSHIELD:0.49795435638811325
CE_PIECECOORDINATION:0.4990128937947933
CE_MATERIAL:0.5115008509760626
CE_KINGSAFETY:0.5
C_PIECESQUARETABLES:0.5
C_MOBILITY:0.5136440417553039
C_KINGSAFETY:0.479614052768268
C_PAWNSTRUCTURE:0.5
C_PIECECOORDINATION:0.5165029931183787
C_ROOK:0.48473326904920266
CE_ROOK:0.5085813513042079
C_CENTERCONTROL:0.5035731574394081
C_DEVELOPPIECES:0.471495024196108
C_MATERIAL:0.5000931706638955
C_MOVECOUNT:0.4883094125499912
C_PAWNMOVEMENT:0.4953020681581354
