ELO:930
CE_PASSEDPAWNS:0.48899114449626246
CE_PAWNWEAKNESSES:0.46069291228055126
CE_PIECEACTIVITY:0.5387222290161349
CE_KINGPAWNSHIELD:0.3576297826908593
CE_PIECECOORDINATION:0.49561859172165107
CE_MATERIAL:0.39617928420587895
CE_KINGSAFETY:0.49106198195201173
C_PIECESQUARETABLES:0.4742753921413608
C_MOBILITY:0.4687074755167916
C_KINGSAFETY:0.4368956579415874
C_PAWNSTRUCTURE:0.41059065726232813
C_PIECECOORDINATION:0.4903223076786237
C_ROOKANDPAWNMOVEMENT:0.4903223076786237
C_CENTERCONTROL:0.47941275083918844
C_DEVELOPPIECES:0.5419370574210971
C_MATERIAL:0.5172024926286405
