ELO:961
CE_PASSEDPAWNS:0.4851289434910631
CE_PAWNWEAKNESSES:0.4565510696416432
CE_PIECEACTIVITY:0.4343101114874594
CE_KINGPAWNSHIELD:0.465781535557176
CE_PIECECOORDINATION:0.471734906041944
CE_MATERIAL:0.4699618592494867
CE_KINGSAFETY:0.46687050670433067
C_PIECESQUARETABLES:0.5
C_MOBILITY:0.43803978155800005
C_KINGSAFETY:0.524337784910682
C_PAWNSTRUCTURE:0.5093520691468304
C_PIECECOORDINATION:0.4847576148564919
C_ROOKANDPAWNMOVEMENT:0.4847576148564919
C_CENTERCONTROL:0.4599617598135209
C_DEVELOPPIECES:0.5037832510930562
C_MATERIAL:0.5029686955030372
C_MOVECOUNT:0.5
