ELO:1049
CE_PASSEDPAWNS:0.4955273104592464
CE_PAWNWEAKNESSES:0.4767844267239877
CE_PIECEACTIVITY:0.49556685037013515
CE_KINGPAWNSHIELD:0.4970288219113497
CE_PIECECOORDINATION:0.5197609347530578
CE_MATERIAL:0.4936647227553223
CE_KINGSAFETY:0.5
C_PIECESQUARETABLES:0.5
C_MOBILITY:0.508670177124862
C_KINGSAFETY:0.5042051878248334
C_PAWNSTRUCTURE:0.5016208826955667
C_PIECECOORDINATION:0.518897196640127
C_ROOK:0.49175260930074466
CE_ROOK:0.5
C_CENTERCONTROL:0.5
C_DEVELOPPIECES:0.5028217986566211
C_MATERIAL:0.45230360181182927
C_MOVECOUNT:0.4963060505601836
C_PAWNMOVEMENT:0.5
