ELO:1000
CE_PASSEDPAWNS:0.4552870530179453
CE_PAWNWEAKNESSES:0.4449548759966435
CE_PIECEACTIVITY:0.47650359858566965
CE_KINGPAWNSHIELD:0.4573277051087839
CE_PIECECOORDINATION:0.4222487773578936
CE_MATERIAL:0.4404899851518175
CE_KINGSAFETY:0.4820236635934768
C_PIECESQUARETABLES:0.5049694898844909
C_MOBILITY:0.5597894927456154
C_KINGSAFETY:0.4751243217955911
C_PAWNSTRUCTURE:0.522866356831485
C_PIECECOORDINATION:0.509573678225513
C_ROOKANDPAWNMOVEMENT:0.509573678225513
C_CENTERCONTROL:0.46827906178156586
C_DEVELOPPIECES:0.4423629447126995
C_MATERIAL:0.5500650144324186
