ELO:998
CE_PASSEDPAWNS:0.4987985277404615
CE_PAWNWEAKNESSES:0.503911680377364
CE_PIECEACTIVITY:0.4958368756718361
CE_KINGPAWNSHIELD:0.49779680667991394
CE_PIECECOORDINATION:0.4995635733599344
CE_MATERIAL:0.508915546623893
CE_KINGSAFETY:0.49381839140902867
C_PIECESQUARETABLES:0.49582410855757364
C_MOBILITY:0.4886180802671046
C_KINGSAFETY:0.4951778926115102
C_PAWNSTRUCTURE:0.4916104137017852
C_PIECECOORDINATION:0.5087608493074359
C_ROOKANDPAWNMOVEMENT:0.5087608493074359
C_CENTERCONTROL:0.4891338108092545
C_DEVELOPPIECES:0.4910063932344362
C_MATERIAL:0.5075782557196648
C_MOVECOUNT:0.5
