ELO:897
CE_PASSEDPAWNS:0.49211731367747247
CE_PAWNWEAKNESSES:0.4919538953537388
CE_PIECEACTIVITY:0.5042472340301886
CE_KINGPAWNSHIELD:0.5229290520515142
CE_PIECECOORDINATION:0.5152831320896722
CE_MATERIAL:0.5152907304756352
CE_KINGSAFETY:0.5437437636130811
C_PIECESQUARETABLES:0.5262767045768629
C_MOBILITY:0.4596809021456313
C_KINGSAFETY:0.4755415053970736
C_PAWNSTRUCTURE:0.5041951007733749
C_PIECECOORDINATION:0.5138112019482751
C_ROOKANDPAWNMOVEMENT:0.5138112019482751
C_CENTERCONTROL:0.519476734512847
C_DEVELOPPIECES:0.49018661365773847
C_MATERIAL:0.5098006283073329
