ELO:976
CE_PASSEDPAWNS:0.49130728347703817
CE_PAWNWEAKNESSES:0.521290033097471
CE_PIECEACTIVITY:0.5118910764371691
CE_KINGPAWNSHIELD:0.5046908413726913
CE_PIECECOORDINATION:0.5196364675816815
CE_MATERIAL:0.5246313322837498
CE_KINGSAFETY:0.47304744659734116
C_PIECESQUARETABLES:0.4699547629040366
C_MOBILITY:0.4815044955959882
C_KINGSAFETY:0.4681804554496518
C_PAWNSTRUCTURE:0.5747073007128161
C_PIECECOORDINATION:0.5063008909851967
C_ROOKANDPAWNMOVEMENT:0.5063008909851967
C_CENTERCONTROL:0.5506038340367081
C_DEVELOPPIECES:0.4797023314961328
C_MATERIAL:0.5147323318021473
