ELO:1008
CE_PASSEDPAWNS:0.5109883771654151
CE_PAWNWEAKNESSES:0.5138395854916308
CE_PIECEACTIVITY:0.5176415780810288
CE_KINGPAWNSHIELD:0.4755082251799969
CE_PIECECOORDINATION:0.545778122978973
CE_MATERIAL:0.5006403452704119
CE_KINGSAFETY:0.5
C_PIECESQUARETABLES:0.5
C_MOBILITY:0.5105194183332942
C_KINGSAFETY:0.482503523626669
C_PAWNSTRUCTURE:0.5073873811072944
C_PIECECOORDINATION:0.534155015582187
C_ROOK:0.5099060923727498
CE_ROOK:0.4967430384803549
C_CENTERCONTROL:0.4744785666193554
C_DEVELOPPIECES:0.5028654569697131
C_MATERIAL:0.5414671902828214
C_MOVECOUNT:0.5154574912145367
C_PAWNMOVEMENT:0.5175625270914461
