ELO:953
CE_PASSEDPAWNS:0.49692432367063266
CE_PAWNWEAKNESSES:0.49027227426313674
CE_PIECEACTIVITY:0.5112550836222594
CE_KINGPAWNSHIELD:0.5102627687113459
CE_PIECECOORDINATION:0.49523126024810976
CE_MATERIAL:0.5194789081611115
CE_KINGSAFETY:0.5303410842985966
C_PIECESQUARETABLES:0.48671780442305823
C_MOBILITY:0.5108782385212656
C_KINGSAFETY:0.4819646851759981
C_PAWNSTRUCTURE:0.48976317990437324
C_PIECECOORDINATION:0.5018450356087627
C_ROOKANDPAWNMOVEMENT:0.5018450356087627
C_CENTERCONTROL:0.5059781476183094
C_DEVELOPPIECES:0.5108729428470121
C_MATERIAL:0.5070535234978287
