ELO:1000
CE_PASSEDPAWNS:0.4708596725699374
CE_PAWNWEAKNESSES:0.4848716145382472
CE_PIECEACTIVITY:0.526612279961167
CE_KINGPAWNSHIELD:0.4591723494803301
CE_PIECECOORDINATION:0.4457589616538938
CE_MATERIAL:0.4879622893310371
CE_KINGSAFETY:0.5166260606790869
C_PIECESQUARETABLES:0.5234093391744008
C_MOBILITY:0.5390250278573209
C_KINGSAFETY:0.49456126539599077
C_PAWNSTRUCTURE:0.5423625453269905
C_PIECECOORDINATION:0.4808087118028287
C_ROOKANDPAWNMOVEMENT:0.4808087118028287
C_CENTERCONTROL:0.4573657708886027
C_DEVELOPPIECES:0.4752910552943173
C_MATERIAL:0.5245318669213785
