ELO:1094
CE_PASSEDPAWNS:0.6496858259496393
CE_PAWNWEAKNESSES:0.45806701335633515
CE_PIECEACTIVITY:0.4910132962467423
CE_KINGPAWNSHIELD:0.45078529192444167
CE_PIECECOORDINATION:0.4847428073406581
CE_MATERIAL:0.39783305558335186
CE_KINGSAFETY:0.5
C_PIECESQUARETABLES:0.5
C_MOBILITY:0.4490336393793981
C_KINGSAFETY:0.6009543595079152
C_PAWNSTRUCTURE:0.39522047002991495
C_PIECECOORDINATION:0.4754363258366029
C_ROOKANDPAWNMOVEMENT:0.4754363258366029
C_CENTERCONTROL:0.4951469385497064
C_DEVELOPPIECES:0.49432185514627996
C_MATERIAL:0.4073474203952967
