ELO:1000
CE_PASSEDPAWNS:0.463755138653886
CE_PAWNWEAKNESSES:0.4400276121052926
CE_PIECEACTIVITY:0.4744545606234591
CE_KINGPAWNSHIELD:0.45811442307269296
CE_PIECECOORDINATION:0.41611778657082565
CE_MATERIAL:0.46457944053436534
CE_KINGSAFETY:0.5
C_PIECESQUARETABLES:0.5
C_MOBILITY:0.5570027052053098
C_KINGSAFETY:0.4827689167001015
C_PAWNSTRUCTURE:0.5229930142606423
C_PIECECOORDINATION:0.486657784952436
C_ROOKANDPAWNMOVEMENT:0.486657784952436
C_CENTERCONTROL:0.49111295100217667
C_DEVELOPPIECES:0.43682355879409646
C_MATERIAL:0.5379826563868552
