ELO:984
CE_PASSEDPAWNS:0.5102138582923686
CE_PAWNWEAKNESSES:0.4156576860877508
CE_PIECEACTIVITY:0.4933816053433479
CE_KINGPAWNSHIELD:0.4864283449844433
CE_PIECECOORDINATION:0.48870129655709765
CE_MATERIAL:0.4998328650420772
CE_KINGSAFETY:0.5
C_PIECESQUARETABLES:0.4524236268159588
C_MOBILITY:0.4168867660371869
C_KINGSAFETY:0.5664846492898417
C_PAWNSTRUCTURE:0.4515996402433376
C_PIECECOORDINATION:0.4639843637130944
C_ROOKANDPAWNMOVEMENT:0.4639843637130944
C_CENTERCONTROL:0.48560860488198965
C_DEVELOPPIECES:0.5001869956773616
C_MATERIAL:0.4439192751479143
C_MOVECOUNT:0.5
