ELO:1022
CE_PASSEDPAWNS:0.5162233477644413
CE_PAWNWEAKNESSES:0.5420560687623416
CE_PIECEACTIVITY:0.45410698162088436
CE_KINGPAWNSHIELD:0.5013719638725697
CE_PIECECOORDINATION:0.49964702934685445
CE_MATERIAL:0.4780527585395552
CE_KINGSAFETY:0.5
C_PIECESQUARETABLES:0.5
C_MOBILITY:0.5028170813085642
C_KINGSAFETY:0.5339859865910486
C_PAWNSTRUCTURE:0.5137532917762233
C_PIECECOORDINATION:0.49996606131901206
C_ROOK:0.47642326489411346
CE_ROOK:0.5105260679165217
C_CENTERCONTROL:0.4745793793368343
C_DEVELOPPIECES:0.4964410949605239
C_MATERIAL:0.5000688632165662
C_MOVECOUNT:0.50531080806715
C_PAWNMOVEMENT:0.47665429700056966
