ELO:995
CE_PASSEDPAWNS:0.5376064570521423
CE_PAWNWEAKNESSES:0.45174733748701396
CE_PIECEACTIVITY:0.48596709367301105
CE_KINGPAWNSHIELD:0.4151922656312878
CE_PIECECOORDINATION:0.4261362182749545
CE_MATERIAL:0.4902403465176236
CE_KINGSAFETY:0.4851191872482415
C_PIECESQUARETABLES:0.488301673054754
C_MOBILITY:0.5739399335937834
C_KINGSAFETY:0.4408779807458598
C_PAWNSTRUCTURE:0.5207013231893602
C_PIECECOORDINATION:0.5018759250977751
C_ROOKANDPAWNMOVEMENT:0.5018759250977751
C_CENTERCONTROL:0.5099187450801521
C_DEVELOPPIECES:0.41049001983207145
C_MATERIAL:0.49070682291932294
