ELO:1045
CE_PASSEDPAWNS:0.5154506447492598
CE_PAWNWEAKNESSES:0.5030440478045481
CE_PIECEACTIVITY:0.5
CE_KINGPAWNSHIELD:0.5032789082807331
CE_PIECECOORDINATION:0.5085252942078642
CE_MATERIAL:0.5056530801604028
CE_KINGSAFETY:0.4951391396342628
C_PIECESQUARETABLES:0.49034834140718997
C_MOBILITY:0.5
C_KINGSAFETY:0.5025630153020332
C_PAWNSTRUCTURE:0.5
C_PIECECOORDINATION:0.5040855568164389
C_ROOKANDPAWNMOVEMENT:0.5040855568164389
C_CENTERCONTROL:0.5
C_DEVELOPPIECES:0.5
C_MATERIAL:0.4892779066874848
C_MOVECOUNT:0.5
