ELO:1000
CE_PASSEDPAWNS:0.4896372602055669
CE_PAWNWEAKNESSES:0.5338381040710045
CE_PIECEACTIVITY:0.4927042687961173
CE_KINGPAWNSHIELD:0.5024946671122261
CE_PIECECOORDINATION:0.48736454058003625
CE_MATERIAL:0.5103498096011521
CE_KINGSAFETY:0.48316127842851453
C_PIECESQUARETABLES:0.4970997184611423
C_MOBILITY:0.47962016788304385
C_KINGSAFETY:0.4654291343684892
C_PAWNSTRUCTURE:0.5379367743568099
C_PIECECOORDINATION:0.5065612457453356
C_ROOKANDPAWNMOVEMENT:0.5065612457453356
C_CENTERCONTROL:0.5445780029305523
C_DEVELOPPIECES:0.45873762750665525
C_MATERIAL:0.4900977403468704
