ELO:1019
CE_PASSEDPAWNS:0.5162524822576461
CE_PAWNWEAKNESSES:0.5125627542928147
CE_PIECEACTIVITY:0.5305234586819814
CE_KINGPAWNSHIELD:0.47044298087866615
CE_PIECECOORDINATION:0.4904576259468556
CE_MATERIAL:0.5632545133160062
CE_KINGSAFETY:0.5
C_PIECESQUARETABLES:0.5
C_MOBILITY:0.47658603123304555
C_KINGSAFETY:0.49283861844101184
C_PAWNSTRUCTURE:0.4810791097137273
C_PIECECOORDINATION:0.5124872349890299
C_ROOK:0.5369059538193658
CE_ROOK:0.47725635916663545
C_CENTERCONTROL:0.5047456699532995
C_DEVELOPPIECES:0.4953098223785365
C_MATERIAL:0.5
C_MOVECOUNT:0.4546882607223462
C_PAWNMOVEMENT:0.4940662195207169
