ELO:909
CE_PASSEDPAWNS:0.5651963049757476
CE_PAWNWEAKNESSES:0.4609711212950186
CE_PIECEACTIVITY:0.5964294850072697
CE_KINGPAWNSHIELD:0.34598862017198745
CE_PIECECOORDINATION:0.48640829466459373
CE_MATERIAL:0.4219260245469476
CE_KINGSAFETY:0.509621440243379
C_PIECESQUARETABLES:0.488543137295471
C_MOBILITY:0.4568720150251289
C_KINGSAFETY:0.44592026981672284
C_PAWNSTRUCTURE:0.45797347686616513
C_PIECECOORDINATION:0.45519291293413755
C_ROOKANDPAWNMOVEMENT:0.45519291293413755
C_CENTERCONTROL:0.4420961450225046
C_DEVELOPPIECES:0.5295668217506858
C_MATERIAL:0.5344259366886699
