ELO:1000
CE_PASSEDPAWNS:0.49443103992538723
CE_PAWNWEAKNESSES:0.5235839206424894
CE_PIECEACTIVITY:0.5106529328528013
CE_KINGPAWNSHIELD:0.5140301290795871
CE_PIECECOORDINATION:0.4948343050608561
CE_MATERIAL:0.5231491725731342
CE_KINGSAFETY:0.4970561046658231
C_PIECESQUARETABLES:0.4998935776219227
C_MOBILITY:0.4808977907814289
C_KINGSAFETY:0.4719511598354027
C_PAWNSTRUCTURE:0.5087942012800248
C_PIECECOORDINATION:0.5173386364719075
C_ROOKANDPAWNMOVEMENT:0.5173386364719075
C_CENTERCONTROL:0.5267092117451304
C_DEVELOPPIECES:0.48379989850910826
C_MATERIAL:0.47853226125777737
