ELO:1012
CE_PASSEDPAWNS:0.5
CE_PAWNWEAKNESSES:0.5005775228776269
CE_PIECEACTIVITY:0.49863457443585035
CE_KINGPAWNSHIELD:0.4981100886017502
CE_PIECECOORDINATION:0.5068932531427986
CE_MATERIAL:0.48485157416003327
CE_KINGSAFETY:0.5
C_PIECESQUARETABLES:0.5
C_MOBILITY:0.49197318576440263
C_KINGSAFETY:0.4871837420357146
C_PAWNSTRUCTURE:0.5017075639845763
C_PIECECOORDINATION:0.49183347944348227
C_ROOK:0.49752742445117604
CE_ROOK:0.5108097240781406
C_CENTERCONTROL:0.4875834148224284
C_DEVELOPPIECES:0.5057574964645978
C_MATERIAL:0.5126262801680339
C_MOVECOUNT:0.4701640049785616
C_PAWNMOVEMENT:0.4963923871611363
