ELO:989
CE_PASSEDPAWNS:0.5291550999033167
CE_PAWNWEAKNESSES:0.5062951308808488
CE_PIECEACTIVITY:0.5115954352170055
CE_KINGPAWNSHIELD:0.37712260308202883
CE_PIECECOORDINATION:0.4955509444920802
CE_MATERIAL:0.4045458402634357
CE_KINGSAFETY:0.4996966156140202
C_PIECESQUARETABLES:0.5090799223534161
C_MOBILITY:0.4726932643050432
C_KINGSAFETY:0.49501611795337896
C_PAWNSTRUCTURE:0.4680042381910321
C_PIECECOORDINATION:0.5049827422345465
C_ROOKANDPAWNMOVEMENT:0.5049827422345465
C_CENTERCONTROL:0.5223711025454014
C_DEVELOPPIECES:0.5797262158177121
C_MATERIAL:0.56185479288606
