ELO:1010
CE_PASSEDPAWNS:0.5015762173558765
CE_PAWNWEAKNESSES:0.5005775228776269
CE_PIECEACTIVITY:0.49863457443585035
CE_KINGPAWNSHIELD:0.4981100886017502
CE_PIECECOORDINATION:0.5068932531427986
CE_MATERIAL:0.48485157416003327
CE_KINGSAFETY:0.4897473789810936
C_PIECESQUARETABLES:0.49186422777314653
C_MOBILITY:0.4994317584328039
C_KINGSAFETY:0.4867856999164469
C_PAWNSTRUCTURE:0.5017075639845763
C_PIECECOORDINATION:0.49183347944348227
C_ROOK:0.49752742445117604
CE_ROOK:0.5183175597887291
C_CENTERCONTROL:0.4875834148224284
C_DEVELOPPIECES:0.5143105746897231
C_MATERIAL:0.4643823934952354
C_MOVECOUNT:0.5097691467655543
C_PAWNMOVEMENT:0.49608072248103474
