ELO:1000
CE_PASSEDPAWNS:0.45684125100626144
CE_PAWNWEAKNESSES:0.4848716145382472
CE_PIECEACTIVITY:0.5199987758185766
CE_KINGPAWNSHIELD:0.4753230962798301
CE_PIECECOORDINATION:0.4526639651225712
CE_MATERIAL:0.4744800271628034
CE_KINGSAFETY:0.5177881386877845
C_PIECESQUARETABLES:0.5091285780144924
C_MOBILITY:0.5291950925910751
C_KINGSAFETY:0.48575734220248323
C_PAWNSTRUCTURE:0.5433327789423559
C_PIECECOORDINATION:0.4973950079320481
C_ROOKANDPAWNMOVEMENT:0.4973950079320481
C_CENTERCONTROL:0.46568874589289866
C_DEVELOPPIECES:0.48492640349715055
C_MATERIAL:0.5051128724648373
