ELO:871
CE_PASSEDPAWNS:0.5570357404446071
CE_PAWNWEAKNESSES:0.571966665916861
CE_PIECEACTIVITY:0.527349981766627
CE_KINGPAWNSHIELD:0.4582427661833443
CE_PIECECOORDINATION:0.4669890103967703
CE_MATERIAL:0.48651558757482644
CE_KINGSAFETY:0.5049013777072623
C_PIECESQUARETABLES:0.504223998423833
C_MOBILITY:0.47343874398054425
C_KINGSAFETY:0.5249714976493871
C_PAWNSTRUCTURE:0.5323911923104869
C_PIECECOORDINATION:0.4595291821004632
C_ROOKANDPAWNMOVEMENT:0.4595291821004632
C_CENTERCONTROL:0.5212937441086675
C_DEVELOPPIECES:0.5780740957275793
C_MATERIAL:0.47435686391898835
C_MOVECOUNT:0.5
