ELO:981
CE_PASSEDPAWNS:0.47638801704826245
CE_PAWNWEAKNESSES:0.5
CE_PIECEACTIVITY:0.4672586289516017
CE_KINGPAWNSHIELD:0.5
CE_PIECECOORDINATION:0.4913397563172471
CE_MATERIAL:0.49712262858021183
CE_KINGSAFETY:0.5793465654345018
C_PIECESQUARETABLES:0.5
C_MOBILITY:0.4862225144698323
C_KINGSAFETY:0.4981882450782104
C_PAWNSTRUCTURE:0.5049368032637254
C_PIECECOORDINATION:0.5
C_ROOKANDPAWNMOVEMENT:0.5
C_CENTERCONTROL:0.4972507269725674
C_DEVELOPPIECES:0.4695718579783796
C_MATERIAL:0.5003477454518697
C_MOVECOUNT:0.5
