ELO:1046
CE_PASSEDPAWNS:0.49244450137678064
CE_PAWNWEAKNESSES:0.4967877153802503
CE_PIECEACTIVITY:0.47907011340525874
CE_KINGPAWNSHIELD:0.4869762891852908
CE_PIECECOORDINATION:0.4906594051929775
CE_MATERIAL:0.4775750740388604
CE_KINGSAFETY:0.5
C_PIECESQUARETABLES:0.5
C_MOBILITY:0.5097156983564551
C_KINGSAFETY:0.4638229987792309
C_PAWNSTRUCTURE:0.5168716223776888
C_PIECECOORDINATION:0.5400649505094918
C_ROOK:0.5
CE_ROOK:0.485503642279331
C_CENTERCONTROL:0.5
C_DEVELOPPIECES:0.4896603053056364
C_MATERIAL:0.4982330058239078
C_MOVECOUNT:0.5
C_PAWNMOVEMENT:0.4953020681581354
