ELO:971
CE_PASSEDPAWNS:0.5425326853052719
CE_PAWNWEAKNESSES:0.5360220371919693
CE_PIECEACTIVITY:0.4397446205772353
CE_KINGPAWNSHIELD:0.4060031095399002
CE_PIECECOORDINATION:0.4998500882580462
CE_MATERIAL:0.5481142952422922
CE_KINGSAFETY:0.45867369348907666
C_PIECESQUARETABLES:0.5663207340459641
C_MOBILITY:0.4250008624311856
C_KINGSAFETY:0.5562841108768906
C_PAWNSTRUCTURE:0.5298415963602268
C_PIECECOORDINATION:0.62045379948436
C_ROOKANDPAWNMOVEMENT:0.62045379948436
C_CENTERCONTROL:0.42894416719000833
C_DEVELOPPIECES:0.4940971521688619
C_MATERIAL:0.5746774902850806
