ELO:976
CE_PASSEDPAWNS:0.4878684451400451
CE_PAWNWEAKNESSES:0.5
CE_PIECEACTIVITY:0.48554453878577847
CE_KINGPAWNSHIELD:0.5
CE_PIECECOORDINATION:0.504987083737468
CE_MATERIAL:0.514365981883165
CE_KINGSAFETY:0.5
C_PIECESQUARETABLES:0.5
C_MOBILITY:0.4942949457965793
C_KINGSAFETY:0.5136393611399697
C_PAWNSTRUCTURE:0.5
C_PIECECOORDINATION:0.5084729818888915
C_ROOKANDPAWNMOVEMENT:0.5084729818888915
C_CENTERCONTROL:0.5116511062827516
C_DEVELOPPIECES:0.5206852134732859
C_MATERIAL:0.5106216774733356
C_MOVECOUNT:0.5158274077456414
