ELO:1000
CE_PASSEDPAWNS:0.5072841294988504
CE_PAWNWEAKNESSES:0.5162867921672442
CE_PIECEACTIVITY:0.5142745403623525
CE_KINGPAWNSHIELD:0.47812709719619
CE_PIECECOORDINATION:0.5238268820568079
CE_MATERIAL:0.4956407246202386
CE_KINGSAFETY:0.5362979894814556
C_PIECESQUARETABLES:0.49468225569633095
C_MOBILITY:0.4878161719495079
C_KINGSAFETY:0.5045634279180288
C_PAWNSTRUCTURE:0.49547628375456604
C_PIECECOORDINATION:0.5031091221032452
C_ROOKANDPAWNMOVEMENT:0.5031091221032452
C_CENTERCONTROL:0.4961060664308934
C_DEVELOPPIECES:0.5007016349308464
C_MATERIAL:0.5157182154935037
