ELO:961
CE_PASSEDPAWNS:0.5445081008205603
CE_PAWNWEAKNESSES:0.49675862292436396
CE_PIECEACTIVITY:0.45146360386503304
CE_KINGPAWNSHIELD:0.4640361467223858
CE_PIECECOORDINATION:0.531956548281615
CE_MATERIAL:0.44413674054960645
CE_KINGSAFETY:0.5098373271177619
C_PIECESQUARETABLES:0.4914708153727603
C_MOBILITY:0.5256949213716655
C_KINGSAFETY:0.5433899881859389
C_PAWNSTRUCTURE:0.5178424593605709
C_PIECECOORDINATION:0.510000707908876
C_ROOK:0.5441208926427228
CE_ROOK:0.4874562396653803
C_CENTERCONTROL:0.4916447216096645
C_DEVELOPPIECES:0.4653756729940335
C_MATERIAL:0.5036947195589591
C_MOVECOUNT:0.5544264778382112
C_PAWNMOVEMENT:0.53504116247205
