ELO:988
CE_PASSEDPAWNS:0.48953405514369946
CE_PAWNWEAKNESSES:0.4983384311180512
CE_PIECEACTIVITY:0.4821228307697324
CE_KINGPAWNSHIELD:0.5127325164430335
CE_PIECECOORDINATION:0.5086330092002336
CE_MATERIAL:0.5009841712196705
CE_KINGSAFETY:0.5
C_PIECESQUARETABLES:0.5
C_MOBILITY:0.5145196410564273
C_KINGSAFETY:0.500876170278351
C_PAWNSTRUCTURE:0.5070847569827135
C_PIECECOORDINATION:0.49532759800408327
C_ROOK:0.5006563673675628
CE_ROOK:0.5058422162337962
C_CENTERCONTROL:0.5063480752404375
C_DEVELOPPIECES:0.49856942303520047
C_MATERIAL:0.5
C_MOVECOUNT:0.5053376864051758
C_PAWNMOVEMENT:0.5095321382389096
