ELO:862
CE_PASSEDPAWNS:0.5128932623600787
CE_PAWNWEAKNESSES:0.5288224545996025
CE_PIECEACTIVITY:0.45920636088582645
CE_KINGPAWNSHIELD:0.522082346757014
CE_PIECECOORDINATION:0.5097936190464829
CE_MATERIAL:0.5211460851709053
CE_KINGSAFETY:0.49410853199000637
C_PIECESQUARETABLES:0.5103213807272632
C_MOBILITY:0.5622796931999169
C_KINGSAFETY:0.5394195630671502
C_PAWNSTRUCTURE:0.492179581276153
C_PIECECOORDINATION:0.500735717275484
C_ROOKANDPAWNMOVEMENT:0.500735717275484
C_CENTERCONTROL:0.4998549365875852
C_DEVELOPPIECES:0.4966043466939231
C_MATERIAL:0.4780294912986595
C_MOVECOUNT:0.5280528206816244
