ELO:1033
CE_PASSEDPAWNS:0.5017560677828312
CE_PAWNWEAKNESSES:0.46923714054385796
CE_PIECEACTIVITY:0.5740028108274385
CE_KINGPAWNSHIELD:0.5553363748209257
CE_PIECECOORDINATION:0.5029435717551414
CE_MATERIAL:0.4697536975646877
CE_KINGSAFETY:0.504493999938447
C_PIECESQUARETABLES:0.4620925048485796
C_MOBILITY:0.5697675129534339
C_KINGSAFETY:0.43094816683976406
C_PAWNSTRUCTURE:0.5305621078730879
C_PIECECOORDINATION:0.489880123830518
C_ROOKANDPAWNMOVEMENT:0.489880123830518
C_CENTERCONTROL:0.5649289687339228
C_DEVELOPPIECES:0.45274422742697945
C_MATERIAL:0.5057728356012948
