ELO:892
CE_PASSEDPAWNS:0.4547268410294706
CE_PAWNWEAKNESSES:0.4730667454604231
CE_PIECEACTIVITY:0.46631368480037644
CE_KINGPAWNSHIELD:0.43161076072210525
CE_PIECECOORDINATION:0.5070443517157228
CE_MATERIAL:0.4852025517513318
CE_KINGSAFETY:0.5147222531223242
C_PIECESQUARETABLES:0.5113687128196659
C_MOBILITY:0.48416193871301616
C_KINGSAFETY:0.5125861962097367
C_PAWNSTRUCTURE:0.5872739111182658
C_PIECECOORDINATION:0.48652211835513304
C_ROOKANDPAWNMOVEMENT:0.48652211835513304
C_CENTERCONTROL:0.5040235520649545
C_DEVELOPPIECES:0.528586204545648
C_MATERIAL:0.48321513110128017
