ELO:1008
CE_PASSEDPAWNS:0.5060741264487851
CE_PAWNWEAKNESSES:0.4924356118088759
CE_PIECEACTIVITY:0.49043800675152655
CE_KINGPAWNSHIELD:0.5083515544644753
CE_PIECECOORDINATION:0.49845514478123043
CE_MATERIAL:0.5005143764672174
CE_KINGSAFETY:0.5
C_PIECESQUARETABLES:0.5
C_MOBILITY:0.49248921379859023
C_KINGSAFETY:0.4988185391239264
C_PAWNSTRUCTURE:0.5065703738897559
C_PIECECOORDINATION:0.5104146692360967
C_ROOKANDPAWNMOVEMENT:0.5104146692360967
C_CENTERCONTROL:0.4882720437076118
C_DEVELOPPIECES:0.5133142682043891
C_MATERIAL:0.48943832818282507
C_MOVECOUNT:0.5
