ELO:998
CE_PASSEDPAWNS:0.5239195924124728
CE_PAWNWEAKNESSES:0.5091546716040735
CE_PIECEACTIVITY:0.513637647165113
CE_KINGPAWNSHIELD:0.508125176185697
CE_PIECECOORDINATION:0.48715998810015215
CE_MATERIAL:0.49137585538061457
CE_KINGSAFETY:0.5065088886160283
C_PIECESQUARETABLES:0.49963018706684265
C_MOBILITY:0.48912813168209873
C_KINGSAFETY:0.5022125762728864
C_PAWNSTRUCTURE:0.5148158815165437
C_PIECECOORDINATION:0.5118496065789514
C_ROOKANDPAWNMOVEMENT:0.5118496065789514
C_CENTERCONTROL:0.5155602239097874
C_DEVELOPPIECES:0.49115296600899955
C_MATERIAL:0.48955125456467613
C_MOVECOUNT:0.5
