ELO:1003
CE_PASSEDPAWNS:0.49680319777000753
CE_PAWNWEAKNESSES:0.5026760983496803
CE_PIECEACTIVITY:0.5150716065519699
CE_KINGPAWNSHIELD:0.47185190882563505
CE_PIECECOORDINATION:0.507527815729606
CE_MATERIAL:0.5
CE_KINGSAFETY:0.5
C_PIECESQUARETABLES:0.503301270030106
C_MOBILITY:0.5109796522009409
C_KINGSAFETY:0.4976148737293535
C_PAWNSTRUCTURE:0.5101709430381982
C_PIECECOORDINATION:0.5235366909945625
C_ROOKANDPAWNMOVEMENT:0.5235366909945625
C_CENTERCONTROL:0.5108822816866536
C_DEVELOPPIECES:0.5069928248472082
C_MATERIAL:0.5
C_MOVECOUNT:0.4970643420847714
