ELO:1000
CE_PASSEDPAWNS:0.5228136176726459
CE_PAWNWEAKNESSES:0.5332530713647454
CE_PIECEACTIVITY:0.5077213749210265
CE_KINGPAWNSHIELD:0.4438646196330814
CE_PIECECOORDINATION:0.6006050455943022
CE_MATERIAL:0.4899428136139427
CE_KINGSAFETY:0.5048123629747219
C_PIECESQUARETABLES:0.5027658100432317
C_MOBILITY:0.5264200925285601
C_KINGSAFETY:0.5716330466481822
C_PAWNSTRUCTURE:0.5140778449294832
C_PIECECOORDINATION:0.4827198516807484
C_ROOKANDPAWNMOVEMENT:0.4827198516807484
C_CENTERCONTROL:0.5433351496633366
C_DEVELOPPIECES:0.4828092399852439
C_MATERIAL:0.48456971325491816
