ELO:951
CE_PASSEDPAWNS:0.5143402129509566
CE_PAWNWEAKNESSES:0.4913539944745859
CE_PIECEACTIVITY:0.4741202693571229
CE_KINGPAWNSHIELD:0.47363587285470854
CE_PIECECOORDINATION:0.5079513985318023
CE_MATERIAL:0.44344959190317723
CE_KINGSAFETY:0.5093833740364204
C_PIECESQUARETABLES:0.5
C_MOBILITY:0.5267746351757299
C_KINGSAFETY:0.5324803890675117
C_PAWNSTRUCTURE:0.5166759695004792
C_PIECECOORDINATION:0.4929975317371012
C_ROOK:0.48357615510470403
CE_ROOK:0.4935211373112843
C_CENTERCONTROL:0.47837810050616425
C_DEVELOPPIECES:0.4884952350659402
C_MATERIAL:0.5171843306928886
C_MOVECOUNT:0.530550646218466
C_PAWNMOVEMENT:0.5168983706692976
