ELO:873
CE_PASSEDPAWNS:0.5205831235758385
CE_PAWNWEAKNESSES:0.5313316158023401
CE_PIECEACTIVITY:0.4416892440498666
CE_KINGPAWNSHIELD:0.5188312039256187
CE_PIECECOORDINATION:0.5044205814965459
CE_MATERIAL:0.5183490967973362
CE_KINGSAFETY:0.4982796184158211
C_PIECESQUARETABLES:0.490646285065697
C_MOBILITY:0.5664049884982819
C_KINGSAFETY:0.5323538653131965
C_PAWNSTRUCTURE:0.49376249229272995
C_PIECECOORDINATION:0.5029402797365226
C_ROOKANDPAWNMOVEMENT:0.5029402797365226
C_CENTERCONTROL:0.4925798620023208
C_DEVELOPPIECES:0.49822456356644873
C_MATERIAL:0.4943646474412678
C_MOVECOUNT:0.5293398880942933
