ELO:969
CE_PASSEDPAWNS:0.5285068691545958
CE_PAWNWEAKNESSES:0.5407008668964189
CE_PIECEACTIVITY:0.4589255713229745
CE_KINGPAWNSHIELD:0.41106089915663374
CE_PIECECOORDINATION:0.4855771765488644
CE_MATERIAL:0.5378259187401038
CE_KINGSAFETY:0.5124049811134772
C_PIECESQUARETABLES:0.5
C_MOBILITY:0.42563516375725974
C_KINGSAFETY:0.5562841108768906
C_PAWNSTRUCTURE:0.5351487914642259
C_PIECECOORDINATION:0.6108977873567438
C_ROOKANDPAWNMOVEMENT:0.6108977873567438
C_CENTERCONTROL:0.43516257303548944
C_DEVELOPPIECES:0.49592697630712324
C_MATERIAL:0.5570356401258114
