ELO:955
CE_PASSEDPAWNS:0.477418033814018
CE_PAWNWEAKNESSES:0.49872959034490016
CE_PIECEACTIVITY:0.5083218810852828
CE_KINGPAWNSHIELD:0.5245830781713751
CE_PIECECOORDINATION:0.5104237690224688
CE_MATERIAL:0.5164411244861306
CE_KINGSAFETY:0.5204436889933363
C_PIECESQUARETABLES:0.5112181574465632
C_MOBILITY:0.45648061740535484
C_KINGSAFETY:0.5157979995031392
C_PAWNSTRUCTURE:0.4973634532423314
C_PIECECOORDINATION:0.537589234229332
C_ROOK:0.508679512505015
CE_ROOK:0.5033850453420311
C_CENTERCONTROL:0.4887731668639405
C_DEVELOPPIECES:0.5062533262980549
C_MATERIAL:0.5457733206742876
C_MOVECOUNT:0.48907909225111174
C_PAWNMOVEMENT:0.49153733461884286
