ELO:979
CE_PASSEDPAWNS:0.435770643898076
CE_PAWNWEAKNESSES:0.5097737749723233
CE_PIECEACTIVITY:0.43994884504306797
CE_KINGPAWNSHIELD:0.5551811494059788
CE_PIECECOORDINATION:0.5479245630115389
CE_MATERIAL:0.4826222413642303
CE_KINGSAFETY:0.4965734236385579
C_PIECESQUARETABLES:0.4867877102453025
C_MOBILITY:0.5289879491850681
C_KINGSAFETY:0.49812957112444944
C_PAWNSTRUCTURE:0.5186118835978958
C_PIECECOORDINATION:0.552945196918725
C_ROOKANDPAWNMOVEMENT:0.552945196918725
C_CENTERCONTROL:0.509032011489976
C_DEVELOPPIECES:0.5460723496792445
C_MATERIAL:0.4390147742839163
