ELO:974
CE_PASSEDPAWNS:0.5044392539151235
CE_PAWNWEAKNESSES:0.5
CE_PIECEACTIVITY:0.4957514762354611
CE_KINGPAWNSHIELD:0.4996202866948494
CE_PIECECOORDINATION:0.5071511240317192
CE_MATERIAL:0.502158748936185
CE_KINGSAFETY:0.5077328543395564
C_PIECESQUARETABLES:0.5031082583451321
C_MOBILITY:0.48884827789144136
C_KINGSAFETY:0.5
C_PAWNSTRUCTURE:0.5121024998118658
C_PIECECOORDINATION:0.4954496567081337
C_ROOKANDPAWNMOVEMENT:0.4954496567081337
C_CENTERCONTROL:0.4994718183209738
C_DEVELOPPIECES:0.5047706559819028
C_MATERIAL:0.49631083587048996
