ELO:1000
CE_PASSEDPAWNS:0.4987171198486504
CE_PAWNWEAKNESSES:0.48310075665322044
CE_PIECEACTIVITY:0.542578982272178
CE_KINGPAWNSHIELD:0.5332368551460958
CE_PIECECOORDINATION:0.47733651317501036
CE_MATERIAL:0.4871548055764683
CE_KINGSAFETY:0.4971177612926903
C_PIECESQUARETABLES:0.5174597303141389
C_MOBILITY:0.5568319571025119
C_KINGSAFETY:0.48419576168860295
C_PAWNSTRUCTURE:0.5214635269934856
C_PIECECOORDINATION:0.5052686956693391
C_ROOKANDPAWNMOVEMENT:0.5052686956693391
C_CENTERCONTROL:0.5229493955471667
C_DEVELOPPIECES:0.5227374441171491
C_MATERIAL:0.49842378808550125
