ELO:1000
CE_PASSEDPAWNS:0.5079097542228718
CE_PAWNWEAKNESSES:0.5361533948427037
CE_PIECEACTIVITY:0.5193801753647623
CE_KINGPAWNSHIELD:0.4607477473422514
CE_PIECECOORDINATION:0.5172130759210797
CE_MATERIAL:0.4880362015053227
CE_KINGSAFETY:0.5657430438152415
C_PIECESQUARETABLES:0.49114376697313555
C_MOBILITY:0.4980945399093187
C_KINGSAFETY:0.5130075943433404
C_PAWNSTRUCTURE:0.49966950868360227
C_PIECECOORDINATION:0.5036393745108126
C_ROOKANDPAWNMOVEMENT:0.5036393745108126
C_CENTERCONTROL:0.49970029272746946
C_DEVELOPPIECES:0.5094066025689082
C_MATERIAL:0.5158224988748604
