ELO:940
CE_PASSEDPAWNS:0.4979395874696352
CE_PAWNWEAKNESSES:0.5119968357045429
CE_PIECEACTIVITY:0.4732759356371363
CE_KINGPAWNSHIELD:0.49889598406686647
CE_PIECECOORDINATION:0.5069620827495998
CE_MATERIAL:0.48646943247131974
CE_KINGSAFETY:0.46329233677625953
C_PIECESQUARETABLES:0.4673030627913528
C_MOBILITY:0.5206471606217413
C_KINGSAFETY:0.5312272317970014
C_PAWNSTRUCTURE:0.5155892003294218
C_PIECECOORDINATION:0.4294115200306366
C_ROOKANDPAWNMOVEMENT:0.4294115200306366
C_CENTERCONTROL:0.5129216891540284
C_DEVELOPPIECES:0.46626574461740095
C_MATERIAL:0.46321333708030776
C_MOVECOUNT:0.5
