ELO:569
CE_PASSEDPAWNS:0.5266681194641597
CE_PAWNWEAKNESSES:0.5526334520084977
CE_PIECEACTIVITY:0.5826545735843748
CE_KINGPAWNSHIELD:0.4917891891272043
CE_PIECECOORDINATION:0.425783371699427
CE_MATERIAL:0.5640922656221071
CE_KINGSAFETY:0.5091501670363004
C_PIECESQUARETABLES:0.5029328456906232
C_MOBILITY:0.5383748724204029
C_KINGSAFETY:0.5619326814488665
C_PAWNSTRUCTURE:0.42779756509237743
C_PIECECOORDINATION:0.4322865794294853
C_ROOKANDPAWNMOVEMENT:0.4322865794294853
C_CENTERCONTROL:0.3926427827607262
C_DEVELOPPIECES:0.43423061292908965
C_MATERIAL:0.5904628061130093
C_MOVECOUNT:0.47417377010497624
