ELO:950
CE_PASSEDPAWNS:0.4893310262605136
CE_PAWNWEAKNESSES:0.49504755485127067
CE_PIECEACTIVITY:0.47882634882488234
CE_KINGPAWNSHIELD:0.4932923745695581
CE_PIECECOORDINATION:0.5130988229701936
CE_MATERIAL:0.4785690080944031
CE_KINGSAFETY:0.5175871261296872
C_PIECESQUARETABLES:0.4829759686753328
C_MOBILITY:0.5028263820678035
C_KINGSAFETY:0.4991571808444004
C_PAWNSTRUCTURE:0.5231626413432474
C_PIECECOORDINATION:0.5059499040255849
C_ROOK:0.48723270200768426
CE_ROOK:0.5003401876475178
C_CENTERCONTROL:0.5015982213801
C_DEVELOPPIECES:0.5102909359069552
C_MATERIAL:0.5017599893643421
C_MOVECOUNT:0.5264579079084922
C_PAWNMOVEMENT:0.5164748603853961
