ELO:995
CE_PASSEDPAWNS:0.4987087975472579
CE_PAWNWEAKNESSES:0.5028851785747704
CE_PIECEACTIVITY:0.4991412997846289
CE_KINGPAWNSHIELD:0.5009377280727583
CE_PIECECOORDINATION:0.5047454228221082
CE_MATERIAL:0.4993411149367024
CE_KINGSAFETY:0.5193656945761466
C_PIECESQUARETABLES:0.4893999377751205
C_MOBILITY:0.4985293256831222
C_KINGSAFETY:0.5187975893903284
C_PAWNSTRUCTURE:0.5104724785783159
C_PIECECOORDINATION:0.4933220732298814
C_ROOK:0.5
CE_ROOK:0.5
C_CENTERCONTROL:0.4897966004157199
C_DEVELOPPIECES:0.5008901119360686
C_MATERIAL:0.5177366830593544
C_MOVECOUNT:0.48612183082070176
C_PAWNMOVEMENT:0.5
