ELO:935
CE_PASSEDPAWNS:0.512993972577993
CE_PAWNWEAKNESSES:0.5037263819957511
CE_PIECEACTIVITY:0.4741202693571229
CE_KINGPAWNSHIELD:0.47147474990759
CE_PIECECOORDINATION:0.5187099562413715
CE_MATERIAL:0.43494955882370995
CE_KINGSAFETY:0.5050051748547805
C_PIECESQUARETABLES:0.5043941114040882
C_MOBILITY:0.5118962410853463
C_KINGSAFETY:0.5324803890675117
C_PAWNSTRUCTURE:0.5231381155919205
C_PIECECOORDINATION:0.4929975317371012
C_ROOK:0.48680654976768234
CE_ROOK:0.4781389797148826
C_CENTERCONTROL:0.47837810050616425
C_DEVELOPPIECES:0.47913523284500964
C_MATERIAL:0.523703294154839
C_MOVECOUNT:0.5309040160973171
C_PAWNMOVEMENT:0.5152285537416827
