ELO:966
CE_PASSEDPAWNS:0.43457229121025304
CE_PAWNWEAKNESSES:0.475259264700678
CE_PIECEACTIVITY:0.5043631519435048
CE_KINGPAWNSHIELD:0.563401048615802
CE_PIECECOORDINATION:0.5286648105552787
CE_MATERIAL:0.4717340111026269
CE_KINGSAFETY:0.47053147446876514
C_PIECESQUARETABLES:0.4878260514432149
C_MOBILITY:0.5677497987697067
C_KINGSAFETY:0.5119674250025138
C_PAWNSTRUCTURE:0.5368654255333469
C_PIECECOORDINATION:0.4810615356749312
C_ROOKANDPAWNMOVEMENT:0.4810615356749312
C_CENTERCONTROL:0.520817981721282
C_DEVELOPPIECES:0.4534637169086661
C_MATERIAL:0.3986971553255952
