ELO:971
CE_PASSEDPAWNS:0.5081776778620527
CE_PAWNWEAKNESSES:0.5255863045961799
CE_PIECEACTIVITY:0.4949129487326603
CE_KINGPAWNSHIELD:0.5343157575561328
CE_PIECECOORDINATION:0.5057612326785126
CE_MATERIAL:0.4856450059024325
CE_KINGSAFETY:0.51504583918209
C_PIECESQUARETABLES:0.48801273997455735
C_MOBILITY:0.49639497841732555
C_KINGSAFETY:0.4976643688484628
C_PAWNSTRUCTURE:0.5071817879953056
C_PIECECOORDINATION:0.4966114004281286
C_ROOKANDPAWNMOVEMENT:0.4966114004281286
C_CENTERCONTROL:0.48378495871307964
C_DEVELOPPIECES:0.5
C_MATERIAL:0.5093679006400997
C_MOVECOUNT:0.5
