ELO:861
CE_PASSEDPAWNS:0.5090706584301015
CE_PAWNWEAKNESSES:0.5183923775544675
CE_PIECEACTIVITY:0.517886735637097
CE_KINGPAWNSHIELD:0.4852193878860592
CE_PIECECOORDINATION:0.5161372155469786
CE_MATERIAL:0.5358399501841455
CE_KINGSAFETY:0.5367183218786786
C_PIECESQUARETABLES:0.5598067338471095
C_MOBILITY:0.5047827607679607
C_KINGSAFETY:0.5051185043740256
C_PAWNSTRUCTURE:0.4859119666130351
C_PIECECOORDINATION:0.49313118147097507
C_ROOKANDPAWNMOVEMENT:0.49313118147097507
C_CENTERCONTROL:0.5109260596612736
C_DEVELOPPIECES:0.5034169569070766
C_MATERIAL:0.481298574823991
C_MOVECOUNT:0.5
