ELO:1006
CE_PASSEDPAWNS:0.4979883079583535
CE_PAWNWEAKNESSES:0.5028025702760098
CE_PIECEACTIVITY:0.5240757536254583
CE_KINGPAWNSHIELD:0.5
CE_PIECECOORDINATION:0.5174404011124568
CE_MATERIAL:0.4949620161981492
CE_KINGSAFETY:0.4972901285462611
C_PIECESQUARETABLES:0.4889924479956039
C_MOBILITY:0.4953229954308367
C_KINGSAFETY:0.5085855064690028
C_PAWNSTRUCTURE:0.512427170710864
C_PIECECOORDINATION:0.5102578899509707
C_ROOKANDPAWNMOVEMENT:0.5102578899509707
C_CENTERCONTROL:0.4919662325964027
C_DEVELOPPIECES:0.5013023936248789
C_MATERIAL:0.5095641856318395
