ELO:1023
CE_PASSEDPAWNS:0.5
CE_PAWNWEAKNESSES:0.5
CE_PIECEACTIVITY:0.5
CE_KINGPAWNSHIELD:0.5
CE_PIECECOORDINATION:0.5106281219592238
CE_MATERIAL:0.5
CE_KINGSAFETY:0.5
C_PIECESQUARETABLES:0.4913130978346249
C_MOBILITY:0.5
C_KINGSAFETY:0.512077091740764
C_PAWNSTRUCTURE:0.5
C_PIECECOORDINATION:0.49106351078862787
C_ROOKANDPAWNMOVEMENT:0.49106351078862787
C_CENTERCONTROL:0.5018969843623715
C_DEVELOPPIECES:0.5
C_MATERIAL:0.5
C_MOVECOUNT:0.5060223829578342
