ELO:960
CE_PASSEDPAWNS:0.5059592463928644
CE_PAWNWEAKNESSES:0.5055506396090632
CE_PIECEACTIVITY:0.4992911433740201
CE_KINGPAWNSHIELD:0.49853795023102765
CE_PIECECOORDINATION:0.5091298275148489
CE_MATERIAL:0.5
CE_KINGSAFETY:0.4996306038515267
C_PIECESQUARETABLES:0.5
C_MOBILITY:0.5
C_KINGSAFETY:0.49400130438247625
C_PAWNSTRUCTURE:0.5183118136768313
C_PIECECOORDINATION:0.5
C_ROOKANDPAWNMOVEMENT:0.5
C_CENTERCONTROL:0.48850069138014174
C_DEVELOPPIECES:0.5081747834433004
C_MATERIAL:0.5030263293894269
C_MOVECOUNT:0.5055190945288883
