ELO:989
CE_PASSEDPAWNS:0.48342201219184017
CE_PAWNWEAKNESSES:0.5108750803033716
CE_PIECEACTIVITY:0.5075267910731507
CE_KINGPAWNSHIELD:0.5105086593803206
CE_PIECECOORDINATION:0.5119981181616104
CE_MATERIAL:0.4902783516685906
CE_KINGSAFETY:0.5
C_PIECESQUARETABLES:0.5
C_MOBILITY:0.48706960458940296
C_KINGSAFETY:0.49924602986565003
C_PAWNSTRUCTURE:0.496097122575698
C_PIECECOORDINATION:0.5264015503130914
C_ROOKANDPAWNMOVEMENT:0.5264015503130914
C_CENTERCONTROL:0.5182029254571202
C_DEVELOPPIECES:0.48203924922392716
C_MATERIAL:0.4936386422683059
C_MOVECOUNT:0.49112276484233774
