ELO:951
CE_PASSEDPAWNS:0.4423065287228384
CE_PAWNWEAKNESSES:0.5048799740845115
CE_PIECEACTIVITY:0.4674282135584466
CE_KINGPAWNSHIELD:0.5477201704472687
CE_PIECECOORDINATION:0.5451954517767142
CE_MATERIAL:0.479458959445774
CE_KINGSAFETY:0.4662189226157556
C_PIECESQUARETABLES:0.5294037393124
C_MOBILITY:0.5416927881370291
C_KINGSAFETY:0.46483681212713096
C_PAWNSTRUCTURE:0.5112546977137957
C_PIECECOORDINATION:0.4779173464106148
C_ROOKANDPAWNMOVEMENT:0.4779173464106148
C_CENTERCONTROL:0.47290968381250886
C_DEVELOPPIECES:0.5065935401513213
C_MATERIAL:0.4366056326733973
