ELO:967
CE_PASSEDPAWNS:0.5331141742555783
CE_PAWNWEAKNESSES:0.49872959034490016
CE_PIECEACTIVITY:0.49249575314367267
CE_KINGPAWNSHIELD:0.47364464045469806
CE_PIECECOORDINATION:0.4073481356949236
CE_MATERIAL:0.5234843884097562
CE_KINGSAFETY:0.5
C_PIECESQUARETABLES:0.5174236217692716
C_MOBILITY:0.5275389154928073
C_KINGSAFETY:0.5157979995031392
C_PAWNSTRUCTURE:0.47875906947765107
C_PIECECOORDINATION:0.537589234229332
C_ROOK:0.4944633508279867
CE_ROOK:0.5293890681435057
C_CENTERCONTROL:0.48468859748288967
C_DEVELOPPIECES:0.4934583563333182
C_MATERIAL:0.49756797732467684
C_MOVECOUNT:0.4665965761250106
C_PAWNMOVEMENT:0.4957602257107776
