ELO:871
CE_PASSEDPAWNS:0.48449041542145593
CE_PAWNWEAKNESSES:0.5428537945633694
CE_PIECEACTIVITY:0.5806363470833115
CE_KINGPAWNSHIELD:0.5710900609308764
CE_PIECECOORDINATION:0.41172350901307714
CE_MATERIAL:0.4585876863920085
CE_KINGSAFETY:0.4997174880176668
C_PIECESQUARETABLES:0.47364294245929767
C_MOBILITY:0.49647758636185507
C_KINGSAFETY:0.41428972579986645
C_PAWNSTRUCTURE:0.5238804065237196
C_PIECECOORDINATION:0.5204474780199143
C_ROOKANDPAWNMOVEMENT:0.5204474780199143
C_CENTERCONTROL:0.5690036585250863
C_DEVELOPPIECES:0.4847368789290799
C_MATERIAL:0.5342104341732068
C_MOVECOUNT:0.5
