ELO:950
CE_PASSEDPAWNS:0.5445081008205603
CE_PAWNWEAKNESSES:0.5070397087384628
CE_PIECEACTIVITY:0.46143046127118603
CE_KINGPAWNSHIELD:0.4632125747077528
CE_PIECECOORDINATION:0.531956548281615
CE_MATERIAL:0.44413674054960645
CE_KINGSAFETY:0.4999008955098702
C_PIECESQUARETABLES:0.4914708153727603
C_MOBILITY:0.516555911659498
C_KINGSAFETY:0.5552700852735616
C_PAWNSTRUCTURE:0.5079352541470867
C_PIECECOORDINATION:0.510000707908876
C_ROOK:0.5441208926427228
CE_ROOK:0.4874562396653803
C_CENTERCONTROL:0.48736840396701414
C_DEVELOPPIECES:0.4653756729940335
C_MATERIAL:0.5036947195589591
C_MOVECOUNT:0.5544264778382112
C_PAWNMOVEMENT:0.53504116247205
