ELO:901
CE_PASSEDPAWNS:0.5115742237833941
CE_PAWNWEAKNESSES:0.4888311493214597
CE_PIECEACTIVITY:0.49486018462258674
CE_KINGPAWNSHIELD:0.4803139522436281
CE_PIECECOORDINATION:0.5221531120533282
CE_MATERIAL:0.49192621092566424
CE_KINGSAFETY:0.5150810005814177
C_PIECESQUARETABLES:0.4778101278210378
C_MOBILITY:0.4788255610314528
C_KINGSAFETY:0.5050387591880372
C_PAWNSTRUCTURE:0.5262371984672254
C_PIECECOORDINATION:0.4897675750785404
C_ROOKANDPAWNMOVEMENT:0.4897675750785404
C_CENTERCONTROL:0.5035035547098813
C_DEVELOPPIECES:0.5261503210466314
C_MATERIAL:0.5071042982086875
