ELO:964
CE_PASSEDPAWNS:0.4734135066645144
CE_PAWNWEAKNESSES:0.45847992214397487
CE_PIECEACTIVITY:0.44584954561020596
CE_KINGPAWNSHIELD:0.41197481523777
CE_PIECECOORDINATION:0.45188699117322945
CE_MATERIAL:0.35819232462207934
CE_KINGSAFETY:0.47149542808236466
C_PIECESQUARETABLES:0.5081624179772193
C_MOBILITY:0.4332831768181011
C_KINGSAFETY:0.5806647091815127
C_PAWNSTRUCTURE:0.47672797007742584
C_PIECECOORDINATION:0.6496992855558661
C_ROOKANDPAWNMOVEMENT:0.6496992855558661
C_CENTERCONTROL:0.6006107876385105
C_DEVELOPPIECES:0.5128618511293932
C_MATERIAL:0.5246584995472144
