ELO:845
CE_PASSEDPAWNS:0.5148119244655479
CE_PAWNWEAKNESSES:0.4908088261923261
CE_PIECEACTIVITY:0.5373254217541138
CE_KINGPAWNSHIELD:0.5463219416009744
CE_PIECECOORDINATION:0.46198897510329184
CE_MATERIAL:0.5059439792675146
CE_KINGSAFETY:0.5216900810474355
C_PIECESQUARETABLES:0.5077206826484867
C_MOBILITY:0.4689105173256036
C_KINGSAFETY:0.4814955888130755
C_PAWNSTRUCTURE:0.5500335117355174
C_PIECECOORDINATION:0.5170179133846021
C_ROOKANDPAWNMOVEMENT:0.5170179133846021
C_CENTERCONTROL:0.4811931573454612
C_DEVELOPPIECES:0.46954543790269476
C_MATERIAL:0.5649521357277199
C_MOVECOUNT:0.5
