ELO:902
CE_PASSEDPAWNS:0.4671442044870539
CE_PAWNWEAKNESSES:0.49501966196669966
CE_PIECEACTIVITY:0.4811893206562881
CE_KINGPAWNSHIELD:0.45739279183568343
CE_PIECECOORDINATION:0.5330015197160761
CE_MATERIAL:0.48693399375255186
CE_KINGSAFETY:0.49784942083859834
C_PIECESQUARETABLES:0.44662204340971995
C_MOBILITY:0.4598453884150666
C_KINGSAFETY:0.5010595249401355
C_PAWNSTRUCTURE:0.5491384301485608
C_PIECECOORDINATION:0.5228676902688227
C_ROOKANDPAWNMOVEMENT:0.5228676902688227
C_CENTERCONTROL:0.5126910908669414
C_DEVELOPPIECES:0.527720842475087
C_MATERIAL:0.5024048426397713
