ELO:904
CE_PASSEDPAWNS:0.5028217898288504
CE_PAWNWEAKNESSES:0.5175930313751879
CE_PIECEACTIVITY:0.47632751483508756
CE_KINGPAWNSHIELD:0.478206830412
CE_PIECECOORDINATION:0.5169062713971475
CE_MATERIAL:0.5265277930448529
CE_KINGSAFETY:0.5619759497738639
C_PIECESQUARETABLES:0.5405147547932384
C_MOBILITY:0.5039423912366437
C_KINGSAFETY:0.5012067602878303
C_PAWNSTRUCTURE:0.46303486652240494
C_PIECECOORDINATION:0.5108379853835628
C_ROOKANDPAWNMOVEMENT:0.5108379853835628
C_CENTERCONTROL:0.49487257100043347
C_DEVELOPPIECES:0.5175732546187228
C_MATERIAL:0.4825475738571211
C_MOVECOUNT:0.5
