ELO:973
CE_PASSEDPAWNS:0.47162084750738076
CE_PAWNWEAKNESSES:0.46151732821578667
CE_PIECEACTIVITY:0.4406067514890407
CE_KINGPAWNSHIELD:0.4177536982415377
CE_PIECECOORDINATION:0.46950743241388654
CE_MATERIAL:0.3539415050287913
CE_KINGSAFETY:0.48452560504440123
C_PIECESQUARETABLES:0.49780504505156004
C_MOBILITY:0.43461327159563906
C_KINGSAFETY:0.5691853736639959
C_PAWNSTRUCTURE:0.4804115430730932
C_PIECECOORDINATION:0.6416593922591975
C_ROOKANDPAWNMOVEMENT:0.6416593922591975
C_CENTERCONTROL:0.5891743202196729
C_DEVELOPPIECES:0.5039491102219755
C_MATERIAL:0.5257103980765584
