ELO:977
CE_PASSEDPAWNS:0.42365314746682314
CE_PAWNWEAKNESSES:0.4394050814446002
CE_PIECEACTIVITY:0.5407582011056409
CE_KINGPAWNSHIELD:0.48932205965899
CE_PIECECOORDINATION:0.326597458469712
CE_MATERIAL:0.4915273373790222
CE_KINGSAFETY:0.5
C_PIECESQUARETABLES:0.515716780487318
C_MOBILITY:0.5349553877175284
C_KINGSAFETY:0.4751849325645259
C_PAWNSTRUCTURE:0.40563996337207037
C_PIECECOORDINATION:0.5029005162526695
C_ROOKANDPAWNMOVEMENT:0.5029005162526695
C_CENTERCONTROL:0.4720098087929038
C_DEVELOPPIECES:0.4656879101474941
C_MATERIAL:0.6089430316858985
