ELO:874
CE_PASSEDPAWNS:0.5426129431657298
CE_PAWNWEAKNESSES:0.4767899044137379
CE_PIECEACTIVITY:0.5437890616768429
CE_KINGPAWNSHIELD:0.5293164771839847
CE_PIECECOORDINATION:0.48928042462580656
CE_MATERIAL:0.4942372052516636
CE_KINGSAFETY:0.5205232948775064
C_PIECESQUARETABLES:0.4756375553334864
C_MOBILITY:0.4896210176918585
C_KINGSAFETY:0.471955758495704
C_PAWNSTRUCTURE:0.5222802193982725
C_PIECECOORDINATION:0.5124425131548495
C_ROOKANDPAWNMOVEMENT:0.5124425131548495
C_CENTERCONTROL:0.5035283266430077
C_DEVELOPPIECES:0.4716425376877273
C_MATERIAL:0.577006986620659
C_MOVECOUNT:0.5
