ELO:1000
CE_PASSEDPAWNS:0.5003407009874978
CE_PAWNWEAKNESSES:0.5213082887735403
CE_PIECEACTIVITY:0.5050241200780523
CE_KINGPAWNSHIELD:0.4582376750748122
CE_PIECECOORDINATION:0.5486364171786607
CE_MATERIAL:0.495005980375342
CE_KINGSAFETY:0.5670824298701164
C_PIECESQUARETABLES:0.48773920532761633
C_MOBILITY:0.5164359831738603
C_KINGSAFETY:0.539595742584213
C_PAWNSTRUCTURE:0.48003014718952414
C_PIECECOORDINATION:0.5053517530948662
C_ROOKANDPAWNMOVEMENT:0.5053517530948662
C_CENTERCONTROL:0.5296207949835995
C_DEVELOPPIECES:0.49484227357146515
C_MATERIAL:0.5004830318391882
