ELO:1000
CE_PASSEDPAWNS:0.5113651136704699
CE_PAWNWEAKNESSES:0.5312797038727528
CE_PIECEACTIVITY:0.5050241200780523
CE_KINGPAWNSHIELD:0.45332153314562307
CE_PIECECOORDINATION:0.5650171320919656
CE_MATERIAL:0.48297355293330907
CE_KINGSAFETY:0.5693891114690357
C_PIECESQUARETABLES:0.48729931917332153
C_MOBILITY:0.5152053221597908
C_KINGSAFETY:0.5607355912509095
C_PAWNSTRUCTURE:0.4973693050088577
C_PIECECOORDINATION:0.5053517530948662
C_ROOKANDPAWNMOVEMENT:0.5053517530948662
C_CENTERCONTROL:0.5347668141500841
C_DEVELOPPIECES:0.49842886740660636
C_MATERIAL:0.512020276105286
