ELO:902
CE_PASSEDPAWNS:0.5288061079604234
CE_PAWNWEAKNESSES:0.5070397087384628
CE_PIECEACTIVITY:0.49419945526242837
CE_KINGPAWNSHIELD:0.4742702847628358
CE_PIECECOORDINATION:0.528690368652456
CE_MATERIAL:0.4367345423822471
CE_KINGSAFETY:0.5
C_PIECESQUARETABLES:0.5
C_MOBILITY:0.5147747126728026
C_KINGSAFETY:0.544304227910755
C_PAWNSTRUCTURE:0.5018030834148725
C_PIECECOORDINATION:0.4945570138849573
C_ROOK:0.49771379853504905
CE_ROOK:0.48464919172411414
C_CENTERCONTROL:0.4782910660223946
C_DEVELOPPIECES:0.4687711341505764
C_MATERIAL:0.5017293533199046
C_MOVECOUNT:0.5510427391907741
C_PAWNMOVEMENT:0.5152123273753256
