ELO:921
CE_PASSEDPAWNS:0.5280782656383587
CE_PAWNWEAKNESSES:0.5158504650922245
CE_PIECEACTIVITY:0.49418323241588774
CE_KINGPAWNSHIELD:0.4704869893056171
CE_PIECECOORDINATION:0.5187099562413715
CE_MATERIAL:0.4362745628456049
CE_KINGSAFETY:0.4899427564397798
C_PIECESQUARETABLES:0.5
C_MOBILITY:0.5147747126728026
C_KINGSAFETY:0.5324803890675117
C_PAWNSTRUCTURE:0.5042916929179929
C_PIECECOORDINATION:0.4848918363618523
C_ROOK:0.48680654976768234
CE_ROOK:0.4713802987485732
C_CENTERCONTROL:0.4719252135091352
C_DEVELOPPIECES:0.47913523284500964
C_MATERIAL:0.5161751147131127
C_MOVECOUNT:0.5476696306039757
C_PAWNMOVEMENT:0.5173621397080527
