ELO:950
CE_PASSEDPAWNS:0.45650460971085705
CE_PAWNWEAKNESSES:0.48838655123077673
CE_PIECEACTIVITY:0.4954274209038975
CE_KINGPAWNSHIELD:0.5778393825414861
CE_PIECECOORDINATION:0.5522990306053027
CE_MATERIAL:0.48936117095417064
CE_KINGSAFETY:0.4484201347150656
C_PIECESQUARETABLES:0.5306779784329398
C_MOBILITY:0.5740465332049933
C_KINGSAFETY:0.47763559536129296
C_PAWNSTRUCTURE:0.5328589111981133
C_PIECECOORDINATION:0.449385125380744
C_ROOKANDPAWNMOVEMENT:0.449385125380744
C_CENTERCONTROL:0.49081713825636236
C_DEVELOPPIECES:0.47759343829818557
C_MATERIAL:0.4085399707418437
