ELO:1042
CE_PASSEDPAWNS:0.4066854739430405
CE_PAWNWEAKNESSES:0.5153688574147327
CE_PIECEACTIVITY:0.5318038419050115
CE_KINGPAWNSHIELD:0.48439998178950466
CE_PIECECOORDINATION:0.5287823048157174
CE_MATERIAL:0.48691058534142634
CE_KINGSAFETY:0.49232628179150434
C_PIECESQUARETABLES:0.5
C_MOBILITY:0.6076327737009805
C_KINGSAFETY:0.4799786319705516
C_PAWNSTRUCTURE:0.5447474740515015
C_PIECECOORDINATION:0.5385264243339882
C_ROOKANDPAWNMOVEMENT:0.5385264243339882
C_CENTERCONTROL:0.4619126347870408
C_DEVELOPPIECES:0.4508259825802135
C_MATERIAL:0.5163878140046048
