ELO:975
CE_PASSEDPAWNS:0.4764871980100612
CE_PAWNWEAKNESSES:0.45847992214397487
CE_PIECEACTIVITY:0.43597626062876993
CE_KINGPAWNSHIELD:0.40723552641895305
CE_PIECECOORDINATION:0.462193450524002
CE_MATERIAL:0.35819232462207934
CE_KINGSAFETY:0.4817559923719409
C_PIECESQUARETABLES:0.5081624179772193
C_MOBILITY:0.43436347183104795
C_KINGSAFETY:0.5806647091815127
C_PAWNSTRUCTURE:0.48768636955364597
C_PIECECOORDINATION:0.6496992855558661
C_ROOKANDPAWNMOVEMENT:0.6496992855558661
C_CENTERCONTROL:0.6006107876385105
C_DEVELOPPIECES:0.5128618511293932
C_MATERIAL:0.5246584995472144
