ELO:879
CE_PASSEDPAWNS:0.48450832555193624
CE_PAWNWEAKNESSES:0.4677057060315898
CE_PIECEACTIVITY:0.5036127098925244
CE_KINGPAWNSHIELD:0.5187563290827543
CE_PIECECOORDINATION:0.5046582212986466
CE_MATERIAL:0.45820436938395687
CE_KINGSAFETY:0.506496665888811
C_PIECESQUARETABLES:0.4761551163424901
C_MOBILITY:0.4936268208395549
C_KINGSAFETY:0.42491947935783553
C_PAWNSTRUCTURE:0.5398000987249935
C_PIECECOORDINATION:0.5119687787291054
C_ROOKANDPAWNMOVEMENT:0.5119687787291054
C_CENTERCONTROL:0.4866055402667279
C_DEVELOPPIECES:0.5419711319523808
C_MATERIAL:0.5078163168246617
C_MOVECOUNT:0.5
