ELO:963
CE_PASSEDPAWNS:0.46686176947550034
CE_PAWNWEAKNESSES:0.5193267005463124
CE_PIECEACTIVITY:0.5075267910731507
CE_KINGPAWNSHIELD:0.5132090600473995
CE_PIECECOORDINATION:0.5338792665637027
CE_MATERIAL:0.4956353824499319
CE_KINGSAFETY:0.49996663515503276
C_PIECESQUARETABLES:0.5
C_MOBILITY:0.48706960458940296
C_KINGSAFETY:0.5062328211187641
C_PAWNSTRUCTURE:0.5082597950779781
C_PIECECOORDINATION:0.5236150879211365
C_ROOKANDPAWNMOVEMENT:0.5236150879211365
C_CENTERCONTROL:0.5283377702006604
C_DEVELOPPIECES:0.48203924922392716
C_MATERIAL:0.47963896980941284
C_MOVECOUNT:0.4985824306018032
