ELO:869
CE_PASSEDPAWNS:0.4959565537302563
CE_PAWNWEAKNESSES:0.5220773281175014
CE_PIECEACTIVITY:0.4304823731540425
CE_KINGPAWNSHIELD:0.4708998294990329
CE_PIECECOORDINATION:0.4812562810478834
CE_MATERIAL:0.5353235459655665
CE_KINGSAFETY:0.500965904056302
C_PIECESQUARETABLES:0.498802504181919
C_MOBILITY:0.5911644876681562
C_KINGSAFETY:0.5189064940015502
C_PAWNSTRUCTURE:0.5417171706676623
C_PIECECOORDINATION:0.5238995862459221
C_ROOKANDPAWNMOVEMENT:0.5238995862459221
C_CENTERCONTROL:0.5020336007280093
C_DEVELOPPIECES:0.49921312930696665
C_MATERIAL:0.4909734272332858
C_MOVECOUNT:0.5448598220805969
