ELO:1000
CE_PASSEDPAWNS:0.5003017737112014
CE_PAWNWEAKNESSES:0.5408913462190296
CE_PIECEACTIVITY:0.520437094019654
CE_KINGPAWNSHIELD:0.45617184446541975
CE_PIECECOORDINATION:0.5209796751925875
CE_MATERIAL:0.47248890849340536
CE_KINGSAFETY:0.5628878503781227
C_PIECESQUARETABLES:0.4963778424208651
C_MOBILITY:0.4922725180659948
C_KINGSAFETY:0.5138798416057362
C_PAWNSTRUCTURE:0.5128867495673884
C_PIECECOORDINATION:0.49570746324205095
C_ROOKANDPAWNMOVEMENT:0.49570746324205095
C_CENTERCONTROL:0.5169379835512754
C_DEVELOPPIECES:0.5154338462582835
C_MATERIAL:0.4846313792298464
