ELO:649
CE_PASSEDPAWNS:0.5561267467848068
CE_PAWNWEAKNESSES:0.5824321877001251
CE_PIECEACTIVITY:0.5748425086800164
CE_KINGPAWNSHIELD:0.496001436003074
CE_PIECECOORDINATION:0.420470157828406
CE_MATERIAL:0.5294318901205147
CE_KINGSAFETY:0.5508267112659359
C_PIECESQUARETABLES:0.5094762191020514
C_MOBILITY:0.5561310138752046
C_KINGSAFETY:0.510677119389696
C_PAWNSTRUCTURE:0.4202094160658876
C_PIECECOORDINATION:0.4500893563854018
C_ROOKANDPAWNMOVEMENT:0.4500893563854018
C_CENTERCONTROL:0.43021453884856686
C_DEVELOPPIECES:0.4306157946262867
C_MATERIAL:0.619885073423196
C_MOVECOUNT:0.4974276492546032
