ELO:931
CE_PASSEDPAWNS:0.43991499430430164
CE_PAWNWEAKNESSES:0.5029090079877725
CE_PIECEACTIVITY:0.48664737635810984
CE_KINGPAWNSHIELD:0.5689463493420833
CE_PIECECOORDINATION:0.5457004817238034
CE_MATERIAL:0.47931091341916143
CE_KINGSAFETY:0.4484201347150656
C_PIECESQUARETABLES:0.5411312217673302
C_MOBILITY:0.5577694346376465
C_KINGSAFETY:0.466698609834354
C_PAWNSTRUCTURE:0.5343427738311255
C_PIECECOORDINATION:0.469939236609324
C_ROOKANDPAWNMOVEMENT:0.469939236609324
C_CENTERCONTROL:0.4899340104120596
C_DEVELOPPIECES:0.49123382199515875
C_MATERIAL:0.4368683152288257
