ELO:1122
CE_PASSEDPAWNS:0.4547813293207352
CE_PAWNWEAKNESSES:0.540257495688603
CE_PIECEACTIVITY:0.5580846597125007
CE_KINGPAWNSHIELD:0.5007099035767185
CE_PIECECOORDINATION:0.46544225017118723
CE_MATERIAL:0.48958436284271634
CE_KINGSAFETY:0.5
C_PIECESQUARETABLES:0.5
C_MOBILITY:0.5883672385649751
C_KINGSAFETY:0.43413540679038304
C_PAWNSTRUCTURE:0.5314253954442887
C_PIECECOORDINATION:0.5562674503149065
C_ROOKANDPAWNMOVEMENT:0.5562674503149065
C_CENTERCONTROL:0.5232826369555287
C_DEVELOPPIECES:0.5373321718782241
C_MATERIAL:0.6154232304150021
