ELO:1056
CE_PASSEDPAWNS:0.5409088385062152
CE_PAWNWEAKNESSES:0.5363286875609813
CE_PIECEACTIVITY:0.5441808282861778
CE_KINGPAWNSHIELD:0.45650218578954405
CE_PIECECOORDINATION:0.5094822262344411
CE_MATERIAL:0.4653665795440101
CE_KINGSAFETY:0.48017971412311355
C_PIECESQUARETABLES:0.4481931275704752
C_MOBILITY:0.5351453954458896
C_KINGSAFETY:0.4059744259724239
C_PAWNSTRUCTURE:0.49124294705892413
C_PIECECOORDINATION:0.5275579050514778
C_ROOKANDPAWNMOVEMENT:0.5275579050514778
C_CENTERCONTROL:0.5298254162019529
C_DEVELOPPIECES:0.5528173797779841
C_MATERIAL:0.619817240506904
