ELO:1013
CE_PASSEDPAWNS:0.49028050173795196
CE_PAWNWEAKNESSES:0.4813982325044888
CE_PIECEACTIVITY:0.5176415780810288
CE_KINGPAWNSHIELD:0.5287831373206993
CE_PIECECOORDINATION:0.48290020915197623
CE_MATERIAL:0.48558433606963897
CE_KINGSAFETY:0.5
C_PIECESQUARETABLES:0.4982998263020704
C_MOBILITY:0.507569516094217
C_KINGSAFETY:0.4894545220625953
C_PAWNSTRUCTURE:0.5020962607104891
C_PIECECOORDINATION:0.5214167139398171
C_ROOK:0.5251904476926308
CE_ROOK:0.4721512202863491
C_CENTERCONTROL:0.46593201512716276
C_DEVELOPPIECES:0.5167549349874657
C_MATERIAL:0.5014887861664326
C_MOVECOUNT:0.47129728408221805
C_PAWNMOVEMENT:0.5049255284258698
