ELO:1025
CE_PASSEDPAWNS:0.5169358882230396
CE_PAWNWEAKNESSES:0.5214681992569689
CE_PIECEACTIVITY:0.4589295861170531
CE_KINGPAWNSHIELD:0.49170584663405814
CE_PIECECOORDINATION:0.5091447968403333
CE_MATERIAL:0.4716133072486677
CE_KINGSAFETY:0.4978192962994589
C_PIECESQUARETABLES:0.46828278553662817
C_MOBILITY:0.543331174330598
C_KINGSAFETY:0.4744662683781838
C_PAWNSTRUCTURE:0.5614122237974154
C_PIECECOORDINATION:0.4462788482536709
C_ROOKANDPAWNMOVEMENT:0.4462788482536709
C_CENTERCONTROL:0.5533032621402395
C_DEVELOPPIECES:0.48860092043720904
C_MATERIAL:0.44599954637369027
