ELO:1037
CE_PASSEDPAWNS:0.5143066511812102
CE_PAWNWEAKNESSES:0.4890900682702715
CE_PIECEACTIVITY:0.4677941363219775
CE_KINGPAWNSHIELD:0.49802295710573596
CE_PIECECOORDINATION:0.5012968384932657
CE_MATERIAL:0.48691058534142634
CE_KINGSAFETY:0.5054354139320826
C_PIECESQUARETABLES:0.4862861628935913
C_MOBILITY:0.45552464559157013
C_KINGSAFETY:0.607338352478701
C_PAWNSTRUCTURE:0.5729250593374036
C_PIECECOORDINATION:0.4814021262385884
C_ROOKANDPAWNMOVEMENT:0.4814021262385884
C_CENTERCONTROL:0.508994065019355
C_DEVELOPPIECES:0.4157661564228689
C_MATERIAL:0.5138740592926146
