ELO:909
CE_PASSEDPAWNS:0.5198661012432415
CE_PAWNWEAKNESSES:0.549411190932178
CE_PIECEACTIVITY:0.5596100015778167
CE_KINGPAWNSHIELD:0.528868840448219
CE_PIECECOORDINATION:0.5520184267105329
CE_MATERIAL:0.39433047686429495
CE_KINGSAFETY:0.4844352337333245
C_PIECESQUARETABLES:0.4874197036144513
C_MOBILITY:0.37638255565487416
C_KINGSAFETY:0.6188111067884061
C_PAWNSTRUCTURE:0.473735595500561
C_PIECECOORDINATION:0.5338220571531695
C_ROOKANDPAWNMOVEMENT:0.5338220571531695
C_CENTERCONTROL:0.5539657062700728
C_DEVELOPPIECES:0.41957134175704325
C_MATERIAL:0.643926251955446
