ELO:1009
CE_PASSEDPAWNS:0.4953499151397605
CE_PAWNWEAKNESSES:0.49896449510951013
CE_PIECEACTIVITY:0.5
CE_KINGPAWNSHIELD:0.5200583103986409
CE_PIECECOORDINATION:0.5149676024762275
CE_MATERIAL:0.49385681290033356
CE_KINGSAFETY:0.5
C_PIECESQUARETABLES:0.5
C_MOBILITY:0.4922333604237295
C_KINGSAFETY:0.5033499380640828
C_PAWNSTRUCTURE:0.5
C_PIECECOORDINATION:0.5060553180227523
C_ROOK:0.5
CE_ROOK:0.5
C_CENTERCONTROL:0.5
C_DEVELOPPIECES:0.5003146575330609
C_MATERIAL:0.5055980363543604
C_MOVECOUNT:0.49176588194111487
C_PAWNMOVEMENT:0.5
