ELO:999
CE_PASSEDPAWNS:0.4944964039844211
CE_PAWNWEAKNESSES:0.49501759805733486
CE_PIECEACTIVITY:0.4837339194353065
CE_KINGPAWNSHIELD:0.5088634279910936
CE_PIECECOORDINATION:0.5462152407193022
CE_MATERIAL:0.510979710593984
CE_KINGSAFETY:0.48935422004279067
C_PIECESQUARETABLES:0.5
C_MOBILITY:0.5120839296563988
C_KINGSAFETY:0.4852012118243253
C_PAWNSTRUCTURE:0.5005482781045837
C_PIECECOORDINATION:0.5
C_ROOKANDPAWNMOVEMENT:0.5
C_CENTERCONTROL:0.5021754576817636
C_DEVELOPPIECES:0.5
C_MATERIAL:0.5210633347314905
C_MOVECOUNT:0.5
