ELO:1056
CE_PASSEDPAWNS:0.4044021109818718
CE_PAWNWEAKNESSES:0.5017511431794623
CE_PIECEACTIVITY:0.46058068809744396
CE_KINGPAWNSHIELD:0.5395758693760447
CE_PIECECOORDINATION:0.49892967985177217
CE_MATERIAL:0.5576211995696057
CE_KINGSAFETY:0.5
C_PIECESQUARETABLES:0.5
C_MOBILITY:0.5649940699021165
C_KINGSAFETY:0.3887830953872723
C_PAWNSTRUCTURE:0.62436365227218
C_PIECECOORDINATION:0.5889764467176994
C_ROOKANDPAWNMOVEMENT:0.5889764467176994
C_CENTERCONTROL:0.5685522909256078
C_DEVELOPPIECES:0.43315964958583353
C_MATERIAL:0.6320895787071104
