ELO:656
CE_PASSEDPAWNS:0.5714395422091407
CE_PAWNWEAKNESSES:0.6174853884789671
CE_PIECEACTIVITY:0.43695607711579904
CE_KINGPAWNSHIELD:0.5133887129424909
CE_PIECECOORDINATION:0.5132695689222505
CE_MATERIAL:0.4368274510878105
CE_KINGSAFETY:0.5065874931520278
C_PIECESQUARETABLES:0.5252953885670677
C_MOBILITY:0.4950850855919796
C_KINGSAFETY:0.4818135750246169
C_PAWNSTRUCTURE:0.4973346892910688
C_PIECECOORDINATION:0.43452246019710394
C_ROOKANDPAWNMOVEMENT:0.43452246019710394
C_CENTERCONTROL:0.4002674556687181
C_DEVELOPPIECES:0.4715273231516793
C_MATERIAL:0.5776816455714103
C_MOVECOUNT:0.5266064301309304
