ELO:995
CE_PASSEDPAWNS:0.5377321575325166
CE_PAWNWEAKNESSES:0.5634405994876036
CE_PIECEACTIVITY:0.5496117252737303
CE_KINGPAWNSHIELD:0.5604491815606495
CE_PIECECOORDINATION:0.5423555752344386
CE_MATERIAL:0.5518236198727224
CE_KINGSAFETY:0.4757058623400156
C_PIECESQUARETABLES:0.5353098410486179
C_MOBILITY:0.5656143022390336
C_KINGSAFETY:0.5148320041113827
C_PAWNSTRUCTURE:0.4801441892743895
C_PIECECOORDINATION:0.5120295114720096
C_ROOKANDPAWNMOVEMENT:0.5120295114720096
C_CENTERCONTROL:0.5013577063299658
C_DEVELOPPIECES:0.41122330899142473
C_MATERIAL:0.5601660162276518
