ELO:908
CE_PASSEDPAWNS:0.4880548422991198
CE_PAWNWEAKNESSES:0.540699329443105
CE_PIECEACTIVITY:0.5608289225442307
CE_KINGPAWNSHIELD:0.5190511739646332
CE_PIECECOORDINATION:0.5456851624136134
CE_MATERIAL:0.4090476537922315
CE_KINGSAFETY:0.4927524295027126
C_PIECESQUARETABLES:0.521942748728097
C_MOBILITY:0.3709262231830792
C_KINGSAFETY:0.6132755110451553
C_PAWNSTRUCTURE:0.4527941956729024
C_PIECECOORDINATION:0.5344242980175276
C_ROOKANDPAWNMOVEMENT:0.5344242980175276
C_CENTERCONTROL:0.561064287472384
C_DEVELOPPIECES:0.4310378701230906
C_MATERIAL:0.6281317612690636
