ELO:1089
CE_PASSEDPAWNS:0.5371827852592099
CE_PAWNWEAKNESSES:0.5345279662215596
CE_PIECEACTIVITY:0.5441808282861778
CE_KINGPAWNSHIELD:0.37295618858058843
CE_PIECECOORDINATION:0.5094822262344411
CE_MATERIAL:0.48691058534142634
CE_KINGSAFETY:0.5
C_PIECESQUARETABLES:0.5
C_MOBILITY:0.5712491500725911
C_KINGSAFETY:0.4381439392252424
C_PAWNSTRUCTURE:0.5268921990292897
C_PIECECOORDINATION:0.6129865005840875
C_ROOKANDPAWNMOVEMENT:0.6129865005840875
C_CENTERCONTROL:0.5367343276119302
C_DEVELOPPIECES:0.4593697475404217
C_MATERIAL:0.619817240506904
