ELO:1048
CE_PASSEDPAWNS:0.46727693989758634
CE_PAWNWEAKNESSES:0.4934967799216349
CE_PIECEACTIVITY:0.509603858541549
CE_KINGPAWNSHIELD:0.4934832073901321
CE_PIECECOORDINATION:0.5037283460926225
CE_MATERIAL:0.4935610704943572
CE_KINGSAFETY:0.5
C_PIECESQUARETABLES:0.5
C_MOBILITY:0.508670177124862
C_KINGSAFETY:0.5258662382623254
C_PAWNSTRUCTURE:0.5038146513846126
C_PIECECOORDINATION:0.5228079246997759
C_ROOK:0.5128654996140453
CE_ROOK:0.49552285313019595
C_CENTERCONTROL:0.4690762694874343
C_DEVELOPPIECES:0.4647401750342283
C_MATERIAL:0.49207381283421175
C_MOVECOUNT:0.47802042898757824
C_PAWNMOVEMENT:0.5033146514761775
