ELO:975
CE_PASSEDPAWNS:0.4984977084817324
CE_PAWNWEAKNESSES:0.5084621918588504
CE_PIECEACTIVITY:0.5150535233356675
CE_KINGPAWNSHIELD:0.5080350496747306
CE_PIECECOORDINATION:0.4978446105850198
CE_MATERIAL:0.511944674013766
CE_KINGSAFETY:0.5043284984763217
C_PIECESQUARETABLES:0.4977749247152079
C_MOBILITY:0.49977440227145337
C_KINGSAFETY:0.5061751852934484
C_PAWNSTRUCTURE:0.5009826562547534
C_PIECECOORDINATION:0.5088980004092043
C_ROOKANDPAWNMOVEMENT:0.5088980004092043
C_CENTERCONTROL:0.5
C_DEVELOPPIECES:0.513206804987493
C_MATERIAL:0.4960263225089634
