ELO:999
CE_PASSEDPAWNS:0.524882136406942
CE_PAWNWEAKNESSES:0.5682992566134923
CE_PIECEACTIVITY:0.5521805715292024
CE_KINGPAWNSHIELD:0.5661974986300883
CE_PIECECOORDINATION:0.5507429981511277
CE_MATERIAL:0.555769588274252
CE_KINGSAFETY:0.5
C_PIECESQUARETABLES:0.511515132572407
C_MOBILITY:0.5677746436156523
C_KINGSAFETY:0.5287167702320426
C_PAWNSTRUCTURE:0.4801441892743895
C_PIECECOORDINATION:0.508370461605491
C_ROOKANDPAWNMOVEMENT:0.508370461605491
C_CENTERCONTROL:0.49942836954388814
C_DEVELOPPIECES:0.4211299137182008
C_MATERIAL:0.5679995389992825
