ELO:1064
CE_PASSEDPAWNS:0.4686641297881342
CE_PAWNWEAKNESSES:0.423127719237664
CE_PIECEACTIVITY:0.5446219974174361
CE_KINGPAWNSHIELD:0.3843516499831841
CE_PIECECOORDINATION:0.5097988171153641
CE_MATERIAL:0.4326265186491391
CE_KINGSAFETY:0.4767937869704241
C_PIECESQUARETABLES:0.4377037171696451
C_MOBILITY:0.4014604210707106
C_KINGSAFETY:0.3556410267781085
C_PAWNSTRUCTURE:0.5152773420855528
C_PIECECOORDINATION:0.49350886085864354
C_ROOKANDPAWNMOVEMENT:0.49350886085864354
C_CENTERCONTROL:0.508994065019355
C_DEVELOPPIECES:0.5050015126515646
C_MATERIAL:0.4867135906972538
