ELO:859
CE_PASSEDPAWNS:0.5460020377330058
CE_PAWNWEAKNESSES:0.4874889999343386
CE_PIECEACTIVITY:0.530983332929997
CE_KINGPAWNSHIELD:0.5282609178549921
CE_PIECECOORDINATION:0.5407396848780361
CE_MATERIAL:0.4404938684866484
CE_KINGSAFETY:0.49386416716260506
C_PIECESQUARETABLES:0.4988633196076395
C_MOBILITY:0.50595295886919
C_KINGSAFETY:0.5145760714618736
C_PAWNSTRUCTURE:0.48334613934343973
C_PIECECOORDINATION:0.5448010930834052
C_ROOKANDPAWNMOVEMENT:0.5448010930834052
C_CENTERCONTROL:0.488573105995875
C_DEVELOPPIECES:0.4874255614539083
C_MATERIAL:0.5190503852903318
C_MOVECOUNT:0.5
