ELO:763
CE_PASSEDPAWNS:0.5219177959836324
CE_PAWNWEAKNESSES:0.5052216995382469
CE_PIECEACTIVITY:0.5130676985575012
CE_KINGPAWNSHIELD:0.6887623224854854
CE_PIECECOORDINATION:0.6310853855091348
CE_MATERIAL:0.49337374356583624
CE_KINGSAFETY:0.5177519157072519
C_PIECESQUARETABLES:0.5247128020101247
C_MOBILITY:0.5522430542883717
C_KINGSAFETY:0.4764143660740246
C_PAWNSTRUCTURE:0.4884449708011351
C_PIECECOORDINATION:0.4357677885243534
C_ROOKANDPAWNMOVEMENT:0.4357677885243534
C_CENTERCONTROL:0.5184438132334418
C_DEVELOPPIECES:0.47511902463900063
C_MATERIAL:0.4206351916639776
C_MOVECOUNT:0.512266781887519
