ELO:1000
CE_PASSEDPAWNS:0.5435741820202245
CE_PAWNWEAKNESSES:0.5340323947831905
CE_PIECEACTIVITY:0.4506940515421041
CE_KINGPAWNSHIELD:0.48467860214904335
CE_PIECECOORDINATION:0.5211090894061982
CE_MATERIAL:0.48690537278262563
CE_KINGSAFETY:0.48404639186366283
C_PIECESQUARETABLES:0.48091326436083465
C_MOBILITY:0.5384098700112965
C_KINGSAFETY:0.5029466614435826
C_PAWNSTRUCTURE:0.5645307428716291
C_PIECECOORDINATION:0.4671691807021699
C_ROOKANDPAWNMOVEMENT:0.4671691807021699
C_CENTERCONTROL:0.5461992325218212
C_DEVELOPPIECES:0.4934131982315372
C_MATERIAL:0.4293950106186518
