ELO:992
CE_PASSEDPAWNS:0.5155350922349168
CE_PAWNWEAKNESSES:0.49872959034490016
CE_PIECEACTIVITY:0.4879722670208112
CE_KINGPAWNSHIELD:0.5122363856683062
CE_PIECECOORDINATION:0.46439492063773796
CE_MATERIAL:0.4953924359159964
CE_KINGSAFETY:0.49340795185777175
C_PIECESQUARETABLES:0.5
C_MOBILITY:0.521368212583509
C_KINGSAFETY:0.4748615091756968
C_PAWNSTRUCTURE:0.4832312555596296
C_PIECECOORDINATION:0.49806403942007493
C_ROOK:0.4423046785525973
CE_ROOK:0.5409536383520339
C_CENTERCONTROL:0.4938390856673427
C_DEVELOPPIECES:0.4997824206897802
C_MATERIAL:0.47140602150647026
C_MOVECOUNT:0.466815296800556
C_PAWNMOVEMENT:0.5139406014377813
