ELO:1023
CE_PASSEDPAWNS:0.41828257884316317
CE_PAWNWEAKNESSES:0.5044701764386287
CE_PIECEACTIVITY:0.4342753515086702
CE_KINGPAWNSHIELD:0.5193975284710797
CE_PIECECOORDINATION:0.5147918056404461
CE_MATERIAL:0.3441306067438253
CE_KINGSAFETY:0.5133804968954717
C_PIECESQUARETABLES:0.5004961280385117
C_MOBILITY:0.37157049262550695
C_KINGSAFETY:0.35557480878985126
C_PAWNSTRUCTURE:0.5584186759862515
C_PIECECOORDINATION:0.424459964919601
C_ROOKANDPAWNMOVEMENT:0.424459964919601
C_CENTERCONTROL:0.4892633454917417
C_DEVELOPPIECES:0.4508259825802135
C_MATERIAL:0.5309774288491756
