ELO:928
CE_PASSEDPAWNS:0.49522258910602923
CE_PAWNWEAKNESSES:0.47170944530611303
CE_PIECEACTIVITY:0.4494878231965006
CE_KINGPAWNSHIELD:0.4850943349406076
CE_PIECECOORDINATION:0.4958329749066985
CE_MATERIAL:0.5190077766703541
CE_KINGSAFETY:0.5
C_PIECESQUARETABLES:0.5
C_MOBILITY:0.5226375102255715
C_KINGSAFETY:0.4635577522427019
C_PAWNSTRUCTURE:0.48798115100160083
C_PIECECOORDINATION:0.4945540127441381
C_ROOKANDPAWNMOVEMENT:0.4945540127441381
C_CENTERCONTROL:0.5
C_DEVELOPPIECES:0.5039485030183214
C_MATERIAL:0.4751528179695072
C_MOVECOUNT:0.5
