ELO:1000
CE_PASSEDPAWNS:0.5651746154323353
CE_PAWNWEAKNESSES:0.4812148536325728
CE_PIECEACTIVITY:0.5119122488124133
CE_KINGPAWNSHIELD:0.5444920210374669
CE_PIECECOORDINATION:0.5608553625000919
CE_MATERIAL:0.4764327219605176
CE_KINGSAFETY:0.5815098262157633
C_PIECESQUARETABLES:0.5153631252154971
C_MOBILITY:0.5548612538248507
C_KINGSAFETY:0.509776705597878
C_PAWNSTRUCTURE:0.4642529074842039
C_PIECECOORDINATION:0.4966169435992389
C_ROOKANDPAWNMOVEMENT:0.4966169435992389
C_CENTERCONTROL:0.5358887386931748
C_DEVELOPPIECES:0.45717659121999044
C_MATERIAL:0.5061310129192481
