ELO:1062
CE_PASSEDPAWNS:0.48735319267785604
CE_PAWNWEAKNESSES:0.48969615551444007
CE_PIECEACTIVITY:0.4896930497988849
CE_KINGPAWNSHIELD:0.4700775042002906
CE_PIECECOORDINATION:0.4875623156123702
CE_MATERIAL:0.4891721019949245
CE_KINGSAFETY:0.48794242210254535
C_PIECESQUARETABLES:0.5
C_MOBILITY:0.5
C_KINGSAFETY:0.5032201681511563
C_PAWNSTRUCTURE:0.5037568545259127
C_PIECECOORDINATION:0.5
C_ROOKANDPAWNMOVEMENT:0.5
C_CENTERCONTROL:0.5016496735516847
C_DEVELOPPIECES:0.5165913202693749
C_MATERIAL:0.4895088700193395
C_MOVECOUNT:0.5
