ELO:1000
CE_PASSEDPAWNS:0.5525122273685459
CE_PAWNWEAKNESSES:0.47369246827911626
CE_PIECEACTIVITY:0.5166169878198045
CE_KINGPAWNSHIELD:0.5599941166865173
CE_PIECECOORDINATION:0.5292645293021415
CE_MATERIAL:0.4887524018888943
CE_KINGSAFETY:0.5053158985531491
C_PIECESQUARETABLES:0.48634399098725967
C_MOBILITY:0.5688627286735516
C_KINGSAFETY:0.5058678420209991
C_PAWNSTRUCTURE:0.4882502004118796
C_PIECECOORDINATION:0.5187443386027035
C_ROOKANDPAWNMOVEMENT:0.5187443386027035
C_CENTERCONTROL:0.5168880526133183
C_DEVELOPPIECES:0.4191409678487023
C_MATERIAL:0.5339593533869864
