ELO:988
CE_PASSEDPAWNS:0.5181685341197215
CE_PAWNWEAKNESSES:0.49062270192362933
CE_PIECEACTIVITY:0.4847336788061759
CE_KINGPAWNSHIELD:0.4894423649250453
CE_PIECECOORDINATION:0.48968165779586625
CE_MATERIAL:0.5115312489084777
CE_KINGSAFETY:0.5
C_PIECESQUARETABLES:0.5
C_MOBILITY:0.5169862462275758
C_KINGSAFETY:0.5120835284198012
C_PAWNSTRUCTURE:0.5007139483601618
C_PIECECOORDINATION:0.4913368488059475
C_ROOK:0.4671975808998262
CE_ROOK:0.5268504241245724
C_CENTERCONTROL:0.4912041909717017
C_DEVELOPPIECES:0.49621992860611114
C_MATERIAL:0.49302748719816836
C_MOVECOUNT:0.4834945698495068
C_PAWNMOVEMENT:0.49289077025421796
