ELO:1150
CE_PASSEDPAWNS:0.4271339491974158
CE_PAWNWEAKNESSES:0.46625261036440724
CE_PIECEACTIVITY:0.5317934677093066
CE_KINGPAWNSHIELD:0.39452144957275465
CE_PIECECOORDINATION:0.5094822262344411
CE_MATERIAL:0.4990994058124339
CE_KINGSAFETY:0.5
C_PIECESQUARETABLES:0.5
C_MOBILITY:0.5349553877175284
C_KINGSAFETY:0.4082550688282633
C_PAWNSTRUCTURE:0.5122675472858035
C_PIECECOORDINATION:0.5546562877460437
C_ROOKANDPAWNMOVEMENT:0.5546562877460437
C_CENTERCONTROL:0.5200534090186267
C_DEVELOPPIECES:0.4332909592322626
C_MATERIAL:0.5483384372176751
