ELO:1013
CE_PASSEDPAWNS:0.5004019133765094
CE_PAWNWEAKNESSES:0.5081533900562797
CE_PIECEACTIVITY:0.5149523703424125
CE_KINGPAWNSHIELD:0.5084293836041178
CE_PIECECOORDINATION:0.49545628155168375
CE_MATERIAL:0.5
CE_KINGSAFETY:0.5
C_PIECESQUARETABLES:0.5
C_MOBILITY:0.49252346533234587
C_KINGSAFETY:0.5278895173448409
C_PAWNSTRUCTURE:0.4996958912110175
C_PIECECOORDINATION:0.524081871863375
C_ROOK:0.5096048013706082
CE_ROOK:0.4846549070409977
C_CENTERCONTROL:0.46593201512716276
C_DEVELOPPIECES:0.4889545924510755
C_MATERIAL:0.4782613691640225
C_MOVECOUNT:0.49509957045493014
C_PAWNMOVEMENT:0.501825826357947
