ELO:1020
CE_PASSEDPAWNS:0.5039844281717176
CE_PAWNWEAKNESSES:0.4773770110142628
CE_PIECEACTIVITY:0.5012593221806272
CE_KINGPAWNSHIELD:0.5121446302366321
CE_PIECECOORDINATION:0.5020545011067487
CE_MATERIAL:0.46275865749933687
CE_KINGSAFETY:0.5
C_PIECESQUARETABLES:0.5
C_MOBILITY:0.521368212583509
C_KINGSAFETY:0.5090824192887126
C_PAWNSTRUCTURE:0.5
C_PIECECOORDINATION:0.5129933973770763
C_ROOK:0.5634299875796682
CE_ROOK:0.5057558812501163
C_CENTERCONTROL:0.4962465463250829
C_DEVELOPPIECES:0.537502768623673
C_MATERIAL:0.4971971897610752
C_MOVECOUNT:0.49891662155735195
C_PAWNMOVEMENT:0.4580263027062803
