ELO:1000
CE_PASSEDPAWNS:0.5448928936079703
CE_PAWNWEAKNESSES:0.521128215904633
CE_PIECEACTIVITY:0.4848718209660926
CE_KINGPAWNSHIELD:0.5135186847885068
CE_PIECECOORDINATION:0.5103629391567044
CE_MATERIAL:0.4758432323609974
CE_KINGSAFETY:0.506851088799861
C_PIECESQUARETABLES:0.5216702522968711
C_MOBILITY:0.48664953488632573
C_KINGSAFETY:0.50487663073415
C_PAWNSTRUCTURE:0.541247922640122
C_PIECECOORDINATION:0.47821497518343975
C_ROOKANDPAWNMOVEMENT:0.47821497518343975
C_CENTERCONTROL:0.509678091626585
C_DEVELOPPIECES:0.5061072704871363
C_MATERIAL:0.4678252769866218
