ELO:937
CE_PASSEDPAWNS:0.48879265229695373
CE_PAWNWEAKNESSES:0.5951323985932501
CE_PIECEACTIVITY:0.49572918950940253
CE_KINGPAWNSHIELD:0.494414698676646
CE_PIECECOORDINATION:0.5103099752137964
CE_MATERIAL:0.5080780968401071
CE_KINGSAFETY:0.49181289013082224
C_PIECESQUARETABLES:0.4863230515926782
C_MOBILITY:0.45849801378911986
C_KINGSAFETY:0.5089191775337856
C_PAWNSTRUCTURE:0.4818195091276646
C_PIECECOORDINATION:0.5075018020786157
C_ROOKANDPAWNMOVEMENT:0.5075018020786157
C_CENTERCONTROL:0.4585385694360331
C_DEVELOPPIECES:0.4849769299371147
C_MATERIAL:0.5117875789434839
C_MOVECOUNT:0.49727231000243866
