ELO:1010
CE_PASSEDPAWNS:0.5
CE_PAWNWEAKNESSES:0.5021787561090574
CE_PIECEACTIVITY:0.5
CE_KINGPAWNSHIELD:0.5092975492901604
CE_PIECECOORDINATION:0.5
CE_MATERIAL:0.5017477364239743
CE_KINGSAFETY:0.5
C_PIECESQUARETABLES:0.4972034571693132
C_MOBILITY:0.5116519646903895
C_KINGSAFETY:0.508564824217599
C_PAWNSTRUCTURE:0.50977109283966
C_PIECECOORDINATION:0.4993667459524389
C_ROOKANDPAWNMOVEMENT:0.4993667459524389
C_CENTERCONTROL:0.5
C_DEVELOPPIECES:0.5
C_MATERIAL:0.4993200378659563
C_MOVECOUNT:0.5
