ELO:752
CE_PASSEDPAWNS:0.5544984069291944
CE_PAWNWEAKNESSES:0.6378928045666642
CE_PIECEACTIVITY:0.4530546732211957
CE_KINGPAWNSHIELD:0.5141818028105015
CE_PIECECOORDINATION:0.5170118149113668
CE_MATERIAL:0.43867955621772187
CE_KINGSAFETY:0.521241722689547
C_PIECESQUARETABLES:0.5198072651539615
C_MOBILITY:0.5001978577742254
C_KINGSAFETY:0.507905370815342
C_PAWNSTRUCTURE:0.5268005789308157
C_PIECECOORDINATION:0.4260846506829477
C_ROOKANDPAWNMOVEMENT:0.4260846506829477
C_CENTERCONTROL:0.39426299139491766
C_DEVELOPPIECES:0.48143692684203326
C_MATERIAL:0.5872865621994756
C_MOVECOUNT:0.5014391448995987
