ELO:969
CE_PASSEDPAWNS:0.5155350922349168
CE_PAWNWEAKNESSES:0.4999830237708245
CE_PIECEACTIVITY:0.4857475003433565
CE_KINGPAWNSHIELD:0.5042291977169195
CE_PIECECOORDINATION:0.46899816643331904
CE_MATERIAL:0.5108545489286282
CE_KINGSAFETY:0.5
C_PIECESQUARETABLES:0.5
C_MOBILITY:0.5270776765013067
C_KINGSAFETY:0.4965707226328844
C_PAWNSTRUCTURE:0.501842948722227
C_PIECECOORDINATION:0.4975882636393796
C_ROOK:0.42304970860368435
CE_ROOK:0.5285483887546495
C_CENTERCONTROL:0.48358859284583455
C_DEVELOPPIECES:0.5034208353559316
C_MATERIAL:0.4899144763402998
C_MOVECOUNT:0.4566113369013111
C_PAWNMOVEMENT:0.5127071592698529
