ELO:1000
CE_PASSEDPAWNS:0.5210370842293446
CE_PAWNWEAKNESSES:0.4786589001789854
CE_PIECEACTIVITY:0.4703863981811964
CE_KINGPAWNSHIELD:0.5240830709938539
CE_PIECECOORDINATION:0.49699201270711274
CE_MATERIAL:0.4943141326289089
CE_KINGSAFETY:0.5184032778963142
C_PIECESQUARETABLES:0.5051043247273465
C_MOBILITY:0.5277839744795386
C_KINGSAFETY:0.48366313183601634
C_PAWNSTRUCTURE:0.4985682646297596
C_PIECECOORDINATION:0.4699491648648649
C_ROOKANDPAWNMOVEMENT:0.4699491648648649
C_CENTERCONTROL:0.5359636149247127
C_DEVELOPPIECES:0.4812645696450148
C_MATERIAL:0.4964194773785088
