ELO:1013
CE_PASSEDPAWNS:0.48236245013339285
CE_PAWNWEAKNESSES:0.5004243223945801
CE_PIECEACTIVITY:0.4943332666907198
CE_KINGPAWNSHIELD:0.5249550835608966
CE_PIECECOORDINATION:0.5148132034671442
CE_MATERIAL:0.47009670564468714
CE_KINGSAFETY:0.5
C_PIECESQUARETABLES:0.5
C_MOBILITY:0.4700232983813267
C_KINGSAFETY:0.5070249263959133
C_PAWNSTRUCTURE:0.4996958912110175
C_PIECECOORDINATION:0.524081871863375
C_ROOK:0.5223944220193748
CE_ROOK:0.5054023041133433
C_CENTERCONTROL:0.48100842722397014
C_DEVELOPPIECES:0.5126867402238015
C_MATERIAL:0.4782613691640225
C_MOVECOUNT:0.49509957045493014
C_PAWNMOVEMENT:0.5072186104954414
