ELO:1015
CE_PASSEDPAWNS:0.4922824006344448
CE_PAWNWEAKNESSES:0.5
CE_PIECEACTIVITY:0.4970172905903359
CE_KINGPAWNSHIELD:0.49806394817538563
CE_PIECECOORDINATION:0.4966772534867128
CE_MATERIAL:0.5
CE_KINGSAFETY:0.4961525966678411
C_PIECESQUARETABLES:0.5057541919160081
C_MOBILITY:0.513363103999191
C_KINGSAFETY:0.4891548321802484
C_PAWNSTRUCTURE:0.49182387030073926
C_PIECECOORDINATION:0.5049427015960619
C_ROOKANDPAWNMOVEMENT:0.5049427015960619
C_CENTERCONTROL:0.5067964431306703
C_DEVELOPPIECES:0.5
C_MATERIAL:0.49679207700343386
C_MOVECOUNT:0.4981329850804791
