ELO:1049
CE_PASSEDPAWNS:0.5022103606363747
CE_PAWNWEAKNESSES:0.4871710299216591
CE_PIECEACTIVITY:0.5100257052402923
CE_KINGPAWNSHIELD:0.49560351575703604
CE_PIECECOORDINATION:0.4974681835416194
CE_MATERIAL:0.49916960548256745
CE_KINGSAFETY:0.5
C_PIECESQUARETABLES:0.5
C_MOBILITY:0.4961261872837943
C_KINGSAFETY:0.4884621991054287
C_PAWNSTRUCTURE:0.49780687763074033
C_PIECECOORDINATION:0.5022201473040331
C_ROOKANDPAWNMOVEMENT:0.5022201473040331
C_CENTERCONTROL:0.5110578067482648
C_DEVELOPPIECES:0.5010699711861453
C_MATERIAL:0.5024777307736905
C_MOVECOUNT:0.4993456657361649
