ELO:1007
CE_PASSEDPAWNS:0.4805795680366656
CE_PAWNWEAKNESSES:0.5081195000160523
CE_PIECEACTIVITY:0.5
CE_KINGPAWNSHIELD:0.5056499261056522
CE_PIECECOORDINATION:0.4892460260833649
CE_MATERIAL:0.5
CE_KINGSAFETY:0.47073676076649396
C_PIECESQUARETABLES:0.45686419973730935
C_MOBILITY:0.47708566624741616
C_KINGSAFETY:0.4986221346371901
C_PAWNSTRUCTURE:0.4952758578597055
C_PIECECOORDINATION:0.5074624886447356
C_ROOKANDPAWNMOVEMENT:0.5074624886447356
C_CENTERCONTROL:0.4753780636838065
C_DEVELOPPIECES:0.4759750709672584
C_MATERIAL:0.49002298493981655
C_MOVECOUNT:0.5
