ELO:911
CE_PASSEDPAWNS:0.5211562975796692
CE_PAWNWEAKNESSES:0.5077478204295501
CE_PIECEACTIVITY:0.5682002408177322
CE_KINGPAWNSHIELD:0.5407132620218579
CE_PIECECOORDINATION:0.5410527219099688
CE_MATERIAL:0.41624101914836054
CE_KINGSAFETY:0.505262099858768
C_PIECESQUARETABLES:0.5102968664762584
C_MOBILITY:0.4308789230283713
C_KINGSAFETY:0.6089863635393825
C_PAWNSTRUCTURE:0.4790385305107102
C_PIECECOORDINATION:0.5301032748876152
C_ROOKANDPAWNMOVEMENT:0.5301032748876152
C_CENTERCONTROL:0.5753523097050753
C_DEVELOPPIECES:0.4025100406631648
C_MATERIAL:0.6456026981263013
