ELO:754
CE_PASSEDPAWNS:0.5381000808097405
CE_PAWNWEAKNESSES:0.546850442701605
CE_PIECEACTIVITY:0.5167922496941108
CE_KINGPAWNSHIELD:0.6816357206802154
CE_PIECECOORDINATION:0.6367465358984128
CE_MATERIAL:0.5066559297660838
CE_KINGSAFETY:0.5265023466083718
C_PIECESQUARETABLES:0.567859094241591
C_MOBILITY:0.5720452900973043
C_KINGSAFETY:0.47940328357138035
C_PAWNSTRUCTURE:0.4925515684780586
C_PIECECOORDINATION:0.44432024127182596
C_ROOKANDPAWNMOVEMENT:0.44432024127182596
C_CENTERCONTROL:0.5285242857541086
C_DEVELOPPIECES:0.4618111770332446
C_MATERIAL:0.4630455952379793
C_MOVECOUNT:0.5256042079872137
