ELO:999
CE_PASSEDPAWNS:0.4893625628909846
CE_PAWNWEAKNESSES:0.5072320902351241
CE_PIECEACTIVITY:0.48879551659157294
CE_KINGPAWNSHIELD:0.48978383126706565
CE_PIECECOORDINATION:0.5
CE_MATERIAL:0.48294594955633074
CE_KINGSAFETY:0.5
C_PIECESQUARETABLES:0.5
C_MOBILITY:0.5026663319743611
C_KINGSAFETY:0.4846995063049679
C_PAWNSTRUCTURE:0.5156463276643052
C_PIECECOORDINATION:0.5101342225646751
C_ROOKANDPAWNMOVEMENT:0.5101342225646751
C_CENTERCONTROL:0.5196786116410428
C_DEVELOPPIECES:0.5142073172016631
C_MATERIAL:0.5082711732927729
C_MOVECOUNT:0.5
