ELO:1000
CE_PASSEDPAWNS:0.5284036679339069
CE_PAWNWEAKNESSES:0.4998599460579997
CE_PIECEACTIVITY:0.49641250192102154
CE_KINGPAWNSHIELD:0.515899750214629
CE_PIECECOORDINATION:0.5256498965037671
CE_MATERIAL:0.502268359200219
CE_KINGSAFETY:0.4874535172440868
C_PIECESQUARETABLES:0.49191402383024296
C_MOBILITY:0.49111242235412317
C_KINGSAFETY:0.503327563729537
C_PAWNSTRUCTURE:0.5231677982300292
C_PIECECOORDINATION:0.49881928013028815
C_ROOKANDPAWNMOVEMENT:0.49881928013028815
C_CENTERCONTROL:0.4985647678150171
C_DEVELOPPIECES:0.5019551457593469
C_MATERIAL:0.4964673209152185
