ELO:1010
CE_PASSEDPAWNS:0.49531891399235334
CE_PAWNWEAKNESSES:0.5
CE_PIECEACTIVITY:0.48879551659157294
CE_KINGPAWNSHIELD:0.5057077387262978
CE_PIECECOORDINATION:0.49445443975741415
CE_MATERIAL:0.48294594955633074
CE_KINGSAFETY:0.5
C_PIECESQUARETABLES:0.5
C_MOBILITY:0.49896429214417504
C_KINGSAFETY:0.4814009748533811
C_PAWNSTRUCTURE:0.5
C_PIECECOORDINATION:0.5101342225646751
C_ROOKANDPAWNMOVEMENT:0.5101342225646751
C_CENTERCONTROL:0.4867151030759868
C_DEVELOPPIECES:0.495651994710638
C_MATERIAL:0.5082711732927729
C_MOVECOUNT:0.5
