ELO:1113
CE_PASSEDPAWNS:0.4547813293207352
CE_PAWNWEAKNESSES:0.4587279332565922
CE_PIECEACTIVITY:0.5580846597125007
CE_KINGPAWNSHIELD:0.5007099035767185
CE_PIECECOORDINATION:0.47241335711600324
CE_MATERIAL:0.4990994058124339
CE_KINGSAFETY:0.5
C_PIECESQUARETABLES:0.5
C_MOBILITY:0.5858264840274547
C_KINGSAFETY:0.4258746242255982
C_PAWNSTRUCTURE:0.5850499534865369
C_PIECECOORDINATION:0.5686614356759275
C_ROOKANDPAWNMOVEMENT:0.5686614356759275
C_CENTERCONTROL:0.47861697439238793
C_DEVELOPPIECES:0.5659557585650148
C_MATERIAL:0.6480765086317845
