ELO:1044
CE_PASSEDPAWNS:0.49923176236073086
CE_PAWNWEAKNESSES:0.5
CE_PIECEACTIVITY:0.5027966210675653
CE_KINGPAWNSHIELD:0.48441323650695167
CE_PIECECOORDINATION:0.5097269414023637
CE_MATERIAL:0.497575314747248
CE_KINGSAFETY:0.4991944393924865
C_PIECESQUARETABLES:0.5
C_MOBILITY:0.5118874223146114
C_KINGSAFETY:0.5032201681511563
C_PAWNSTRUCTURE:0.5000472854475159
C_PIECECOORDINATION:0.4890164371698547
C_ROOKANDPAWNMOVEMENT:0.4890164371698547
C_CENTERCONTROL:0.49273421943431595
C_DEVELOPPIECES:0.5149659708774952
C_MATERIAL:0.49251297629168234
C_MOVECOUNT:0.5
