ELO:1023
CE_PASSEDPAWNS:0.5062164720666026
CE_PAWNWEAKNESSES:0.5
CE_PIECEACTIVITY:0.49020745908405633
CE_KINGPAWNSHIELD:0.5
CE_PIECECOORDINATION:0.4934382669342165
CE_MATERIAL:0.5
CE_KINGSAFETY:0.5077126454049227
C_PIECESQUARETABLES:0.5
C_MOBILITY:0.5
C_KINGSAFETY:0.49631657285182423
C_PAWNSTRUCTURE:0.4918140827629698
C_PIECECOORDINATION:0.5
C_ROOK:0.4904808073867897
CE_ROOK:0.5
C_CENTERCONTROL:0.5
C_DEVELOPPIECES:0.5
C_MATERIAL:0.5
C_MOVECOUNT:0.5
C_PAWNMOVEMENT:0.5
