ELO:1000
CE_PASSEDPAWNS:0.507382649698263
CE_PAWNWEAKNESSES:0.5037099504192767
CE_PIECEACTIVITY:0.4438867196111857
CE_KINGPAWNSHIELD:0.4781534387530069
CE_PIECECOORDINATION:0.5019768619261716
CE_MATERIAL:0.5240102503876125
CE_KINGSAFETY:0.5
C_PIECESQUARETABLES:0.5
C_MOBILITY:0.5097074898209483
C_KINGSAFETY:0.46298286703297536
C_PAWNSTRUCTURE:0.5206221487950914
C_PIECECOORDINATION:0.5270441091816901
C_ROOK:0.4888632972223888
CE_ROOK:0.5181306469396002
C_CENTERCONTROL:0.452511337461954
C_DEVELOPPIECES:0.49043214331850343
C_MATERIAL:0.47370363161998413
C_MOVECOUNT:0.48943283416139155
C_PAWNMOVEMENT:0.4890726682780991
