ELO:981
CE_PASSEDPAWNS:0.4932020700369452
CE_PAWNWEAKNESSES:0.5096275143246454
CE_PIECEACTIVITY:0.49735574525062604
CE_KINGPAWNSHIELD:0.5065376028887305
CE_PIECECOORDINATION:0.5010683848373461
CE_MATERIAL:0.5130183754826025
CE_KINGSAFETY:0.5634662316629222
C_PIECESQUARETABLES:0.5038585294520621
C_MOBILITY:0.5
C_KINGSAFETY:0.49023276293872786
C_PAWNSTRUCTURE:0.49401330298494317
C_PIECECOORDINATION:0.4830004903379046
C_ROOKANDPAWNMOVEMENT:0.4830004903379046
C_CENTERCONTROL:0.46442031008148943
C_DEVELOPPIECES:0.5036216137256134
C_MATERIAL:0.5013443417232051
C_MOVECOUNT:0.5
