ELO:960
CE_PASSEDPAWNS:0.49841574092339097
CE_PAWNWEAKNESSES:0.5176967883504003
CE_PIECEACTIVITY:0.48271837678094376
CE_KINGPAWNSHIELD:0.5164779722496925
CE_PIECECOORDINATION:0.5101031649899314
CE_MATERIAL:0.542994621570787
CE_KINGSAFETY:0.508227327203816
C_PIECESQUARETABLES:0.5148937108489448
C_MOBILITY:0.4819743293183226
C_KINGSAFETY:0.5226916538255296
C_PAWNSTRUCTURE:0.49785715567331146
C_PIECECOORDINATION:0.4907767580377093
C_ROOK:0.5087179678736831
CE_ROOK:0.5081147283467238
C_CENTERCONTROL:0.521052619977016
C_DEVELOPPIECES:0.47200237553300906
C_MATERIAL:0.5428078163905543
C_MOVECOUNT:0.4966341909702301
C_PAWNMOVEMENT:0.5201852660501086
