ELO:991
CE_PASSEDPAWNS:0.5000208303336738
CE_PAWNWEAKNESSES:0.5075788278932325
CE_PIECEACTIVITY:0.4830235575012563
CE_KINGPAWNSHIELD:0.36128137823857887
CE_PIECECOORDINATION:0.4742954014560978
CE_MATERIAL:0.5334081896618914
CE_KINGSAFETY:0.5334782963065302
C_PIECESQUARETABLES:0.4837215059116263
C_MOBILITY:0.5499348310313827
C_KINGSAFETY:0.48869476702290177
C_PAWNSTRUCTURE:0.4487572654525606
C_PIECECOORDINATION:0.4563876897240197
C_ROOKANDPAWNMOVEMENT:0.4563876897240197
C_CENTERCONTROL:0.47990854004651323
C_DEVELOPPIECES:0.5073995642496394
C_MATERIAL:0.46930660527667334
