ELO:904
CE_PASSEDPAWNS:0.5256858688578272
CE_PAWNWEAKNESSES:0.4588328574051089
CE_PIECEACTIVITY:0.4680631525793249
CE_KINGPAWNSHIELD:0.368736933998641
CE_PIECECOORDINATION:0.4692420662436394
CE_MATERIAL:0.48840160439716573
CE_KINGSAFETY:0.4418492568041985
C_PIECESQUARETABLES:0.46869738542184963
C_MOBILITY:0.4667873858927326
C_KINGSAFETY:0.35913376993144414
C_PAWNSTRUCTURE:0.426122518088131
C_PIECECOORDINATION:0.5016706706513399
C_ROOKANDPAWNMOVEMENT:0.5016706706513399
C_CENTERCONTROL:0.45339414670322453
C_DEVELOPPIECES:0.4877577053133786
C_MATERIAL:0.45337350532391096
