ELO:938
CE_PASSEDPAWNS:0.5044451055466493
CE_PAWNWEAKNESSES:0.5053920735363554
CE_PIECEACTIVITY:0.5382041037599924
CE_KINGPAWNSHIELD:0.5213799474478384
CE_PIECECOORDINATION:0.4443683089392767
CE_MATERIAL:0.5356282669109154
CE_KINGSAFETY:0.528494568741122
C_PIECESQUARETABLES:0.5376870053111172
C_MOBILITY:0.5280977218260068
C_KINGSAFETY:0.43548433624150684
C_PAWNSTRUCTURE:0.4956572356772452
C_PIECECOORDINATION:0.5375216977002166
C_ROOKANDPAWNMOVEMENT:0.5375216977002166
C_CENTERCONTROL:0.44413511999269467
C_DEVELOPPIECES:0.4773856852294469
C_MATERIAL:0.52926265810853
