ELO:1000
CE_PASSEDPAWNS:0.5073650868498865
CE_PAWNWEAKNESSES:0.49951601632733983
CE_PIECEACTIVITY:0.49816308831181794
CE_KINGPAWNSHIELD:0.5035370936515211
CE_PIECECOORDINATION:0.5094186860939625
CE_MATERIAL:0.5
CE_KINGSAFETY:0.5
C_PIECESQUARETABLES:0.49101571952216555
C_MOBILITY:0.4962146524729068
C_KINGSAFETY:0.4977774034524829
C_PAWNSTRUCTURE:0.5200564059735561
C_PIECECOORDINATION:0.5020434154910564
C_ROOK:0.5
CE_ROOK:0.5064652418099412
C_CENTERCONTROL:0.49205593678613596
C_DEVELOPPIECES:0.49965346938313726
C_MATERIAL:0.5
C_MOVECOUNT:0.49898244939010017
C_PAWNMOVEMENT:0.5003978678505897
