ELO:1039
CE_PASSEDPAWNS:0.5
CE_PAWNWEAKNESSES:0.5170635314545224
CE_PIECEACTIVITY:0.5138783159378475
CE_KINGPAWNSHIELD:0.5295831131711878
CE_PIECECOORDINATION:0.49319514281930077
CE_MATERIAL:0.5120716596006105
CE_KINGSAFETY:0.5
C_PIECESQUARETABLES:0.5
C_MOBILITY:0.5
C_KINGSAFETY:0.5
C_PAWNSTRUCTURE:0.5
C_PIECECOORDINATION:0.509611417544855
C_ROOK:0.4816612901221779
CE_ROOK:0.5103975614041757
C_CENTERCONTROL:0.5
C_DEVELOPPIECES:0.49572712514245326
C_MATERIAL:0.48080207841677675
C_MOVECOUNT:0.5210026197687401
C_PAWNMOVEMENT:0.5187923663744349
