ELO:986
CE_PASSEDPAWNS:0.4908930861495655
CE_PAWNWEAKNESSES:0.49129665766975855
CE_PIECEACTIVITY:0.5581693132593651
CE_KINGPAWNSHIELD:0.45129349255670376
CE_PIECECOORDINATION:0.5498663243899301
CE_MATERIAL:0.5380509271771655
CE_KINGSAFETY:0.5
C_PIECESQUARETABLES:0.5
C_MOBILITY:0.5160267506570322
C_KINGSAFETY:0.5252171715570149
C_PAWNSTRUCTURE:0.5
C_PIECECOORDINATION:0.4487516779322136
C_ROOKANDPAWNMOVEMENT:0.4487516779322136
C_CENTERCONTROL:0.4786515411120672
C_DEVELOPPIECES:0.4976746320734282
C_MATERIAL:0.47858476818011725
C_MOVECOUNT:0.5
