ELO:812
CE_PASSEDPAWNS:0.4974730741421401
CE_PAWNWEAKNESSES:0.5524840788462441
CE_PIECEACTIVITY:0.45198983161502526
CE_KINGPAWNSHIELD:0.460091466930422
CE_PIECECOORDINATION:0.5092121095624824
CE_MATERIAL:0.5403671799721881
CE_KINGSAFETY:0.5275168003671025
C_PIECESQUARETABLES:0.5109831988300242
C_MOBILITY:0.559843875457299
C_KINGSAFETY:0.45671826610563326
C_PAWNSTRUCTURE:0.48981159763154875
C_PIECECOORDINATION:0.48518018467304497
C_ROOKANDPAWNMOVEMENT:0.48518018467304497
C_CENTERCONTROL:0.5166501470885114
C_DEVELOPPIECES:0.5232744638035685
C_MATERIAL:0.4268599749661892
C_MOVECOUNT:0.46794244016637776
