ELO:909
CE_PASSEDPAWNS:0.5062198980833282
CE_PAWNWEAKNESSES:0.4818972707483935
CE_PIECEACTIVITY:0.4587674560943963
CE_KINGPAWNSHIELD:0.5314163443412702
CE_PIECECOORDINATION:0.565092677012036
CE_MATERIAL:0.49836114414414745
CE_KINGSAFETY:0.49575107684848124
C_PIECESQUARETABLES:0.5082345382820874
C_MOBILITY:0.5062311920049075
C_KINGSAFETY:0.5561640197841874
C_PAWNSTRUCTURE:0.521938266057744
C_PIECECOORDINATION:0.5057893792746464
C_ROOKANDPAWNMOVEMENT:0.5057893792746464
C_CENTERCONTROL:0.49639460905297056
C_DEVELOPPIECES:0.4833968177814317
C_MATERIAL:0.5118494022852806
C_MOVECOUNT:0.5
