ELO:993
CE_PASSEDPAWNS:0.5024507994943174
CE_PAWNWEAKNESSES:0.5015335768615412
CE_PIECEACTIVITY:0.512451669383994
CE_KINGPAWNSHIELD:0.49036893295067413
CE_PIECECOORDINATION:0.4836260754847637
CE_MATERIAL:0.49348255751769815
CE_KINGSAFETY:0.5001195194029218
C_PIECESQUARETABLES:0.4932801584366369
C_MOBILITY:0.49543261482994727
C_KINGSAFETY:0.4965688977890834
C_PAWNSTRUCTURE:0.5158627697125512
C_PIECECOORDINATION:0.4867062185240987
C_ROOKANDPAWNMOVEMENT:0.4867062185240987
C_CENTERCONTROL:0.49644097321565483
C_DEVELOPPIECES:0.5
C_MATERIAL:0.4936386422683059
C_MOVECOUNT:0.49858411344186276
