ELO:1018
CE_PASSEDPAWNS:0.48309096867150547
CE_PAWNWEAKNESSES:0.4987241766558496
CE_PIECEACTIVITY:0.5024122875339803
CE_KINGPAWNSHIELD:0.49537115973779433
CE_PIECECOORDINATION:0.5141024848542131
CE_MATERIAL:0.5869589164506076
CE_KINGSAFETY:0.5
C_PIECESQUARETABLES:0.5
C_MOBILITY:0.5090428569928326
C_KINGSAFETY:0.5678743419962452
C_PAWNSTRUCTURE:0.45005138481709195
C_PIECECOORDINATION:0.4487516779322136
C_ROOKANDPAWNMOVEMENT:0.4487516779322136
C_CENTERCONTROL:0.6110289546391422
C_DEVELOPPIECES:0.4976746320734282
C_MATERIAL:0.44460183832034095
C_MOVECOUNT:0.5
