ELO:997
CE_PASSEDPAWNS:0.5
CE_PAWNWEAKNESSES:0.48396006495068156
CE_PIECEACTIVITY:0.4703826407302911
CE_KINGPAWNSHIELD:0.5259888257878387
CE_PIECECOORDINATION:0.48449440631539403
CE_MATERIAL:0.5227094173707053
CE_KINGSAFETY:0.5
C_PIECESQUARETABLES:0.5
C_MOBILITY:0.5014640266235872
C_KINGSAFETY:0.4670019387709554
C_PAWNSTRUCTURE:0.4787336599613985
C_PIECECOORDINATION:0.5270441091816901
C_ROOK:0.5041519753694378
CE_ROOK:0.5181306469396002
C_CENTERCONTROL:0.452511337461954
C_DEVELOPPIECES:0.5183881668673112
C_MATERIAL:0.47370363161998413
C_MOVECOUNT:0.48943283416139155
C_PAWNMOVEMENT:0.4913202042988777
