ELO:924
CE_PASSEDPAWNS:0.5468894142408018
CE_PAWNWEAKNESSES:0.49263521419618894
CE_PIECEACTIVITY:0.4537766358408443
CE_KINGPAWNSHIELD:0.5287251157665057
CE_PIECECOORDINATION:0.5790277482876526
CE_MATERIAL:0.4873225819939262
CE_KINGSAFETY:0.5068441254406929
C_PIECESQUARETABLES:0.511318486082749
C_MOBILITY:0.49973361914206677
C_KINGSAFETY:0.5367947586476507
C_PAWNSTRUCTURE:0.5378362279144295
C_PIECECOORDINATION:0.4975880663010356
C_ROOKANDPAWNMOVEMENT:0.4975880663010356
C_CENTERCONTROL:0.4935866280543769
C_DEVELOPPIECES:0.4870484726125503
C_MATERIAL:0.5086516879871645
C_MOVECOUNT:0.5
