ELO:1174
CE_PASSEDPAWNS:0.5357886961217757
CE_PAWNWEAKNESSES:0.4873166181669998
CE_PIECEACTIVITY:0.4194670898577308
CE_KINGPAWNSHIELD:0.4888774821619666
CE_PIECECOORDINATION:0.4740445867024571
CE_MATERIAL:0.4517613566555027
CE_KINGSAFETY:0.5
C_PIECESQUARETABLES:0.5
C_MOBILITY:0.5164545322600028
C_KINGSAFETY:0.5748874672061558
C_PAWNSTRUCTURE:0.5180098244591207
C_PIECECOORDINATION:0.47863206872267633
C_ROOKANDPAWNMOVEMENT:0.47863206872267633
C_CENTERCONTROL:0.47563494280121055
C_DEVELOPPIECES:0.4161931111231357
C_MATERIAL:0.3706944172583875
