ELO:1154
CE_PASSEDPAWNS:0.5770953702303544
CE_PAWNWEAKNESSES:0.49979730276839146
CE_PIECEACTIVITY:0.4648097607110585
CE_KINGPAWNSHIELD:0.5162997968099955
CE_PIECECOORDINATION:0.55780761630307
CE_MATERIAL:0.4255261474280877
CE_KINGSAFETY:0.5
C_PIECESQUARETABLES:0.5
C_MOBILITY:0.5164545322600028
C_KINGSAFETY:0.5878946833999377
C_PAWNSTRUCTURE:0.511463886846476
C_PIECECOORDINATION:0.47863206872267633
C_ROOKANDPAWNMOVEMENT:0.47863206872267633
C_CENTERCONTROL:0.5916556751746048
C_DEVELOPPIECES:0.4161931111231357
C_MATERIAL:0.390919085648725
