ELO:861
CE_PASSEDPAWNS:0.478504439510372
CE_PAWNWEAKNESSES:0.46732166830022265
CE_PIECEACTIVITY:0.5831774316746179
CE_KINGPAWNSHIELD:0.43142851550745004
CE_PIECECOORDINATION:0.5727231093395724
CE_MATERIAL:0.4808231707046853
CE_KINGSAFETY:0.5
C_PIECESQUARETABLES:0.5
C_MOBILITY:0.4286269470131038
C_KINGSAFETY:0.498872518270205
C_PAWNSTRUCTURE:0.4116891832439407
C_PIECECOORDINATION:0.4341552779733277
C_ROOKANDPAWNMOVEMENT:0.4341552779733277
C_CENTERCONTROL:0.4078133851916895
C_DEVELOPPIECES:0.5842895822005303
C_MATERIAL:0.3989167367143508
