ELO:1000
CE_PASSEDPAWNS:0.46633627388543314
CE_PAWNWEAKNESSES:0.5446479592486397
CE_PIECEACTIVITY:0.5121064880398047
CE_KINGPAWNSHIELD:0.4948643253964665
CE_PIECECOORDINATION:0.5092986001048662
CE_MATERIAL:0.5097024402940126
CE_KINGSAFETY:0.4934461044424385
C_PIECESQUARETABLES:0.5117641573183838
C_MOBILITY:0.457711018854923
C_KINGSAFETY:0.5440554229461704
C_PAWNSTRUCTURE:0.49683727412387046
C_PIECECOORDINATION:0.52153750823318
C_ROOKANDPAWNMOVEMENT:0.52153750823318
C_CENTERCONTROL:0.48630913162009604
C_DEVELOPPIECES:0.4984654572140404
C_MATERIAL:0.450303475465719
