ELO:973
CE_PASSEDPAWNS:0.48532572012912756
CE_PAWNWEAKNESSES:0.5007186886422591
CE_PIECEACTIVITY:0.48937383461784256
CE_KINGPAWNSHIELD:0.36116347698170637
CE_PIECECOORDINATION:0.4907314450126751
CE_MATERIAL:0.551910615066996
CE_KINGSAFETY:0.4904765124317993
C_PIECESQUARETABLES:0.5
C_MOBILITY:0.5083953608914212
C_KINGSAFETY:0.4497422999759882
C_PAWNSTRUCTURE:0.44370753439507377
C_PIECECOORDINATION:0.46430723399315205
C_ROOKANDPAWNMOVEMENT:0.46430723399315205
C_CENTERCONTROL:0.47809944803782956
C_DEVELOPPIECES:0.5294745648879746
C_MATERIAL:0.46745381424148574
