ELO:942
CE_PASSEDPAWNS:0.5070839531116803
CE_PAWNWEAKNESSES:0.4850577598518847
CE_PIECEACTIVITY:0.4866235651353264
CE_KINGPAWNSHIELD:0.36683976547288627
CE_PIECECOORDINATION:0.45457018135082583
CE_MATERIAL:0.5331436321807329
CE_KINGSAFETY:0.5283361732553252
C_PIECESQUARETABLES:0.5509763454731057
C_MOBILITY:0.5039968476216512
C_KINGSAFETY:0.3905719268703174
C_PAWNSTRUCTURE:0.4238818030312832
C_PIECECOORDINATION:0.5098978555986847
C_ROOKANDPAWNMOVEMENT:0.5098978555986847
C_CENTERCONTROL:0.4551503473645438
C_DEVELOPPIECES:0.5055305182454718
C_MATERIAL:0.45833128501057524
