ELO:1001
CE_PASSEDPAWNS:0.4982442047416114
CE_PAWNWEAKNESSES:0.4983389526148006
CE_PIECEACTIVITY:0.5
CE_KINGPAWNSHIELD:0.5032588896949598
CE_PIECECOORDINATION:0.4933689815816906
CE_MATERIAL:0.5048252680483948
CE_KINGSAFETY:0.5
C_PIECESQUARETABLES:0.5
C_MOBILITY:0.5
C_KINGSAFETY:0.49201750829262314
C_PAWNSTRUCTURE:0.5
C_PIECECOORDINATION:0.500887362085855
C_ROOKANDPAWNMOVEMENT:0.500887362085855
C_CENTERCONTROL:0.5
C_DEVELOPPIECES:0.5105379092729925
C_MATERIAL:0.4909424667863805
C_MOVECOUNT:0.5
