ELO:981
CE_PASSEDPAWNS:0.48574486229112485
CE_PAWNWEAKNESSES:0.5420560687623416
CE_PIECEACTIVITY:0.5037215909402065
CE_KINGPAWNSHIELD:0.5157861703033618
CE_PIECECOORDINATION:0.49303858306466297
CE_MATERIAL:0.47959152558517915
CE_KINGSAFETY:0.5
C_PIECESQUARETABLES:0.5
C_MOBILITY:0.4857340728633006
C_KINGSAFETY:0.5042149466053881
C_PAWNSTRUCTURE:0.49785715567331146
C_PIECECOORDINATION:0.48036182152769463
C_ROOK:0.5477372164773524
CE_ROOK:0.47223245986281115
C_CENTERCONTROL:0.5699278236536848
C_DEVELOPPIECES:0.507849194541683
C_MATERIAL:0.5428078163905543
C_MOVECOUNT:0.5076189304992813
C_PAWNMOVEMENT:0.4799926178745808
