ELO:1000
CE_PASSEDPAWNS:0.4785443668804152
CE_PAWNWEAKNESSES:0.51125926339656
CE_PIECEACTIVITY:0.5081995885251569
CE_KINGPAWNSHIELD:0.531209556608757
CE_PIECECOORDINATION:0.45723837815683155
CE_MATERIAL:0.5126882977395566
CE_KINGSAFETY:0.46516748221081594
C_PIECESQUARETABLES:0.5013190958703967
C_MOBILITY:0.5077151900944239
C_KINGSAFETY:0.4925111397286122
C_PAWNSTRUCTURE:0.4855893305270598
C_PIECECOORDINATION:0.5127759791145098
C_ROOKANDPAWNMOVEMENT:0.5127759791145098
C_CENTERCONTROL:0.47557113708090065
C_DEVELOPPIECES:0.4820082228980002
C_MATERIAL:0.5308519527606012
