ELO:950
CE_PASSEDPAWNS:0.493068916314492
CE_PAWNWEAKNESSES:0.4855611126754779
CE_PIECEACTIVITY:0.518086008878148
CE_KINGPAWNSHIELD:0.4966453931061111
CE_PIECECOORDINATION:0.537675214030633
CE_MATERIAL:0.4865635270008015
CE_KINGSAFETY:0.5053668643042526
C_PIECESQUARETABLES:0.5
C_MOBILITY:0.48927317266273823
C_KINGSAFETY:0.48213598215196707
C_PAWNSTRUCTURE:0.5202643247053934
C_PIECECOORDINATION:0.5083532705153333
C_ROOKANDPAWNMOVEMENT:0.5083532705153333
C_CENTERCONTROL:0.48933212486250705
C_DEVELOPPIECES:0.4811858459160186
C_MATERIAL:0.5
C_MOVECOUNT:0.5
