ELO:996
CE_PASSEDPAWNS:0.5253345835232683
CE_PAWNWEAKNESSES:0.5128889835512717
CE_PIECEACTIVITY:0.5975814565428466
CE_KINGPAWNSHIELD:0.4076561608377238
CE_PIECECOORDINATION:0.5138962178399454
CE_MATERIAL:0.5030403841932721
CE_KINGSAFETY:0.4995613520494817
C_PIECESQUARETABLES:0.5
C_MOBILITY:0.580479941274235
C_KINGSAFETY:0.5020049052841643
C_PAWNSTRUCTURE:0.3974960377332616
C_PIECECOORDINATION:0.5264757932866189
C_ROOKANDPAWNMOVEMENT:0.5264757932866189
C_CENTERCONTROL:0.38825857142064285
C_DEVELOPPIECES:0.5933423053266473
C_MATERIAL:0.6201906658387899
