ELO:849
CE_PASSEDPAWNS:0.5563715541772158
CE_PAWNWEAKNESSES:0.49021429863392674
CE_PIECEACTIVITY:0.4316520769529546
CE_KINGPAWNSHIELD:0.4818428720666585
CE_PIECECOORDINATION:0.6049543409159956
CE_MATERIAL:0.5240350112167893
CE_KINGSAFETY:0.5017030224128525
C_PIECESQUARETABLES:0.5093866609323802
C_MOBILITY:0.5297371484568868
C_KINGSAFETY:0.5096667547693214
C_PAWNSTRUCTURE:0.5000987537915672
C_PIECECOORDINATION:0.5119045088023045
C_ROOKANDPAWNMOVEMENT:0.5119045088023045
C_CENTERCONTROL:0.4855179716322946
C_DEVELOPPIECES:0.4952941898646472
C_MATERIAL:0.5285713200173502
C_MOVECOUNT:0.5
