ELO:1167
CE_PASSEDPAWNS:0.45008266980891753
CE_PAWNWEAKNESSES:0.5983112310713612
CE_PIECEACTIVITY:0.4648097607110585
CE_KINGPAWNSHIELD:0.4774259118591802
CE_PIECECOORDINATION:0.55780761630307
CE_MATERIAL:0.4340882362581037
CE_KINGSAFETY:0.5
C_PIECESQUARETABLES:0.5
C_MOBILITY:0.5164545322600028
C_KINGSAFETY:0.6075490778232138
C_PAWNSTRUCTURE:0.511463886846476
C_PIECECOORDINATION:0.439924668603395
C_ROOKANDPAWNMOVEMENT:0.439924668603395
C_CENTERCONTROL:0.4142805872686891
C_DEVELOPPIECES:0.4161931111231357
C_MATERIAL:0.3706944172583875
