ELO:1136
CE_PASSEDPAWNS:0.442778421640529
CE_PAWNWEAKNESSES:0.5942385255537602
CE_PIECEACTIVITY:0.52293927916037
CE_KINGPAWNSHIELD:0.4774259118591802
CE_PIECECOORDINATION:0.553158209851351
CE_MATERIAL:0.45398262924940724
CE_KINGSAFETY:0.5
C_PIECESQUARETABLES:0.5403406189372523
C_MOBILITY:0.519404274867803
C_KINGSAFETY:0.5076807408223325
C_PAWNSTRUCTURE:0.48283381952740095
C_PIECECOORDINATION:0.48430233874975176
C_ROOKANDPAWNMOVEMENT:0.48430233874975176
C_CENTERCONTROL:0.5859332007127436
C_DEVELOPPIECES:0.5757913049809192
C_MATERIAL:0.4000426418962501
