ELO:911
CE_PASSEDPAWNS:0.5409262406212707
CE_PAWNWEAKNESSES:0.48852576354572613
CE_PIECEACTIVITY:0.42546586392409896
CE_KINGPAWNSHIELD:0.503875995441264
CE_PIECECOORDINATION:0.5916940057445251
CE_MATERIAL:0.5034201045963622
CE_KINGSAFETY:0.5137252113884478
C_PIECESQUARETABLES:0.5283291758426366
C_MOBILITY:0.510275145045159
C_KINGSAFETY:0.5245569469148402
C_PAWNSTRUCTURE:0.5274684423318188
C_PIECECOORDINATION:0.512457980302513
C_ROOKANDPAWNMOVEMENT:0.512457980302513
C_CENTERCONTROL:0.4913843674727679
C_DEVELOPPIECES:0.4854971092630488
C_MATERIAL:0.5039597963235012
C_MOVECOUNT:0.5
