ELO:1037
CE_PASSEDPAWNS:0.5
CE_PAWNWEAKNESSES:0.4985077932849596
CE_PIECEACTIVITY:0.5
CE_KINGPAWNSHIELD:0.5047162307700098
CE_PIECECOORDINATION:0.5
CE_MATERIAL:0.5103181683200032
CE_KINGSAFETY:0.49707348975472593
C_PIECESQUARETABLES:0.5006669939169567
C_MOBILITY:0.5
C_KINGSAFETY:0.49825485867962804
C_PAWNSTRUCTURE:0.5011470648716329
C_PIECECOORDINATION:0.48951668424008193
C_ROOKANDPAWNMOVEMENT:0.48951668424008193
C_CENTERCONTROL:0.47848966709202634
C_DEVELOPPIECES:0.5235709570840859
C_MATERIAL:0.4852131778620921
C_MOVECOUNT:0.5
