ELO:911
CE_PASSEDPAWNS:0.516174943462832
CE_PAWNWEAKNESSES:0.4795848078622154
CE_PIECEACTIVITY:0.47455930594066503
CE_KINGPAWNSHIELD:0.3805162968636915
CE_PIECECOORDINATION:0.45457018135082583
CE_MATERIAL:0.5273572118438336
CE_KINGSAFETY:0.49296831927937734
C_PIECESQUARETABLES:0.4853776910379481
C_MOBILITY:0.5039968476216512
C_KINGSAFETY:0.4008504839916476
C_PAWNSTRUCTURE:0.4238818030312832
C_PIECECOORDINATION:0.5055855951374457
C_ROOKANDPAWNMOVEMENT:0.5055855951374457
C_CENTERCONTROL:0.4551503473645438
C_DEVELOPPIECES:0.5065951264297935
C_MATERIAL:0.45833128501057524
