ELO:1000
CE_PASSEDPAWNS:0.5
CE_PAWNWEAKNESSES:0.5
CE_PIECEACTIVITY:0.5
CE_KINGPAWNSHIELD:0.49948472710319664
CE_PIECECOORDINATION:0.5094186860939625
CE_MATERIAL:0.5
CE_KINGSAFETY:0.5
C_PIECESQUARETABLES:0.4822245912299868
C_MOBILITY:0.5
C_KINGSAFETY:0.4977774034524829
C_PAWNSTRUCTURE:0.5
C_PIECECOORDINATION:0.5
C_ROOK:0.5
CE_ROOK:0.5
C_CENTERCONTROL:0.49964260791617016
C_DEVELOPPIECES:0.49965346938313726
C_MATERIAL:0.5
C_MOVECOUNT:0.49898244939010017
C_PAWNMOVEMENT:0.5
