ELO:1052
CE_PASSEDPAWNS:0.5004505359654201
CE_PAWNWEAKNESSES:0.49361338677041
CE_PIECEACTIVITY:0.5526916365960582
CE_KINGPAWNSHIELD:0.44918568215479415
CE_PIECECOORDINATION:0.5505261515832398
CE_MATERIAL:0.5132186722946585
CE_KINGSAFETY:0.5
C_PIECESQUARETABLES:0.5
C_MOBILITY:0.5700518426439775
C_KINGSAFETY:0.4441960286720526
C_PAWNSTRUCTURE:0.5022631191959361
C_PIECECOORDINATION:0.5550535814284364
C_ROOKANDPAWNMOVEMENT:0.5550535814284364
C_CENTERCONTROL:0.41198366917285323
C_DEVELOPPIECES:0.464799847215276
C_MATERIAL:0.5219994414060783
