ELO:1000
CE_PASSEDPAWNS:0.48076864616885345
CE_PAWNWEAKNESSES:0.5454701646905755
CE_PIECEACTIVITY:0.5356198094053698
CE_KINGPAWNSHIELD:0.502784393512792
CE_PIECECOORDINATION:0.4476602973918122
CE_MATERIAL:0.5202953741180194
CE_KINGSAFETY:0.5152943838462721
C_PIECESQUARETABLES:0.541531004026452
C_MOBILITY:0.5243893401352495
C_KINGSAFETY:0.47114930308354547
C_PAWNSTRUCTURE:0.5060968559262602
C_PIECECOORDINATION:0.5449898870877264
C_ROOKANDPAWNMOVEMENT:0.5449898870877264
C_CENTERCONTROL:0.4679089670735421
C_DEVELOPPIECES:0.48049835262836166
C_MATERIAL:0.5289074077927467
