ELO:1029
CE_PASSEDPAWNS:0.5101194946363452
CE_PAWNWEAKNESSES:0.47932294644130446
CE_PIECEACTIVITY:0.5745876447656832
CE_KINGPAWNSHIELD:0.4912031408551266
CE_PIECECOORDINATION:0.5527307440599564
CE_MATERIAL:0.5233352144254797
CE_KINGSAFETY:0.5048238949456118
C_PIECESQUARETABLES:0.48904270758807505
C_MOBILITY:0.5758621359857178
C_KINGSAFETY:0.5680808715588775
C_PAWNSTRUCTURE:0.4762059315731903
C_PIECECOORDINATION:0.5468504666998617
C_ROOKANDPAWNMOVEMENT:0.5468504666998617
C_CENTERCONTROL:0.4091917803352244
C_DEVELOPPIECES:0.4900813088453915
C_MATERIAL:0.49609867918652717
