ELO:905
CE_PASSEDPAWNS:0.5073782937752466
CE_PAWNWEAKNESSES:0.4397273680826053
CE_PIECEACTIVITY:0.4412173823091485
CE_KINGPAWNSHIELD:0.36417237798486024
CE_PIECECOORDINATION:0.4329495170942861
CE_MATERIAL:0.49406678286216255
CE_KINGSAFETY:0.429954328635646
C_PIECESQUARETABLES:0.473767377741367
C_MOBILITY:0.4247650004955923
C_KINGSAFETY:0.3732569272300013
C_PAWNSTRUCTURE:0.4530679015844568
C_PIECECOORDINATION:0.4649067768021065
C_ROOKANDPAWNMOVEMENT:0.4649067768021065
C_CENTERCONTROL:0.4346160964382426
C_DEVELOPPIECES:0.5149925731172618
C_MATERIAL:0.49645170323094445
