ELO:1035
CE_PASSEDPAWNS:0.48330885562625453
CE_PAWNWEAKNESSES:0.4565510696416432
CE_PIECEACTIVITY:0.5586543987646532
CE_KINGPAWNSHIELD:0.5547478757775055
CE_PIECECOORDINATION:0.49618406244291363
CE_MATERIAL:0.5376942071714466
CE_KINGSAFETY:0.5
C_PIECESQUARETABLES:0.5054636652543019
C_MOBILITY:0.5079418355792498
C_KINGSAFETY:0.5522135599625418
C_PAWNSTRUCTURE:0.5
C_PIECECOORDINATION:0.3700029558353325
C_ROOKANDPAWNMOVEMENT:0.3700029558353325
C_CENTERCONTROL:0.6110289546391422
C_DEVELOPPIECES:0.5367155461120003
C_MATERIAL:0.5171288501257149
C_MOVECOUNT:0.5
