ELO:1000
CE_PASSEDPAWNS:0.4768900693447538
CE_PAWNWEAKNESSES:0.5258389575379683
CE_PIECEACTIVITY:0.5057730056614358
CE_KINGPAWNSHIELD:0.5027697140475641
CE_PIECECOORDINATION:0.504612226557796
CE_MATERIAL:0.5097277095484379
CE_KINGSAFETY:0.4934461044424385
C_PIECESQUARETABLES:0.506209181226637
C_MOBILITY:0.4651438735123231
C_KINGSAFETY:0.550746464710904
C_PAWNSTRUCTURE:0.5019418665367475
C_PIECECOORDINATION:0.5046759158848726
C_ROOKANDPAWNMOVEMENT:0.5046759158848726
C_CENTERCONTROL:0.49181579740806364
C_DEVELOPPIECES:0.5070304097535798
C_MATERIAL:0.436001211515379
