ELO:973
CE_PASSEDPAWNS:0.4699081840432559
CE_PAWNWEAKNESSES:0.5247380808575532
CE_PIECEACTIVITY:0.48085497324568804
CE_KINGPAWNSHIELD:0.4974321564516105
CE_PIECECOORDINATION:0.5147032898950654
CE_MATERIAL:0.5251603251953617
CE_KINGSAFETY:0.5
C_PIECESQUARETABLES:0.5096251789642913
C_MOBILITY:0.5239255687277996
C_KINGSAFETY:0.50407336933774
C_PAWNSTRUCTURE:0.5087106193780543
C_PIECECOORDINATION:0.46355469917352105
C_ROOK:0.5217651458958653
CE_ROOK:0.509523035973491
C_CENTERCONTROL:0.5080701993824503
C_DEVELOPPIECES:0.5064742566859164
C_MATERIAL:0.5177666200642326
C_MOVECOUNT:0.5065683032804218
C_PAWNMOVEMENT:0.4983269845123361
