ELO:993
CE_PASSEDPAWNS:0.5500034315510345
CE_PAWNWEAKNESSES:0.5033454892594479
CE_PIECEACTIVITY:0.4906468102867477
CE_KINGPAWNSHIELD:0.46130209181087306
CE_PIECECOORDINATION:0.5573160672301315
CE_MATERIAL:0.47959152558517915
CE_KINGSAFETY:0.5
C_PIECESQUARETABLES:0.5
C_MOBILITY:0.4893268492745207
C_KINGSAFETY:0.4693255180713696
C_PAWNSTRUCTURE:0.5172307238753212
C_PIECECOORDINATION:0.5147520835346416
C_ROOK:0.4849052009600495
CE_ROOK:0.490586222804463
C_CENTERCONTROL:0.47132817856933606
C_DEVELOPPIECES:0.4980310513068434
C_MATERIAL:0.5064487905226807
C_MOVECOUNT:0.5141809455062772
C_PAWNMOVEMENT:0.5410736285724573
