ELO:953
CE_PASSEDPAWNS:0.5598982177642852
CE_PAWNWEAKNESSES:0.5726841253500474
CE_PIECEACTIVITY:0.5811040078133314
CE_KINGPAWNSHIELD:0.4571775619730631
CE_PIECECOORDINATION:0.4808791629644162
CE_MATERIAL:0.4409225618694184
CE_KINGSAFETY:0.496451502682983
C_PIECESQUARETABLES:0.5
C_MOBILITY:0.5195991901301549
C_KINGSAFETY:0.5403539280556697
C_PAWNSTRUCTURE:0.5274056269409854
C_PIECECOORDINATION:0.544302324053033
C_ROOKANDPAWNMOVEMENT:0.544302324053033
C_CENTERCONTROL:0.49534541620404543
C_DEVELOPPIECES:0.501088411576524
C_MATERIAL:0.495397042526238
