ELO:1000
CE_PASSEDPAWNS:0.5296576362562261
CE_PAWNWEAKNESSES:0.49348576436066866
CE_PIECEACTIVITY:0.5668017475665323
CE_KINGPAWNSHIELD:0.46646297966901595
CE_PIECECOORDINATION:0.49554152259009654
CE_MATERIAL:0.5321278948986063
CE_KINGSAFETY:0.506955966535289
C_PIECESQUARETABLES:0.5104960595062866
C_MOBILITY:0.5242012459309654
C_KINGSAFETY:0.5312038004094792
C_PAWNSTRUCTURE:0.5032884976598964
C_PIECECOORDINATION:0.5113012281460643
C_ROOKANDPAWNMOVEMENT:0.5113012281460643
C_CENTERCONTROL:0.49643645338884257
C_DEVELOPPIECES:0.4623225989375286
C_MATERIAL:0.4824783803877403
