ELO:907
CE_PASSEDPAWNS:0.4426700993769595
CE_PAWNWEAKNESSES:0.5085255285914067
CE_PIECEACTIVITY:0.48134863082057894
CE_KINGPAWNSHIELD:0.4866879371513701
CE_PIECECOORDINATION:0.4900008678149802
CE_MATERIAL:0.4983113730390403
CE_KINGSAFETY:0.5305444634719111
C_PIECESQUARETABLES:0.5060320455711361
C_MOBILITY:0.536206509957501
C_KINGSAFETY:0.4665070896182044
C_PAWNSTRUCTURE:0.5259523312805298
C_PIECECOORDINATION:0.4501054067196615
C_ROOKANDPAWNMOVEMENT:0.4501054067196615
C_CENTERCONTROL:0.48057311221296983
C_DEVELOPPIECES:0.4776634504240075
C_MATERIAL:0.4967685276630468
C_MOVECOUNT:0.5145884786786601
