ELO:960
CE_PASSEDPAWNS:0.491498319472577
CE_PAWNWEAKNESSES:0.465685097633858
CE_PIECEACTIVITY:0.5075219150232363
CE_KINGPAWNSHIELD:0.46319895493206314
CE_PIECECOORDINATION:0.4570036863518042
CE_MATERIAL:0.48447079487529565
CE_KINGSAFETY:0.5
C_PIECESQUARETABLES:0.5163133531909478
C_MOBILITY:0.43835462185896346
C_KINGSAFETY:0.5035952359901219
C_PAWNSTRUCTURE:0.4836210993918031
C_PIECECOORDINATION:0.5220247552981409
C_ROOK:0.5016346445280031
CE_ROOK:0.5155428597481512
C_CENTERCONTROL:0.497495274006006
C_DEVELOPPIECES:0.47552751732783244
C_MATERIAL:0.5317096298450608
C_MOVECOUNT:0.46079216983892113
C_PAWNMOVEMENT:0.5209992356813377
