ELO:986
CE_PASSEDPAWNS:0.506963564324103
CE_PAWNWEAKNESSES:0.48197169006085916
CE_PIECEACTIVITY:0.5112112529423919
CE_KINGPAWNSHIELD:0.5109413709584677
CE_PIECECOORDINATION:0.4906057418488837
CE_MATERIAL:0.5215701252880488
CE_KINGSAFETY:0.4986007979902239
C_PIECESQUARETABLES:0.5033388580246528
C_MOBILITY:0.5189724366842461
C_KINGSAFETY:0.5219896704433621
C_PAWNSTRUCTURE:0.5090804724807344
C_PIECECOORDINATION:0.4583434735661829
C_ROOKANDPAWNMOVEMENT:0.4583434735661829
C_CENTERCONTROL:0.4822699566099372
C_DEVELOPPIECES:0.46609606453959146
C_MATERIAL:0.47428435585284684
C_MOVECOUNT:0.5
