ELO:1019
CE_PASSEDPAWNS:0.493945312361163
CE_PAWNWEAKNESSES:0.511217112820303
CE_PIECEACTIVITY:0.5049515793581552
CE_KINGPAWNSHIELD:0.5
CE_PIECECOORDINATION:0.4911772615236389
CE_MATERIAL:0.4897253856777213
CE_KINGSAFETY:0.5
C_PIECESQUARETABLES:0.5
C_MOBILITY:0.5089196861810564
C_KINGSAFETY:0.4917683856688962
C_PAWNSTRUCTURE:0.49781175755345775
C_PIECECOORDINATION:0.4996562187526191
C_ROOKANDPAWNMOVEMENT:0.4996562187526191
C_CENTERCONTROL:0.5049854755902322
C_DEVELOPPIECES:0.5
C_MATERIAL:0.49186814322868655
C_MOVECOUNT:0.49830773306087817
