ELO:1000
CE_PASSEDPAWNS:0.5126981012505083
CE_PAWNWEAKNESSES:0.45707714097790764
CE_PIECEACTIVITY:0.5676300234475518
CE_KINGPAWNSHIELD:0.472876917717365
CE_PIECECOORDINATION:0.48251571635939416
CE_MATERIAL:0.5391211384351647
CE_KINGSAFETY:0.5138816196304715
C_PIECESQUARETABLES:0.5006719761766152
C_MOBILITY:0.5207727969203724
C_KINGSAFETY:0.5233456642916876
C_PAWNSTRUCTURE:0.4997915858716894
C_PIECECOORDINATION:0.521606659757497
C_ROOKANDPAWNMOVEMENT:0.521606659757497
C_CENTERCONTROL:0.49063140804779465
C_DEVELOPPIECES:0.44139529992472915
C_MATERIAL:0.46537313553746246
