ELO:952
CE_PASSEDPAWNS:0.5598982177642852
CE_PAWNWEAKNESSES:0.5794401408877798
CE_PIECEACTIVITY:0.5811040078133314
CE_KINGPAWNSHIELD:0.4686743485006351
CE_PIECECOORDINATION:0.49066402744645105
CE_MATERIAL:0.4409225618694184
CE_KINGSAFETY:0.496451502682983
C_PIECESQUARETABLES:0.49604108028004484
C_MOBILITY:0.5122116128973742
C_KINGSAFETY:0.5403539280556697
C_PAWNSTRUCTURE:0.5274056269409854
C_PIECECOORDINATION:0.5442349834084266
C_ROOKANDPAWNMOVEMENT:0.5442349834084266
C_CENTERCONTROL:0.49534541620404543
C_DEVELOPPIECES:0.49605609451124755
C_MATERIAL:0.495397042526238
