ELO:961
CE_PASSEDPAWNS:0.5073810493080625
CE_PAWNWEAKNESSES:0.43978728866717093
CE_PIECEACTIVITY:0.5280749110917827
CE_KINGPAWNSHIELD:0.6298690569589019
CE_PIECECOORDINATION:0.4366428840177056
CE_MATERIAL:0.408836337104541
CE_KINGSAFETY:0.4729339556116299
C_PIECESQUARETABLES:0.5013827749062547
C_MOBILITY:0.4928885672018848
C_KINGSAFETY:0.429772498896015
C_PAWNSTRUCTURE:0.6217518567151145
C_PIECECOORDINATION:0.5940449574630327
C_ROOKANDPAWNMOVEMENT:0.5940449574630327
C_CENTERCONTROL:0.5358444197719792
C_DEVELOPPIECES:0.5131348342616242
C_MATERIAL:0.6297152142643776
