ELO:983
CE_PASSEDPAWNS:0.4970880523344248
CE_PAWNWEAKNESSES:0.5188783700300621
CE_PIECEACTIVITY:0.49324897899266346
CE_KINGPAWNSHIELD:0.5087240425061571
CE_PIECECOORDINATION:0.5044574181462871
CE_MATERIAL:0.46012216542355183
CE_KINGSAFETY:0.5127973195179335
C_PIECESQUARETABLES:0.49232070120726795
C_MOBILITY:0.5
C_KINGSAFETY:0.5132740880773897
C_PAWNSTRUCTURE:0.4709576864095082
C_PIECECOORDINATION:0.5
C_ROOKANDPAWNMOVEMENT:0.5
C_CENTERCONTROL:0.5193654628469082
C_DEVELOPPIECES:0.5076791843826205
C_MATERIAL:0.5
C_MOVECOUNT:0.5101522750246889
