ELO:1025
CE_PASSEDPAWNS:0.49123801764200753
CE_PAWNWEAKNESSES:0.4830290334958229
CE_PIECEACTIVITY:0.5
CE_KINGPAWNSHIELD:0.4805844443890286
CE_PIECECOORDINATION:0.5033689571763841
CE_MATERIAL:0.47573243996770176
CE_KINGSAFETY:0.5
C_PIECESQUARETABLES:0.5
C_MOBILITY:0.5055828841124651
C_KINGSAFETY:0.4905170683583908
C_PAWNSTRUCTURE:0.4853907947204858
C_PIECECOORDINATION:0.5118580249290943
C_ROOKANDPAWNMOVEMENT:0.5118580249290943
C_CENTERCONTROL:0.5081150651880167
C_DEVELOPPIECES:0.5075902876192734
C_MATERIAL:0.5
C_MOVECOUNT:0.5183656989516612
