ELO:930
CE_PASSEDPAWNS:0.5873215631928668
CE_PAWNWEAKNESSES:0.467423818456729
CE_PIECEACTIVITY:0.500166739235554
CE_KINGPAWNSHIELD:0.5083343970477506
CE_PIECECOORDINATION:0.5742951021066878
CE_MATERIAL:0.5232515991107118
CE_KINGSAFETY:0.5
C_PIECESQUARETABLES:0.5
C_MOBILITY:0.5099172991867849
C_KINGSAFETY:0.5340574190127672
C_PAWNSTRUCTURE:0.5439663070585833
C_PIECECOORDINATION:0.5651983794514045
C_ROOKANDPAWNMOVEMENT:0.5651983794514045
C_CENTERCONTROL:0.5405474748644074
C_DEVELOPPIECES:0.5111288147144631
C_MATERIAL:0.6480765086317845
