ELO:916
CE_PASSEDPAWNS:0.4842777025930595
CE_PAWNWEAKNESSES:0.5161862498438812
CE_PIECEACTIVITY:0.5361846904679777
CE_KINGPAWNSHIELD:0.48980203207497397
CE_PIECECOORDINATION:0.5031163349370524
CE_MATERIAL:0.4899467225553031
CE_KINGSAFETY:0.5186239320670812
C_PIECESQUARETABLES:0.5
C_MOBILITY:0.4579756952802968
C_KINGSAFETY:0.4929553903394998
C_PAWNSTRUCTURE:0.49890118870897826
C_PIECECOORDINATION:0.5248160380943058
C_ROOKANDPAWNMOVEMENT:0.5248160380943058
C_CENTERCONTROL:0.5824053734117394
C_DEVELOPPIECES:0.4582081931176339
C_MATERIAL:0.5901812577318702
C_MOVECOUNT:0.5
