ELO:951
CE_PASSEDPAWNS:0.5565494621925006
CE_PAWNWEAKNESSES:0.5699217749661233
CE_PIECEACTIVITY:0.5697382572728484
CE_KINGPAWNSHIELD:0.45483380066142254
CE_PIECECOORDINATION:0.4831110068851007
CE_MATERIAL:0.45686921466799535
CE_KINGSAFETY:0.5022615959590419
C_PIECESQUARETABLES:0.4998967420593951
C_MOBILITY:0.5234194836620707
C_KINGSAFETY:0.541766325288127
C_PAWNSTRUCTURE:0.521058103474982
C_PIECECOORDINATION:0.5418658306883982
C_ROOKANDPAWNMOVEMENT:0.5418658306883982
C_CENTERCONTROL:0.5045125345952488
C_DEVELOPPIECES:0.4896749961206099
C_MATERIAL:0.4917078509687559
