ELO:929
CE_PASSEDPAWNS:0.5632331945001695
CE_PAWNWEAKNESSES:0.5643199606319518
CE_PIECEACTIVITY:0.5575674312709827
CE_KINGPAWNSHIELD:0.44867535438333217
CE_PIECECOORDINATION:0.46805724719502334
CE_MATERIAL:0.4552872037839384
CE_KINGSAFETY:0.48705481142384555
C_PIECESQUARETABLES:0.4868524326094546
C_MOBILITY:0.5081745646324
C_KINGSAFETY:0.5259133263061841
C_PAWNSTRUCTURE:0.5218641875718878
C_PIECECOORDINATION:0.5767324060684317
C_ROOKANDPAWNMOVEMENT:0.5767324060684317
C_CENTERCONTROL:0.49855341621755955
C_DEVELOPPIECES:0.4903753524587688
C_MATERIAL:0.5146373742827001
