ELO:987
CE_PASSEDPAWNS:0.46762513462482774
CE_PAWNWEAKNESSES:0.4335841043465429
CE_PIECEACTIVITY:0.5071382570163774
CE_KINGPAWNSHIELD:0.437137501257026
CE_PIECECOORDINATION:0.505703926250014
CE_MATERIAL:0.49735430658636265
CE_KINGSAFETY:0.5
C_PIECESQUARETABLES:0.5
C_MOBILITY:0.5046399608640394
C_KINGSAFETY:0.55846899721255
C_PAWNSTRUCTURE:0.4972323081345645
C_PIECECOORDINATION:0.4859952737174883
C_ROOKANDPAWNMOVEMENT:0.4859952737174883
C_CENTERCONTROL:0.6051999654039842
C_DEVELOPPIECES:0.43685562506617803
C_MATERIAL:0.48735774361741313
C_MOVECOUNT:0.5
