ELO:897
CE_PASSEDPAWNS:0.4980132739315103
CE_PAWNWEAKNESSES:0.4452937683592159
CE_PIECEACTIVITY:0.5240293260103422
CE_KINGPAWNSHIELD:0.47112813674367854
CE_PIECECOORDINATION:0.46496080275580226
CE_MATERIAL:0.5141645196846995
CE_KINGSAFETY:0.4928500979338867
C_PIECESQUARETABLES:0.524737519671688
C_MOBILITY:0.4886733504667299
C_KINGSAFETY:0.46555519414677493
C_PAWNSTRUCTURE:0.4438201173674109
C_PIECECOORDINATION:0.48719017085542266
C_ROOKANDPAWNMOVEMENT:0.48719017085542266
C_CENTERCONTROL:0.5
C_DEVELOPPIECES:0.4775660709381547
C_MATERIAL:0.5552496551110382
C_MOVECOUNT:0.5
