ELO:1000
CE_PASSEDPAWNS:0.4897635077514843
CE_PAWNWEAKNESSES:0.5203161564358866
CE_PIECEACTIVITY:0.49391766776704576
CE_KINGPAWNSHIELD:0.4891264203718049
CE_PIECECOORDINATION:0.5484459103638257
CE_MATERIAL:0.4712462120178722
CE_KINGSAFETY:0.513278139526708
C_PIECESQUARETABLES:0.4800278195949351
C_MOBILITY:0.46053997580804823
C_KINGSAFETY:0.5193459510451508
C_PAWNSTRUCTURE:0.45660669956075794
C_PIECECOORDINATION:0.4932972815686335
C_ROOKANDPAWNMOVEMENT:0.4932972815686335
C_CENTERCONTROL:0.47975348651956345
C_DEVELOPPIECES:0.515993023504827
C_MATERIAL:0.4616021593112227
