ELO:995
CE_PASSEDPAWNS:0.5492354868300756
CE_PAWNWEAKNESSES:0.5542400615315721
CE_PIECEACTIVITY:0.531525657900572
CE_KINGPAWNSHIELD:0.4480222546690499
CE_PIECECOORDINATION:0.4802121688343966
CE_MATERIAL:0.4638585540830908
CE_KINGSAFETY:0.4858218195118775
C_PIECESQUARETABLES:0.48666112175647813
C_MOBILITY:0.4769679567675118
C_KINGSAFETY:0.5586339572509199
C_PAWNSTRUCTURE:0.47273494440472597
C_PIECECOORDINATION:0.5065754627522188
C_ROOKANDPAWNMOVEMENT:0.5065754627522188
C_CENTERCONTROL:0.5325239747429622
C_DEVELOPPIECES:0.46376827119963676
C_MATERIAL:0.5689572136053641
