ELO:1000
CE_PASSEDPAWNS:0.5
CE_PAWNWEAKNESSES:0.5
CE_PIECEACTIVITY:0.5
CE_KINGPAWNSHIELD:0.5014716919605607
CE_PIECECOORDINATION:0.5
CE_MATERIAL:0.5077113577067456
CE_KINGSAFETY:0.5
C_PIECESQUARETABLES:0.5
C_MOBILITY:0.512295950697725
C_KINGSAFETY:0.5
C_PAWNSTRUCTURE:0.4902740403475436
C_PIECECOORDINATION:0.4911606396805537
C_ROOK:0.49984702064261455
CE_ROOK:0.503024806587965
C_CENTERCONTROL:0.5
C_DEVELOPPIECES:0.5
C_MATERIAL:0.5
C_MOVECOUNT:0.5
C_PAWNMOVEMENT:0.5
