ELO:984
CE_PASSEDPAWNS:0.4411444778730365
CE_PAWNWEAKNESSES:0.5178234571243092
CE_PIECEACTIVITY:0.5099769093134577
CE_KINGPAWNSHIELD:0.48538893121664384
CE_PIECECOORDINATION:0.5024697953801938
CE_MATERIAL:0.4960697653908187
CE_KINGSAFETY:0.5
C_PIECESQUARETABLES:0.5
C_MOBILITY:0.46403820464823947
C_KINGSAFETY:0.5277422527022453
C_PAWNSTRUCTURE:0.5050145343450878
C_PIECECOORDINATION:0.5052659934945197
C_ROOKANDPAWNMOVEMENT:0.5052659934945197
C_CENTERCONTROL:0.4919227780953305
C_DEVELOPPIECES:0.5081747834433004
C_MATERIAL:0.5195962055824667
C_MOVECOUNT:0.5087874772638272
