ELO:920
CE_PASSEDPAWNS:0.5450444975924804
CE_PAWNWEAKNESSES:0.5413555012974213
CE_PIECEACTIVITY:0.5
CE_KINGPAWNSHIELD:0.5275902172700427
CE_PIECECOORDINATION:0.5320030022730091
CE_MATERIAL:0.5072057864238907
CE_KINGSAFETY:0.5096303666904216
C_PIECESQUARETABLES:0.5129568649759954
C_MOBILITY:0.4834463289833312
C_KINGSAFETY:0.5034241915608586
C_PAWNSTRUCTURE:0.44624021132609426
C_PIECECOORDINATION:0.5115633963049835
C_ROOKANDPAWNMOVEMENT:0.5115633963049835
C_CENTERCONTROL:0.5016496735516847
C_DEVELOPPIECES:0.5
C_MATERIAL:0.489268350516565
C_MOVECOUNT:0.5
