ELO:993
CE_PASSEDPAWNS:0.4840166767302123
CE_PAWNWEAKNESSES:0.5169002277926662
CE_PIECEACTIVITY:0.48772982724574826
CE_KINGPAWNSHIELD:0.4921611511396422
CE_PIECECOORDINATION:0.5147032898950654
CE_MATERIAL:0.5129343888785571
CE_KINGSAFETY:0.4903582707008128
C_PIECESQUARETABLES:0.504491483399788
C_MOBILITY:0.5258658746035842
C_KINGSAFETY:0.4913991693425295
C_PAWNSTRUCTURE:0.5066339792906686
C_PIECECOORDINATION:0.48329284213948553
C_ROOK:0.5049904141459394
CE_ROOK:0.5122375473996097
C_CENTERCONTROL:0.5132020228656632
C_DEVELOPPIECES:0.5011169264733779
C_MATERIAL:0.5226656135073218
C_MOVECOUNT:0.4928127552658811
C_PAWNMOVEMENT:0.48979077190849085
