ELO:1000
CE_PASSEDPAWNS:0.5109083220955737
CE_PAWNWEAKNESSES:0.5477465337652444
CE_PIECEACTIVITY:0.48468847125654396
CE_KINGPAWNSHIELD:0.4970707963870173
CE_PIECECOORDINATION:0.5123990328606631
CE_MATERIAL:0.49781875220765254
CE_KINGSAFETY:0.5132773321200318
C_PIECESQUARETABLES:0.49694315437988024
C_MOBILITY:0.4183922427863399
C_KINGSAFETY:0.5350553861331714
C_PAWNSTRUCTURE:0.47522808042992887
C_PIECECOORDINATION:0.4574760129407022
C_ROOKANDPAWNMOVEMENT:0.4574760129407022
C_CENTERCONTROL:0.4697710748371492
C_DEVELOPPIECES:0.5016685871622286
C_MATERIAL:0.454431855109424
