ELO:996
CE_PASSEDPAWNS:0.4931920321378747
CE_PAWNWEAKNESSES:0.5169002277926662
CE_PIECEACTIVITY:0.48772982724574826
CE_KINGPAWNSHIELD:0.4921611511396422
CE_PIECECOORDINATION:0.5090131459977999
CE_MATERIAL:0.5129343888785571
CE_KINGSAFETY:0.5
C_PIECESQUARETABLES:0.504491483399788
C_MOBILITY:0.5170614818377846
C_KINGSAFETY:0.48762465482655354
C_PAWNSTRUCTURE:0.5080420044934053
C_PIECECOORDINATION:0.48329284213948553
C_ROOK:0.5049904141459394
CE_ROOK:0.5044931613786433
C_CENTERCONTROL:0.502994296740942
C_DEVELOPPIECES:0.5
C_MATERIAL:0.5226656135073218
C_MOVECOUNT:0.4928127552658811
C_PAWNMOVEMENT:0.48768072461402745
