ELO:960
CE_PASSEDPAWNS:0.42226689240658033
CE_PAWNWEAKNESSES:0.4966856978182647
CE_PIECEACTIVITY:0.5771424957677175
CE_KINGPAWNSHIELD:0.47661359115384916
CE_PIECECOORDINATION:0.4760562681740847
CE_MATERIAL:0.5134756158460999
CE_KINGSAFETY:0.5
C_PIECESQUARETABLES:0.5117083246157611
C_MOBILITY:0.565112247568648
C_KINGSAFETY:0.5415379071271186
C_PAWNSTRUCTURE:0.46560636137390354
C_PIECECOORDINATION:0.5350679296137446
C_ROOKANDPAWNMOVEMENT:0.5350679296137446
C_CENTERCONTROL:0.45860981451034155
C_DEVELOPPIECES:0.40756948833635714
C_MATERIAL:0.47634816349857995
