ELO:967
CE_PASSEDPAWNS:0.5173304896768607
CE_PAWNWEAKNESSES:0.517669905017913
CE_PIECEACTIVITY:0.499130352896729
CE_KINGPAWNSHIELD:0.5039805196206909
CE_PIECECOORDINATION:0.48937886997096847
CE_MATERIAL:0.5227976802820098
CE_KINGSAFETY:0.49072873594014355
C_PIECESQUARETABLES:0.5119533192219712
C_MOBILITY:0.49291534641063794
C_KINGSAFETY:0.4865869767693577
C_PAWNSTRUCTURE:0.4791251126781255
C_PIECECOORDINATION:0.49083829364150156
C_ROOKANDPAWNMOVEMENT:0.49083829364150156
C_CENTERCONTROL:0.4933657724036704
C_DEVELOPPIECES:0.5071828090230065
C_MATERIAL:0.4885001661748207
C_MOVECOUNT:0.5148660074584833
