ELO:944
CE_PASSEDPAWNS:0.5450444975924804
CE_PAWNWEAKNESSES:0.5156489700855283
CE_PIECEACTIVITY:0.4813824418487463
CE_KINGPAWNSHIELD:0.4938709957257921
CE_PIECECOORDINATION:0.4458918445664351
CE_MATERIAL:0.4791956169575396
CE_KINGSAFETY:0.5074100587376366
C_PIECESQUARETABLES:0.539819325114105
C_MOBILITY:0.5017380235225228
C_KINGSAFETY:0.508580037663768
C_PAWNSTRUCTURE:0.5340833201903585
C_PIECECOORDINATION:0.5048085676390203
C_ROOKANDPAWNMOVEMENT:0.5048085676390203
C_CENTERCONTROL:0.4847135073664688
C_DEVELOPPIECES:0.5047140020122113
C_MATERIAL:0.535855412164474
C_MOVECOUNT:0.5
