ELO:987
CE_PASSEDPAWNS:0.5170604873017042
CE_PAWNWEAKNESSES:0.5101043998491279
CE_PIECEACTIVITY:0.5177275300908473
CE_KINGPAWNSHIELD:0.51317697256337
CE_PIECECOORDINATION:0.5058356636316229
CE_MATERIAL:0.5186296025697672
CE_KINGSAFETY:0.5
C_PIECESQUARETABLES:0.5
C_MOBILITY:0.46402282025645547
C_KINGSAFETY:0.5095925340721521
C_PAWNSTRUCTURE:0.496701342524089
C_PIECECOORDINATION:0.5108897887253867
C_ROOK:0.4820950856647504
CE_ROOK:0.518072906126279
C_CENTERCONTROL:0.46592307703464025
C_DEVELOPPIECES:0.47552751732783244
C_MATERIAL:0.4884466459178833
C_MOVECOUNT:0.5032365966270125
C_PAWNMOVEMENT:0.5048344839810038
