ELO:1003
CE_PASSEDPAWNS:0.5065790784845459
CE_PAWNWEAKNESSES:0.5099652199843455
CE_PIECEACTIVITY:0.45467779174442374
CE_KINGPAWNSHIELD:0.5020740837651961
CE_PIECECOORDINATION:0.5095072935218928
CE_MATERIAL:0.49759282398999344
CE_KINGSAFETY:0.5
C_PIECESQUARETABLES:0.5
C_MOBILITY:0.5051101388470695
C_KINGSAFETY:0.6162516380773034
C_PAWNSTRUCTURE:0.5
C_PIECECOORDINATION:0.439524606134099
C_ROOKANDPAWNMOVEMENT:0.439524606134099
C_CENTERCONTROL:0.40737265873548006
C_DEVELOPPIECES:0.39390221496310657
C_MATERIAL:0.4805112615866776
C_MOVECOUNT:0.5
