ELO:1080
CE_PASSEDPAWNS:0.43708844973804234
CE_PAWNWEAKNESSES:0.42935483271371355
CE_PIECEACTIVITY:0.4756069280205615
CE_KINGPAWNSHIELD:0.4497907316796514
CE_PIECECOORDINATION:0.49864583348971686
CE_MATERIAL:0.4748897323895015
CE_KINGSAFETY:0.49815415353631276
C_PIECESQUARETABLES:0.4875104635300849
C_MOBILITY:0.44008382357429754
C_KINGSAFETY:0.4834754797877856
C_PAWNSTRUCTURE:0.4258028188428927
C_PIECECOORDINATION:0.5106753655051756
C_ROOKANDPAWNMOVEMENT:0.5106753655051756
C_CENTERCONTROL:0.49818689214442863
C_DEVELOPPIECES:0.4769438830486617
C_MATERIAL:0.3867473797502261
