ELO:958
CE_PASSEDPAWNS:0.5711107154994277
CE_PAWNWEAKNESSES:0.5697598045101586
CE_PIECEACTIVITY:0.57730253364753
CE_KINGPAWNSHIELD:0.48541225120939907
CE_PIECECOORDINATION:0.49855923580925937
CE_MATERIAL:0.46069393362399563
CE_KINGSAFETY:0.49814706855263935
C_PIECESQUARETABLES:0.4973360604755479
C_MOBILITY:0.5041314995271998
C_KINGSAFETY:0.5525929453136613
C_PAWNSTRUCTURE:0.5162273202413155
C_PIECECOORDINATION:0.5428087810721034
C_ROOKANDPAWNMOVEMENT:0.5428087810721034
C_CENTERCONTROL:0.4743588748313163
C_DEVELOPPIECES:0.5059679646458752
C_MATERIAL:0.495397042526238
