ELO:952
CE_PASSEDPAWNS:0.4466694514468427
CE_PAWNWEAKNESSES:0.5245064933115678
CE_PIECEACTIVITY:0.4857716927952094
CE_KINGPAWNSHIELD:0.48669521552462613
CE_PIECECOORDINATION:0.5129412829384424
CE_MATERIAL:0.5265327823922853
CE_KINGSAFETY:0.49874245886962937
C_PIECESQUARETABLES:0.508441905006481
C_MOBILITY:0.5116470816702964
C_KINGSAFETY:0.5118452013204419
C_PAWNSTRUCTURE:0.5011814491418021
C_PIECECOORDINATION:0.436182950263473
C_ROOK:0.5239756472374377
CE_ROOK:0.5181543562438046
C_CENTERCONTROL:0.5241536183903849
C_DEVELOPPIECES:0.5212627171782674
C_MATERIAL:0.523454472021227
C_MOVECOUNT:0.49780348837404625
C_PAWNMOVEMENT:0.4904507072238859
