ELO:993
CE_PASSEDPAWNS:0.5331141742555783
CE_PAWNWEAKNESSES:0.5125627542928147
CE_PIECEACTIVITY:0.4560029770241395
CE_KINGPAWNSHIELD:0.4800348700179175
CE_PIECECOORDINATION:0.5207082048196396
CE_MATERIAL:0.5305126008560768
CE_KINGSAFETY:0.5
C_PIECESQUARETABLES:0.5
C_MOBILITY:0.4893268492745207
C_KINGSAFETY:0.4796782585905045
C_PAWNSTRUCTURE:0.5172307238753212
C_PIECECOORDINATION:0.5024315682880504
C_ROOK:0.47642326489411346
CE_ROOK:0.5181306469396002
C_CENTERCONTROL:0.4879127187340299
C_DEVELOPPIECES:0.4980310513068434
C_MATERIAL:0.5257175539291469
C_MOVECOUNT:0.4734624778240285
C_PAWNMOVEMENT:0.5003787379197111
