ELO:889
CE_PASSEDPAWNS:0.4699471345551144
CE_PAWNWEAKNESSES:0.40938776152300077
CE_PIECEACTIVITY:0.5991629506113544
CE_KINGPAWNSHIELD:0.45934607455845
CE_PIECECOORDINATION:0.48970011471249586
CE_MATERIAL:0.37343679032404237
CE_KINGSAFETY:0.5097233158241365
C_PIECESQUARETABLES:0.5186807992889848
C_MOBILITY:0.5257004599002748
C_KINGSAFETY:0.40984713171168735
C_PAWNSTRUCTURE:0.43271637705788557
C_PIECECOORDINATION:0.5156989745111636
C_ROOKANDPAWNMOVEMENT:0.5156989745111636
C_CENTERCONTROL:0.4703396192728187
C_DEVELOPPIECES:0.44551097711585713
C_MATERIAL:0.5577548946798262
