ELO:940
CE_PASSEDPAWNS:0.5299524105097282
CE_PAWNWEAKNESSES:0.5050500673047819
CE_PIECEACTIVITY:0.5340432967051356
CE_KINGPAWNSHIELD:0.5114052353874484
CE_PIECECOORDINATION:0.4979023816913061
CE_MATERIAL:0.4937941105942356
CE_KINGSAFETY:0.48263176423752546
C_PIECESQUARETABLES:0.4953138504516972
C_MOBILITY:0.5417296290142424
C_KINGSAFETY:0.4789897408156441
C_PAWNSTRUCTURE:0.4984238535285667
C_PIECECOORDINATION:0.4823165033593982
C_ROOK:0.5236122933486671
CE_ROOK:0.4752347950851039
C_CENTERCONTROL:0.5048341960469803
C_DEVELOPPIECES:0.4894788079901267
C_MATERIAL:0.46016101056634706
C_MOVECOUNT:0.4888417883947264
C_PAWNMOVEMENT:0.5241003005890804
