ELO:658
CE_PASSEDPAWNS:0.5737068100413588
CE_PAWNWEAKNESSES:0.6587760431686747
CE_PIECEACTIVITY:0.5203591443470156
CE_KINGPAWNSHIELD:0.4367938252614189
CE_PIECECOORDINATION:0.5032180375313441
CE_MATERIAL:0.4003129149796626
CE_KINGSAFETY:0.49301915002643304
C_PIECESQUARETABLES:0.5421752044723626
C_MOBILITY:0.40081260788318546
C_KINGSAFETY:0.44560250029161735
C_PAWNSTRUCTURE:0.48502216010179683
C_PIECECOORDINATION:0.5834460990347857
C_ROOKANDPAWNMOVEMENT:0.5834460990347857
C_CENTERCONTROL:0.4751266425022039
C_DEVELOPPIECES:0.5556205660274629
C_MATERIAL:0.48089698658583857
C_MOVECOUNT:0.5
