ELO:873
CE_PASSEDPAWNS:0.47227941951844943
CE_PAWNWEAKNESSES:0.5051398367990829
CE_PIECEACTIVITY:0.5605297297368279
CE_KINGPAWNSHIELD:0.5553964966952418
CE_PIECECOORDINATION:0.530162686139563
CE_MATERIAL:0.5216001051231691
CE_KINGSAFETY:0.5187393394736617
C_PIECESQUARETABLES:0.5745160334355106
C_MOBILITY:0.48902252599885915
C_KINGSAFETY:0.5088182150067334
C_PAWNSTRUCTURE:0.5212249236745828
C_PIECECOORDINATION:0.5038516348128644
C_ROOKANDPAWNMOVEMENT:0.5038516348128644
C_CENTERCONTROL:0.5416860731102209
C_DEVELOPPIECES:0.5120693866500797
C_MATERIAL:0.4531916171774223
C_MOVECOUNT:0.5
