ELO:1000
CE_PASSEDPAWNS:0.5750925767134955
CE_PAWNWEAKNESSES:0.4753335153976568
CE_PIECEACTIVITY:0.4635985610198337
CE_KINGPAWNSHIELD:0.5272626735396034
CE_PIECECOORDINATION:0.453884618120434
CE_MATERIAL:0.6015360310056328
CE_KINGSAFETY:0.4985803271082124
C_PIECESQUARETABLES:0.5014552061708057
C_MOBILITY:0.46965037271655125
C_KINGSAFETY:0.5160038289044913
C_PAWNSTRUCTURE:0.47936750911928877
C_PIECECOORDINATION:0.39645806901895064
C_ROOKANDPAWNMOVEMENT:0.39645806901895064
C_CENTERCONTROL:0.5452668424104673
C_DEVELOPPIECES:0.48124505296695147
C_MATERIAL:0.49268792978026427
