ELO:980
CE_PASSEDPAWNS:0.4631718204781037
CE_PAWNWEAKNESSES:0.5086732238607674
CE_PIECEACTIVITY:0.470102383869818
CE_KINGPAWNSHIELD:0.48801044114110864
CE_PIECECOORDINATION:0.5055202785570788
CE_MATERIAL:0.5145914211101867
CE_KINGSAFETY:0.5
C_PIECESQUARETABLES:0.5
C_MOBILITY:0.4985175239714874
C_KINGSAFETY:0.5033004732886911
C_PAWNSTRUCTURE:0.48606498919558555
C_PIECECOORDINATION:0.4886814572296225
C_ROOK:0.4888640696535103
CE_ROOK:0.4951913255250816
C_CENTERCONTROL:0.5281792933528018
C_DEVELOPPIECES:0.527339437508028
C_MATERIAL:0.47777226664513406
C_MOVECOUNT:0.4963239473344246
C_PAWNMOVEMENT:0.4460946857035773
