ELO:957
CE_PASSEDPAWNS:0.5999173813013255
CE_PAWNWEAKNESSES:0.4627656557487344
CE_PIECEACTIVITY:0.46384200715625923
CE_KINGPAWNSHIELD:0.5056789170763183
CE_PIECECOORDINATION:0.47110722723466464
CE_MATERIAL:0.5455571948829768
CE_KINGSAFETY:0.5022727710580693
C_PIECESQUARETABLES:0.48658866388236216
C_MOBILITY:0.4817825365762811
C_KINGSAFETY:0.45037364225742793
C_PAWNSTRUCTURE:0.5729279575523376
C_PIECECOORDINATION:0.4967665544383411
C_ROOKANDPAWNMOVEMENT:0.4967665544383411
C_CENTERCONTROL:0.4199607141788627
C_DEVELOPPIECES:0.52584979397365
C_MATERIAL:0.5479355409223274
