ELO:994
CE_PASSEDPAWNS:0.5162524822576461
CE_PAWNWEAKNESSES:0.48586349155810005
CE_PIECEACTIVITY:0.5055079705541365
CE_KINGPAWNSHIELD:0.5224832526377359
CE_PIECECOORDINATION:0.5318352147662153
CE_MATERIAL:0.5145914211101867
CE_KINGSAFETY:0.5
C_PIECESQUARETABLES:0.5
C_MOBILITY:0.46905911319043975
C_KINGSAFETY:0.4789751873508483
C_PAWNSTRUCTURE:0.5620975899602835
C_PIECECOORDINATION:0.5256662003269658
C_ROOK:0.5627054007486144
CE_ROOK:0.4939924255204084
C_CENTERCONTROL:0.49566916445545905
C_DEVELOPPIECES:0.4780304899433975
C_MATERIAL:0.5323491725086331
C_MOVECOUNT:0.4301731145270687
C_PAWNMOVEMENT:0.49108945402567095
