ELO:1000
CE_PASSEDPAWNS:0.5097016483318902
CE_PAWNWEAKNESSES:0.5107779325595734
CE_PIECEACTIVITY:0.5174374442255285
CE_KINGPAWNSHIELD:0.5356240615817418
CE_PIECECOORDINATION:0.4491390129238309
CE_MATERIAL:0.5620220998235106
CE_KINGSAFETY:0.4969084679265775
C_PIECESQUARETABLES:0.49332825454071844
C_MOBILITY:0.48547411040569777
C_KINGSAFETY:0.4775176365861456
C_PAWNSTRUCTURE:0.4570337104434622
C_PIECECOORDINATION:0.5254506039151282
C_ROOKANDPAWNMOVEMENT:0.5254506039151282
C_CENTERCONTROL:0.493641116581692
C_DEVELOPPIECES:0.5196882452232129
C_MATERIAL:0.5453633656746595
