ELO:953
CE_PASSEDPAWNS:0.5299524105097282
CE_PAWNWEAKNESSES:0.5050500673047819
CE_PIECEACTIVITY:0.5340432967051356
CE_KINGPAWNSHIELD:0.507188077262719
CE_PIECECOORDINATION:0.4935895248841676
CE_MATERIAL:0.4813851953474704
CE_KINGSAFETY:0.48263176423752546
C_PIECESQUARETABLES:0.5061240897200548
C_MOBILITY:0.5371192986190145
C_KINGSAFETY:0.4789897408156441
C_PAWNSTRUCTURE:0.4928444832737408
C_PIECECOORDINATION:0.4823165033593982
C_ROOK:0.5114235016701404
CE_ROOK:0.4752347950851039
C_CENTERCONTROL:0.5048341960469803
C_DEVELOPPIECES:0.49791256804306183
C_MATERIAL:0.46016101056634706
C_MOVECOUNT:0.4888417883947264
C_PAWNMOVEMENT:0.5213218500480725
