ELO:986
CE_PASSEDPAWNS:0.49668889374318337
CE_PAWNWEAKNESSES:0.48310299098099235
CE_PIECEACTIVITY:0.4899853086808293
CE_KINGPAWNSHIELD:0.4703770352256026
CE_PIECECOORDINATION:0.5056054355609019
CE_MATERIAL:0.5262644990721882
CE_KINGSAFETY:0.5195728606653162
C_PIECESQUARETABLES:0.47459768643831163
C_MOBILITY:0.5393546167303628
C_KINGSAFETY:0.5136668391823476
C_PAWNSTRUCTURE:0.5007591354682749
C_PIECECOORDINATION:0.5175453501247191
C_ROOKANDPAWNMOVEMENT:0.5175453501247191
C_CENTERCONTROL:0.5
C_DEVELOPPIECES:0.5148522730299809
C_MATERIAL:0.4886597584290651
C_MOVECOUNT:0.5
