ELO:962
CE_PASSEDPAWNS:0.49447974394643407
CE_PAWNWEAKNESSES:0.5
CE_PIECEACTIVITY:0.48478063115108383
CE_KINGPAWNSHIELD:0.49817696823670243
CE_PIECECOORDINATION:0.47412020989744136
CE_MATERIAL:0.5160969038324023
CE_KINGSAFETY:0.49188112301264747
C_PIECESQUARETABLES:0.49330405305784447
C_MOBILITY:0.5193045997754983
C_KINGSAFETY:0.5136668391823476
C_PAWNSTRUCTURE:0.5320250077543361
C_PIECECOORDINATION:0.5175453501247191
C_ROOKANDPAWNMOVEMENT:0.5175453501247191
C_CENTERCONTROL:0.5
C_DEVELOPPIECES:0.5148522730299809
C_MATERIAL:0.505667876476108
C_MOVECOUNT:0.5
