ELO:995
CE_PASSEDPAWNS:0.42902940515735305
CE_PAWNWEAKNESSES:0.4886547461374075
CE_PIECEACTIVITY:0.5120251511063144
CE_KINGPAWNSHIELD:0.5108193124067895
CE_PIECECOORDINATION:0.4862675375342236
CE_MATERIAL:0.5145914211101867
CE_KINGSAFETY:0.5
C_PIECESQUARETABLES:0.5
C_MOBILITY:0.5026488487209159
C_KINGSAFETY:0.4789751873508483
C_PAWNSTRUCTURE:0.5071283088989227
C_PIECECOORDINATION:0.5312011434042032
C_ROOK:0.5087179678736831
CE_ROOK:0.48323991166558694
C_CENTERCONTROL:0.5049448884915928
C_DEVELOPPIECES:0.49550618521369744
C_MATERIAL:0.508708589878563
C_MOVECOUNT:0.500043695910943
C_PAWNMOVEMENT:0.49108945402567095
