ELO:998
CE_PASSEDPAWNS:0.5117546217393177
CE_PAWNWEAKNESSES:0.510121178461413
CE_PIECEACTIVITY:0.5144814551124048
CE_KINGPAWNSHIELD:0.5029099643855195
CE_PIECECOORDINATION:0.49304249210288253
CE_MATERIAL:0.49868290920209984
CE_KINGSAFETY:0.5
C_PIECESQUARETABLES:0.5155971285679797
C_MOBILITY:0.5054250376338089
C_KINGSAFETY:0.49465915663913124
C_PAWNSTRUCTURE:0.48736339165738024
C_PIECECOORDINATION:0.5047376353455822
C_ROOK:0.49593774744936014
CE_ROOK:0.48710273972972684
C_CENTERCONTROL:0.4957177028749306
C_DEVELOPPIECES:0.5136167910791419
C_MATERIAL:0.4887756414660431
C_MOVECOUNT:0.483767887382863
C_PAWNMOVEMENT:0.5211510975174088
