ELO:1000
CE_PASSEDPAWNS:0.5494610290759655
CE_PAWNWEAKNESSES:0.49334502287239773
CE_PIECEACTIVITY:0.4591000171643184
CE_KINGPAWNSHIELD:0.535414155204546
CE_PIECECOORDINATION:0.44427978237729326
CE_MATERIAL:0.5938354622751973
CE_KINGSAFETY:0.5
C_PIECESQUARETABLES:0.4894949289732646
C_MOBILITY:0.476954019021064
C_KINGSAFETY:0.5110770926320695
C_PAWNSTRUCTURE:0.49518303345085396
C_PIECECOORDINATION:0.3881487819646705
C_ROOKANDPAWNMOVEMENT:0.3881487819646705
C_CENTERCONTROL:0.5605109604858299
C_DEVELOPPIECES:0.4603774202732626
C_MATERIAL:0.4654624020789461
