ELO:951
CE_PASSEDPAWNS:0.5127273293590646
CE_PAWNWEAKNESSES:0.5014407215998333
CE_PIECEACTIVITY:0.5312254978434675
CE_KINGPAWNSHIELD:0.507188077262719
CE_PIECECOORDINATION:0.48431875134383734
CE_MATERIAL:0.4808123892685907
CE_KINGSAFETY:0.5
C_PIECESQUARETABLES:0.5
C_MOBILITY:0.5371192986190145
C_KINGSAFETY:0.48406163324750484
C_PAWNSTRUCTURE:0.4913577821054203
C_PIECECOORDINATION:0.4902322088171527
C_ROOK:0.5158321531918647
CE_ROOK:0.4725942138657693
C_CENTERCONTROL:0.5102940059729985
C_DEVELOPPIECES:0.48613499761421963
C_MATERIAL:0.46016101056634706
C_MOVECOUNT:0.5014757314964362
C_PAWNMOVEMENT:0.5167365049698831
