ELO:958
CE_PASSEDPAWNS:0.521365442615193
CE_PAWNWEAKNESSES:0.4204781851142729
CE_PIECEACTIVITY:0.5511039317840737
CE_KINGPAWNSHIELD:0.5744038609104246
CE_PIECECOORDINATION:0.4316578083385597
CE_MATERIAL:0.5961132465425197
CE_KINGSAFETY:0.5
C_PIECESQUARETABLES:0.48811898663389325
C_MOBILITY:0.4956862521187812
C_KINGSAFETY:0.48780040490449283
C_PAWNSTRUCTURE:0.4156976256972247
C_PIECECOORDINATION:0.6016215998487334
C_ROOKANDPAWNMOVEMENT:0.6016215998487334
C_CENTERCONTROL:0.5229687578881863
C_DEVELOPPIECES:0.5386692059908068
C_MATERIAL:0.5480547216513463
