ELO:901
CE_PASSEDPAWNS:0.4993687989065306
CE_PAWNWEAKNESSES:0.41480814352145773
CE_PIECEACTIVITY:0.5273810760624016
CE_KINGPAWNSHIELD:0.531446922349917
CE_PIECECOORDINATION:0.533705136823155
CE_MATERIAL:0.402763592214918
CE_KINGSAFETY:0.5
C_PIECESQUARETABLES:0.4953408864733111
C_MOBILITY:0.32020203958763543
C_KINGSAFETY:0.4638785958547814
C_PAWNSTRUCTURE:0.5069139609750105
C_PIECECOORDINATION:0.5363416836822952
C_ROOKANDPAWNMOVEMENT:0.5363416836822952
C_CENTERCONTROL:0.5203961307451501
C_DEVELOPPIECES:0.5903720013759293
C_MATERIAL:0.36930064939078494
