ELO:775
CE_PASSEDPAWNS:0.6743607028442551
CE_PAWNWEAKNESSES:0.5079026723591978
CE_PIECEACTIVITY:0.506944917997167
CE_KINGPAWNSHIELD:0.5380779478147767
CE_PIECECOORDINATION:0.5412105397521524
CE_MATERIAL:0.48359948827348237
CE_KINGSAFETY:0.49641337851512884
C_PIECESQUARETABLES:0.5145716977656494
C_MOBILITY:0.4402216436006602
C_KINGSAFETY:0.5505531885182073
C_PAWNSTRUCTURE:0.46596503702130504
C_PIECECOORDINATION:0.48611574471965235
C_ROOKANDPAWNMOVEMENT:0.48611574471965235
C_CENTERCONTROL:0.6350934574652413
C_DEVELOPPIECES:0.5370642143958068
C_MATERIAL:0.55203838595386
C_MOVECOUNT:0.45594860752361666
