ELO:951
CE_PASSEDPAWNS:0.5243808557769178
CE_PAWNWEAKNESSES:0.5119773479940953
CE_PIECEACTIVITY:0.5312254978434675
CE_KINGPAWNSHIELD:0.507188077262719
CE_PIECECOORDINATION:0.48431875134383734
CE_MATERIAL:0.4808123892685907
CE_KINGSAFETY:0.5
C_PIECESQUARETABLES:0.5
C_MOBILITY:0.5371192986190145
C_KINGSAFETY:0.4839629606196795
C_PAWNSTRUCTURE:0.4929086258182081
C_PIECECOORDINATION:0.4902322088171527
C_ROOK:0.5109822419613129
CE_ROOK:0.4725942138657693
C_CENTERCONTROL:0.5125384498280412
C_DEVELOPPIECES:0.48613499761421963
C_MATERIAL:0.46016101056634706
C_MOVECOUNT:0.5014757314964362
C_PAWNMOVEMENT:0.5167365049698831
