ELO:943
CE_PASSEDPAWNS:0.5380817531014296
CE_PAWNWEAKNESSES:0.4964502033196185
CE_PIECEACTIVITY:0.5144814551124048
CE_KINGPAWNSHIELD:0.5114052353874484
CE_PIECECOORDINATION:0.5012090503991136
CE_MATERIAL:0.4906267466110055
CE_KINGSAFETY:0.49591253448610767
C_PIECESQUARETABLES:0.495706188265796
C_MOBILITY:0.547995751962944
C_KINGSAFETY:0.49558054506060173
C_PAWNSTRUCTURE:0.49277048820115743
C_PIECECOORDINATION:0.4823165033593982
C_ROOK:0.5124660702611642
CE_ROOK:0.4779920945757498
C_CENTERCONTROL:0.510811380063759
C_DEVELOPPIECES:0.5187776618696954
C_MATERIAL:0.47248497921474697
C_MOVECOUNT:0.4888417883947264
C_PAWNMOVEMENT:0.5241003005890804
