ELO:961
CE_PASSEDPAWNS:0.4843746522023848
CE_PAWNWEAKNESSES:0.5000566536468619
CE_PIECEACTIVITY:0.4837946420583226
CE_KINGPAWNSHIELD:0.45709368242584775
CE_PIECECOORDINATION:0.5152676414417384
CE_MATERIAL:0.5177589915602318
CE_KINGSAFETY:0.5
C_PIECESQUARETABLES:0.5
C_MOBILITY:0.4703898728326948
C_KINGSAFETY:0.4726159268658266
C_PAWNSTRUCTURE:0.5008864142489636
C_PIECECOORDINATION:0.5039916537024103
C_ROOK:0.4625219730037499
CE_ROOK:0.49768340217204754
C_CENTERCONTROL:0.5028361694936397
C_DEVELOPPIECES:0.4647401750342283
C_MATERIAL:0.49554108865752133
C_MOVECOUNT:0.549485173588899
C_PAWNMOVEMENT:0.4890726682780991
