ELO:923
CE_PASSEDPAWNS:0.6057899026030426
CE_PAWNWEAKNESSES:0.48899751467942065
CE_PIECEACTIVITY:0.4273396359488718
CE_KINGPAWNSHIELD:0.5514232538777949
CE_PIECECOORDINATION:0.4644317684197603
CE_MATERIAL:0.5109287930566188
CE_KINGSAFETY:0.5064736564906301
C_PIECESQUARETABLES:0.5321902276223414
C_MOBILITY:0.5092268149751975
C_KINGSAFETY:0.47298878629748914
C_PAWNSTRUCTURE:0.5892311108277724
C_PIECECOORDINATION:0.4884919338816615
C_ROOKANDPAWNMOVEMENT:0.4884919338816615
C_CENTERCONTROL:0.38454684946571677
C_DEVELOPPIECES:0.6077881629898567
C_MATERIAL:0.5860859685418648
