ELO:971
CE_PASSEDPAWNS:0.47849894421378614
CE_PAWNWEAKNESSES:0.46083217367190626
CE_PIECEACTIVITY:0.48615544685210815
CE_KINGPAWNSHIELD:0.5254321494707932
CE_PIECECOORDINATION:0.4625336122767113
CE_MATERIAL:0.5005126521659873
CE_KINGSAFETY:0.5272079021905475
C_PIECESQUARETABLES:0.4849131391873346
C_MOBILITY:0.500441037833616
C_KINGSAFETY:0.5416180044687012
C_PAWNSTRUCTURE:0.4943005840257547
C_PIECECOORDINATION:0.47095426634015763
C_ROOKANDPAWNMOVEMENT:0.47095426634015763
C_CENTERCONTROL:0.49455724368554527
C_DEVELOPPIECES:0.4757738969752868
C_MATERIAL:0.5246928014043819
