ELO:852
CE_PASSEDPAWNS:0.4993632221750697
CE_PAWNWEAKNESSES:0.45785717417284943
CE_PIECEACTIVITY:0.5316505812274975
CE_KINGPAWNSHIELD:0.5862901009089306
CE_PIECECOORDINATION:0.5003264789508697
CE_MATERIAL:0.5708106252437003
CE_KINGSAFETY:0.496737183796205
C_PIECESQUARETABLES:0.4827932164161087
C_MOBILITY:0.45686454276278027
C_KINGSAFETY:0.5145819442303421
C_PAWNSTRUCTURE:0.5171687837286997
C_PIECECOORDINATION:0.5066029191204163
C_ROOKANDPAWNMOVEMENT:0.5066029191204163
C_CENTERCONTROL:0.5546429105526642
C_DEVELOPPIECES:0.47114776191208
C_MATERIAL:0.4475174282395607
C_MOVECOUNT:0.5
