ELO:1000
CE_PASSEDPAWNS:0.5423434400209479
CE_PAWNWEAKNESSES:0.48636954090821355
CE_PIECEACTIVITY:0.5002211894836386
CE_KINGPAWNSHIELD:0.48235072094743303
CE_PIECECOORDINATION:0.4740588071612316
CE_MATERIAL:0.5175003047700829
CE_KINGSAFETY:0.4798275940153122
C_PIECESQUARETABLES:0.514886247516778
C_MOBILITY:0.5033926380118726
C_KINGSAFETY:0.5154227086973036
C_PAWNSTRUCTURE:0.5038719027587322
C_PIECECOORDINATION:0.48115069664940185
C_ROOKANDPAWNMOVEMENT:0.48115069664940185
C_CENTERCONTROL:0.5044990733319271
C_DEVELOPPIECES:0.5023583960795038
C_MATERIAL:0.4824179917473196
