ELO:988
CE_PASSEDPAWNS:0.5291608057513574
CE_PAWNWEAKNESSES:0.44292139257843827
CE_PIECEACTIVITY:0.5249992984806386
CE_KINGPAWNSHIELD:0.5665653289143086
CE_PIECECOORDINATION:0.4350895670320448
CE_MATERIAL:0.578890494913584
CE_KINGSAFETY:0.5165815184156918
C_PIECESQUARETABLES:0.5459467914072599
C_MOBILITY:0.49519767173394225
C_KINGSAFETY:0.5303512784969062
C_PAWNSTRUCTURE:0.41373768011883366
C_PIECECOORDINATION:0.5439367354284044
C_ROOKANDPAWNMOVEMENT:0.5439367354284044
C_CENTERCONTROL:0.4995056244444032
C_DEVELOPPIECES:0.49231874817307214
C_MATERIAL:0.5132793063744224
