ELO:962
CE_PASSEDPAWNS:0.489819813016694
CE_PAWNWEAKNESSES:0.45003514588147786
CE_PIECEACTIVITY:0.5439562954770264
CE_KINGPAWNSHIELD:0.5717933768620932
CE_PIECECOORDINATION:0.4300043233745485
CE_MATERIAL:0.5943140067553531
CE_KINGSAFETY:0.5
C_PIECESQUARETABLES:0.4995273666539068
C_MOBILITY:0.47665288095959457
C_KINGSAFETY:0.49457971709170884
C_PAWNSTRUCTURE:0.40056232028428945
C_PIECECOORDINATION:0.5940490732665578
C_ROOKANDPAWNMOVEMENT:0.5940490732665578
C_CENTERCONTROL:0.5150647171283371
C_DEVELOPPIECES:0.5504960228324284
C_MATERIAL:0.5375755755740339
