ELO:974
CE_PASSEDPAWNS:0.43717008630530757
CE_PAWNWEAKNESSES:0.41891702577774964
CE_PIECEACTIVITY:0.5420496205484548
CE_KINGPAWNSHIELD:0.5744642283822456
CE_PIECECOORDINATION:0.41872106697041983
CE_MATERIAL:0.5486242407948642
CE_KINGSAFETY:0.5108265352876245
C_PIECESQUARETABLES:0.5019519241591003
C_MOBILITY:0.5084967028083147
C_KINGSAFETY:0.49789250297052884
C_PAWNSTRUCTURE:0.4115795257469135
C_PIECECOORDINATION:0.5943679481466618
C_ROOKANDPAWNMOVEMENT:0.5943679481466618
C_CENTERCONTROL:0.5374564700419525
C_DEVELOPPIECES:0.5228877034716184
C_MATERIAL:0.5670410009503876
