ELO:845
CE_PASSEDPAWNS:0.4909035427574842
CE_PAWNWEAKNESSES:0.48196718957238277
CE_PIECEACTIVITY:0.5492557775415707
CE_KINGPAWNSHIELD:0.5578846605137622
CE_PIECECOORDINATION:0.5289089139106569
CE_MATERIAL:0.5226433362789533
CE_KINGSAFETY:0.5208043017437891
C_PIECESQUARETABLES:0.550834753958968
C_MOBILITY:0.47752223895579415
C_KINGSAFETY:0.5134692326086524
C_PAWNSTRUCTURE:0.5260508347015921
C_PIECECOORDINATION:0.5044859443952967
C_ROOKANDPAWNMOVEMENT:0.5044859443952967
C_CENTERCONTROL:0.5424557119132285
C_DEVELOPPIECES:0.5248534941311087
C_MATERIAL:0.45805989102735656
C_MOVECOUNT:0.5
