ELO:1000
CE_PASSEDPAWNS:0.4907125500640194
CE_PAWNWEAKNESSES:0.4958031173231698
CE_PIECEACTIVITY:0.49997451854789404
CE_KINGPAWNSHIELD:0.4713635639170268
CE_PIECECOORDINATION:0.4649929578291931
CE_MATERIAL:0.5040960556758881
CE_KINGSAFETY:0.5067307654027063
C_PIECESQUARETABLES:0.49276031424079975
C_MOBILITY:0.46849219174330387
C_KINGSAFETY:0.5195616785729819
C_PAWNSTRUCTURE:0.4827632613474126
C_PIECECOORDINATION:0.5240434767042758
C_ROOKANDPAWNMOVEMENT:0.5240434767042758
C_CENTERCONTROL:0.5007910749497525
C_DEVELOPPIECES:0.5086277559926246
C_MATERIAL:0.5269102413716887
