ELO:952
CE_PASSEDPAWNS:0.4979826445835995
CE_PAWNWEAKNESSES:0.4905838547087047
CE_PIECEACTIVITY:0.5350734011335058
CE_KINGPAWNSHIELD:0.4975325992799426
CE_PIECECOORDINATION:0.5169354915082062
CE_MATERIAL:0.49675458934103334
CE_KINGSAFETY:0.4887841201862804
C_PIECESQUARETABLES:0.4884958971300678
C_MOBILITY:0.5026837488722866
C_KINGSAFETY:0.5115374605005993
C_PAWNSTRUCTURE:0.518702525778476
C_PIECECOORDINATION:0.49093031426192846
C_ROOKANDPAWNMOVEMENT:0.49093031426192846
C_CENTERCONTROL:0.49201783780389413
C_DEVELOPPIECES:0.49249495912424907
C_MATERIAL:0.5358353743665892
C_MOVECOUNT:0.5
