ELO:1000
CE_PASSEDPAWNS:0.48394902192301603
CE_PAWNWEAKNESSES:0.4861775081843312
CE_PIECEACTIVITY:0.5173503406721358
CE_KINGPAWNSHIELD:0.5315256472378287
CE_PIECECOORDINATION:0.44590543014489853
CE_MATERIAL:0.5579448146757744
CE_KINGSAFETY:0.4840299632366458
C_PIECESQUARETABLES:0.48553815538478867
C_MOBILITY:0.483439315545511
C_KINGSAFETY:0.5043162713664598
C_PAWNSTRUCTURE:0.4366842022821306
C_PIECECOORDINATION:0.5382920776881126
C_ROOKANDPAWNMOVEMENT:0.5382920776881126
C_CENTERCONTROL:0.5425303076470089
C_DEVELOPPIECES:0.5062140380326678
C_MATERIAL:0.5235911582316051
