ELO:989
CE_PASSEDPAWNS:0.5457345729423272
CE_PAWNWEAKNESSES:0.48575840199792863
CE_PIECEACTIVITY:0.5256534381721791
CE_KINGPAWNSHIELD:0.5326952424804323
CE_PIECECOORDINATION:0.47304336938833064
CE_MATERIAL:0.5030403841932721
CE_KINGSAFETY:0.505851333155049
C_PIECESQUARETABLES:0.485111293978237
C_MOBILITY:0.580479941274235
C_KINGSAFETY:0.5555396845641076
C_PAWNSTRUCTURE:0.3974960377332616
C_PIECECOORDINATION:0.5350567576815112
C_ROOKANDPAWNMOVEMENT:0.5350567576815112
C_CENTERCONTROL:0.4060117631208773
C_DEVELOPPIECES:0.4377110103735634
C_MATERIAL:0.6234991122067586
