ELO:941
CE_PASSEDPAWNS:0.5380817531014296
CE_PAWNWEAKNESSES:0.5050500673047819
CE_PIECEACTIVITY:0.5144814551124048
CE_KINGPAWNSHIELD:0.5114052353874484
CE_PIECECOORDINATION:0.501785232481172
CE_MATERIAL:0.4906267466110055
CE_KINGSAFETY:0.5
C_PIECESQUARETABLES:0.5074690730790784
C_MOBILITY:0.5539551044821326
C_KINGSAFETY:0.4880196615151254
C_PAWNSTRUCTURE:0.4984238535285667
C_PIECECOORDINATION:0.4823165033593982
C_ROOK:0.5150956533559335
CE_ROOK:0.476993161934539
C_CENTERCONTROL:0.510811380063759
C_DEVELOPPIECES:0.5010152321618399
C_MATERIAL:0.47248497921474697
C_MOVECOUNT:0.4888417883947264
C_PAWNMOVEMENT:0.5241003005890804
