ELO:760
CE_PASSEDPAWNS:0.6028893768028872
CE_PAWNWEAKNESSES:0.6193293248704537
CE_PIECEACTIVITY:0.512485585538484
CE_KINGPAWNSHIELD:0.42532097100565813
CE_PIECECOORDINATION:0.5080505394349879
CE_MATERIAL:0.39721834245423215
CE_KINGSAFETY:0.4818473823227212
C_PIECESQUARETABLES:0.4710705644356194
C_MOBILITY:0.43773763139932165
C_KINGSAFETY:0.4070932615214942
C_PAWNSTRUCTURE:0.48072458536737817
C_PIECECOORDINATION:0.5610796372584463
C_ROOKANDPAWNMOVEMENT:0.5610796372584463
C_CENTERCONTROL:0.46438501529452914
C_DEVELOPPIECES:0.5635831660308598
C_MATERIAL:0.479303808265306
C_MOVECOUNT:0.5013776821844469
