ELO:602
CE_PASSEDPAWNS:0.6660013017633505
CE_PAWNWEAKNESSES:0.5305553025156768
CE_PIECEACTIVITY:0.5064782535058264
CE_KINGPAWNSHIELD:0.49451716600291357
CE_PIECECOORDINATION:0.5553652587397035
CE_MATERIAL:0.41289839878282547
CE_KINGSAFETY:0.4943344621614028
C_PIECESQUARETABLES:0.5154280163519452
C_MOBILITY:0.6061912576531785
C_KINGSAFETY:0.5801580638700374
C_PAWNSTRUCTURE:0.4916140523844699
C_PIECECOORDINATION:0.498635295403946
C_ROOKANDPAWNMOVEMENT:0.498635295403946
C_CENTERCONTROL:0.48851214912992436
C_DEVELOPPIECES:0.5319703650112817
C_MATERIAL:0.52063414641767
C_MOVECOUNT:0.5930182874615825
