ELO:976
CE_PASSEDPAWNS:0.5883427936503526
CE_PAWNWEAKNESSES:0.4583160136421977
CE_PIECEACTIVITY:0.4597656969145205
CE_KINGPAWNSHIELD:0.508742801408981
CE_PIECECOORDINATION:0.47955070824236046
CE_MATERIAL:0.5317245374301868
CE_KINGSAFETY:0.4949100346798196
C_PIECESQUARETABLES:0.5013159209206709
C_MOBILITY:0.4640563411844637
C_KINGSAFETY:0.4341571745029046
C_PAWNSTRUCTURE:0.571206035565603
C_PIECECOORDINATION:0.4870731764287718
C_ROOKANDPAWNMOVEMENT:0.4870731764287718
C_CENTERCONTROL:0.4195989861965462
C_DEVELOPPIECES:0.514908560920315
C_MATERIAL:0.5419121273908518
