ELO:952
CE_PASSEDPAWNS:0.5299524105097282
CE_PAWNWEAKNESSES:0.5014407215998333
CE_PIECEACTIVITY:0.5340432967051356
CE_KINGPAWNSHIELD:0.507188077262719
CE_PIECECOORDINATION:0.48431875134383734
CE_MATERIAL:0.4808123892685907
CE_KINGSAFETY:0.4822003306575973
C_PIECESQUARETABLES:0.5061240897200548
C_MOBILITY:0.5371192986190145
C_KINGSAFETY:0.48406163324750484
C_PAWNSTRUCTURE:0.4928444832737408
C_PIECECOORDINATION:0.4823165033593982
C_ROOK:0.5158321531918647
CE_ROOK:0.4725942138657693
C_CENTERCONTROL:0.5132276738178917
C_DEVELOPPIECES:0.4938540440738293
C_MATERIAL:0.46016101056634706
C_MOVECOUNT:0.49995081699537586
C_PAWNMOVEMENT:0.5250071775282537
