ELO:882
CE_PASSEDPAWNS:0.4974657112144136
CE_PAWNWEAKNESSES:0.5473418176859081
CE_PIECEACTIVITY:0.48315680745239764
CE_KINGPAWNSHIELD:0.48824962058542476
CE_PIECECOORDINATION:0.4967208134283251
CE_MATERIAL:0.5469348635830279
CE_KINGSAFETY:0.5096873324023469
C_PIECESQUARETABLES:0.46817884817924316
C_MOBILITY:0.5257391899085813
C_KINGSAFETY:0.5037967000478591
C_PAWNSTRUCTURE:0.5473609751827192
C_PIECECOORDINATION:0.5958586594709435
C_ROOKANDPAWNMOVEMENT:0.5958586594709435
C_CENTERCONTROL:0.5246113326824694
C_DEVELOPPIECES:0.42002210378592286
C_MATERIAL:0.5360295895984003
C_MOVECOUNT:0.48045617921214584
