ELO:1000
CE_PASSEDPAWNS:0.5124971895436515
CE_PAWNWEAKNESSES:0.49885063386189465
CE_PIECEACTIVITY:0.4946774381657956
CE_KINGPAWNSHIELD:0.48928932404969844
CE_PIECECOORDINATION:0.4906478343342261
CE_MATERIAL:0.5137890776447424
CE_KINGSAFETY:0.48941975041685204
C_PIECESQUARETABLES:0.49693286856522045
C_MOBILITY:0.49783565827143483
C_KINGSAFETY:0.49484989938443813
C_PAWNSTRUCTURE:0.5
C_PIECECOORDINATION:0.4897536997030159
C_ROOKANDPAWNMOVEMENT:0.4897536997030159
C_CENTERCONTROL:0.502164501736623
C_DEVELOPPIECES:0.4958875639619464
C_MATERIAL:0.4860904462530381
