ELO:996
CE_PASSEDPAWNS:0.5253345835232683
CE_PAWNWEAKNESSES:0.44542974891888637
CE_PIECEACTIVITY:0.5975814565428466
CE_KINGPAWNSHIELD:0.48175154984898927
CE_PIECECOORDINATION:0.44538019471221774
CE_MATERIAL:0.5030403841932721
CE_KINGSAFETY:0.4995613520494817
C_PIECESQUARETABLES:0.5171026243315038
C_MOBILITY:0.580479941274235
C_KINGSAFETY:0.5020049052841643
C_PAWNSTRUCTURE:0.5052675946044332
C_PIECECOORDINATION:0.5562674503149065
C_ROOKANDPAWNMOVEMENT:0.5562674503149065
C_CENTERCONTROL:0.3886094360474488
C_DEVELOPPIECES:0.5933423053266473
C_MATERIAL:0.5915764407159134
