ELO:951
CE_PASSEDPAWNS:0.48206782339875826
CE_PAWNWEAKNESSES:0.4107540405597204
CE_PIECEACTIVITY:0.5585159074459488
CE_KINGPAWNSHIELD:0.558774574670483
CE_PIECECOORDINATION:0.41506579076323197
CE_MATERIAL:0.5757614687323145
CE_KINGSAFETY:0.538820194707778
C_PIECESQUARETABLES:0.4966529983390231
C_MOBILITY:0.5085510214845176
C_KINGSAFETY:0.4969482516050201
C_PAWNSTRUCTURE:0.4167065764578747
C_PIECECOORDINATION:0.6030966640866864
C_ROOKANDPAWNMOVEMENT:0.6030966640866864
C_CENTERCONTROL:0.5312644367622137
C_DEVELOPPIECES:0.5506129164808088
C_MATERIAL:0.5481654083880573
