ELO:975
CE_PASSEDPAWNS:0.4862426503958726
CE_PAWNWEAKNESSES:0.5191004419189057
CE_PIECEACTIVITY:0.5311228562622639
CE_KINGPAWNSHIELD:0.4996449419014264
CE_PIECECOORDINATION:0.4987316730169314
CE_MATERIAL:0.5065513185267516
CE_KINGSAFETY:0.5103449564933679
C_PIECESQUARETABLES:0.4986381903129799
C_MOBILITY:0.5029422304859443
C_KINGSAFETY:0.48762720853042923
C_PAWNSTRUCTURE:0.5
C_PIECECOORDINATION:0.5188114143455078
C_ROOK:0.5
CE_ROOK:0.4953160751885587
C_CENTERCONTROL:0.5
C_DEVELOPPIECES:0.5022914282244717
C_MATERIAL:0.5231561989327327
C_MOVECOUNT:0.5101636277805649
C_PAWNMOVEMENT:0.4914443676766895
