ELO:948
CE_PASSEDPAWNS:0.49048820031686774
CE_PAWNWEAKNESSES:0.5261968566461487
CE_PIECEACTIVITY:0.45278602934451884
CE_KINGPAWNSHIELD:0.4652244693209511
CE_PIECECOORDINATION:0.49769157637054234
CE_MATERIAL:0.5152415419752425
CE_KINGSAFETY:0.49565371782128664
C_PIECESQUARETABLES:0.5052838503785109
C_MOBILITY:0.5288472981554347
C_KINGSAFETY:0.5125657544613796
C_PAWNSTRUCTURE:0.4983701785944991
C_PIECECOORDINATION:0.5157733665786961
C_ROOKANDPAWNMOVEMENT:0.5157733665786961
C_CENTERCONTROL:0.4617017963461726
C_DEVELOPPIECES:0.5025076081979383
C_MATERIAL:0.4904423966020113
C_MOVECOUNT:0.5
