ELO:865
CE_PASSEDPAWNS:0.4873996429388338
CE_PAWNWEAKNESSES:0.5114141705145012
CE_PIECEACTIVITY:0.5179059402983596
CE_KINGPAWNSHIELD:0.4960519181789508
CE_PIECECOORDINATION:0.5050355744757457
CE_MATERIAL:0.5524391770738741
CE_KINGSAFETY:0.5066665849845691
C_PIECESQUARETABLES:0.5043716171893762
C_MOBILITY:0.5051347355806776
C_KINGSAFETY:0.49038267541005287
C_PAWNSTRUCTURE:0.5408103737542787
C_PIECECOORDINATION:0.5464532658721044
C_ROOKANDPAWNMOVEMENT:0.5464532658721044
C_CENTERCONTROL:0.5052688561046966
C_DEVELOPPIECES:0.4689501779899361
C_MATERIAL:0.5712513376910905
C_MOVECOUNT:0.4886736109879825
