ELO:951
CE_PASSEDPAWNS:0.5212369789893473
CE_PAWNWEAKNESSES:0.5119773479940953
CE_PIECEACTIVITY:0.5385976127858527
CE_KINGPAWNSHIELD:0.5067198882498647
CE_PIECECOORDINATION:0.48625712058169096
CE_MATERIAL:0.47650264776541
CE_KINGSAFETY:0.4882341201483257
C_PIECESQUARETABLES:0.5
C_MOBILITY:0.5371192986190145
C_KINGSAFETY:0.49018898760546376
C_PAWNSTRUCTURE:0.4899775227368223
C_PIECECOORDINATION:0.4902322088171527
C_ROOK:0.5109822419613129
CE_ROOK:0.4725942138657693
C_CENTERCONTROL:0.5125384498280412
C_DEVELOPPIECES:0.47450410999084564
C_MATERIAL:0.4584033587776653
C_MOVECOUNT:0.4963239473344246
C_PAWNMOVEMENT:0.5178213316423403
