ELO:976
CE_PASSEDPAWNS:0.4631718204781037
CE_PAWNWEAKNESSES:0.4966084900338982
CE_PIECEACTIVITY:0.513548150817312
CE_KINGPAWNSHIELD:0.48801044114110864
CE_PIECECOORDINATION:0.4073481356949236
CE_MATERIAL:0.5345138918916292
CE_KINGSAFETY:0.5
C_PIECESQUARETABLES:0.5
C_MOBILITY:0.4985175239714874
C_KINGSAFETY:0.5149273698185248
C_PAWNSTRUCTURE:0.5288463660580628
C_PIECECOORDINATION:0.5007055499119479
C_ROOK:0.5087179678736831
CE_ROOK:0.47223245986281115
C_CENTERCONTROL:0.5699278236536848
C_DEVELOPPIECES:0.5090476640875852
C_MATERIAL:0.4601701504969134
C_MOVECOUNT:0.500043695910943
C_PAWNMOVEMENT:0.5079455842444253
