ELO:929
CE_PASSEDPAWNS:0.5917474178278558
CE_PAWNWEAKNESSES:0.441049557833973
CE_PIECEACTIVITY:0.4481300182624462
CE_KINGPAWNSHIELD:0.6012515077939358
CE_PIECECOORDINATION:0.5415070592854733
CE_MATERIAL:0.5137940779112078
CE_KINGSAFETY:0.46474793817822013
C_PIECESQUARETABLES:0.5111850015019564
C_MOBILITY:0.54288634379186
C_KINGSAFETY:0.5531143626103897
C_PAWNSTRUCTURE:0.5583770736055781
C_PIECECOORDINATION:0.46077263135407714
C_ROOKANDPAWNMOVEMENT:0.46077263135407714
C_CENTERCONTROL:0.5081744021118557
C_DEVELOPPIECES:0.5256404902961676
C_MATERIAL:0.44558013983975714
