ELO:1000
CE_PASSEDPAWNS:0.5108072362728194
CE_PAWNWEAKNESSES:0.45607294095808404
CE_PIECEACTIVITY:0.4824993625824236
CE_KINGPAWNSHIELD:0.46844198939365667
CE_PIECECOORDINATION:0.4929203539148445
CE_MATERIAL:0.49608227307487796
CE_KINGSAFETY:0.5018426222509743
C_PIECESQUARETABLES:0.5104186127854347
C_MOBILITY:0.5449986232540392
C_KINGSAFETY:0.49559353324865324
C_PAWNSTRUCTURE:0.492090448532828
C_PIECECOORDINATION:0.5299082759055657
C_ROOKANDPAWNMOVEMENT:0.5299082759055657
C_CENTERCONTROL:0.4723079853342599
C_DEVELOPPIECES:0.4929665644233477
C_MATERIAL:0.5284562004080189
