ELO:730
CE_PASSEDPAWNS:0.49007914539794445
CE_PAWNWEAKNESSES:0.4952496680841819
CE_PIECEACTIVITY:0.5177177414086207
CE_KINGPAWNSHIELD:0.3754733534304428
CE_PIECECOORDINATION:0.5612171642004505
CE_MATERIAL:0.5242569213601332
CE_KINGSAFETY:0.6014610879121027
C_PIECESQUARETABLES:0.4975728522143158
C_MOBILITY:0.5055749537545231
C_KINGSAFETY:0.60444481145767
C_PAWNSTRUCTURE:0.5251637062498568
C_PIECECOORDINATION:0.5292228100843637
C_ROOKANDPAWNMOVEMENT:0.5292228100843637
C_CENTERCONTROL:0.4599478798677916
C_DEVELOPPIECES:0.5307129803113467
C_MATERIAL:0.5119455273259824
C_MOVECOUNT:0.5
