ELO:1058
CE_PASSEDPAWNS:0.5057052928312039
CE_PAWNWEAKNESSES:0.49533101367476196
CE_PIECEACTIVITY:0.5124761834480798
CE_KINGPAWNSHIELD:0.5
CE_PIECECOORDINATION:0.5
CE_MATERIAL:0.4826090046800033
CE_KINGSAFETY:0.5000061115719169
C_PIECESQUARETABLES:0.5
C_MOBILITY:0.4941329410856393
C_KINGSAFETY:0.5
C_PAWNSTRUCTURE:0.5
C_PIECECOORDINATION:0.49367868384903024
C_ROOKANDPAWNMOVEMENT:0.49367868384903024
C_CENTERCONTROL:0.4779917360986111
C_DEVELOPPIECES:0.4764948757976499
C_MATERIAL:0.4886539917049975
C_MOVECOUNT:0.5
