ELO:988
CE_PASSEDPAWNS:0.6027673432603754
CE_PAWNWEAKNESSES:0.41893333737760197
CE_PIECEACTIVITY:0.47332730398273837
CE_KINGPAWNSHIELD:0.6100184691236112
CE_PIECECOORDINATION:0.5328414441698431
CE_MATERIAL:0.47948622228426085
CE_KINGSAFETY:0.4984465118548522
C_PIECESQUARETABLES:0.5117022301519116
C_MOBILITY:0.5429350794341898
C_KINGSAFETY:0.549847647290327
C_PAWNSTRUCTURE:0.5869302437319772
C_PIECECOORDINATION:0.4767331368517325
C_ROOKANDPAWNMOVEMENT:0.4767331368517325
C_CENTERCONTROL:0.4903926276563367
C_DEVELOPPIECES:0.5254298420526649
C_MATERIAL:0.4433174434924103
