ELO:970
CE_PASSEDPAWNS:0.5072382679619212
CE_PAWNWEAKNESSES:0.48072295474273175
CE_PIECEACTIVITY:0.521192345141501
CE_KINGPAWNSHIELD:0.5300316987909776
CE_PIECECOORDINATION:0.506288075757778
CE_MATERIAL:0.4619691136600866
CE_KINGSAFETY:0.4894991998020597
C_PIECESQUARETABLES:0.5
C_MOBILITY:0.5074990860156728
C_KINGSAFETY:0.5144573356557942
C_PAWNSTRUCTURE:0.4862249887183408
C_PIECECOORDINATION:0.515693040108613
C_ROOK:0.48384486827735346
CE_ROOK:0.5209059565133983
C_CENTERCONTROL:0.4955127821009631
C_DEVELOPPIECES:0.5251731284352108
C_MATERIAL:0.4716058955832011
C_MOVECOUNT:0.5335345214848664
C_PAWNMOVEMENT:0.5262508283913327
