ELO:984
CE_PASSEDPAWNS:0.4730700606613985
CE_PAWNWEAKNESSES:0.4879609172818937
CE_PIECEACTIVITY:0.5226644283706136
CE_KINGPAWNSHIELD:0.5090138152942529
CE_PIECECOORDINATION:0.5049013904306746
CE_MATERIAL:0.4859103111940411
CE_KINGSAFETY:0.5024222146332215
C_PIECESQUARETABLES:0.5
C_MOBILITY:0.5521939708203509
C_KINGSAFETY:0.4921224934738107
C_PAWNSTRUCTURE:0.4401176020315095
C_PIECECOORDINATION:0.4880812838619977
C_ROOKANDPAWNMOVEMENT:0.4880812838619977
C_CENTERCONTROL:0.44613912997700816
C_DEVELOPPIECES:0.4759368741512134
C_MATERIAL:0.5705921113027499
