ELO:935
CE_PASSEDPAWNS:0.5252918415450304
CE_PAWNWEAKNESSES:0.5388268831089015
CE_PIECEACTIVITY:0.4735588995393232
CE_KINGPAWNSHIELD:0.5300260829094113
CE_PIECECOORDINATION:0.5262175550289753
CE_MATERIAL:0.49220164834999114
CE_KINGSAFETY:0.4992689879284288
C_PIECESQUARETABLES:0.49412946292597837
C_MOBILITY:0.49152586402425524
C_KINGSAFETY:0.4915608742461377
C_PAWNSTRUCTURE:0.49622240639871135
C_PIECECOORDINATION:0.44796994466205486
C_ROOKANDPAWNMOVEMENT:0.44796994466205486
C_CENTERCONTROL:0.48021681245406406
C_DEVELOPPIECES:0.5181778906106231
C_MATERIAL:0.5634132852646974
C_MOVECOUNT:0.5
