ELO:954
CE_PASSEDPAWNS:0.4727375607923224
CE_PAWNWEAKNESSES:0.47438209471318016
CE_PIECEACTIVITY:0.5016959104065999
CE_KINGPAWNSHIELD:0.47734245755465665
CE_PIECECOORDINATION:0.5330719754580784
CE_MATERIAL:0.5244885190469946
CE_KINGSAFETY:0.5111515256375868
C_PIECESQUARETABLES:0.5
C_MOBILITY:0.5654325118116851
C_KINGSAFETY:0.5510145025710675
C_PAWNSTRUCTURE:0.5104079156104118
C_PIECECOORDINATION:0.5143604574223934
C_ROOKANDPAWNMOVEMENT:0.5143604574223934
C_CENTERCONTROL:0.5065178993564863
C_DEVELOPPIECES:0.4918437542598991
C_MATERIAL:0.49069900688394863
C_MOVECOUNT:0.560079567116314
