ELO:991
CE_PASSEDPAWNS:0.5258866662864138
CE_PAWNWEAKNESSES:0.4449176979510626
CE_PIECEACTIVITY:0.5975814565428466
CE_KINGPAWNSHIELD:0.5326952424804323
CE_PIECECOORDINATION:0.6092782055877115
CE_MATERIAL:0.41237886705497595
CE_KINGSAFETY:0.4943291689277528
C_PIECESQUARETABLES:0.4934146784810717
C_MOBILITY:0.6160241770592331
C_KINGSAFETY:0.5945763953024548
C_PAWNSTRUCTURE:0.46760852101748984
C_PIECECOORDINATION:0.6135308168497035
C_ROOKANDPAWNMOVEMENT:0.6135308168497035
C_CENTERCONTROL:0.3628208528192532
C_DEVELOPPIECES:0.426661673821845
C_MATERIAL:0.6234991122067586
