ELO:949
CE_PASSEDPAWNS:0.5132662792808611
CE_PAWNWEAKNESSES:0.4916052136951801
CE_PIECEACTIVITY:0.484838996308682
CE_KINGPAWNSHIELD:0.47351323553165603
CE_PIECECOORDINATION:0.4611711076384246
CE_MATERIAL:0.4787721494206145
CE_KINGSAFETY:0.48630824962283875
C_PIECESQUARETABLES:0.48144009611805255
C_MOBILITY:0.49772483611165674
C_KINGSAFETY:0.5541784084391158
C_PAWNSTRUCTURE:0.5300895927810487
C_PIECECOORDINATION:0.49622876807319405
C_ROOKANDPAWNMOVEMENT:0.49622876807319405
C_CENTERCONTROL:0.46416318475069296
C_DEVELOPPIECES:0.5072277285310824
C_MATERIAL:0.4715402150572163
