ELO:750
CE_PASSEDPAWNS:0.5135130833758331
CE_PAWNWEAKNESSES:0.5184485440042429
CE_PIECEACTIVITY:0.5147486523198707
CE_KINGPAWNSHIELD:0.388110020489682
CE_PIECECOORDINATION:0.5288538760321593
CE_MATERIAL:0.504015106168966
CE_KINGSAFETY:0.5505207908749542
C_PIECESQUARETABLES:0.5223627074596158
C_MOBILITY:0.48381673865805114
C_KINGSAFETY:0.5834520675338825
C_PAWNSTRUCTURE:0.5441002888456463
C_PIECECOORDINATION:0.5497848156493986
C_ROOKANDPAWNMOVEMENT:0.5497848156493986
C_CENTERCONTROL:0.44953110279466624
C_DEVELOPPIECES:0.5200622773485974
C_MATERIAL:0.4767451170893932
C_MOVECOUNT:0.5
