ELO:1000
CE_PASSEDPAWNS:0.4919466848631972
CE_PAWNWEAKNESSES:0.44747926579666397
CE_PIECEACTIVITY:0.5234816332525097
CE_KINGPAWNSHIELD:0.49919219224663564
CE_PIECECOORDINATION:0.5287498602892851
CE_MATERIAL:0.4743345482409788
CE_KINGSAFETY:0.5382676913880617
C_PIECESQUARETABLES:0.5087486656156096
C_MOBILITY:0.558908033325909
C_KINGSAFETY:0.49815544131749834
C_PAWNSTRUCTURE:0.4952797761269706
C_PIECECOORDINATION:0.5402189242863683
C_ROOKANDPAWNMOVEMENT:0.5402189242863683
C_CENTERCONTROL:0.4665418521749304
C_DEVELOPPIECES:0.5071137752012858
C_MATERIAL:0.5712411395518816
