ELO:988
CE_PASSEDPAWNS:0.47389614737415253
CE_PAWNWEAKNESSES:0.47804589850567064
CE_PIECEACTIVITY:0.5248015443706193
CE_KINGPAWNSHIELD:0.5101516350107599
CE_PIECECOORDINATION:0.5092578950845236
CE_MATERIAL:0.4725077779162259
CE_KINGSAFETY:0.5657720362734613
C_PIECESQUARETABLES:0.5392025115282416
C_MOBILITY:0.5625456269254241
C_KINGSAFETY:0.46900750606535324
C_PAWNSTRUCTURE:0.46444995795863475
C_PIECECOORDINATION:0.5058173886494977
C_ROOKANDPAWNMOVEMENT:0.5058173886494977
C_CENTERCONTROL:0.44117783400849014
C_DEVELOPPIECES:0.49111279872509567
C_MATERIAL:0.5490407901386509
