ELO:783
CE_PASSEDPAWNS:0.440011739959231
CE_PAWNWEAKNESSES:0.5897588225192231
CE_PIECEACTIVITY:0.5094698255747365
CE_KINGPAWNSHIELD:0.477208425667172
CE_PIECECOORDINATION:0.5630077127452203
CE_MATERIAL:0.5050002374371556
CE_KINGSAFETY:0.5078891076841802
C_PIECESQUARETABLES:0.49022159775351376
C_MOBILITY:0.47791030234642473
C_KINGSAFETY:0.48949460313761195
C_PAWNSTRUCTURE:0.39873683611058264
C_PIECECOORDINATION:0.4176741428862992
C_ROOKANDPAWNMOVEMENT:0.4176741428862992
C_CENTERCONTROL:0.5434521810710106
C_DEVELOPPIECES:0.45994516492738363
C_MATERIAL:0.4491943351431608
C_MOVECOUNT:0.4869213726921997
