ELO:811
CE_PASSEDPAWNS:0.5244794985804073
CE_PAWNWEAKNESSES:0.47705341211969116
CE_PIECEACTIVITY:0.5157274127518575
CE_KINGPAWNSHIELD:0.438420235204532
CE_PIECECOORDINATION:0.5327225727155861
CE_MATERIAL:0.4688063992685511
CE_KINGSAFETY:0.5305710464745572
C_PIECESQUARETABLES:0.5390677966368028
C_MOBILITY:0.5118113833854234
C_KINGSAFETY:0.5301346820487917
C_PAWNSTRUCTURE:0.5502851966729129
C_PIECECOORDINATION:0.5018424702922305
C_ROOKANDPAWNMOVEMENT:0.5018424702922305
C_CENTERCONTROL:0.4838380542025411
C_DEVELOPPIECES:0.5333543864148104
C_MATERIAL:0.4965723931485775
C_MOVECOUNT:0.5
