ELO:948
CE_PASSEDPAWNS:0.4880713710556421
CE_PAWNWEAKNESSES:0.4784687187776432
CE_PIECEACTIVITY:0.5813276749128391
CE_KINGPAWNSHIELD:0.49651939175115695
CE_PIECECOORDINATION:0.4843346175259211
CE_MATERIAL:0.4802290716931456
CE_KINGSAFETY:0.49352623634876913
C_PIECESQUARETABLES:0.5067707573697587
C_MOBILITY:0.48527016716697524
C_KINGSAFETY:0.5022340546869856
C_PAWNSTRUCTURE:0.5391233065431248
C_PIECECOORDINATION:0.5038240891984772
C_ROOKANDPAWNMOVEMENT:0.5038240891984772
C_CENTERCONTROL:0.49746137110344085
C_DEVELOPPIECES:0.5091392732008129
C_MATERIAL:0.46206735466753973
C_MOVECOUNT:0.507258730217494
