ELO:1025
CE_PASSEDPAWNS:0.5210035801756262
CE_PAWNWEAKNESSES:0.5
CE_PIECEACTIVITY:0.5100257052402923
CE_KINGPAWNSHIELD:0.5031981442928324
CE_PIECECOORDINATION:0.5
CE_MATERIAL:0.4970883793261517
CE_KINGSAFETY:0.5
C_PIECESQUARETABLES:0.5
C_MOBILITY:0.5
C_KINGSAFETY:0.5099013574155133
C_PAWNSTRUCTURE:0.5058243042912726
C_PIECECOORDINATION:0.5
C_ROOKANDPAWNMOVEMENT:0.5
C_CENTERCONTROL:0.4962340349609286
C_DEVELOPPIECES:0.4904940586379896
C_MATERIAL:0.5
C_MOVECOUNT:0.4905184715851881
