ELO:943
CE_PASSEDPAWNS:0.4403901134901771
CE_PAWNWEAKNESSES:0.45269835909101985
CE_PIECEACTIVITY:0.5057736650073488
CE_KINGPAWNSHIELD:0.5151378248114276
CE_PIECECOORDINATION:0.48056519854436897
CE_MATERIAL:0.44087701494755904
CE_KINGSAFETY:0.5384268296730448
C_PIECESQUARETABLES:0.48057328117932807
C_MOBILITY:0.5254528831353135
C_KINGSAFETY:0.5143480580544515
C_PAWNSTRUCTURE:0.4240012286826979
C_PIECECOORDINATION:0.5055188951026177
C_ROOKANDPAWNMOVEMENT:0.5055188951026177
C_CENTERCONTROL:0.4367508380788597
C_DEVELOPPIECES:0.46071737588196254
C_MATERIAL:0.5821115149376928
