ELO:971
CE_PASSEDPAWNS:0.49634326528197986
CE_PAWNWEAKNESSES:0.49058107575943605
CE_PIECEACTIVITY:0.49159688975442234
CE_KINGPAWNSHIELD:0.4805380774845309
CE_PIECECOORDINATION:0.5
CE_MATERIAL:0.5036742746872355
CE_KINGSAFETY:0.4926134511210637
C_PIECESQUARETABLES:0.4935815588181398
C_MOBILITY:0.48341823272698065
C_KINGSAFETY:0.5092094769088645
C_PAWNSTRUCTURE:0.49765028097400354
C_PIECECOORDINATION:0.508361901312888
C_ROOKANDPAWNMOVEMENT:0.508361901312888
C_CENTERCONTROL:0.49803760386869994
C_DEVELOPPIECES:0.5100153506513464
C_MATERIAL:0.5040345106542792
C_MOVECOUNT:0.49386470080501627
