ELO:1000
CE_PASSEDPAWNS:0.5010041062065427
CE_PAWNWEAKNESSES:0.5253989870340402
CE_PIECEACTIVITY:0.5356790840388899
CE_KINGPAWNSHIELD:0.4652465036259689
CE_PIECECOORDINATION:0.4912712552785908
CE_MATERIAL:0.504850362149865
CE_KINGSAFETY:0.4817766007295091
C_PIECESQUARETABLES:0.5134103520178184
C_MOBILITY:0.5149186498756934
C_KINGSAFETY:0.5184847014433344
C_PAWNSTRUCTURE:0.43433104303711134
C_PIECECOORDINATION:0.5350488524363831
C_ROOKANDPAWNMOVEMENT:0.5350488524363831
C_CENTERCONTROL:0.48263659404942666
C_DEVELOPPIECES:0.5130238658902908
C_MATERIAL:0.5156302730453385
