ELO:1000
CE_PASSEDPAWNS:0.5
CE_PAWNWEAKNESSES:0.4965931472348804
CE_PIECEACTIVITY:0.5205168893344092
CE_KINGPAWNSHIELD:0.5118557794036828
CE_PIECECOORDINATION:0.5055724037173659
CE_MATERIAL:0.49000862762568853
CE_KINGSAFETY:0.5
C_PIECESQUARETABLES:0.4782510166867338
C_MOBILITY:0.5032896162473834
C_KINGSAFETY:0.5077401233981095
C_PAWNSTRUCTURE:0.5
C_PIECECOORDINATION:0.5031618297852833
C_ROOK:0.5053070383093584
CE_ROOK:0.511119140402951
C_CENTERCONTROL:0.49715389366949164
C_DEVELOPPIECES:0.5063014006892218
C_MATERIAL:0.4875351272695165
C_MOVECOUNT:0.506377059653524
C_PAWNMOVEMENT:0.5280011239534467
