ELO:739
CE_PASSEDPAWNS:0.554113942332757
CE_PAWNWEAKNESSES:0.4879460744822231
CE_PIECEACTIVITY:0.35783218524531674
CE_KINGPAWNSHIELD:0.526759019423242
CE_PIECECOORDINATION:0.47367073309758506
CE_MATERIAL:0.5056488932423965
CE_KINGSAFETY:0.4746756432124048
C_PIECESQUARETABLES:0.46943467031465336
C_MOBILITY:0.4580388411349004
C_KINGSAFETY:0.4012364771627135
C_PAWNSTRUCTURE:0.49255646610030124
C_PIECECOORDINATION:0.39933527093262705
C_ROOKANDPAWNMOVEMENT:0.39933527093262705
C_CENTERCONTROL:0.4970161978975812
C_DEVELOPPIECES:0.4445069892560391
C_MATERIAL:0.3982099074328396
C_MOVECOUNT:0.4819354991212746
