ELO:1050
CE_PASSEDPAWNS:0.5023579480327411
CE_PAWNWEAKNESSES:0.49113075742544804
CE_PIECEACTIVITY:0.4950679917749116
CE_KINGPAWNSHIELD:0.48223184510465794
CE_PIECECOORDINATION:0.5168347435932953
CE_MATERIAL:0.49862200697369263
CE_KINGSAFETY:0.5
C_PIECESQUARETABLES:0.5
C_MOBILITY:0.5016956584053531
C_KINGSAFETY:0.5088370260498759
C_PAWNSTRUCTURE:0.5
C_PIECECOORDINATION:0.4904458600200605
C_ROOKANDPAWNMOVEMENT:0.4904458600200605
C_CENTERCONTROL:0.5
C_DEVELOPPIECES:0.4810685998775936
C_MATERIAL:0.5005061966695621
C_MOVECOUNT:0.5
