ELO:916
CE_PASSEDPAWNS:0.5309058144046425
CE_PAWNWEAKNESSES:0.46545714106574887
CE_PIECEACTIVITY:0.4706274617352987
CE_KINGPAWNSHIELD:0.4825063042062442
CE_PIECECOORDINATION:0.48246318482108513
CE_MATERIAL:0.4863885774025329
CE_KINGSAFETY:0.5000359024627069
C_PIECESQUARETABLES:0.49166992978344365
C_MOBILITY:0.5003546391463211
C_KINGSAFETY:0.5021871129189519
C_PAWNSTRUCTURE:0.5536854961801817
C_PIECECOORDINATION:0.4812837211970491
C_ROOK:0.4811094230842179
CE_ROOK:0.5308513670227887
C_CENTERCONTROL:0.5204672845884304
C_DEVELOPPIECES:0.4657100569369658
C_MATERIAL:0.5150062677415295
C_MOVECOUNT:0.5369774044409859
C_PAWNMOVEMENT:0.5512705977983421
