ELO:971
CE_PASSEDPAWNS:0.5098521175007609
CE_PAWNWEAKNESSES:0.5069465608358789
CE_PIECEACTIVITY:0.49982864249989384
CE_KINGPAWNSHIELD:0.4878107509504198
CE_PIECECOORDINATION:0.48050846672907793
CE_MATERIAL:0.5043207623370841
CE_KINGSAFETY:0.5211320975068922
C_PIECESQUARETABLES:0.5606186996073055
C_MOBILITY:0.5140530667914559
C_KINGSAFETY:0.5033814870570983
C_PAWNSTRUCTURE:0.5501415376650002
C_PIECECOORDINATION:0.5065864738166949
C_ROOKANDPAWNMOVEMENT:0.5065864738166949
C_CENTERCONTROL:0.5004025383325557
C_DEVELOPPIECES:0.507229728870342
C_MATERIAL:0.4674838279432997
C_MOVECOUNT:0.5340499429591378
