ELO:964
CE_PASSEDPAWNS:0.5378589608837949
CE_PAWNWEAKNESSES:0.45881635910491075
CE_PIECEACTIVITY:0.5115779409087094
CE_KINGPAWNSHIELD:0.5103538013030132
CE_PIECECOORDINATION:0.5165580749212072
CE_MATERIAL:0.44279953568738434
CE_KINGSAFETY:0.49638350048296
C_PIECESQUARETABLES:0.516846023217215
C_MOBILITY:0.47801212288728834
C_KINGSAFETY:0.5344207502843756
C_PAWNSTRUCTURE:0.5184049938222738
C_PIECECOORDINATION:0.5139473781942965
C_ROOK:0.5036816843449275
CE_ROOK:0.5325602794286611
C_CENTERCONTROL:0.494419705327168
C_DEVELOPPIECES:0.4918600498025227
C_MATERIAL:0.4719104888381665
C_MOVECOUNT:0.5299693957698736
C_PAWNMOVEMENT:0.5286946639225005
