ELO:1046
CE_PASSEDPAWNS:0.495026890556735
CE_PAWNWEAKNESSES:0.4895056158049471
CE_PIECEACTIVITY:0.5
CE_KINGPAWNSHIELD:0.5
CE_PIECECOORDINATION:0.4949858313300699
CE_MATERIAL:0.5183149646842176
CE_KINGSAFETY:0.472388987486672
C_PIECESQUARETABLES:0.5
C_MOBILITY:0.5070281603327611
C_KINGSAFETY:0.5081346210831718
C_PAWNSTRUCTURE:0.5
C_PIECECOORDINATION:0.5196996850625291
C_ROOKANDPAWNMOVEMENT:0.5196996850625291
C_CENTERCONTROL:0.4913132514300668
C_DEVELOPPIECES:0.5
C_MATERIAL:0.4892779066874848
C_MOVECOUNT:0.5
