ELO:900
CE_PASSEDPAWNS:0.5236862652891345
CE_PAWNWEAKNESSES:0.5089362064417166
CE_PIECEACTIVITY:0.4764599067401217
CE_KINGPAWNSHIELD:0.47869138051599497
CE_PIECECOORDINATION:0.48758787147986704
CE_MATERIAL:0.46011234344431423
CE_KINGSAFETY:0.4716638685022907
C_PIECESQUARETABLES:0.4869765013264386
C_MOBILITY:0.5088696887365894
C_KINGSAFETY:0.4740616450395431
C_PAWNSTRUCTURE:0.5060685173103618
C_PIECECOORDINATION:0.4638472269207694
C_ROOKANDPAWNMOVEMENT:0.4638472269207694
C_CENTERCONTROL:0.459841272258289
C_DEVELOPPIECES:0.5231575228552876
C_MATERIAL:0.5982412024659456
C_MOVECOUNT:0.5
