ELO:917
CE_PASSEDPAWNS:0.5034547810130086
CE_PAWNWEAKNESSES:0.4874686232917934
CE_PIECEACTIVITY:0.4900420161573014
CE_KINGPAWNSHIELD:0.46095866565647753
CE_PIECECOORDINATION:0.4662529142108732
CE_MATERIAL:0.5152497422789901
CE_KINGSAFETY:0.5008498998425721
C_PIECESQUARETABLES:0.47363205917379647
C_MOBILITY:0.49339406913750405
C_KINGSAFETY:0.5363628611715965
C_PAWNSTRUCTURE:0.5120040958761674
C_PIECECOORDINATION:0.49622876807319405
C_ROOKANDPAWNMOVEMENT:0.49622876807319405
C_CENTERCONTROL:0.45445770354040366
C_DEVELOPPIECES:0.5180658555943876
C_MATERIAL:0.4913772103338647
