ELO:986
CE_PASSEDPAWNS:0.5505633283446041
CE_PAWNWEAKNESSES:0.45149779952161223
CE_PIECEACTIVITY:0.447290105693544
CE_KINGPAWNSHIELD:0.5975914080532374
CE_PIECECOORDINATION:0.4977199686749091
CE_MATERIAL:0.5255211360608034
CE_KINGSAFETY:0.49851718873242734
C_PIECESQUARETABLES:0.49876222351723093
C_MOBILITY:0.5427725427816562
C_KINGSAFETY:0.5681482015815214
C_PAWNSTRUCTURE:0.5347365601488322
C_PIECECOORDINATION:0.44574492227354345
C_ROOKANDPAWNMOVEMENT:0.44574492227354345
C_CENTERCONTROL:0.5182869192716166
C_DEVELOPPIECES:0.5133671757410515
C_MATERIAL:0.48602365809546344
