ELO:1000
CE_PASSEDPAWNS:0.5058398628530949
CE_PAWNWEAKNESSES:0.49349346222085483
CE_PIECEACTIVITY:0.5351910555401987
CE_KINGPAWNSHIELD:0.4944693029858829
CE_PIECECOORDINATION:0.4742495194215076
CE_MATERIAL:0.473441582326183
CE_KINGSAFETY:0.4864572824008457
C_PIECESQUARETABLES:0.5183299039954666
C_MOBILITY:0.49150496946741473
C_KINGSAFETY:0.5014087741923239
C_PAWNSTRUCTURE:0.4689546639868543
C_PIECECOORDINATION:0.5332206247632205
C_ROOKANDPAWNMOVEMENT:0.5332206247632205
C_CENTERCONTROL:0.5356755341700862
C_DEVELOPPIECES:0.4889706186348743
C_MATERIAL:0.4649795224934074
