ELO:961
CE_PASSEDPAWNS:0.5330291256667194
CE_PAWNWEAKNESSES:0.46578596473564066
CE_PIECEACTIVITY:0.5115779409087094
CE_KINGPAWNSHIELD:0.5103538013030132
CE_PIECECOORDINATION:0.5070984190923816
CE_MATERIAL:0.43351248579969454
CE_KINGSAFETY:0.5
C_PIECESQUARETABLES:0.5019199110704775
C_MOBILITY:0.4877687198327297
C_KINGSAFETY:0.5377147580659684
C_PAWNSTRUCTURE:0.523208385394504
C_PIECECOORDINATION:0.5139473781942965
C_ROOK:0.5036816843449275
CE_ROOK:0.5265039473108843
C_CENTERCONTROL:0.494419705327168
C_DEVELOPPIECES:0.4829945057065608
C_MATERIAL:0.47434080003309265
C_MOVECOUNT:0.5461194298416714
C_PAWNMOVEMENT:0.5286946639225005
