ELO:958
CE_PASSEDPAWNS:0.49634326528197986
CE_PAWNWEAKNESSES:0.482779865543818
CE_PIECEACTIVITY:0.49159688975442234
CE_KINGPAWNSHIELD:0.48249705488354266
CE_PIECECOORDINATION:0.5
CE_MATERIAL:0.5036742746872355
CE_KINGSAFETY:0.48215415676163154
C_PIECESQUARETABLES:0.4935815588181398
C_MOBILITY:0.48341823272698065
C_KINGSAFETY:0.5152802117394089
C_PAWNSTRUCTURE:0.49335148205941864
C_PIECECOORDINATION:0.4978626254470455
C_ROOKANDPAWNMOVEMENT:0.4978626254470455
C_CENTERCONTROL:0.5013218407152108
C_DEVELOPPIECES:0.5100153506513464
C_MATERIAL:0.5040345106542792
C_MOVECOUNT:0.49386470080501627
