ELO:1070
CE_PASSEDPAWNS:0.5118932808384188
CE_PAWNWEAKNESSES:0.49113075742544804
CE_PIECEACTIVITY:0.5178956098108074
CE_KINGPAWNSHIELD:0.5
CE_PIECECOORDINATION:0.5168347435932953
CE_MATERIAL:0.5
CE_KINGSAFETY:0.5
C_PIECESQUARETABLES:0.5
C_MOBILITY:0.5016956584053531
C_KINGSAFETY:0.493249725148315
C_PAWNSTRUCTURE:0.4982793359540186
C_PIECECOORDINATION:0.4904458600200605
C_ROOKANDPAWNMOVEMENT:0.4904458600200605
C_CENTERCONTROL:0.506734056407956
C_DEVELOPPIECES:0.5
C_MATERIAL:0.5032593366736479
C_MOVECOUNT:0.48821614248102707
