ELO:1018
CE_PASSEDPAWNS:0.5106875221937323
CE_PAWNWEAKNESSES:0.48898028772105495
CE_PIECEACTIVITY:0.5100257052402923
CE_KINGPAWNSHIELD:0.5095734549071415
CE_PIECECOORDINATION:0.5
CE_MATERIAL:0.5104360105488954
CE_KINGSAFETY:0.5
C_PIECESQUARETABLES:0.5
C_MOBILITY:0.5035589728385048
C_KINGSAFETY:0.5085950348234852
C_PAWNSTRUCTURE:0.5
C_PIECECOORDINATION:0.5023648694298086
C_ROOKANDPAWNMOVEMENT:0.5023648694298086
C_CENTERCONTROL:0.507548870118654
C_DEVELOPPIECES:0.5
C_MATERIAL:0.518934375192306
C_MOVECOUNT:0.5
