ELO:988
CE_PASSEDPAWNS:0.49067937697137165
CE_PAWNWEAKNESSES:0.47804589850567064
CE_PIECEACTIVITY:0.5186505706537046
CE_KINGPAWNSHIELD:0.5056239369769476
CE_PIECECOORDINATION:0.4998870633298631
CE_MATERIAL:0.46781998060846497
CE_KINGSAFETY:0.5464831417759987
C_PIECESQUARETABLES:0.5140889701055288
C_MOBILITY:0.5614474173001364
C_KINGSAFETY:0.4699327176245193
C_PAWNSTRUCTURE:0.47074197677369195
C_PIECECOORDINATION:0.4874934146686369
C_ROOKANDPAWNMOVEMENT:0.4874934146686369
C_CENTERCONTROL:0.4388855504899054
C_DEVELOPPIECES:0.5001507033786986
C_MATERIAL:0.5393648615865284
