ELO:979
CE_PASSEDPAWNS:0.525932487967549
CE_PAWNWEAKNESSES:0.4092206269411832
CE_PIECEACTIVITY:0.46968074655198966
CE_KINGPAWNSHIELD:0.5787995603101215
CE_PIECECOORDINATION:0.5169272688510864
CE_MATERIAL:0.5096231204679224
CE_KINGSAFETY:0.46458669786770934
C_PIECESQUARETABLES:0.46153832523284716
C_MOBILITY:0.5151245688409709
C_KINGSAFETY:0.5481604933445793
C_PAWNSTRUCTURE:0.5369520643637636
C_PIECECOORDINATION:0.4598518139933393
C_ROOKANDPAWNMOVEMENT:0.4598518139933393
C_CENTERCONTROL:0.5093810743606544
C_DEVELOPPIECES:0.48537400881411885
C_MATERIAL:0.5118221605433673
