ELO:851
CE_PASSEDPAWNS:0.5279551246639425
CE_PAWNWEAKNESSES:0.4994607275438708
CE_PIECEACTIVITY:0.4939717087293467
CE_KINGPAWNSHIELD:0.4815086327199198
CE_PIECECOORDINATION:0.47586166376906863
CE_MATERIAL:0.5022872928624437
CE_KINGSAFETY:0.4913837533955465
C_PIECESQUARETABLES:0.4914720012287275
C_MOBILITY:0.5152269049271315
C_KINGSAFETY:0.5088796741417095
C_PAWNSTRUCTURE:0.4947996278269321
C_PIECECOORDINATION:0.5086713578545515
C_ROOKANDPAWNMOVEMENT:0.5086713578545515
C_CENTERCONTROL:0.47040546941939587
C_DEVELOPPIECES:0.5103571582720373
C_MATERIAL:0.4900391150077209
C_MOVECOUNT:0.5
