ELO:1050
CE_PASSEDPAWNS:0.495402705173947
CE_PAWNWEAKNESSES:0.5144552999393877
CE_PIECEACTIVITY:0.5178956098108074
CE_KINGPAWNSHIELD:0.5
CE_PIECECOORDINATION:0.5105961207291952
CE_MATERIAL:0.5152352549471835
CE_KINGSAFETY:0.5
C_PIECESQUARETABLES:0.5
C_MOBILITY:0.5
C_KINGSAFETY:0.4796059267282655
C_PAWNSTRUCTURE:0.5025858469211308
C_PIECECOORDINATION:0.5056858823581891
C_ROOKANDPAWNMOVEMENT:0.5056858823581891
C_CENTERCONTROL:0.5
C_DEVELOPPIECES:0.491347890160957
C_MATERIAL:0.4803492742920708
C_MOVECOUNT:0.5
