ELO:1080
CE_PASSEDPAWNS:0.442778421640529
CE_PAWNWEAKNESSES:0.4745627008817301
CE_PIECEACTIVITY:0.4970041306964131
CE_KINGPAWNSHIELD:0.6153426672630306
CE_PIECECOORDINATION:0.5847460491265243
CE_MATERIAL:0.4546535578871856
CE_KINGSAFETY:0.5
C_PIECESQUARETABLES:0.4907012183208729
C_MOBILITY:0.40055488424779845
C_KINGSAFETY:0.5140418247798192
C_PAWNSTRUCTURE:0.4384484745702199
C_PIECECOORDINATION:0.5065629396983046
C_ROOKANDPAWNMOVEMENT:0.5065629396983046
C_CENTERCONTROL:0.494986408626798
C_DEVELOPPIECES:0.580580956806808
C_MATERIAL:0.407924360249489
