ELO:1000
CE_PASSEDPAWNS:0.48969565609593485
CE_PAWNWEAKNESSES:0.5178792235549085
CE_PIECEACTIVITY:0.5407572349187914
CE_KINGPAWNSHIELD:0.4639574729216056
CE_PIECECOORDINATION:0.4621071040268215
CE_MATERIAL:0.49585735205615494
CE_KINGSAFETY:0.46315166469190305
C_PIECESQUARETABLES:0.5134103520178184
C_MOBILITY:0.5066421198108315
C_KINGSAFETY:0.5184847014433344
C_PAWNSTRUCTURE:0.43916277588320785
C_PIECECOORDINATION:0.5331316496192622
C_ROOKANDPAWNMOVEMENT:0.5331316496192622
C_CENTERCONTROL:0.48263659404942666
C_DEVELOPPIECES:0.4955609475461718
C_MATERIAL:0.5117680422436859
