ELO:972
CE_PASSEDPAWNS:0.5120081496723933
CE_PAWNWEAKNESSES:0.4850297103812257
CE_PIECEACTIVITY:0.521192345141501
CE_KINGPAWNSHIELD:0.5177242177641983
CE_PIECECOORDINATION:0.4969572941404121
CE_MATERIAL:0.46611861122964393
CE_KINGSAFETY:0.48840481732355645
C_PIECESQUARETABLES:0.5
C_MOBILITY:0.5032896162473834
C_KINGSAFETY:0.5159749704483055
C_PAWNSTRUCTURE:0.4878147393111063
C_PIECECOORDINATION:0.48884467225342226
C_ROOK:0.49083876593598935
CE_ROOK:0.5138605386152715
C_CENTERCONTROL:0.5004778856025748
C_DEVELOPPIECES:0.5063014006892218
C_MATERIAL:0.48370538760759685
C_MOVECOUNT:0.5146013946783948
C_PAWNMOVEMENT:0.5196902206874532
