ELO:988
CE_PASSEDPAWNS:0.5
CE_PAWNWEAKNESSES:0.5081210000750528
CE_PIECEACTIVITY:0.5
CE_KINGPAWNSHIELD:0.5070078470928137
CE_PIECECOORDINATION:0.5076270781326306
CE_MATERIAL:0.5
CE_KINGSAFETY:0.5
C_PIECESQUARETABLES:0.5
C_MOBILITY:0.5088458834908922
C_KINGSAFETY:0.5
C_PAWNSTRUCTURE:0.4926397598145692
C_PIECECOORDINATION:0.5
C_ROOKANDPAWNMOVEMENT:0.5
C_CENTERCONTROL:0.5
C_DEVELOPPIECES:0.4964004031824394
C_MATERIAL:0.5111982253492116
C_MOVECOUNT:0.5
