ELO:956
CE_PASSEDPAWNS:0.5148313303266087
CE_PAWNWEAKNESSES:0.4693547419347298
CE_PIECEACTIVITY:0.5314103622519011
CE_KINGPAWNSHIELD:0.5267763970534051
CE_PIECECOORDINATION:0.5113165844947826
CE_MATERIAL:0.448159182435371
CE_KINGSAFETY:0.5002126708073792
C_PIECESQUARETABLES:0.5
C_MOBILITY:0.48587229070819743
C_KINGSAFETY:0.5307300054966071
C_PAWNSTRUCTURE:0.5020871704387102
C_PIECECOORDINATION:0.504929448736283
C_ROOK:0.5015136508692422
CE_ROOK:0.5227997918039188
C_CENTERCONTROL:0.5069099640577822
C_DEVELOPPIECES:0.509133762166004
C_MATERIAL:0.48417661012966584
C_MOVECOUNT:0.5180587220162806
C_PAWNMOVEMENT:0.5405718120850553
