ELO:947
CE_PASSEDPAWNS:0.39101066092797127
CE_PAWNWEAKNESSES:0.46433825312858107
CE_PIECEACTIVITY:0.5146531230236365
CE_KINGPAWNSHIELD:0.538443150969955
CE_PIECECOORDINATION:0.3802900726754105
CE_MATERIAL:0.4522990067916588
CE_KINGSAFETY:0.5170882148898303
C_PIECESQUARETABLES:0.5128036521289899
C_MOBILITY:0.3472827379170966
C_KINGSAFETY:0.45909114749370983
C_PAWNSTRUCTURE:0.4619428365786968
C_PIECECOORDINATION:0.49481266204964397
C_ROOKANDPAWNMOVEMENT:0.49481266204964397
C_CENTERCONTROL:0.4632680197491836
C_DEVELOPPIECES:0.5238177716357383
C_MATERIAL:0.4349029573317579
