ELO:1005
CE_PASSEDPAWNS:0.49908747445169216
CE_PAWNWEAKNESSES:0.5080464978573505
CE_PIECEACTIVITY:0.49979297974660813
CE_KINGPAWNSHIELD:0.4861508242612122
CE_PIECECOORDINATION:0.5068844194149827
CE_MATERIAL:0.5009341789427034
CE_KINGSAFETY:0.4923730613068641
C_PIECESQUARETABLES:0.5057111797760101
C_MOBILITY:0.49554319915617384
C_KINGSAFETY:0.49742876235793043
C_PAWNSTRUCTURE:0.5089830359325263
C_PIECECOORDINATION:0.5
C_ROOKANDPAWNMOVEMENT:0.5
C_CENTERCONTROL:0.4985558361800808
C_DEVELOPPIECES:0.4932721190180447
C_MATERIAL:0.5108404209443546
C_MOVECOUNT:0.5
