ELO:963
CE_PASSEDPAWNS:0.45735689872084084
CE_PAWNWEAKNESSES:0.46603040355239017
CE_PIECEACTIVITY:0.5126465058741766
CE_KINGPAWNSHIELD:0.5174966538090193
CE_PIECECOORDINATION:0.4726671590037821
CE_MATERIAL:0.4756548020962009
CE_KINGSAFETY:0.4963232764950252
C_PIECESQUARETABLES:0.4994380531659025
C_MOBILITY:0.5370592754640549
C_KINGSAFETY:0.499727126826777
C_PAWNSTRUCTURE:0.4141372549580659
C_PIECECOORDINATION:0.5035000164208988
C_ROOKANDPAWNMOVEMENT:0.5035000164208988
C_CENTERCONTROL:0.44943003476252197
C_DEVELOPPIECES:0.4474505713154219
C_MATERIAL:0.5691284689259015
