ELO:952
CE_PASSEDPAWNS:0.4481083882216069
CE_PAWNWEAKNESSES:0.45643382704242236
CE_PIECEACTIVITY:0.521279021107126
CE_KINGPAWNSHIELD:0.5058189104361115
CE_PIECECOORDINATION:0.5091758404519247
CE_MATERIAL:0.4373934355213801
CE_KINGSAFETY:0.4893175528298294
C_PIECESQUARETABLES:0.5069756856014827
C_MOBILITY:0.5302564151071227
C_KINGSAFETY:0.5037346005164113
C_PAWNSTRUCTURE:0.388412712650217
C_PIECECOORDINATION:0.5003680152166696
C_ROOKANDPAWNMOVEMENT:0.5003680152166696
C_CENTERCONTROL:0.4299590209126802
C_DEVELOPPIECES:0.45140469676298767
C_MATERIAL:0.577254901941118
