ELO:804
CE_PASSEDPAWNS:0.5040610809417652
CE_PAWNWEAKNESSES:0.4937043542003857
CE_PIECEACTIVITY:0.47701140389942537
CE_KINGPAWNSHIELD:0.4879239319843681
CE_PIECECOORDINATION:0.4920674982577382
CE_MATERIAL:0.48444542591423506
CE_KINGSAFETY:0.4739324358623423
C_PIECESQUARETABLES:0.48429612273743483
C_MOBILITY:0.5356180936987305
C_KINGSAFETY:0.5208122870974052
C_PAWNSTRUCTURE:0.4572594420518302
C_PIECECOORDINATION:0.44458607850390364
C_ROOKANDPAWNMOVEMENT:0.44458607850390364
C_CENTERCONTROL:0.5809710231468418
C_DEVELOPPIECES:0.5326733011213728
C_MATERIAL:0.4919243959029927
C_MOVECOUNT:0.513112027906592
