ELO:1011
CE_PASSEDPAWNS:0.5981554335482206
CE_PAWNWEAKNESSES:0.508938875562495
CE_PIECEACTIVITY:0.5110569841214299
CE_KINGPAWNSHIELD:0.5605637661595325
CE_PIECECOORDINATION:0.44662051692287463
CE_MATERIAL:0.5409842548669485
CE_KINGSAFETY:0.5
C_PIECESQUARETABLES:0.5645836662117918
C_MOBILITY:0.4348730688872072
C_KINGSAFETY:0.6210949498133225
C_PAWNSTRUCTURE:0.5203477104118279
C_PIECECOORDINATION:0.4395873130572794
C_ROOKANDPAWNMOVEMENT:0.4395873130572794
C_CENTERCONTROL:0.5185626244835413
C_DEVELOPPIECES:0.5054152146519241
C_MATERIAL:0.43355800556986346
