ELO:900
CE_PASSEDPAWNS:0.46306369279035675
CE_PAWNWEAKNESSES:0.5136584091367072
CE_PIECEACTIVITY:0.5449685168775076
CE_KINGPAWNSHIELD:0.4759980559647806
CE_PIECECOORDINATION:0.524347905408968
CE_MATERIAL:0.5090066611445095
CE_KINGSAFETY:0.511968362392176
C_PIECESQUARETABLES:0.5087670942618874
C_MOBILITY:0.4733967930841391
C_KINGSAFETY:0.4434830364545859
C_PAWNSTRUCTURE:0.44611025176858915
C_PIECECOORDINATION:0.5094474078259318
C_ROOKANDPAWNMOVEMENT:0.5094474078259318
C_CENTERCONTROL:0.47069101362846777
C_DEVELOPPIECES:0.5351287249019198
C_MATERIAL:0.45275852517872517
C_MOVECOUNT:0.5437758947004369
