ELO:902
CE_PASSEDPAWNS:0.4925106215823508
CE_PAWNWEAKNESSES:0.5226466811640486
CE_PIECEACTIVITY:0.5128637332350678
CE_KINGPAWNSHIELD:0.5188581411168451
CE_PIECECOORDINATION:0.4829595075144462
CE_MATERIAL:0.49286311001197436
CE_KINGSAFETY:0.47051723422429564
C_PIECESQUARETABLES:0.539416917245632
C_MOBILITY:0.4369802348459399
C_KINGSAFETY:0.5015549088486105
C_PAWNSTRUCTURE:0.516689824454032
C_PIECECOORDINATION:0.47090283644489245
C_ROOKANDPAWNMOVEMENT:0.47090283644489245
C_CENTERCONTROL:0.5254860987248479
C_DEVELOPPIECES:0.4631010343361888
C_MATERIAL:0.49497298345231405
C_MOVECOUNT:0.5
