ELO:1023
CE_PASSEDPAWNS:0.5103645188137806
CE_PAWNWEAKNESSES:0.5070295224989054
CE_PIECEACTIVITY:0.5047139984031866
CE_KINGPAWNSHIELD:0.4970288219113497
CE_PIECECOORDINATION:0.49756185016277316
CE_MATERIAL:0.5169957844604913
CE_KINGSAFETY:0.5
C_PIECESQUARETABLES:0.5
C_MOBILITY:0.48183786080962987
C_KINGSAFETY:0.5054302180823947
C_PAWNSTRUCTURE:0.49684653182945093
C_PIECECOORDINATION:0.5088834782156937
C_ROOK:0.4784710806988522
CE_ROOK:0.5065067117715811
C_CENTERCONTROL:0.502279832947676
C_DEVELOPPIECES:0.5098361739591123
C_MATERIAL:0.5169640389670006
C_MOVECOUNT:0.49683841815212487
C_PAWNMOVEMENT:0.5248083707293063
