ELO:789
CE_PASSEDPAWNS:0.48344587671934075
CE_PAWNWEAKNESSES:0.5598628236614983
CE_PIECEACTIVITY:0.4901466150462483
CE_KINGPAWNSHIELD:0.4744457011911034
CE_PIECECOORDINATION:0.37827240907357773
CE_MATERIAL:0.5068331002372147
CE_KINGSAFETY:0.5
C_PIECESQUARETABLES:0.5
C_MOBILITY:0.5424274555822843
C_KINGSAFETY:0.4708487350001561
C_PAWNSTRUCTURE:0.4950986346591711
C_PIECECOORDINATION:0.5096448804990338
C_ROOKANDPAWNMOVEMENT:0.5096448804990338
C_CENTERCONTROL:0.4284579420703399
C_DEVELOPPIECES:0.4748351482216487
C_MATERIAL:0.489823697381391
C_MOVECOUNT:0.5
