ELO:1030
CE_PASSEDPAWNS:0.5034507561763385
CE_PAWNWEAKNESSES:0.5008540239106584
CE_PIECEACTIVITY:0.49556685037013515
CE_KINGPAWNSHIELD:0.4757421956346314
CE_PIECECOORDINATION:0.5042780734726124
CE_MATERIAL:0.5
CE_KINGSAFETY:0.5
C_PIECESQUARETABLES:0.5
C_MOBILITY:0.5009841491690321
C_KINGSAFETY:0.5054302180823947
C_PAWNSTRUCTURE:0.5084365287501169
C_PIECECOORDINATION:0.5183136091662264
C_ROOK:0.46269784353553245
CE_ROOK:0.4846549070409977
C_CENTERCONTROL:0.5093481988600143
C_DEVELOPPIECES:0.5098361739591123
C_MATERIAL:0.5127653659151674
C_MOVECOUNT:0.4727038447097598
C_PAWNMOVEMENT:0.4992795389654028
