ELO:1000
CE_PASSEDPAWNS:0.49944693125505485
CE_PAWNWEAKNESSES:0.5113282197101948
CE_PIECEACTIVITY:0.4907875236017669
CE_KINGPAWNSHIELD:0.5191143587652083
CE_PIECECOORDINATION:0.49349309591941815
CE_MATERIAL:0.5243147425063552
CE_KINGSAFETY:0.484574030235745
C_PIECESQUARETABLES:0.5149153572281852
C_MOBILITY:0.5110654663905526
C_KINGSAFETY:0.5153537373760922
C_PAWNSTRUCTURE:0.5022861880985771
C_PIECECOORDINATION:0.49367936242433674
C_ROOKANDPAWNMOVEMENT:0.49367936242433674
C_CENTERCONTROL:0.5067366935626472
C_DEVELOPPIECES:0.5060162189051128
C_MATERIAL:0.50443379779448
