ELO:1006
CE_PASSEDPAWNS:0.4657748746249668
CE_PAWNWEAKNESSES:0.49372202979041524
CE_PIECEACTIVITY:0.4558394111217757
CE_KINGPAWNSHIELD:0.4568923710069997
CE_PIECECOORDINATION:0.5012824860565888
CE_MATERIAL:0.5127036391825971
CE_KINGSAFETY:0.5153704260971588
C_PIECESQUARETABLES:0.4947082855214171
C_MOBILITY:0.5535235923521863
C_KINGSAFETY:0.6060970316166361
C_PAWNSTRUCTURE:0.45787070769707966
C_PIECECOORDINATION:0.5466848770868835
C_ROOKANDPAWNMOVEMENT:0.5466848770868835
C_CENTERCONTROL:0.42275193738735534
C_DEVELOPPIECES:0.5593118103770126
C_MATERIAL:0.5130831425801439
