ELO:1040
CE_PASSEDPAWNS:0.5
CE_PAWNWEAKNESSES:0.5195716976273007
CE_PIECEACTIVITY:0.530070633116429
CE_KINGPAWNSHIELD:0.5007371787734637
CE_PIECECOORDINATION:0.5231004650816856
CE_MATERIAL:0.5045228684273555
CE_KINGSAFETY:0.5
C_PIECESQUARETABLES:0.5
C_MOBILITY:0.5170970209675061
C_KINGSAFETY:0.5
C_PAWNSTRUCTURE:0.5
C_PIECECOORDINATION:0.5323051446557503
C_ROOK:0.5061548351338214
CE_ROOK:0.4967430384803549
C_CENTERCONTROL:0.4925706165565375
C_DEVELOPPIECES:0.4786169769470885
C_MATERIAL:0.5
C_MOVECOUNT:0.4790804045958373
C_PAWNMOVEMENT:0.5024525713830046
