ELO:866
CE_PASSEDPAWNS:0.49698316993417835
CE_PAWNWEAKNESSES:0.5453743947718223
CE_PIECEACTIVITY:0.5263440205515356
CE_KINGPAWNSHIELD:0.48330196108853957
CE_PIECECOORDINATION:0.508410654591477
CE_MATERIAL:0.5011500319258583
CE_KINGSAFETY:0.47314787355930865
C_PIECESQUARETABLES:0.4979439572146147
C_MOBILITY:0.5200753333736357
C_KINGSAFETY:0.46033137322891937
C_PAWNSTRUCTURE:0.45887757554536407
C_PIECECOORDINATION:0.5173205406016738
C_ROOKANDPAWNMOVEMENT:0.5173205406016738
C_CENTERCONTROL:0.49824835466347717
C_DEVELOPPIECES:0.5684969906026596
C_MATERIAL:0.4629850221752926
C_MOVECOUNT:0.5218285712318093
