ELO:1019
CE_PASSEDPAWNS:0.4979981994237782
CE_PAWNWEAKNESSES:0.49114809463795345
CE_PIECEACTIVITY:0.5
CE_KINGPAWNSHIELD:0.5
CE_PIECECOORDINATION:0.5142637346151177
CE_MATERIAL:0.49704581870559833
CE_KINGSAFETY:0.5097310703845191
C_PIECESQUARETABLES:0.4926553212577932
C_MOBILITY:0.5217825416563624
C_KINGSAFETY:0.5138857985896732
C_PAWNSTRUCTURE:0.5008804426335404
C_PIECECOORDINATION:0.5
C_ROOKANDPAWNMOVEMENT:0.5
C_CENTERCONTROL:0.46559130052277037
C_DEVELOPPIECES:0.4977676082244511
C_MATERIAL:0.5
