ELO:1031
CE_PASSEDPAWNS:0.4859401613552304
CE_PAWNWEAKNESSES:0.49519779712999273
CE_PIECEACTIVITY:0.5381708366227803
CE_KINGPAWNSHIELD:0.5325070833713661
CE_PIECECOORDINATION:0.491115818936762
CE_MATERIAL:0.5043812163470417
CE_KINGSAFETY:0.5
C_PIECESQUARETABLES:0.5
C_MOBILITY:0.4841970299263169
C_KINGSAFETY:0.48760421906319956
C_PAWNSTRUCTURE:0.5
C_PIECECOORDINATION:0.5120601343050147
C_ROOK:0.496266584649756
CE_ROOK:0.5105260679165217
C_CENTERCONTROL:0.4995431046483367
C_DEVELOPPIECES:0.5006241851502293
C_MATERIAL:0.49078819918661126
C_MOVECOUNT:0.5036660823018904
C_PAWNMOVEMENT:0.5059912779636543
