ELO:925
CE_PASSEDPAWNS:0.5099016092462482
CE_PAWNWEAKNESSES:0.5251168301816932
CE_PIECEACTIVITY:0.4829474114534721
CE_KINGPAWNSHIELD:0.5021319699044147
CE_PIECECOORDINATION:0.529008823704278
CE_MATERIAL:0.4941492930801298
CE_KINGSAFETY:0.49821958955879136
C_PIECESQUARETABLES:0.473864111246418
C_MOBILITY:0.5072310725707722
C_KINGSAFETY:0.5310114745123774
C_PAWNSTRUCTURE:0.4863586155994238
C_PIECECOORDINATION:0.494215136072855
C_ROOK:0.49826902554758173
CE_ROOK:0.5179676961000649
C_CENTERCONTROL:0.47557521848131284
C_DEVELOPPIECES:0.5236565109690706
C_MATERIAL:0.5001950097182514
C_MOVECOUNT:0.4814300218667593
C_PAWNMOVEMENT:0.5016034683265851
