ELO:1010
CE_PASSEDPAWNS:0.49680319777000753
CE_PAWNWEAKNESSES:0.4926881774019807
CE_PIECEACTIVITY:0.5
CE_KINGPAWNSHIELD:0.5
CE_PIECECOORDINATION:0.49801777343866777
CE_MATERIAL:0.5
CE_KINGSAFETY:0.5075502027728724
C_PIECESQUARETABLES:0.5047473701178301
C_MOBILITY:0.5012794700625571
C_KINGSAFETY:0.5
C_PAWNSTRUCTURE:0.5101709430381982
C_PIECECOORDINATION:0.5
C_ROOKANDPAWNMOVEMENT:0.5
C_CENTERCONTROL:0.5066493150831423
C_DEVELOPPIECES:0.5107865463184259
C_MATERIAL:0.5
C_MOVECOUNT:0.5001522661795204
