ELO:974
CE_PASSEDPAWNS:0.4896868880275533
CE_PAWNWEAKNESSES:0.5109619639638388
CE_PIECEACTIVITY:0.5035357266663728
CE_KINGPAWNSHIELD:0.5035073178092552
CE_PIECECOORDINATION:0.5103370186853656
CE_MATERIAL:0.4888013101091835
CE_KINGSAFETY:0.5077655933419317
C_PIECESQUARETABLES:0.49054495040912444
C_MOBILITY:0.49200049582905714
C_KINGSAFETY:0.5014810465750312
C_PAWNSTRUCTURE:0.49583346562924435
C_PIECECOORDINATION:0.5075789859986343
C_ROOKANDPAWNMOVEMENT:0.5075789859986343
C_CENTERCONTROL:0.5
C_DEVELOPPIECES:0.49087101462455346
C_MATERIAL:0.5
