ELO:956
CE_PASSEDPAWNS:0.48317990572653013
CE_PAWNWEAKNESSES:0.5010272029556267
CE_PIECEACTIVITY:0.4374232786424805
CE_KINGPAWNSHIELD:0.4543791493071174
CE_PIECECOORDINATION:0.5023082145221754
CE_MATERIAL:0.5245641767206556
CE_KINGSAFETY:0.5074596027698175
C_PIECESQUARETABLES:0.4972389646841303
C_MOBILITY:0.5413936005038017
C_KINGSAFETY:0.6140388265760315
C_PAWNSTRUCTURE:0.4525287047144219
C_PIECECOORDINATION:0.5413071824421919
C_ROOKANDPAWNMOVEMENT:0.5413071824421919
C_CENTERCONTROL:0.45743382391033827
C_DEVELOPPIECES:0.5401710827926043
C_MATERIAL:0.542148382735675
