ELO:987
CE_PASSEDPAWNS:0.4590897440865007
CE_PAWNWEAKNESSES:0.4810980780676503
CE_PIECEACTIVITY:0.5740208137352818
CE_KINGPAWNSHIELD:0.4613427092380817
CE_PIECECOORDINATION:0.47972852656745774
CE_MATERIAL:0.5162150656410843
CE_KINGSAFETY:0.5108534883374926
C_PIECESQUARETABLES:0.5103200419602797
C_MOBILITY:0.5630253611218172
C_KINGSAFETY:0.5153912779148311
C_PAWNSTRUCTURE:0.4795102007739708
C_PIECECOORDINATION:0.5048687253882328
C_ROOKANDPAWNMOVEMENT:0.5048687253882328
C_CENTERCONTROL:0.47001860593721734
C_DEVELOPPIECES:0.5298435138725395
C_MATERIAL:0.478627776633255
