ELO:772
CE_PASSEDPAWNS:0.5268244080106722
CE_PAWNWEAKNESSES:0.44334681825368494
CE_PIECEACTIVITY:0.513056111025173
CE_KINGPAWNSHIELD:0.5035286040167453
CE_PIECECOORDINATION:0.5388960553786976
CE_MATERIAL:0.49582254410134247
CE_KINGSAFETY:0.5108712486658553
C_PIECESQUARETABLES:0.4740233491289453
C_MOBILITY:0.47677833236440564
C_KINGSAFETY:0.5006818034234052
C_PAWNSTRUCTURE:0.4909247937123213
C_PIECECOORDINATION:0.4967557941561708
C_ROOKANDPAWNMOVEMENT:0.4967557941561708
C_CENTERCONTROL:0.5181036335398373
C_DEVELOPPIECES:0.5115481869700091
C_MATERIAL:0.5217225320004917
C_MOVECOUNT:0.5
