ELO:1025
CE_PASSEDPAWNS:0.5112815733326849
CE_PAWNWEAKNESSES:0.5122818367088312
CE_PIECEACTIVITY:0.5047139984031866
CE_KINGPAWNSHIELD:0.49651369110174554
CE_PIECECOORDINATION:0.5042780734726124
CE_MATERIAL:0.5
CE_KINGSAFETY:0.5
C_PIECESQUARETABLES:0.5
C_MOBILITY:0.46926040748353487
C_KINGSAFETY:0.48347831322805296
C_PAWNSTRUCTURE:0.4888749454108597
C_PIECECOORDINATION:0.5212416632565356
C_ROOK:0.49676126426404354
CE_ROOK:0.5057558812501163
C_CENTERCONTROL:0.48745490307112077
C_DEVELOPPIECES:0.5025489035147771
C_MATERIAL:0.5
C_MOVECOUNT:0.4936270663071781
C_PAWNMOVEMENT:0.48565174688781987
