ELO:1000
CE_PASSEDPAWNS:0.5
CE_PAWNWEAKNESSES:0.5
CE_PIECEACTIVITY:0.5
CE_KINGPAWNSHIELD:0.5
CE_PIECECOORDINATION:0.5
CE_MATERIAL:0.5
CE_KINGSAFETY:0.4914180502236862
C_PIECESQUARETABLES:0.5
C_MOBILITY:0.5
C_KINGSAFETY:0.5
C_PAWNSTRUCTURE:0.5025887652273423
C_PIECECOORDINATION:0.5035465250309262
C_ROOKANDPAWNMOVEMENT:0.5035465250309262
C_CENTERCONTROL:0.4983086489802512
C_DEVELOPPIECES:0.4999282600817773
C_MATERIAL:0.49586788881372007
C_MOVECOUNT:0.5
