ELO:998
CE_PASSEDPAWNS:0.46464816889939825
CE_PAWNWEAKNESSES:0.5221276642634289
CE_PIECEACTIVITY:0.5744384735513052
CE_KINGPAWNSHIELD:0.4515907855366856
CE_PIECECOORDINATION:0.493342672672332
CE_MATERIAL:0.5632094158558955
CE_KINGSAFETY:0.5
C_PIECESQUARETABLES:0.5
C_MOBILITY:0.5808189270066155
C_KINGSAFETY:0.49143492352112067
C_PAWNSTRUCTURE:0.4913342657390718
C_PIECECOORDINATION:0.5334511906600896
C_ROOKANDPAWNMOVEMENT:0.5334511906600896
C_CENTERCONTROL:0.47844177834712104
C_DEVELOPPIECES:0.4566863164845433
C_MATERIAL:0.5325868236157828
