ELO:1040
CE_PASSEDPAWNS:0.5110196372096623
CE_PAWNWEAKNESSES:0.5070295224989054
CE_PIECEACTIVITY:0.49204023118983425
CE_KINGPAWNSHIELD:0.5007371787734637
CE_PIECECOORDINATION:0.5086600058135076
CE_MATERIAL:0.5037360870082964
CE_KINGSAFETY:0.5
C_PIECESQUARETABLES:0.5
C_MOBILITY:0.5040380084826781
C_KINGSAFETY:0.4896636760931384
C_PAWNSTRUCTURE:0.4984238162774086
C_PIECECOORDINATION:0.5027445464555604
C_ROOK:0.5229196765063503
CE_ROOK:0.4863324650030785
C_CENTERCONTROL:0.4937708833116085
C_DEVELOPPIECES:0.49118257692071426
C_MATERIAL:0.49669873393668007
C_MOVECOUNT:0.4843572589500642
C_PAWNMOVEMENT:0.5059912779636543
