ELO:863
CE_PASSEDPAWNS:0.5432732579302225
CE_PAWNWEAKNESSES:0.49625836151724567
CE_PIECEACTIVITY:0.5240995451803502
CE_KINGPAWNSHIELD:0.4891137542408626
CE_PIECECOORDINATION:0.5559378115078278
CE_MATERIAL:0.5030663282162823
CE_KINGSAFETY:0.5477475650517769
C_PIECESQUARETABLES:0.5029542879537512
C_MOBILITY:0.47235776065967033
C_KINGSAFETY:0.5054655153464028
C_PAWNSTRUCTURE:0.48228544809790264
C_PIECECOORDINATION:0.47225082636765137
C_ROOKANDPAWNMOVEMENT:0.47225082636765137
C_CENTERCONTROL:0.5032865212135471
C_DEVELOPPIECES:0.5335744725921914
C_MATERIAL:0.522042614726613
C_MOVECOUNT:0.5
