ELO:848
CE_PASSEDPAWNS:0.5697958258972641
CE_PAWNWEAKNESSES:0.4759160357006554
CE_PIECEACTIVITY:0.5120137851499803
CE_KINGPAWNSHIELD:0.49918181327400296
CE_PIECECOORDINATION:0.5552027745671063
CE_MATERIAL:0.5074250096585565
CE_KINGSAFETY:0.5389563439435211
C_PIECESQUARETABLES:0.5278086583142304
C_MOBILITY:0.48637335739569376
C_KINGSAFETY:0.5447724749730798
C_PAWNSTRUCTURE:0.4888124876965764
C_PIECECOORDINATION:0.4481809611211383
C_ROOKANDPAWNMOVEMENT:0.4481809611211383
C_CENTERCONTROL:0.49177927915536257
C_DEVELOPPIECES:0.5354913391663271
C_MATERIAL:0.5101806510465157
C_MOVECOUNT:0.5
