ELO:1020
CE_PASSEDPAWNS:0.49709284940223286
CE_PAWNWEAKNESSES:0.4830405011720233
CE_PIECEACTIVITY:0.4792949854638589
CE_KINGPAWNSHIELD:0.5099722961756945
CE_PIECECOORDINATION:0.5135191622050275
CE_MATERIAL:0.5061820749371356
CE_KINGSAFETY:0.5
C_PIECESQUARETABLES:0.5
C_MOBILITY:0.518517457226229
C_KINGSAFETY:0.5133019398487192
C_PAWNSTRUCTURE:0.5201564779106247
C_PIECECOORDINATION:0.5102384125149871
C_ROOK:0.5099748085010218
CE_ROOK:0.5057558812501163
C_CENTERCONTROL:0.5
C_DEVELOPPIECES:0.526285254586999
C_MATERIAL:0.4694591356605998
C_MOVECOUNT:0.4920436050819054
C_PAWNMOVEMENT:0.48514905918960954
