ELO:1000
CE_PASSEDPAWNS:0.5
CE_PAWNWEAKNESSES:0.4940303502574333
CE_PIECEACTIVITY:0.5016845337931145
CE_KINGPAWNSHIELD:0.5059726405966296
CE_PIECECOORDINATION:0.5045876211726823
CE_MATERIAL:0.48759568790969104
CE_KINGSAFETY:0.5
C_PIECESQUARETABLES:0.5
C_MOBILITY:0.5021030335854023
C_KINGSAFETY:0.5105449672167304
C_PAWNSTRUCTURE:0.4937495515090133
C_PIECECOORDINATION:0.5054390562696068
C_ROOK:0.4978308824452684
CE_ROOK:0.49893488382630247
C_CENTERCONTROL:0.4987266792837223
C_DEVELOPPIECES:0.5059263913032385
C_MATERIAL:0.5113262830290823
C_MOVECOUNT:0.5061561232799427
C_PAWNMOVEMENT:0.5
