ELO:958
CE_PASSEDPAWNS:0.492491299020736
CE_PAWNWEAKNESSES:0.4866107401901209
CE_PIECEACTIVITY:0.4439766362504203
CE_KINGPAWNSHIELD:0.4628195734112825
CE_PIECECOORDINATION:0.5104548371106746
CE_MATERIAL:0.5271674140187106
CE_KINGSAFETY:0.485489067279943
C_PIECESQUARETABLES:0.4815410050103329
C_MOBILITY:0.5560680569353573
C_KINGSAFETY:0.606275631141687
C_PAWNSTRUCTURE:0.43918530462985084
C_PIECECOORDINATION:0.5537274518368814
C_ROOKANDPAWNMOVEMENT:0.5537274518368814
C_CENTERCONTROL:0.45458084402404
C_DEVELOPPIECES:0.5595283007707753
C_MATERIAL:0.5252663315969794
