ELO:853
CE_PASSEDPAWNS:0.489851415048896
CE_PAWNWEAKNESSES:0.4679053991768935
CE_PIECEACTIVITY:0.5277180875614897
CE_KINGPAWNSHIELD:0.49048101645602465
CE_PIECECOORDINATION:0.5308578957740977
CE_MATERIAL:0.48807556549078157
CE_KINGSAFETY:0.4955715883958947
C_PIECESQUARETABLES:0.47850760813618154
C_MOBILITY:0.4868412280995874
C_KINGSAFETY:0.5258199561920209
C_PAWNSTRUCTURE:0.47343289316073356
C_PIECECOORDINATION:0.4796333985414224
C_ROOKANDPAWNMOVEMENT:0.4796333985414224
C_CENTERCONTROL:0.5452413821619102
C_DEVELOPPIECES:0.5346471975296969
C_MATERIAL:0.500675184605201
C_MOVECOUNT:0.5
