ELO:918
CE_PASSEDPAWNS:0.5026324567565607
CE_PAWNWEAKNESSES:0.5125329135364576
CE_PIECEACTIVITY:0.5116322105551441
CE_KINGPAWNSHIELD:0.532182516252876
CE_PIECECOORDINATION:0.4887249612701217
CE_MATERIAL:0.4890459714101204
CE_KINGSAFETY:0.4980783076104427
C_PIECESQUARETABLES:0.5232039083462372
C_MOBILITY:0.44775081058939253
C_KINGSAFETY:0.4999367854643086
C_PAWNSTRUCTURE:0.530195634450899
C_PIECECOORDINATION:0.4982980116209438
C_ROOKANDPAWNMOVEMENT:0.4982980116209438
C_CENTERCONTROL:0.511839112064032
C_DEVELOPPIECES:0.4740170637746409
C_MATERIAL:0.4805469705993862
C_MOVECOUNT:0.5
