ELO:991
CE_PASSEDPAWNS:0.5457345729423272
CE_PAWNWEAKNESSES:0.44542974891888637
CE_PIECEACTIVITY:0.5975814565428466
CE_KINGPAWNSHIELD:0.542603462243025
CE_PIECECOORDINATION:0.472576201179623
CE_MATERIAL:0.5030403841932721
CE_KINGSAFETY:0.5
C_PIECESQUARETABLES:0.4959373704136032
C_MOBILITY:0.593296249102254
C_KINGSAFETY:0.5945763953024548
C_PAWNSTRUCTURE:0.4496167932328756
C_PIECECOORDINATION:0.49481266204964397
C_ROOKANDPAWNMOVEMENT:0.49481266204964397
C_CENTERCONTROL:0.3628208528192532
C_DEVELOPPIECES:0.426661673821845
C_MATERIAL:0.6234991122067586
