ELO:1000
CE_PASSEDPAWNS:0.5075574457318648
CE_PAWNWEAKNESSES:0.4698177331639127
CE_PIECEACTIVITY:0.536968292825682
CE_KINGPAWNSHIELD:0.5033758776038594
CE_PIECECOORDINATION:0.48637883943611576
CE_MATERIAL:0.5020868867164938
CE_KINGSAFETY:0.5046122081899583
C_PIECESQUARETABLES:0.5041011709263983
C_MOBILITY:0.5260068746675011
C_KINGSAFETY:0.4606679914132752
C_PAWNSTRUCTURE:0.4774481758437436
C_PIECECOORDINATION:0.5524047780073909
C_ROOKANDPAWNMOVEMENT:0.5524047780073909
C_CENTERCONTROL:0.48970556720861136
C_DEVELOPPIECES:0.53349143075186
C_MATERIAL:0.46440369432515005
