ELO:1023
CE_PASSEDPAWNS:0.49804292339932116
CE_PAWNWEAKNESSES:0.5026700644604273
CE_PIECEACTIVITY:0.5093018100212628
CE_KINGPAWNSHIELD:0.4899619522231121
CE_PIECECOORDINATION:0.491115818936762
CE_MATERIAL:0.5042222192627882
CE_KINGSAFETY:0.5
C_PIECESQUARETABLES:0.5
C_MOBILITY:0.5080002006717624
C_KINGSAFETY:0.49228112518646927
C_PAWNSTRUCTURE:0.5158150803164551
C_PIECECOORDINATION:0.5161112147581152
C_ROOK:0.49383542910292344
CE_ROOK:0.5294343876116507
C_CENTERCONTROL:0.5191717400063509
C_DEVELOPPIECES:0.5284044370215044
C_MATERIAL:0.4705020259282929
C_MOVECOUNT:0.4840793943582954
C_PAWNMOVEMENT:0.48565174688781987
