ELO:824
CE_PASSEDPAWNS:0.5536453401854425
CE_PAWNWEAKNESSES:0.5530745661179427
CE_PIECEACTIVITY:0.49953676155252424
CE_KINGPAWNSHIELD:0.45432479374367857
CE_PIECECOORDINATION:0.48775511542513245
CE_MATERIAL:0.5046297393080578
CE_KINGSAFETY:0.5049474558413056
C_PIECESQUARETABLES:0.5460804812631559
C_MOBILITY:0.48861870088195875
C_KINGSAFETY:0.501937714896509
C_PAWNSTRUCTURE:0.4928896111422368
C_PIECECOORDINATION:0.5201767359200983
C_ROOKANDPAWNMOVEMENT:0.5201767359200983
C_CENTERCONTROL:0.4928189786143056
C_DEVELOPPIECES:0.47123015085910963
C_MATERIAL:0.5212457658297686
C_MOVECOUNT:0.5
