ELO:830
CE_PASSEDPAWNS:0.47703740839845243
CE_PAWNWEAKNESSES:0.560873746927767
CE_PIECEACTIVITY:0.49489719386681835
CE_KINGPAWNSHIELD:0.46911531545671636
CE_PIECECOORDINATION:0.38460075338210786
CE_MATERIAL:0.4960391198137923
CE_KINGSAFETY:0.5034613914705656
C_PIECESQUARETABLES:0.497653728994475
C_MOBILITY:0.5477413072128058
C_KINGSAFETY:0.4506608536220299
C_PAWNSTRUCTURE:0.4742485736902101
C_PIECECOORDINATION:0.5180309893332657
C_ROOKANDPAWNMOVEMENT:0.5180309893332657
C_CENTERCONTROL:0.4510000567249046
C_DEVELOPPIECES:0.4876198950522511
C_MATERIAL:0.4883740272430501
C_MOVECOUNT:0.5
