ELO:1029
CE_PASSEDPAWNS:0.510624593523751
CE_PAWNWEAKNESSES:0.4830405011720233
CE_PIECEACTIVITY:0.506346503157013
CE_KINGPAWNSHIELD:0.5099722961756945
CE_PIECECOORDINATION:0.49890875767298865
CE_MATERIAL:0.5163929973762303
CE_KINGSAFETY:0.5
C_PIECESQUARETABLES:0.5
C_MOBILITY:0.4972396863897836
C_KINGSAFETY:0.48347831322805296
C_PAWNSTRUCTURE:0.4767873884047411
C_PIECECOORDINATION:0.5117530500500119
C_ROOK:0.46269784353553245
CE_ROOK:0.4761689463316699
C_CENTERCONTROL:0.5016333940623856
C_DEVELOPPIECES:0.526285254586999
C_MATERIAL:0.4694591356605998
C_MOVECOUNT:0.5003199788881134
C_PAWNMOVEMENT:0.47449648882613543
