ELO:1000
CE_PASSEDPAWNS:0.5052550968946222
CE_PAWNWEAKNESSES:0.5212592686035892
CE_PIECEACTIVITY:0.4885015903345912
CE_KINGPAWNSHIELD:0.5554346352651021
CE_PIECECOORDINATION:0.4991704291169911
CE_MATERIAL:0.5267361865164275
CE_KINGSAFETY:0.48301577597446466
C_PIECESQUARETABLES:0.5179030891161183
C_MOBILITY:0.5193418102094018
C_KINGSAFETY:0.5144285628451164
C_PAWNSTRUCTURE:0.49551637606306054
C_PIECECOORDINATION:0.5101874369264215
C_ROOKANDPAWNMOVEMENT:0.5101874369264215
C_CENTERCONTROL:0.5070883353427232
C_DEVELOPPIECES:0.5069628070165183
C_MATERIAL:0.497647899128826
