ELO:1036
CE_PASSEDPAWNS:0.5110196372096623
CE_PAWNWEAKNESSES:0.49519779712999273
CE_PIECEACTIVITY:0.506346503157013
CE_KINGPAWNSHIELD:0.5007371787734637
CE_PIECECOORDINATION:0.491115818936762
CE_MATERIAL:0.5043812163470417
CE_KINGSAFETY:0.5
C_PIECESQUARETABLES:0.5
C_MOBILITY:0.4841970299263169
C_KINGSAFETY:0.48826985307553
C_PAWNSTRUCTURE:0.5
C_PIECECOORDINATION:0.524081871863375
C_ROOK:0.489354156870857
CE_ROOK:0.5105260679165217
C_CENTERCONTROL:0.4937708833116085
C_DEVELOPPIECES:0.5098361739591123
C_MATERIAL:0.49078819918661126
C_MOVECOUNT:0.4843572589500642
C_PAWNMOVEMENT:0.5059912779636543
