ELO:1000
CE_PASSEDPAWNS:0.5463351938718595
CE_PAWNWEAKNESSES:0.5503506904687758
CE_PIECEACTIVITY:0.5347188035663979
CE_KINGPAWNSHIELD:0.5397731999307962
CE_PIECECOORDINATION:0.4291997588380169
CE_MATERIAL:0.5268217811047099
CE_KINGSAFETY:0.501253190733154
C_PIECESQUARETABLES:0.5042096429900293
C_MOBILITY:0.5128745325277076
C_KINGSAFETY:0.5444577402036185
C_PAWNSTRUCTURE:0.4994553285833261
C_PIECECOORDINATION:0.4509698951048452
C_ROOKANDPAWNMOVEMENT:0.4509698951048452
C_CENTERCONTROL:0.5133011379337066
C_DEVELOPPIECES:0.5034724396805478
C_MATERIAL:0.47042336178613625
