ELO:1001
CE_PASSEDPAWNS:0.6034057348605468
CE_PAWNWEAKNESSES:0.5511924086288523
CE_PIECEACTIVITY:0.5440725889495094
CE_KINGPAWNSHIELD:0.5273071713970638
CE_PIECECOORDINATION:0.4105997176686349
CE_MATERIAL:0.5501368550588505
CE_KINGSAFETY:0.547628366650938
C_PIECESQUARETABLES:0.4871862376565956
C_MOBILITY:0.48550841275808265
C_KINGSAFETY:0.5720880519284669
C_PAWNSTRUCTURE:0.5420974594605433
C_PIECECOORDINATION:0.5026632541707673
C_ROOKANDPAWNMOVEMENT:0.5026632541707673
C_CENTERCONTROL:0.5165635620898212
C_DEVELOPPIECES:0.4959741091235471
C_MATERIAL:0.47980012349439144
