ELO:1029
CE_PASSEDPAWNS:0.5034507561763385
CE_PAWNWEAKNESSES:0.5008540239106584
CE_PIECEACTIVITY:0.5047139984031866
CE_KINGPAWNSHIELD:0.48575985743480365
CE_PIECECOORDINATION:0.5100237706681233
CE_MATERIAL:0.5092560037865277
CE_KINGSAFETY:0.5
C_PIECESQUARETABLES:0.5
C_MOBILITY:0.5009841491690321
C_KINGSAFETY:0.5054302180823947
C_PAWNSTRUCTURE:0.5141366111532795
C_PIECECOORDINATION:0.5197021824486947
C_ROOK:0.5415126425962393
CE_ROOK:0.50420920891982
C_CENTERCONTROL:0.4810832353263226
C_DEVELOPPIECES:0.5098361739591123
C_MATERIAL:0.47499379029566563
C_MOVECOUNT:0.4727038447097598
C_PAWNMOVEMENT:0.4992795389654028
