ELO:1010
CE_PASSEDPAWNS:0.4947845285094626
CE_PAWNWEAKNESSES:0.5069041626120251
CE_PIECEACTIVITY:0.5310588986965643
CE_KINGPAWNSHIELD:0.4988718633295516
CE_PIECECOORDINATION:0.5
CE_MATERIAL:0.49397346707818035
CE_KINGSAFETY:0.5084697623972573
C_PIECESQUARETABLES:0.5189135738376354
C_MOBILITY:0.49253788720988395
C_KINGSAFETY:0.4886677227473365
C_PAWNSTRUCTURE:0.5148158815165437
C_PIECECOORDINATION:0.5054573987268263
C_ROOKANDPAWNMOVEMENT:0.5054573987268263
C_CENTERCONTROL:0.4982386769633592
C_DEVELOPPIECES:0.49711785585538115
C_MATERIAL:0.501065371607073
C_MOVECOUNT:0.5192106321174459
