ELO:772
CE_PASSEDPAWNS:0.6169819167097184
CE_PAWNWEAKNESSES:0.47854397518565767
CE_PIECEACTIVITY:0.47398134728830116
CE_KINGPAWNSHIELD:0.5416506170403362
CE_PIECECOORDINATION:0.5503099116521404
CE_MATERIAL:0.4330862194169411
CE_KINGSAFETY:0.4978259027021545
C_PIECESQUARETABLES:0.5015328000977465
C_MOBILITY:0.40924935828045617
C_KINGSAFETY:0.4215878391044174
C_PAWNSTRUCTURE:0.4519490181623295
C_PIECECOORDINATION:0.4442339503974127
C_ROOKANDPAWNMOVEMENT:0.4442339503974127
C_CENTERCONTROL:0.5011736167335559
C_DEVELOPPIECES:0.5359666387382964
C_MATERIAL:0.523574869343594
C_MOVECOUNT:0.48115742645229204
