ELO:1010
CE_PASSEDPAWNS:0.5041696277694514
CE_PAWNWEAKNESSES:0.4775027851717593
CE_PIECEACTIVITY:0.5310588986965643
CE_KINGPAWNSHIELD:0.5061800638670156
CE_PIECECOORDINATION:0.5
CE_MATERIAL:0.5
CE_KINGSAFETY:0.5
C_PIECESQUARETABLES:0.5058917162774976
C_MOBILITY:0.500475886348397
C_KINGSAFETY:0.5
C_PAWNSTRUCTURE:0.5031150270891477
C_PIECECOORDINATION:0.49275290593534427
C_ROOKANDPAWNMOVEMENT:0.49275290593534427
C_CENTERCONTROL:0.491221883349188
C_DEVELOPPIECES:0.49846118020604424
C_MATERIAL:0.4950739439620884
C_MOVECOUNT:0.49079359522071153
