ELO:1011
CE_PASSEDPAWNS:0.5049918712416016
CE_PAWNWEAKNESSES:0.5
CE_PIECEACTIVITY:0.4825179381151137
CE_KINGPAWNSHIELD:0.49751905253558165
CE_PIECECOORDINATION:0.4880358871533844
CE_MATERIAL:0.5
CE_KINGSAFETY:0.5062590851437205
C_PIECESQUARETABLES:0.5082371112017201
C_MOBILITY:0.5
C_KINGSAFETY:0.5
C_PAWNSTRUCTURE:0.5
C_PIECECOORDINATION:0.5
C_ROOK:0.48109692451632774
CE_ROOK:0.5035726132689518
C_CENTERCONTROL:0.5008730442929886
C_DEVELOPPIECES:0.5118070910532546
C_MATERIAL:0.5
C_MOVECOUNT:0.5078883007257722
C_PAWNMOVEMENT:0.5037786841587277
