ELO:976
CE_PASSEDPAWNS:0.4421953816753928
CE_PAWNWEAKNESSES:0.6932889406940428
CE_PIECEACTIVITY:0.4780723735363175
CE_KINGPAWNSHIELD:0.08220086902094503
CE_PIECECOORDINATION:0.8677309384989091
CE_MATERIAL:0.4245460433028514
C_PIECESQUARETABLES:0.6132433967227455
C_MOBILITY:0.7485773880119522
C_KINGSAFETY:0.35885387310288097
C_PAWNSTRUCTURE:0.23446856088651113
C_PIECECOORDINATION:0.6218477674256433
C_ROOKANDPAWNMOVEMENT:0.6218477674256433
C_CENTERCONTROL:0.9739238455043137
C_DEVELOPPIECES:0.30345827451074214
C_MATERIAL:0.5510657160671282
