ELO:1000
CE_PASSEDPAWNS:0.720600121916815
CE_PAWNWEAKNESSES:0.7394875937924603
CE_PIECEACTIVITY:0.7117868267189456
CE_KINGPAWNSHIELD:0.2906645520299458
CE_PIECECOORDINATION:0.6961027425785864
CE_MATERIAL:0.6249646509502753
C_PIECESQUARETABLES:0.9322126542296933
C_MOBILITY:0.6005955575733775
C_KINGSAFETY:0.23840633252170107
C_PAWNSTRUCTURE:0.2312364280460435
C_PIECECOORDINATION:0.2014677230538402
C_ROOKANDPAWNMOVEMENT:0.2014677230538402
C_CENTERCONTROL:0.616376579291682
C_DEVELOPPIECES:0.8331024945470276
C_MATERIAL:0.29263990278124824
