ELO:999
CE_PASSEDPAWNS:0.18516326202324218
CE_PAWNWEAKNESSES:0.38484469142679933
CE_PIECEACTIVITY:0.5944139938232051
CE_KINGPAWNSHIELD:0.08554521849919061
CE_PIECECOORDINATION:0.4419742500106465
CE_MATERIAL:0.3293302393050208
C_PIECESQUARETABLES:0.8190948023848494
C_MOBILITY:0.8134074563641097
C_KINGSAFETY:0.6497613756871599
C_PAWNSTRUCTURE:0.3869863107884839
C_PIECECOORDINATION:0.34726202102400083
C_ROOKANDPAWNMOVEMENT:0.34726202102400083
C_CENTERCONTROL:0.6398832408804569
C_DEVELOPPIECES:0.9275505625157201
C_MATERIAL:0.8077918813514838
