ELO:1011
CE_PASSEDPAWNS:0.5174782976799377
CE_PAWNWEAKNESSES:0.6596775594646889
CE_PIECEACTIVITY:0.7402265751274977
CE_KINGPAWNSHIELD:0.8631126271961329
CE_PIECECOORDINATION:0.1607484008759729
CE_MATERIAL:0.04708284713893662
C_PIECESQUARETABLES:0.20196294944015186
C_MOBILITY:0.2244377026029449
C_KINGSAFETY:0.08187789858943406
C_PAWNSTRUCTURE:0.7727082385409192
C_PIECECOORDINATION:0.06671469398196316
C_ROOKANDPAWNMOVEMENT:0.06671469398196316
C_CENTERCONTROL:0.1144549835337032
C_DEVELOPPIECES:0.3238890750219514
C_MATERIAL:0.500891391983262
