ELO:988
CE_PASSEDPAWNS:0.661544957837414
CE_PAWNWEAKNESSES:0.9596280849399511
CE_PIECEACTIVITY:0.6028445665212223
CE_KINGPAWNSHIELD:0.2273095436500248
CE_PIECECOORDINATION:0.11667355065466478
CE_MATERIAL:0.11416207506687506
C_PIECESQUARETABLES:0.22312291759363823
C_MOBILITY:0.444620660272099
C_KINGSAFETY:0.6840050107983446
C_PAWNSTRUCTURE:0.9920745059801852
C_PIECECOORDINATION:0.42981790466928627
C_ROOKANDPAWNMOVEMENT:0.42981790466928627
C_CENTERCONTROL:0.3926299617942477
C_DEVELOPPIECES:0.4226743902885134
C_MATERIAL:0.6783970118566516
