ELO:1012
CE_PASSEDPAWNS:0.04814509121676913
CE_PAWNWEAKNESSES:0.8074120604320025
CE_PIECEACTIVITY:0.572237599732031
CE_KINGPAWNSHIELD:0.6739339167993488
CE_PIECECOORDINATION:0.7648743490168852
CE_MATERIAL:0.9271839594605105
C_PIECESQUARETABLES:0.7935792051081401
C_MOBILITY:0.954180655323841
C_KINGSAFETY:0.7573255294023586
C_PAWNSTRUCTURE:0.6924305295740127
C_PIECECOORDINATION:0.4030977081743763
C_ROOKANDPAWNMOVEMENT:0.4030977081743763
C_CENTERCONTROL:0.0678925904455101
C_DEVELOPPIECES:0.6500413680582833
C_MATERIAL:0.2542718491238367
