ELO:1016
CE_PASSEDPAWNS:0.53087743020201
CE_PAWNWEAKNESSES:0.5268275445367337
CE_PIECEACTIVITY:0.5957089434711982
CE_KINGPAWNSHIELD:0.5291828215915995
CE_PIECECOORDINATION:0.43317222545900413
CE_MATERIAL:0.5275255179404447
CE_KINGSAFETY:0.5254780993019499
C_PIECESQUARETABLES:0.5331266964502014
C_MOBILITY:0.5574640508339136
C_KINGSAFETY:0.568684145507069
C_PAWNSTRUCTURE:0.49737985413851565
C_PIECECOORDINATION:0.46673761177944056
C_ROOKANDPAWNMOVEMENT:0.46673761177944056
C_CENTERCONTROL:0.5212331995535633
C_DEVELOPPIECES:0.5438963458210494
C_MATERIAL:0.39997752309102447
