ELO:897
CE_PASSEDPAWNS:0.5192986763944222
CE_PAWNWEAKNESSES:0.5046680688575894
CE_PIECEACTIVITY:0.4871680216399476
CE_KINGPAWNSHIELD:0.4277384399366921
CE_PIECECOORDINATION:0.5260830950286914
CE_MATERIAL:0.606897457423396
CE_KINGSAFETY:0.49217985571532713
C_PIECESQUARETABLES:0.534268017705768
C_MOBILITY:0.4680935596243897
C_KINGSAFETY:0.5634121616299196
C_PAWNSTRUCTURE:0.4863794427894771
C_PIECECOORDINATION:0.5103498098598388
C_ROOKANDPAWNMOVEMENT:0.5103498098598388
C_CENTERCONTROL:0.5574402977498797
C_DEVELOPPIECES:0.646208330853431
C_MATERIAL:0.40403772825213435
