ELO:908
CE_PASSEDPAWNS:0.4068407770981576
CE_PAWNWEAKNESSES:0.478904024480477
CE_PIECEACTIVITY:0.5012949556953671
CE_KINGPAWNSHIELD:0.48537077246562965
CE_PIECECOORDINATION:0.5223898053129302
CE_MATERIAL:0.6079648022879749
CE_KINGSAFETY:0.5245232642717595
C_PIECESQUARETABLES:0.5009652370193016
C_MOBILITY:0.6310245126189007
C_KINGSAFETY:0.5251191124108856
C_PAWNSTRUCTURE:0.33053077093795263
C_PIECECOORDINATION:0.5130372381946582
C_ROOKANDPAWNMOVEMENT:0.5130372381946582
C_CENTERCONTROL:0.32113173099208137
C_DEVELOPPIECES:0.41655212229619965
C_MATERIAL:0.4655735944423923
