ELO:908
CE_PASSEDPAWNS:0.5701103447717668
CE_PAWNWEAKNESSES:0.49460421456013126
CE_PIECEACTIVITY:0.48970019576792123
CE_KINGPAWNSHIELD:0.4401491939003363
CE_PIECECOORDINATION:0.45916702509461643
CE_MATERIAL:0.5393915865344053
CE_KINGSAFETY:0.45240170515643297
C_PIECESQUARETABLES:0.4723901893756984
C_MOBILITY:0.5088650429210015
C_KINGSAFETY:0.5515172133727637
C_PAWNSTRUCTURE:0.46503559467725597
C_PIECECOORDINATION:0.4911426009984828
C_ROOKANDPAWNMOVEMENT:0.4911426009984828
C_CENTERCONTROL:0.467292749551921
C_DEVELOPPIECES:0.5451865754284898
C_MATERIAL:0.5980193220584143
