ELO:908
CE_PASSEDPAWNS:0.5963810730284744
CE_PAWNWEAKNESSES:0.41094920748695096
CE_PIECEACTIVITY:0.6065275568137796
CE_KINGPAWNSHIELD:0.44986817211918045
CE_PIECECOORDINATION:0.46617332362201347
CE_MATERIAL:0.5081640469842693
CE_KINGSAFETY:0.49087809399661975
C_PIECESQUARETABLES:0.5064636020510296
C_MOBILITY:0.5666228334827998
C_KINGSAFETY:0.4833262730556976
C_PAWNSTRUCTURE:0.4981389626356472
C_PIECECOORDINATION:0.433998465121034
C_ROOKANDPAWNMOVEMENT:0.433998465121034
C_CENTERCONTROL:0.34497714355045156
C_DEVELOPPIECES:0.500885728887418
C_MATERIAL:0.5103511416112649
