ELO:871
CE_PASSEDPAWNS:0.4330949651265415
CE_PAWNWEAKNESSES:0.6313765618314783
CE_PIECEACTIVITY:0.49888650962532455
CE_KINGPAWNSHIELD:0.49860071439258596
CE_PIECECOORDINATION:0.42452779011771774
CE_MATERIAL:0.5598842750834069
CE_KINGSAFETY:0.5151302737701973
C_PIECESQUARETABLES:0.5211989339303736
C_MOBILITY:0.5409997619955056
C_KINGSAFETY:0.4615280210625724
C_PAWNSTRUCTURE:0.6117892728808976
C_PIECECOORDINATION:0.401606950697849
C_ROOKANDPAWNMOVEMENT:0.401606950697849
C_CENTERCONTROL:0.5697311133789833
C_DEVELOPPIECES:0.5034223798353655
C_MATERIAL:0.4321240573991743
