ELO:881
CE_PASSEDPAWNS:0.516747859952364
CE_PAWNWEAKNESSES:0.47005216876489675
CE_PIECEACTIVITY:0.41293656410312496
CE_KINGPAWNSHIELD:0.5029436586365603
CE_PIECECOORDINATION:0.5134922875421883
CE_MATERIAL:0.5034209414168639
CE_KINGSAFETY:0.42667928186593773
C_PIECESQUARETABLES:0.5080197672137612
C_MOBILITY:0.4536223290282361
C_KINGSAFETY:0.2566583269522698
C_PAWNSTRUCTURE:0.5811327323240232
C_PIECECOORDINATION:0.4485964828593882
C_ROOKANDPAWNMOVEMENT:0.4485964828593882
C_CENTERCONTROL:0.416695683195834
C_DEVELOPPIECES:0.3752861609099804
C_MATERIAL:0.5775523190911723
