ELO:1050
CE_PASSEDPAWNS:0.49022558768279406
CE_PAWNWEAKNESSES:0.4317289177572136
CE_PIECEACTIVITY:0.4439512038151558
CE_KINGPAWNSHIELD:0.3667499654511829
CE_PIECECOORDINATION:0.553158209851351
CE_MATERIAL:0.4517613566555027
CE_KINGSAFETY:0.5256731875265493
C_PIECESQUARETABLES:0.5135442822753311
C_MOBILITY:0.519404274867803
C_KINGSAFETY:0.5731820386679918
C_PAWNSTRUCTURE:0.48283381952740095
C_PIECECOORDINATION:0.4782911174709608
C_ROOKANDPAWNMOVEMENT:0.4782911174709608
C_CENTERCONTROL:0.5297611098829538
C_DEVELOPPIECES:0.5144593405245805
C_MATERIAL:0.4169858928118333
