ELO:908
CE_PASSEDPAWNS:0.3896981315604708
CE_PAWNWEAKNESSES:0.5360774524704738
CE_PIECEACTIVITY:0.3789875994660321
CE_KINGPAWNSHIELD:0.4625162686469533
CE_PIECECOORDINATION:0.45398296356543266
CE_MATERIAL:0.5821952164350513
CE_KINGSAFETY:0.4415298627616329
C_PIECESQUARETABLES:0.4982976970852092
C_MOBILITY:0.5316848270121197
C_KINGSAFETY:0.5471448913829354
C_PAWNSTRUCTURE:0.5021971038438647
C_PIECECOORDINATION:0.5307155999954354
C_ROOKANDPAWNMOVEMENT:0.5307155999954354
C_CENTERCONTROL:0.4681480259929178
C_DEVELOPPIECES:0.45821436686158923
C_MATERIAL:0.5820210459811085
