ELO:908
CE_PASSEDPAWNS:0.4710351105924297
CE_PAWNWEAKNESSES:0.4403300899136503
CE_PIECEACTIVITY:0.561331921866952
CE_KINGPAWNSHIELD:0.4146334868431895
CE_PIECECOORDINATION:0.5140374868675005
CE_MATERIAL:0.49378233243502545
CE_KINGSAFETY:0.4963634852181154
C_PIECESQUARETABLES:0.528118628766278
C_MOBILITY:0.5064691598519326
C_KINGSAFETY:0.42994639450122324
C_PAWNSTRUCTURE:0.5225656947096882
C_PIECECOORDINATION:0.42790609986436035
C_ROOKANDPAWNMOVEMENT:0.42790609986436035
C_CENTERCONTROL:0.469662973562654
C_DEVELOPPIECES:0.4396155891616963
C_MATERIAL:0.4926430474863584
