ELO:910
CE_PASSEDPAWNS:0.42744205844142646
CE_PAWNWEAKNESSES:0.43646480567667206
CE_PIECEACTIVITY:0.517259882709201
CE_KINGPAWNSHIELD:0.5431619932804098
CE_PIECECOORDINATION:0.47240836159144145
CE_MATERIAL:0.5015497773886763
CE_KINGSAFETY:0.4602338741834249
C_PIECESQUARETABLES:0.4653063223998223
C_MOBILITY:0.6245029425432931
C_KINGSAFETY:0.40532488432056
C_PAWNSTRUCTURE:0.4800407091590402
C_PIECECOORDINATION:0.40229397836299635
C_ROOKANDPAWNMOVEMENT:0.40229397836299635
C_CENTERCONTROL:0.34673241166024094
C_DEVELOPPIECES:0.4801117629857248
C_MATERIAL:0.5506769817769076
