ELO:891
CE_PASSEDPAWNS:0.455738880895503
CE_PAWNWEAKNESSES:0.4919147865770024
CE_PIECEACTIVITY:0.4245384666424844
CE_KINGPAWNSHIELD:0.5392791392256958
CE_PIECECOORDINATION:0.46666530038745796
CE_MATERIAL:0.5648388745954851
CE_KINGSAFETY:0.5359271016487698
C_PIECESQUARETABLES:0.5164743171699434
C_MOBILITY:0.4516351424947216
C_KINGSAFETY:0.5440444901882143
C_PAWNSTRUCTURE:0.4345971505572435
C_PIECECOORDINATION:0.5417843541012296
C_ROOKANDPAWNMOVEMENT:0.5417843541012296
C_CENTERCONTROL:0.6029402205853902
C_DEVELOPPIECES:0.41332970450861956
C_MATERIAL:0.4278056599996991
