ELO:921
CE_PASSEDPAWNS:0.5365876018606528
CE_PAWNWEAKNESSES:0.486307393056933
CE_PIECEACTIVITY:0.4921574888087025
CE_KINGPAWNSHIELD:0.46533402391229456
CE_PIECECOORDINATION:0.4948928724091402
CE_MATERIAL:0.43347801461155083
CE_KINGSAFETY:0.5164227530942161
C_PIECESQUARETABLES:0.5258995777961603
C_MOBILITY:0.463736909183848
C_KINGSAFETY:0.4605050006230031
C_PAWNSTRUCTURE:0.44895118667309153
C_PIECECOORDINATION:0.5643086996406577
C_ROOKANDPAWNMOVEMENT:0.5643086996406577
C_CENTERCONTROL:0.5567828400380055
C_DEVELOPPIECES:0.3335930130691102
C_MATERIAL:0.43356916404129386
