ELO:874
CE_PASSEDPAWNS:0.4648935263045799
CE_PAWNWEAKNESSES:0.4412947381204104
CE_PIECEACTIVITY:0.4969217756227816
CE_KINGPAWNSHIELD:0.5888327572047908
CE_PIECECOORDINATION:0.5325429100407035
CE_MATERIAL:0.3628287700630235
CE_KINGSAFETY:0.504230757621481
C_PIECESQUARETABLES:0.49323999821848513
C_MOBILITY:0.5368511863456313
C_KINGSAFETY:0.3787502581377108
C_PAWNSTRUCTURE:0.5468761656426733
C_PIECECOORDINATION:0.4317855928169348
C_ROOKANDPAWNMOVEMENT:0.4317855928169348
C_CENTERCONTROL:0.47133772213467034
C_DEVELOPPIECES:0.5804131809611431
C_MATERIAL:0.44691064444778905
