ELO:903
CE_PASSEDPAWNS:0.4485619330457787
CE_PAWNWEAKNESSES:0.4426209873473219
CE_PIECEACTIVITY:0.45534858333587935
CE_KINGPAWNSHIELD:0.4900723178302144
CE_PIECECOORDINATION:0.39306051526556235
CE_MATERIAL:0.3780629190149028
CE_KINGSAFETY:0.5053381341871866
C_PIECESQUARETABLES:0.4870219257252894
C_MOBILITY:0.4697873500227553
C_KINGSAFETY:0.4575466775253385
C_PAWNSTRUCTURE:0.3857674683484421
C_PIECECOORDINATION:0.5197329210498252
C_ROOKANDPAWNMOVEMENT:0.5197329210498252
C_CENTERCONTROL:0.49159550689613485
C_DEVELOPPIECES:0.6261786018791317
C_MATERIAL:0.4726935075335442
