ELO:931
CE_PASSEDPAWNS:0.507944875982517
CE_PAWNWEAKNESSES:0.4588548618893466
CE_PIECEACTIVITY:0.6184265880341335
CE_KINGPAWNSHIELD:0.6063614348908125
CE_PIECECOORDINATION:0.3855513637110898
CE_MATERIAL:0.5195335694971134
CE_KINGSAFETY:0.5244497365873177
C_PIECESQUARETABLES:0.5029685952143075
C_MOBILITY:0.5282208186836255
C_KINGSAFETY:0.3486031633257673
C_PAWNSTRUCTURE:0.555355109417084
C_PIECECOORDINATION:0.5810768730425568
C_ROOKANDPAWNMOVEMENT:0.5810768730425568
C_CENTERCONTROL:0.3684753436671147
C_DEVELOPPIECES:0.4816856759648758
C_MATERIAL:0.42169642361801607
