ELO:890
CE_PASSEDPAWNS:0.550888013745415
CE_PAWNWEAKNESSES:0.554367924122294
CE_PIECEACTIVITY:0.4205078196120558
CE_KINGPAWNSHIELD:0.6819886128787339
CE_PIECECOORDINATION:0.682938904336565
CE_MATERIAL:0.442372013022627
CE_KINGSAFETY:0.48407390505128
C_PIECESQUARETABLES:0.5259404202134721
C_MOBILITY:0.47933122521289395
C_KINGSAFETY:0.5452431751678146
C_PAWNSTRUCTURE:0.549437825358747
C_PIECECOORDINATION:0.47590669946572667
C_ROOKANDPAWNMOVEMENT:0.47590669946572667
C_CENTERCONTROL:0.4522255847114546
C_DEVELOPPIECES:0.4607619241174612
C_MATERIAL:0.5740799719939144
