ELO:869
CE_PASSEDPAWNS:0.463180703875331
CE_PAWNWEAKNESSES:0.5054666808574756
CE_PIECEACTIVITY:0.5455709290996068
CE_KINGPAWNSHIELD:0.4967718186769381
CE_PIECECOORDINATION:0.5783109733443488
CE_MATERIAL:0.4762008393488126
CE_KINGSAFETY:0.5476431291888424
C_PIECESQUARETABLES:0.4755906906808405
C_MOBILITY:0.47848082220959465
C_KINGSAFETY:0.5321997780576081
C_PAWNSTRUCTURE:0.38922134904136196
C_PIECECOORDINATION:0.5387432945039811
C_ROOKANDPAWNMOVEMENT:0.5387432945039811
C_CENTERCONTROL:0.4311285275533127
C_DEVELOPPIECES:0.5646539050229454
C_MATERIAL:0.5700288761082231
