ELO:913
CE_PASSEDPAWNS:0.5426079563911554
CE_PAWNWEAKNESSES:0.4573234608665036
CE_PIECEACTIVITY:0.5797750066441014
CE_KINGPAWNSHIELD:0.537504112363553
CE_PIECECOORDINATION:0.445767434254709
CE_MATERIAL:0.5437074380733657
CE_KINGSAFETY:0.523407806768207
C_PIECESQUARETABLES:0.4738083546006069
C_MOBILITY:0.5433164929024722
C_KINGSAFETY:0.4754685306409097
C_PAWNSTRUCTURE:0.5203074337882145
C_PIECECOORDINATION:0.5380750624796254
C_ROOKANDPAWNMOVEMENT:0.5380750624796254
C_CENTERCONTROL:0.6431167788282561
C_DEVELOPPIECES:0.554621743182353
C_MATERIAL:0.30418812065950396
