ELO:904
CE_PASSEDPAWNS:0.4826552321835605
CE_PAWNWEAKNESSES:0.6157876989293163
CE_PIECEACTIVITY:0.4982396920572538
CE_KINGPAWNSHIELD:0.6330842413284422
CE_PIECECOORDINATION:0.5111660023897902
CE_MATERIAL:0.49062983233037777
CE_KINGSAFETY:0.5003652243284903
C_PIECESQUARETABLES:0.5254481187267562
C_MOBILITY:0.5425878152279465
C_KINGSAFETY:0.4224558445745681
C_PAWNSTRUCTURE:0.39589316704766814
C_PIECECOORDINATION:0.5838131752342566
C_ROOKANDPAWNMOVEMENT:0.5838131752342566
C_CENTERCONTROL:0.4835102209032287
C_DEVELOPPIECES:0.44948511865414637
C_MATERIAL:0.4730551793977409
