ELO:976
CE_PASSEDPAWNS:0.5205896962134353
CE_PAWNWEAKNESSES:0.5545193052031502
CE_PIECEACTIVITY:0.46884941340416036
CE_KINGPAWNSHIELD:0.42615463875074994
CE_PIECECOORDINATION:0.5046099868811941
CE_MATERIAL:0.5418508963903306
CE_KINGSAFETY:0.504390954696905
C_PIECESQUARETABLES:0.6075651958255055
C_MOBILITY:0.5538610397349563
C_KINGSAFETY:0.5458526479419632
C_PAWNSTRUCTURE:0.5124099682434241
C_PIECECOORDINATION:0.3642261931320417
C_ROOKANDPAWNMOVEMENT:0.3642261931320417
C_CENTERCONTROL:0.44428773677713235
C_DEVELOPPIECES:0.5859153724794111
C_MATERIAL:0.348755825832696
