ELO:946
CE_PASSEDPAWNS:0.42386766535134285
CE_PAWNWEAKNESSES:0.45192097901403905
CE_PIECEACTIVITY:0.5384701309367099
CE_KINGPAWNSHIELD:0.5869068177153131
CE_PIECECOORDINATION:0.5416998607750517
CE_MATERIAL:0.4837794152408665
CE_KINGSAFETY:0.4868197443139164
C_PIECESQUARETABLES:0.5368890021366765
C_MOBILITY:0.6623798306293363
C_KINGSAFETY:0.5505694473891131
C_PAWNSTRUCTURE:0.5393264689553253
C_PIECECOORDINATION:0.4388976204739224
C_ROOKANDPAWNMOVEMENT:0.4388976204739224
C_CENTERCONTROL:0.47793730987706873
C_DEVELOPPIECES:0.5201556761745376
C_MATERIAL:0.47415565624269274
