ELO:864
CE_PASSEDPAWNS:0.4986587762726978
CE_PAWNWEAKNESSES:0.4509243088649821
CE_PIECEACTIVITY:0.5801576532351315
CE_KINGPAWNSHIELD:0.48911682941417844
CE_PIECECOORDINATION:0.6165756121587836
CE_MATERIAL:0.5274737264278322
CE_KINGSAFETY:0.5525357559963678
C_PIECESQUARETABLES:0.4162992808807449
C_MOBILITY:0.4488061072499459
C_KINGSAFETY:0.4303829988038383
C_PAWNSTRUCTURE:0.6029850194345013
C_PIECECOORDINATION:0.48045308390636876
C_ROOKANDPAWNMOVEMENT:0.48045308390636876
C_CENTERCONTROL:0.6022058465848528
C_DEVELOPPIECES:0.5403458953526097
C_MATERIAL:0.543457274432846
