ELO:914
CE_PASSEDPAWNS:0.5403027637539352
CE_PAWNWEAKNESSES:0.433776497011785
CE_PIECEACTIVITY:0.5419071782616639
CE_KINGPAWNSHIELD:0.4283728238872497
CE_PIECECOORDINATION:0.5564887994067153
CE_MATERIAL:0.46138162961206813
CE_KINGSAFETY:0.46333581797955653
C_PIECESQUARETABLES:0.47748812529551715
C_MOBILITY:0.6086288122805604
C_KINGSAFETY:0.5527094574688124
C_PAWNSTRUCTURE:0.5287756454307783
C_PIECECOORDINATION:0.4071320737872203
C_ROOKANDPAWNMOVEMENT:0.4071320737872203
C_CENTERCONTROL:0.34330258640507993
C_DEVELOPPIECES:0.4963284982771198
C_MATERIAL:0.4830898301843787
