ELO:904
CE_PASSEDPAWNS:0.5546826007624713
CE_PAWNWEAKNESSES:0.46252536165591374
CE_PIECEACTIVITY:0.4755169617968904
CE_KINGPAWNSHIELD:0.4180660253967594
CE_PIECECOORDINATION:0.423743871042175
CE_MATERIAL:0.5772665976643564
CE_KINGSAFETY:0.5442459578661897
C_PIECESQUARETABLES:0.5337292711862347
C_MOBILITY:0.4408404223044833
C_KINGSAFETY:0.4989926969338884
C_PAWNSTRUCTURE:0.4239473270816046
C_PIECECOORDINATION:0.414482955479036
C_ROOKANDPAWNMOVEMENT:0.414482955479036
C_CENTERCONTROL:0.5279874042349166
C_DEVELOPPIECES:0.4891804376205009
C_MATERIAL:0.5782594864729869
