ELO:969
CE_PASSEDPAWNS:0.3439259558643396
CE_PAWNWEAKNESSES:0.48993758660408226
CE_PIECEACTIVITY:0.4421028429474404
CE_KINGPAWNSHIELD:0.6076877828722871
CE_PIECECOORDINATION:0.4764580995647093
CE_MATERIAL:0.48285721392857905
CE_KINGSAFETY:0.43372380401966254
C_PIECESQUARETABLES:0.6070533232918909
C_MOBILITY:0.5368156810652037
C_KINGSAFETY:0.3879146711586335
C_PAWNSTRUCTURE:0.4746376935823556
C_PIECECOORDINATION:0.4564462948370673
C_ROOKANDPAWNMOVEMENT:0.4564462948370673
C_CENTERCONTROL:0.49099278629939214
C_DEVELOPPIECES:0.5980905149498306
C_MATERIAL:0.5035546893750719
