ELO:897
CE_PASSEDPAWNS:0.6029296012577093
CE_PAWNWEAKNESSES:0.5438601905346003
CE_PIECEACTIVITY:0.4358406201456815
CE_KINGPAWNSHIELD:0.43309364207203294
CE_PIECECOORDINATION:0.5117402157745387
CE_MATERIAL:0.5676091689312401
CE_KINGSAFETY:0.4916689475512388
C_PIECESQUARETABLES:0.5805180468338192
C_MOBILITY:0.5400970757413931
C_KINGSAFETY:0.617367195472382
C_PAWNSTRUCTURE:0.5340332379756639
C_PIECECOORDINATION:0.3771261197018686
C_ROOKANDPAWNMOVEMENT:0.3771261197018686
C_CENTERCONTROL:0.4993278452653602
C_DEVELOPPIECES:0.460296732715311
C_MATERIAL:0.5210169023911588
