ELO:883
CE_PASSEDPAWNS:0.5543573751700612
CE_PAWNWEAKNESSES:0.5809158439221064
CE_PIECEACTIVITY:0.5206131722910696
CE_KINGPAWNSHIELD:0.5724872582461696
CE_PIECECOORDINATION:0.5587704083413567
CE_MATERIAL:0.4744644068036996
CE_KINGSAFETY:0.46124054080699683
C_PIECESQUARETABLES:0.5131465284427004
C_MOBILITY:0.4202636031699191
C_KINGSAFETY:0.3733112355550029
C_PAWNSTRUCTURE:0.4305103077306289
C_PIECECOORDINATION:0.4869591173398116
C_ROOKANDPAWNMOVEMENT:0.4869591173398116
C_CENTERCONTROL:0.5814385824510773
C_DEVELOPPIECES:0.4505468642056836
C_MATERIAL:0.5212646825585842
