ELO:898
CE_PASSEDPAWNS:0.4073067558795838
CE_PAWNWEAKNESSES:0.39419794333349384
CE_PIECEACTIVITY:0.4687845891802425
CE_KINGPAWNSHIELD:0.33855810568963735
CE_PIECECOORDINATION:0.4272007972834129
CE_MATERIAL:0.5082916647891852
CE_KINGSAFETY:0.5540891442094211
C_PIECESQUARETABLES:0.482000634848581
C_MOBILITY:0.4455373954879358
C_KINGSAFETY:0.38922789194209495
C_PAWNSTRUCTURE:0.43760614536152664
C_PIECECOORDINATION:0.5275735148173828
C_ROOKANDPAWNMOVEMENT:0.5275735148173828
C_CENTERCONTROL:0.4986960765041344
C_DEVELOPPIECES:0.549225739432337
C_MATERIAL:0.6832391349417692
