ELO:896
CE_PASSEDPAWNS:0.5175818496089616
CE_PAWNWEAKNESSES:0.43479174683040783
CE_PIECEACTIVITY:0.5093449222054874
CE_KINGPAWNSHIELD:0.47944928465641734
CE_PIECECOORDINATION:0.5166514886091232
CE_MATERIAL:0.5636249770753914
CE_KINGSAFETY:0.4990635734308424
C_PIECESQUARETABLES:0.4297240294398511
C_MOBILITY:0.5716686801079035
C_KINGSAFETY:0.5083909398901493
C_PAWNSTRUCTURE:0.5933364176956615
C_PIECECOORDINATION:0.469390004038052
C_ROOKANDPAWNMOVEMENT:0.469390004038052
C_CENTERCONTROL:0.45584175285040524
C_DEVELOPPIECES:0.4999108835988175
C_MATERIAL:0.4829298419687151
