ELO:880
CE_PASSEDPAWNS:0.5046775263574166
CE_PAWNWEAKNESSES:0.5033731447847857
CE_PIECEACTIVITY:0.4278155537755231
CE_KINGPAWNSHIELD:0.404124522566482
CE_PIECECOORDINATION:0.44810033516327297
CE_MATERIAL:0.33036112078505353
CE_KINGSAFETY:0.505252688224607
C_PIECESQUARETABLES:0.5040865349042327
C_MOBILITY:0.4644343075100127
C_KINGSAFETY:0.5720589477285857
C_PAWNSTRUCTURE:0.5263343379651054
C_PIECECOORDINATION:0.530853011669788
C_ROOKANDPAWNMOVEMENT:0.530853011669788
C_CENTERCONTROL:0.5613030493902217
C_DEVELOPPIECES:0.5307860185070227
C_MATERIAL:0.5850429633779309
