ELO:908
CE_PASSEDPAWNS:0.5754317061217302
CE_PAWNWEAKNESSES:0.5630147397381599
CE_PIECEACTIVITY:0.4494597974233107
CE_KINGPAWNSHIELD:0.5098794203084812
CE_PIECECOORDINATION:0.5085473491476962
CE_MATERIAL:0.6266199355293272
CE_KINGSAFETY:0.5412856889013241
C_PIECESQUARETABLES:0.48293070622046197
C_MOBILITY:0.5372217414839386
C_KINGSAFETY:0.5655898601130318
C_PAWNSTRUCTURE:0.6000970847866591
C_PIECECOORDINATION:0.49869712086211226
C_ROOKANDPAWNMOVEMENT:0.49869712086211226
C_CENTERCONTROL:0.5920926855489684
C_DEVELOPPIECES:0.6028770749777528
C_MATERIAL:0.49482535536912137
