ELO:908
CE_PASSEDPAWNS:0.47026702733332837
CE_PAWNWEAKNESSES:0.45660247069560606
CE_PIECEACTIVITY:0.46516826856317345
CE_KINGPAWNSHIELD:0.44733069038824874
CE_PIECECOORDINATION:0.654166429970585
CE_MATERIAL:0.5386216857105881
CE_KINGSAFETY:0.5636709048236604
C_PIECESQUARETABLES:0.44883925948946757
C_MOBILITY:0.4493087340662289
C_KINGSAFETY:0.5932587647100934
C_PAWNSTRUCTURE:0.5925617354020555
C_PIECECOORDINATION:0.5535392636366029
C_ROOKANDPAWNMOVEMENT:0.5535392636366029
C_CENTERCONTROL:0.4875712723570332
C_DEVELOPPIECES:0.6311639577428023
C_MATERIAL:0.46172045992311467
