ELO:908
CE_PASSEDPAWNS:0.47447473965383125
CE_PAWNWEAKNESSES:0.34464758199068274
CE_PIECEACTIVITY:0.6032653205332217
CE_KINGPAWNSHIELD:0.5507733191099687
CE_PIECECOORDINATION:0.538214959289649
CE_MATERIAL:0.5638108362160988
CE_KINGSAFETY:0.5125347516226391
C_PIECESQUARETABLES:0.5243434584629446
C_MOBILITY:0.45994976672229343
C_KINGSAFETY:0.5363360825090334
C_PAWNSTRUCTURE:0.4447422658844367
C_PIECECOORDINATION:0.5096616005130662
C_ROOKANDPAWNMOVEMENT:0.5096616005130662
C_CENTERCONTROL:0.44103676626856875
C_DEVELOPPIECES:0.4659391883683675
C_MATERIAL:0.5266567381514442
