ELO:668
CE_PASSEDPAWNS:0.410264945259897
CE_PAWNWEAKNESSES:0.4412878509662119
CE_PIECEACTIVITY:0.3941361794576167
CE_KINGPAWNSHIELD:0.41001838393028844
CE_PIECECOORDINATION:0.4976347531732545
CE_MATERIAL:0.35815166465956755
CE_KINGSAFETY:0.5464381209524979
C_PIECESQUARETABLES:0.4878670904841096
C_MOBILITY:0.5068835642352847
C_KINGSAFETY:0.5415142735145579
C_PAWNSTRUCTURE:0.4334186493032365
C_PIECECOORDINATION:0.4032777688673081
C_ROOKANDPAWNMOVEMENT:0.4032777688673081
C_CENTERCONTROL:0.43892718357322413
C_DEVELOPPIECES:0.5110764897068676
C_MATERIAL:0.5422247901929266
C_MOVECOUNT:0.48131773110784876
