ELO:724
CE_PASSEDPAWNS:0.4738599259403031
CE_PAWNWEAKNESSES:0.4821286312640425
CE_PIECEACTIVITY:0.5089480090488625
CE_KINGPAWNSHIELD:0.5056056414921213
CE_PIECECOORDINATION:0.5682179523134204
CE_MATERIAL:0.4833920024446525
CE_KINGSAFETY:0.5105607888585236
C_PIECESQUARETABLES:0.5443699771472372
C_MOBILITY:0.4294685997350248
C_KINGSAFETY:0.3839174099508103
C_PAWNSTRUCTURE:0.47541321087992117
C_PIECECOORDINATION:0.6155451552055711
C_ROOKANDPAWNMOVEMENT:0.6155451552055711
C_CENTERCONTROL:0.5226758730594457
C_DEVELOPPIECES:0.5438037001559881
C_MATERIAL:0.3564287285543377
C_MOVECOUNT:0.5070978107275127
