ELO:725
CE_PASSEDPAWNS:0.4798044585002265
CE_PAWNWEAKNESSES:0.4291421528654549
CE_PIECEACTIVITY:0.5271387904435305
CE_KINGPAWNSHIELD:0.4932247568740064
CE_PIECECOORDINATION:0.4318650904761758
CE_MATERIAL:0.4558475923746184
CE_KINGSAFETY:0.48926996878394585
C_PIECESQUARETABLES:0.509609746285952
C_MOBILITY:0.5293049696203437
C_KINGSAFETY:0.44490628363672263
C_PAWNSTRUCTURE:0.41546627314501683
C_PIECECOORDINATION:0.5132120059071373
C_ROOKANDPAWNMOVEMENT:0.5132120059071373
C_CENTERCONTROL:0.49617062096784315
C_DEVELOPPIECES:0.5025548686916597
C_MATERIAL:0.5278271840888246
C_MOVECOUNT:0.5018977995854109
