ELO:722
CE_PASSEDPAWNS:0.5319016273717537
CE_PAWNWEAKNESSES:0.46133406764184404
CE_PIECEACTIVITY:0.5624809946912402
CE_KINGPAWNSHIELD:0.5921815065541816
CE_PIECECOORDINATION:0.5626040904408307
CE_MATERIAL:0.45730922150189524
CE_KINGSAFETY:0.4640630827722848
C_PIECESQUARETABLES:0.5326413013125479
C_MOBILITY:0.4423523176985704
C_KINGSAFETY:0.4393985367173042
C_PAWNSTRUCTURE:0.38979572340603574
C_PIECECOORDINATION:0.53894534844862
C_ROOKANDPAWNMOVEMENT:0.53894534844862
C_CENTERCONTROL:0.47967625513863715
C_DEVELOPPIECES:0.5413123294252632
C_MATERIAL:0.48365288203984397
C_MOVECOUNT:0.49470282926050396
