ELO:844
CE_PASSEDPAWNS:0.5207781198568497
CE_PAWNWEAKNESSES:0.6592534507343177
CE_PIECEACTIVITY:0.5018471558025769
CE_KINGPAWNSHIELD:0.36068603145837214
CE_PIECECOORDINATION:0.47181291593807856
CE_MATERIAL:0.41039357028428136
CE_KINGSAFETY:0.49389021439199315
C_PIECESQUARETABLES:0.5082123471635585
C_MOBILITY:0.5313030553057498
C_KINGSAFETY:0.6141098595060591
C_PAWNSTRUCTURE:0.48418409463271117
C_PIECECOORDINATION:0.39408270413300056
C_ROOKANDPAWNMOVEMENT:0.39408270413300056
C_CENTERCONTROL:0.57685193525775
C_DEVELOPPIECES:0.49982562540799813
C_MATERIAL:0.4262675834234269
C_MOVECOUNT:0.5283613662140136
