ELO:543
CE_PASSEDPAWNS:0.6142735853313723
CE_PAWNWEAKNESSES:0.4283220233235781
CE_PIECEACTIVITY:0.38731528432824025
CE_KINGPAWNSHIELD:0.4578066205191523
CE_PIECECOORDINATION:0.5309542843615052
CE_MATERIAL:0.428931789974667
CE_KINGSAFETY:0.4868064809998603
C_PIECESQUARETABLES:0.49279726730814455
C_MOBILITY:0.5297728264086774
C_KINGSAFETY:0.42139262371205755
C_PAWNSTRUCTURE:0.4282685078531114
C_PIECECOORDINATION:0.4725922785956122
C_ROOKANDPAWNMOVEMENT:0.4725922785956122
C_CENTERCONTROL:0.5007098867966271
C_DEVELOPPIECES:0.5922776128326241
C_MATERIAL:0.5542806578465115
C_MOVECOUNT:0.5120856901426258
