ELO:770
CE_PASSEDPAWNS:0.5538450339594586
CE_PAWNWEAKNESSES:0.4577257393062349
CE_PIECEACTIVITY:0.5126326321506354
CE_KINGPAWNSHIELD:0.5612125500030456
CE_PIECECOORDINATION:0.6068602961370412
CE_MATERIAL:0.6069245256270444
CE_KINGSAFETY:0.48736068778480957
C_PIECESQUARETABLES:0.5028140083569725
C_MOBILITY:0.5647336411310246
C_KINGSAFETY:0.4990522654260496
C_PAWNSTRUCTURE:0.5349008921541989
C_PIECECOORDINATION:0.5348367292860995
C_ROOKANDPAWNMOVEMENT:0.5348367292860995
C_CENTERCONTROL:0.6138747686495879
C_DEVELOPPIECES:0.4971783274234256
C_MATERIAL:0.5418753976432672
C_MOVECOUNT:0.47654856448143346
