ELO:738
CE_PASSEDPAWNS:0.4955890044744652
CE_PAWNWEAKNESSES:0.5511408860730703
CE_PIECEACTIVITY:0.547807929071712
CE_KINGPAWNSHIELD:0.5714369405292928
CE_PIECECOORDINATION:0.47553661044184836
CE_MATERIAL:0.5191733649687307
CE_KINGSAFETY:0.528949759591298
C_PIECESQUARETABLES:0.5131744847065084
C_MOBILITY:0.4495355513181791
C_KINGSAFETY:0.597472113977147
C_PAWNSTRUCTURE:0.4504817516451246
C_PIECECOORDINATION:0.5112276563902712
C_ROOKANDPAWNMOVEMENT:0.5112276563902712
C_CENTERCONTROL:0.4686391056388719
C_DEVELOPPIECES:0.4411221535315771
C_MATERIAL:0.48849470186188937
C_MOVECOUNT:0.4461080714498205
