ELO:795
CE_PASSEDPAWNS:0.46475061015991675
CE_PAWNWEAKNESSES:0.5907455670089798
CE_PIECEACTIVITY:0.5568928437535928
CE_KINGPAWNSHIELD:0.5059423617071171
CE_PIECECOORDINATION:0.4427454401819705
CE_MATERIAL:0.5172727362430557
CE_KINGSAFETY:0.5096554128722945
C_PIECESQUARETABLES:0.5090408921334317
C_MOBILITY:0.3676800739842828
C_KINGSAFETY:0.33694271480650767
C_PAWNSTRUCTURE:0.4902718688768419
C_PIECECOORDINATION:0.47982639009691214
C_ROOKANDPAWNMOVEMENT:0.47982639009691214
C_CENTERCONTROL:0.4266683464370215
C_DEVELOPPIECES:0.513015284189422
C_MATERIAL:0.48100283185201803
C_MOVECOUNT:0.49692848312888444
