ELO:960
CE_PASSEDPAWNS:0.5087286146159404
CE_PAWNWEAKNESSES:0.43904452788421683
CE_PIECEACTIVITY:0.4622833066968581
CE_KINGPAWNSHIELD:0.5141352664604385
CE_PIECECOORDINATION:0.5332629485176207
CE_MATERIAL:0.38739194389264997
CE_KINGSAFETY:0.45405634394607236
C_PIECESQUARETABLES:0.5
C_MOBILITY:0.51815244561494
C_KINGSAFETY:0.5212630770538783
C_PAWNSTRUCTURE:0.5383451718890497
C_PIECECOORDINATION:0.4516818661677615
C_ROOKANDPAWNMOVEMENT:0.4516818661677615
C_CENTERCONTROL:0.6438877093470208
C_DEVELOPPIECES:0.4561110614391536
C_MATERIAL:0.47351898162372025
C_MOVECOUNT:0.5237629977167696
