ELO:761
CE_PASSEDPAWNS:0.5653534798248925
CE_PAWNWEAKNESSES:0.4435280179730237
CE_PIECEACTIVITY:0.5310249710028379
CE_KINGPAWNSHIELD:0.5240404090895735
CE_PIECECOORDINATION:0.49762621480321134
CE_MATERIAL:0.49836490514061726
CE_KINGSAFETY:0.5
C_PIECESQUARETABLES:0.5490353416382899
C_MOBILITY:0.5
C_KINGSAFETY:0.3739008598641351
C_PAWNSTRUCTURE:0.45029003748175134
C_PIECECOORDINATION:0.5876408581053788
C_ROOKANDPAWNMOVEMENT:0.5876408581053788
C_CENTERCONTROL:0.41688153893991153
C_DEVELOPPIECES:0.5612259560242298
C_MATERIAL:0.5186601566349521
C_MOVECOUNT:0.46449388800543834
