ELO:758
CE_PASSEDPAWNS:0.5153135178954042
CE_PAWNWEAKNESSES:0.45701800744138266
CE_PIECEACTIVITY:0.46804963515559894
CE_KINGPAWNSHIELD:0.625953679181699
CE_PIECECOORDINATION:0.49892707996407065
CE_MATERIAL:0.5529273247815559
CE_KINGSAFETY:0.5090678650798904
C_PIECESQUARETABLES:0.5443901822970353
C_MOBILITY:0.5968010836300242
C_KINGSAFETY:0.41680801796301636
C_PAWNSTRUCTURE:0.5034760296743934
C_PIECECOORDINATION:0.5610308344947508
C_ROOKANDPAWNMOVEMENT:0.5610308344947508
C_CENTERCONTROL:0.478342000980789
C_DEVELOPPIECES:0.44390769162335125
C_MATERIAL:0.5270091115465068
C_MOVECOUNT:0.49145400787820914
