ELO:840
CE_PASSEDPAWNS:0.3817159831627087
CE_PAWNWEAKNESSES:0.45055251555702586
CE_PIECEACTIVITY:0.46031889098708345
CE_KINGPAWNSHIELD:0.4924113384650308
CE_PIECECOORDINATION:0.5071775712242115
CE_MATERIAL:0.49565497205795916
CE_KINGSAFETY:0.5101996317339181
C_PIECESQUARETABLES:0.48262817700402255
C_MOBILITY:0.4841449111251176
C_KINGSAFETY:0.4844342717608608
C_PAWNSTRUCTURE:0.512584648412638
C_PIECECOORDINATION:0.5361095372830116
C_ROOKANDPAWNMOVEMENT:0.5361095372830116
C_CENTERCONTROL:0.5728116831189682
C_DEVELOPPIECES:0.5202836958764316
C_MATERIAL:0.49244199184381615
C_MOVECOUNT:0.5
