ELO:739
CE_PASSEDPAWNS:0.4373364749703805
CE_PAWNWEAKNESSES:0.4913468338332749
CE_PIECEACTIVITY:0.4426725526653021
CE_KINGPAWNSHIELD:0.4483765065580912
CE_PIECECOORDINATION:0.5417943110329742
CE_MATERIAL:0.48483065101453976
CE_KINGSAFETY:0.4534552104734253
C_PIECESQUARETABLES:0.5914844258833954
C_MOBILITY:0.4325448448441551
C_KINGSAFETY:0.5411133250401244
C_PAWNSTRUCTURE:0.4772547359317356
C_PIECECOORDINATION:0.53743606122532
C_ROOKANDPAWNMOVEMENT:0.53743606122532
C_CENTERCONTROL:0.5318262986042195
C_DEVELOPPIECES:0.50177869043717
C_MATERIAL:0.4480082621732697
C_MOVECOUNT:0.5114178434664526
