ELO:870
CE_PASSEDPAWNS:0.489087324765298
CE_PAWNWEAKNESSES:0.44852801764021716
CE_PIECEACTIVITY:0.35189889993503387
CE_KINGPAWNSHIELD:0.5083986575117891
CE_PIECECOORDINATION:0.5992235529662985
CE_MATERIAL:0.42241944125951714
CE_KINGSAFETY:0.5
C_PIECESQUARETABLES:0.5
C_MOBILITY:0.506850973195257
C_KINGSAFETY:0.6162516380773034
C_PAWNSTRUCTURE:0.5104209912930063
C_PIECECOORDINATION:0.6223301338042752
C_ROOKANDPAWNMOVEMENT:0.6223301338042752
C_CENTERCONTROL:0.6538372037490845
C_DEVELOPPIECES:0.43141368578632255
C_MATERIAL:0.4631418055548471
C_MOVECOUNT:0.5
