ELO:815
CE_PASSEDPAWNS:0.5853894104625127
CE_PAWNWEAKNESSES:0.5136410543423077
CE_PIECEACTIVITY:0.46372323594931325
CE_KINGPAWNSHIELD:0.5181368691287292
CE_PIECECOORDINATION:0.3999030705634538
CE_MATERIAL:0.487749639694192
CE_KINGSAFETY:0.5471020062491889
C_PIECESQUARETABLES:0.48944750213072574
C_MOBILITY:0.4956765007169861
C_KINGSAFETY:0.4316309215735375
C_PAWNSTRUCTURE:0.47529828181065564
C_PIECECOORDINATION:0.4973220791464405
C_ROOKANDPAWNMOVEMENT:0.4973220791464405
C_CENTERCONTROL:0.4892159748478409
C_DEVELOPPIECES:0.4207228185368976
C_MATERIAL:0.5600140011663723
C_MOVECOUNT:0.5041419354455535
