ELO:955
CE_PASSEDPAWNS:0.4884329465413175
CE_PAWNWEAKNESSES:0.42434726313756893
CE_PIECEACTIVITY:0.4053436992752305
CE_KINGPAWNSHIELD:0.5
CE_PIECECOORDINATION:0.41745719661408004
CE_MATERIAL:0.4839441222758687
CE_KINGSAFETY:0.5
C_PIECESQUARETABLES:0.5
C_MOBILITY:0.40560055319796234
C_KINGSAFETY:0.45331230273512724
C_PAWNSTRUCTURE:0.5091220547528964
C_PIECECOORDINATION:0.47631112680442295
C_ROOKANDPAWNMOVEMENT:0.47631112680442295
C_CENTERCONTROL:0.5990128211892207
C_DEVELOPPIECES:0.467851394839735
C_MATERIAL:0.4369197539743115
C_MOVECOUNT:0.5
