ELO:862
CE_PASSEDPAWNS:0.6198011267664244
CE_PAWNWEAKNESSES:0.43363866880806967
CE_PIECEACTIVITY:0.5204836863865644
CE_KINGPAWNSHIELD:0.4700775042002906
CE_PIECECOORDINATION:0.48564063279836545
CE_MATERIAL:0.380774835708033
CE_KINGSAFETY:0.5
C_PIECESQUARETABLES:0.5
C_MOBILITY:0.5026921092397274
C_KINGSAFETY:0.6170932784112692
C_PAWNSTRUCTURE:0.5093134734611626
C_PIECECOORDINATION:0.4562118515675272
C_ROOKANDPAWNMOVEMENT:0.4562118515675272
C_CENTERCONTROL:0.5719849924366864
C_DEVELOPPIECES:0.5009461628085913
C_MATERIAL:0.4778916391878081
C_MOVECOUNT:0.49091408130462966
