ELO:921
CE_PASSEDPAWNS:0.5984250940026027
CE_PAWNWEAKNESSES:0.43662067284621664
CE_PIECEACTIVITY:0.5412503231619679
CE_KINGPAWNSHIELD:0.4649305519969675
CE_PIECECOORDINATION:0.505703926250014
CE_MATERIAL:0.5045256745625136
CE_KINGSAFETY:0.5
C_PIECESQUARETABLES:0.5
C_MOBILITY:0.4807074975718296
C_KINGSAFETY:0.29758202122686583
C_PAWNSTRUCTURE:0.6013453760212717
C_PIECECOORDINATION:0.4735141388030254
C_ROOKANDPAWNMOVEMENT:0.4735141388030254
C_CENTERCONTROL:0.5381864437113257
C_DEVELOPPIECES:0.46589676979905364
C_MATERIAL:0.5
C_MOVECOUNT:0.5
