ELO:740
CE_PASSEDPAWNS:0.5104964380428594
CE_PAWNWEAKNESSES:0.4411095017004175
CE_PIECEACTIVITY:0.40600780686864013
CE_KINGPAWNSHIELD:0.49152442551387776
CE_PIECECOORDINATION:0.5572310960144253
CE_MATERIAL:0.543939941495962
CE_KINGSAFETY:0.47603498104801284
C_PIECESQUARETABLES:0.5153098404932983
C_MOBILITY:0.48628440305296056
C_KINGSAFETY:0.4409791780445505
C_PAWNSTRUCTURE:0.5097572153438021
C_PIECECOORDINATION:0.5175083089626159
C_ROOKANDPAWNMOVEMENT:0.5175083089626159
C_CENTERCONTROL:0.3883583226357243
C_DEVELOPPIECES:0.5892039865033957
C_MATERIAL:0.3324288447990732
C_MOVECOUNT:0.4821552062241535
