ELO:672
CE_PASSEDPAWNS:0.4958580649190677
CE_PAWNWEAKNESSES:0.600097640773575
CE_PIECEACTIVITY:0.4673172954505283
CE_KINGPAWNSHIELD:0.3660950455081576
CE_PIECECOORDINATION:0.5850179802121865
CE_MATERIAL:0.4825864643485606
CE_KINGSAFETY:0.5358516021307103
C_PIECESQUARETABLES:0.5357400309434092
C_MOBILITY:0.6003171109010783
C_KINGSAFETY:0.5267101046457768
C_PAWNSTRUCTURE:0.5680276355935162
C_PIECECOORDINATION:0.5208818588677164
C_ROOKANDPAWNMOVEMENT:0.5208818588677164
C_CENTERCONTROL:0.44378001528681243
C_DEVELOPPIECES:0.6083006264405926
C_MATERIAL:0.454404463651494
C_MOVECOUNT:0.543525356774325
