ELO:674
CE_PASSEDPAWNS:0.44481217681018836
CE_PAWNWEAKNESSES:0.5381290150856818
CE_PIECEACTIVITY:0.6796410346799145
CE_KINGPAWNSHIELD:0.462766672822788
CE_PIECECOORDINATION:0.5354876931658235
CE_MATERIAL:0.4613365282119323
CE_KINGSAFETY:0.46792522957251736
C_PIECESQUARETABLES:0.44925609163202446
C_MOBILITY:0.5065855147723899
C_KINGSAFETY:0.5916320893718865
C_PAWNSTRUCTURE:0.5500109331920476
C_PIECECOORDINATION:0.6226088513024918
C_ROOKANDPAWNMOVEMENT:0.6226088513024918
C_CENTERCONTROL:0.5009902238972321
C_DEVELOPPIECES:0.6233408191812168
C_MATERIAL:0.5161599080095092
C_MOVECOUNT:0.513136519369341
