ELO:754
CE_PASSEDPAWNS:0.5825700594086091
CE_PAWNWEAKNESSES:0.45970070309526584
CE_PIECEACTIVITY:0.4157230159121271
CE_KINGPAWNSHIELD:0.5457659204194327
CE_PIECECOORDINATION:0.4922634166275545
CE_MATERIAL:0.45733550207100565
CE_KINGSAFETY:0.5294425435562257
C_PIECESQUARETABLES:0.4811217886088116
C_MOBILITY:0.49926672099952746
C_KINGSAFETY:0.4578944957630946
C_PAWNSTRUCTURE:0.380762515718637
C_PIECECOORDINATION:0.47583133534329236
C_ROOKANDPAWNMOVEMENT:0.47583133534329236
C_CENTERCONTROL:0.43849013878852067
C_DEVELOPPIECES:0.4455036128606691
C_MATERIAL:0.5044000842330119
C_MOVECOUNT:0.5
