ELO:780
CE_PASSEDPAWNS:0.47829149001029353
CE_PAWNWEAKNESSES:0.49084147699999414
CE_PIECEACTIVITY:0.4512241955868467
CE_KINGPAWNSHIELD:0.4243587644366828
CE_PIECECOORDINATION:0.4255875424679048
CE_MATERIAL:0.54327325809013
CE_KINGSAFETY:0.49515364696030023
C_PIECESQUARETABLES:0.4762677318149365
C_MOBILITY:0.5915579244285559
C_KINGSAFETY:0.49751253518485766
C_PAWNSTRUCTURE:0.49677837792812624
C_PIECECOORDINATION:0.4067920443832379
C_ROOKANDPAWNMOVEMENT:0.4067920443832379
C_CENTERCONTROL:0.5696744378049305
C_DEVELOPPIECES:0.343646577548527
C_MATERIAL:0.44639459283376004
C_MOVECOUNT:0.5
