ELO:625
CE_PASSEDPAWNS:0.5647327957666544
CE_PAWNWEAKNESSES:0.4397622124364724
CE_PIECEACTIVITY:0.4368069403847164
CE_KINGPAWNSHIELD:0.6097634867622571
CE_PIECECOORDINATION:0.5324162568411559
CE_MATERIAL:0.5349806369718788
CE_KINGSAFETY:0.4828296851510529
C_PIECESQUARETABLES:0.47992291761500255
C_MOBILITY:0.4976206104432364
C_KINGSAFETY:0.43059737415761534
C_PAWNSTRUCTURE:0.5310668618419288
C_PIECECOORDINATION:0.4712141318287641
C_ROOKANDPAWNMOVEMENT:0.4712141318287641
C_CENTERCONTROL:0.4461834655880957
C_DEVELOPPIECES:0.5036975328826805
C_MATERIAL:0.5927092152845079
C_MOVECOUNT:0.4867163661036324
