ELO:776
CE_PASSEDPAWNS:0.48398208709642654
CE_PAWNWEAKNESSES:0.5413459040782146
CE_PIECEACTIVITY:0.5676232694798388
CE_KINGPAWNSHIELD:0.4260960755366974
CE_PIECECOORDINATION:0.4775377450037623
CE_MATERIAL:0.5312197746965898
CE_KINGSAFETY:0.5306388630186876
C_PIECESQUARETABLES:0.5136205722273328
C_MOBILITY:0.580325452264656
C_KINGSAFETY:0.5118772907669688
C_PAWNSTRUCTURE:0.5671734074741662
C_PIECECOORDINATION:0.513600666029872
C_ROOKANDPAWNMOVEMENT:0.513600666029872
C_CENTERCONTROL:0.3775961224901498
C_DEVELOPPIECES:0.4086820404801682
C_MATERIAL:0.4415742782908123
C_MOVECOUNT:0.5309288784558929
