ELO:809
CE_PASSEDPAWNS:0.5354750913050454
CE_PAWNWEAKNESSES:0.4243387918514559
CE_PIECEACTIVITY:0.3813845077410701
CE_KINGPAWNSHIELD:0.5860427412009326
CE_PIECECOORDINATION:0.5425986788407883
CE_MATERIAL:0.4087439905380149
CE_KINGSAFETY:0.45222372764925006
C_PIECESQUARETABLES:0.5114798273961172
C_MOBILITY:0.46633588359709993
C_KINGSAFETY:0.39155268902909024
C_PAWNSTRUCTURE:0.5093520691468304
C_PIECECOORDINATION:0.3598268748936225
C_ROOKANDPAWNMOVEMENT:0.3598268748936225
C_CENTERCONTROL:0.3879814129858722
C_DEVELOPPIECES:0.4391469177543487
C_MATERIAL:0.48170908058951967
C_MOVECOUNT:0.5185381385038145
