ELO:710
CE_PASSEDPAWNS:0.46071425497816043
CE_PAWNWEAKNESSES:0.5692494411080935
CE_PIECEACTIVITY:0.5472862826823514
CE_KINGPAWNSHIELD:0.4077154870787707
CE_PIECECOORDINATION:0.47146623158949624
CE_MATERIAL:0.5243722899460252
CE_KINGSAFETY:0.5252269132505029
C_PIECESQUARETABLES:0.5056223785856715
C_MOBILITY:0.46358472821972835
C_KINGSAFETY:0.5471238456330376
C_PAWNSTRUCTURE:0.38409351264724073
C_PIECECOORDINATION:0.5053280313364159
C_ROOKANDPAWNMOVEMENT:0.5053280313364159
C_CENTERCONTROL:0.5108965747893426
C_DEVELOPPIECES:0.5744329686217579
C_MATERIAL:0.4005458844694511
C_MOVECOUNT:0.5257955794021993
