ELO:750
CE_PASSEDPAWNS:0.4331965529725602
CE_PAWNWEAKNESSES:0.5836280767505392
CE_PIECEACTIVITY:0.557349715082739
CE_KINGPAWNSHIELD:0.4623887378549226
CE_PIECECOORDINATION:0.5221827254868652
CE_MATERIAL:0.353060230491846
CE_KINGSAFETY:0.5156136892368572
C_PIECESQUARETABLES:0.5
C_MOBILITY:0.5274313829922151
C_KINGSAFETY:0.5138107230472524
C_PAWNSTRUCTURE:0.4547950356325573
C_PIECECOORDINATION:0.597541991831662
C_ROOKANDPAWNMOVEMENT:0.597541991831662
C_CENTERCONTROL:0.4374394251581976
C_DEVELOPPIECES:0.5083123100169655
C_MATERIAL:0.4930941313861245
C_MOVECOUNT:0.5318001013628334
