ELO:813
CE_PASSEDPAWNS:0.43516305163177343
CE_PAWNWEAKNESSES:0.43693926949496315
CE_PIECEACTIVITY:0.47125409269679186
CE_KINGPAWNSHIELD:0.5298350564921285
CE_PIECECOORDINATION:0.5075335895907983
CE_MATERIAL:0.5092337932201216
CE_KINGSAFETY:0.5
C_PIECESQUARETABLES:0.5
C_MOBILITY:0.5273628249895087
C_KINGSAFETY:0.5828907576275434
C_PAWNSTRUCTURE:0.4988541301362971
C_PIECECOORDINATION:0.3861909833418873
C_ROOKANDPAWNMOVEMENT:0.3861909833418873
C_CENTERCONTROL:0.4572684751911312
C_DEVELOPPIECES:0.5979258940449867
C_MATERIAL:0.45744823192635764
C_MOVECOUNT:0.4917342590909174
