ELO:778
CE_PASSEDPAWNS:0.372565267029454
CE_PAWNWEAKNESSES:0.5941644954754719
CE_PIECEACTIVITY:0.527423732711596
CE_KINGPAWNSHIELD:0.5276441303407647
CE_PIECECOORDINATION:0.5058046130281941
CE_MATERIAL:0.44997661118277865
CE_KINGSAFETY:0.4619866501416588
C_PIECESQUARETABLES:0.5
C_MOBILITY:0.46087133474598596
C_KINGSAFETY:0.5236040780285054
C_PAWNSTRUCTURE:0.4554810495290934
C_PIECECOORDINATION:0.5887275029478953
C_ROOKANDPAWNMOVEMENT:0.5887275029478953
C_CENTERCONTROL:0.5973087361554871
C_DEVELOPPIECES:0.4308099419458997
C_MATERIAL:0.49008766406617726
C_MOVECOUNT:0.5315768609896268
