ELO:680
CE_PASSEDPAWNS:0.5907902358204751
CE_PAWNWEAKNESSES:0.6446905564176654
CE_PIECEACTIVITY:0.5105351883428783
CE_KINGPAWNSHIELD:0.43274215635398333
CE_PIECECOORDINATION:0.6339782556054304
CE_MATERIAL:0.5591639870796864
CE_KINGSAFETY:0.48582818725739263
C_PIECESQUARETABLES:0.48318417756839055
C_MOBILITY:0.512119272609401
C_KINGSAFETY:0.5389414364039848
C_PAWNSTRUCTURE:0.5926037249347338
C_PIECECOORDINATION:0.4645160196740624
C_ROOKANDPAWNMOVEMENT:0.4645160196740624
C_CENTERCONTROL:0.4925673349114453
C_DEVELOPPIECES:0.5990636528878325
C_MATERIAL:0.4740555784430971
C_MOVECOUNT:0.5029305908470644
