ELO:822
CE_PASSEDPAWNS:0.44678294375431227
CE_PAWNWEAKNESSES:0.48614443915107053
CE_PIECEACTIVITY:0.38702017975621694
CE_KINGPAWNSHIELD:0.5123115648212255
CE_PIECECOORDINATION:0.5832031363573976
CE_MATERIAL:0.5098803190765061
CE_KINGSAFETY:0.5
C_PIECESQUARETABLES:0.5
C_MOBILITY:0.4952352527065514
C_KINGSAFETY:0.5371046085555942
C_PAWNSTRUCTURE:0.488898825257246
C_PIECECOORDINATION:0.5916876606570898
C_ROOKANDPAWNMOVEMENT:0.5916876606570898
C_CENTERCONTROL:0.48737583481922847
C_DEVELOPPIECES:0.44050650998912266
C_MATERIAL:0.46976986379767866
C_MOVECOUNT:0.5078058323784997
