ELO:669
CE_PASSEDPAWNS:0.4589856273099046
CE_PAWNWEAKNESSES:0.37995525534686514
CE_PIECEACTIVITY:0.5312171655839881
CE_KINGPAWNSHIELD:0.43428236223345906
CE_PIECECOORDINATION:0.6008820656725027
CE_MATERIAL:0.5365997647469202
CE_KINGSAFETY:0.5081037877219063
C_PIECESQUARETABLES:0.504715511069699
C_MOBILITY:0.5264477206839931
C_KINGSAFETY:0.6029225305682552
C_PAWNSTRUCTURE:0.4731727443291592
C_PIECECOORDINATION:0.5346795573690846
C_ROOKANDPAWNMOVEMENT:0.5346795573690846
C_CENTERCONTROL:0.3378126606674839
C_DEVELOPPIECES:0.5990674521047018
C_MATERIAL:0.44566204479392435
C_MOVECOUNT:0.4928038130490692
