ELO:766
CE_PASSEDPAWNS:0.617350364774116
CE_PAWNWEAKNESSES:0.432217822503815
CE_PIECEACTIVITY:0.4620944080540329
CE_KINGPAWNSHIELD:0.5546283277293573
CE_PIECECOORDINATION:0.6667487524514832
CE_MATERIAL:0.5451998426498295
CE_KINGSAFETY:0.45495668975841513
C_PIECESQUARETABLES:0.5132299268590984
C_MOBILITY:0.5751625612367536
C_KINGSAFETY:0.4932502744882228
C_PAWNSTRUCTURE:0.5315597304185309
C_PIECECOORDINATION:0.49311556641326454
C_ROOKANDPAWNMOVEMENT:0.49311556641326454
C_CENTERCONTROL:0.5644271194397896
C_DEVELOPPIECES:0.4412869930133131
C_MATERIAL:0.36166977654650584
C_MOVECOUNT:0.5
