ELO:713
CE_PASSEDPAWNS:0.46104753434413337
CE_PAWNWEAKNESSES:0.44278047698997725
CE_PIECEACTIVITY:0.6020191761612121
CE_KINGPAWNSHIELD:0.5757123512452874
CE_PIECECOORDINATION:0.42809126374882744
CE_MATERIAL:0.47629959146379613
CE_KINGSAFETY:0.5099512519098829
C_PIECESQUARETABLES:0.5495356921011951
C_MOBILITY:0.44404726754343143
C_KINGSAFETY:0.4079704211252494
C_PAWNSTRUCTURE:0.3884395670489923
C_PIECECOORDINATION:0.5286153947520579
C_ROOKANDPAWNMOVEMENT:0.5286153947520579
C_CENTERCONTROL:0.5626698047013979
C_DEVELOPPIECES:0.4022271765633459
C_MATERIAL:0.4593905177532655
C_MOVECOUNT:0.48198278276312334
