ELO:726
CE_PASSEDPAWNS:0.4173248639518579
CE_PAWNWEAKNESSES:0.47191995511815377
CE_PIECEACTIVITY:0.46878333002945805
CE_KINGPAWNSHIELD:0.5249819825634627
CE_PIECECOORDINATION:0.4617270958350178
CE_MATERIAL:0.46574811437593305
CE_KINGSAFETY:0.5139539924470643
C_PIECESQUARETABLES:0.41099885337372655
C_MOBILITY:0.509171883870639
C_KINGSAFETY:0.5918516244272489
C_PAWNSTRUCTURE:0.5125489727539317
C_PIECECOORDINATION:0.6619357934609641
C_ROOKANDPAWNMOVEMENT:0.6619357934609641
C_CENTERCONTROL:0.49978193403153065
C_DEVELOPPIECES:0.4770044626299165
C_MATERIAL:0.4362753211404227
C_MOVECOUNT:0.4856016887023194
