ELO:768
CE_PASSEDPAWNS:0.47026241390005435
CE_PAWNWEAKNESSES:0.49711853781099546
CE_PIECEACTIVITY:0.39684542203248585
CE_KINGPAWNSHIELD:0.4854688570773823
CE_PIECECOORDINATION:0.6422800558674449
CE_MATERIAL:0.49761639308788397
CE_KINGSAFETY:0.42078847114969276
C_PIECESQUARETABLES:0.5316829576024158
C_MOBILITY:0.48804439224094837
C_KINGSAFETY:0.49664811685949656
C_PAWNSTRUCTURE:0.36139564269769864
C_PIECECOORDINATION:0.4614817163314663
C_ROOKANDPAWNMOVEMENT:0.4614817163314663
C_CENTERCONTROL:0.5069359504753682
C_DEVELOPPIECES:0.5555329396733948
C_MATERIAL:0.44527222836095315
C_MOVECOUNT:0.4905135447876043
