ELO:683
CE_PASSEDPAWNS:0.4519706694320707
CE_PAWNWEAKNESSES:0.5449588264379269
CE_PIECEACTIVITY:0.4696630165092301
CE_KINGPAWNSHIELD:0.5741826030677156
CE_PIECECOORDINATION:0.4901587224774301
CE_MATERIAL:0.5499945709789611
CE_KINGSAFETY:0.4973153843873641
C_PIECESQUARETABLES:0.5291854701814256
C_MOBILITY:0.5867694408976266
C_KINGSAFETY:0.4815532517446163
C_PAWNSTRUCTURE:0.47155008187440256
C_PIECECOORDINATION:0.5685380006021019
C_ROOKANDPAWNMOVEMENT:0.5685380006021019
C_CENTERCONTROL:0.5041378682566008
C_DEVELOPPIECES:0.4632656789953791
C_MATERIAL:0.45684330071746904
C_MOVECOUNT:0.5557776298130144
