ELO:773
CE_PASSEDPAWNS:0.46336136245329396
CE_PAWNWEAKNESSES:0.4289666102179276
CE_PIECEACTIVITY:0.5111456119429494
CE_KINGPAWNSHIELD:0.5082023535528051
CE_PIECECOORDINATION:0.5535801691925389
CE_MATERIAL:0.38875019349327217
CE_KINGSAFETY:0.46531706316694377
C_PIECESQUARETABLES:0.5216646685105124
C_MOBILITY:0.3197106798914746
C_KINGSAFETY:0.5146916680102277
C_PAWNSTRUCTURE:0.48397766193703146
C_PIECECOORDINATION:0.5773806146955321
C_ROOKANDPAWNMOVEMENT:0.5773806146955321
C_CENTERCONTROL:0.443975410916122
C_DEVELOPPIECES:0.4938492335178421
C_MATERIAL:0.4906053002571483
C_MOVECOUNT:0.4725799103034385
