ELO:649
CE_PASSEDPAWNS:0.4249202998628529
CE_PAWNWEAKNESSES:0.490897541391544
CE_PIECEACTIVITY:0.4613682609466973
CE_KINGPAWNSHIELD:0.4802027694531559
CE_PIECECOORDINATION:0.5451698682842361
CE_MATERIAL:0.4776272205115822
CE_KINGSAFETY:0.5336843679398547
C_PIECESQUARETABLES:0.5700541603366762
C_MOBILITY:0.5680633929732812
C_KINGSAFETY:0.45058062577427427
C_PAWNSTRUCTURE:0.52198116460201
C_PIECECOORDINATION:0.4127694649683451
C_ROOKANDPAWNMOVEMENT:0.4127694649683451
C_CENTERCONTROL:0.5477807619151688
C_DEVELOPPIECES:0.46239106193247353
C_MATERIAL:0.5396540805776477
C_MOVECOUNT:0.4977762421695694
