ELO:588
CE_PASSEDPAWNS:0.3739566971112471
CE_PAWNWEAKNESSES:0.4615315274325949
CE_PIECEACTIVITY:0.5022078781604239
CE_KINGPAWNSHIELD:0.5518795049266401
CE_PIECECOORDINATION:0.5729709750014702
CE_MATERIAL:0.4375037673144582
CE_KINGSAFETY:0.5037803402364955
C_PIECESQUARETABLES:0.4484434013567265
C_MOBILITY:0.5287834699021172
C_KINGSAFETY:0.465900712679362
C_PAWNSTRUCTURE:0.5691777402020666
C_PIECECOORDINATION:0.49750250822886316
C_ROOKANDPAWNMOVEMENT:0.49750250822886316
C_CENTERCONTROL:0.2957108020067847
C_DEVELOPPIECES:0.5652748289023963
C_MATERIAL:0.49925251968855244
C_MOVECOUNT:0.47803316036407784
