ELO:602
CE_PASSEDPAWNS:0.48021011910898415
CE_PAWNWEAKNESSES:0.43513994080801666
CE_PIECEACTIVITY:0.4523954466600523
CE_KINGPAWNSHIELD:0.5713797670691577
CE_PIECECOORDINATION:0.48136212284817337
CE_MATERIAL:0.4732990362039008
CE_KINGSAFETY:0.4448893072951046
C_PIECESQUARETABLES:0.49570604438153504
C_MOBILITY:0.47833401049332624
C_KINGSAFETY:0.5058222719403287
C_PAWNSTRUCTURE:0.48990135439258237
C_PIECECOORDINATION:0.5578593876680334
C_ROOKANDPAWNMOVEMENT:0.5578593876680334
C_CENTERCONTROL:0.481729761461662
C_DEVELOPPIECES:0.45662402067510127
C_MATERIAL:0.4710489305308392
C_MOVECOUNT:0.5575811425479517
