ELO:695
CE_PASSEDPAWNS:0.6063660007900923
CE_PAWNWEAKNESSES:0.5434329844714528
CE_PIECEACTIVITY:0.47892276807001155
CE_KINGPAWNSHIELD:0.5944578111868666
CE_PIECECOORDINATION:0.504497688704196
CE_MATERIAL:0.4311850512537983
CE_KINGSAFETY:0.43658651058729975
C_PIECESQUARETABLES:0.4675336094568062
C_MOBILITY:0.5574353978926615
C_KINGSAFETY:0.4551532130384994
C_PAWNSTRUCTURE:0.5496973663862125
C_PIECECOORDINATION:0.5612448984455563
C_ROOKANDPAWNMOVEMENT:0.5612448984455563
C_CENTERCONTROL:0.522430135759402
C_DEVELOPPIECES:0.48791403516722914
C_MATERIAL:0.4505241915302485
C_MOVECOUNT:0.4726868533857399
