ELO:728
CE_PASSEDPAWNS:0.5512925106571772
CE_PAWNWEAKNESSES:0.6005120603017172
CE_PIECEACTIVITY:0.4759253446090631
CE_KINGPAWNSHIELD:0.4329510090630433
CE_PIECECOORDINATION:0.438556408514203
CE_MATERIAL:0.46342572750009803
CE_KINGSAFETY:0.5521150186386241
C_PIECESQUARETABLES:0.5212895242540418
C_MOBILITY:0.4490203014870372
C_KINGSAFETY:0.5196461424067153
C_PAWNSTRUCTURE:0.5474975821583853
C_PIECECOORDINATION:0.5033972780516154
C_ROOKANDPAWNMOVEMENT:0.5033972780516154
C_CENTERCONTROL:0.5369640633552525
C_DEVELOPPIECES:0.49561714321146894
C_MATERIAL:0.5856170574529744
C_MOVECOUNT:0.5625517132241299
