ELO:740
CE_PASSEDPAWNS:0.44601735578957125
CE_PAWNWEAKNESSES:0.5111992456896194
CE_PIECEACTIVITY:0.5502297422412215
CE_KINGPAWNSHIELD:0.4465174714314704
CE_PIECECOORDINATION:0.5538257452414797
CE_MATERIAL:0.5634008301631236
CE_KINGSAFETY:0.5069406935132847
C_PIECESQUARETABLES:0.5079312518518937
C_MOBILITY:0.43497019130949816
C_KINGSAFETY:0.3842885266432387
C_PAWNSTRUCTURE:0.5586830564502513
C_PIECECOORDINATION:0.5949703574519034
C_ROOKANDPAWNMOVEMENT:0.5949703574519034
C_CENTERCONTROL:0.5693824050707352
C_DEVELOPPIECES:0.5142502909504857
C_MATERIAL:0.5604383583220504
C_MOVECOUNT:0.4648415583700632
