ELO:757
CE_PASSEDPAWNS:0.5967947672466074
CE_PAWNWEAKNESSES:0.5920480681513082
CE_PIECEACTIVITY:0.6109688065037912
CE_KINGPAWNSHIELD:0.4426069587636746
CE_PIECECOORDINATION:0.5066942360847484
CE_MATERIAL:0.49590808559719324
CE_KINGSAFETY:0.46606035260178386
C_PIECESQUARETABLES:0.4985239029567129
C_MOBILITY:0.5261234584478305
C_KINGSAFETY:0.44953340571292627
C_PAWNSTRUCTURE:0.4874059810808194
C_PIECECOORDINATION:0.5969442878743932
C_ROOKANDPAWNMOVEMENT:0.5969442878743932
C_CENTERCONTROL:0.4850403299265417
C_DEVELOPPIECES:0.5476637078345841
C_MATERIAL:0.4903144691517824
C_MOVECOUNT:0.5344419991437739
