ELO:717
CE_PASSEDPAWNS:0.5867353407668948
CE_PAWNWEAKNESSES:0.6143653532176784
CE_PIECEACTIVITY:0.539080055702698
CE_KINGPAWNSHIELD:0.4222173636443273
CE_PIECECOORDINATION:0.549114776140417
CE_MATERIAL:0.5303167881165338
CE_KINGSAFETY:0.4824600889999235
C_PIECESQUARETABLES:0.5296809496424871
C_MOBILITY:0.4491737782305662
C_KINGSAFETY:0.6080687384284671
C_PAWNSTRUCTURE:0.5160692241415499
C_PIECECOORDINATION:0.5009943878451628
C_ROOKANDPAWNMOVEMENT:0.5009943878451628
C_CENTERCONTROL:0.44704518027372825
C_DEVELOPPIECES:0.40643481088546923
C_MATERIAL:0.43773238599581127
C_MOVECOUNT:0.45018572885236363
