ELO:359
CE_PASSEDPAWNS:0.5900612040388168
CE_PAWNWEAKNESSES:0.5571410794932958
CE_PIECEACTIVITY:0.34604431331364005
CE_KINGPAWNSHIELD:0.4215193285903538
CE_PIECECOORDINATION:0.5848192156145338
CE_MATERIAL:0.5721450384026509
CE_KINGSAFETY:0.6126669277582003
C_PIECESQUARETABLES:0.5330576225529342
C_MOBILITY:0.6016384495712932
C_KINGSAFETY:0.5769103844659287
C_PAWNSTRUCTURE:0.48647792586985783
C_PIECECOORDINATION:0.45245622330947577
C_ROOKANDPAWNMOVEMENT:0.45245622330947577
C_CENTERCONTROL:0.4538186649175319
C_DEVELOPPIECES:0.4029234593655271
C_MATERIAL:0.4750030548465585
C_MOVECOUNT:0.5286580440210529
