ELO:669
CE_PASSEDPAWNS:0.5605347077919979
CE_PAWNWEAKNESSES:0.49458966493095785
CE_PIECEACTIVITY:0.32523505148663917
CE_KINGPAWNSHIELD:0.47920318030019265
CE_PIECECOORDINATION:0.5580904642417275
CE_MATERIAL:0.4445119104762206
CE_KINGSAFETY:0.5813439268466624
C_PIECESQUARETABLES:0.5450085086238341
C_MOBILITY:0.538818177225144
C_KINGSAFETY:0.4247681166144985
C_PAWNSTRUCTURE:0.5404389074863675
C_PIECECOORDINATION:0.4039706043730924
C_ROOKANDPAWNMOVEMENT:0.4039706043730924
C_CENTERCONTROL:0.3661856917803208
C_DEVELOPPIECES:0.5052558444044024
C_MATERIAL:0.4729865386182561
C_MOVECOUNT:0.524234844012186
