ELO:653
CE_PASSEDPAWNS:0.43884074726295946
CE_PAWNWEAKNESSES:0.6021370458036225
CE_PIECEACTIVITY:0.48113169415283885
CE_KINGPAWNSHIELD:0.48684274847235526
CE_PIECECOORDINATION:0.5379587049207643
CE_MATERIAL:0.524488091321258
CE_KINGSAFETY:0.4635832564622613
C_PIECESQUARETABLES:0.4706483583309033
C_MOBILITY:0.5669466278259493
C_KINGSAFETY:0.5220005939351575
C_PAWNSTRUCTURE:0.49947232475492337
C_PIECECOORDINATION:0.5539808473457649
C_ROOKANDPAWNMOVEMENT:0.5539808473457649
C_CENTERCONTROL:0.4776772746280282
C_DEVELOPPIECES:0.4544124987703013
C_MATERIAL:0.42704705208725996
C_MOVECOUNT:0.5457045863945849
