ELO:678
CE_PASSEDPAWNS:0.5605680321788068
CE_PAWNWEAKNESSES:0.5189260029749695
CE_PIECEACTIVITY:0.5263397241010802
CE_KINGPAWNSHIELD:0.5206776904550867
CE_PIECECOORDINATION:0.4882890932838625
CE_MATERIAL:0.48543910333430296
CE_KINGSAFETY:0.4796803867771626
C_PIECESQUARETABLES:0.4803491091681392
C_MOBILITY:0.5039748236238161
C_KINGSAFETY:0.46652609175314236
C_PAWNSTRUCTURE:0.6374083450260902
C_PIECECOORDINATION:0.5346444162085368
C_ROOKANDPAWNMOVEMENT:0.5346444162085368
C_CENTERCONTROL:0.44870804942256237
C_DEVELOPPIECES:0.48329455387864645
C_MATERIAL:0.4292634149179231
C_MOVECOUNT:0.47810182220323677
