ELO:582
CE_PASSEDPAWNS:0.4931559190563314
CE_PAWNWEAKNESSES:0.6479072908389807
CE_PIECEACTIVITY:0.5877485875553609
CE_KINGPAWNSHIELD:0.5301762636537755
CE_PIECECOORDINATION:0.37011285838389346
CE_MATERIAL:0.4226615048308019
CE_KINGSAFETY:0.513724998932505
C_PIECESQUARETABLES:0.5271118449144127
C_MOBILITY:0.4512168851704784
C_KINGSAFETY:0.4220147194714274
C_PAWNSTRUCTURE:0.4519040784194457
C_PIECECOORDINATION:0.592579006299943
C_ROOKANDPAWNMOVEMENT:0.592579006299943
C_CENTERCONTROL:0.4667675854996533
C_DEVELOPPIECES:0.4889364634816116
C_MATERIAL:0.5106974218792796
C_MOVECOUNT:0.5433416283226077
