ELO:790
CE_PASSEDPAWNS:0.4728399566917063
CE_PAWNWEAKNESSES:0.49242825566422577
CE_PIECEACTIVITY:0.5468582987777805
CE_KINGPAWNSHIELD:0.5329636323349671
CE_PIECECOORDINATION:0.5363598677420182
CE_MATERIAL:0.5031432821966362
CE_KINGSAFETY:0.5003851456643565
C_PIECESQUARETABLES:0.49331878067938584
C_MOBILITY:0.5243021673666483
C_KINGSAFETY:0.59776680467893
C_PAWNSTRUCTURE:0.5259589324840818
C_PIECECOORDINATION:0.5763325658550661
C_ROOKANDPAWNMOVEMENT:0.5763325658550661
C_CENTERCONTROL:0.45086527460972065
C_DEVELOPPIECES:0.5492833738874175
C_MATERIAL:0.4740582851284185
C_MOVECOUNT:0.4580945432994883
