ELO:570
CE_PASSEDPAWNS:0.3897656351046076
CE_PAWNWEAKNESSES:0.49932662684182927
CE_PIECEACTIVITY:0.5763187314815968
CE_KINGPAWNSHIELD:0.5144532305585633
CE_PIECECOORDINATION:0.5829630322982995
CE_MATERIAL:0.513349531117992
CE_KINGSAFETY:0.5439585464626012
C_PIECESQUARETABLES:0.48021310704546477
C_MOBILITY:0.4911606796522303
C_KINGSAFETY:0.5131825088662619
C_PAWNSTRUCTURE:0.554897118313853
C_PIECECOORDINATION:0.6158836965346058
C_ROOKANDPAWNMOVEMENT:0.6158836965346058
C_CENTERCONTROL:0.5704782035407171
C_DEVELOPPIECES:0.563612938676657
C_MATERIAL:0.5739651847417885
C_MOVECOUNT:0.5068886587216996
