ELO:775
CE_PASSEDPAWNS:0.3477675615215247
CE_PAWNWEAKNESSES:0.4821835735092256
CE_PIECEACTIVITY:0.4388017786982731
CE_KINGPAWNSHIELD:0.5223299697241014
CE_PIECECOORDINATION:0.5179941678544979
CE_MATERIAL:0.5177289195378448
CE_KINGSAFETY:0.5408724593494352
C_PIECESQUARETABLES:0.5163640651254842
C_MOBILITY:0.4179117867954137
C_KINGSAFETY:0.3757129292027172
C_PAWNSTRUCTURE:0.49746950677138174
C_PIECECOORDINATION:0.47840674772238684
C_ROOKANDPAWNMOVEMENT:0.47840674772238684
C_CENTERCONTROL:0.4364809800472083
C_DEVELOPPIECES:0.5006458145196678
C_MATERIAL:0.49921210301350616
C_MOVECOUNT:0.4678807727359123
