ELO:757
CE_PASSEDPAWNS:0.45872776430525963
CE_PAWNWEAKNESSES:0.501464782033544
CE_PIECEACTIVITY:0.5281839533537148
CE_KINGPAWNSHIELD:0.3756138286060093
CE_PIECECOORDINATION:0.47652851771887433
CE_MATERIAL:0.48128847970422
CE_KINGSAFETY:0.49347721404230815
C_PIECESQUARETABLES:0.4793589417508284
C_MOBILITY:0.5384362346859627
C_KINGSAFETY:0.41901783218394695
C_PAWNSTRUCTURE:0.46390232477519344
C_PIECECOORDINATION:0.49864222862216145
C_ROOKANDPAWNMOVEMENT:0.49864222862216145
C_CENTERCONTROL:0.5395786349997836
C_DEVELOPPIECES:0.5631410174399153
C_MATERIAL:0.49601922142736954
C_MOVECOUNT:0.5166734668015279
