ELO:773
CE_PASSEDPAWNS:0.49525627957268586
CE_PAWNWEAKNESSES:0.4827660187330944
CE_PIECEACTIVITY:0.4545332412356341
CE_KINGPAWNSHIELD:0.5850182017482837
CE_PIECECOORDINATION:0.5545754009696912
CE_MATERIAL:0.5475668060998861
CE_KINGSAFETY:0.5204635508040087
C_PIECESQUARETABLES:0.49088915543924627
C_MOBILITY:0.4019168298432261
C_KINGSAFETY:0.3348994401081921
C_PAWNSTRUCTURE:0.545945060843597
C_PIECECOORDINATION:0.5847628019741665
C_ROOKANDPAWNMOVEMENT:0.5847628019741665
C_CENTERCONTROL:0.4015854197471145
C_DEVELOPPIECES:0.5361900869688274
C_MATERIAL:0.5543006003624825
C_MOVECOUNT:0.49094251927332966
