ELO:759
CE_PASSEDPAWNS:0.3920665065543443
CE_PAWNWEAKNESSES:0.3950071800883454
CE_PIECEACTIVITY:0.5663209634506761
CE_KINGPAWNSHIELD:0.49207259177170526
CE_PIECECOORDINATION:0.4925679500787744
CE_MATERIAL:0.5047704655143448
CE_KINGSAFETY:0.5333459860579352
C_PIECESQUARETABLES:0.5947607661874827
C_MOBILITY:0.4759830388215597
C_KINGSAFETY:0.5674084688866254
C_PAWNSTRUCTURE:0.5294427625789255
C_PIECECOORDINATION:0.49932426709878114
C_ROOKANDPAWNMOVEMENT:0.49932426709878114
C_CENTERCONTROL:0.45022260768694516
C_DEVELOPPIECES:0.3600693633200705
C_MATERIAL:0.5103438176288128
C_MOVECOUNT:0.5
