ELO:604
CE_PASSEDPAWNS:0.509889900667728
CE_PAWNWEAKNESSES:0.4992768889590036
CE_PIECEACTIVITY:0.5177952813304207
CE_KINGPAWNSHIELD:0.5895550423725419
CE_PIECECOORDINATION:0.5260328642265305
CE_MATERIAL:0.4957484211862574
CE_KINGSAFETY:0.4563591512241983
C_PIECESQUARETABLES:0.5082998746325232
C_MOBILITY:0.5239493549148366
C_KINGSAFETY:0.5437359291441044
C_PAWNSTRUCTURE:0.4730842300465332
C_PIECECOORDINATION:0.5004470131987662
C_ROOKANDPAWNMOVEMENT:0.5004470131987662
C_CENTERCONTROL:0.4247836766307345
C_DEVELOPPIECES:0.5246934934113705
C_MATERIAL:0.5530673515046213
C_MOVECOUNT:0.5326022849630128
