ELO:643
CE_PASSEDPAWNS:0.49104450803326516
CE_PAWNWEAKNESSES:0.5850005608141401
CE_PIECEACTIVITY:0.5121898174724715
CE_KINGPAWNSHIELD:0.5805231499609858
CE_PIECECOORDINATION:0.46641634498315726
CE_MATERIAL:0.44439524814897846
CE_KINGSAFETY:0.43195120674418835
C_PIECESQUARETABLES:0.5266854168000854
C_MOBILITY:0.5147795729003346
C_KINGSAFETY:0.49045127820457257
C_PAWNSTRUCTURE:0.5643815500201382
C_PIECECOORDINATION:0.5109298965134625
C_ROOKANDPAWNMOVEMENT:0.5109298965134625
C_CENTERCONTROL:0.5247020644982516
C_DEVELOPPIECES:0.41043769679225495
C_MATERIAL:0.46353177869287665
C_MOVECOUNT:0.5474528208581547
