ELO:636
CE_PASSEDPAWNS:0.46617307990841883
CE_PAWNWEAKNESSES:0.574422663815956
CE_PIECEACTIVITY:0.531433567418783
CE_KINGPAWNSHIELD:0.5301157545228032
CE_PIECECOORDINATION:0.3975345535136256
CE_MATERIAL:0.5266067551977502
CE_KINGSAFETY:0.485264371277848
C_PIECESQUARETABLES:0.4393604035153896
C_MOBILITY:0.48983331106902067
C_KINGSAFETY:0.5811817434367345
C_PAWNSTRUCTURE:0.6181102479056644
C_PIECECOORDINATION:0.47342579645760985
C_ROOKANDPAWNMOVEMENT:0.47342579645760985
C_CENTERCONTROL:0.4088036997977542
C_DEVELOPPIECES:0.5857692050579965
C_MATERIAL:0.49012859781990714
C_MOVECOUNT:0.5456958586110858
