ELO:694
CE_PASSEDPAWNS:0.6176238138347032
CE_PAWNWEAKNESSES:0.4448634524315877
CE_PIECEACTIVITY:0.42910254168001133
CE_KINGPAWNSHIELD:0.563961964753196
CE_PIECECOORDINATION:0.49554804840253686
CE_MATERIAL:0.5864477133817678
CE_KINGSAFETY:0.46139010594454927
C_PIECESQUARETABLES:0.4967877621513928
C_MOBILITY:0.3572483691936664
C_KINGSAFETY:0.5563270676198145
C_PAWNSTRUCTURE:0.5091059739489423
C_PIECECOORDINATION:0.45067196822657085
C_ROOKANDPAWNMOVEMENT:0.45067196822657085
C_CENTERCONTROL:0.46018527856260355
C_DEVELOPPIECES:0.47735715852611404
C_MATERIAL:0.4280509101420135
C_MOVECOUNT:0.47853463319318734
