ELO:922
CE_PASSEDPAWNS:0.5269158678759592
CE_PAWNWEAKNESSES:0.43685717367269483
CE_PIECEACTIVITY:0.5367417818292335
CE_KINGPAWNSHIELD:0.5355193258009439
CE_PIECECOORDINATION:0.5463516275026863
CE_MATERIAL:0.4034980150418123
CE_KINGSAFETY:0.5
C_PIECESQUARETABLES:0.5
C_MOBILITY:0.5090428569928326
C_KINGSAFETY:0.5607039907621327
C_PAWNSTRUCTURE:0.5334705010898855
C_PIECECOORDINATION:0.41936527227887377
C_ROOKANDPAWNMOVEMENT:0.41936527227887377
C_CENTERCONTROL:0.48378495871307964
C_DEVELOPPIECES:0.439694387708118
C_MATERIAL:0.4805112615866776
C_MOVECOUNT:0.49989058305100176
