ELO:803
CE_PASSEDPAWNS:0.4720825111692926
CE_PAWNWEAKNESSES:0.5397760564456369
CE_PIECEACTIVITY:0.4936221852560215
CE_KINGPAWNSHIELD:0.5900490847549505
CE_PIECECOORDINATION:0.5040983986707203
CE_MATERIAL:0.4997174897134828
CE_KINGSAFETY:0.4865471837273472
C_PIECESQUARETABLES:0.5
C_MOBILITY:0.43787698572873385
C_KINGSAFETY:0.6064929574883101
C_PAWNSTRUCTURE:0.5
C_PIECECOORDINATION:0.5204606290471747
C_ROOKANDPAWNMOVEMENT:0.5204606290471747
C_CENTERCONTROL:0.5071473681795383
C_DEVELOPPIECES:0.46598801378937393
C_MATERIAL:0.5115772033098961
C_MOVECOUNT:0.5133273411342196
