ELO:738
CE_PASSEDPAWNS:0.5729973238338238
CE_PAWNWEAKNESSES:0.5820651320174415
CE_PIECEACTIVITY:0.49565276305615763
CE_KINGPAWNSHIELD:0.5494734896135465
CE_PIECECOORDINATION:0.489173982050057
CE_MATERIAL:0.5247992838347026
CE_KINGSAFETY:0.5505759369553053
C_PIECESQUARETABLES:0.48570217344129407
C_MOBILITY:0.4936256098773579
C_KINGSAFETY:0.48565443004670616
C_PAWNSTRUCTURE:0.3845555181379349
C_PIECECOORDINATION:0.5391184887906733
C_ROOKANDPAWNMOVEMENT:0.5391184887906733
C_CENTERCONTROL:0.5070853327844654
C_DEVELOPPIECES:0.4001958068147051
C_MATERIAL:0.4545502457178771
C_MOVECOUNT:0.47014721943849413
