ELO:623
CE_PASSEDPAWNS:0.4979913149280811
CE_PAWNWEAKNESSES:0.4976895318001632
CE_PIECEACTIVITY:0.46369016368838084
CE_KINGPAWNSHIELD:0.5310738545345121
CE_PIECECOORDINATION:0.5228687503139323
CE_MATERIAL:0.6361279732089604
CE_KINGSAFETY:0.4527097525706463
C_PIECESQUARETABLES:0.46297963185785357
C_MOBILITY:0.5213777844426005
C_KINGSAFETY:0.5247700868112951
C_PAWNSTRUCTURE:0.41074791099037783
C_PIECECOORDINATION:0.6286706500835723
C_ROOKANDPAWNMOVEMENT:0.6286706500835723
C_CENTERCONTROL:0.5541128358593399
C_DEVELOPPIECES:0.5989091964627095
C_MATERIAL:0.580261977804971
C_MOVECOUNT:0.520840599058856
