ELO:652
CE_PASSEDPAWNS:0.560177001967358
CE_PAWNWEAKNESSES:0.4889681589637987
CE_PIECEACTIVITY:0.4517610692272724
CE_KINGPAWNSHIELD:0.45204064474624145
CE_PIECECOORDINATION:0.3818501598308554
CE_MATERIAL:0.537514359810038
CE_KINGSAFETY:0.4686359531856832
C_PIECESQUARETABLES:0.5155308305238255
C_MOBILITY:0.4548989992406363
C_KINGSAFETY:0.5328036598544108
C_PAWNSTRUCTURE:0.5788992166613655
C_PIECECOORDINATION:0.5304691752273435
C_ROOKANDPAWNMOVEMENT:0.5304691752273435
C_CENTERCONTROL:0.40608947746300245
C_DEVELOPPIECES:0.5474125781035516
C_MATERIAL:0.4798971903166222
C_MOVECOUNT:0.49868735731078123
