ELO:677
CE_PASSEDPAWNS:0.39339299068494077
CE_PAWNWEAKNESSES:0.4215842031365932
CE_PIECEACTIVITY:0.5444041269606852
CE_KINGPAWNSHIELD:0.43889299373923263
CE_PIECECOORDINATION:0.5434991569217131
CE_MATERIAL:0.4505218111552408
CE_KINGSAFETY:0.5083820469002349
C_PIECESQUARETABLES:0.505169313635208
C_MOBILITY:0.6483100240396589
C_KINGSAFETY:0.3760460970108888
C_PAWNSTRUCTURE:0.4417729638362156
C_PIECECOORDINATION:0.4076752169173476
C_ROOKANDPAWNMOVEMENT:0.4076752169173476
C_CENTERCONTROL:0.4994589984660283
C_DEVELOPPIECES:0.47018874916080905
C_MATERIAL:0.5273569011331027
C_MOVECOUNT:0.4972030141775286
