ELO:722
CE_PASSEDPAWNS:0.455154255195782
CE_PAWNWEAKNESSES:0.5682482748062627
CE_PIECEACTIVITY:0.5681366431855034
CE_KINGPAWNSHIELD:0.6011767572272881
CE_PIECECOORDINATION:0.36069988573104067
CE_MATERIAL:0.6045945289951105
CE_KINGSAFETY:0.45672255437838283
C_PIECESQUARETABLES:0.5116524298696588
C_MOBILITY:0.5844524759144066
C_KINGSAFETY:0.45702521358325177
C_PAWNSTRUCTURE:0.596873591836686
C_PIECECOORDINATION:0.476961098387679
C_ROOKANDPAWNMOVEMENT:0.476961098387679
C_CENTERCONTROL:0.5067580084400692
C_DEVELOPPIECES:0.5739023615330899
C_MATERIAL:0.4457217741462816
C_MOVECOUNT:0.4336186025174263
