ELO:582
CE_PASSEDPAWNS:0.45209306767033364
CE_PAWNWEAKNESSES:0.5265724901202047
CE_PIECEACTIVITY:0.494140656927541
CE_KINGPAWNSHIELD:0.6045489107880455
CE_PIECECOORDINATION:0.5544087699770087
CE_MATERIAL:0.4136232619459066
CE_KINGSAFETY:0.5165103840574212
C_PIECESQUARETABLES:0.464980288900993
C_MOBILITY:0.42864263890498655
C_KINGSAFETY:0.5803160221399786
C_PAWNSTRUCTURE:0.575382390217114
C_PIECECOORDINATION:0.4733230792765302
C_ROOKANDPAWNMOVEMENT:0.4733230792765302
C_CENTERCONTROL:0.6047210583702771
C_DEVELOPPIECES:0.4486385914552347
C_MATERIAL:0.5199972731394077
C_MOVECOUNT:0.46415856927394544
