ELO:641
CE_PASSEDPAWNS:0.4539429413225771
CE_PAWNWEAKNESSES:0.47888125731132186
CE_PIECEACTIVITY:0.5486090065081564
CE_KINGPAWNSHIELD:0.4697687275080657
CE_PIECECOORDINATION:0.5114033052152909
CE_MATERIAL:0.46153409841295223
CE_KINGSAFETY:0.48673123191983875
C_PIECESQUARETABLES:0.5596929664801172
C_MOBILITY:0.5446930648279034
C_KINGSAFETY:0.48049181635194665
C_PAWNSTRUCTURE:0.45276400671299677
C_PIECECOORDINATION:0.47648946064070263
C_ROOKANDPAWNMOVEMENT:0.47648946064070263
C_CENTERCONTROL:0.46979652946514655
C_DEVELOPPIECES:0.5564161149625126
C_MATERIAL:0.40133384779078235
C_MOVECOUNT:0.5277514591502803
