ELO:748
CE_PASSEDPAWNS:0.539106020364829
CE_PAWNWEAKNESSES:0.524581525267589
CE_PIECEACTIVITY:0.5226008925928848
CE_KINGPAWNSHIELD:0.4742777326344372
CE_PIECECOORDINATION:0.3760293660747048
CE_MATERIAL:0.46267006118960674
CE_KINGSAFETY:0.5279025923724221
C_PIECESQUARETABLES:0.5353489792308991
C_MOBILITY:0.5196450161868787
C_KINGSAFETY:0.42473092443099913
C_PAWNSTRUCTURE:0.5030847678665024
C_PIECECOORDINATION:0.5176019677467133
C_ROOKANDPAWNMOVEMENT:0.5176019677467133
C_CENTERCONTROL:0.44458706230123196
C_DEVELOPPIECES:0.4589929568906183
C_MATERIAL:0.5720175427546527
C_MOVECOUNT:0.5
