ELO:544
CE_PASSEDPAWNS:0.514076742937431
CE_PAWNWEAKNESSES:0.7008583702402307
CE_PIECEACTIVITY:0.48623645283506356
CE_KINGPAWNSHIELD:0.4823771842618789
CE_PIECECOORDINATION:0.503274059778655
CE_MATERIAL:0.5373239381636046
CE_KINGSAFETY:0.5342085926946967
C_PIECESQUARETABLES:0.572669324352178
C_MOBILITY:0.4049258418949162
C_KINGSAFETY:0.480690638906182
C_PAWNSTRUCTURE:0.5409601190223076
C_PIECECOORDINATION:0.5232908304057869
C_ROOKANDPAWNMOVEMENT:0.5232908304057869
C_CENTERCONTROL:0.5707827338275434
C_DEVELOPPIECES:0.47103850684550375
C_MATERIAL:0.5618188661658428
C_MOVECOUNT:0.47577805693494235
