ELO:776
CE_PASSEDPAWNS:0.46430458471178765
CE_PAWNWEAKNESSES:0.49530588750207677
CE_PIECEACTIVITY:0.48391757588834056
CE_KINGPAWNSHIELD:0.44731962251588964
CE_PIECECOORDINATION:0.4776018729025685
CE_MATERIAL:0.5761055482905209
CE_KINGSAFETY:0.5116028701151029
C_PIECESQUARETABLES:0.46919579122879707
C_MOBILITY:0.48232734581180203
C_KINGSAFETY:0.5869719139795431
C_PAWNSTRUCTURE:0.44314865450253227
C_PIECECOORDINATION:0.47580904448378375
C_ROOKANDPAWNMOVEMENT:0.47580904448378375
C_CENTERCONTROL:0.5430254442435233
C_DEVELOPPIECES:0.6188038947972633
C_MATERIAL:0.5410828027293892
C_MOVECOUNT:0.5387629233211798
