ELO:915
CE_PASSEDPAWNS:0.4672712969965509
CE_PAWNWEAKNESSES:0.3042174490384527
CE_PIECEACTIVITY:0.5
CE_KINGPAWNSHIELD:0.5217988647526669
CE_PIECECOORDINATION:0.4456071215897743
CE_MATERIAL:0.5500073280500352
CE_KINGSAFETY:0.5139745082215438
C_PIECESQUARETABLES:0.5
C_MOBILITY:0.4856710137717089
C_KINGSAFETY:0.5754324547780744
C_PAWNSTRUCTURE:0.4654827010940101
C_PIECECOORDINATION:0.45942972324450854
C_ROOKANDPAWNMOVEMENT:0.45942972324450854
C_CENTERCONTROL:0.4910161050095366
C_DEVELOPPIECES:0.48418064913480324
C_MATERIAL:0.388742234649079
C_MOVECOUNT:0.5320564138657015
