ELO:859
CE_PASSEDPAWNS:0.5110642402954163
CE_PAWNWEAKNESSES:0.5071803093291759
CE_PIECEACTIVITY:0.5257130054352245
CE_KINGPAWNSHIELD:0.5248969442999537
CE_PIECECOORDINATION:0.5089599675966717
CE_MATERIAL:0.5755924417678112
CE_KINGSAFETY:0.5054064240223679
C_PIECESQUARETABLES:0.4901821986765596
C_MOBILITY:0.6034992746157227
C_KINGSAFETY:0.5522135599625418
C_PAWNSTRUCTURE:0.45119420617842204
C_PIECECOORDINATION:0.4864804510798418
C_ROOKANDPAWNMOVEMENT:0.4864804510798418
C_CENTERCONTROL:0.5148498378876564
C_DEVELOPPIECES:0.513382921097591
C_MATERIAL:0.5438443276708387
C_MOVECOUNT:0.5
