ELO:638
CE_PASSEDPAWNS:0.4249245537318092
CE_PAWNWEAKNESSES:0.6028220483046253
CE_PIECEACTIVITY:0.37105286385743924
CE_KINGPAWNSHIELD:0.5235572277065466
CE_PIECECOORDINATION:0.5391130498813279
CE_MATERIAL:0.5302835837914442
CE_KINGSAFETY:0.5020545083250472
C_PIECESQUARETABLES:0.5290128694644495
C_MOBILITY:0.40576962953956913
C_KINGSAFETY:0.5305329192983174
C_PAWNSTRUCTURE:0.55973193139958
C_PIECECOORDINATION:0.5060840150808366
C_ROOKANDPAWNMOVEMENT:0.5060840150808366
C_CENTERCONTROL:0.4130906066511527
C_DEVELOPPIECES:0.5922899349925164
C_MATERIAL:0.3777496710749811
C_MOVECOUNT:0.532168298817496
