ELO:1029
CE_PASSEDPAWNS:0.47832368466005787
CE_PAWNWEAKNESSES:0.4541573978975322
CE_PIECEACTIVITY:0.36625158564895993
CE_KINGPAWNSHIELD:0.585725121372212
CE_PIECECOORDINATION:0.5058425112191176
CE_MATERIAL:0.48842088591216665
CE_KINGSAFETY:0.5
C_PIECESQUARETABLES:0.5121514579510843
C_MOBILITY:0.5205250168511806
C_KINGSAFETY:0.5731047208553322
C_PAWNSTRUCTURE:0.43181647992441213
C_PIECECOORDINATION:0.5131890247621108
C_ROOKANDPAWNMOVEMENT:0.5131890247621108
C_CENTERCONTROL:0.6058544561749843
C_DEVELOPPIECES:0.4563986970038693
C_MATERIAL:0.48456508695121436
C_MOVECOUNT:0.5
