ELO:721
CE_PASSEDPAWNS:0.5864133544717778
CE_PAWNWEAKNESSES:0.5934920063272333
CE_PIECEACTIVITY:0.6067841739024382
CE_KINGPAWNSHIELD:0.5259440023871664
CE_PIECECOORDINATION:0.531306296607581
CE_MATERIAL:0.5902677390159387
CE_KINGSAFETY:0.4678740092622349
C_PIECESQUARETABLES:0.4945049007274902
C_MOBILITY:0.5255967971324419
C_KINGSAFETY:0.5838007266643316
C_PAWNSTRUCTURE:0.5272892872835018
C_PIECECOORDINATION:0.5154999884750623
C_ROOKANDPAWNMOVEMENT:0.5154999884750623
C_CENTERCONTROL:0.5562667350393162
C_DEVELOPPIECES:0.4985381072466201
C_MATERIAL:0.5478944679136114
C_MOVECOUNT:0.46855770871080077
