ELO:747
CE_PASSEDPAWNS:0.4766009524509154
CE_PAWNWEAKNESSES:0.532139606086425
CE_PIECEACTIVITY:0.5341806841863648
CE_KINGPAWNSHIELD:0.4991803055183075
CE_PIECECOORDINATION:0.5776688971186414
CE_MATERIAL:0.6246564148137774
CE_KINGSAFETY:0.4906233401253969
C_PIECESQUARETABLES:0.5000407020151496
C_MOBILITY:0.5006122686059759
C_KINGSAFETY:0.5483821970723255
C_PAWNSTRUCTURE:0.5178339348719867
C_PIECECOORDINATION:0.4938956929605488
C_ROOKANDPAWNMOVEMENT:0.4938956929605488
C_CENTERCONTROL:0.5425045416202281
C_DEVELOPPIECES:0.41983429069349154
C_MATERIAL:0.45959935609132485
C_MOVECOUNT:0.5062787799151925
