ELO:642
CE_PASSEDPAWNS:0.46391727268584465
CE_PAWNWEAKNESSES:0.5821384899597521
CE_PIECEACTIVITY:0.5550053109402461
CE_KINGPAWNSHIELD:0.5749392461890889
CE_PIECECOORDINATION:0.4673113073110604
CE_MATERIAL:0.532385081462025
CE_KINGSAFETY:0.46894836881634716
C_PIECESQUARETABLES:0.46339573338949225
C_MOBILITY:0.5578064832362275
C_KINGSAFETY:0.37720446448365286
C_PAWNSTRUCTURE:0.5673597149170291
C_PIECECOORDINATION:0.5641454179373279
C_ROOKANDPAWNMOVEMENT:0.5641454179373279
C_CENTERCONTROL:0.5777434843606449
C_DEVELOPPIECES:0.5264029835552213
C_MATERIAL:0.5861679941150577
C_MOVECOUNT:0.5172540089301837
