ELO:651
CE_PASSEDPAWNS:0.4165534588350392
CE_PAWNWEAKNESSES:0.3983134736442699
CE_PIECEACTIVITY:0.5096936349726123
CE_KINGPAWNSHIELD:0.49305789529903926
CE_PIECECOORDINATION:0.47349270018385875
CE_MATERIAL:0.42108687428824476
CE_KINGSAFETY:0.5367106551521434
C_PIECESQUARETABLES:0.5368915100357486
C_MOBILITY:0.4514385446493898
C_KINGSAFETY:0.45089474397215734
C_PAWNSTRUCTURE:0.50921611558231
C_PIECECOORDINATION:0.5376282430351684
C_ROOKANDPAWNMOVEMENT:0.5376282430351684
C_CENTERCONTROL:0.4450066951596157
C_DEVELOPPIECES:0.5249820112673259
C_MATERIAL:0.5119263823722774
C_MOVECOUNT:0.5246523225128616
