ELO:671
CE_PASSEDPAWNS:0.44989462132638586
CE_PAWNWEAKNESSES:0.53036345266817
CE_PIECEACTIVITY:0.35707283619216645
CE_KINGPAWNSHIELD:0.5594187975323178
CE_PIECECOORDINATION:0.5955905274483203
CE_MATERIAL:0.5081944937310401
CE_KINGSAFETY:0.4449775470366767
C_PIECESQUARETABLES:0.4781394245832358
C_MOBILITY:0.5861809361259523
C_KINGSAFETY:0.6216498788311549
C_PAWNSTRUCTURE:0.4598338498470419
C_PIECECOORDINATION:0.6165166576234324
C_ROOKANDPAWNMOVEMENT:0.6165166576234324
C_CENTERCONTROL:0.4706832706632696
C_DEVELOPPIECES:0.3594317754919378
C_MATERIAL:0.5283253855528084
C_MOVECOUNT:0.4839251318002625
