ELO:554
CE_PASSEDPAWNS:0.5332013323688721
CE_PAWNWEAKNESSES:0.5790797130838903
CE_PIECEACTIVITY:0.5360146247453078
CE_KINGPAWNSHIELD:0.43431900213772173
CE_PIECECOORDINATION:0.66738683485701
CE_MATERIAL:0.5296200869412033
CE_KINGSAFETY:0.4961167352331121
C_PIECESQUARETABLES:0.5204925389665161
C_MOBILITY:0.5268008145167365
C_KINGSAFETY:0.6031090339714188
C_PAWNSTRUCTURE:0.6146682445766631
C_PIECECOORDINATION:0.4078412112782441
C_ROOKANDPAWNMOVEMENT:0.4078412112782441
C_CENTERCONTROL:0.5207253041999187
C_DEVELOPPIECES:0.5008909963248579
C_MATERIAL:0.4516810009219581
C_MOVECOUNT:0.4681379919764182
