ELO:692
CE_PASSEDPAWNS:0.5625227031936797
CE_PAWNWEAKNESSES:0.4736424906309826
CE_PIECEACTIVITY:0.34738425579772203
CE_KINGPAWNSHIELD:0.5361979400765177
CE_PIECECOORDINATION:0.4829116995958281
CE_MATERIAL:0.4899426770262174
CE_KINGSAFETY:0.4743787804687053
C_PIECESQUARETABLES:0.4612428952281803
C_MOBILITY:0.47014173178986807
C_KINGSAFETY:0.44189328740308287
C_PAWNSTRUCTURE:0.489021019093589
C_PIECECOORDINATION:0.39599548861414235
C_ROOKANDPAWNMOVEMENT:0.39599548861414235
C_CENTERCONTROL:0.4712232308584639
C_DEVELOPPIECES:0.44966985172924534
C_MATERIAL:0.3833062219610679
C_MOVECOUNT:0.46761815293840114
