ELO:987
CE_PASSEDPAWNS:0.5330608732678442
CE_PAWNWEAKNESSES:0.44542974891888637
CE_PIECEACTIVITY:0.52110372081263
CE_KINGPAWNSHIELD:0.542603462243025
CE_PIECECOORDINATION:0.5138962178399454
CE_MATERIAL:0.4618128218489263
CE_KINGSAFETY:0.5
C_PIECESQUARETABLES:0.5
C_MOBILITY:0.5836313903895851
C_KINGSAFETY:0.5224078757218977
C_PAWNSTRUCTURE:0.3974960377332616
C_PIECECOORDINATION:0.49481266204964397
C_ROOKANDPAWNMOVEMENT:0.49481266204964397
C_CENTERCONTROL:0.3628208528192532
C_DEVELOPPIECES:0.4354212939766876
C_MATERIAL:0.6234991122067586
