ELO:987
CE_PASSEDPAWNS:0.524785115172001
CE_PAWNWEAKNESSES:0.4691623872571273
CE_PIECEACTIVITY:0.5256534381721791
CE_KINGPAWNSHIELD:0.542603462243025
CE_PIECECOORDINATION:0.48234101586039435
CE_MATERIAL:0.4694181679613265
CE_KINGSAFETY:0.4958271230225186
C_PIECESQUARETABLES:0.5
C_MOBILITY:0.580479941274235
C_KINGSAFETY:0.5277623875690237
C_PAWNSTRUCTURE:0.6263873882017414
C_PIECECOORDINATION:0.4579518097212436
C_ROOKANDPAWNMOVEMENT:0.4579518097212436
C_CENTERCONTROL:0.3628208528192532
C_DEVELOPPIECES:0.4354212939766876
C_MATERIAL:0.6153015734472432
