ELO:988
CE_PASSEDPAWNS:0.5258866662864138
CE_PAWNWEAKNESSES:0.4747266971979074
CE_PIECEACTIVITY:0.5975814565428466
CE_KINGPAWNSHIELD:0.542603462243025
CE_PIECECOORDINATION:0.4846973356516632
CE_MATERIAL:0.5030403841932721
CE_KINGSAFETY:0.4945385321962494
C_PIECESQUARETABLES:0.4934146784810717
C_MOBILITY:0.5001465408952577
C_KINGSAFETY:0.5555396845641076
C_PAWNSTRUCTURE:0.44944298566242524
C_PIECECOORDINATION:0.49973460393845
C_ROOKANDPAWNMOVEMENT:0.49973460393845
C_CENTERCONTROL:0.43786699508158566
C_DEVELOPPIECES:0.41795622774552454
C_MATERIAL:0.6201906658387899
