ELO:988
CE_PASSEDPAWNS:0.5357268047493308
CE_PAWNWEAKNESSES:0.4747266971979074
CE_PIECEACTIVITY:0.5256534381721791
CE_KINGPAWNSHIELD:0.542603462243025
CE_PIECECOORDINATION:0.4885295261108425
CE_MATERIAL:0.48096836756991274
CE_KINGSAFETY:0.5093095416482273
C_PIECESQUARETABLES:0.5
C_MOBILITY:0.5836313903895851
C_KINGSAFETY:0.5250912115677565
C_PAWNSTRUCTURE:0.6182078383628035
C_PIECECOORDINATION:0.4857340987292026
C_ROOKANDPAWNMOVEMENT:0.4857340987292026
C_CENTERCONTROL:0.42894235410171383
C_DEVELOPPIECES:0.44743003410566484
C_MATERIAL:0.6234991122067586
