ELO:987
CE_PASSEDPAWNS:0.5457345729423272
CE_PAWNWEAKNESSES:0.4747266971979074
CE_PIECEACTIVITY:0.5290710301437745
CE_KINGPAWNSHIELD:0.542603462243025
CE_PIECECOORDINATION:0.4846973356516632
CE_MATERIAL:0.4788218538287509
CE_KINGSAFETY:0.5
C_PIECESQUARETABLES:0.5006939415402643
C_MOBILITY:0.503081102199879
C_KINGSAFETY:0.5250912115677565
C_PAWNSTRUCTURE:0.46054427260367564
C_PIECECOORDINATION:0.49481266204964397
C_ROOKANDPAWNMOVEMENT:0.49481266204964397
C_CENTERCONTROL:0.42413715802041185
C_DEVELOPPIECES:0.4354212939766876
C_MATERIAL:0.631344918243363
