ELO:987
CE_PASSEDPAWNS:0.5277288571395565
CE_PAWNWEAKNESSES:0.4747266971979074
CE_PIECEACTIVITY:0.5174345751769295
CE_KINGPAWNSHIELD:0.542603462243025
CE_PIECECOORDINATION:0.4846973356516632
CE_MATERIAL:0.46749681432771095
CE_KINGSAFETY:0.5020478169295947
C_PIECESQUARETABLES:0.4932285329034772
C_MOBILITY:0.5836313903895851
C_KINGSAFETY:0.5945763953024548
C_PAWNSTRUCTURE:0.46073492428026736
C_PIECECOORDINATION:0.5034949501714628
C_ROOKANDPAWNMOVEMENT:0.5034949501714628
C_CENTERCONTROL:0.42894235410171383
C_DEVELOPPIECES:0.4346222908442985
C_MATERIAL:0.6171788645076881
