ELO:990
CE_PASSEDPAWNS:0.5277288571395565
CE_PAWNWEAKNESSES:0.4449176979510626
CE_PIECEACTIVITY:0.5597031328729434
CE_KINGPAWNSHIELD:0.5599465954910741
CE_PIECECOORDINATION:0.44538019471221774
CE_MATERIAL:0.4707785391175438
CE_KINGSAFETY:0.5
C_PIECESQUARETABLES:0.5
C_MOBILITY:0.5736146722971349
C_KINGSAFETY:0.5199389354877574
C_PAWNSTRUCTURE:0.3974960377332616
C_PIECECOORDINATION:0.5562674503149065
C_ROOKANDPAWNMOVEMENT:0.5562674503149065
C_CENTERCONTROL:0.4359733545865343
C_DEVELOPPIECES:0.42376985681203766
C_MATERIAL:0.6201906658387899
