ELO:989
CE_PASSEDPAWNS:0.39792981371987557
CE_PAWNWEAKNESSES:0.4747266971979074
CE_PIECEACTIVITY:0.4990363227000234
CE_KINGPAWNSHIELD:0.4947353061066749
CE_PIECECOORDINATION:0.5138962178399454
CE_MATERIAL:0.5030403841932721
CE_KINGSAFETY:0.5
C_PIECESQUARETABLES:0.5
C_MOBILITY:0.580479941274235
C_KINGSAFETY:0.5738886582227011
C_PAWNSTRUCTURE:0.3974960377332616
C_PIECECOORDINATION:0.49481266204964397
C_ROOKANDPAWNMOVEMENT:0.49481266204964397
C_CENTERCONTROL:0.4218771817633053
C_DEVELOPPIECES:0.5933423053266473
C_MATERIAL:0.5918775538350269
