ELO:987
CE_PASSEDPAWNS:0.5277288571395565
CE_PAWNWEAKNESSES:0.4747266971979074
CE_PIECEACTIVITY:0.5256534381721791
CE_KINGPAWNSHIELD:0.5528178500124133
CE_PIECECOORDINATION:0.4951378054163991
CE_MATERIAL:0.46541711566174354
CE_KINGSAFETY:0.5
C_PIECESQUARETABLES:0.49384074861029664
C_MOBILITY:0.5836313903895851
C_KINGSAFETY:0.5303483703275435
C_PAWNSTRUCTURE:0.46054427260367564
C_PIECECOORDINATION:0.5004401170372472
C_ROOKANDPAWNMOVEMENT:0.5004401170372472
C_CENTERCONTROL:0.4223174496124241
C_DEVELOPPIECES:0.4318764392398064
C_MATERIAL:0.6234991122067586
