ELO:988
CE_PASSEDPAWNS:0.5277288571395565
CE_PAWNWEAKNESSES:0.4747266971979074
CE_PIECEACTIVITY:0.5228266846410454
CE_KINGPAWNSHIELD:0.5325350678434254
CE_PIECECOORDINATION:0.4840029020023909
CE_MATERIAL:0.4694181679613265
CE_KINGSAFETY:0.5128888283422784
C_PIECESQUARETABLES:0.5
C_MOBILITY:0.5836313903895851
C_KINGSAFETY:0.5250912115677565
C_PAWNSTRUCTURE:0.4538535708879514
C_PIECECOORDINATION:0.487824137413133
C_ROOKANDPAWNMOVEMENT:0.487824137413133
C_CENTERCONTROL:0.42894235410171383
C_DEVELOPPIECES:0.4354212939766876
C_MATERIAL:0.6234991122067586
