ELO:987
CE_PASSEDPAWNS:0.5277288571395565
CE_PAWNWEAKNESSES:0.4715236950883577
CE_PIECEACTIVITY:0.5264429894240691
CE_KINGPAWNSHIELD:0.542603462243025
CE_PIECECOORDINATION:0.4904279359242273
CE_MATERIAL:0.46290470033693987
CE_KINGSAFETY:0.5
C_PIECESQUARETABLES:0.5
C_MOBILITY:0.4854452322291313
C_KINGSAFETY:0.5308875092062817
C_PAWNSTRUCTURE:0.458352932455157
C_PIECECOORDINATION:0.4544519337360201
C_ROOKANDPAWNMOVEMENT:0.4544519337360201
C_CENTERCONTROL:0.42642723911951
C_DEVELOPPIECES:0.4354212939766876
C_MATERIAL:0.6294909527397653
