ELO:988
CE_PASSEDPAWNS:0.5268701115335807
CE_PAWNWEAKNESSES:0.4661454463652228
CE_PIECEACTIVITY:0.537191406382224
CE_KINGPAWNSHIELD:0.48376254012213843
CE_PIECECOORDINATION:0.4846973356516632
CE_MATERIAL:0.473080663772125
CE_KINGSAFETY:0.5
C_PIECESQUARETABLES:0.5
C_MOBILITY:0.5836313903895851
C_KINGSAFETY:0.5250912115677565
C_PAWNSTRUCTURE:0.460923113112101
C_PIECECOORDINATION:0.6135308168497035
C_ROOKANDPAWNMOVEMENT:0.6135308168497035
C_CENTERCONTROL:0.42894235410171383
C_DEVELOPPIECES:0.4354212939766876
C_MATERIAL:0.6262309969883861
