ELO:987
CE_PASSEDPAWNS:0.5348413751114814
CE_PAWNWEAKNESSES:0.44542974891888637
CE_PIECEACTIVITY:0.5281238682840478
CE_KINGPAWNSHIELD:0.542603462243025
CE_PIECECOORDINATION:0.49152965548763855
CE_MATERIAL:0.4172787174822064
CE_KINGSAFETY:0.5077826087351812
C_PIECESQUARETABLES:0.5
C_MOBILITY:0.5836313903895851
C_KINGSAFETY:0.53199821276782
C_PAWNSTRUCTURE:0.44877320835188683
C_PIECECOORDINATION:0.4455295289066636
C_ROOKANDPAWNMOVEMENT:0.4455295289066636
C_CENTERCONTROL:0.42264418351129196
C_DEVELOPPIECES:0.4369412813086278
C_MATERIAL:0.6247890687256842
