ELO:987
CE_PASSEDPAWNS:0.5277288571395565
CE_PAWNWEAKNESSES:0.4690180744683294
CE_PIECEACTIVITY:0.5256534381721791
CE_KINGPAWNSHIELD:0.542603462243025
CE_PIECECOORDINATION:0.48265984295794606
CE_MATERIAL:0.5030403841932721
CE_KINGSAFETY:0.5
C_PIECESQUARETABLES:0.5
C_MOBILITY:0.5836313903895851
C_KINGSAFETY:0.5170876208596584
C_PAWNSTRUCTURE:0.46054427260367564
C_PIECECOORDINATION:0.49481266204964397
C_ROOKANDPAWNMOVEMENT:0.49481266204964397
C_CENTERCONTROL:0.41714461751854953
C_DEVELOPPIECES:0.565554476162531
C_MATERIAL:0.6234991122067586
