ELO:987
CE_PASSEDPAWNS:0.5255694275973096
CE_PAWNWEAKNESSES:0.48458217381571733
CE_PIECEACTIVITY:0.5069858900922309
CE_KINGPAWNSHIELD:0.4969112771905379
CE_PIECECOORDINATION:0.4846973356516632
CE_MATERIAL:0.47784490457975753
CE_KINGSAFETY:0.5089326983835477
C_PIECESQUARETABLES:0.4893014343441829
C_MOBILITY:0.49776475317986923
C_KINGSAFETY:0.5583413245412662
C_PAWNSTRUCTURE:0.46462971830181565
C_PIECECOORDINATION:0.4992128269432733
C_ROOKANDPAWNMOVEMENT:0.4992128269432733
C_CENTERCONTROL:0.42894235410171383
C_DEVELOPPIECES:0.4354212939766876
C_MATERIAL:0.6322095524272797
