ELO:988
CE_PASSEDPAWNS:0.5234343456290178
CE_PAWNWEAKNESSES:0.5170296587045614
CE_PIECEACTIVITY:0.5484439993133767
CE_KINGPAWNSHIELD:0.4870977589738908
CE_PIECECOORDINATION:0.46544225017118723
CE_MATERIAL:0.4661407427178643
CE_KINGSAFETY:0.5020406836231697
C_PIECESQUARETABLES:0.5096465859170912
C_MOBILITY:0.6152039209467878
C_KINGSAFETY:0.5770116005815923
C_PAWNSTRUCTURE:0.46054427260367564
C_PIECECOORDINATION:0.6135308168497035
C_ROOKANDPAWNMOVEMENT:0.6135308168497035
C_CENTERCONTROL:0.3791738811592719
C_DEVELOPPIECES:0.5592822879496884
C_MATERIAL:0.5866536899795093
