ELO:987
CE_PASSEDPAWNS:0.3898118595263917
CE_PAWNWEAKNESSES:0.4758975185887275
CE_PIECEACTIVITY:0.5594978002495871
CE_KINGPAWNSHIELD:0.4969112771905379
CE_PIECECOORDINATION:0.6148472474926933
CE_MATERIAL:0.41237886705497595
CE_KINGSAFETY:0.5067692544893081
C_PIECESQUARETABLES:0.5121251984840822
C_MOBILITY:0.5836313903895851
C_KINGSAFETY:0.5349184836322082
C_PAWNSTRUCTURE:0.6091080631216733
C_PIECECOORDINATION:0.6135308168497035
C_ROOKANDPAWNMOVEMENT:0.6135308168497035
C_CENTERCONTROL:0.3791633153554739
C_DEVELOPPIECES:0.5528173797779841
C_MATERIAL:0.5866536899795093
