ELO:988
CE_PASSEDPAWNS:0.39193402845681735
CE_PAWNWEAKNESSES:0.45120810159462416
CE_PIECEACTIVITY:0.4871898021659166
CE_KINGPAWNSHIELD:0.5044248907794167
CE_PIECECOORDINATION:0.6092782055877115
CE_MATERIAL:0.41237886705497595
CE_KINGSAFETY:0.5
C_PIECESQUARETABLES:0.5
C_MOBILITY:0.5954936156858305
C_KINGSAFETY:0.5758962455982918
C_PAWNSTRUCTURE:0.6312732070560647
C_PIECECOORDINATION:0.49481266204964397
C_ROOKANDPAWNMOVEMENT:0.49481266204964397
C_CENTERCONTROL:0.3791738811592719
C_DEVELOPPIECES:0.443819423114363
C_MATERIAL:0.5803043984843883
