ELO:995
CE_PASSEDPAWNS:0.5457345729423272
CE_PAWNWEAKNESSES:0.5153186925731192
CE_PIECEACTIVITY:0.5975814565428466
CE_KINGPAWNSHIELD:0.5599465954910741
CE_PIECECOORDINATION:0.5138962178399454
CE_MATERIAL:0.5030403841932721
CE_KINGSAFETY:0.49128205491573373
C_PIECESQUARETABLES:0.5
C_MOBILITY:0.49816549280442246
C_KINGSAFETY:0.5117042990159812
C_PAWNSTRUCTURE:0.3974960377332616
C_PIECECOORDINATION:0.4464989631919034
C_ROOKANDPAWNMOVEMENT:0.4464989631919034
C_CENTERCONTROL:0.3628208528192532
C_DEVELOPPIECES:0.5162695844746699
C_MATERIAL:0.6201906658387899
