ELO:988
CE_PASSEDPAWNS:0.4128032399900828
CE_PAWNWEAKNESSES:0.4576304332065111
CE_PIECEACTIVITY:0.5055534717583172
CE_KINGPAWNSHIELD:0.49342984509176624
CE_PIECECOORDINATION:0.6107263379333363
CE_MATERIAL:0.41237886705497595
CE_KINGSAFETY:0.5
C_PIECESQUARETABLES:0.4777332450656879
C_MOBILITY:0.6106431556756368
C_KINGSAFETY:0.5735797694907562
C_PAWNSTRUCTURE:0.499918165412768
C_PIECECOORDINATION:0.6135308168497035
C_ROOKANDPAWNMOVEMENT:0.6135308168497035
C_CENTERCONTROL:0.37430305917648987
C_DEVELOPPIECES:0.47453168503081367
C_MATERIAL:0.580630367547973
