ELO:988
CE_PASSEDPAWNS:0.3979105146399667
CE_PAWNWEAKNESSES:0.4538253698395628
CE_PIECEACTIVITY:0.5055534717583172
CE_KINGPAWNSHIELD:0.5163824414521608
CE_PIECECOORDINATION:0.6191849270451264
CE_MATERIAL:0.4694181679613265
CE_KINGSAFETY:0.5
C_PIECESQUARETABLES:0.5099631900114714
C_MOBILITY:0.6156591551866423
C_KINGSAFETY:0.5749797919930308
C_PAWNSTRUCTURE:0.62436365227218
C_PIECECOORDINATION:0.6106923271110358
C_ROOKANDPAWNMOVEMENT:0.6106923271110358
C_CENTERCONTROL:0.3852356588848949
C_DEVELOPPIECES:0.5528173797779841
C_MATERIAL:0.5860511022612617
