ELO:987
CE_PASSEDPAWNS:0.3890708556770269
CE_PAWNWEAKNESSES:0.4397749606036245
CE_PIECEACTIVITY:0.4779020112443277
CE_KINGPAWNSHIELD:0.4979914576683308
CE_PIECECOORDINATION:0.6173289017826741
CE_MATERIAL:0.43260339301881345
CE_KINGSAFETY:0.5
C_PIECESQUARETABLES:0.5073486163291333
C_MOBILITY:0.6161609306185186
C_KINGSAFETY:0.5619067869602125
C_PAWNSTRUCTURE:0.609998281342656
C_PIECECOORDINATION:0.6135308168497035
C_ROOKANDPAWNMOVEMENT:0.6135308168497035
C_CENTERCONTROL:0.3840766358345023
C_DEVELOPPIECES:0.5445000421786736
C_MATERIAL:0.5840507293065954
