ELO:987
CE_PASSEDPAWNS:0.5277288571395565
CE_PAWNWEAKNESSES:0.43676396125761996
CE_PIECEACTIVITY:0.5073704402467257
CE_KINGPAWNSHIELD:0.49914419791397174
CE_PIECECOORDINATION:0.6026923812399553
CE_MATERIAL:0.41237886705497595
CE_KINGSAFETY:0.49590739686162666
C_PIECESQUARETABLES:0.5
C_MOBILITY:0.6096578501700374
C_KINGSAFETY:0.5764365774328128
C_PAWNSTRUCTURE:0.62436365227218
C_PIECECOORDINATION:0.613409534463801
C_ROOKANDPAWNMOVEMENT:0.613409534463801
C_CENTERCONTROL:0.3787872266595869
C_DEVELOPPIECES:0.5421507298511069
C_MATERIAL:0.6201906658387899
