ELO:987
CE_PASSEDPAWNS:0.39792981371987557
CE_PAWNWEAKNESSES:0.5234368424269155
CE_PIECEACTIVITY:0.5055534717583172
CE_KINGPAWNSHIELD:0.4764607891854201
CE_PIECECOORDINATION:0.6092782055877115
CE_MATERIAL:0.41717145242441395
CE_KINGSAFETY:0.5
C_PIECESQUARETABLES:0.4927406223130645
C_MOBILITY:0.6106431556756368
C_KINGSAFETY:0.5742475742575268
C_PAWNSTRUCTURE:0.622414669458745
C_PIECECOORDINATION:0.6135308168497035
C_ROOKANDPAWNMOVEMENT:0.6135308168497035
C_CENTERCONTROL:0.3820513722871913
C_DEVELOPPIECES:0.552826066787945
C_MATERIAL:0.586350138018194
