ELO:987
CE_PASSEDPAWNS:0.39792981371987557
CE_PAWNWEAKNESSES:0.4618164842348004
CE_PIECEACTIVITY:0.5001544370491293
CE_KINGPAWNSHIELD:0.5079830321501569
CE_PIECECOORDINATION:0.6170975409221419
CE_MATERIAL:0.4137178457372485
CE_KINGSAFETY:0.5
C_PIECESQUARETABLES:0.4888642240142162
C_MOBILITY:0.6283234545829143
C_KINGSAFETY:0.5176861537968054
C_PAWNSTRUCTURE:0.62436365227218
C_PIECECOORDINATION:0.6194393817090963
C_ROOKANDPAWNMOVEMENT:0.6194393817090963
C_CENTERCONTROL:0.38775289317449596
C_DEVELOPPIECES:0.5680728300512558
C_MATERIAL:0.5825085239311051
