ELO:987
CE_PASSEDPAWNS:0.39792981371987557
CE_PAWNWEAKNESSES:0.43676685696533435
CE_PIECEACTIVITY:0.5139781179319792
CE_KINGPAWNSHIELD:0.491660480279344
CE_PIECECOORDINATION:0.6137105238316691
CE_MATERIAL:0.4089607917343572
CE_KINGSAFETY:0.5
C_PIECESQUARETABLES:0.4920907696034778
C_MOBILITY:0.6157037364311847
C_KINGSAFETY:0.5719561762937481
C_PAWNSTRUCTURE:0.6289042165481391
C_PIECECOORDINATION:0.6135308168497035
C_ROOKANDPAWNMOVEMENT:0.6135308168497035
C_CENTERCONTROL:0.38444832287473446
C_DEVELOPPIECES:0.5460072404860321
C_MATERIAL:0.5857145267725407
