ELO:987
CE_PASSEDPAWNS:0.39792981371987557
CE_PAWNWEAKNESSES:0.4449176979510626
CE_PIECEACTIVITY:0.5975814565428466
CE_KINGPAWNSHIELD:0.4896087497376442
CE_PIECECOORDINATION:0.6015581652013904
CE_MATERIAL:0.41237886705497595
CE_KINGSAFETY:0.48980249203306875
C_PIECESQUARETABLES:0.5017791179396616
C_MOBILITY:0.6000273011470617
C_KINGSAFETY:0.5742475742575268
C_PAWNSTRUCTURE:0.6372811393476904
C_PIECECOORDINATION:0.6072846928273988
C_ROOKANDPAWNMOVEMENT:0.6072846928273988
C_CENTERCONTROL:0.371114874152487
C_DEVELOPPIECES:0.5528173797779841
C_MATERIAL:0.5673582818303446
