ELO:987
CE_PASSEDPAWNS:0.39792981371987557
CE_PAWNWEAKNESSES:0.45008554532495343
CE_PIECEACTIVITY:0.49248154321395915
CE_KINGPAWNSHIELD:0.4969112771905379
CE_PIECECOORDINATION:0.4846973356516632
CE_MATERIAL:0.42262519195422876
CE_KINGSAFETY:0.48788275126964725
C_PIECESQUARETABLES:0.5067270157491095
C_MOBILITY:0.6106431556756368
C_KINGSAFETY:0.5742475742575268
C_PAWNSTRUCTURE:0.619085600604868
C_PIECECOORDINATION:0.6223333653862806
C_ROOKANDPAWNMOVEMENT:0.6223333653862806
C_CENTERCONTROL:0.3791738811592719
C_DEVELOPPIECES:0.5435269400485698
C_MATERIAL:0.6828983766046607
