ELO:994
CE_PASSEDPAWNS:0.5257370245585904
CE_PAWNWEAKNESSES:0.5013255752533312
CE_PIECEACTIVITY:0.5975814565428466
CE_KINGPAWNSHIELD:0.4076561608377238
CE_PIECECOORDINATION:0.5138962178399454
CE_MATERIAL:0.5497834684241157
CE_KINGSAFETY:0.4860819241758551
C_PIECESQUARETABLES:0.48523030454309835
C_MOBILITY:0.580479941274235
C_KINGSAFETY:0.48485296290341323
C_PAWNSTRUCTURE:0.5006281247243053
C_PIECECOORDINATION:0.5562674503149065
C_ROOKANDPAWNMOVEMENT:0.5562674503149065
C_CENTERCONTROL:0.3628208528192532
C_DEVELOPPIECES:0.5167491678807271
C_MATERIAL:0.5831766035462573
