ELO:987
CE_PASSEDPAWNS:0.39792981371987557
CE_PAWNWEAKNESSES:0.44990460662359755
CE_PIECEACTIVITY:0.49017764313782675
CE_KINGPAWNSHIELD:0.5069208213604426
CE_PIECECOORDINATION:0.6092782055877115
CE_MATERIAL:0.41237886705497595
CE_KINGSAFETY:0.49909531821225234
C_PIECESQUARETABLES:0.48976535348559913
C_MOBILITY:0.6037959865431323
C_KINGSAFETY:0.5742475742575268
C_PAWNSTRUCTURE:0.6238215156239383
C_PIECECOORDINATION:0.607476985255473
C_ROOKANDPAWNMOVEMENT:0.607476985255473
C_CENTERCONTROL:0.3890492155289539
C_DEVELOPPIECES:0.4354212939766876
C_MATERIAL:0.5866536899795093
