ELO:987
CE_PASSEDPAWNS:0.40231625774800683
CE_PAWNWEAKNESSES:0.43884146471722235
CE_PIECEACTIVITY:0.5055534717583172
CE_KINGPAWNSHIELD:0.5020862692548882
CE_PIECECOORDINATION:0.44538019471221774
CE_MATERIAL:0.5561775794490093
CE_KINGSAFETY:0.5
C_PIECESQUARETABLES:0.5
C_MOBILITY:0.5003619291052407
C_KINGSAFETY:0.570672422222355
C_PAWNSTRUCTURE:0.6333202464364877
C_PIECECOORDINATION:0.6135308168497035
C_ROOKANDPAWNMOVEMENT:0.6135308168497035
C_CENTERCONTROL:0.37921966025654236
C_DEVELOPPIECES:0.5528173797779841
C_MATERIAL:0.5866536899795093
