ELO:988
CE_PASSEDPAWNS:0.358202736865565
CE_PAWNWEAKNESSES:0.4392946097721566
CE_PIECEACTIVITY:0.5546024565657629
CE_KINGPAWNSHIELD:0.4969112771905379
CE_PIECECOORDINATION:0.6022315767761269
CE_MATERIAL:0.40612605699050397
CE_KINGSAFETY:0.5
C_PIECESQUARETABLES:0.5
C_MOBILITY:0.6111469610767595
C_KINGSAFETY:0.5731529433347424
C_PAWNSTRUCTURE:0.6280118176701796
C_PIECECOORDINATION:0.6028559364668736
C_ROOKANDPAWNMOVEMENT:0.6028559364668736
C_CENTERCONTROL:0.40121302652942425
C_DEVELOPPIECES:0.5392033097689
C_MATERIAL:0.5866536899795093
