ELO:987
CE_PASSEDPAWNS:0.39657969919756414
CE_PAWNWEAKNESSES:0.4404670105899342
CE_PIECEACTIVITY:0.5086871986096095
CE_KINGPAWNSHIELD:0.5034619191325739
CE_PIECECOORDINATION:0.6092782055877115
CE_MATERIAL:0.4082337353431979
CE_KINGSAFETY:0.49065441557648987
C_PIECESQUARETABLES:0.5
C_MOBILITY:0.49816549280442246
C_KINGSAFETY:0.5742475742575268
C_PAWNSTRUCTURE:0.6306316787387327
C_PIECECOORDINATION:0.610282278025674
C_ROOKANDPAWNMOVEMENT:0.610282278025674
C_CENTERCONTROL:0.3791738811592719
C_DEVELOPPIECES:0.559487506734143
C_MATERIAL:0.5966458037996694
