ELO:988
CE_PASSEDPAWNS:0.39792981371987557
CE_PAWNWEAKNESSES:0.5153924372489648
CE_PIECEACTIVITY:0.5098476234371638
CE_KINGPAWNSHIELD:0.4985355285127799
CE_PIECECOORDINATION:0.4535618234084439
CE_MATERIAL:0.4076283336527567
CE_KINGSAFETY:0.4915094491698492
C_PIECESQUARETABLES:0.5
C_MOBILITY:0.5051936863316279
C_KINGSAFETY:0.5746878574604133
C_PAWNSTRUCTURE:0.6105397422343031
C_PIECECOORDINATION:0.6103894034021405
C_ROOKANDPAWNMOVEMENT:0.6103894034021405
C_CENTERCONTROL:0.3757916690287452
C_DEVELOPPIECES:0.5505352799738314
C_MATERIAL:0.5825732595096306
