ELO:987
CE_PASSEDPAWNS:0.40191674130594796
CE_PAWNWEAKNESSES:0.4392061900967662
CE_PIECEACTIVITY:0.5055534717583172
CE_KINGPAWNSHIELD:0.49327742935747465
CE_PIECECOORDINATION:0.6145487211122644
CE_MATERIAL:0.41237886705497595
CE_KINGSAFETY:0.5
C_PIECESQUARETABLES:0.5
C_MOBILITY:0.6098894736337019
C_KINGSAFETY:0.5742475742575268
C_PAWNSTRUCTURE:0.6336356980097388
C_PIECECOORDINATION:0.6135308168497035
C_ROOKANDPAWNMOVEMENT:0.6135308168497035
C_CENTERCONTROL:0.381119733211156
C_DEVELOPPIECES:0.5479010608133196
C_MATERIAL:0.5866564502930511
