ELO:988
CE_PASSEDPAWNS:0.3947942700804792
CE_PAWNWEAKNESSES:0.42416456760923177
CE_PIECEACTIVITY:0.5055534717583172
CE_KINGPAWNSHIELD:0.4969112771905379
CE_PIECECOORDINATION:0.5138962178399454
CE_MATERIAL:0.5030403841932721
CE_KINGSAFETY:0.5
C_PIECESQUARETABLES:0.5
C_MOBILITY:0.6106431556756368
C_KINGSAFETY:0.5717180515516952
C_PAWNSTRUCTURE:0.6259209673902276
C_PIECECOORDINATION:0.49856408791109474
C_ROOKANDPAWNMOVEMENT:0.49856408791109474
C_CENTERCONTROL:0.3976101602692124
C_DEVELOPPIECES:0.5569568685144827
C_MATERIAL:0.690710783743906
