ELO:988
CE_PASSEDPAWNS:0.40114795553880045
CE_PAWNWEAKNESSES:0.43804059842882975
CE_PIECEACTIVITY:0.5594978002495871
CE_KINGPAWNSHIELD:0.47296228941213614
CE_PIECECOORDINATION:0.6144720279660658
CE_MATERIAL:0.41237886705497595
CE_KINGSAFETY:0.5115840269690909
C_PIECESQUARETABLES:0.5004043231522604
C_MOBILITY:0.6028095715097599
C_KINGSAFETY:0.5742475742575268
C_PAWNSTRUCTURE:0.6260019373602326
C_PIECECOORDINATION:0.5562674503149065
C_ROOKANDPAWNMOVEMENT:0.5562674503149065
C_CENTERCONTROL:0.3628208528192532
C_DEVELOPPIECES:0.5528173797779841
C_MATERIAL:0.5866536899795093
