ELO:988
CE_PASSEDPAWNS:0.4074420121161468
CE_PAWNWEAKNESSES:0.4449176979510626
CE_PIECEACTIVITY:0.5055534717583172
CE_KINGPAWNSHIELD:0.5021182306527306
CE_PIECECOORDINATION:0.6260234205290011
CE_MATERIAL:0.40412114666538773
CE_KINGSAFETY:0.502425454960449
C_PIECESQUARETABLES:0.5
C_MOBILITY:0.6011018372443822
C_KINGSAFETY:0.5017663362919055
C_PAWNSTRUCTURE:0.3974960377332616
C_PIECECOORDINATION:0.4455295289066636
C_ROOKANDPAWNMOVEMENT:0.4455295289066636
C_CENTERCONTROL:0.3628208528192532
C_DEVELOPPIECES:0.5634614546335288
C_MATERIAL:0.5820243947168665
