ELO:988
CE_PASSEDPAWNS:0.5368154780610027
CE_PAWNWEAKNESSES:0.5324867503159412
CE_PIECEACTIVITY:0.5055534717583172
CE_KINGPAWNSHIELD:0.41654143786288833
CE_PIECECOORDINATION:0.5945923831985539
CE_MATERIAL:0.5551482070903758
CE_KINGSAFETY:0.512036822125934
C_PIECESQUARETABLES:0.5
C_MOBILITY:0.6134515061320381
C_KINGSAFETY:0.581180200791333
C_PAWNSTRUCTURE:0.62436365227218
C_PIECECOORDINATION:0.6219062452367227
C_ROOKANDPAWNMOVEMENT:0.6219062452367227
C_CENTERCONTROL:0.38880677145601744
C_DEVELOPPIECES:0.5933423053266473
C_MATERIAL:0.6054438987847002
