ELO:988
CE_PASSEDPAWNS:0.5457345729423272
CE_PAWNWEAKNESSES:0.4499136657675947
CE_PIECEACTIVITY:0.5055534717583172
CE_KINGPAWNSHIELD:0.473271664251929
CE_PIECECOORDINATION:0.45456581856772577
CE_MATERIAL:0.4080485901387158
CE_KINGSAFETY:0.48327427525169364
C_PIECESQUARETABLES:0.5050599461899052
C_MOBILITY:0.5001465408952577
C_KINGSAFETY:0.5594239720260957
C_PAWNSTRUCTURE:0.33058355174733
C_PIECECOORDINATION:0.6196878525040417
C_ROOKANDPAWNMOVEMENT:0.6196878525040417
C_CENTERCONTROL:0.3976101602692124
C_DEVELOPPIECES:0.559547699791188
C_MATERIAL:0.6854495077625538
