ELO:996
CE_PASSEDPAWNS:0.5075178636768919
CE_PAWNWEAKNESSES:0.44542974891888637
CE_PIECEACTIVITY:0.5033714149895528
CE_KINGPAWNSHIELD:0.4076561608377238
CE_PIECECOORDINATION:0.5138962178399454
CE_MATERIAL:0.5561775794490093
CE_KINGSAFETY:0.5
C_PIECESQUARETABLES:0.5171026243315038
C_MOBILITY:0.580479941274235
C_KINGSAFETY:0.5742475742575268
C_PAWNSTRUCTURE:0.62436365227218
C_PIECECOORDINATION:0.5437335414708142
C_ROOKANDPAWNMOVEMENT:0.5437335414708142
C_CENTERCONTROL:0.3791738811592719
C_DEVELOPPIECES:0.5167376270506311
C_MATERIAL:0.6201906658387899
