ELO:988
CE_PASSEDPAWNS:0.3486647690250762
CE_PAWNWEAKNESSES:0.45546261098082297
CE_PIECEACTIVITY:0.564683770032199
CE_KINGPAWNSHIELD:0.4599823783373076
CE_PIECECOORDINATION:0.6028125673562079
CE_MATERIAL:0.5653827236492338
CE_KINGSAFETY:0.4943291689277528
C_PIECESQUARETABLES:0.5053512311066741
C_MOBILITY:0.5125480863662673
C_KINGSAFETY:0.5184936742428218
C_PAWNSTRUCTURE:0.3261210790775898
C_PIECECOORDINATION:0.49481266204964397
C_ROOKANDPAWNMOVEMENT:0.49481266204964397
C_CENTERCONTROL:0.3976101602692124
C_DEVELOPPIECES:0.5452845995351192
C_MATERIAL:0.5897455457268254
