ELO:987
CE_PASSEDPAWNS:0.3641581681628902
CE_PAWNWEAKNESSES:0.4449176979510626
CE_PIECEACTIVITY:0.5975814565428466
CE_KINGPAWNSHIELD:0.4969112771905379
CE_PIECECOORDINATION:0.6092782055877115
CE_MATERIAL:0.5125313430690898
CE_KINGSAFETY:0.47716769269672854
C_PIECESQUARETABLES:0.5
C_MOBILITY:0.4955951159991288
C_KINGSAFETY:0.5449560909596148
C_PAWNSTRUCTURE:0.62436365227218
C_PIECECOORDINATION:0.45464813938282267
C_ROOKANDPAWNMOVEMENT:0.45464813938282267
C_CENTERCONTROL:0.35532890144886875
C_DEVELOPPIECES:0.48344206374071397
C_MATERIAL:0.6819981357425864
