ELO:996
CE_PASSEDPAWNS:0.5457345729423272
CE_PAWNWEAKNESSES:0.5077934948575832
CE_PIECEACTIVITY:0.5221510310279257
CE_KINGPAWNSHIELD:0.40720780658408906
CE_PIECECOORDINATION:0.4468210325599575
CE_MATERIAL:0.5586596124508235
CE_KINGSAFETY:0.5
C_PIECESQUARETABLES:0.5
C_MOBILITY:0.6095980377859629
C_KINGSAFETY:0.5742475742575268
C_PAWNSTRUCTURE:0.5006281247243053
C_PIECECOORDINATION:0.5463851192943731
C_ROOKANDPAWNMOVEMENT:0.5463851192943731
C_CENTERCONTROL:0.3628208528192532
C_DEVELOPPIECES:0.5933423053266473
C_MATERIAL:0.5867013494407116
