ELO:965
CE_PASSEDPAWNS:0.39792981371987557
CE_PAWNWEAKNESSES:0.5086530027826172
CE_PIECEACTIVITY:0.5226629644429694
CE_KINGPAWNSHIELD:0.48898541448976207
CE_PIECECOORDINATION:0.4522342858161481
CE_MATERIAL:0.41845344417184516
CE_KINGSAFETY:0.5
C_PIECESQUARETABLES:0.48890612572026876
C_MOBILITY:0.5001465408952577
C_KINGSAFETY:0.5594239720260957
C_PAWNSTRUCTURE:0.3408059937400991
C_PIECECOORDINATION:0.4496542836842455
C_ROOKANDPAWNMOVEMENT:0.4496542836842455
C_CENTERCONTROL:0.36582623379412976
C_DEVELOPPIECES:0.48979916073428403
C_MATERIAL:0.6921624257642893
