ELO:987
CE_PASSEDPAWNS:0.3671258369474086
CE_PAWNWEAKNESSES:0.513340004671264
CE_PIECEACTIVITY:0.5594978002495871
CE_KINGPAWNSHIELD:0.47296228941213614
CE_PIECECOORDINATION:0.4768869579283998
CE_MATERIAL:0.5165516518769769
CE_KINGSAFETY:0.5111494684047735
C_PIECESQUARETABLES:0.491839029760274
C_MOBILITY:0.4937481556001192
C_KINGSAFETY:0.5250912115677565
C_PAWNSTRUCTURE:0.6317966402371517
C_PIECECOORDINATION:0.44135327382864503
C_ROOKANDPAWNMOVEMENT:0.44135327382864503
C_CENTERCONTROL:0.34855400249884977
C_DEVELOPPIECES:0.4847642723234413
C_MATERIAL:0.5866536899795093
