ELO:987
CE_PASSEDPAWNS:0.3555922015666476
CE_PAWNWEAKNESSES:0.5302296476576175
CE_PIECEACTIVITY:0.5594978002495871
CE_KINGPAWNSHIELD:0.4931462005898733
CE_PIECECOORDINATION:0.46544225017118723
CE_MATERIAL:0.46976816747928507
CE_KINGSAFETY:0.4878721471831025
C_PIECESQUARETABLES:0.4939315529734448
C_MOBILITY:0.6046707392554228
C_KINGSAFETY:0.5811965040372822
C_PAWNSTRUCTURE:0.32659486032772983
C_PIECECOORDINATION:0.5562674503149065
C_ROOKANDPAWNMOVEMENT:0.5562674503149065
C_CENTERCONTROL:0.35379386301827825
C_DEVELOPPIECES:0.48772774255252677
C_MATERIAL:0.6899481349559431
