ELO:988
CE_PASSEDPAWNS:0.3671258369474086
CE_PAWNWEAKNESSES:0.42994409955807894
CE_PIECEACTIVITY:0.5594978002495871
CE_KINGPAWNSHIELD:0.4686700525983356
CE_PIECECOORDINATION:0.44538019471221774
CE_MATERIAL:0.5010217792152368
CE_KINGSAFETY:0.5037484951511783
C_PIECESQUARETABLES:0.5108502908320962
C_MOBILITY:0.516862090913773
C_KINGSAFETY:0.5594239720260957
C_PAWNSTRUCTURE:0.31540038814563587
C_PIECECOORDINATION:0.4455295289066636
C_ROOKANDPAWNMOVEMENT:0.4455295289066636
C_CENTERCONTROL:0.3587481201784174
C_DEVELOPPIECES:0.4845692445524867
C_MATERIAL:0.6749565196988668
