ELO:987
CE_PASSEDPAWNS:0.3600548556401296
CE_PAWNWEAKNESSES:0.5215168595664312
CE_PIECEACTIVITY:0.5594978002495871
CE_KINGPAWNSHIELD:0.47296228941213614
CE_PIECECOORDINATION:0.4674548899098897
CE_MATERIAL:0.5112382276891869
CE_KINGSAFETY:0.49047589169815264
C_PIECESQUARETABLES:0.49854221127666254
C_MOBILITY:0.5001465408952577
C_KINGSAFETY:0.5077087654596292
C_PAWNSTRUCTURE:0.32366727568144926
C_PIECECOORDINATION:0.5442670650115635
C_ROOKANDPAWNMOVEMENT:0.5442670650115635
C_CENTERCONTROL:0.35059010161960913
C_DEVELOPPIECES:0.4799209219623094
C_MATERIAL:0.6873164674344195
