ELO:988
CE_PASSEDPAWNS:0.39792981371987557
CE_PAWNWEAKNESSES:0.5070269554873293
CE_PIECEACTIVITY:0.5684232224570448
CE_KINGPAWNSHIELD:0.4744337314802903
CE_PIECECOORDINATION:0.462484633551007
CE_MATERIAL:0.5125313430690898
CE_KINGSAFETY:0.5153344882075231
C_PIECESQUARETABLES:0.5081683139368248
C_MOBILITY:0.49714053685092596
C_KINGSAFETY:0.5481096289048754
C_PAWNSTRUCTURE:0.3402667992837223
C_PIECECOORDINATION:0.4455295289066636
C_ROOKANDPAWNMOVEMENT:0.4455295289066636
C_CENTERCONTROL:0.35748794549039925
C_DEVELOPPIECES:0.48463106472835726
C_MATERIAL:0.5806182599055276
