ELO:988
CE_PASSEDPAWNS:0.36418316807047835
CE_PAWNWEAKNESSES:0.5161028791231135
CE_PIECEACTIVITY:0.5508722169363285
CE_KINGPAWNSHIELD:0.4766789687208074
CE_PIECECOORDINATION:0.46544225017118723
CE_MATERIAL:0.5030516876720516
CE_KINGSAFETY:0.5081910035429555
C_PIECESQUARETABLES:0.500043462113126
C_MOBILITY:0.5000253996437282
C_KINGSAFETY:0.5688794222819037
C_PAWNSTRUCTURE:0.32105185338115894
C_PIECECOORDINATION:0.4452246000516345
C_ROOKANDPAWNMOVEMENT:0.4452246000516345
C_CENTERCONTROL:0.35289792660781133
C_DEVELOPPIECES:0.5050954061419446
C_MATERIAL:0.675702882216438
