ELO:983
CE_PASSEDPAWNS:0.39792981371987557
CE_PAWNWEAKNESSES:0.5100205561036951
CE_PIECEACTIVITY:0.5666542188150495
CE_KINGPAWNSHIELD:0.4969112771905379
CE_PIECECOORDINATION:0.5138962178399454
CE_MATERIAL:0.5030403841932721
CE_KINGSAFETY:0.4777638370397486
C_PIECESQUARETABLES:0.48075961003799506
C_MOBILITY:0.6106431556756368
C_KINGSAFETY:0.5053808096650045
C_PAWNSTRUCTURE:0.4517407120594745
C_PIECECOORDINATION:0.4468798033298093
C_ROOKANDPAWNMOVEMENT:0.4468798033298093
C_CENTERCONTROL:0.35488331713916
C_DEVELOPPIECES:0.4688481152773533
C_MATERIAL:0.6775141439493318
