ELO:980
CE_PASSEDPAWNS:0.35946749191173105
CE_PAWNWEAKNESSES:0.49767540603864135
CE_PIECEACTIVITY:0.5515399148754938
CE_KINGPAWNSHIELD:0.47219130312804836
CE_PIECECOORDINATION:0.48866207665429673
CE_MATERIAL:0.5194893473514953
CE_KINGSAFETY:0.5100551238212464
C_PIECESQUARETABLES:0.5036724693792181
C_MOBILITY:0.49374967057184077
C_KINGSAFETY:0.5594239720260957
C_PAWNSTRUCTURE:0.4983872358225049
C_PIECECOORDINATION:0.4455295289066636
C_ROOKANDPAWNMOVEMENT:0.4455295289066636
C_CENTERCONTROL:0.38211851825908083
C_DEVELOPPIECES:0.5933423053266473
C_MATERIAL:0.5859692747107864
