ELO:988
CE_PASSEDPAWNS:0.36134376579764416
CE_PAWNWEAKNESSES:0.49649833960654227
CE_PIECEACTIVITY:0.5691836041366887
CE_KINGPAWNSHIELD:0.46947981355578766
CE_PIECECOORDINATION:0.4859303694863556
CE_MATERIAL:0.5439487134986946
CE_KINGSAFETY:0.5069013320466601
C_PIECESQUARETABLES:0.5088769909524024
C_MOBILITY:0.48768283738458945
C_KINGSAFETY:0.5504741798136416
C_PAWNSTRUCTURE:0.32659486032772983
C_PIECECOORDINATION:0.5350567576815112
C_ROOKANDPAWNMOVEMENT:0.5350567576815112
C_CENTERCONTROL:0.36665103653738396
C_DEVELOPPIECES:0.4736702048939016
C_MATERIAL:0.6875608415611089
