ELO:979
CE_PASSEDPAWNS:0.5156839845540195
CE_PAWNWEAKNESSES:0.5058790854464017
CE_PIECEACTIVITY:0.5602820114260724
CE_KINGPAWNSHIELD:0.542603462243025
CE_PIECECOORDINATION:0.4753698118609917
CE_MATERIAL:0.5561775794490093
CE_KINGSAFETY:0.4945393318461593
C_PIECESQUARETABLES:0.4995107419168492
C_MOBILITY:0.5836313903895851
C_KINGSAFETY:0.5688874896882732
C_PAWNSTRUCTURE:0.32274252938363024
C_PIECECOORDINATION:0.4406284954606765
C_ROOKANDPAWNMOVEMENT:0.4406284954606765
C_CENTERCONTROL:0.3628208528192532
C_DEVELOPPIECES:0.4850780760784995
C_MATERIAL:0.6832701046132974
