ELO:988
CE_PASSEDPAWNS:0.371120289092516
CE_PAWNWEAKNESSES:0.5001701419295721
CE_PIECEACTIVITY:0.5709335541761889
CE_KINGPAWNSHIELD:0.4658764381642925
CE_PIECECOORDINATION:0.46544225017118723
CE_MATERIAL:0.5008374176628073
CE_KINGSAFETY:0.5
C_PIECESQUARETABLES:0.5
C_MOBILITY:0.4754762488685398
C_KINGSAFETY:0.5794741073098222
C_PAWNSTRUCTURE:0.3172396619146358
C_PIECECOORDINATION:0.4455295289066636
C_ROOKANDPAWNMOVEMENT:0.4455295289066636
C_CENTERCONTROL:0.3658557253186132
C_DEVELOPPIECES:0.48199535303803337
C_MATERIAL:0.6777486508749945
