ELO:980
CE_PASSEDPAWNS:0.3623050546974184
CE_PAWNWEAKNESSES:0.5198557242230323
CE_PIECEACTIVITY:0.5033588472456775
CE_KINGPAWNSHIELD:0.47296228941213614
CE_PIECECOORDINATION:0.4742094053856796
CE_MATERIAL:0.5125313430690898
CE_KINGSAFETY:0.4930570179745517
C_PIECESQUARETABLES:0.5
C_MOBILITY:0.49083643523858195
C_KINGSAFETY:0.56721940767624
C_PAWNSTRUCTURE:0.62436365227218
C_PIECECOORDINATION:0.4455295289066636
C_ROOKANDPAWNMOVEMENT:0.4455295289066636
C_CENTERCONTROL:0.39433812123445383
C_DEVELOPPIECES:0.5190495310353908
C_MATERIAL:0.5854451169980843
