ELO:988
CE_PASSEDPAWNS:0.3634537299845646
CE_PAWNWEAKNESSES:0.51936127987286
CE_PIECEACTIVITY:0.5655484534760812
CE_KINGPAWNSHIELD:0.4628841276558295
CE_PIECECOORDINATION:0.462939039183849
CE_MATERIAL:0.5129894768297174
CE_KINGSAFETY:0.48977849710161686
C_PIECESQUARETABLES:0.4960822753314911
C_MOBILITY:0.5231288867645295
C_KINGSAFETY:0.5594239720260957
C_PAWNSTRUCTURE:0.326646784450363
C_PIECECOORDINATION:0.44137439282231483
C_ROOKANDPAWNMOVEMENT:0.44137439282231483
C_CENTERCONTROL:0.31872954710865375
C_DEVELOPPIECES:0.48463106472835726
C_MATERIAL:0.6828983766046607
