ELO:989
CE_PASSEDPAWNS:0.36024982462421457
CE_PAWNWEAKNESSES:0.4826273605923285
CE_PIECEACTIVITY:0.5975814565428466
CE_KINGPAWNSHIELD:0.5599465954910741
CE_PIECECOORDINATION:0.5138962178399454
CE_MATERIAL:0.48210312489203583
CE_KINGSAFETY:0.5
C_PIECESQUARETABLES:0.5
C_MOBILITY:0.49422902948931685
C_KINGSAFETY:0.5670462589461552
C_PAWNSTRUCTURE:0.33214799389882604
C_PIECECOORDINATION:0.501789302456755
C_ROOKANDPAWNMOVEMENT:0.501789302456755
C_CENTERCONTROL:0.3695351169800371
C_DEVELOPPIECES:0.47468204607091685
C_MATERIAL:0.6977959658190966
