ELO:988
CE_PASSEDPAWNS:0.37846666824909453
CE_PAWNWEAKNESSES:0.4996395172208972
CE_PIECEACTIVITY:0.5200191961325408
CE_KINGPAWNSHIELD:0.46096029950554834
CE_PIECECOORDINATION:0.4572406657114791
CE_MATERIAL:0.5193988439889138
CE_KINGSAFETY:0.49606895947379287
C_PIECESQUARETABLES:0.5
C_MOBILITY:0.4985988966602662
C_KINGSAFETY:0.5594239720260957
C_PAWNSTRUCTURE:0.3302328825779541
C_PIECECOORDINATION:0.44930088813130376
C_ROOKANDPAWNMOVEMENT:0.44930088813130376
C_CENTERCONTROL:0.35488331713916
C_DEVELOPPIECES:0.4919730935329581
C_MATERIAL:0.6828983766046607
