ELO:988
CE_PASSEDPAWNS:0.3625699973582845
CE_PAWNWEAKNESSES:0.5283855813656917
CE_PIECEACTIVITY:0.5309194710271379
CE_KINGPAWNSHIELD:0.4713486378056039
CE_PIECECOORDINATION:0.44787268920760365
CE_MATERIAL:0.5561775794490093
CE_KINGSAFETY:0.49508708520253286
C_PIECESQUARETABLES:0.48024204574853524
C_MOBILITY:0.5102507542125971
C_KINGSAFETY:0.5469672586750381
C_PAWNSTRUCTURE:0.3273983515881112
C_PIECECOORDINATION:0.4492441422296092
C_ROOKANDPAWNMOVEMENT:0.4492441422296092
C_CENTERCONTROL:0.3436334422829403
C_DEVELOPPIECES:0.46996132754162584
C_MATERIAL:0.6921250516996714
