ELO:988
CE_PASSEDPAWNS:0.4997704390275411
CE_PAWNWEAKNESSES:0.4354044031369984
CE_PIECEACTIVITY:0.5581574781266386
CE_KINGPAWNSHIELD:0.4138786619679474
CE_PIECECOORDINATION:0.4597503443884791
CE_MATERIAL:0.5125313430690898
CE_KINGSAFETY:0.4964467591104951
C_PIECESQUARETABLES:0.5225417939558707
C_MOBILITY:0.499487621823604
C_KINGSAFETY:0.5250912115677565
C_PAWNSTRUCTURE:0.4777602832603629
C_PIECECOORDINATION:0.45123980534289604
C_ROOKANDPAWNMOVEMENT:0.45123980534289604
C_CENTERCONTROL:0.3628208528192532
C_DEVELOPPIECES:0.5067495606305472
C_MATERIAL:0.7042726523218301
