ELO:993
CE_PASSEDPAWNS:0.5457345729423272
CE_PAWNWEAKNESSES:0.44542974891888637
CE_PIECEACTIVITY:0.5594978002495871
CE_KINGPAWNSHIELD:0.4186341499011807
CE_PIECECOORDINATION:0.5138962178399454
CE_MATERIAL:0.5132821330604168
CE_KINGSAFETY:0.5
C_PIECESQUARETABLES:0.49924860285780737
C_MOBILITY:0.580479941274235
C_KINGSAFETY:0.5109083274493715
C_PAWNSTRUCTURE:0.3356995783091856
C_PIECECOORDINATION:0.5264757932866189
C_ROOKANDPAWNMOVEMENT:0.5264757932866189
C_CENTERCONTROL:0.40336817311184403
C_DEVELOPPIECES:0.5933423053266473
C_MATERIAL:0.5749735301518053
