ELO:988
CE_PASSEDPAWNS:0.5156839845540195
CE_PAWNWEAKNESSES:0.5128889835512717
CE_PIECEACTIVITY:0.5309515216681107
CE_KINGPAWNSHIELD:0.4076561608377238
CE_PIECECOORDINATION:0.4555514564257611
CE_MATERIAL:0.5546714046896246
CE_KINGSAFETY:0.48785304284742764
C_PIECESQUARETABLES:0.49250272783185156
C_MOBILITY:0.48399067714745575
C_KINGSAFETY:0.5033431182182464
C_PAWNSTRUCTURE:0.5006281247243053
C_PIECECOORDINATION:0.5350567576815112
C_ROOKANDPAWNMOVEMENT:0.5350567576815112
C_CENTERCONTROL:0.42894235410171383
C_DEVELOPPIECES:0.5139180075692859
C_MATERIAL:0.6041676559728533
