ELO:994
CE_PASSEDPAWNS:0.5457345729423272
CE_PAWNWEAKNESSES:0.44542974891888637
CE_PIECEACTIVITY:0.5092754433411194
CE_KINGPAWNSHIELD:0.5599465954910741
CE_PIECECOORDINATION:0.5138962178399454
CE_MATERIAL:0.5532326370772521
CE_KINGSAFETY:0.5
C_PIECESQUARETABLES:0.5009568569514739
C_MOBILITY:0.49402378462374963
C_KINGSAFETY:0.5116030471860703
C_PAWNSTRUCTURE:0.5041701362502654
C_PIECECOORDINATION:0.5562674503149065
C_ROOKANDPAWNMOVEMENT:0.5562674503149065
C_CENTERCONTROL:0.3628208528192532
C_DEVELOPPIECES:0.5183548522812536
C_MATERIAL:0.6773636653524158
