ELO:988
CE_PASSEDPAWNS:0.5277480320275592
CE_PAWNWEAKNESSES:0.5198060297432685
CE_PIECEACTIVITY:0.5160255395595341
CE_KINGPAWNSHIELD:0.3993386953173311
CE_PIECECOORDINATION:0.44538019471221774
CE_MATERIAL:0.5561775794490093
CE_KINGSAFETY:0.49505742641653555
C_PIECESQUARETABLES:0.5
C_MOBILITY:0.5075337925033605
C_KINGSAFETY:0.5135192152896524
C_PAWNSTRUCTURE:0.508010629296095
C_PIECECOORDINATION:0.5302715132955064
C_ROOKANDPAWNMOVEMENT:0.5302715132955064
C_CENTERCONTROL:0.3976101602692124
C_DEVELOPPIECES:0.5010721339910862
C_MATERIAL:0.5859692747107864
