ELO:991
CE_PASSEDPAWNS:0.538173687315261
CE_PAWNWEAKNESSES:0.5128889835512717
CE_PIECEACTIVITY:0.49589754879539055
CE_KINGPAWNSHIELD:0.5599465954910741
CE_PIECECOORDINATION:0.5138962178399454
CE_MATERIAL:0.5030403841932721
CE_KINGSAFETY:0.5097509191516427
C_PIECESQUARETABLES:0.5
C_MOBILITY:0.580479941274235
C_KINGSAFETY:0.5513242675646052
C_PAWNSTRUCTURE:0.49852409443460705
C_PIECECOORDINATION:0.5562674503149065
C_ROOKANDPAWNMOVEMENT:0.5562674503149065
C_CENTERCONTROL:0.3628208528192532
C_DEVELOPPIECES:0.5933423053266473
C_MATERIAL:0.5859692747107864
