ELO:988
CE_PASSEDPAWNS:0.5156839845540195
CE_PAWNWEAKNESSES:0.5128889835512717
CE_PIECEACTIVITY:0.5158871604191864
CE_KINGPAWNSHIELD:0.41366004260652983
CE_PIECECOORDINATION:0.44538019471221774
CE_MATERIAL:0.5626062803599847
CE_KINGSAFETY:0.51156636690422
C_PIECESQUARETABLES:0.4905614200340386
C_MOBILITY:0.49816549280442246
C_KINGSAFETY:0.5027898333886238
C_PAWNSTRUCTURE:0.4917174384411339
C_PIECECOORDINATION:0.5366900996698735
C_ROOKANDPAWNMOVEMENT:0.5366900996698735
C_CENTERCONTROL:0.4032312726827785
C_DEVELOPPIECES:0.47503376464679087
C_MATERIAL:0.5860768609654412
