ELO:988
CE_PASSEDPAWNS:0.5156839845540195
CE_PAWNWEAKNESSES:0.5128889835512717
CE_PIECEACTIVITY:0.5206244701944849
CE_KINGPAWNSHIELD:0.4600781035248139
CE_PIECECOORDINATION:0.43140899423658174
CE_MATERIAL:0.5500389590615852
CE_KINGSAFETY:0.49846932075556466
C_PIECESQUARETABLES:0.5106335876316154
C_MOBILITY:0.49092207688600964
C_KINGSAFETY:0.5018409209626307
C_PAWNSTRUCTURE:0.49929112658659497
C_PIECECOORDINATION:0.5303751182243952
C_ROOKANDPAWNMOVEMENT:0.5303751182243952
C_CENTERCONTROL:0.3979498209678628
C_DEVELOPPIECES:0.5053823400575818
C_MATERIAL:0.5970573370528286
