ELO:993
CE_PASSEDPAWNS:0.5457345729423272
CE_PAWNWEAKNESSES:0.5113375120593417
CE_PIECEACTIVITY:0.5975814565428466
CE_KINGPAWNSHIELD:0.47296228941213614
CE_PIECECOORDINATION:0.4682567518215738
CE_MATERIAL:0.4950456844834119
CE_KINGSAFETY:0.5
C_PIECESQUARETABLES:0.4939141386372841
C_MOBILITY:0.5048799559221799
C_KINGSAFETY:0.5577804440501312
C_PAWNSTRUCTURE:0.3974960377332616
C_PIECECOORDINATION:0.5562674503149065
C_ROOKANDPAWNMOVEMENT:0.5562674503149065
C_CENTERCONTROL:0.3628208528192532
C_DEVELOPPIECES:0.48704770385448476
C_MATERIAL:0.5855014724315591
