ELO:988
CE_PASSEDPAWNS:0.5156839845540195
CE_PAWNWEAKNESSES:0.5106708332464013
CE_PIECEACTIVITY:0.5066636319232648
CE_KINGPAWNSHIELD:0.39854486925931326
CE_PIECECOORDINATION:0.4560611399748295
CE_MATERIAL:0.5561775794490093
CE_KINGSAFETY:0.5109291263535792
C_PIECESQUARETABLES:0.5
C_MOBILITY:0.503973944548427
C_KINGSAFETY:0.5047134359846391
C_PAWNSTRUCTURE:0.5010314828010718
C_PIECECOORDINATION:0.5440951394895868
C_ROOKANDPAWNMOVEMENT:0.5440951394895868
C_CENTERCONTROL:0.4011344492775977
C_DEVELOPPIECES:0.4968200715906562
C_MATERIAL:0.5859692747107864
