ELO:988
CE_PASSEDPAWNS:0.5117420674240114
CE_PAWNWEAKNESSES:0.5166776348376224
CE_PIECEACTIVITY:0.5061402943987013
CE_KINGPAWNSHIELD:0.4076561608377238
CE_PIECECOORDINATION:0.44538019471221774
CE_MATERIAL:0.5485853661872585
CE_KINGSAFETY:0.4781803016598355
C_PIECESQUARETABLES:0.5057612917338478
C_MOBILITY:0.49816549280442246
C_KINGSAFETY:0.5118961167478732
C_PAWNSTRUCTURE:0.5050151542157126
C_PIECECOORDINATION:0.5350567576815112
C_ROOKANDPAWNMOVEMENT:0.5350567576815112
C_CENTERCONTROL:0.4052581011921935
C_DEVELOPPIECES:0.4994548823351694
C_MATERIAL:0.5758012963040124
