ELO:994
CE_PASSEDPAWNS:0.3671258369474086
CE_PAWNWEAKNESSES:0.5260120227856582
CE_PIECEACTIVITY:0.4992808348980651
CE_KINGPAWNSHIELD:0.4076561608377238
CE_PIECECOORDINATION:0.4875123405850348
CE_MATERIAL:0.5030403841932721
CE_KINGSAFETY:0.49966465172565255
C_PIECESQUARETABLES:0.5039728943245182
C_MOBILITY:0.580479941274235
C_KINGSAFETY:0.5555396845641076
C_PAWNSTRUCTURE:0.3974960377332616
C_PIECECOORDINATION:0.45047200169035784
C_ROOKANDPAWNMOVEMENT:0.45047200169035784
C_CENTERCONTROL:0.3628208528192532
C_DEVELOPPIECES:0.5933423053266473
C_MATERIAL:0.5859692747107864
