ELO:988
CE_PASSEDPAWNS:0.5069982789156979
CE_PAWNWEAKNESSES:0.5168024102324037
CE_PIECEACTIVITY:0.5101190841718919
CE_KINGPAWNSHIELD:0.41330952204867455
CE_PIECECOORDINATION:0.45718984411285735
CE_MATERIAL:0.559840137216442
CE_KINGSAFETY:0.5047835745651085
C_PIECESQUARETABLES:0.5
C_MOBILITY:0.4987468968522341
C_KINGSAFETY:0.5099560962720291
C_PAWNSTRUCTURE:0.4936496137347592
C_PIECECOORDINATION:0.5278954268536931
C_ROOKANDPAWNMOVEMENT:0.5278954268536931
C_CENTERCONTROL:0.3912611560088174
C_DEVELOPPIECES:0.5067495606305472
C_MATERIAL:0.5859692747107864
