ELO:988
CE_PASSEDPAWNS:0.5219017291159477
CE_PAWNWEAKNESSES:0.5128889835512717
CE_PIECEACTIVITY:0.5106143058650495
CE_KINGPAWNSHIELD:0.39925036943901965
CE_PIECECOORDINATION:0.4378090876078376
CE_MATERIAL:0.558312866592386
CE_KINGSAFETY:0.5076052998810133
C_PIECESQUARETABLES:0.49360357398082183
C_MOBILITY:0.48714507094887444
C_KINGSAFETY:0.49327227231014414
C_PAWNSTRUCTURE:0.49015088611272395
C_PIECECOORDINATION:0.5224054938398036
C_ROOKANDPAWNMOVEMENT:0.5224054938398036
C_CENTERCONTROL:0.40922995684155616
C_DEVELOPPIECES:0.5067495606305472
C_MATERIAL:0.5915065293938216
