ELO:996
CE_PASSEDPAWNS:0.5210985895356255
CE_PAWNWEAKNESSES:0.44542974891888637
CE_PIECEACTIVITY:0.563988185976193
CE_KINGPAWNSHIELD:0.41814064358575637
CE_PIECECOORDINATION:0.4512971009153325
CE_MATERIAL:0.41237886705497595
CE_KINGSAFETY:0.5087239472723033
C_PIECESQUARETABLES:0.5
C_MOBILITY:0.49175049448995367
C_KINGSAFETY:0.5077087654596292
C_PAWNSTRUCTURE:0.6252974550310533
C_PIECECOORDINATION:0.5260945715499948
C_ROOKANDPAWNMOVEMENT:0.5260945715499948
C_CENTERCONTROL:0.35858337551177144
C_DEVELOPPIECES:0.513449483097617
C_MATERIAL:0.5855459770780688
