ELO:988
CE_PASSEDPAWNS:0.5156839845540195
CE_PAWNWEAKNESSES:0.5128889835512717
CE_PIECEACTIVITY:0.5147464506829702
CE_KINGPAWNSHIELD:0.3843209339443346
CE_PIECECOORDINATION:0.44538019471221774
CE_MATERIAL:0.5640993985863744
CE_KINGSAFETY:0.5089074863293915
C_PIECESQUARETABLES:0.5
C_MOBILITY:0.4987353418410564
C_KINGSAFETY:0.498785558244578
C_PAWNSTRUCTURE:0.5113302306932695
C_PIECECOORDINATION:0.5269481986921654
C_ROOKANDPAWNMOVEMENT:0.5269481986921654
C_CENTERCONTROL:0.4116107614727235
C_DEVELOPPIECES:0.5067495606305472
C_MATERIAL:0.5859692747107864
