ELO:996
CE_PASSEDPAWNS:0.5049576047416146
CE_PAWNWEAKNESSES:0.5230695763460902
CE_PIECEACTIVITY:0.5115517959390631
CE_KINGPAWNSHIELD:0.47296228941213614
CE_PIECECOORDINATION:0.6150913326575678
CE_MATERIAL:0.5466188401148204
CE_KINGSAFETY:0.5137394576711419
C_PIECESQUARETABLES:0.5
C_MOBILITY:0.49816549280442246
C_KINGSAFETY:0.5594239720260957
C_PAWNSTRUCTURE:0.5108255366079476
C_PIECECOORDINATION:0.5350567576815112
C_ROOKANDPAWNMOVEMENT:0.5350567576815112
C_CENTERCONTROL:0.3855078966688143
C_DEVELOPPIECES:0.5067495606305472
C_MATERIAL:0.5859692747107864
