ELO:996
CE_PASSEDPAWNS:0.5457345729423272
CE_PAWNWEAKNESSES:0.5116182732674608
CE_PIECEACTIVITY:0.4993252072845339
CE_KINGPAWNSHIELD:0.49308177199325837
CE_PIECECOORDINATION:0.60597998717024
CE_MATERIAL:0.5588249382610434
CE_KINGSAFETY:0.49471238031293796
C_PIECESQUARETABLES:0.5023352315186386
C_MOBILITY:0.49816549280442246
C_KINGSAFETY:0.5002647536524195
C_PAWNSTRUCTURE:0.46054427260367564
C_PIECECOORDINATION:0.5350567576815112
C_ROOKANDPAWNMOVEMENT:0.5350567576815112
C_CENTERCONTROL:0.3838395752628605
C_DEVELOPPIECES:0.5092147161567365
C_MATERIAL:0.5961268017656108
