ELO:988
CE_PASSEDPAWNS:0.5101139921200475
CE_PAWNWEAKNESSES:0.5177130834399891
CE_PIECEACTIVITY:0.5177599039980534
CE_KINGPAWNSHIELD:0.41139528976133444
CE_PIECECOORDINATION:0.45379494742948934
CE_MATERIAL:0.41237886705497595
CE_KINGSAFETY:0.5117428238865126
C_PIECESQUARETABLES:0.5
C_MOBILITY:0.5009564085809315
C_KINGSAFETY:0.512183802660027
C_PAWNSTRUCTURE:0.5006281247243053
C_PIECECOORDINATION:0.6224246103362719
C_ROOKANDPAWNMOVEMENT:0.6224246103362719
C_CENTERCONTROL:0.39305981408219726
C_DEVELOPPIECES:0.5067495606305472
C_MATERIAL:0.589232933348482
