ELO:996
CE_PASSEDPAWNS:0.5119945598686642
CE_PAWNWEAKNESSES:0.4449176979510626
CE_PIECEACTIVITY:0.5172032485532307
CE_KINGPAWNSHIELD:0.5599465954910741
CE_PIECECOORDINATION:0.44585595427403074
CE_MATERIAL:0.5709368909004146
CE_KINGSAFETY:0.5101288615535733
C_PIECESQUARETABLES:0.5
C_MOBILITY:0.5964803695348339
C_KINGSAFETY:0.5250912115677565
C_PAWNSTRUCTURE:0.49109018987064307
C_PIECECOORDINATION:0.5350567576815112
C_ROOKANDPAWNMOVEMENT:0.5350567576815112
C_CENTERCONTROL:0.38895685937836916
C_DEVELOPPIECES:0.5030842455588501
C_MATERIAL:0.6777741886969546
