ELO:989
CE_PASSEDPAWNS:0.5457345729423272
CE_PAWNWEAKNESSES:0.5104035444136736
CE_PIECEACTIVITY:0.5780135345615245
CE_KINGPAWNSHIELD:0.39884615477818347
CE_PIECECOORDINATION:0.5138962178399454
CE_MATERIAL:0.5183607800283718
CE_KINGSAFETY:0.49318739476768486
C_PIECESQUARETABLES:0.5
C_MOBILITY:0.580479941274235
C_KINGSAFETY:0.5233401840665846
C_PAWNSTRUCTURE:0.3974960377332616
C_PIECECOORDINATION:0.5562674503149065
C_ROOKANDPAWNMOVEMENT:0.5562674503149065
C_CENTERCONTROL:0.42894235410171383
C_DEVELOPPIECES:0.5067198020584739
C_MATERIAL:0.6201906658387899
