ELO:993
CE_PASSEDPAWNS:0.5265521276757834
CE_PAWNWEAKNESSES:0.44542974891888637
CE_PIECEACTIVITY:0.5975814565428466
CE_KINGPAWNSHIELD:0.47296228941213614
CE_PIECECOORDINATION:0.5138962178399454
CE_MATERIAL:0.564259496984769
CE_KINGSAFETY:0.5
C_PIECESQUARETABLES:0.5009925201967671
C_MOBILITY:0.580479941274235
C_KINGSAFETY:0.5854124738006772
C_PAWNSTRUCTURE:0.33766085063894313
C_PIECECOORDINATION:0.4579019557919653
C_ROOKANDPAWNMOVEMENT:0.4579019557919653
C_CENTERCONTROL:0.3628208528192532
C_DEVELOPPIECES:0.5933423053266473
C_MATERIAL:0.6828983766046607
