ELO:991
CE_PASSEDPAWNS:0.5457345729423272
CE_PAWNWEAKNESSES:0.44542974891888637
CE_PIECEACTIVITY:0.5639647078791391
CE_KINGPAWNSHIELD:0.3988130596815317
CE_PIECECOORDINATION:0.46544225017118723
CE_MATERIAL:0.5547328671116138
CE_KINGSAFETY:0.5
C_PIECESQUARETABLES:0.4955937468239863
C_MOBILITY:0.580479941274235
C_KINGSAFETY:0.5252737042996628
C_PAWNSTRUCTURE:0.487125904442712
C_PIECECOORDINATION:0.5350567576815112
C_ROOKANDPAWNMOVEMENT:0.5350567576815112
C_CENTERCONTROL:0.3628208528192532
C_DEVELOPPIECES:0.5933423053266473
C_MATERIAL:0.5866536899795093
