ELO:778
C_CENTERCONTROL:0.3661695607964118
C_DEVELOPPIECES:0.9605642460089981
C_KINGPROTECTION:0.029902028572414092
C_MATERIALANDSAFETY:0.5202451272602285
C_ROOKANDPAWNMOVEMENT:0.9969466277759296
CE_KINGACTIVITY:0.9934743522834526
CE_KINGPROTECTION:0.6041120961769693
CE_MATERIALANDSAFETY:0.9323790913687798
CE_PASSEDPAWNS:0.9241761777124052
