ELO:849
C_CENTERCONTROL:0.03296860506778005
C_DEVELOPPIECES:0.7556846091374734
C_KINGPROTECTION:0.15365074247273897
C_MATERIALANDSAFETY:0.5140528432900827
C_ROOKANDPAWNMOVEMENT:0.3175461200038798
CE_KINGACTIVITY:0.14274453950248558
CE_KINGPROTECTION:0.517527684217744
CE_MATERIALANDSAFETY:0.8369051249720552
CE_PASSEDPAWNS:0.286445989744341
