ELO:772
C_CENTERCONTROL:0.03455826017857442
C_DEVELOPPIECES:0.6833047381417656
C_KINGPROTECTION:0.9995200342490236
C_MATERIALANDSAFETY:0.2831195675255468
C_ROOKANDPAWNMOVEMENT:0.003000383749759858
CE_KINGACTIVITY:0.00982564486622726
CE_KINGPROTECTION:0.3669337219194036
CE_MATERIALANDSAFETY:0.17922208911765244
CE_PASSEDPAWNS:0.26575243388583175
