ELO:893
C_CENTERCONTROL:0.6910136596049659
C_DEVELOPPIECES:0.4850883675227586
C_KINGPROTECTION:0.11309100836127049
C_MATERIALANDSAFETY:0.12179486709026532
C_ROOKANDPAWNMOVEMENT:0.4142868772360206
CE_KINGACTIVITY:0.03932102795311079
CE_KINGPROTECTION:0.19774649890019558
CE_MATERIALANDSAFETY:0.6286369679790831
CE_PASSEDPAWNS:0.879460430510233
