ELO:796
C_CENTERCONTROL:0.8414673236876656
C_DEVELOPPIECES:0.14242962568206408
C_KINGPROTECTION:0.8311596076498142
C_MATERIALANDSAFETY:0.3327402451122681
C_ROOKANDPAWNMOVEMENT:0.036355509669819215
CE_KINGACTIVITY:0.6800896564116327
CE_KINGPROTECTION:0.9024458389192269
CE_MATERIALANDSAFETY:0.9320790010379021
CE_PASSEDPAWNS:0.9755112514067806
