ELO:1003
C_CENTERCONTROL:0.9526929483652334
C_DEVELOPPIECES:0.9618112746762524
C_KINGPROTECTION:0.6034932529937246
C_MATERIALANDSAFETY:0.02266837976964764
C_ROOKANDPAWNMOVEMENT:0.5748142944214698
CE_KINGACTIVITY:0.7680027282996071
CE_KINGPROTECTION:0.27647596176342953
CE_MATERIALANDSAFETY:0.9130177583550487
CE_PASSEDPAWNS:0.900760707837802
