ELO:924
C_CENTERCONTROL:0.37253514761928636
C_DEVELOPPIECES:0.39756993264106194
C_KINGPROTECTION:0.239919655897627
C_MATERIALANDSAFETY:0.32615845248390873
C_ROOKANDPAWNMOVEMENT:0.4627014600065057
CE_KINGACTIVITY:0.7398115099089465
CE_KINGPROTECTION:0.4235965833987551
CE_MATERIALANDSAFETY:0.3184345105394717
CE_PASSEDPAWNS:0.8119175210102376
