ELO:995
C_CENTERCONTROL:0.31510646632618977
C_DEVELOPPIECES:0.2551175009224545
C_KINGPROTECTION:0.6517484112912717
C_MATERIALANDSAFETY:0.10870541961245128
C_ROOKANDPAWNMOVEMENT:0.799265081437817
CE_KINGACTIVITY:0.5789121593674286
CE_KINGPROTECTION:0.10024121131280296
CE_MATERIALANDSAFETY:0.3927313414382636
CE_PASSEDPAWNS:0.1310658181242603
